Sensor Name,Sensor Type,Timestamp,Temperature ( F ),Humidity ( RH ),Dew Point ( F ),Heat Index ( F ),Feels Like,Wind Chill,Barometric Pressure ( INHG ),Accumulated Rain,Wind Speed,Wind Average,Wind Direction,Wired Sensor Temperature,Wired Sensor Humidity,Soil & Liquid Temperature,Water Detected,UV Index,Light Intensity,Measured Light,Lightning Strike Count,Lightning Closest Strike Distance
Back Fence,Temp & Humidity Sensor,2020/11/27 12:00 AM,53.9,96.0,52.8,53.5,,,30.09,,,,,,,,,,,,,
Back Fence,Temp & Humidity Sensor,2020/11/27 12:05 AM,53.9,96.0,52.8,53.5,,,30.09,,,,,,,,,,,,,
Back Fence,Temp & Humidity Sensor,2020/11/27 12:10 AM,54.1,96.0,53.0,53.7,,,30.09,,,,,,,,,,,,,
Back Fence,Temp & Humidity Sensor,2020/11/27 12:15 AM,54.1,96.0,53.0,53.7,,,30.09,,,,,,,,,,,,,
Back Fence,Temp & Humidity Sensor,2020/11/27 12:20 AM,54.3,96.0,53.2,53.9,,,30.09,,,,,,,,,,,,,
Back Fence,Temp & Humidity Sensor,2020/11/27 12:25 AM,54.3,96.0,53.2,53.9,,,30.09,,,,,,,,,,,,,
Back Fence,Temp & Humidity Sensor,2020/11/27 12:30 AM,54.5,96.0,53.4,54.2,,,30.09,,,,,,,,,,,,,
Back Fence,Temp & Humidity Sensor,2020/11/27 12:35 AM,54.5,96.0,53.4,54.2,,,30.09,,,,,,,,,,,,,
Back Fence,Temp & Humidity Sensor,2020/11/27 12:40 AM,54.5,96.0,53.4,54.2,,,30.08,,,,,,,,,,,,,
Back Fence,Temp & Humidity Sensor,2020/11/27 12:45 AM,54.6,96.0,53.5,54.3,,,30.08,,,,,,,,,,,,,
Back Fence,Temp & Humidity Sensor,2020/11/27 12:50 AM,54.6,96.0,53.5,54.3,,,30.09,,,,,,,,,,,,,
Back Fence,Temp & Humidity Sensor,2020/11/27 12:55 AM,54.6,96.0,53.5,54.3,,,30.08,,,,,,,,,,,,,
Back Fence,Temp & Humidity Sensor,2020/11/27 1:00 AM,54.6,96.0,53.5,54.3,,,30.08,,,,,,,,,,,,,
Back Fence,Temp & Humidity Sensor,2020/11/27 1:05 AM,54.6,96.0,53.5,54.3,,,30.09,,,,,,,,,,,,,
Back Fence,Temp & Humidity Sensor,2020/11/27 1:10 AM,54.8,96.0,53.7,54.5,,,30.09,,,,,,,,,,,,,
Back Fence,Temp & Humidity Sensor,2020/11/27 1:15 AM,54.8,96.0,53.7,54.5,,,30.09,,,,,,,,,,,,,
Back Fence,Temp & Humidity Sensor,2020/11/27 1:20 AM,54.8,96.0,53.7,54.5,,,30.09,,,,,,,,,,,,,
Back Fence,Temp & Humidity Sensor,2020/11/27 1:25 AM,55.0,96.0,53.9,54.7,,,30.09,,,,,,,,,,,,,
Back Fence,Temp & Humidity Sensor,2020/11/27 1:30 AM,55.0,96.0,53.9,54.7,,,30.09,,,,,,,,,,,,,
Back Fence,Temp & Humidity Sensor,2020/11/27 1:35 AM,55.0,96.0,53.9,54.7,,,30.09,,,,,,,,,,,,,
Back Fence,Temp & Humidity Sensor,2020/11/27 1:40 AM,55.0,96.0,53.9,54.7,,,30.09,,,,,,,,,,,,,
Back Fence,Temp & Humidity Sensor,2020/11/27 1:45 AM,55.2,96.0,54.1,54.9,,,30.08,,,,,,,,,,,,,
Back Fence,Temp & Humidity Sensor,2020/11/27 1:50 AM,55.2,97.0,54.4,55.0,,,30.08,,,,,,,,,,,,,
Back Fence,Temp & Humidity Sensor,2020/11/27 1:55 AM,55.2,97.0,54.4,55.0,,,30.08,,,,,,,,,,,,,
Back Fence,Temp & Humidity Sensor,2020/11/27 2:00 AM,55.2,97.0,54.4,55.0,,,30.08,,,,,,,,,,,,,
Back Fence,Temp & Humidity Sensor,2020/11/27 2:05 AM,55.4,96.0,54.3,55.2,,,30.08,,,,,,,,,,,,,
Back Fence,Temp & Humidity Sensor,2020/11/27 2:10 AM,55.4,96.0,54.3,55.2,,,30.08,,,,,,,,,,,,,
Back Fence,Temp & Humidity Sensor,2020/11/27 2:15 AM,55.5,96.0,54.4,55.3,,,30.08,,,,,,,,,,,,,
Back Fence,Temp & Humidity Sensor,2020/11/27 2:20 AM,55.5,96.0,54.4,55.3,,,30.08,,,,,,,,,,,,,
Back Fence,Temp & Humidity Sensor,2020/11/27 2:25 AM,55.5,96.0,54.4,55.3,,,30.07,,,,,,,,,,,,,
Back Fence,Temp & Humidity Sensor,2020/11/27 2:30 AM,55.7,96.0,54.6,55.5,,,30.08,,,,,,,,,,,,,
Back Fence,Temp & Humidity Sensor,2020/11/27 2:35 AM,55.7,96.0,54.6,55.5,,,30.08,,,,,,,,,,,,,
Back Fence,Temp & Humidity Sensor,2020/11/27 2:40 AM,55.7,96.0,54.6,55.5,,,30.08,,,,,,,,,,,,,
Back Fence,Temp & Humidity Sensor,2020/11/27 2:45 AM,55.7,96.0,54.6,55.5,,,30.08,,,,,,,,,,,,,
Back Fence,Temp & Humidity Sensor,2020/11/27 2:50 AM,55.9,96.0,54.8,55.7,,,30.08,,,,,,,,,,,,,
Back Fence,Temp & Humidity Sensor,2020/11/27 2:55 AM,55.9,96.0,54.8,55.7,,,30.07,,,,,,,,,,,,,
Back Fence,Temp & Humidity Sensor,2020/11/27 3:00 AM,55.9,96.0,54.8,55.7,,,30.08,,,,,,,,,,,,,
Back Fence,Temp & Humidity Sensor,2020/11/27 3:05 AM,56.1,96.0,55.0,55.9,,,30.08,,,,,,,,,,,,,
Back Fence,Temp & Humidity Sensor,2020/11/27 3:10 AM,56.1,96.0,55.0,55.9,,,30.08,,,,,,,,,,,,,
Back Fence,Temp & Humidity Sensor,2020/11/27 3:15 AM,56.1,96.0,55.0,55.9,,,30.08,,,,,,,,,,,,,
Back Fence,Temp & Humidity Sensor,2020/11/27 3:20 AM,56.1,96.0,55.0,55.9,,,30.07,,,,,,,,,,,,,
Back Fence,Temp & Humidity Sensor,2020/11/27 3:25 AM,56.1,96.0,55.0,55.9,,,30.07,,,,,,,,,,,,,
Back Fence,Temp & Humidity Sensor,2020/11/27 3:30 AM,56.1,96.0,55.0,55.9,,,30.07,,,,,,,,,,,,,
Back Fence,Temp & Humidity Sensor,2020/11/27 3:35 AM,56.1,96.0,55.0,55.9,,,30.07,,,,,,,,,,,,,
Back Fence,Temp & Humidity Sensor,2020/11/27 3:40 AM,56.3,96.0,55.2,56.1,,,30.07,,,,,,,,,,,,,
Back Fence,Temp & Humidity Sensor,2020/11/27 3:45 AM,56.3,96.0,55.2,56.1,,,30.07,,,,,,,,,,,,,
Back Fence,Temp & Humidity Sensor,2020/11/27 3:50 AM,56.3,96.0,55.2,56.1,,,30.07,,,,,,,,,,,,,
Back Fence,Temp & Humidity Sensor,2020/11/27 3:55 AM,56.3,96.0,55.2,56.1,,,30.08,,,,,,,,,,,,,
Back Fence,Temp & Humidity Sensor,2020/11/27 4:00 AM,56.3,96.0,55.2,56.1,,,30.07,,,,,,,,,,,,,
Back Fence,Temp & Humidity Sensor,2020/11/27 4:05 AM,56.3,96.0,55.2,56.1,,,30.07,,,,,,,,,,,,,
Back Fence,Temp & Humidity Sensor,2020/11/27 4:10 AM,56.3,96.0,55.2,56.1,,,30.07,,,,,,,,,,,,,
Back Fence,Temp & Humidity Sensor,2020/11/27 4:15 AM,56.3,96.0,55.2,56.1,,,30.07,,,,,,,,,,,,,
Back Fence,Temp & Humidity Sensor,2020/11/27 4:20 AM,56.4,96.0,55.3,56.3,,,30.07,,,,,,,,,,,,,
Back Fence,Temp & Humidity Sensor,2020/11/27 4:25 AM,56.4,96.0,55.3,56.3,,,30.08,,,,,,,,,,,,,
Back Fence,Temp & Humidity Sensor,2020/11/27 4:30 AM,56.4,96.0,55.3,56.3,,,30.08,,,,,,,,,,,,,
Back Fence,Temp & Humidity Sensor,2020/11/27 4:35 AM,56.4,96.0,55.3,56.3,,,30.08,,,,,,,,,,,,,
Back Fence,Temp & Humidity Sensor,2020/11/27 4:40 AM,56.6,96.0,55.5,56.5,,,30.08,,,,,,,,,,,,,
Back Fence,Temp & Humidity Sensor,2020/11/27 4:45 AM,56.6,96.0,55.5,56.5,,,30.08,,,,,,,,,,,,,
Back Fence,Temp & Humidity Sensor,2020/11/27 4:50 AM,56.6,96.0,55.5,56.5,,,30.08,,,,,,,,,,,,,
Back Fence,Temp & Humidity Sensor,2020/11/27 4:55 AM,56.4,96.0,55.3,56.3,,,30.07,,,,,,,,,,,,,
Back Fence,Temp & Humidity Sensor,2020/11/27 5:00 AM,56.4,96.0,55.3,56.3,,,30.07,,,,,,,,,,,,,
Back Fence,Temp & Humidity Sensor,2020/11/27 5:05 AM,56.4,96.0,55.3,56.3,,,30.07,,,,,,,,,,,,,
Back Fence,Temp & Humidity Sensor,2020/11/27 5:10 AM,56.4,97.0,55.6,56.3,,,30.07,,,,,,,,,,,,,
Back Fence,Temp & Humidity Sensor,2020/11/27 5:15 AM,56.4,97.0,55.6,56.3,,,30.08,,,,,,,,,,,,,
Back Fence,Temp & Humidity Sensor,2020/11/27 5:20 AM,56.4,97.0,55.6,56.3,,,30.07,,,,,,,,,,,,,
Back Fence,Temp & Humidity Sensor,2020/11/27 5:25 AM,56.4,97.0,55.6,56.3,,,30.07,,,,,,,,,,,,,
Back Fence,Temp & Humidity Sensor,2020/11/27 5:30 AM,56.4,97.0,55.6,56.3,,,30.08,,,,,,,,,,,,,
Back Fence,Temp & Humidity Sensor,2020/11/27 5:35 AM,56.3,97.0,55.5,56.2,,,30.07,,,,,,,,,,,,,
Back Fence,Temp & Humidity Sensor,2020/11/27 5:40 AM,56.3,97.0,55.5,56.2,,,30.07,,,,,,,,,,,,,
Back Fence,Temp & Humidity Sensor,2020/11/27 5:45 AM,56.3,97.0,55.5,56.2,,,30.07,,,,,,,,,,,,,
Back Fence,Temp & Humidity Sensor,2020/11/27 5:50 AM,56.3,97.0,55.5,56.2,,,30.07,,,,,,,,,,,,,
Back Fence,Temp & Humidity Sensor,2020/11/27 5:55 AM,56.3,97.0,55.5,56.2,,,30.07,,,,,,,,,,,,,
Back Fence,Temp & Humidity Sensor,2020/11/27 6:00 AM,56.3,97.0,55.5,56.2,,,30.08,,,,,,,,,,,,,
Back Fence,Temp & Humidity Sensor,2020/11/27 6:05 AM,56.3,97.0,55.5,56.2,,,30.08,,,,,,,,,,,,,
Back Fence,Temp & Humidity Sensor,2020/11/27 6:10 AM,56.1,97.0,55.3,56.0,,,30.07,,,,,,,,,,,,,
Back Fence,Temp & Humidity Sensor,2020/11/27 6:15 AM,56.1,97.0,55.3,56.0,,,30.07,,,,,,,,,,,,,
Back Fence,Temp & Humidity Sensor,2020/11/27 6:20 AM,56.1,97.0,55.3,56.0,,,30.08,,,,,,,,,,,,,
Back Fence,Temp & Humidity Sensor,2020/11/27 6:25 AM,56.1,97.0,55.3,56.0,,,30.08,,,,,,,,,,,,,
Back Fence,Temp & Humidity Sensor,2020/11/27 6:30 AM,56.1,97.0,55.3,56.0,,,30.08,,,,,,,,,,,,,
Back Fence,Temp & Humidity Sensor,2020/11/27 6:35 AM,56.1,97.0,55.3,56.0,,,30.08,,,,,,,,,,,,,
Back Fence,Temp & Humidity Sensor,2020/11/27 6:40 AM,56.1,97.0,55.3,56.0,,,30.08,,,,,,,,,,,,,
Back Fence,Temp & Humidity Sensor,2020/11/27 6:45 AM,56.1,97.0,55.3,56.0,,,30.08,,,,,,,,,,,,,
Back Fence,Temp & Humidity Sensor,2020/11/27 6:50 AM,55.9,97.0,55.1,55.7,,,30.09,,,,,,,,,,,,,
Back Fence,Temp & Humidity Sensor,2020/11/27 6:55 AM,55.9,97.0,55.1,55.7,,,30.09,,,,,,,,,,,,,
Back Fence,Temp & Humidity Sensor,2020/11/27 7:00 AM,56.1,97.0,55.3,56.0,,,30.09,,,,,,,,,,,,,
Back Fence,Temp & Humidity Sensor,2020/11/27 7:05 AM,56.1,97.0,55.3,56.0,,,30.09,,,,,,,,,,,,,
Back Fence,Temp & Humidity Sensor,2020/11/27 7:10 AM,56.1,97.0,55.3,56.0,,,30.09,,,,,,,,,,,,,
Back Fence,Temp & Humidity Sensor,2020/11/27 7:15 AM,56.1,97.0,55.3,56.0,,,30.09,,,,,,,,,,,,,
Back Fence,Temp & Humidity Sensor,2020/11/27 7:20 AM,56.1,97.0,55.3,56.0,,,30.09,,,,,,,,,,,,,
Back Fence,Temp & Humidity Sensor,2020/11/27 7:25 AM,56.3,97.0,55.5,56.2,,,30.1,,,,,,,,,,,,,
Back Fence,Temp & Humidity Sensor,2020/11/27 7:30 AM,56.1,97.0,55.3,56.0,,,30.1,,,,,,,,,,,,,
Back Fence,Temp & Humidity Sensor,2020/11/27 7:35 AM,56.3,97.0,55.5,56.2,,,30.1,,,,,,,,,,,,,
Back Fence,Temp & Humidity Sensor,2020/11/27 7:40 AM,56.3,97.0,55.5,56.2,,,30.1,,,,,,,,,,,,,
Back Fence,Temp & Humidity Sensor,2020/11/27 7:45 AM,56.3,97.0,55.5,56.2,,,30.1,,,,,,,,,,,,,
Back Fence,Temp & Humidity Sensor,2020/11/27 7:50 AM,56.6,97.0,55.8,56.5,,,30.1,,,,,,,,,,,,,
Back Fence,Temp & Humidity Sensor,2020/11/27 7:55 AM,56.8,97.0,56.0,56.7,,,30.1,,,,,,,,,,,,,
Back Fence,Temp & Humidity Sensor,2020/11/27 8:00 AM,56.6,97.0,55.8,56.5,,,30.1,,,,,,,,,,,,,
Back Fence,Temp & Humidity Sensor,2020/11/27 8:05 AM,56.4,97.0,55.6,56.3,,,30.1,,,,,,,,,,,,,
Back Fence,Temp & Humidity Sensor,2020/11/27 8:10 AM,56.4,97.0,55.6,56.3,,,30.1,,,,,,,,,,,,,
Back Fence,Temp & Humidity Sensor,2020/11/27 8:15 AM,56.6,97.0,55.8,56.5,,,30.1,,,,,,,,,,,,,
Back Fence,Temp & Humidity Sensor,2020/11/27 8:20 AM,56.6,97.0,55.8,56.5,,,30.1,,,,,,,,,,,,,
Back Fence,Temp & Humidity Sensor,2020/11/27 8:25 AM,56.8,97.0,56.0,56.7,,,30.1,,,,,,,,,,,,,
Back Fence,Temp & Humidity Sensor,2020/11/27 8:30 AM,57.0,97.0,56.2,57.0,,,30.1,,,,,,,,,,,,,
Back Fence,Temp & Humidity Sensor,2020/11/27 8:35 AM,57.2,97.0,56.4,57.2,,,30.1,,,,,,,,,,,,,
Back Fence,Temp & Humidity Sensor,2020/11/27 8:40 AM,57.3,97.0,56.5,57.3,,,30.11,,,,,,,,,,,,,
Back Fence,Temp & Humidity Sensor,2020/11/27 8:45 AM,57.3,97.0,56.5,57.3,,,30.11,,,,,,,,,,,,,
Back Fence,Temp & Humidity Sensor,2020/11/27 8:50 AM,57.7,97.0,56.9,57.7,,,30.11,,,,,,,,,,,,,
Back Fence,Temp & Humidity Sensor,2020/11/27 8:55 AM,58.1,97.0,57.3,58.2,,,30.11,,,,,,,,,,,,,
Back Fence,Temp & Humidity Sensor,2020/11/27 9:00 AM,58.1,97.0,57.3,58.2,,,30.11,,,,,,,,,,,,,
Back Fence,Temp & Humidity Sensor,2020/11/27 9:05 AM,58.4,97.0,57.6,58.5,,,30.11,,,,,,,,,,,,,
Back Fence,Temp & Humidity Sensor,2020/11/27 9:10 AM,58.6,97.0,57.8,58.7,,,30.11,,,,,,,,,,,,,
Back Fence,Temp & Humidity Sensor,2020/11/27 9:15 AM,58.6,97.0,57.8,58.7,,,30.11,,,,,,,,,,,,,
Back Fence,Temp & Humidity Sensor,2020/11/27 9:20 AM,58.8,97.0,57.9,58.9,,,30.11,,,,,,,,,,,,,
Back Fence,Temp & Humidity Sensor,2020/11/27 9:25 AM,59.0,96.0,57.9,59.1,,,30.11,,,,,,,,,,,,,
Back Fence,Temp & Humidity Sensor,2020/11/27 9:30 AM,59.3,96.0,58.2,59.4,,,30.11,,,,,,,,,,,,,
Back Fence,Temp & Humidity Sensor,2020/11/27 9:35 AM,59.3,96.0,58.2,59.4,,,30.11,,,,,,,,,,,,,
Back Fence,Temp & Humidity Sensor,2020/11/27 9:40 AM,59.5,96.0,58.4,59.7,,,30.11,,,,,,,,,,,,,
Back Fence,Temp & Humidity Sensor,2020/11/27 9:45 AM,59.9,96.0,58.8,60.1,,,30.11,,,,,,,,,,,,,
Back Fence,Temp & Humidity Sensor,2020/11/27 9:50 AM,60.0,96.0,58.9,60.2,,,30.12,,,,,,,,,,,,,
Back Fence,Temp & Humidity Sensor,2020/11/27 9:55 AM,60.0,95.0,58.6,60.2,,,30.11,,,,,,,,,,,,,
Back Fence,Temp & Humidity Sensor,2020/11/27 10:00 AM,60.8,95.0,59.4,61.0,,,30.11,,,,,,,,,,,,,
Back Fence,Temp & Humidity Sensor,2020/11/27 10:05 AM,61.3,94.0,59.6,61.5,,,30.11,,,,,,,,,,,,,
Back Fence,Temp & Humidity Sensor,2020/11/27 10:10 AM,61.5,88.0,57.9,61.5,,,30.11,,,,,,,,,,,,,
Back Fence,Temp & Humidity Sensor,2020/11/27 10:15 AM,61.1,88.0,57.5,61.0,,,30.11,,,,,,,,,,,,,
Back Fence,Temp & Humidity Sensor,2020/11/27 10:20 AM,62.4,90.0,59.4,62.6,,,30.11,,,,,,,,,,,,,
Back Fence,Temp & Humidity Sensor,2020/11/27 10:25 AM,62.9,84.0,58.0,62.8,,,30.11,,,,,,,,,,,,,
Back Fence,Temp & Humidity Sensor,2020/11/27 10:30 AM,62.0,87.0,58.1,62.0,,,30.11,,,,,,,,,,,,,
Back Fence,Temp & Humidity Sensor,2020/11/27 10:35 AM,62.0,88.0,58.4,62.0,,,30.11,,,,,,,,,,,,,
Back Fence,Temp & Humidity Sensor,2020/11/27 10:40 AM,63.8,84.0,58.9,63.8,,,30.11,,,,,,,,,,,,,
Back Fence,Temp & Humidity Sensor,2020/11/27 10:45 AM,63.1,79.0,56.5,62.8,,,30.11,,,,,,,,,,,,,
Back Fence,Temp & Humidity Sensor,2020/11/27 10:50 AM,61.8,79.0,55.2,61.4,,,30.11,,,,,,,,,,,,,
Back Fence,Temp & Humidity Sensor,2020/11/27 10:55 AM,61.7,84.0,56.8,61.5,,,30.11,,,,,,,,,,,,,
Back Fence,Temp & Humidity Sensor,2020/11/27 11:00 AM,62.9,82.0,57.3,62.7,,,30.11,,,,,,,,,,,,,
Back Fence,Temp & Humidity Sensor,2020/11/27 11:05 AM,64.0,80.0,57.7,63.9,,,30.1,,,,,,,,,,,,,
Back Fence,Temp & Humidity Sensor,2020/11/27 11:10 AM,63.8,79.0,57.2,63.6,,,30.1,,,,,,,,,,,,,
Back Fence,Temp & Humidity Sensor,2020/11/27 11:15 AM,62.6,83.0,57.4,62.5,,,30.1,,,,,,,,,,,,,
Back Fence,Temp & Humidity Sensor,2020/11/27 11:20 AM,62.2,84.0,57.3,62.1,,,30.1,,,,,,,,,,,,,
Back Fence,Temp & Humidity Sensor,2020/11/27 11:25 AM,62.4,85.0,57.8,62.3,,,30.1,,,,,,,,,,,,,
Back Fence,Temp & Humidity Sensor,2020/11/27 11:30 AM,63.5,83.0,58.2,63.5,,,30.09,,,,,,,,,,,,,
Back Fence,Temp & Humidity Sensor,2020/11/27 11:35 AM,64.0,79.0,57.4,63.8,,,30.09,,,,,,,,,,,,,
Back Fence,Temp & Humidity Sensor,2020/11/27 11:40 AM,63.5,80.0,57.2,63.3,,,30.09,,,,,,,,,,,,,
Back Fence,Temp & Humidity Sensor,2020/11/27 11:45 AM,63.8,78.0,56.8,63.5,,,30.08,,,,,,,,,,,,,
Back Fence,Temp & Humidity Sensor,2020/11/27 11:50 AM,64.4,77.0,57.0,64.2,,,30.08,,,,,,,,,,,,,
Back Fence,Temp & Humidity Sensor,2020/11/27 11:55 AM,66.3,79.0,59.6,66.3,,,30.08,,,,,,,,,,,,,
Back Fence,Temp & Humidity Sensor,2020/11/27 12:00 PM,66.7,68.0,55.8,66.3,,,30.08,,,,,,,,,,,,,
Back Fence,Temp & Humidity Sensor,2020/11/27 12:05 PM,65.4,72.0,56.1,65.0,,,30.08,,,,,,,,,,,,,
Back Fence,Temp & Humidity Sensor,2020/11/27 12:10 PM,64.7,74.0,56.2,64.3,,,30.08,,,,,,,,,,,,,
Back Fence,Temp & Humidity Sensor,2020/11/27 12:15 PM,66.5,73.0,57.6,66.3,,,30.08,,,,,,,,,,,,,
Back Fence,Temp & Humidity Sensor,2020/11/27 12:20 PM,65.3,70.0,55.3,64.8,,,30.08,,,,,,,,,,,,,
Back Fence,Temp & Humidity Sensor,2020/11/27 12:25 PM,64.7,71.0,55.1,64.2,,,30.08,,,,,,,,,,,,,
Back Fence,Temp & Humidity Sensor,2020/11/27 12:30 PM,64.4,72.0,55.2,63.9,,,30.07,,,,,,,,,,,,,
Back Fence,Temp & Humidity Sensor,2020/11/27 12:35 PM,63.6,72.0,54.4,63.0,,,30.08,,,,,,,,,,,,,
Back Fence,Temp & Humidity Sensor,2020/11/27 12:40 PM,63.1,74.0,54.7,62.6,,,30.08,,,,,,,,,,,,,
Back Fence,Temp & Humidity Sensor,2020/11/27 12:45 PM,61.8,77.0,54.5,61.3,,,30.08,,,,,,,,,,,,,
Back Fence,Temp & Humidity Sensor,2020/11/27 12:50 PM,61.5,78.0,54.6,61.0,,,30.08,,,,,,,,,,,,,
Back Fence,Temp & Humidity Sensor,2020/11/27 12:55 PM,61.1,78.0,54.2,60.6,,,30.08,,,,,,,,,,,,,
Back Fence,Temp & Humidity Sensor,2020/11/27 1:00 PM,60.0,78.0,53.1,59.4,,,30.08,,,,,,,,,,,,,
Back Fence,Temp & Humidity Sensor,2020/11/27 1:05 PM,60.8,78.0,53.9,60.2,,,30.07,,,,,,,,,,,,,
Back Fence,Temp & Humidity Sensor,2020/11/27 1:10 PM,62.2,79.0,55.6,61.8,,,30.08,,,,,,,,,,,,,
Back Fence,Temp & Humidity Sensor,2020/11/27 1:15 PM,61.3,75.0,53.3,60.7,,,30.07,,,,,,,,,,,,,
Back Fence,Temp & Humidity Sensor,2020/11/27 1:20 PM,60.4,77.0,53.2,59.8,,,30.07,,,,,,,,,,,,,
Back Fence,Temp & Humidity Sensor,2020/11/27 1:25 PM,61.5,77.0,54.2,61.0,,,30.07,,,,,,,,,,,,,
Back Fence,Temp & Humidity Sensor,2020/11/27 1:30 PM,62.7,72.0,53.5,62.1,,,30.07,,,,,,,,,,,,,
Back Fence,Temp & Humidity Sensor,2020/11/27 1:35 PM,61.5,73.0,52.8,60.8,,,30.07,,,,,,,,,,,,,
Back Fence,Temp & Humidity Sensor,2020/11/27 1:40 PM,63.5,67.0,52.3,62.7,,,30.06,,,,,,,,,,,,,
Back Fence,Temp & Humidity Sensor,2020/11/27 1:45 PM,63.8,70.0,53.8,63.2,,,30.06,,,,,,,,,,,,,
Back Fence,Temp & Humidity Sensor,2020/11/27 1:50 PM,62.0,71.0,52.5,61.2,,,30.06,,,,,,,,,,,,,
Back Fence,Temp & Humidity Sensor,2020/11/27 1:55 PM,61.8,71.0,52.3,61.0,,,30.06,,,,,,,,,,,,,
Back Fence,Temp & Humidity Sensor,2020/11/27 2:00 PM,62.4,73.0,53.6,61.8,,,30.06,,,,,,,,,,,,,
Back Fence,Temp & Humidity Sensor,2020/11/27 2:05 PM,62.6,71.0,53.1,61.9,,,30.05,,,,,,,,,,,,,
Back Fence,Temp & Humidity Sensor,2020/11/27 2:10 PM,62.7,72.0,53.5,62.1,,,30.05,,,,,,,,,,,,,
Back Fence,Temp & Humidity Sensor,2020/11/27 2:15 PM,62.4,70.0,52.5,61.6,,,30.04,,,,,,,,,,,,,
Back Fence,Temp & Humidity Sensor,2020/11/27 2:20 PM,62.0,71.0,52.5,61.2,,,30.03,,,,,,,,,,,,,
Back Fence,Temp & Humidity Sensor,2020/11/27 2:25 PM,62.0,73.0,53.2,61.3,,,30.03,,,,,,,,,,,,,
Back Fence,Temp & Humidity Sensor,2020/11/27 2:30 PM,61.8,74.0,53.4,61.2,,,30.03,,,,,,,,,,,,,
Back Fence,Temp & Humidity Sensor,2020/11/27 2:35 PM,61.8,75.0,53.8,61.2,,,30.03,,,,,,,,,,,,,
Back Fence,Temp & Humidity Sensor,2020/11/27 2:40 PM,61.8,73.0,53.0,61.1,,,30.04,,,,,,,,,,,,,
Back Fence,Temp & Humidity Sensor,2020/11/27 2:45 PM,62.2,74.0,53.8,61.6,,,30.04,,,,,,,,,,,,,
Back Fence,Temp & Humidity Sensor,2020/11/27 2:50 PM,62.2,73.0,53.4,61.6,,,30.04,,,,,,,,,,,,,
Back Fence,Temp & Humidity Sensor,2020/11/27 2:55 PM,62.0,71.0,52.5,61.2,,,30.03,,,,,,,,,,,,,
Back Fence,Temp & Humidity Sensor,2020/11/27 3:00 PM,62.2,70.0,52.3,61.4,,,30.03,,,,,,,,,,,,,
Back Fence,Temp & Humidity Sensor,2020/11/27 3:05 PM,62.0,70.0,52.1,61.2,,,30.03,,,,,,,,,,,,,
Back Fence,Temp & Humidity Sensor,2020/11/27 3:10 PM,62.4,71.0,52.9,61.7,,,30.04,,,,,,,,,,,,,
Back Fence,Temp & Humidity Sensor,2020/11/27 3:15 PM,62.6,70.0,52.7,61.8,,,30.03,,,,,,,,,,,,,
Back Fence,Temp & Humidity Sensor,2020/11/27 3:20 PM,62.6,69.0,52.3,61.8,,,30.04,,,,,,,,,,,,,
Back Fence,Temp & Humidity Sensor,2020/11/27 3:25 PM,61.8,72.0,52.7,61.1,,,30.04,,,,,,,,,,,,,
Back Fence,Temp & Humidity Sensor,2020/11/27 3:30 PM,61.8,71.0,52.3,61.0,,,30.03,,,,,,,,,,,,,
Back Fence,Temp & Humidity Sensor,2020/11/27 3:35 PM,61.3,74.0,52.9,60.6,,,30.03,,,,,,,,,,,,,
Back Fence,Temp & Humidity Sensor,2020/11/27 3:40 PM,61.1,72.0,52.0,60.3,,,30.03,,,,,,,,,,,,,
Back Fence,Temp & Humidity Sensor,2020/11/27 3:45 PM,60.9,72.0,51.8,60.1,,,30.03,,,,,,,,,,,,,
Back Fence,Temp & Humidity Sensor,2020/11/27 3:50 PM,60.8,72.0,51.7,60.0,,,30.03,,,,,,,,,,,,,
Back Fence,Temp & Humidity Sensor,2020/11/27 3:55 PM,60.4,74.0,52.1,59.6,,,30.04,,,,,,,,,,,,,
Back Fence,Temp & Humidity Sensor,2020/11/27 4:00 PM,60.0,74.0,51.7,59.2,,,30.04,,,,,,,,,,,,,
Back Fence,Temp & Humidity Sensor,2020/11/27 4:05 PM,59.7,75.0,51.8,58.9,,,30.04,,,,,,,,,,,,,
Back Fence,Temp & Humidity Sensor,2020/11/27 4:10 PM,59.3,76.0,51.7,58.5,,,30.05,,,,,,,,,,,,,
Back Fence,Temp & Humidity Sensor,2020/11/27 4:15 PM,59.0,77.0,51.8,58.2,,,30.05,,,,,,,,,,,,,
Back Fence,Temp & Humidity Sensor,2020/11/27 4:20 PM,58.6,78.0,51.8,57.8,,,30.05,,,,,,,,,,,,,
Back Fence,Temp & Humidity Sensor,2020/11/27 4:25 PM,58.2,78.0,51.4,57.4,,,30.05,,,,,,,,,,,,,
Back Fence,Temp & Humidity Sensor,2020/11/27 4:30 PM,57.9,79.0,51.4,57.1,,,30.05,,,,,,,,,,,,,
Back Fence,Temp & Humidity Sensor,2020/11/27 4:35 PM,57.7,79.0,51.2,56.9,,,30.05,,,,,,,,,,,,,
Back Fence,Temp & Humidity Sensor,2020/11/27 4:40 PM,57.3,80.0,51.2,56.5,,,30.04,,,,,,,,,,,,,
Back Fence,Temp & Humidity Sensor,2020/11/27 4:45 PM,57.2,80.0,51.1,56.4,,,30.04,,,,,,,,,,,,,
Back Fence,Temp & Humidity Sensor,2020/11/27 4:50 PM,56.6,81.0,50.8,55.8,,,30.04,,,,,,,,,,,,,
Back Fence,Temp & Humidity Sensor,2020/11/27 4:55 PM,56.4,83.0,51.3,55.6,,,30.04,,,,,,,,,,,,,
Back Fence,Temp & Humidity Sensor,2020/11/27 5:00 PM,56.1,83.0,51.0,55.3,,,30.04,,,,,,,,,,,,,
Back Fence,Temp & Humidity Sensor,2020/11/27 5:05 PM,55.7,83.0,50.6,54.9,,,30.04,,,,,,,,,,,,,
Back Fence,Temp & Humidity Sensor,2020/11/27 5:10 PM,55.0,84.0,50.3,54.1,,,30.04,,,,,,,,,,,,,
Back Fence,Temp & Humidity Sensor,2020/11/27 5:15 PM,54.8,85.0,50.4,54.0,,,30.05,,,,,,,,,,,,,
Back Fence,Temp & Humidity Sensor,2020/11/27 5:20 PM,54.8,87.0,51.0,54.1,,,30.05,,,,,,,,,,,,,
Back Fence,Temp & Humidity Sensor,2020/11/27 5:25 PM,54.5,87.0,50.7,53.7,,,30.04,,,,,,,,,,,,,
Back Fence,Temp & Humidity Sensor,2020/11/27 5:30 PM,54.3,89.0,51.1,53.6,,,30.05,,,,,,,,,,,,,
Back Fence,Temp & Humidity Sensor,2020/11/27 5:35 PM,53.7,88.0,50.2,52.9,,,30.04,,,,,,,,,,,,,
Back Fence,Temp & Humidity Sensor,2020/11/27 5:40 PM,53.6,88.0,50.1,52.8,,,30.05,,,,,,,,,,,,,
Back Fence,Temp & Humidity Sensor,2020/11/27 5:45 PM,53.2,88.0,49.7,52.4,,,30.05,,,,,,,,,,,,,
Back Fence,Temp & Humidity Sensor,2020/11/27 5:50 PM,52.8,88.0,49.3,51.9,,,30.05,,,,,,,,,,,,,
Back Fence,Temp & Humidity Sensor,2020/11/27 5:55 PM,52.7,88.0,49.2,51.8,,,30.05,,,,,,,,,,,,,
Back Fence,Temp & Humidity Sensor,2020/11/27 6:00 PM,52.5,88.0,49.0,51.6,,,30.05,,,,,,,,,,,,,
Back Fence,Temp & Humidity Sensor,2020/11/27 6:05 PM,52.1,88.0,48.7,51.1,,,30.05,,,,,,,,,,,,,
Back Fence,Temp & Humidity Sensor,2020/11/27 6:10 PM,52.3,88.0,48.9,51.4,,,30.05,,,,,,,,,,,,,
Back Fence,Temp & Humidity Sensor,2020/11/27 6:15 PM,52.1,88.0,48.7,51.1,,,30.05,,,,,,,,,,,,,
Back Fence,Temp & Humidity Sensor,2020/11/27 6:20 PM,52.1,89.0,49.0,51.2,,,30.05,,,,,,,,,,,,,
Back Fence,Temp & Humidity Sensor,2020/11/27 6:25 PM,51.8,89.0,48.7,50.9,,,30.06,,,,,,,,,,,,,
Back Fence,Temp & Humidity Sensor,2020/11/27 6:30 PM,51.6,89.0,48.5,50.6,,,30.06,,,,,,,,,,,,,
Back Fence,Temp & Humidity Sensor,2020/11/27 6:35 PM,51.6,89.0,48.5,50.6,,,30.06,,,,,,,,,,,,,
Back Fence,Temp & Humidity Sensor,2020/11/27 6:40 PM,51.6,89.0,48.5,50.6,,,30.06,,,,,,,,,,,,,
Back Fence,Temp & Humidity Sensor,2020/11/27 6:45 PM,51.6,90.0,48.8,50.7,,,30.06,,,,,,,,,,,,,
Back Fence,Temp & Humidity Sensor,2020/11/27 6:50 PM,51.4,91.0,48.9,50.5,,,30.06,,,,,,,,,,,,,
Back Fence,Temp & Humidity Sensor,2020/11/27 6:55 PM,51.2,91.0,48.7,50.3,,,30.06,,,,,,,,,,,,,
Back Fence,Temp & Humidity Sensor,2020/11/27 7:00 PM,51.2,90.0,48.4,50.2,,,30.06,,,,,,,,,,,,,
Back Fence,Temp & Humidity Sensor,2020/11/27 7:05 PM,51.0,90.0,48.2,50.0,,,30.07,,,,,,,,,,,,,
Back Fence,Temp & Humidity Sensor,2020/11/27 7:10 PM,50.9,90.0,48.1,49.9,,,30.06,,,,,,,,,,,,,
Back Fence,Temp & Humidity Sensor,2020/11/27 7:15 PM,51.0,92.0,48.8,50.1,,,30.06,,,,,,,,,,,,,
Back Fence,Temp & Humidity Sensor,2020/11/27 7:20 PM,50.9,92.0,48.7,50.0,,,30.06,,,,,,,,,,,,,
Back Fence,Temp & Humidity Sensor,2020/11/27 7:25 PM,50.7,92.0,48.5,49.8,,,30.06,,,,,,,,,,,,,
Back Fence,Temp & Humidity Sensor,2020/11/27 7:30 PM,50.7,92.0,48.5,49.8,,,30.06,,,,,,,,,,,,,
Back Fence,Temp & Humidity Sensor,2020/11/27 7:35 PM,50.7,92.0,48.5,49.8,,,30.06,,,,,,,,,,,,,
Back Fence,Temp & Humidity Sensor,2020/11/27 7:40 PM,50.7,93.0,48.8,49.8,,,30.05,,,,,,,,,,,,,
Back Fence,Temp & Humidity Sensor,2020/11/27 7:45 PM,50.5,93.0,48.6,49.6,,,30.05,,,,,,,,,,,,,
Back Fence,Temp & Humidity Sensor,2020/11/27 7:50 PM,50.1,93.0,48.2,49.2,,,30.05,,,,,,,,,,,,,
Back Fence,Temp & Humidity Sensor,2020/11/27 7:55 PM,50.1,93.0,48.2,49.2,,,30.05,,,,,,,,,,,,,
Back Fence,Temp & Humidity Sensor,2020/11/27 8:00 PM,50.0,93.0,48.1,49.1,,,30.05,,,,,,,,,,,,,
Back Fence,Temp & Humidity Sensor,2020/11/27 8:05 PM,49.8,93.0,47.9,48.9,,,30.05,,,,,,,,,,,,,
Back Fence,Temp & Humidity Sensor,2020/11/27 8:10 PM,49.8,93.0,47.9,48.9,,,30.05,,,,,,,,,,,,,
Back Fence,Temp & Humidity Sensor,2020/11/27 8:15 PM,49.8,93.0,47.9,48.9,,,30.05,,,,,,,,,,,,,
Back Fence,Temp & Humidity Sensor,2020/11/27 8:20 PM,49.8,93.0,47.9,48.9,,,30.06,,,,,,,,,,,,,
Back Fence,Temp & Humidity Sensor,2020/11/27 8:25 PM,49.8,94.0,48.1,48.9,,,30.06,,,,,,,,,,,,,
Back Fence,Temp & Humidity Sensor,2020/11/27 8:30 PM,49.2,94.0,47.5,48.2,,,30.06,,,,,,,,,,,,,
Back Fence,Temp & Humidity Sensor,2020/11/27 8:35 PM,49.1,94.0,47.4,48.1,,,30.06,,,,,,,,,,,,,
Back Fence,Temp & Humidity Sensor,2020/11/27 8:40 PM,49.1,94.0,47.4,48.1,,,30.06,,,,,,,,,,,,,
Back Fence,Temp & Humidity Sensor,2020/11/27 8:45 PM,49.1,94.0,47.4,48.1,,,30.06,,,,,,,,,,,,,
Back Fence,Temp & Humidity Sensor,2020/11/27 8:50 PM,48.9,94.0,47.2,47.9,,,30.06,,,,,,,,,,,,,
Back Fence,Temp & Humidity Sensor,2020/11/27 8:55 PM,48.7,93.0,46.8,47.6,,,30.06,,,,,,,,,,,,,
Back Fence,Temp & Humidity Sensor,2020/11/27 9:00 PM,48.7,93.0,46.8,47.6,,,30.06,,,,,,,,,,,,,
Back Fence,Temp & Humidity Sensor,2020/11/27 9:05 PM,48.5,94.0,46.9,47.5,,,30.06,,,,,,,,,,,,,
Back Fence,Temp & Humidity Sensor,2020/11/27 9:10 PM,48.5,94.0,46.9,47.5,,,30.06,,,,,,,,,,,,,
Back Fence,Temp & Humidity Sensor,2020/11/27 9:15 PM,48.5,94.0,46.9,47.5,,,30.06,,,,,,,,,,,,,
Back Fence,Temp & Humidity Sensor,2020/11/27 9:20 PM,48.2,94.0,46.6,47.1,,,30.06,,,,,,,,,,,,,
Back Fence,Temp & Humidity Sensor,2020/11/27 9:25 PM,48.2,94.0,46.6,47.1,,,30.06,,,,,,,,,,,,,
Back Fence,Temp & Humidity Sensor,2020/11/27 9:30 PM,48.2,94.0,46.6,47.1,,,30.06,,,,,,,,,,,,,
Back Fence,Temp & Humidity Sensor,2020/11/27 9:35 PM,48.0,95.0,46.6,47.0,,,30.06,,,,,,,,,,,,,
Back Fence,Temp & Humidity Sensor,2020/11/27 9:40 PM,48.0,95.0,46.6,47.0,,,30.05,,,,,,,,,,,,,
Back Fence,Temp & Humidity Sensor,2020/11/27 9:45 PM,47.8,95.0,46.4,46.7,,,30.06,,,,,,,,,,,,,
Back Fence,Temp & Humidity Sensor,2020/11/27 9:50 PM,47.6,95.0,46.2,46.5,,,30.06,,,,,,,,,,,,,
Back Fence,Temp & Humidity Sensor,2020/11/27 9:55 PM,47.8,95.0,46.4,46.7,,,30.06,,,,,,,,,,,,,
Back Fence,Temp & Humidity Sensor,2020/11/27 10:00 PM,47.8,95.0,46.4,46.7,,,30.06,,,,,,,,,,,,,
Back Fence,Temp & Humidity Sensor,2020/11/27 10:05 PM,47.8,95.0,46.4,46.7,,,30.06,,,,,,,,,,,,,
Back Fence,Temp & Humidity Sensor,2020/11/27 10:10 PM,47.6,95.0,46.2,46.5,,,30.05,,,,,,,,,,,,,
Back Fence,Temp & Humidity Sensor,2020/11/27 10:15 PM,47.6,95.0,46.2,46.5,,,30.06,,,,,,,,,,,,,
Back Fence,Temp & Humidity Sensor,2020/11/27 10:20 PM,47.6,95.0,46.2,46.5,,,30.06,,,,,,,,,,,,,
Back Fence,Temp & Humidity Sensor,2020/11/27 10:25 PM,47.6,95.0,46.2,46.5,,,30.05,,,,,,,,,,,,,
Back Fence,Temp & Humidity Sensor,2020/11/27 10:30 PM,47.4,96.0,46.3,46.4,,,30.05,,,,,,,,,,,,,
Back Fence,Temp & Humidity Sensor,2020/11/27 10:35 PM,47.4,96.0,46.3,46.4,,,30.05,,,,,,,,,,,,,
Back Fence,Temp & Humidity Sensor,2020/11/27 10:40 PM,47.4,96.0,46.3,46.4,,,30.05,,,,,,,,,,,,,
Back Fence,Temp & Humidity Sensor,2020/11/27 10:45 PM,47.4,95.0,46.0,46.3,,,30.05,,,,,,,,,,,,,
Back Fence,Temp & Humidity Sensor,2020/11/27 10:50 PM,47.4,95.0,46.0,46.3,,,30.05,,,,,,,,,,,,,
Back Fence,Temp & Humidity Sensor,2020/11/27 10:55 PM,47.3,95.0,45.9,46.2,,,30.04,,,,,,,,,,,,,
Back Fence,Temp & Humidity Sensor,2020/11/27 11:00 PM,47.3,95.0,45.9,46.2,,,30.05,,,,,,,,,,,,,
Back Fence,Temp & Humidity Sensor,2020/11/27 11:05 PM,47.3,95.0,45.9,46.2,,,30.05,,,,,,,,,,,,,
Back Fence,Temp & Humidity Sensor,2020/11/27 11:10 PM,47.3,95.0,45.9,46.2,,,30.05,,,,,,,,,,,,,
Back Fence,Temp & Humidity Sensor,2020/11/27 11:15 PM,47.3,96.0,46.2,46.2,,,30.04,,,,,,,,,,,,,
Back Fence,Temp & Humidity Sensor,2020/11/27 11:20 PM,47.3,96.0,46.2,46.2,,,30.04,,,,,,,,,,,,,
Back Fence,Temp & Humidity Sensor,2020/11/27 11:25 PM,47.3,96.0,46.2,46.2,,,30.04,,,,,,,,,,,,,
Back Fence,Temp & Humidity Sensor,2020/11/27 11:30 PM,47.3,96.0,46.2,46.2,,,30.05,,,,,,,,,,,,,
Back Fence,Temp & Humidity Sensor,2020/11/27 11:35 PM,47.3,96.0,46.2,46.2,,,30.05,,,,,,,,,,,,,
Back Fence,Temp & Humidity Sensor,2020/11/27 11:40 PM,47.3,96.0,46.2,46.2,,,30.05,,,,,,,,,,,,,
Back Fence,Temp & Humidity Sensor,2020/11/27 11:45 PM,47.3,95.0,45.9,46.2,,,30.05,,,,,,,,,,,,,
Back Fence,Temp & Humidity Sensor,2020/11/27 11:50 PM,47.3,95.0,45.9,46.2,,,30.05,,,,,,,,,,,,,
Back Fence,Temp & Humidity Sensor,2020/11/27 11:55 PM,47.3,95.0,45.9,46.2,,,30.04,,,,,,,,,,,,,
Back Fence,Temp & Humidity Sensor,2020/11/28 12:00 AM,47.3,96.0,46.2,46.2,,,30.04,,,,,,,,,,,,,
Back Fence,Temp & Humidity Sensor,2020/11/28 12:05 AM,47.3,96.0,46.2,46.2,,,30.04,,,,,,,,,,,,,
Back Fence,Temp & Humidity Sensor,2020/11/28 12:10 AM,47.3,96.0,46.2,46.2,,,30.04,,,,,,,,,,,,,
Back Fence,Temp & Humidity Sensor,2020/11/28 12:15 AM,47.3,96.0,46.2,46.2,,,30.04,,,,,,,,,,,,,
Back Fence,Temp & Humidity Sensor,2020/11/28 12:20 AM,47.3,96.0,46.2,46.2,,,30.04,,,,,,,,,,,,,
Back Fence,Temp & Humidity Sensor,2020/11/28 12:25 AM,47.4,96.0,46.3,46.4,,,30.04,,,,,,,,,,,,,
Back Fence,Temp & Humidity Sensor,2020/11/28 12:30 AM,47.4,96.0,46.3,46.4,,,30.04,,,,,,,,,,,,,
Back Fence,Temp & Humidity Sensor,2020/11/28 12:35 AM,47.4,96.0,46.3,46.4,,,30.04,,,,,,,,,,,,,
Back Fence,Temp & Humidity Sensor,2020/11/28 12:40 AM,47.4,96.0,46.3,46.4,,,30.04,,,,,,,,,,,,,
Back Fence,Temp & Humidity Sensor,2020/11/28 12:45 AM,47.4,96.0,46.3,46.4,,,30.03,,,,,,,,,,,,,
Back Fence,Temp & Humidity Sensor,2020/11/28 12:50 AM,47.4,96.0,46.3,46.4,,,30.03,,,,,,,,,,,,,
Back Fence,Temp & Humidity Sensor,2020/11/28 12:55 AM,47.4,96.0,46.3,46.4,,,30.04,,,,,,,,,,,,,
Back Fence,Temp & Humidity Sensor,2020/11/28 1:00 AM,47.4,96.0,46.3,46.4,,,30.04,,,,,,,,,,,,,
Back Fence,Temp & Humidity Sensor,2020/11/28 1:05 AM,47.4,96.0,46.3,46.4,,,30.04,,,,,,,,,,,,,
Back Fence,Temp & Humidity Sensor,2020/11/28 1:10 AM,47.6,96.0,46.5,46.6,,,30.04,,,,,,,,,,,,,
Back Fence,Temp & Humidity Sensor,2020/11/28 1:15 AM,47.6,96.0,46.5,46.6,,,30.04,,,,,,,,,,,,,
Back Fence,Temp & Humidity Sensor,2020/11/28 1:20 AM,47.6,96.0,46.5,46.6,,,30.04,,,,,,,,,,,,,
Back Fence,Temp & Humidity Sensor,2020/11/28 1:25 AM,47.8,96.0,46.7,46.8,,,30.03,,,,,,,,,,,,,
Back Fence,Temp & Humidity Sensor,2020/11/28 1:30 AM,47.8,96.0,46.7,46.8,,,30.03,,,,,,,,,,,,,
Back Fence,Temp & Humidity Sensor,2020/11/28 1:35 AM,47.6,96.0,46.5,46.6,,,30.04,,,,,,,,,,,,,
Back Fence,Temp & Humidity Sensor,2020/11/28 1:40 AM,47.6,96.0,46.5,46.6,,,30.04,,,,,,,,,,,,,
Back Fence,Temp & Humidity Sensor,2020/11/28 1:45 AM,47.6,96.0,46.5,46.6,,,30.03,,,,,,,,,,,,,
Back Fence,Temp & Humidity Sensor,2020/11/28 1:50 AM,47.6,96.0,46.5,46.6,,,30.03,,,,,,,,,,,,,
Back Fence,Temp & Humidity Sensor,2020/11/28 1:55 AM,47.6,96.0,46.5,46.6,,,30.03,,,,,,,,,,,,,
Back Fence,Temp & Humidity Sensor,2020/11/28 2:00 AM,47.6,97.0,46.8,46.6,,,30.03,,,,,,,,,,,,,
Back Fence,Temp & Humidity Sensor,2020/11/28 2:05 AM,47.6,97.0,46.8,46.6,,,30.03,,,,,,,,,,,,,
Back Fence,Temp & Humidity Sensor,2020/11/28 2:10 AM,47.8,97.0,47.0,46.8,,,30.03,,,,,,,,,,,,,
Back Fence,Temp & Humidity Sensor,2020/11/28 2:15 AM,47.8,97.0,47.0,46.8,,,30.04,,,,,,,,,,,,,
Back Fence,Temp & Humidity Sensor,2020/11/28 2:20 AM,47.8,96.0,46.7,46.8,,,30.04,,,,,,,,,,,,,
Back Fence,Temp & Humidity Sensor,2020/11/28 2:25 AM,47.8,96.0,46.7,46.8,,,30.03,,,,,,,,,,,,,
Back Fence,Temp & Humidity Sensor,2020/11/28 2:30 AM,48.0,96.0,46.9,47.0,,,30.03,,,,,,,,,,,,,
Back Fence,Temp & Humidity Sensor,2020/11/28 2:35 AM,47.8,97.0,47.0,46.8,,,30.03,,,,,,,,,,,,,
Back Fence,Temp & Humidity Sensor,2020/11/28 2:40 AM,47.8,97.0,47.0,46.8,,,30.03,,,,,,,,,,,,,
Back Fence,Temp & Humidity Sensor,2020/11/28 2:45 AM,47.8,97.0,47.0,46.8,,,30.04,,,,,,,,,,,,,
Back Fence,Temp & Humidity Sensor,2020/11/28 2:50 AM,47.8,97.0,47.0,46.8,,,30.03,,,,,,,,,,,,,
Back Fence,Temp & Humidity Sensor,2020/11/28 2:55 AM,48.0,97.0,47.2,47.1,,,30.03,,,,,,,,,,,,,
Back Fence,Temp & Humidity Sensor,2020/11/28 3:00 AM,48.0,97.0,47.2,47.1,,,30.04,,,,,,,,,,,,,
Back Fence,Temp & Humidity Sensor,2020/11/28 3:05 AM,48.0,97.0,47.2,47.1,,,30.04,,,,,,,,,,,,,
Back Fence,Temp & Humidity Sensor,2020/11/28 3:10 AM,48.0,97.0,47.2,47.1,,,30.04,,,,,,,,,,,,,
Back Fence,Temp & Humidity Sensor,2020/11/28 3:15 AM,48.0,97.0,47.2,47.1,,,30.04,,,,,,,,,,,,,
Back Fence,Temp & Humidity Sensor,2020/11/28 3:20 AM,48.2,96.0,47.1,47.2,,,30.04,,,,,,,,,,,,,
Back Fence,Temp & Humidity Sensor,2020/11/28 3:25 AM,48.2,96.0,47.1,47.2,,,30.04,,,,,,,,,,,,,
Back Fence,Temp & Humidity Sensor,2020/11/28 3:30 AM,48.2,96.0,47.1,47.2,,,30.04,,,,,,,,,,,,,
Back Fence,Temp & Humidity Sensor,2020/11/28 3:35 AM,48.2,96.0,47.1,47.2,,,30.04,,,,,,,,,,,,,
Back Fence,Temp & Humidity Sensor,2020/11/28 3:40 AM,48.2,96.0,47.1,47.2,,,30.04,,,,,,,,,,,,,
Back Fence,Temp & Humidity Sensor,2020/11/28 3:45 AM,48.2,96.0,47.1,47.2,,,30.04,,,,,,,,,,,,,
Back Fence,Temp & Humidity Sensor,2020/11/28 3:50 AM,48.2,96.0,47.1,47.2,,,30.04,,,,,,,,,,,,,
Back Fence,Temp & Humidity Sensor,2020/11/28 3:55 AM,48.2,96.0,47.1,47.2,,,30.04,,,,,,,,,,,,,
Back Fence,Temp & Humidity Sensor,2020/11/28 4:00 AM,48.2,96.0,47.1,47.2,,,30.04,,,,,,,,,,,,,
Back Fence,Temp & Humidity Sensor,2020/11/28 4:05 AM,48.2,96.0,47.1,47.2,,,30.04,,,,,,,,,,,,,
Back Fence,Temp & Humidity Sensor,2020/11/28 4:10 AM,48.0,97.0,47.2,47.1,,,30.03,,,,,,,,,,,,,
Back Fence,Temp & Humidity Sensor,2020/11/28 4:15 AM,48.2,96.0,47.1,47.2,,,30.03,,,,,,,,,,,,,
Back Fence,Temp & Humidity Sensor,2020/11/28 4:20 AM,48.0,97.0,47.2,47.1,,,30.03,,,,,,,,,,,,,
Back Fence,Temp & Humidity Sensor,2020/11/28 4:25 AM,48.0,97.0,47.2,47.1,,,30.03,,,,,,,,,,,,,
Back Fence,Temp & Humidity Sensor,2020/11/28 4:30 AM,48.2,96.0,47.1,47.2,,,30.03,,,,,,,,,,,,,
Back Fence,Temp & Humidity Sensor,2020/11/28 4:35 AM,48.2,96.0,47.1,47.2,,,30.03,,,,,,,,,,,,,
Back Fence,Temp & Humidity Sensor,2020/11/28 4:40 AM,48.2,97.0,47.4,47.3,,,30.02,,,,,,,,,,,,,
Back Fence,Temp & Humidity Sensor,2020/11/28 4:45 AM,48.2,97.0,47.4,47.3,,,30.02,,,,,,,,,,,,,
Back Fence,Temp & Humidity Sensor,2020/11/28 4:50 AM,48.2,96.0,47.1,47.2,,,30.02,,,,,,,,,,,,,
Back Fence,Temp & Humidity Sensor,2020/11/28 4:55 AM,48.2,97.0,47.4,47.3,,,30.02,,,,,,,,,,,,,
Back Fence,Temp & Humidity Sensor,2020/11/28 5:00 AM,48.2,97.0,47.4,47.3,,,30.02,,,,,,,,,,,,,
Back Fence,Temp & Humidity Sensor,2020/11/28 5:05 AM,48.2,97.0,47.4,47.3,,,30.02,,,,,,,,,,,,,
Back Fence,Temp & Humidity Sensor,2020/11/28 5:10 AM,48.3,97.0,47.5,47.4,,,30.03,,,,,,,,,,,,,
Back Fence,Temp & Humidity Sensor,2020/11/28 5:15 AM,48.5,97.0,47.7,47.6,,,30.03,,,,,,,,,,,,,
Back Fence,Temp & Humidity Sensor,2020/11/28 5:20 AM,48.5,97.0,47.7,47.6,,,30.03,,,,,,,,,,,,,
Back Fence,Temp & Humidity Sensor,2020/11/28 5:25 AM,48.5,97.0,47.7,47.6,,,30.04,,,,,,,,,,,,,
Back Fence,Temp & Humidity Sensor,2020/11/28 5:35 AM,48.7,97.0,47.9,47.8,,,30.03,,,,,,,,,,,,,
Back Fence,Temp & Humidity Sensor,2020/11/28 5:40 AM,48.7,97.0,47.9,47.8,,,30.04,,,,,,,,,,,,,
Back Fence,Temp & Humidity Sensor,2020/11/28 5:45 AM,48.7,97.0,47.9,47.8,,,30.04,,,,,,,,,,,,,
Back Fence,Temp & Humidity Sensor,2020/11/28 5:50 AM,48.7,97.0,47.9,47.8,,,30.05,,,,,,,,,,,,,
Back Fence,Temp & Humidity Sensor,2020/11/28 5:55 AM,48.9,97.0,48.1,48.0,,,30.05,,,,,,,,,,,,,
Back Fence,Temp & Humidity Sensor,2020/11/28 6:00 AM,49.1,97.0,48.3,48.3,,,30.05,,,,,,,,,,,,,
Back Fence,Temp & Humidity Sensor,2020/11/28 6:05 AM,49.1,97.0,48.3,48.3,,,30.06,,,,,,,,,,,,,
Back Fence,Temp & Humidity Sensor,2020/11/28 6:10 AM,49.2,97.0,48.4,48.4,,,30.06,,,,,,,,,,,,,
Back Fence,Temp & Humidity Sensor,2020/11/28 6:15 AM,49.2,97.0,48.4,48.4,,,30.06,,,,,,,,,,,,,
Back Fence,Temp & Humidity Sensor,2020/11/28 6:20 AM,49.4,97.0,48.6,48.6,,,30.07,,,,,,,,,,,,,
Back Fence,Temp & Humidity Sensor,2020/11/28 6:25 AM,49.4,97.0,48.6,48.6,,,30.07,,,,,,,,,,,,,
Back Fence,Temp & Humidity Sensor,2020/11/28 6:30 AM,49.4,97.0,48.6,48.6,,,30.07,,,,,,,,,,,,,
Back Fence,Temp & Humidity Sensor,2020/11/28 6:35 AM,49.4,97.0,48.6,48.6,,,30.07,,,,,,,,,,,,,
Back Fence,Temp & Humidity Sensor,2020/11/28 6:40 AM,49.4,97.0,48.6,48.6,,,30.07,,,,,,,,,,,,,
Back Fence,Temp & Humidity Sensor,2020/11/28 6:45 AM,49.4,97.0,48.6,48.6,,,30.07,,,,,,,,,,,,,
Back Fence,Temp & Humidity Sensor,2020/11/28 6:50 AM,49.4,97.0,48.6,48.6,,,30.07,,,,,,,,,,,,,
Back Fence,Temp & Humidity Sensor,2020/11/28 6:55 AM,49.6,97.0,48.8,48.8,,,30.08,,,,,,,,,,,,,
Back Fence,Temp & Humidity Sensor,2020/11/28 7:00 AM,49.6,97.0,48.8,48.8,,,30.08,,,,,,,,,,,,,
Back Fence,Temp & Humidity Sensor,2020/11/28 7:05 AM,49.8,97.0,49.0,49.0,,,30.08,,,,,,,,,,,,,
Back Fence,Temp & Humidity Sensor,2020/11/28 7:10 AM,49.8,97.0,49.0,49.0,,,30.09,,,,,,,,,,,,,
Back Fence,Temp & Humidity Sensor,2020/11/28 7:15 AM,50.0,96.0,48.9,49.2,,,30.09,,,,,,,,,,,,,
Back Fence,Temp & Humidity Sensor,2020/11/28 7:20 AM,50.0,96.0,48.9,49.2,,,30.09,,,,,,,,,,,,,
Back Fence,Temp & Humidity Sensor,2020/11/28 7:25 AM,50.1,96.0,49.0,49.3,,,30.09,,,,,,,,,,,,,
Back Fence,Temp & Humidity Sensor,2020/11/28 7:30 AM,50.1,96.0,49.0,49.3,,,30.1,,,,,,,,,,,,,
Back Fence,Temp & Humidity Sensor,2020/11/28 7:35 AM,50.1,96.0,49.0,49.3,,,30.09,,,,,,,,,,,,,
Back Fence,Temp & Humidity Sensor,2020/11/28 7:40 AM,50.1,96.0,49.0,49.3,,,30.1,,,,,,,,,,,,,
Back Fence,Temp & Humidity Sensor,2020/11/28 7:45 AM,50.0,96.0,48.9,49.2,,,30.1,,,,,,,,,,,,,
Back Fence,Temp & Humidity Sensor,2020/11/28 7:50 AM,50.1,96.0,49.0,49.3,,,30.1,,,,,,,,,,,,,
Back Fence,Temp & Humidity Sensor,2020/11/28 7:55 AM,50.1,96.0,49.0,49.3,,,30.1,,,,,,,,,,,,,
Back Fence,Temp & Humidity Sensor,2020/11/28 8:00 AM,50.1,96.0,49.0,49.3,,,30.1,,,,,,,,,,,,,
Back Fence,Temp & Humidity Sensor,2020/11/28 8:05 AM,50.1,96.0,49.0,49.3,,,30.1,,,,,,,,,,,,,
Back Fence,Temp & Humidity Sensor,2020/11/28 8:10 AM,50.3,96.0,49.2,49.5,,,30.11,,,,,,,,,,,,,
Back Fence,Temp & Humidity Sensor,2020/11/28 8:15 AM,50.5,96.0,49.4,49.8,,,30.11,,,,,,,,,,,,,
Back Fence,Temp & Humidity Sensor,2020/11/28 8:20 AM,50.7,96.0,49.6,50.0,,,30.11,,,,,,,,,,,,,
Back Fence,Temp & Humidity Sensor,2020/11/28 8:25 AM,50.7,96.0,49.6,50.0,,,30.11,,,,,,,,,,,,,
Back Fence,Temp & Humidity Sensor,2020/11/28 8:30 AM,50.7,96.0,49.6,50.0,,,30.11,,,,,,,,,,,,,
Back Fence,Temp & Humidity Sensor,2020/11/28 8:35 AM,50.9,96.0,49.8,50.2,,,30.11,,,,,,,,,,,,,
Back Fence,Temp & Humidity Sensor,2020/11/28 8:40 AM,51.2,96.0,50.1,50.5,,,30.12,,,,,,,,,,,,,
Back Fence,Temp & Humidity Sensor,2020/11/28 8:45 AM,51.6,96.0,50.5,51.0,,,30.11,,,,,,,,,,,,,
Back Fence,Temp & Humidity Sensor,2020/11/28 8:50 AM,51.9,96.0,50.8,51.3,,,30.11,,,,,,,,,,,,,
Back Fence,Temp & Humidity Sensor,2020/11/28 8:55 AM,52.1,96.0,51.0,51.5,,,30.12,,,,,,,,,,,,,
Back Fence,Temp & Humidity Sensor,2020/11/28 9:00 AM,52.1,96.0,51.0,51.5,,,30.13,,,,,,,,,,,,,
Back Fence,Temp & Humidity Sensor,2020/11/28 9:05 AM,52.3,96.0,51.2,51.7,,,30.13,,,,,,,,,,,,,
Back Fence,Temp & Humidity Sensor,2020/11/28 9:10 AM,52.5,96.0,51.4,52.0,,,30.13,,,,,,,,,,,,,
Back Fence,Temp & Humidity Sensor,2020/11/28 9:15 AM,52.8,96.0,51.7,52.3,,,30.13,,,,,,,,,,,,,
Back Fence,Temp & Humidity Sensor,2020/11/28 9:20 AM,53.6,95.0,52.2,53.1,,,30.12,,,,,,,,,,,,,
Back Fence,Temp & Humidity Sensor,2020/11/28 9:25 AM,54.1,95.0,52.7,53.7,,,30.13,,,,,,,,,,,,,
Back Fence,Temp & Humidity Sensor,2020/11/28 9:30 AM,54.6,95.0,53.2,54.2,,,30.13,,,,,,,,,,,,,
Back Fence,Temp & Humidity Sensor,2020/11/28 9:35 AM,55.4,94.0,53.7,55.1,,,30.13,,,,,,,,,,,,,
Back Fence,Temp & Humidity Sensor,2020/11/28 9:40 AM,56.1,94.0,54.4,55.8,,,30.13,,,,,,,,,,,,,
Back Fence,Temp & Humidity Sensor,2020/11/28 9:45 AM,56.4,93.0,54.4,56.1,,,30.13,,,,,,,,,,,,,
Back Fence,Temp & Humidity Sensor,2020/11/28 9:50 AM,56.8,91.0,54.2,56.5,,,30.13,,,,,,,,,,,,,
Back Fence,Temp & Humidity Sensor,2020/11/28 9:55 AM,57.2,84.0,52.4,56.6,,,30.13,,,,,,,,,,,,,
Back Fence,Temp & Humidity Sensor,2020/11/28 10:00 AM,57.7,87.0,53.9,57.3,,,30.13,,,,,,,,,,,,,
Back Fence,Temp & Humidity Sensor,2020/11/28 10:05 AM,57.7,85.0,53.2,57.2,,,30.13,,,,,,,,,,,,,
Back Fence,Temp & Humidity Sensor,2020/11/28 10:10 AM,57.5,86.0,53.3,57.0,,,30.13,,,,,,,,,,,,,
Back Fence,Temp & Humidity Sensor,2020/11/28 10:15 AM,57.7,86.0,53.5,57.2,,,30.13,,,,,,,,,,,,,
Back Fence,Temp & Humidity Sensor,2020/11/28 10:20 AM,58.2,77.0,51.0,57.3,,,30.13,,,,,,,,,,,,,
Back Fence,Temp & Humidity Sensor,2020/11/28 10:25 AM,58.4,79.0,51.9,57.7,,,30.13,,,,,,,,,,,,,
Back Fence,Temp & Humidity Sensor,2020/11/28 10:30 AM,59.5,69.0,49.3,58.4,,,30.12,,,,,,,,,,,,,
Back Fence,Temp & Humidity Sensor,2020/11/28 10:35 AM,61.1,76.0,53.5,60.5,,,30.12,,,,,,,,,,,,,
Back Fence,Temp & Humidity Sensor,2020/11/28 10:40 AM,61.5,77.0,54.2,61.0,,,30.12,,,,,,,,,,,,,
Back Fence,Temp & Humidity Sensor,2020/11/28 10:45 AM,60.9,69.0,50.7,59.9,,,30.12,,,,,,,,,,,,,
Back Fence,Temp & Humidity Sensor,2020/11/28 10:50 AM,60.4,71.0,51.0,59.5,,,30.12,,,,,,,,,,,,,
Back Fence,Temp & Humidity Sensor,2020/11/28 10:55 AM,60.8,73.0,52.1,60.0,,,30.12,,,,,,,,,,,,,
Back Fence,Temp & Humidity Sensor,2020/11/28 11:00 AM,60.2,67.0,49.2,59.1,,,30.12,,,,,,,,,,,,,
Back Fence,Temp & Humidity Sensor,2020/11/28 11:05 AM,60.2,71.0,50.8,59.3,,,30.11,,,,,,,,,,,,,
Back Fence,Temp & Humidity Sensor,2020/11/28 11:10 AM,60.4,61.0,46.9,59.0,,,30.11,,,,,,,,,,,,,
Back Fence,Temp & Humidity Sensor,2020/11/28 11:15 AM,60.2,60.0,46.3,58.7,,,30.11,,,,,,,,,,,,,
Back Fence,Temp & Humidity Sensor,2020/11/28 11:20 AM,60.4,62.0,47.3,59.1,,,30.11,,,,,,,,,,,,,
Back Fence,Temp & Humidity Sensor,2020/11/28 11:25 AM,60.8,57.0,45.5,59.3,,,30.1,,,,,,,,,,,,,
Back Fence,Temp & Humidity Sensor,2020/11/28 11:30 AM,60.9,60.0,46.9,59.5,,,30.1,,,,,,,,,,,,,
Back Fence,Temp & Humidity Sensor,2020/11/28 11:35 AM,61.1,60.0,47.1,59.7,,,30.09,,,,,,,,,,,,,
Back Fence,Temp & Humidity Sensor,2020/11/28 11:40 AM,61.5,60.0,47.5,60.2,,,30.1,,,,,,,,,,,,,
Back Fence,Temp & Humidity Sensor,2020/11/28 11:45 AM,62.4,64.0,50.1,61.3,,,30.09,,,,,,,,,,,,,
Back Fence,Temp & Humidity Sensor,2020/11/28 11:50 AM,63.6,54.0,46.6,62.2,,,30.09,,,,,,,,,,,,,
Back Fence,Temp & Humidity Sensor,2020/11/28 11:55 AM,64.7,53.0,47.2,63.4,,,30.09,,,,,,,,,,,,,
Back Fence,Temp & Humidity Sensor,2020/11/28 12:00 PM,65.4,51.0,46.8,64.0,,,30.09,,,,,,,,,,,,,
Back Fence,Temp & Humidity Sensor,2020/11/28 12:05 PM,66.3,54.0,49.1,65.2,,,30.09,,,,,,,,,,,,,
Back Fence,Temp & Humidity Sensor,2020/11/28 12:10 PM,67.2,51.0,48.5,66.0,,,30.08,,,,,,,,,,,,,
Back Fence,Temp & Humidity Sensor,2020/11/28 12:15 PM,68.5,46.0,46.9,67.2,,,30.08,,,,,,,,,,,,,
Back Fence,Temp & Humidity Sensor,2020/11/28 12:20 PM,68.0,49.0,48.1,66.8,,,30.08,,,,,,,,,,,,,
Back Fence,Temp & Humidity Sensor,2020/11/28 12:25 PM,66.5,47.0,45.6,65.1,,,30.08,,,,,,,,,,,,,
Back Fence,Temp & Humidity Sensor,2020/11/28 12:30 PM,65.8,50.0,46.6,64.4,,,30.08,,,,,,,,,,,,,
Back Fence,Temp & Humidity Sensor,2020/11/28 12:35 PM,65.8,49.0,46.1,64.4,,,30.08,,,,,,,,,,,,,
Back Fence,Temp & Humidity Sensor,2020/11/28 12:40 PM,66.5,44.0,43.9,64.9,,,30.08,,,,,,,,,,,,,
Back Fence,Temp & Humidity Sensor,2020/11/28 12:45 PM,65.8,43.0,42.7,64.1,,,30.08,,,,,,,,,,,,,
Back Fence,Temp & Humidity Sensor,2020/11/28 12:50 PM,66.5,44.0,43.9,64.9,,,30.07,,,,,,,,,,,,,
Back Fence,Temp & Humidity Sensor,2020/11/28 12:55 PM,67.6,47.0,46.6,66.3,,,30.08,,,,,,,,,,,,,
Back Fence,Temp & Humidity Sensor,2020/11/28 1:00 PM,66.3,44.0,43.7,64.7,,,30.08,,,,,,,,,,,,,
Back Fence,Temp & Humidity Sensor,2020/11/28 1:05 PM,66.7,44.0,44.1,65.1,,,30.08,,,,,,,,,,,,,
Back Fence,Temp & Humidity Sensor,2020/11/28 1:10 PM,67.4,43.0,44.1,65.9,,,30.08,,,,,,,,,,,,,
Back Fence,Temp & Humidity Sensor,2020/11/28 1:15 PM,65.8,42.0,42.1,64.1,,,30.08,,,,,,,,,,,,,
Back Fence,Temp & Humidity Sensor,2020/11/28 1:20 PM,64.9,43.0,41.9,63.1,,,30.08,,,,,,,,,,,,,
Back Fence,Temp & Humidity Sensor,2020/11/28 1:25 PM,65.8,43.0,42.7,64.1,,,30.08,,,,,,,,,,,,,
Back Fence,Temp & Humidity Sensor,2020/11/28 1:30 PM,68.3,42.0,44.3,66.8,,,30.07,,,,,,,,,,,,,
Back Fence,Temp & Humidity Sensor,2020/11/28 1:35 PM,66.5,44.0,43.9,64.9,,,30.07,,,,,,,,,,,,,
Back Fence,Temp & Humidity Sensor,2020/11/28 1:40 PM,67.1,41.0,42.6,65.4,,,30.08,,,,,,,,,,,,,
Back Fence,Temp & Humidity Sensor,2020/11/28 1:45 PM,68.0,40.0,42.8,66.4,,,30.07,,,,,,,,,,,,,
Back Fence,Temp & Humidity Sensor,2020/11/28 1:50 PM,66.3,43.0,43.1,64.7,,,30.07,,,,,,,,,,,,,
Back Fence,Temp & Humidity Sensor,2020/11/28 1:55 PM,66.2,42.0,42.4,64.5,,,30.07,,,,,,,,,,,,,
Back Fence,Temp & Humidity Sensor,2020/11/28 2:00 PM,65.6,42.0,41.9,63.8,,,30.07,,,,,,,,,,,,,
Back Fence,Temp & Humidity Sensor,2020/11/28 2:05 PM,65.8,43.0,42.7,64.1,,,30.07,,,,,,,,,,,,,
Back Fence,Temp & Humidity Sensor,2020/11/28 2:10 PM,65.3,42.0,41.6,63.5,,,30.07,,,,,,,,,,,,,
Back Fence,Temp & Humidity Sensor,2020/11/28 2:15 PM,65.3,42.0,41.6,63.5,,,30.07,,,,,,,,,,,,,
Back Fence,Temp & Humidity Sensor,2020/11/28 2:20 PM,64.7,43.0,41.7,62.9,,,30.07,,,,,,,,,,,,,
Back Fence,Temp & Humidity Sensor,2020/11/28 2:25 PM,64.4,43.0,41.4,62.6,,,30.07,,,,,,,,,,,,,
Back Fence,Temp & Humidity Sensor,2020/11/28 2:30 PM,64.0,44.0,41.6,62.2,,,30.07,,,,,,,,,,,,,
Back Fence,Temp & Humidity Sensor,2020/11/28 2:35 PM,64.0,44.0,41.6,62.2,,,30.07,,,,,,,,,,,,,
Back Fence,Temp & Humidity Sensor,2020/11/28 2:40 PM,63.8,43.0,40.9,61.9,,,30.07,,,,,,,,,,,,,
Back Fence,Temp & Humidity Sensor,2020/11/28 2:45 PM,64.0,43.0,41.1,62.1,,,30.07,,,,,,,,,,,,,
Back Fence,Temp & Humidity Sensor,2020/11/28 2:50 PM,64.0,43.0,41.1,62.1,,,30.07,,,,,,,,,,,,,
Back Fence,Temp & Humidity Sensor,2020/11/28 2:55 PM,63.6,44.0,41.3,61.7,,,30.07,,,,,,,,,,,,,
Back Fence,Temp & Humidity Sensor,2020/11/28 3:00 PM,63.6,44.0,41.3,61.7,,,30.07,,,,,,,,,,,,,
Back Fence,Temp & Humidity Sensor,2020/11/28 3:05 PM,63.1,45.0,41.4,61.2,,,30.07,,,,,,,,,,,,,
Back Fence,Temp & Humidity Sensor,2020/11/28 3:10 PM,63.3,43.0,40.4,61.4,,,30.07,,,,,,,,,,,,,
Back Fence,Temp & Humidity Sensor,2020/11/28 3:15 PM,63.3,44.0,41.0,61.4,,,30.07,,,,,,,,,,,,,
Back Fence,Temp & Humidity Sensor,2020/11/28 3:20 PM,63.6,42.0,40.1,61.6,,,30.07,,,,,,,,,,,,,
Back Fence,Temp & Humidity Sensor,2020/11/28 3:25 PM,63.1,43.0,40.2,61.1,,,30.07,,,,,,,,,,,,,
Back Fence,Temp & Humidity Sensor,2020/11/28 3:30 PM,63.1,42.0,39.6,61.1,,,30.08,,,,,,,,,,,,,
Back Fence,Temp & Humidity Sensor,2020/11/28 3:35 PM,62.7,42.0,39.3,60.6,,,30.08,,,,,,,,,,,,,
Back Fence,Temp & Humidity Sensor,2020/11/28 3:40 PM,62.0,43.0,39.2,59.9,,,30.08,,,,,,,,,,,,,
Back Fence,Temp & Humidity Sensor,2020/11/28 3:45 PM,61.7,44.0,39.6,59.6,,,30.08,,,,,,,,,,,,,
Back Fence,Temp & Humidity Sensor,2020/11/28 3:50 PM,61.5,44.0,39.4,59.4,,,30.07,,,,,,,,,,,,,
Back Fence,Temp & Humidity Sensor,2020/11/28 3:55 PM,61.3,44.0,39.2,59.2,,,30.07,,,,,,,,,,,,,
Back Fence,Temp & Humidity Sensor,2020/11/28 4:00 PM,61.3,45.0,39.8,59.2,,,30.08,,,,,,,,,,,,,
Back Fence,Temp & Humidity Sensor,2020/11/28 4:05 PM,61.1,45.0,39.6,59.0,,,30.08,,,,,,,,,,,,,
Back Fence,Temp & Humidity Sensor,2020/11/28 4:10 PM,60.8,44.0,38.7,58.6,,,30.08,,,,,,,,,,,,,
Back Fence,Temp & Humidity Sensor,2020/11/28 4:15 PM,59.9,46.0,39.1,57.8,,,30.08,,,,,,,,,,,,,
Back Fence,Temp & Humidity Sensor,2020/11/28 4:20 PM,59.1,47.0,38.9,56.9,,,30.08,,,,,,,,,,,,,
Back Fence,Temp & Humidity Sensor,2020/11/28 4:25 PM,58.4,48.0,38.8,56.2,,,30.08,,,,,,,,,,,,,
Back Fence,Temp & Humidity Sensor,2020/11/28 4:30 PM,57.7,49.0,38.7,55.5,,,30.09,,,,,,,,,,,,,
Back Fence,Temp & Humidity Sensor,2020/11/28 4:35 PM,57.2,50.0,38.7,55.0,,,30.09,,,,,,,,,,,,,
Back Fence,Temp & Humidity Sensor,2020/11/28 4:40 PM,56.8,51.0,38.9,54.6,,,30.09,,,,,,,,,,,,,
Back Fence,Temp & Humidity Sensor,2020/11/28 4:45 PM,56.3,53.0,39.4,54.1,,,30.08,,,,,,,,,,,,,
Back Fence,Temp & Humidity Sensor,2020/11/28 4:50 PM,55.5,54.0,39.1,53.3,,,30.09,,,,,,,,,,,,,
Back Fence,Temp & Humidity Sensor,2020/11/28 4:55 PM,55.2,56.0,39.8,53.1,,,30.09,,,,,,,,,,,,,
Back Fence,Temp & Humidity Sensor,2020/11/28 5:00 PM,54.8,58.0,40.3,52.7,,,30.09,,,,,,,,,,,,,
Back Fence,Temp & Humidity Sensor,2020/11/28 5:05 PM,54.1,60.0,40.5,52.0,,,30.09,,,,,,,,,,,,,
Back Fence,Temp & Humidity Sensor,2020/11/28 5:10 PM,53.2,61.0,40.1,51.1,,,30.09,,,,,,,,,,,,,
Back Fence,Temp & Humidity Sensor,2020/11/28 5:15 PM,52.8,61.0,39.7,50.6,,,30.09,,,,,,,,,,,,,
Back Fence,Temp & Humidity Sensor,2020/11/28 5:20 PM,52.7,62.0,40.1,50.6,,,30.09,,,,,,,,,,,,,
Back Fence,Temp & Humidity Sensor,2020/11/28 5:25 PM,52.1,63.0,39.9,50.0,,,30.09,,,,,,,,,,,,,
Back Fence,Temp & Humidity Sensor,2020/11/28 5:30 PM,51.8,65.0,40.4,49.7,,,30.1,,,,,,,,,,,,,
Back Fence,Temp & Humidity Sensor,2020/11/28 5:35 PM,51.2,66.0,40.2,49.1,,,30.1,,,,,,,,,,,,,
Back Fence,Temp & Humidity Sensor,2020/11/28 5:40 PM,51.2,70.0,41.8,49.3,,,30.11,,,,,,,,,,,,,
Back Fence,Temp & Humidity Sensor,2020/11/28 5:45 PM,50.7,69.0,40.9,48.7,,,30.11,,,,,,,,,,,,,
Back Fence,Temp & Humidity Sensor,2020/11/28 5:50 PM,50.0,69.0,40.2,47.9,,,30.1,,,,,,,,,,,,,
Back Fence,Temp & Humidity Sensor,2020/11/28 5:55 PM,49.8,70.0,40.4,47.8,,,30.11,,,,,,,,,,,,,
Back Fence,Temp & Humidity Sensor,2020/11/28 6:00 PM,49.4,70.0,40.0,47.3,,,30.11,,,,,,,,,,,,,
Back Fence,Temp & Humidity Sensor,2020/11/28 6:05 PM,49.2,72.0,40.6,47.2,,,30.11,,,,,,,,,,,,,
Back Fence,Temp & Humidity Sensor,2020/11/28 6:10 PM,49.2,75.0,41.6,47.3,,,30.11,,,,,,,,,,,,,
Back Fence,Temp & Humidity Sensor,2020/11/28 6:15 PM,48.9,75.0,41.3,47.0,,,30.11,,,,,,,,,,,,,
Back Fence,Temp & Humidity Sensor,2020/11/28 6:20 PM,48.5,74.0,40.6,46.5,,,30.12,,,,,,,,,,,,,
Back Fence,Temp & Humidity Sensor,2020/11/28 6:25 PM,48.2,74.0,40.3,46.2,,,30.12,,,,,,,,,,,,,
Back Fence,Temp & Humidity Sensor,2020/11/28 6:30 PM,48.2,77.0,41.3,46.3,,,30.12,,,,,,,,,,,,,
Back Fence,Temp & Humidity Sensor,2020/11/28 6:35 PM,47.8,77.0,40.9,45.9,,,30.12,,,,,,,,,,,,,
Back Fence,Temp & Humidity Sensor,2020/11/28 6:40 PM,47.4,76.0,40.2,45.4,,,30.12,,,,,,,,,,,,,
Back Fence,Temp & Humidity Sensor,2020/11/28 6:45 PM,47.4,79.0,41.2,45.6,,,30.12,,,,,,,,,,,,,
Back Fence,Temp & Humidity Sensor,2020/11/28 6:50 PM,47.1,78.0,40.6,45.2,,,30.12,,,,,,,,,,,,,
Back Fence,Temp & Humidity Sensor,2020/11/28 6:55 PM,46.9,81.0,41.4,45.1,,,30.12,,,,,,,,,,,,,
Back Fence,Temp & Humidity Sensor,2020/11/28 7:00 PM,47.1,88.0,43.7,45.6,,,30.13,,,,,,,,,,,,,
Back Fence,Temp & Humidity Sensor,2020/11/28 7:05 PM,46.9,88.0,43.5,45.4,,,30.13,,,,,,,,,,,,,
Back Fence,Temp & Humidity Sensor,2020/11/28 7:10 PM,46.4,86.0,42.4,44.8,,,30.13,,,,,,,,,,,,,
Back Fence,Temp & Humidity Sensor,2020/11/28 7:15 PM,45.8,85.0,41.6,44.1,,,30.13,,,,,,,,,,,,,
Back Fence,Temp & Humidity Sensor,2020/11/28 7:20 PM,45.6,84.0,41.0,43.8,,,30.13,,,,,,,,,,,,,
Back Fence,Temp & Humidity Sensor,2020/11/28 7:35 PM,45.1,84.0,40.6,43.3,,,30.13,,,,,,,,,,,,,
Back Fence,Temp & Humidity Sensor,2020/11/28 7:40 PM,45.1,86.0,41.2,43.4,,,30.14,,,,,,,,,,,,,
Back Fence,Temp & Humidity Sensor,2020/11/28 7:45 PM,45.1,88.0,41.8,43.4,,,30.14,,,,,,,,,,,,,
Back Fence,Temp & Humidity Sensor,2020/11/28 7:50 PM,44.7,87.0,41.1,43.0,,,30.14,,,,,,,,,,,,,
Back Fence,Temp & Humidity Sensor,2020/11/28 7:55 PM,44.6,87.0,41.0,42.8,,,30.14,,,,,,,,,,,,,
Back Fence,Temp & Humidity Sensor,2020/11/28 8:00 PM,44.7,91.0,42.2,43.1,,,30.15,,,,,,,,,,,,,
Back Fence,Temp & Humidity Sensor,2020/11/28 8:05 PM,44.6,90.0,41.9,43.0,,,30.15,,,,,,,,,,,,,
Back Fence,Temp & Humidity Sensor,2020/11/28 8:10 PM,44.4,89.0,41.4,42.7,,,30.15,,,,,,,,,,,,,
Back Fence,Temp & Humidity Sensor,2020/11/28 8:15 PM,44.2,88.0,40.9,42.5,,,30.15,,,,,,,,,,,,,
Back Fence,Temp & Humidity Sensor,2020/11/28 8:20 PM,44.2,89.0,41.2,42.5,,,30.15,,,,,,,,,,,,,
Back Fence,Temp & Humidity Sensor,2020/11/28 8:25 PM,44.2,92.0,42.0,42.6,,,30.16,,,,,,,,,,,,,
Back Fence,Temp & Humidity Sensor,2020/11/28 8:30 PM,44.0,93.0,42.1,42.5,,,30.15,,,,,,,,,,,,,
Back Fence,Temp & Humidity Sensor,2020/11/28 8:35 PM,43.8,93.0,41.9,42.3,,,30.15,,,,,,,,,,,,,
Back Fence,Temp & Humidity Sensor,2020/11/28 8:40 PM,43.5,91.0,41.0,41.8,,,30.15,,,,,,,,,,,,,
Back Fence,Temp & Humidity Sensor,2020/11/28 8:45 PM,43.5,91.0,41.0,41.8,,,30.15,,,,,,,,,,,,,
Back Fence,Temp & Humidity Sensor,2020/11/28 8:50 PM,43.5,92.0,41.3,41.9,,,30.15,,,,,,,,,,,,,
Back Fence,Temp & Humidity Sensor,2020/11/28 8:55 PM,43.1,91.0,40.7,41.4,,,30.15,,,,,,,,,,,,,
Back Fence,Temp & Humidity Sensor,2020/11/28 9:00 PM,42.9,90.0,40.2,41.1,,,30.16,,,,,,,,,,,,,
Back Fence,Temp & Humidity Sensor,2020/11/28 9:05 PM,42.9,89.0,39.9,41.1,,,30.16,,,,,,,,,,,,,
Back Fence,Temp & Humidity Sensor,2020/11/28 9:10 PM,42.8,91.0,40.4,41.1,,,30.16,,,,,,,,,,,,,
Back Fence,Temp & Humidity Sensor,2020/11/28 9:15 PM,42.8,92.0,40.6,41.1,,,30.16,,,,,,,,,,,,,
Back Fence,Temp & Humidity Sensor,2020/11/28 9:20 PM,42.6,93.0,40.7,40.9,,,30.16,,,,,,,,,,,,,
Back Fence,Temp & Humidity Sensor,2020/11/28 9:25 PM,42.4,93.0,40.5,40.7,,,30.16,,,,,,,,,,,,,
Back Fence,Temp & Humidity Sensor,2020/11/28 9:30 PM,42.2,92.0,40.0,40.4,,,30.16,,,,,,,,,,,,,
Back Fence,Temp & Humidity Sensor,2020/11/28 9:35 PM,42.2,93.0,40.3,40.5,,,30.17,,,,,,,,,,,,,
Back Fence,Temp & Humidity Sensor,2020/11/28 9:40 PM,42.2,94.0,40.6,40.5,,,30.17,,,,,,,,,,,,,
Back Fence,Temp & Humidity Sensor,2020/11/28 9:45 PM,41.9,94.0,40.3,40.2,,,30.17,,,,,,,,,,,,,
Back Fence,Temp & Humidity Sensor,2020/11/28 9:50 PM,41.7,94.0,40.1,40.0,,,30.17,,,,,,,,,,,,,
Back Fence,Temp & Humidity Sensor,2020/11/28 9:55 PM,41.3,93.0,39.4,39.5,,,30.16,,,,,,,,,,,,,
Back Fence,Temp & Humidity Sensor,2020/11/28 10:00 PM,41.3,93.0,39.4,39.5,,,30.17,,,,,,,,,,,,,
Back Fence,Temp & Humidity Sensor,2020/11/28 10:05 PM,41.5,94.0,39.9,39.8,,,30.16,,,,,,,,,,,,,
Back Fence,Temp & Humidity Sensor,2020/11/28 10:10 PM,41.3,95.0,40.0,39.6,,,30.16,,,,,,,,,,,,,
Back Fence,Temp & Humidity Sensor,2020/11/28 10:15 PM,41.3,95.0,40.0,39.6,,,30.16,,,,,,,,,,,,,
Back Fence,Temp & Humidity Sensor,2020/11/28 10:20 PM,41.0,95.0,39.7,39.3,,,30.16,,,,,,,,,,,,,
Back Fence,Temp & Humidity Sensor,2020/11/28 10:25 PM,40.8,96.0,39.7,39.1,,,30.16,,,,,,,,,,,,,
Back Fence,Temp & Humidity Sensor,2020/11/28 10:30 PM,40.8,95.0,39.5,39.0,,,30.16,,,,,,,,,,,,,
Back Fence,Temp & Humidity Sensor,2020/11/28 10:35 PM,41.0,95.0,39.7,39.3,,,30.17,,,,,,,,,,,,,
Back Fence,Temp & Humidity Sensor,2020/11/28 10:40 PM,40.8,96.0,39.7,39.1,,,30.17,,,,,,,,,,,,,
Back Fence,Temp & Humidity Sensor,2020/11/28 10:45 PM,40.4,96.0,39.4,38.7,,,30.17,,,,,,,,,,,,,
Back Fence,Temp & Humidity Sensor,2020/11/28 10:50 PM,40.2,96.0,39.2,38.4,,,30.17,,,,,,,,,,,,,
Back Fence,Temp & Humidity Sensor,2020/11/28 10:55 PM,40.4,96.0,39.4,38.7,,,30.18,,,,,,,,,,,,,
Back Fence,Temp & Humidity Sensor,2020/11/28 11:00 PM,40.2,96.0,39.2,38.4,,,30.17,,,,,,,,,,,,,
Back Fence,Temp & Humidity Sensor,2020/11/28 11:05 PM,40.1,96.0,39.1,38.3,,,30.17,,,,,,,,,,,,,
Back Fence,Temp & Humidity Sensor,2020/11/28 11:10 PM,39.9,96.0,38.9,39.9,,,30.18,,,,,,,,,,,,,
Back Fence,Temp & Humidity Sensor,2020/11/28 11:15 PM,39.9,96.0,38.9,39.9,,,30.18,,,,,,,,,,,,,
Back Fence,Temp & Humidity Sensor,2020/11/28 11:20 PM,39.7,96.0,38.7,39.7,,,30.18,,,,,,,,,,,,,
Back Fence,Temp & Humidity Sensor,2020/11/28 11:25 PM,39.5,96.0,38.5,39.5,,,30.18,,,,,,,,,,,,,
Back Fence,Temp & Humidity Sensor,2020/11/28 11:30 PM,39.5,96.0,38.5,39.5,,,30.18,,,,,,,,,,,,,
Back Fence,Temp & Humidity Sensor,2020/11/28 11:35 PM,39.5,96.0,38.5,39.5,,,30.18,,,,,,,,,,,,,
Back Fence,Temp & Humidity Sensor,2020/11/28 11:40 PM,39.5,96.0,38.5,39.5,,,30.18,,,,,,,,,,,,,
Back Fence,Temp & Humidity Sensor,2020/11/28 11:45 PM,39.5,96.0,38.5,39.5,,,30.19,,,,,,,,,,,,,
Back Fence,Temp & Humidity Sensor,2020/11/28 11:50 PM,39.3,96.0,38.3,39.3,,,30.18,,,,,,,,,,,,,
Back Fence,Temp & Humidity Sensor,2020/11/28 11:55 PM,39.2,97.0,38.4,39.2,,,30.19,,,,,,,,,,,,,
Back Fence,Temp & Humidity Sensor,2020/11/29 12:00 AM,39.2,97.0,38.4,39.2,,,30.19,,,,,,,,,,,,,
Back Fence,Temp & Humidity Sensor,2020/11/29 12:05 AM,39.2,97.0,38.4,39.2,,,30.19,,,,,,,,,,,,,
Back Fence,Temp & Humidity Sensor,2020/11/29 12:10 AM,39.0,97.0,38.2,39.0,,,30.19,,,,,,,,,,,,,
Back Fence,Temp & Humidity Sensor,2020/11/29 12:15 AM,38.8,97.0,38.0,38.8,,,30.19,,,,,,,,,,,,,
Back Fence,Temp & Humidity Sensor,2020/11/29 12:20 AM,38.6,97.0,37.8,38.6,,,30.19,,,,,,,,,,,,,
Back Fence,Temp & Humidity Sensor,2020/11/29 12:25 AM,38.3,97.0,37.5,38.3,,,30.19,,,,,,,,,,,,,
Back Fence,Temp & Humidity Sensor,2020/11/29 12:30 AM,38.3,97.0,37.5,38.3,,,30.18,,,,,,,,,,,,,
Back Fence,Temp & Humidity Sensor,2020/11/29 12:35 AM,38.3,97.0,37.5,38.3,,,30.18,,,,,,,,,,,,,
Back Fence,Temp & Humidity Sensor,2020/11/29 12:40 AM,38.1,97.0,37.3,38.1,,,30.18,,,,,,,,,,,,,
Back Fence,Temp & Humidity Sensor,2020/11/29 12:45 AM,38.1,97.0,37.3,38.1,,,30.18,,,,,,,,,,,,,
Back Fence,Temp & Humidity Sensor,2020/11/29 12:50 AM,37.9,97.0,37.1,37.9,,,30.18,,,,,,,,,,,,,
Back Fence,Temp & Humidity Sensor,2020/11/29 12:55 AM,37.9,97.0,37.1,37.9,,,30.18,,,,,,,,,,,,,
Back Fence,Temp & Humidity Sensor,2020/11/29 1:00 AM,37.7,97.0,36.9,37.7,,,30.18,,,,,,,,,,,,,
Back Fence,Temp & Humidity Sensor,2020/11/29 1:05 AM,37.4,97.0,36.6,37.4,,,30.18,,,,,,,,,,,,,
Back Fence,Temp & Humidity Sensor,2020/11/29 1:10 AM,37.4,97.0,36.6,37.4,,,30.18,,,,,,,,,,,,,
Back Fence,Temp & Humidity Sensor,2020/11/29 1:15 AM,37.7,97.0,36.9,37.7,,,30.18,,,,,,,,,,,,,
Back Fence,Temp & Humidity Sensor,2020/11/29 1:20 AM,37.4,97.0,36.6,37.4,,,30.18,,,,,,,,,,,,,
Back Fence,Temp & Humidity Sensor,2020/11/29 1:25 AM,37.4,97.0,36.6,37.4,,,30.18,,,,,,,,,,,,,
Back Fence,Temp & Humidity Sensor,2020/11/29 1:30 AM,37.4,97.0,36.6,37.4,,,30.18,,,,,,,,,,,,,
Back Fence,Temp & Humidity Sensor,2020/11/29 1:35 AM,37.2,97.0,36.4,37.2,,,30.18,,,,,,,,,,,,,
Back Fence,Temp & Humidity Sensor,2020/11/29 1:40 AM,37.2,97.0,36.4,37.2,,,30.18,,,,,,,,,,,,,
Back Fence,Temp & Humidity Sensor,2020/11/29 1:45 AM,37.2,97.0,36.4,37.2,,,30.18,,,,,,,,,,,,,
Back Fence,Temp & Humidity Sensor,2020/11/29 1:50 AM,37.0,97.0,36.2,37.0,,,30.18,,,,,,,,,,,,,
Back Fence,Temp & Humidity Sensor,2020/11/29 1:55 AM,36.8,97.0,36.0,36.8,,,30.18,,,,,,,,,,,,,
Back Fence,Temp & Humidity Sensor,2020/11/29 2:00 AM,36.8,97.0,36.0,36.8,,,30.18,,,,,,,,,,,,,
Back Fence,Temp & Humidity Sensor,2020/11/29 2:05 AM,37.0,97.0,36.2,37.0,,,30.18,,,,,,,,,,,,,
Back Fence,Temp & Humidity Sensor,2020/11/29 2:10 AM,36.8,97.0,36.0,36.8,,,30.18,,,,,,,,,,,,,
Back Fence,Temp & Humidity Sensor,2020/11/29 2:15 AM,36.6,97.0,35.8,36.6,,,30.18,,,,,,,,,,,,,
Back Fence,Temp & Humidity Sensor,2020/11/29 2:20 AM,36.5,97.0,35.7,36.5,,,30.18,,,,,,,,,,,,,
Back Fence,Temp & Humidity Sensor,2020/11/29 2:25 AM,36.3,97.0,35.5,36.3,,,30.18,,,,,,,,,,,,,
Back Fence,Temp & Humidity Sensor,2020/11/29 2:30 AM,36.3,97.0,35.5,36.3,,,30.18,,,,,,,,,,,,,
Back Fence,Temp & Humidity Sensor,2020/11/29 2:35 AM,36.3,97.0,35.5,36.3,,,30.18,,,,,,,,,,,,,
Back Fence,Temp & Humidity Sensor,2020/11/29 2:40 AM,36.3,97.0,35.5,36.3,,,30.18,,,,,,,,,,,,,
Back Fence,Temp & Humidity Sensor,2020/11/29 2:45 AM,36.1,97.0,35.3,36.1,,,30.18,,,,,,,,,,,,,
Back Fence,Temp & Humidity Sensor,2020/11/29 2:50 AM,35.7,97.0,34.9,35.7,,,30.19,,,,,,,,,,,,,
Back Fence,Temp & Humidity Sensor,2020/11/29 2:55 AM,35.9,97.0,35.1,35.9,,,30.19,,,,,,,,,,,,,
Back Fence,Temp & Humidity Sensor,2020/11/29 3:00 AM,35.9,97.0,35.1,35.9,,,30.19,,,,,,,,,,,,,
Back Fence,Temp & Humidity Sensor,2020/11/29 3:05 AM,35.7,97.0,34.9,35.7,,,30.19,,,,,,,,,,,,,
Back Fence,Temp & Humidity Sensor,2020/11/29 3:10 AM,35.7,97.0,34.9,35.7,,,30.18,,,,,,,,,,,,,
Back Fence,Temp & Humidity Sensor,2020/11/29 3:15 AM,35.7,98.0,35.2,35.7,,,30.19,,,,,,,,,,,,,
Back Fence,Temp & Humidity Sensor,2020/11/29 3:20 AM,35.6,98.0,35.1,35.6,,,30.19,,,,,,,,,,,,,
Back Fence,Temp & Humidity Sensor,2020/11/29 3:25 AM,35.6,98.0,35.1,35.6,,,30.19,,,,,,,,,,,,,
Back Fence,Temp & Humidity Sensor,2020/11/29 3:30 AM,35.4,98.0,34.9,35.4,,,30.18,,,,,,,,,,,,,
Back Fence,Temp & Humidity Sensor,2020/11/29 3:35 AM,35.6,97.0,34.8,35.6,,,30.18,,,,,,,,,,,,,
Back Fence,Temp & Humidity Sensor,2020/11/29 3:40 AM,35.4,98.0,34.9,35.4,,,30.18,,,,,,,,,,,,,
Back Fence,Temp & Humidity Sensor,2020/11/29 3:45 AM,35.2,98.0,34.7,35.2,,,30.18,,,,,,,,,,,,,
Back Fence,Temp & Humidity Sensor,2020/11/29 3:50 AM,35.4,98.0,34.9,35.4,,,30.18,,,,,,,,,,,,,
Back Fence,Temp & Humidity Sensor,2020/11/29 3:55 AM,35.2,98.0,34.7,35.2,,,30.18,,,,,,,,,,,,,
Back Fence,Temp & Humidity Sensor,2020/11/29 4:00 AM,35.0,98.0,34.5,35.0,,,30.18,,,,,,,,,,,,,
Back Fence,Temp & Humidity Sensor,2020/11/29 4:05 AM,35.2,98.0,34.7,35.2,,,30.18,,,,,,,,,,,,,
Back Fence,Temp & Humidity Sensor,2020/11/29 4:10 AM,35.0,98.0,34.5,35.0,,,30.18,,,,,,,,,,,,,
Back Fence,Temp & Humidity Sensor,2020/11/29 4:15 AM,35.0,98.0,34.5,35.0,,,30.17,,,,,,,,,,,,,
Back Fence,Temp & Humidity Sensor,2020/11/29 4:20 AM,35.0,98.0,34.5,35.0,,,30.18,,,,,,,,,,,,,
Back Fence,Temp & Humidity Sensor,2020/11/29 4:25 AM,34.8,98.0,34.3,34.8,,,30.18,,,,,,,,,,,,,
Back Fence,Temp & Humidity Sensor,2020/11/29 4:30 AM,34.7,98.0,34.2,34.7,,,30.18,,,,,,,,,,,,,
Back Fence,Temp & Humidity Sensor,2020/11/29 4:35 AM,34.8,98.0,34.3,34.8,,,30.18,,,,,,,,,,,,,
Back Fence,Temp & Humidity Sensor,2020/11/29 4:40 AM,34.7,98.0,34.2,34.7,,,30.18,,,,,,,,,,,,,
Back Fence,Temp & Humidity Sensor,2020/11/29 4:45 AM,34.5,98.0,34.0,34.5,,,30.18,,,,,,,,,,,,,
Back Fence,Temp & Humidity Sensor,2020/11/29 4:50 AM,34.3,98.0,33.8,34.3,,,30.18,,,,,,,,,,,,,
Back Fence,Temp & Humidity Sensor,2020/11/29 4:55 AM,34.3,98.0,33.8,34.3,,,30.18,,,,,,,,,,,,,
Back Fence,Temp & Humidity Sensor,2020/11/29 5:00 AM,34.3,98.0,33.8,34.3,,,30.19,,,,,,,,,,,,,
Back Fence,Temp & Humidity Sensor,2020/11/29 5:05 AM,34.3,98.0,33.8,34.3,,,30.19,,,,,,,,,,,,,
Back Fence,Temp & Humidity Sensor,2020/11/29 5:10 AM,34.1,98.0,33.6,34.1,,,30.19,,,,,,,,,,,,,
Back Fence,Temp & Humidity Sensor,2020/11/29 5:15 AM,34.1,98.0,33.6,34.1,,,30.19,,,,,,,,,,,,,
Back Fence,Temp & Humidity Sensor,2020/11/29 5:20 AM,33.9,98.0,33.4,33.9,,,30.19,,,,,,,,,,,,,
Back Fence,Temp & Humidity Sensor,2020/11/29 5:25 AM,33.9,98.0,33.4,33.9,,,30.19,,,,,,,,,,,,,
Back Fence,Temp & Humidity Sensor,2020/11/29 5:30 AM,33.9,98.0,33.4,33.9,,,30.19,,,,,,,,,,,,,
Back Fence,Temp & Humidity Sensor,2020/11/29 5:35 AM,33.9,98.0,33.4,33.9,,,30.2,,,,,,,,,,,,,
Back Fence,Temp & Humidity Sensor,2020/11/29 5:40 AM,33.8,98.0,33.3,33.8,,,30.2,,,,,,,,,,,,,
Back Fence,Temp & Humidity Sensor,2020/11/29 5:45 AM,33.8,98.0,33.3,33.8,,,30.2,,,,,,,,,,,,,
Back Fence,Temp & Humidity Sensor,2020/11/29 5:50 AM,33.8,98.0,33.3,33.8,,,30.2,,,,,,,,,,,,,
Back Fence,Temp & Humidity Sensor,2020/11/29 5:55 AM,33.8,98.0,33.3,33.8,,,30.2,,,,,,,,,,,,,
Back Fence,Temp & Humidity Sensor,2020/11/29 6:00 AM,33.8,98.0,33.3,33.8,,,30.2,,,,,,,,,,,,,
Back Fence,Temp & Humidity Sensor,2020/11/29 6:05 AM,33.8,98.0,33.3,33.8,,,30.2,,,,,,,,,,,,,
Back Fence,Temp & Humidity Sensor,2020/11/29 6:10 AM,33.6,98.0,33.1,33.6,,,30.2,,,,,,,,,,,,,
Back Fence,Temp & Humidity Sensor,2020/11/29 6:15 AM,33.4,98.0,32.9,33.4,,,30.2,,,,,,,,,,,,,
Back Fence,Temp & Humidity Sensor,2020/11/29 6:20 AM,33.4,98.0,32.9,33.4,,,30.2,,,,,,,,,,,,,
Back Fence,Temp & Humidity Sensor,2020/11/29 6:25 AM,33.2,98.0,32.7,33.2,,,30.2,,,,,,,,,,,,,
Back Fence,Temp & Humidity Sensor,2020/11/29 6:30 AM,33.6,98.0,33.1,33.6,,,30.2,,,,,,,,,,,,,
Back Fence,Temp & Humidity Sensor,2020/11/29 6:35 AM,33.4,98.0,32.9,33.4,,,30.21,,,,,,,,,,,,,
Back Fence,Temp & Humidity Sensor,2020/11/29 6:40 AM,33.2,98.0,32.7,33.2,,,30.21,,,,,,,,,,,,,
Back Fence,Temp & Humidity Sensor,2020/11/29 6:45 AM,33.2,98.0,32.7,33.2,,,30.21,,,,,,,,,,,,,
Back Fence,Temp & Humidity Sensor,2020/11/29 6:50 AM,33.2,98.0,32.7,33.2,,,30.21,,,,,,,,,,,,,
Back Fence,Temp & Humidity Sensor,2020/11/29 6:55 AM,33.2,98.0,32.7,33.2,,,30.21,,,,,,,,,,,,,
Back Fence,Temp & Humidity Sensor,2020/11/29 7:00 AM,33.0,98.0,32.5,33.0,,,30.21,,,,,,,,,,,,,
Back Fence,Temp & Humidity Sensor,2020/11/29 7:05 AM,33.0,98.0,32.5,33.0,,,30.21,,,,,,,,,,,,,
Back Fence,Temp & Humidity Sensor,2020/11/29 7:10 AM,32.9,98.0,32.4,32.9,,,30.21,,,,,,,,,,,,,
Back Fence,Temp & Humidity Sensor,2020/11/29 7:15 AM,32.9,98.0,32.4,32.9,,,30.21,,,,,,,,,,,,,
Back Fence,Temp & Humidity Sensor,2020/11/29 7:20 AM,33.0,98.0,32.5,33.0,,,30.21,,,,,,,,,,,,,
Back Fence,Temp & Humidity Sensor,2020/11/29 7:25 AM,33.0,98.0,32.5,33.0,,,30.21,,,,,,,,,,,,,
Back Fence,Temp & Humidity Sensor,2020/11/29 7:30 AM,33.2,98.0,32.7,33.2,,,30.22,,,,,,,,,,,,,
Back Fence,Temp & Humidity Sensor,2020/11/29 7:35 AM,33.0,98.0,32.5,33.0,,,30.22,,,,,,,,,,,,,
Back Fence,Temp & Humidity Sensor,2020/11/29 7:40 AM,33.2,98.0,32.7,33.2,,,30.21,,,,,,,,,,,,,
Back Fence,Temp & Humidity Sensor,2020/11/29 7:45 AM,33.2,98.0,32.7,33.2,,,30.22,,,,,,,,,,,,,
Back Fence,Temp & Humidity Sensor,2020/11/29 7:50 AM,33.8,98.0,33.3,33.8,,,30.22,,,,,,,,,,,,,
Back Fence,Temp & Humidity Sensor,2020/11/29 7:55 AM,33.9,98.0,33.4,33.9,,,30.22,,,,,,,,,,,,,
Back Fence,Temp & Humidity Sensor,2020/11/29 8:00 AM,34.1,98.0,33.6,34.1,,,30.22,,,,,,,,,,,,,
Back Fence,Temp & Humidity Sensor,2020/11/29 8:05 AM,34.3,98.0,33.8,34.3,,,30.22,,,,,,,,,,,,,
Back Fence,Temp & Humidity Sensor,2020/11/29 8:10 AM,34.5,98.0,34.0,34.5,,,30.21,,,,,,,,,,,,,
Back Fence,Temp & Humidity Sensor,2020/11/29 8:15 AM,34.7,98.0,34.2,34.7,,,30.22,,,,,,,,,,,,,
Back Fence,Temp & Humidity Sensor,2020/11/29 8:20 AM,34.8,98.0,34.3,34.8,,,30.22,,,,,,,,,,,,,
Back Fence,Temp & Humidity Sensor,2020/11/29 8:25 AM,35.4,98.0,34.9,35.4,,,30.21,,,,,,,,,,,,,
Back Fence,Temp & Humidity Sensor,2020/11/29 8:30 AM,35.7,98.0,35.2,35.7,,,30.21,,,,,,,,,,,,,
Back Fence,Temp & Humidity Sensor,2020/11/29 8:35 AM,36.3,98.0,35.8,36.3,,,30.21,,,,,,,,,,,,,
Back Fence,Temp & Humidity Sensor,2020/11/29 8:40 AM,36.8,98.0,36.3,36.8,,,30.22,,,,,,,,,,,,,
Back Fence,Temp & Humidity Sensor,2020/11/29 8:45 AM,37.4,98.0,36.9,37.4,,,30.21,,,,,,,,,,,,,
Back Fence,Temp & Humidity Sensor,2020/11/29 8:50 AM,38.3,98.0,37.8,38.3,,,30.21,,,,,,,,,,,,,
Back Fence,Temp & Humidity Sensor,2020/11/29 8:55 AM,39.2,98.0,38.7,39.2,,,30.21,,,,,,,,,,,,,
Back Fence,Temp & Humidity Sensor,2020/11/29 9:00 AM,40.2,98.0,39.7,38.5,,,30.21,,,,,,,,,,,,,
Back Fence,Temp & Humidity Sensor,2020/11/29 9:05 AM,40.6,98.0,40.1,39.0,,,30.21,,,,,,,,,,,,,
Back Fence,Temp & Humidity Sensor,2020/11/29 9:10 AM,41.0,97.0,40.2,39.4,,,30.22,,,,,,,,,,,,,
Back Fence,Temp & Humidity Sensor,2020/11/29 9:15 AM,41.7,97.0,40.9,40.1,,,30.22,,,,,,,,,,,,,
Back Fence,Temp & Humidity Sensor,2020/11/29 9:20 AM,42.4,97.0,41.6,40.9,,,30.22,,,,,,,,,,,,,
Back Fence,Temp & Humidity Sensor,2020/11/29 9:25 AM,42.9,97.0,42.1,41.4,,,30.22,,,,,,,,,,,,,
Back Fence,Temp & Humidity Sensor,2020/11/29 9:30 AM,44.0,97.0,43.2,42.7,,,30.22,,,,,,,,,,,,,
Back Fence,Temp & Humidity Sensor,2020/11/29 9:35 AM,44.7,96.0,43.6,43.4,,,30.22,,,,,,,,,,,,,
Back Fence,Temp & Humidity Sensor,2020/11/29 9:40 AM,45.8,96.0,44.7,44.6,,,30.22,,,,,,,,,,,,,
Back Fence,Temp & Humidity Sensor,2020/11/29 9:45 AM,46.5,95.0,45.1,45.3,,,30.22,,,,,,,,,,,,,
Back Fence,Temp & Humidity Sensor,2020/11/29 9:50 AM,47.3,95.0,45.9,46.2,,,30.22,,,,,,,,,,,,,
Back Fence,Temp & Humidity Sensor,2020/11/29 9:55 AM,48.0,93.0,46.1,46.9,,,30.22,,,,,,,,,,,,,
Back Fence,Temp & Humidity Sensor,2020/11/29 10:00 AM,48.2,82.0,43.0,46.6,,,30.22,,,,,,,,,,,,,
Back Fence,Temp & Humidity Sensor,2020/11/29 10:05 AM,48.7,78.0,42.2,46.9,,,30.22,,,,,,,,,,,,,
Back Fence,Temp & Humidity Sensor,2020/11/29 10:10 AM,50.7,81.0,45.1,49.3,,,30.22,,,,,,,,,,,,,
Back Fence,Temp & Humidity Sensor,2020/11/29 10:15 AM,52.1,77.0,45.1,50.6,,,30.21,,,,,,,,,,,,,
Back Fence,Temp & Humidity Sensor,2020/11/29 10:20 AM,53.2,77.0,46.2,51.8,,,30.21,,,,,,,,,,,,,
Back Fence,Temp & Humidity Sensor,2020/11/29 10:25 AM,53.4,77.0,46.4,52.1,,,30.21,,,,,,,,,,,,,
Back Fence,Temp & Humidity Sensor,2020/11/29 10:30 AM,55.2,77.0,48.1,54.0,,,30.21,,,,,,,,,,,,,
Back Fence,Temp & Humidity Sensor,2020/11/29 10:35 AM,56.6,74.0,48.4,55.4,,,30.22,,,,,,,,,,,,,
Back Fence,Temp & Humidity Sensor,2020/11/29 10:40 AM,57.5,72.0,48.5,56.3,,,30.22,,,,,,,,,,,,,
Back Fence,Temp & Humidity Sensor,2020/11/29 10:45 AM,56.4,61.0,43.1,54.6,,,30.22,,,,,,,,,,,,,
Back Fence,Temp & Humidity Sensor,2020/11/29 10:50 AM,56.3,69.0,46.3,54.9,,,30.21,,,,,,,,,,,,,
Back Fence,Temp & Humidity Sensor,2020/11/29 10:55 AM,56.3,64.0,44.3,54.6,,,30.21,,,,,,,,,,,,,
Back Fence,Temp & Humidity Sensor,2020/11/29 11:00 AM,56.4,60.0,42.7,54.6,,,30.21,,,,,,,,,,,,,
Back Fence,Temp & Humidity Sensor,2020/11/29 11:05 AM,57.2,61.0,43.9,55.5,,,30.21,,,,,,,,,,,,,
Back Fence,Temp & Humidity Sensor,2020/11/29 11:10 AM,57.9,64.0,45.8,56.4,,,30.2,,,,,,,,,,,,,
Back Fence,Temp & Humidity Sensor,2020/11/29 11:15 AM,59.0,65.0,47.2,57.7,,,30.2,,,,,,,,,,,,,
Back Fence,Temp & Humidity Sensor,2020/11/29 11:20 AM,59.7,66.0,48.3,58.5,,,30.2,,,,,,,,,,,,,
Back Fence,Temp & Humidity Sensor,2020/11/29 11:25 AM,59.9,66.0,48.5,58.7,,,30.2,,,,,,,,,,,,,
Back Fence,Temp & Humidity Sensor,2020/11/29 11:30 AM,60.0,66.0,48.6,58.8,,,30.2,,,,,,,,,,,,,
Back Fence,Temp & Humidity Sensor,2020/11/29 11:35 AM,60.4,65.0,48.6,59.2,,,30.2,,,,,,,,,,,,,
Back Fence,Temp & Humidity Sensor,2020/11/29 11:40 AM,60.4,63.0,47.7,59.1,,,30.19,,,,,,,,,,,,,
Back Fence,Temp & Humidity Sensor,2020/11/29 11:45 AM,61.1,61.0,47.5,59.8,,,30.19,,,,,,,,,,,,,
Back Fence,Temp & Humidity Sensor,2020/11/29 11:50 AM,61.5,60.0,47.5,60.2,,,30.19,,,,,,,,,,,,,
Back Fence,Temp & Humidity Sensor,2020/11/29 11:55 AM,61.8,59.0,47.3,60.5,,,30.19,,,,,,,,,,,,,
Back Fence,Temp & Humidity Sensor,2020/11/29 12:00 PM,61.7,60.0,47.7,60.4,,,30.18,,,,,,,,,,,,,
Back Fence,Temp & Humidity Sensor,2020/11/29 12:05 PM,61.8,57.0,46.4,60.4,,,30.18,,,,,,,,,,,,,
Back Fence,Temp & Humidity Sensor,2020/11/29 12:10 PM,62.9,58.0,47.9,61.6,,,30.18,,,,,,,,,,,,,
Back Fence,Temp & Humidity Sensor,2020/11/29 12:15 PM,63.1,59.0,48.5,61.9,,,30.18,,,,,,,,,,,,,
Back Fence,Temp & Humidity Sensor,2020/11/29 12:20 PM,62.9,55.0,46.5,61.5,,,30.17,,,,,,,,,,,,,
Back Fence,Temp & Humidity Sensor,2020/11/29 12:25 PM,62.6,58.0,47.6,61.3,,,30.17,,,,,,,,,,,,,
Back Fence,Temp & Humidity Sensor,2020/11/29 12:30 PM,63.1,56.0,47.1,61.7,,,30.17,,,,,,,,,,,,,
Back Fence,Temp & Humidity Sensor,2020/11/29 12:35 PM,63.6,54.0,46.6,62.2,,,30.17,,,,,,,,,,,,,
Back Fence,Temp & Humidity Sensor,2020/11/29 12:40 PM,64.5,54.0,47.5,63.2,,,30.16,,,,,,,,,,,,,
Back Fence,Temp & Humidity Sensor,2020/11/29 12:45 PM,65.1,56.0,49.0,63.9,,,30.16,,,,,,,,,,,,,
Back Fence,Temp & Humidity Sensor,2020/11/29 12:50 PM,65.3,54.0,48.2,64.1,,,30.16,,,,,,,,,,,,,
Back Fence,Temp & Humidity Sensor,2020/11/29 12:55 PM,64.7,51.0,46.1,63.3,,,30.15,,,,,,,,,,,,,
Back Fence,Temp & Humidity Sensor,2020/11/29 1:00 PM,64.5,53.0,47.0,63.1,,,30.16,,,,,,,,,,,,,
Back Fence,Temp & Humidity Sensor,2020/11/29 1:05 PM,64.9,52.0,46.8,63.5,,,30.15,,,,,,,,,,,,,
Back Fence,Temp & Humidity Sensor,2020/11/29 1:10 PM,65.4,54.0,48.3,64.2,,,30.15,,,,,,,,,,,,,
Back Fence,Temp & Humidity Sensor,2020/11/29 1:15 PM,65.1,54.0,48.0,63.8,,,30.16,,,,,,,,,,,,,
Back Fence,Temp & Humidity Sensor,2020/11/29 1:20 PM,64.0,55.0,47.5,62.7,,,30.15,,,,,,,,,,,,,
Back Fence,Temp & Humidity Sensor,2020/11/29 1:25 PM,63.6,55.0,47.1,62.2,,,30.15,,,,,,,,,,,,,
Back Fence,Temp & Humidity Sensor,2020/11/29 1:30 PM,63.5,55.0,47.0,62.1,,,30.15,,,,,,,,,,,,,
Back Fence,Temp & Humidity Sensor,2020/11/29 1:35 PM,63.1,55.0,46.7,61.7,,,30.15,,,,,,,,,,,,,
Back Fence,Temp & Humidity Sensor,2020/11/29 1:40 PM,62.7,56.0,46.8,61.3,,,30.14,,,,,,,,,,,,,
Back Fence,Temp & Humidity Sensor,2020/11/29 1:45 PM,62.9,57.0,47.4,61.6,,,30.14,,,,,,,,,,,,,
Back Fence,Temp & Humidity Sensor,2020/11/29 1:50 PM,62.9,57.0,47.4,61.6,,,30.13,,,,,,,,,,,,,
Back Fence,Temp & Humidity Sensor,2020/11/29 1:55 PM,62.7,57.0,47.2,61.3,,,30.13,,,,,,,,,,,,,
Back Fence,Temp & Humidity Sensor,2020/11/29 2:00 PM,62.4,59.0,47.9,61.1,,,30.13,,,,,,,,,,,,,
Back Fence,Temp & Humidity Sensor,2020/11/29 2:05 PM,62.0,58.0,47.1,60.6,,,30.13,,,,,,,,,,,,,
Back Fence,Temp & Humidity Sensor,2020/11/29 2:10 PM,61.7,57.0,46.3,60.2,,,30.13,,,,,,,,,,,,,
Back Fence,Temp & Humidity Sensor,2020/11/29 2:15 PM,61.7,58.0,46.8,60.3,,,30.12,,,,,,,,,,,,,
Back Fence,Temp & Humidity Sensor,2020/11/29 2:20 PM,61.5,59.0,47.0,60.1,,,30.12,,,,,,,,,,,,,
Back Fence,Temp & Humidity Sensor,2020/11/29 2:25 PM,61.3,58.0,46.4,59.9,,,30.12,,,,,,,,,,,,,
Back Fence,Temp & Humidity Sensor,2020/11/29 2:30 PM,61.5,59.0,47.0,60.1,,,30.12,,,,,,,,,,,,,
Back Fence,Temp & Humidity Sensor,2020/11/29 2:35 PM,61.7,59.0,47.2,60.3,,,30.12,,,,,,,,,,,,,
Back Fence,Temp & Humidity Sensor,2020/11/29 2:40 PM,61.7,60.0,47.7,60.4,,,30.12,,,,,,,,,,,,,
Back Fence,Temp & Humidity Sensor,2020/11/29 2:45 PM,61.8,60.0,47.8,60.5,,,30.12,,,,,,,,,,,,,
Back Fence,Temp & Humidity Sensor,2020/11/29 2:50 PM,62.0,60.0,48.0,60.7,,,30.11,,,,,,,,,,,,,
Back Fence,Temp & Humidity Sensor,2020/11/29 2:55 PM,62.2,59.0,47.7,60.9,,,30.11,,,,,,,,,,,,,
Back Fence,Temp & Humidity Sensor,2020/11/29 3:00 PM,62.0,58.0,47.1,60.6,,,30.11,,,,,,,,,,,,,
Back Fence,Temp & Humidity Sensor,2020/11/29 3:05 PM,62.2,59.0,47.7,60.9,,,30.11,,,,,,,,,,,,,
Back Fence,Temp & Humidity Sensor,2020/11/29 3:10 PM,62.0,59.0,47.5,60.7,,,30.11,,,,,,,,,,,,,
Back Fence,Temp & Humidity Sensor,2020/11/29 3:15 PM,61.7,58.0,46.8,60.3,,,30.11,,,,,,,,,,,,,
Back Fence,Temp & Humidity Sensor,2020/11/29 3:20 PM,61.7,59.0,47.2,60.3,,,30.11,,,,,,,,,,,,,
Back Fence,Temp & Humidity Sensor,2020/11/29 3:25 PM,61.3,60.0,47.3,59.9,,,30.11,,,,,,,,,,,,,
Back Fence,Temp & Humidity Sensor,2020/11/29 3:30 PM,60.8,60.0,46.8,59.4,,,30.11,,,,,,,,,,,,,
Back Fence,Temp & Humidity Sensor,2020/11/29 3:35 PM,60.2,60.0,46.3,58.7,,,30.11,,,,,,,,,,,,,
Back Fence,Temp & Humidity Sensor,2020/11/29 3:40 PM,59.9,62.0,46.8,58.5,,,30.11,,,,,,,,,,,,,
Back Fence,Temp & Humidity Sensor,2020/11/29 3:45 PM,59.7,62.0,46.7,58.3,,,30.1,,,,,,,,,,,,,
Back Fence,Temp & Humidity Sensor,2020/11/29 3:50 PM,59.7,62.0,46.7,58.3,,,30.1,,,,,,,,,,,,,
Back Fence,Temp & Humidity Sensor,2020/11/29 3:55 PM,59.7,63.0,47.1,58.3,,,30.1,,,,,,,,,,,,,
Back Fence,Temp & Humidity Sensor,2020/11/29 4:00 PM,59.5,63.0,46.9,58.1,,,30.1,,,,,,,,,,,,,
Back Fence,Temp & Humidity Sensor,2020/11/29 4:05 PM,59.5,63.0,46.9,58.1,,,30.09,,,,,,,,,,,,,
Back Fence,Temp & Humidity Sensor,2020/11/29 4:10 PM,59.5,63.0,46.9,58.1,,,30.09,,,,,,,,,,,,,
Back Fence,Temp & Humidity Sensor,2020/11/29 4:15 PM,59.3,63.0,46.7,57.9,,,30.09,,,,,,,,,,,,,
Back Fence,Temp & Humidity Sensor,2020/11/29 4:20 PM,59.0,63.0,46.4,57.6,,,30.09,,,,,,,,,,,,,
Back Fence,Temp & Humidity Sensor,2020/11/29 4:25 PM,58.6,64.0,46.5,57.2,,,30.09,,,,,,,,,,,,,
Back Fence,Temp & Humidity Sensor,2020/11/29 4:35 PM,58.2,64.0,46.1,56.7,,,30.09,,,,,,,,,,,,,
Back Fence,Temp & Humidity Sensor,2020/11/29 4:40 PM,58.1,65.0,46.4,56.7,,,30.08,,,,,,,,,,,,,
Back Fence,Temp & Humidity Sensor,2020/11/29 4:45 PM,57.9,65.0,46.2,56.4,,,30.09,,,,,,,,,,,,,
Back Fence,Temp & Humidity Sensor,2020/11/29 4:55 PM,57.3,66.0,46.0,55.8,,,30.08,,,,,,,,,,,,,
Back Fence,Temp & Humidity Sensor,2020/11/29 5:00 PM,57.2,66.0,45.9,55.7,,,30.08,,,,,,,,,,,,,
Back Fence,Temp & Humidity Sensor,2020/11/29 5:05 PM,57.2,67.0,46.3,55.8,,,30.07,,,,,,,,,,,,,
Back Fence,Temp & Humidity Sensor,2020/11/29 5:10 PM,57.0,68.0,46.5,55.6,,,30.07,,,,,,,,,,,,,
Back Fence,Temp & Humidity Sensor,2020/11/29 5:15 PM,57.0,68.0,46.5,55.6,,,30.07,,,,,,,,,,,,,
Back Fence,Temp & Humidity Sensor,2020/11/29 5:20 PM,56.8,69.0,46.7,55.4,,,30.07,,,,,,,,,,,,,
Back Fence,Temp & Humidity Sensor,2020/11/29 5:25 PM,56.6,69.0,46.5,55.2,,,30.06,,,,,,,,,,,,,
Back Fence,Temp & Humidity Sensor,2020/11/29 5:30 PM,56.6,70.0,46.9,55.2,,,30.06,,,,,,,,,,,,,
Back Fence,Temp & Humidity Sensor,2020/11/29 5:35 PM,56.6,70.0,46.9,55.2,,,30.06,,,,,,,,,,,,,
Back Fence,Temp & Humidity Sensor,2020/11/29 5:40 PM,56.6,70.0,46.9,55.2,,,30.06,,,,,,,,,,,,,
Back Fence,Temp & Humidity Sensor,2020/11/29 5:45 PM,56.6,70.0,46.9,55.2,,,30.06,,,,,,,,,,,,,
Back Fence,Temp & Humidity Sensor,2020/11/29 5:50 PM,56.6,71.0,47.3,55.3,,,30.07,,,,,,,,,,,,,
Back Fence,Temp & Humidity Sensor,2020/11/29 5:55 PM,56.6,72.0,47.7,55.3,,,30.06,,,,,,,,,,,,,
Back Fence,Temp & Humidity Sensor,2020/11/29 6:00 PM,56.1,74.0,47.9,54.9,,,30.06,,,,,,,,,,,,,
Back Fence,Temp & Humidity Sensor,2020/11/29 6:05 PM,55.9,73.0,47.4,54.6,,,30.06,,,,,,,,,,,,,
Back Fence,Temp & Humidity Sensor,2020/11/29 6:10 PM,55.7,76.0,48.3,54.5,,,30.06,,,,,,,,,,,,,
Back Fence,Temp & Humidity Sensor,2020/11/29 6:15 PM,55.5,75.0,47.7,54.3,,,30.06,,,,,,,,,,,,,
Back Fence,Temp & Humidity Sensor,2020/11/29 6:20 PM,55.5,75.0,47.7,54.3,,,30.06,,,,,,,,,,,,,
Back Fence,Temp & Humidity Sensor,2020/11/29 6:25 PM,55.4,75.0,47.6,54.2,,,30.06,,,,,,,,,,,,,
Back Fence,Temp & Humidity Sensor,2020/11/29 6:30 PM,55.4,79.0,49.0,54.4,,,30.06,,,,,,,,,,,,,
Back Fence,Temp & Humidity Sensor,2020/11/29 6:35 PM,55.4,78.0,48.7,54.3,,,30.06,,,,,,,,,,,,,
Back Fence,Temp & Humidity Sensor,2020/11/29 6:40 PM,55.2,80.0,49.1,54.2,,,30.06,,,,,,,,,,,,,
Back Fence,Temp & Humidity Sensor,2020/11/29 6:45 PM,55.0,80.0,48.9,54.0,,,30.06,,,,,,,,,,,,,
Back Fence,Temp & Humidity Sensor,2020/11/29 6:50 PM,54.6,80.0,48.6,53.5,,,30.05,,,,,,,,,,,,,
Back Fence,Temp & Humidity Sensor,2020/11/29 6:55 PM,54.5,84.0,49.8,53.6,,,30.05,,,,,,,,,,,,,
Back Fence,Temp & Humidity Sensor,2020/11/29 7:00 PM,54.5,83.0,49.4,53.6,,,30.05,,,,,,,,,,,,,
Back Fence,Temp & Humidity Sensor,2020/11/29 7:05 PM,54.6,81.0,48.9,53.6,,,30.05,,,,,,,,,,,,,
Back Fence,Temp & Humidity Sensor,2020/11/29 7:10 PM,54.5,80.0,48.5,53.4,,,30.05,,,,,,,,,,,,,
Back Fence,Temp & Humidity Sensor,2020/11/29 7:15 PM,53.9,81.0,48.2,52.8,,,30.04,,,,,,,,,,,,,
Back Fence,Temp & Humidity Sensor,2020/11/29 7:20 PM,53.7,81.0,48.0,52.6,,,30.04,,,,,,,,,,,,,
Back Fence,Temp & Humidity Sensor,2020/11/29 7:25 PM,52.8,84.0,48.1,51.7,,,30.04,,,,,,,,,,,,,
Back Fence,Temp & Humidity Sensor,2020/11/29 7:30 PM,52.5,84.0,47.8,51.4,,,30.04,,,,,,,,,,,,,
Back Fence,Temp & Humidity Sensor,2020/11/29 7:35 PM,51.9,86.0,47.8,50.8,,,30.03,,,,,,,,,,,,,
Back Fence,Temp & Humidity Sensor,2020/11/29 7:40 PM,51.9,87.0,48.2,50.9,,,30.03,,,,,,,,,,,,,
Back Fence,Temp & Humidity Sensor,2020/11/29 7:45 PM,51.8,87.0,48.1,50.8,,,30.03,,,,,,,,,,,,,
Back Fence,Temp & Humidity Sensor,2020/11/29 7:50 PM,51.8,87.0,48.1,50.8,,,30.03,,,,,,,,,,,,,
Back Fence,Temp & Humidity Sensor,2020/11/29 7:55 PM,51.8,87.0,48.1,50.8,,,30.03,,,,,,,,,,,,,
Back Fence,Temp & Humidity Sensor,2020/11/29 8:00 PM,51.8,87.0,48.1,50.8,,,30.03,,,,,,,,,,,,,
Back Fence,Temp & Humidity Sensor,2020/11/29 8:05 PM,51.6,88.0,48.2,50.6,,,30.03,,,,,,,,,,,,,
Back Fence,Temp & Humidity Sensor,2020/11/29 8:10 PM,51.8,88.0,48.4,50.8,,,30.03,,,,,,,,,,,,,
Back Fence,Temp & Humidity Sensor,2020/11/29 8:15 PM,51.8,92.0,49.5,51.0,,,30.03,,,,,,,,,,,,,
Back Fence,Temp & Humidity Sensor,2020/11/29 8:20 PM,51.8,93.0,49.8,51.1,,,30.02,,,,,,,,,,,,,
Back Fence,Temp & Humidity Sensor,2020/11/29 8:25 PM,51.8,93.0,49.8,51.1,,,30.02,,,,,,,,,,,,,
Back Fence,Temp & Humidity Sensor,2020/11/29 8:30 PM,51.8,92.0,49.5,51.0,,,30.01,,,,,,,,,,,,,
Back Fence,Temp & Humidity Sensor,2020/11/29 8:35 PM,51.6,92.0,49.4,50.8,,,30.01,,,,,,,,,,,,,
Back Fence,Temp & Humidity Sensor,2020/11/29 8:40 PM,51.4,93.0,49.4,50.6,,,30.01,,,,,,,,,,,,,
Back Fence,Temp & Humidity Sensor,2020/11/29 8:45 PM,51.4,94.0,49.7,50.7,,,30.0,,,,,,,,,,,,,
Back Fence,Temp & Humidity Sensor,2020/11/29 8:50 PM,51.4,94.0,49.7,50.7,,,30.0,,,,,,,,,,,,,
Back Fence,Temp & Humidity Sensor,2020/11/29 8:55 PM,51.4,94.0,49.7,50.7,,,29.99,,,,,,,,,,,,,
Back Fence,Temp & Humidity Sensor,2020/11/29 9:00 PM,51.4,94.0,49.7,50.7,,,29.99,,,,,,,,,,,,,
Back Fence,Temp & Humidity Sensor,2020/11/29 9:05 PM,51.2,94.0,49.5,50.4,,,29.99,,,,,,,,,,,,,
Back Fence,Temp & Humidity Sensor,2020/11/29 9:10 PM,51.0,94.0,49.3,50.2,,,29.99,,,,,,,,,,,,,
Back Fence,Temp & Humidity Sensor,2020/11/29 9:15 PM,51.0,95.0,49.6,50.3,,,29.99,,,,,,,,,,,,,
Back Fence,Temp & Humidity Sensor,2020/11/29 9:20 PM,51.0,94.0,49.3,50.2,,,29.99,,,,,,,,,,,,,
Back Fence,Temp & Humidity Sensor,2020/11/29 9:25 PM,51.2,94.0,49.5,50.4,,,29.99,,,,,,,,,,,,,
Back Fence,Temp & Humidity Sensor,2020/11/29 9:30 PM,51.0,95.0,49.6,50.3,,,29.98,,,,,,,,,,,,,
Back Fence,Temp & Humidity Sensor,2020/11/29 9:35 PM,51.0,95.0,49.6,50.3,,,29.98,,,,,,,,,,,,,
Back Fence,Temp & Humidity Sensor,2020/11/29 9:40 PM,51.0,95.0,49.6,50.3,,,29.98,,,,,,,,,,,,,
Back Fence,Temp & Humidity Sensor,2020/11/29 9:45 PM,51.0,95.0,49.6,50.3,,,29.98,,,,,,,,,,,,,
Back Fence,Temp & Humidity Sensor,2020/11/29 9:50 PM,51.0,95.0,49.6,50.3,,,29.98,,,,,,,,,,,,,
Back Fence,Temp & Humidity Sensor,2020/11/29 9:55 PM,51.0,96.0,49.9,50.3,,,29.97,,,,,,,,,,,,,
Back Fence,Temp & Humidity Sensor,2020/11/29 10:00 PM,51.0,96.0,49.9,50.3,,,29.97,,,,,,,,,,,,,
Back Fence,Temp & Humidity Sensor,2020/11/29 10:05 PM,51.0,96.0,49.9,50.3,,,29.97,,,,,,,,,,,,,
Back Fence,Temp & Humidity Sensor,2020/11/29 10:10 PM,51.2,96.0,50.1,50.5,,,29.96,,,,,,,,,,,,,
Back Fence,Temp & Humidity Sensor,2020/11/29 10:15 PM,51.2,96.0,50.1,50.5,,,29.96,,,,,,,,,,,,,
Back Fence,Temp & Humidity Sensor,2020/11/29 10:20 PM,51.2,96.0,50.1,50.5,,,29.95,,,,,,,,,,,,,
Back Fence,Temp & Humidity Sensor,2020/11/29 10:25 PM,51.2,96.0,50.1,50.5,,,29.95,,,,,,,,,,,,,
Back Fence,Temp & Humidity Sensor,2020/11/29 10:30 PM,51.2,96.0,50.1,50.5,,,29.94,,,,,,,,,,,,,
Back Fence,Temp & Humidity Sensor,2020/11/29 10:35 PM,51.2,96.0,50.1,50.5,,,29.93,,,,,,,,,,,,,
Back Fence,Temp & Humidity Sensor,2020/11/29 10:40 PM,51.4,96.0,50.3,50.8,,,29.94,,,,,,,,,,,,,
Back Fence,Temp & Humidity Sensor,2020/11/29 10:45 PM,51.4,96.0,50.3,50.8,,,29.92,,,,,,,,,,,,,
Back Fence,Temp & Humidity Sensor,2020/11/29 10:50 PM,51.4,96.0,50.3,50.8,,,29.92,,,,,,,,,,,,,
Back Fence,Temp & Humidity Sensor,2020/11/29 10:55 PM,51.4,96.0,50.3,50.8,,,29.92,,,,,,,,,,,,,
Back Fence,Temp & Humidity Sensor,2020/11/29 11:00 PM,51.4,96.0,50.3,50.8,,,29.92,,,,,,,,,,,,,
Back Fence,Temp & Humidity Sensor,2020/11/29 11:05 PM,51.4,96.0,50.3,50.8,,,29.91,,,,,,,,,,,,,
Back Fence,Temp & Humidity Sensor,2020/11/29 11:10 PM,51.4,96.0,50.3,50.8,,,29.9,,,,,,,,,,,,,
Back Fence,Temp & Humidity Sensor,2020/11/29 11:15 PM,51.6,96.0,50.5,51.0,,,29.9,,,,,,,,,,,,,
Back Fence,Temp & Humidity Sensor,2020/11/29 11:20 PM,51.6,96.0,50.5,51.0,,,29.89,,,,,,,,,,,,,
Back Fence,Temp & Humidity Sensor,2020/11/29 11:25 PM,51.6,96.0,50.5,51.0,,,29.88,,,,,,,,,,,,,
Back Fence,Temp & Humidity Sensor,2020/11/29 11:30 PM,51.8,96.0,50.7,51.2,,,29.87,,,,,,,,,,,,,
Back Fence,Temp & Humidity Sensor,2020/11/29 11:35 PM,51.8,96.0,50.7,51.2,,,29.87,,,,,,,,,,,,,
Back Fence,Temp & Humidity Sensor,2020/11/29 11:40 PM,51.9,96.0,50.8,51.3,,,29.86,,,,,,,,,,,,,
Back Fence,Temp & Humidity Sensor,2020/11/29 11:45 PM,51.9,96.0,50.8,51.3,,,29.85,,,,,,,,,,,,,
Back Fence,Temp & Humidity Sensor,2020/11/29 11:50 PM,51.9,96.0,50.8,51.3,,,29.84,,,,,,,,,,,,,
Back Fence,Temp & Humidity Sensor,2020/11/29 11:55 PM,52.1,96.0,51.0,51.5,,,29.84,,,,,,,,,,,,,
Back Fence,Temp & Humidity Sensor,2020/11/30 12:00 AM,52.3,96.0,51.2,51.7,,,29.83,,,,,,,,,,,,,
Back Fence,Temp & Humidity Sensor,2020/11/30 12:05 AM,52.5,96.0,51.4,52.0,,,29.82,,,,,,,,,,,,,
Back Fence,Temp & Humidity Sensor,2020/11/30 12:10 AM,52.7,96.0,51.6,52.2,,,29.81,,,,,,,,,,,,,
Back Fence,Temp & Humidity Sensor,2020/11/30 12:15 AM,52.8,96.0,51.7,52.3,,,29.81,,,,,,,,,,,,,
Back Fence,Temp & Humidity Sensor,2020/11/30 12:20 AM,53.4,96.0,52.3,53.0,,,29.8,,,,,,,,,,,,,
Back Fence,Temp & Humidity Sensor,2020/11/30 12:25 AM,53.9,96.0,52.8,53.5,,,29.8,,,,,,,,,,,,,
Back Fence,Temp & Humidity Sensor,2020/11/30 12:30 AM,53.9,96.0,52.8,53.5,,,29.8,,,,,,,,,,,,,
Back Fence,Temp & Humidity Sensor,2020/11/30 12:35 AM,54.3,96.0,53.2,53.9,,,29.8,,,,,,,,,,,,,
Back Fence,Temp & Humidity Sensor,2020/11/30 12:40 AM,54.3,96.0,53.2,53.9,,,29.79,,,,,,,,,,,,,
Back Fence,Temp & Humidity Sensor,2020/11/30 12:45 AM,55.5,96.0,54.4,55.3,,,29.78,,,,,,,,,,,,,
Back Fence,Temp & Humidity Sensor,2020/11/30 12:50 AM,56.4,96.0,55.3,56.3,,,29.78,,,,,,,,,,,,,
Back Fence,Temp & Humidity Sensor,2020/11/30 12:55 AM,57.0,96.0,55.9,56.9,,,29.77,,,,,,,,,,,,,
Back Fence,Temp & Humidity Sensor,2020/11/30 1:00 AM,57.5,95.0,56.1,57.4,,,29.77,,,,,,,,,,,,,
Back Fence,Temp & Humidity Sensor,2020/11/30 1:05 AM,58.2,95.0,56.8,58.2,,,29.76,,,,,,,,,,,,,
Back Fence,Temp & Humidity Sensor,2020/11/30 1:10 AM,58.6,95.0,57.2,58.6,,,29.76,,,,,,,,,,,,,
Back Fence,Temp & Humidity Sensor,2020/11/30 1:15 AM,58.6,95.0,57.2,58.6,,,29.75,,,,,,,,,,,,,
Back Fence,Temp & Humidity Sensor,2020/11/30 1:20 AM,58.8,95.0,57.4,58.8,,,29.75,,,,,,,,,,,,,
Back Fence,Temp & Humidity Sensor,2020/11/30 1:25 AM,59.3,94.0,57.6,59.3,,,29.75,,,,,,,,,,,,,
Back Fence,Temp & Humidity Sensor,2020/11/30 1:30 AM,59.3,94.0,57.6,59.3,,,29.74,,,,,,,,,,,,,
Back Fence,Temp & Humidity Sensor,2020/11/30 1:35 AM,59.7,94.0,58.0,59.8,,,29.74,,,,,,,,,,,,,
Back Fence,Temp & Humidity Sensor,2020/11/30 1:40 AM,59.5,95.0,58.1,59.6,,,29.74,,,,,,,,,,,,,
Back Fence,Temp & Humidity Sensor,2020/11/30 1:45 AM,59.9,95.0,58.5,60.1,,,29.74,,,,,,,,,,,,,
Back Fence,Temp & Humidity Sensor,2020/11/30 1:50 AM,59.9,95.0,58.5,60.1,,,29.73,,,,,,,,,,,,,
Back Fence,Temp & Humidity Sensor,2020/11/30 1:55 AM,60.0,95.0,58.6,60.2,,,29.73,,,,,,,,,,,,,
Back Fence,Temp & Humidity Sensor,2020/11/30 2:00 AM,60.2,95.0,58.8,60.4,,,29.73,,,,,,,,,,,,,
Back Fence,Temp & Humidity Sensor,2020/11/30 2:05 AM,60.4,95.0,59.0,60.6,,,29.74,,,,,,,,,,,,,
Back Fence,Temp & Humidity Sensor,2020/11/30 2:10 AM,60.4,95.0,59.0,60.6,,,29.74,,,,,,,,,,,,,
Back Fence,Temp & Humidity Sensor,2020/11/30 2:15 AM,60.4,95.0,59.0,60.6,,,29.74,,,,,,,,,,,,,
Back Fence,Temp & Humidity Sensor,2020/11/30 2:20 AM,60.4,95.0,59.0,60.6,,,29.73,,,,,,,,,,,,,
Back Fence,Temp & Humidity Sensor,2020/11/30 2:25 AM,60.4,95.0,59.0,60.6,,,29.73,,,,,,,,,,,,,
Back Fence,Temp & Humidity Sensor,2020/11/30 2:30 AM,60.8,95.0,59.4,61.0,,,29.72,,,,,,,,,,,,,
Back Fence,Temp & Humidity Sensor,2020/11/30 2:35 AM,60.8,95.0,59.4,61.0,,,29.71,,,,,,,,,,,,,
Back Fence,Temp & Humidity Sensor,2020/11/30 2:40 AM,60.8,95.0,59.4,61.0,,,29.71,,,,,,,,,,,,,
Back Fence,Temp & Humidity Sensor,2020/11/30 2:45 AM,61.1,95.0,59.7,61.4,,,29.71,,,,,,,,,,,,,
Back Fence,Temp & Humidity Sensor,2020/11/30 2:50 AM,60.9,95.0,59.5,61.2,,,29.7,,,,,,,,,,,,,
Back Fence,Temp & Humidity Sensor,2020/11/30 2:55 AM,60.9,95.0,59.5,61.2,,,29.69,,,,,,,,,,,,,
Back Fence,Temp & Humidity Sensor,2020/11/30 3:00 AM,60.9,95.0,59.5,61.2,,,29.69,,,,,,,,,,,,,
Back Fence,Temp & Humidity Sensor,2020/11/30 3:05 AM,61.1,95.0,59.7,61.4,,,29.68,,,,,,,,,,,,,
Back Fence,Temp & Humidity Sensor,2020/11/30 3:10 AM,61.3,95.0,59.9,61.6,,,29.68,,,,,,,,,,,,,
Back Fence,Temp & Humidity Sensor,2020/11/30 3:15 AM,61.3,95.0,59.9,61.6,,,29.68,,,,,,,,,,,,,
Back Fence,Temp & Humidity Sensor,2020/11/30 3:20 AM,61.3,95.0,59.9,61.6,,,29.68,,,,,,,,,,,,,
Back Fence,Temp & Humidity Sensor,2020/11/30 3:25 AM,61.5,95.0,60.1,61.8,,,29.67,,,,,,,,,,,,,
Back Fence,Temp & Humidity Sensor,2020/11/30 3:30 AM,61.3,95.0,59.9,61.6,,,29.67,,,,,,,,,,,,,
Back Fence,Temp & Humidity Sensor,2020/11/30 3:35 AM,61.7,95.0,60.3,62.0,,,29.67,,,,,,,,,,,,,
Back Fence,Temp & Humidity Sensor,2020/11/30 3:40 AM,61.7,95.0,60.3,62.0,,,29.67,,,,,,,,,,,,,
Back Fence,Temp & Humidity Sensor,2020/11/30 3:45 AM,61.7,95.0,60.3,62.0,,,29.66,,,,,,,,,,,,,
Back Fence,Temp & Humidity Sensor,2020/11/30 3:50 AM,61.8,95.0,60.4,62.1,,,29.66,,,,,,,,,,,,,
Back Fence,Temp & Humidity Sensor,2020/11/30 3:55 AM,61.8,95.0,60.4,62.1,,,29.66,,,,,,,,,,,,,
Back Fence,Temp & Humidity Sensor,2020/11/30 4:00 AM,61.8,95.0,60.4,62.1,,,29.65,,,,,,,,,,,,,
Back Fence,Temp & Humidity Sensor,2020/11/30 4:05 AM,62.2,95.0,60.7,62.6,,,29.65,,,,,,,,,,,,,
Back Fence,Temp & Humidity Sensor,2020/11/30 4:10 AM,62.4,95.0,60.9,62.8,,,29.64,,,,,,,,,,,,,
Back Fence,Temp & Humidity Sensor,2020/11/30 4:15 AM,62.4,95.0,60.9,62.8,,,29.64,,,,,,,,,,,,,
Back Fence,Temp & Humidity Sensor,2020/11/30 4:20 AM,62.4,95.0,60.9,62.8,,,29.63,,,,,,,,,,,,,
Back Fence,Temp & Humidity Sensor,2020/11/30 4:25 AM,62.4,95.0,60.9,62.8,,,29.63,,,,,,,,,,,,,
Back Fence,Temp & Humidity Sensor,2020/11/30 4:30 AM,62.2,95.0,60.7,62.6,,,29.62,,,,,,,,,,,,,
Back Fence,Temp & Humidity Sensor,2020/11/30 4:35 AM,62.4,95.0,60.9,62.8,,,29.62,,,,,,,,,,,,,
Back Fence,Temp & Humidity Sensor,2020/11/30 4:40 AM,62.6,95.0,61.1,63.0,,,29.62,,,,,,,,,,,,,
Back Fence,Temp & Humidity Sensor,2020/11/30 4:45 AM,62.7,95.0,61.2,63.1,,,29.61,,,,,,,,,,,,,
Back Fence,Temp & Humidity Sensor,2020/11/30 4:50 AM,62.6,95.0,61.1,63.0,,,29.61,,,,,,,,,,,,,
Back Fence,Temp & Humidity Sensor,2020/11/30 4:55 AM,62.4,95.0,60.9,62.8,,,29.61,,,,,,,,,,,,,
Back Fence,Temp & Humidity Sensor,2020/11/30 5:00 AM,62.6,95.0,61.1,63.0,,,29.6,,,,,,,,,,,,,
Back Fence,Temp & Humidity Sensor,2020/11/30 5:05 AM,62.7,95.0,61.2,63.1,,,29.6,,,,,,,,,,,,,
Back Fence,Temp & Humidity Sensor,2020/11/30 5:10 AM,62.9,95.0,61.4,63.4,,,29.6,,,,,,,,,,,,,
Back Fence,Temp & Humidity Sensor,2020/11/30 5:15 AM,62.7,95.0,61.2,63.1,,,29.6,,,,,,,,,,,,,
Back Fence,Temp & Humidity Sensor,2020/11/30 5:20 AM,62.9,95.0,61.4,63.4,,,29.6,,,,,,,,,,,,,
Back Fence,Temp & Humidity Sensor,2020/11/30 5:25 AM,62.9,95.0,61.4,63.4,,,29.61,,,,,,,,,,,,,
Back Fence,Temp & Humidity Sensor,2020/11/30 5:30 AM,63.1,95.0,61.6,63.6,,,29.61,,,,,,,,,,,,,
Back Fence,Temp & Humidity Sensor,2020/11/30 5:35 AM,63.3,95.0,61.8,63.8,,,29.59,,,,,,,,,,,,,
Back Fence,Temp & Humidity Sensor,2020/11/30 5:40 AM,63.3,95.0,61.8,63.8,,,29.6,,,,,,,,,,,,,
Back Fence,Temp & Humidity Sensor,2020/11/30 5:45 AM,63.3,95.0,61.8,63.8,,,29.59,,,,,,,,,,,,,
Back Fence,Temp & Humidity Sensor,2020/11/30 5:50 AM,63.3,95.0,61.8,63.8,,,29.59,,,,,,,,,,,,,
Back Fence,Temp & Humidity Sensor,2020/11/30 5:55 AM,63.3,95.0,61.8,63.8,,,29.59,,,,,,,,,,,,,
Back Fence,Temp & Humidity Sensor,2020/11/30 6:00 AM,63.1,95.0,61.6,63.6,,,29.58,,,,,,,,,,,,,
Back Fence,Temp & Humidity Sensor,2020/11/30 6:05 AM,63.5,95.0,62.0,64.0,,,29.58,,,,,,,,,,,,,
Back Fence,Temp & Humidity Sensor,2020/11/30 6:10 AM,63.6,95.0,62.1,64.1,,,29.57,,,,,,,,,,,,,
Back Fence,Temp & Humidity Sensor,2020/11/30 6:15 AM,63.5,95.0,62.0,64.0,,,29.57,,,,,,,,,,,,,
Back Fence,Temp & Humidity Sensor,2020/11/30 6:20 AM,63.6,95.0,62.1,64.1,,,29.56,,,,,,,,,,,,,
Back Fence,Temp & Humidity Sensor,2020/11/30 6:25 AM,63.6,95.0,62.1,64.1,,,29.56,,,,,,,,,,,,,
Back Fence,Temp & Humidity Sensor,2020/11/30 6:30 AM,63.6,95.0,62.1,64.1,,,29.56,,,,,,,,,,,,,
Back Fence,Temp & Humidity Sensor,2020/11/30 6:35 AM,63.8,95.0,62.3,64.3,,,29.56,,,,,,,,,,,,,
Back Fence,Temp & Humidity Sensor,2020/11/30 6:40 AM,64.0,95.0,62.5,64.6,,,29.56,,,,,,,,,,,,,
Back Fence,Temp & Humidity Sensor,2020/11/30 6:45 AM,64.0,95.0,62.5,64.6,,,29.56,,,,,,,,,,,,,
Back Fence,Temp & Humidity Sensor,2020/11/30 6:50 AM,64.0,95.0,62.5,64.6,,,29.55,,,,,,,,,,,,,
Back Fence,Temp & Humidity Sensor,2020/11/30 6:55 AM,64.0,95.0,62.5,64.6,,,29.55,,,,,,,,,,,,,
Back Fence,Temp & Humidity Sensor,2020/11/30 7:00 AM,64.4,95.0,62.9,65.0,,,29.55,,,,,,,,,,,,,
Back Fence,Temp & Humidity Sensor,2020/11/30 7:05 AM,64.4,95.0,62.9,65.0,,,29.55,,,,,,,,,,,,,
Back Fence,Temp & Humidity Sensor,2020/11/30 7:10 AM,64.4,95.0,62.9,65.0,,,29.55,,,,,,,,,,,,,
Back Fence,Temp & Humidity Sensor,2020/11/30 7:15 AM,64.5,95.0,63.0,65.1,,,29.55,,,,,,,,,,,,,
Back Fence,Temp & Humidity Sensor,2020/11/30 7:20 AM,64.4,95.0,62.9,65.0,,,29.55,,,,,,,,,,,,,
Back Fence,Temp & Humidity Sensor,2020/11/30 7:25 AM,64.5,95.0,63.0,65.1,,,29.54,,,,,,,,,,,,,
Back Fence,Temp & Humidity Sensor,2020/11/30 7:30 AM,64.4,95.0,62.9,65.0,,,29.55,,,,,,,,,,,,,
Back Fence,Temp & Humidity Sensor,2020/11/30 7:35 AM,64.5,95.0,63.0,65.1,,,29.54,,,,,,,,,,,,,
Back Fence,Temp & Humidity Sensor,2020/11/30 7:45 AM,64.5,95.0,63.0,65.1,,,29.54,,,,,,,,,,,,,
Back Fence,Temp & Humidity Sensor,2020/11/30 7:50 AM,64.5,95.0,63.0,65.1,,,29.54,,,,,,,,,,,,,
Back Fence,Temp & Humidity Sensor,2020/11/30 7:55 AM,64.7,95.0,63.2,65.3,,,29.54,,,,,,,,,,,,,
Back Fence,Temp & Humidity Sensor,2020/11/30 8:00 AM,64.7,95.0,63.2,65.3,,,29.54,,,,,,,,,,,,,
Back Fence,Temp & Humidity Sensor,2020/11/30 8:05 AM,64.7,95.0,63.2,65.3,,,29.53,,,,,,,,,,,,,
Back Fence,Temp & Humidity Sensor,2020/11/30 8:10 AM,64.7,95.0,63.2,65.3,,,29.54,,,,,,,,,,,,,
Back Fence,Temp & Humidity Sensor,2020/11/30 8:15 AM,64.9,95.0,63.4,65.6,,,29.53,,,,,,,,,,,,,
Back Fence,Temp & Humidity Sensor,2020/11/30 8:20 AM,65.1,95.0,63.6,65.8,,,29.53,,,,,,,,,,,,,
Back Fence,Temp & Humidity Sensor,2020/11/30 8:25 AM,65.1,95.0,63.6,65.8,,,29.53,,,,,,,,,,,,,
Back Fence,Temp & Humidity Sensor,2020/11/30 8:30 AM,64.9,95.0,63.4,65.6,,,29.53,,,,,,,,,,,,,
Back Fence,Temp & Humidity Sensor,2020/11/30 8:35 AM,64.9,95.0,63.4,65.6,,,29.52,,,,,,,,,,,,,
Back Fence,Temp & Humidity Sensor,2020/11/30 8:40 AM,64.9,95.0,63.4,65.6,,,29.52,,,,,,,,,,,,,
Back Fence,Temp & Humidity Sensor,2020/11/30 8:45 AM,65.1,94.0,63.3,65.7,,,29.52,,,,,,,,,,,,,
Back Fence,Temp & Humidity Sensor,2020/11/30 8:50 AM,65.1,94.0,63.3,65.7,,,29.52,,,,,,,,,,,,,
Back Fence,Temp & Humidity Sensor,2020/11/30 8:55 AM,65.4,94.0,63.6,66.1,,,29.52,,,,,,,,,,,,,
Back Fence,Temp & Humidity Sensor,2020/11/30 9:00 AM,65.8,93.0,63.7,66.5,,,29.52,,,,,,,,,,,,,
Back Fence,Temp & Humidity Sensor,2020/11/30 9:05 AM,65.8,93.0,63.7,66.5,,,29.52,,,,,,,,,,,,,
Back Fence,Temp & Humidity Sensor,2020/11/30 9:10 AM,66.2,91.0,63.5,66.8,,,29.51,,,,,,,,,,,,,
Back Fence,Temp & Humidity Sensor,2020/11/30 9:15 AM,66.2,91.0,63.5,66.8,,,29.51,,,,,,,,,,,,,
Back Fence,Temp & Humidity Sensor,2020/11/30 9:20 AM,66.3,90.0,63.3,66.9,,,29.52,,,,,,,,,,,,,
Back Fence,Temp & Humidity Sensor,2020/11/30 9:25 AM,66.2,89.0,62.9,66.7,,,29.51,,,,,,,,,,,,,
Back Fence,Temp & Humidity Sensor,2020/11/30 9:30 AM,66.5,89.0,63.2,67.0,,,29.51,,,,,,,,,,,,,
Back Fence,Temp & Humidity Sensor,2020/11/30 9:35 AM,66.3,89.0,63.0,66.8,,,29.5,,,,,,,,,,,,,
Back Fence,Temp & Humidity Sensor,2020/11/30 9:40 AM,66.5,90.0,63.5,67.1,,,29.5,,,,,,,,,,,,,
Back Fence,Temp & Humidity Sensor,2020/11/30 9:45 AM,66.9,90.0,63.9,67.5,,,29.5,,,,,,,,,,,,,
Back Fence,Temp & Humidity Sensor,2020/11/30 9:50 AM,66.9,89.0,63.5,67.5,,,29.5,,,,,,,,,,,,,
Back Fence,Temp & Humidity Sensor,2020/11/30 9:55 AM,66.7,90.0,63.7,67.3,,,29.49,,,,,,,,,,,,,
Back Fence,Temp & Humidity Sensor,2020/11/30 10:00 AM,66.5,90.0,63.5,67.1,,,29.5,,,,,,,,,,,,,
Back Fence,Temp & Humidity Sensor,2020/11/30 10:05 AM,66.5,90.0,63.5,67.1,,,29.49,,,,,,,,,,,,,
Back Fence,Temp & Humidity Sensor,2020/11/30 10:10 AM,66.9,90.0,63.9,67.5,,,29.49,,,,,,,,,,,,,
Back Fence,Temp & Humidity Sensor,2020/11/30 10:15 AM,67.2,89.0,63.8,67.8,,,29.49,,,,,,,,,,,,,
Back Fence,Temp & Humidity Sensor,2020/11/30 10:20 AM,67.4,89.0,64.0,68.0,,,29.49,,,,,,,,,,,,,
Back Fence,Temp & Humidity Sensor,2020/11/30 10:25 AM,67.6,89.0,64.2,68.2,,,29.49,,,,,,,,,,,,,
Back Fence,Temp & Humidity Sensor,2020/11/30 10:30 AM,67.4,88.0,63.7,68.0,,,29.49,,,,,,,,,,,,,
Back Fence,Temp & Humidity Sensor,2020/11/30 10:35 AM,67.4,88.0,63.7,68.0,,,29.49,,,,,,,,,,,,,
Back Fence,Temp & Humidity Sensor,2020/11/30 10:40 AM,67.4,88.0,63.7,68.0,,,29.49,,,,,,,,,,,,,
Back Fence,Temp & Humidity Sensor,2020/11/30 10:45 AM,68.5,88.0,64.8,69.2,,,29.49,,,,,,,,,,,,,
Back Fence,Temp & Humidity Sensor,2020/11/30 10:50 AM,69.2,87.0,65.2,69.9,,,29.48,,,,,,,,,,,,,
Back Fence,Temp & Humidity Sensor,2020/11/30 10:55 AM,68.9,86.0,64.5,69.5,,,29.48,,,,,,,,,,,,,
Back Fence,Temp & Humidity Sensor,2020/11/30 11:00 AM,66.3,87.0,62.3,66.7,,,29.49,,,,,,,,,,,,,
Back Fence,Temp & Humidity Sensor,2020/11/30 11:05 AM,63.6,91.0,60.9,63.9,,,29.49,,,,,,,,,,,,,
Back Fence,Temp & Humidity Sensor,2020/11/30 11:10 AM,63.3,92.0,60.9,63.7,,,29.49,,,,,,,,,,,,,
Back Fence,Temp & Humidity Sensor,2020/11/30 11:15 AM,62.9,93.0,60.8,63.3,,,29.49,,,,,,,,,,,,,
Back Fence,Temp & Humidity Sensor,2020/11/30 11:20 AM,62.9,93.0,60.8,63.3,,,29.48,,,,,,,,,,,,,
Back Fence,Temp & Humidity Sensor,2020/11/30 11:25 AM,62.6,93.0,60.5,62.9,,,29.48,,,,,,,,,,,,,
Back Fence,Temp & Humidity Sensor,2020/11/30 11:30 AM,62.9,94.0,61.1,63.3,,,29.48,,,,,,,,,,,,,
Back Fence,Temp & Humidity Sensor,2020/11/30 11:35 AM,63.5,94.0,61.7,64.0,,,29.48,,,,,,,,,,,,,
Back Fence,Temp & Humidity Sensor,2020/11/30 11:40 AM,63.6,93.0,61.5,64.0,,,29.48,,,,,,,,,,,,,
Back Fence,Temp & Humidity Sensor,2020/11/30 11:45 AM,64.9,92.0,62.5,65.4,,,29.47,,,,,,,,,,,,,
Back Fence,Temp & Humidity Sensor,2020/11/30 11:50 AM,65.4,90.0,62.4,65.9,,,29.47,,,,,,,,,,,,,
Back Fence,Temp & Humidity Sensor,2020/11/30 11:55 AM,66.5,89.0,63.2,67.0,,,29.48,,,,,,,,,,,,,
Back Fence,Temp & Humidity Sensor,2020/11/30 12:00 PM,65.8,84.0,60.8,66.0,,,29.48,,,,,,,,,,,,,
Back Fence,Temp & Humidity Sensor,2020/11/30 12:05 PM,65.8,84.0,60.8,66.0,,,29.49,,,,,,,,,,,,,
Back Fence,Temp & Humidity Sensor,2020/11/30 12:10 PM,66.3,79.0,59.6,66.3,,,29.48,,,,,,,,,,,,,
Back Fence,Temp & Humidity Sensor,2020/11/30 12:15 PM,68.0,80.0,61.6,68.3,,,29.48,,,,,,,,,,,,,
Back Fence,Temp & Humidity Sensor,2020/11/30 12:20 PM,68.1,79.0,61.3,68.3,,,29.48,,,,,,,,,,,,,
Back Fence,Temp & Humidity Sensor,2020/11/30 12:25 PM,67.1,78.0,60.0,67.2,,,29.49,,,,,,,,,,,,,
Back Fence,Temp & Humidity Sensor,2020/11/30 12:30 PM,67.6,79.0,60.8,67.8,,,29.48,,,,,,,,,,,,,
Back Fence,Temp & Humidity Sensor,2020/11/30 12:35 PM,68.7,78.0,61.6,68.9,,,29.48,,,,,,,,,,,,,
Back Fence,Temp & Humidity Sensor,2020/11/30 12:40 PM,69.0,77.0,61.5,69.2,,,29.48,,,,,,,,,,,,,
Back Fence,Temp & Humidity Sensor,2020/11/30 12:45 PM,66.3,75.0,58.1,66.2,,,29.48,,,,,,,,,,,,,
Back Fence,Temp & Humidity Sensor,2020/11/30 12:50 PM,65.4,78.0,58.4,65.3,,,29.48,,,,,,,,,,,,,
Back Fence,Temp & Humidity Sensor,2020/11/30 12:55 PM,66.9,73.0,58.0,66.7,,,29.49,,,,,,,,,,,,,
Back Fence,Temp & Humidity Sensor,2020/11/30 1:00 PM,65.8,75.0,57.6,65.6,,,29.49,,,,,,,,,,,,,
Back Fence,Temp & Humidity Sensor,2020/11/30 1:05 PM,66.5,70.0,56.4,66.1,,,29.49,,,,,,,,,,,,,
Back Fence,Temp & Humidity Sensor,2020/11/30 1:10 PM,68.3,64.0,55.6,67.8,,,29.49,,,,,,,,,,,,,
Back Fence,Temp & Humidity Sensor,2020/11/30 1:15 PM,66.3,63.0,53.3,65.6,,,29.49,,,,,,,,,,,,,
Back Fence,Temp & Humidity Sensor,2020/11/30 1:20 PM,65.3,67.0,54.1,64.7,,,29.5,,,,,,,,,,,,,
Back Fence,Temp & Humidity Sensor,2020/11/30 1:25 PM,64.7,66.0,53.1,64.0,,,29.5,,,,,,,,,,,,,
Back Fence,Temp & Humidity Sensor,2020/11/30 1:30 PM,64.0,67.0,52.8,63.2,,,29.5,,,,,,,,,,,,,
Back Fence,Temp & Humidity Sensor,2020/11/30 1:35 PM,64.0,70.0,54.0,63.4,,,29.5,,,,,,,,,,,,,
Back Fence,Temp & Humidity Sensor,2020/11/30 1:40 PM,63.5,72.0,54.3,62.9,,,29.5,,,,,,,,,,,,,
Back Fence,Temp & Humidity Sensor,2020/11/30 1:45 PM,62.9,69.0,52.6,62.1,,,29.5,,,,,,,,,,,,,
Back Fence,Temp & Humidity Sensor,2020/11/30 1:50 PM,62.6,71.0,53.1,61.9,,,29.51,,,,,,,,,,,,,
Back Fence,Temp & Humidity Sensor,2020/11/30 1:55 PM,62.6,71.0,53.1,61.9,,,29.51,,,,,,,,,,,,,
Back Fence,Temp & Humidity Sensor,2020/11/30 2:00 PM,63.3,74.0,54.9,62.8,,,29.51,,,,,,,,,,,,,
Back Fence,Temp & Humidity Sensor,2020/11/30 2:05 PM,63.1,70.0,53.2,62.4,,,29.51,,,,,,,,,,,,,
Back Fence,Temp & Humidity Sensor,2020/11/30 2:10 PM,62.4,71.0,52.9,61.7,,,29.51,,,,,,,,,,,,,
Back Fence,Temp & Humidity Sensor,2020/11/30 2:15 PM,61.8,70.0,51.9,61.0,,,29.51,,,,,,,,,,,,,
Back Fence,Temp & Humidity Sensor,2020/11/30 2:20 PM,61.5,71.0,52.0,60.7,,,29.51,,,,,,,,,,,,,
Back Fence,Temp & Humidity Sensor,2020/11/30 2:25 PM,61.1,72.0,52.0,60.3,,,29.52,,,,,,,,,,,,,
Back Fence,Temp & Humidity Sensor,2020/11/30 2:30 PM,60.4,72.0,51.3,59.5,,,29.52,,,,,,,,,,,,,
Back Fence,Temp & Humidity Sensor,2020/11/30 2:35 PM,60.0,72.0,50.9,59.1,,,29.52,,,,,,,,,,,,,
Back Fence,Temp & Humidity Sensor,2020/11/30 2:40 PM,59.7,73.0,51.0,58.8,,,29.53,,,,,,,,,,,,,
Back Fence,Temp & Humidity Sensor,2020/11/30 2:45 PM,59.5,75.0,51.6,58.7,,,29.53,,,,,,,,,,,,,
Back Fence,Temp & Humidity Sensor,2020/11/30 2:50 PM,59.3,76.0,51.7,58.5,,,29.53,,,,,,,,,,,,,
Back Fence,Temp & Humidity Sensor,2020/11/30 2:55 PM,59.5,75.0,51.6,58.7,,,29.53,,,,,,,,,,,,,
Back Fence,Temp & Humidity Sensor,2020/11/30 3:00 PM,59.5,75.0,51.6,58.7,,,29.53,,,,,,,,,,,,,
Back Fence,Temp & Humidity Sensor,2020/11/30 3:05 PM,59.5,74.0,51.2,58.6,,,29.53,,,,,,,,,,,,,
Back Fence,Temp & Humidity Sensor,2020/11/30 3:10 PM,59.1,75.0,51.2,58.2,,,29.53,,,,,,,,,,,,,
Back Fence,Temp & Humidity Sensor,2020/11/30 3:15 PM,59.1,75.0,51.2,58.2,,,29.54,,,,,,,,,,,,,
Back Fence,Temp & Humidity Sensor,2020/11/30 3:20 PM,58.8,76.0,51.2,58.0,,,29.54,,,,,,,,,,,,,
Back Fence,Temp & Humidity Sensor,2020/11/30 3:25 PM,58.6,76.0,51.1,57.7,,,29.54,,,,,,,,,,,,,
Back Fence,Temp & Humidity Sensor,2020/11/30 3:30 PM,58.4,77.0,51.2,57.6,,,29.54,,,,,,,,,,,,,
Back Fence,Temp & Humidity Sensor,2020/11/30 3:35 PM,58.2,77.0,51.0,57.3,,,29.55,,,,,,,,,,,,,
Back Fence,Temp & Humidity Sensor,2020/11/30 3:40 PM,58.2,77.0,51.0,57.3,,,29.54,,,,,,,,,,,,,
Back Fence,Temp & Humidity Sensor,2020/11/30 3:45 PM,58.2,78.0,51.4,57.4,,,29.54,,,,,,,,,,,,,
Back Fence,Temp & Humidity Sensor,2020/11/30 3:50 PM,58.2,78.0,51.4,57.4,,,29.55,,,,,,,,,,,,,
Back Fence,Temp & Humidity Sensor,2020/11/30 3:55 PM,58.1,78.0,51.3,57.3,,,29.55,,,,,,,,,,,,,
Back Fence,Temp & Humidity Sensor,2020/11/30 4:00 PM,57.9,78.0,51.1,57.1,,,29.55,,,,,,,,,,,,,
Back Fence,Temp & Humidity Sensor,2020/11/30 4:05 PM,57.7,76.0,50.2,56.7,,,29.55,,,,,,,,,,,,,
Back Fence,Temp & Humidity Sensor,2020/11/30 4:10 PM,57.5,77.0,50.3,56.6,,,29.56,,,,,,,,,,,,,
Back Fence,Temp & Humidity Sensor,2020/11/30 4:15 PM,57.3,77.0,50.2,56.3,,,29.56,,,,,,,,,,,,,
Back Fence,Temp & Humidity Sensor,2020/11/30 4:20 PM,57.2,78.0,50.4,56.3,,,29.56,,,,,,,,,,,,,
Back Fence,Temp & Humidity Sensor,2020/11/30 4:25 PM,57.0,78.0,50.2,56.1,,,29.56,,,,,,,,,,,,,
Back Fence,Temp & Humidity Sensor,2020/11/30 4:30 PM,56.8,78.0,50.0,55.8,,,29.56,,,,,,,,,,,,,
Back Fence,Temp & Humidity Sensor,2020/11/30 4:35 PM,56.8,78.0,50.0,55.8,,,29.56,,,,,,,,,,,,,
Back Fence,Temp & Humidity Sensor,2020/11/30 4:40 PM,56.8,78.0,50.0,55.8,,,29.57,,,,,,,,,,,,,
Back Fence,Temp & Humidity Sensor,2020/11/30 4:45 PM,56.6,78.0,49.8,55.6,,,29.57,,,,,,,,,,,,,
Back Fence,Temp & Humidity Sensor,2020/11/30 4:50 PM,56.4,78.0,49.6,55.4,,,29.57,,,,,,,,,,,,,
Back Fence,Temp & Humidity Sensor,2020/11/30 4:55 PM,56.3,79.0,49.9,55.3,,,29.57,,,,,,,,,,,,,
Back Fence,Temp & Humidity Sensor,2020/11/30 5:00 PM,56.3,79.0,49.9,55.3,,,29.57,,,,,,,,,,,,,
Back Fence,Temp & Humidity Sensor,2020/11/30 5:05 PM,56.3,79.0,49.9,55.3,,,29.58,,,,,,,,,,,,,
Back Fence,Temp & Humidity Sensor,2020/11/30 5:10 PM,56.1,80.0,50.0,55.2,,,29.58,,,,,,,,,,,,,
Back Fence,Temp & Humidity Sensor,2020/11/30 5:15 PM,56.3,79.0,49.9,55.3,,,29.58,,,,,,,,,,,,,
Back Fence,Temp & Humidity Sensor,2020/11/30 5:20 PM,56.3,79.0,49.9,55.3,,,29.59,,,,,,,,,,,,,
Back Fence,Temp & Humidity Sensor,2020/11/30 5:25 PM,56.1,78.0,49.3,55.1,,,29.59,,,,,,,,,,,,,
Back Fence,Temp & Humidity Sensor,2020/11/30 5:30 PM,55.9,77.0,48.8,54.8,,,29.59,,,,,,,,,,,,,
Back Fence,Temp & Humidity Sensor,2020/11/30 5:35 PM,55.5,78.0,48.8,54.4,,,29.59,,,,,,,,,,,,,
Back Fence,Temp & Humidity Sensor,2020/11/30 5:40 PM,55.2,79.0,48.8,54.1,,,29.59,,,,,,,,,,,,,
Back Fence,Temp & Humidity Sensor,2020/11/30 5:45 PM,54.8,79.0,48.4,53.7,,,29.59,,,,,,,,,,,,,
Back Fence,Temp & Humidity Sensor,2020/11/30 5:50 PM,54.6,79.0,48.2,53.5,,,29.59,,,,,,,,,,,,,
Back Fence,Temp & Humidity Sensor,2020/11/30 5:55 PM,54.6,79.0,48.2,53.5,,,29.59,,,,,,,,,,,,,
Back Fence,Temp & Humidity Sensor,2020/11/30 6:00 PM,54.5,79.0,48.1,53.4,,,29.59,,,,,,,,,,,,,
Back Fence,Temp & Humidity Sensor,2020/11/30 6:05 PM,54.3,79.0,47.9,53.1,,,29.59,,,,,,,,,,,,,
Back Fence,Temp & Humidity Sensor,2020/11/30 6:10 PM,53.7,79.0,47.3,52.5,,,29.59,,,,,,,,,,,,,
Back Fence,Temp & Humidity Sensor,2020/11/30 6:15 PM,53.2,80.0,47.2,52.0,,,29.6,,,,,,,,,,,,,
Back Fence,Temp & Humidity Sensor,2020/11/30 6:20 PM,53.0,81.0,47.3,51.8,,,29.6,,,,,,,,,,,,,
Back Fence,Temp & Humidity Sensor,2020/11/30 6:25 PM,53.4,80.0,47.4,52.2,,,29.6,,,,,,,,,,,,,
Back Fence,Temp & Humidity Sensor,2020/11/30 6:30 PM,53.2,80.0,47.2,52.0,,,29.6,,,,,,,,,,,,,
Back Fence,Temp & Humidity Sensor,2020/11/30 6:35 PM,53.0,80.0,47.0,51.8,,,29.61,,,,,,,,,,,,,
Back Fence,Temp & Humidity Sensor,2020/11/30 6:40 PM,53.0,81.0,47.3,51.8,,,29.61,,,,,,,,,,,,,
Back Fence,Temp & Humidity Sensor,2020/11/30 6:45 PM,53.0,81.0,47.3,51.8,,,29.61,,,,,,,,,,,,,
Back Fence,Temp & Humidity Sensor,2020/11/30 6:50 PM,52.8,81.0,47.1,51.6,,,29.61,,,,,,,,,,,,,
Back Fence,Temp & Humidity Sensor,2020/11/30 6:55 PM,52.8,80.0,46.8,51.5,,,29.61,,,,,,,,,,,,,
Back Fence,Temp & Humidity Sensor,2020/11/30 7:00 PM,52.7,80.0,46.7,51.4,,,29.61,,,,,,,,,,,,,
Back Fence,Temp & Humidity Sensor,2020/11/30 7:05 PM,52.3,80.0,46.3,51.0,,,29.61,,,,,,,,,,,,,
Back Fence,Temp & Humidity Sensor,2020/11/30 7:10 PM,52.1,80.0,46.1,50.8,,,29.62,,,,,,,,,,,,,
Back Fence,Temp & Humidity Sensor,2020/11/30 7:15 PM,52.1,80.0,46.1,50.8,,,29.62,,,,,,,,,,,,,
Back Fence,Temp & Humidity Sensor,2020/11/30 7:20 PM,51.8,81.0,46.2,50.5,,,29.62,,,,,,,,,,,,,
Back Fence,Temp & Humidity Sensor,2020/11/30 7:25 PM,51.8,81.0,46.2,50.5,,,29.63,,,,,,,,,,,,,
Back Fence,Temp & Humidity Sensor,2020/11/30 7:30 PM,51.8,81.0,46.2,50.5,,,29.63,,,,,,,,,,,,,
Back Fence,Temp & Humidity Sensor,2020/11/30 7:35 PM,52.1,81.0,46.4,50.8,,,29.63,,,,,,,,,,,,,
Back Fence,Temp & Humidity Sensor,2020/11/30 7:40 PM,52.3,82.0,47.0,51.1,,,29.63,,,,,,,,,,,,,
Back Fence,Temp & Humidity Sensor,2020/11/30 7:45 PM,52.1,78.0,45.5,50.7,,,29.63,,,,,,,,,,,,,
Back Fence,Temp & Humidity Sensor,2020/11/30 7:50 PM,51.9,71.0,42.8,50.1,,,29.64,,,,,,,,,,,,,
Back Fence,Temp & Humidity Sensor,2020/11/30 7:55 PM,51.4,63.0,39.2,49.2,,,29.64,,,,,,,,,,,,,
Back Fence,Temp & Humidity Sensor,2020/11/30 8:00 PM,51.2,65.0,39.8,49.1,,,29.65,,,,,,,,,,,,,
Back Fence,Temp & Humidity Sensor,2020/11/30 8:05 PM,50.9,64.0,39.2,48.7,,,29.65,,,,,,,,,,,,,
Back Fence,Temp & Humidity Sensor,2020/11/30 8:10 PM,50.9,66.0,40.0,48.8,,,29.65,,,,,,,,,,,,,
Back Fence,Temp & Humidity Sensor,2020/11/30 8:15 PM,50.5,65.0,39.2,48.3,,,29.65,,,,,,,,,,,,,
Back Fence,Temp & Humidity Sensor,2020/11/30 8:20 PM,50.3,64.0,38.6,48.0,,,29.66,,,,,,,,,,,,,
Back Fence,Temp & Humidity Sensor,2020/11/30 8:25 PM,50.1,66.0,39.2,47.9,,,29.66,,,,,,,,,,,,,
Back Fence,Temp & Humidity Sensor,2020/11/30 8:30 PM,50.1,63.0,38.0,47.8,,,29.66,,,,,,,,,,,,,
Back Fence,Temp & Humidity Sensor,2020/11/30 8:35 PM,49.8,63.0,37.7,47.4,,,29.66,,,,,,,,,,,,,
Back Fence,Temp & Humidity Sensor,2020/11/30 8:40 PM,49.2,64.0,37.5,46.8,,,29.65,,,,,,,,,,,,,
Back Fence,Temp & Humidity Sensor,2020/11/30 8:45 PM,49.1,65.0,37.8,46.8,,,29.66,,,,,,,,,,,,,
Back Fence,Temp & Humidity Sensor,2020/11/30 8:50 PM,49.2,64.0,37.5,46.8,,,29.66,,,,,,,,,,,,,
Back Fence,Temp & Humidity Sensor,2020/11/30 8:55 PM,49.2,62.0,36.7,46.7,,,29.66,,,,,,,,,,,,,
Back Fence,Temp & Humidity Sensor,2020/11/30 9:00 PM,49.1,64.0,37.5,46.7,,,29.66,,,,,,,,,,,,,
Back Fence,Temp & Humidity Sensor,2020/11/30 9:05 PM,48.9,64.0,37.3,46.5,,,29.67,,,,,,,,,,,,,
Back Fence,Temp & Humidity Sensor,2020/11/30 9:10 PM,48.7,64.0,37.1,46.3,,,29.67,,,,,,,,,,,,,
Back Fence,Temp & Humidity Sensor,2020/11/30 9:15 PM,48.3,65.0,37.1,45.9,,,29.67,,,,,,,,,,,,,
Back Fence,Temp & Humidity Sensor,2020/11/30 9:20 PM,48.2,64.0,36.6,45.7,,,29.67,,,,,,,,,,,,,
Back Fence,Temp & Humidity Sensor,2020/11/30 9:25 PM,48.2,64.0,36.6,45.7,,,29.67,,,,,,,,,,,,,
Back Fence,Temp & Humidity Sensor,2020/11/30 9:30 PM,48.2,65.0,37.0,45.8,,,29.67,,,,,,,,,,,,,
Back Fence,Temp & Humidity Sensor,2020/11/30 9:35 PM,48.0,63.0,36.0,45.5,,,29.67,,,,,,,,,,,,,
Back Fence,Temp & Humidity Sensor,2020/11/30 9:40 PM,47.8,63.0,35.8,45.2,,,29.67,,,,,,,,,,,,,
Back Fence,Temp & Humidity Sensor,2020/11/30 9:45 PM,47.8,62.0,35.4,45.2,,,29.67,,,,,,,,,,,,,
Back Fence,Temp & Humidity Sensor,2020/11/30 9:50 PM,47.6,63.0,35.6,45.0,,,29.68,,,,,,,,,,,,,
Back Fence,Temp & Humidity Sensor,2020/11/30 9:55 PM,47.4,63.0,35.4,44.8,,,29.68,,,,,,,,,,,,,
Back Fence,Temp & Humidity Sensor,2020/11/30 10:00 PM,47.1,65.0,35.9,44.6,,,29.68,,,,,,,,,,,,,
Back Fence,Temp & Humidity Sensor,2020/11/30 10:05 PM,47.1,67.0,36.7,44.7,,,29.68,,,,,,,,,,,,,
Back Fence,Temp & Humidity Sensor,2020/11/30 10:10 PM,47.1,68.0,37.1,44.7,,,29.69,,,,,,,,,,,,,
Back Fence,Temp & Humidity Sensor,2020/11/30 10:15 PM,47.1,68.0,37.1,44.7,,,29.69,,,,,,,,,,,,,
Back Fence,Temp & Humidity Sensor,2020/11/30 10:20 PM,47.1,69.0,37.5,44.8,,,29.69,,,,,,,,,,,,,
Back Fence,Temp & Humidity Sensor,2020/11/30 10:25 PM,47.1,70.0,37.8,44.8,,,29.69,,,,,,,,,,,,,
Back Fence,Temp & Humidity Sensor,2020/11/30 10:30 PM,47.1,70.0,37.8,44.8,,,29.69,,,,,,,,,,,,,
Back Fence,Temp & Humidity Sensor,2020/11/30 10:35 PM,46.9,70.0,37.6,44.6,,,29.69,,,,,,,,,,,,,
Back Fence,Temp & Humidity Sensor,2020/11/30 10:40 PM,46.7,70.0,37.4,44.4,,,29.7,,,,,,,,,,,,,
Back Fence,Temp & Humidity Sensor,2020/11/30 10:45 PM,46.4,70.0,37.2,44.0,,,29.7,,,,,,,,,,,,,
Back Fence,Temp & Humidity Sensor,2020/11/30 10:50 PM,46.4,70.0,37.2,44.0,,,29.69,,,,,,,,,,,,,
Back Fence,Temp & Humidity Sensor,2020/11/30 10:55 PM,46.5,70.0,37.3,44.1,,,29.7,,,,,,,,,,,,,
Back Fence,Temp & Humidity Sensor,2020/11/30 11:00 PM,46.2,70.0,37.0,43.8,,,29.7,,,,,,,,,,,,,
Back Fence,Temp & Humidity Sensor,2020/11/30 11:05 PM,46.0,70.0,36.8,43.6,,,29.7,,,,,,,,,,,,,
Back Fence,Temp & Humidity Sensor,2020/11/30 11:10 PM,45.5,70.0,36.3,43.0,,,29.69,,,,,,,,,,,,,
Back Fence,Temp & Humidity Sensor,2020/11/30 11:15 PM,45.1,71.0,36.3,42.6,,,29.69,,,,,,,,,,,,,
Back Fence,Temp & Humidity Sensor,2020/11/30 11:20 PM,44.7,71.0,35.9,42.2,,,29.7,,,,,,,,,,,,,
Back Fence,Temp & Humidity Sensor,2020/11/30 11:25 PM,44.9,71.0,36.1,42.4,,,29.7,,,,,,,,,,,,,
Back Fence,Temp & Humidity Sensor,2020/11/30 11:30 PM,45.3,71.0,36.5,42.9,,,29.7,,,,,,,,,,,,,
Back Fence,Temp & Humidity Sensor,2020/11/30 11:35 PM,45.6,71.0,36.7,43.2,,,29.7,,,,,,,,,,,,,
Back Fence,Temp & Humidity Sensor,2020/11/30 11:40 PM,45.6,71.0,36.7,43.2,,,29.7,,,,,,,,,,,,,
Back Fence,Temp & Humidity Sensor,2020/11/30 11:45 PM,45.6,69.0,36.0,43.1,,,29.7,,,,,,,,,,,,,
Back Fence,Temp & Humidity Sensor,2020/11/30 11:50 PM,45.6,70.0,36.4,43.1,,,29.7,,,,,,,,,,,,,
Back Fence,Temp & Humidity Sensor,2020/11/30 11:55 PM,45.6,68.0,35.7,43.1,,,29.7,,,,,,,,,,,,,
Back Fence,Temp & Humidity Sensor,2020/12/01 12:00 AM,45.5,68.0,35.6,42.9,,,29.7,,,,,,,,,,,,,
Back Fence,Temp & Humidity Sensor,2020/12/01 12:05 AM,45.3,69.0,35.7,42.8,,,29.7,,,,,,,,,,,,,
Back Fence,Temp & Humidity Sensor,2020/12/01 12:10 AM,45.1,68.0,35.2,42.5,,,29.7,,,,,,,,,,,,,
Back Fence,Temp & Humidity Sensor,2020/12/01 12:15 AM,45.1,67.0,34.8,42.5,,,29.7,,,,,,,,,,,,,
Back Fence,Temp & Humidity Sensor,2020/12/01 12:20 AM,45.1,68.0,35.2,42.5,,,29.7,,,,,,,,,,,,,
Back Fence,Temp & Humidity Sensor,2020/12/01 12:25 AM,44.9,68.0,35.0,42.3,,,29.7,,,,,,,,,,,,,
Back Fence,Temp & Humidity Sensor,2020/12/01 12:30 AM,44.6,68.0,34.7,42.0,,,29.7,,,,,,,,,,,,,
Back Fence,Temp & Humidity Sensor,2020/12/01 12:35 AM,44.6,69.0,35.1,42.0,,,29.7,,,,,,,,,,,,,
Back Fence,Temp & Humidity Sensor,2020/12/01 12:40 AM,44.2,71.0,35.4,41.7,,,29.7,,,,,,,,,,,,,
Back Fence,Temp & Humidity Sensor,2020/12/01 12:45 AM,44.4,70.0,35.2,41.8,,,29.7,,,,,,,,,,,,,
Back Fence,Temp & Humidity Sensor,2020/12/01 12:50 AM,44.4,69.0,34.9,41.8,,,29.7,,,,,,,,,,,,,
Back Fence,Temp & Humidity Sensor,2020/12/01 12:55 AM,44.2,70.0,35.0,41.6,,,29.7,,,,,,,,,,,,,
Back Fence,Temp & Humidity Sensor,2020/12/01 1:00 AM,44.2,70.0,35.0,41.6,,,29.7,,,,,,,,,,,,,
Back Fence,Temp & Humidity Sensor,2020/12/01 1:05 AM,44.2,70.0,35.0,41.6,,,29.7,,,,,,,,,,,,,
Back Fence,Temp & Humidity Sensor,2020/12/01 1:10 AM,44.0,71.0,35.2,41.4,,,29.7,,,,,,,,,,,,,
Back Fence,Temp & Humidity Sensor,2020/12/01 1:15 AM,44.2,71.0,35.4,41.7,,,29.7,,,,,,,,,,,,,
Back Fence,Temp & Humidity Sensor,2020/12/01 1:20 AM,44.2,71.0,35.4,41.7,,,29.7,,,,,,,,,,,,,
Back Fence,Temp & Humidity Sensor,2020/12/01 1:25 AM,44.2,70.0,35.0,41.6,,,29.71,,,,,,,,,,,,,
Back Fence,Temp & Humidity Sensor,2020/12/01 1:30 AM,44.2,71.0,35.4,41.7,,,29.71,,,,,,,,,,,,,
Back Fence,Temp & Humidity Sensor,2020/12/01 1:35 AM,43.8,71.0,35.0,41.2,,,29.71,,,,,,,,,,,,,
Back Fence,Temp & Humidity Sensor,2020/12/01 1:40 AM,43.8,70.0,34.7,41.2,,,29.71,,,,,,,,,,,,,
Back Fence,Temp & Humidity Sensor,2020/12/01 1:45 AM,43.5,70.0,34.4,40.8,,,29.72,,,,,,,,,,,,,
Back Fence,Temp & Humidity Sensor,2020/12/01 1:50 AM,43.5,71.0,34.7,40.9,,,29.72,,,,,,,,,,,,,
Back Fence,Temp & Humidity Sensor,2020/12/01 1:55 AM,43.5,70.0,34.4,40.8,,,29.72,,,,,,,,,,,,,
Back Fence,Temp & Humidity Sensor,2020/12/01 2:00 AM,43.3,70.0,34.2,40.6,,,29.72,,,,,,,,,,,,,
Back Fence,Temp & Humidity Sensor,2020/12/01 2:05 AM,43.5,69.0,34.0,40.8,,,29.72,,,,,,,,,,,,,
Back Fence,Temp & Humidity Sensor,2020/12/01 2:10 AM,43.5,70.0,34.4,40.8,,,29.72,,,,,,,,,,,,,
Back Fence,Temp & Humidity Sensor,2020/12/01 2:15 AM,43.5,68.0,33.7,40.7,,,29.73,,,,,,,,,,,,,
Back Fence,Temp & Humidity Sensor,2020/12/01 2:20 AM,43.5,68.0,33.7,40.7,,,29.73,,,,,,,,,,,,,
Back Fence,Temp & Humidity Sensor,2020/12/01 2:25 AM,43.5,68.0,33.7,40.7,,,29.73,,,,,,,,,,,,,
Back Fence,Temp & Humidity Sensor,2020/12/01 2:30 AM,43.5,69.0,34.0,40.8,,,29.73,,,,,,,,,,,,,
Back Fence,Temp & Humidity Sensor,2020/12/01 2:35 AM,43.5,68.0,33.7,40.7,,,29.73,,,,,,,,,,,,,
Back Fence,Temp & Humidity Sensor,2020/12/01 2:40 AM,43.5,67.0,33.3,40.7,,,29.73,,,,,,,,,,,,,
Back Fence,Temp & Humidity Sensor,2020/12/01 2:45 AM,43.5,68.0,33.7,40.7,,,29.73,,,,,,,,,,,,,
Back Fence,Temp & Humidity Sensor,2020/12/01 2:50 AM,43.5,69.0,34.0,40.8,,,29.74,,,,,,,,,,,,,
Back Fence,Temp & Humidity Sensor,2020/12/01 2:55 AM,43.5,68.0,33.7,40.7,,,29.74,,,,,,,,,,,,,
Back Fence,Temp & Humidity Sensor,2020/12/01 3:00 AM,43.3,68.0,33.5,40.5,,,29.74,,,,,,,,,,,,,
Back Fence,Temp & Humidity Sensor,2020/12/01 3:05 AM,43.1,66.0,32.5,40.2,,,29.74,,,,,,,,,,,,,
Back Fence,Temp & Humidity Sensor,2020/12/01 3:10 AM,42.6,70.0,33.5,39.9,,,29.74,,,,,,,,,,,,,
Back Fence,Temp & Humidity Sensor,2020/12/01 3:15 AM,42.2,70.0,33.1,39.4,,,29.74,,,,,,,,,,,,,
Back Fence,Temp & Humidity Sensor,2020/12/01 3:20 AM,42.2,71.0,33.5,39.5,,,29.74,,,,,,,,,,,,,
Back Fence,Temp & Humidity Sensor,2020/12/01 3:25 AM,42.4,72.0,34.0,39.7,,,29.74,,,,,,,,,,,,,
Back Fence,Temp & Humidity Sensor,2020/12/01 3:30 AM,42.4,72.0,34.0,39.7,,,29.74,,,,,,,,,,,,,
Back Fence,Temp & Humidity Sensor,2020/12/01 3:35 AM,42.2,73.0,34.2,39.6,,,29.74,,,,,,,,,,,,,
Back Fence,Temp & Humidity Sensor,2020/12/01 3:40 AM,42.2,73.0,34.2,39.6,,,29.75,,,,,,,,,,,,,
Back Fence,Temp & Humidity Sensor,2020/12/01 3:45 AM,42.0,73.0,34.0,39.3,,,29.75,,,,,,,,,,,,,
Back Fence,Temp & Humidity Sensor,2020/12/01 3:50 AM,41.9,73.0,33.9,39.2,,,29.75,,,,,,,,,,,,,
Back Fence,Temp & Humidity Sensor,2020/12/01 3:55 AM,41.9,73.0,33.9,39.2,,,29.75,,,,,,,,,,,,,
Back Fence,Temp & Humidity Sensor,2020/12/01 4:00 AM,42.0,73.0,34.0,39.3,,,29.75,,,,,,,,,,,,,
Back Fence,Temp & Humidity Sensor,2020/12/01 4:05 AM,42.0,73.0,34.0,39.3,,,29.75,,,,,,,,,,,,,
Back Fence,Temp & Humidity Sensor,2020/12/01 4:10 AM,42.2,73.0,34.2,39.6,,,29.76,,,,,,,,,,,,,
Back Fence,Temp & Humidity Sensor,2020/12/01 4:15 AM,42.2,72.0,33.8,39.5,,,29.76,,,,,,,,,,,,,
Back Fence,Temp & Humidity Sensor,2020/12/01 4:20 AM,42.2,71.0,33.5,39.5,,,29.76,,,,,,,,,,,,,
Back Fence,Temp & Humidity Sensor,2020/12/01 4:25 AM,42.2,71.0,33.5,39.5,,,29.76,,,,,,,,,,,,,
Back Fence,Temp & Humidity Sensor,2020/12/01 4:30 AM,42.2,71.0,33.5,39.5,,,29.76,,,,,,,,,,,,,
Back Fence,Temp & Humidity Sensor,2020/12/01 4:35 AM,42.0,71.0,33.3,39.2,,,29.76,,,,,,,,,,,,,
Back Fence,Temp & Humidity Sensor,2020/12/01 4:40 AM,41.9,71.0,33.2,39.1,,,29.76,,,,,,,,,,,,,
Back Fence,Temp & Humidity Sensor,2020/12/01 4:45 AM,41.7,71.0,33.0,38.9,,,29.76,,,,,,,,,,,,,
Back Fence,Temp & Humidity Sensor,2020/12/01 4:50 AM,41.7,71.0,33.0,38.9,,,29.77,,,,,,,,,,,,,
Back Fence,Temp & Humidity Sensor,2020/12/01 4:55 AM,41.5,71.0,32.8,38.7,,,29.77,,,,,,,,,,,,,
Back Fence,Temp & Humidity Sensor,2020/12/01 5:00 AM,41.3,71.0,32.6,38.5,,,29.77,,,,,,,,,,,,,
Back Fence,Temp & Humidity Sensor,2020/12/01 5:05 AM,41.1,71.0,32.4,38.2,,,29.77,,,,,,,,,,,,,
Back Fence,Temp & Humidity Sensor,2020/12/01 5:10 AM,41.0,72.0,32.7,38.2,,,29.77,,,,,,,,,,,,,
Back Fence,Temp & Humidity Sensor,2020/12/01 5:15 AM,40.8,72.0,32.5,38.0,,,29.78,,,,,,,,,,,,,
Back Fence,Temp & Humidity Sensor,2020/12/01 5:20 AM,40.8,73.0,32.8,38.0,,,29.78,,,,,,,,,,,,,
Back Fence,Temp & Humidity Sensor,2020/12/01 5:25 AM,40.6,73.0,32.6,37.8,,,29.79,,,,,,,,,,,,,
Back Fence,Temp & Humidity Sensor,2020/12/01 5:30 AM,40.2,73.0,32.2,37.4,,,29.79,,,,,,,,,,,,,
Back Fence,Temp & Humidity Sensor,2020/12/01 5:35 AM,39.9,73.0,32.0,39.9,,,29.79,,,,,,,,,,,,,
Back Fence,Temp & Humidity Sensor,2020/12/01 5:40 AM,39.3,73.0,31.4,39.3,,,29.79,,,,,,,,,,,,,
Back Fence,Temp & Humidity Sensor,2020/12/01 5:45 AM,39.2,74.0,31.6,39.2,,,29.8,,,,,,,,,,,,,
Back Fence,Temp & Humidity Sensor,2020/12/01 5:50 AM,39.0,75.0,31.8,39.0,,,29.8,,,,,,,,,,,,,
Back Fence,Temp & Humidity Sensor,2020/12/01 5:55 AM,38.8,75.0,31.6,38.8,,,29.8,,,,,,,,,,,,,
Back Fence,Temp & Humidity Sensor,2020/12/01 6:00 AM,39.2,75.0,32.0,39.2,,,29.8,,,,,,,,,,,,,
Back Fence,Temp & Humidity Sensor,2020/12/01 6:05 AM,39.2,75.0,32.0,39.2,,,29.81,,,,,,,,,,,,,
Back Fence,Temp & Humidity Sensor,2020/12/01 6:10 AM,39.5,74.0,31.9,39.5,,,29.81,,,,,,,,,,,,,
Back Fence,Temp & Humidity Sensor,2020/12/01 6:15 AM,39.3,72.0,31.0,39.3,,,29.81,,,,,,,,,,,,,
Back Fence,Temp & Humidity Sensor,2020/12/01 6:20 AM,39.2,72.0,30.9,39.2,,,29.81,,,,,,,,,,,,,
Back Fence,Temp & Humidity Sensor,2020/12/01 6:25 AM,38.8,72.0,30.6,38.8,,,29.82,,,,,,,,,,,,,
Back Fence,Temp & Humidity Sensor,2020/12/01 6:30 AM,38.3,72.0,30.1,38.3,,,29.82,,,,,,,,,,,,,
Back Fence,Temp & Humidity Sensor,2020/12/01 6:35 AM,38.3,71.0,29.7,38.3,,,29.82,,,,,,,,,,,,,
Back Fence,Temp & Humidity Sensor,2020/12/01 6:40 AM,37.9,71.0,29.4,37.9,,,29.83,,,,,,,,,,,,,
Back Fence,Temp & Humidity Sensor,2020/12/01 6:45 AM,37.5,71.0,29.0,37.5,,,29.83,,,,,,,,,,,,,
Back Fence,Temp & Humidity Sensor,2020/12/01 6:50 AM,37.9,70.0,29.0,37.9,,,29.83,,,,,,,,,,,,,
Back Fence,Temp & Humidity Sensor,2020/12/01 6:55 AM,37.4,70.0,28.5,37.4,,,29.83,,,,,,,,,,,,,
Back Fence,Temp & Humidity Sensor,2020/12/01 7:00 AM,37.0,72.0,28.8,37.0,,,29.84,,,,,,,,,,,,,
Back Fence,Temp & Humidity Sensor,2020/12/01 7:05 AM,36.6,72.0,28.4,36.6,,,29.84,,,,,,,,,,,,,
Back Fence,Temp & Humidity Sensor,2020/12/01 7:10 AM,36.5,72.0,28.3,36.5,,,29.84,,,,,,,,,,,,,
Back Fence,Temp & Humidity Sensor,2020/12/01 7:15 AM,36.3,73.0,28.5,36.3,,,29.85,,,,,,,,,,,,,
Back Fence,Temp & Humidity Sensor,2020/12/01 7:20 AM,36.3,72.0,28.2,36.3,,,29.85,,,,,,,,,,,,,
Back Fence,Temp & Humidity Sensor,2020/12/01 7:25 AM,36.1,73.0,28.3,36.1,,,29.85,,,,,,,,,,,,,
Back Fence,Temp & Humidity Sensor,2020/12/01 7:30 AM,36.1,73.0,28.3,36.1,,,29.85,,,,,,,,,,,,,
Back Fence,Temp & Humidity Sensor,2020/12/01 7:35 AM,36.5,73.0,28.7,36.5,,,29.86,,,,,,,,,,,,,
Back Fence,Temp & Humidity Sensor,2020/12/01 7:40 AM,36.6,72.0,28.4,36.6,,,29.86,,,,,,,,,,,,,
Back Fence,Temp & Humidity Sensor,2020/12/01 7:45 AM,36.6,73.0,28.8,36.6,,,29.86,,,,,,,,,,,,,
Back Fence,Temp & Humidity Sensor,2020/12/01 7:50 AM,37.2,71.0,28.7,37.2,,,29.87,,,,,,,,,,,,,
Back Fence,Temp & Humidity Sensor,2020/12/01 7:55 AM,37.4,70.0,28.5,37.4,,,29.87,,,,,,,,,,,,,
Back Fence,Temp & Humidity Sensor,2020/12/01 8:00 AM,37.4,70.0,28.5,37.4,,,29.87,,,,,,,,,,,,,
Back Fence,Temp & Humidity Sensor,2020/12/01 8:05 AM,37.9,69.0,28.7,37.9,,,29.87,,,,,,,,,,,,,
Back Fence,Temp & Humidity Sensor,2020/12/01 8:10 AM,37.9,69.0,28.7,37.9,,,29.87,,,,,,,,,,,,,
Back Fence,Temp & Humidity Sensor,2020/12/01 8:15 AM,38.3,68.0,28.7,38.3,,,29.88,,,,,,,,,,,,,
Back Fence,Temp & Humidity Sensor,2020/12/01 8:20 AM,38.4,68.0,28.8,38.4,,,29.88,,,,,,,,,,,,,
Back Fence,Temp & Humidity Sensor,2020/12/01 8:25 AM,39.0,67.0,29.0,39.0,,,29.88,,,,,,,,,,,,,
Back Fence,Temp & Humidity Sensor,2020/12/01 8:30 AM,39.2,65.0,28.4,39.2,,,29.88,,,,,,,,,,,,,
Back Fence,Temp & Humidity Sensor,2020/12/01 8:35 AM,39.2,65.0,28.4,39.2,,,29.89,,,,,,,,,,,,,
Back Fence,Temp & Humidity Sensor,2020/12/01 8:40 AM,39.5,63.0,28.0,39.5,,,29.89,,,,,,,,,,,,,
Back Fence,Temp & Humidity Sensor,2020/12/01 8:45 AM,39.5,62.0,27.6,39.5,,,29.89,,,,,,,,,,,,,
Back Fence,Temp & Humidity Sensor,2020/12/01 8:50 AM,40.2,62.0,28.2,36.8,,,29.9,,,,,,,,,,,,,
Back Fence,Temp & Humidity Sensor,2020/12/01 8:55 AM,40.2,60.0,27.4,36.7,,,29.9,,,,,,,,,,,,,
Back Fence,Temp & Humidity Sensor,2020/12/01 9:00 AM,41.0,61.0,28.6,37.7,,,29.9,,,,,,,,,,,,,
Back Fence,Temp & Humidity Sensor,2020/12/01 9:05 AM,40.6,59.0,27.4,37.1,,,29.9,,,,,,,,,,,,,
Back Fence,Temp & Humidity Sensor,2020/12/01 9:10 AM,40.8,59.0,27.6,37.4,,,29.9,,,,,,,,,,,,,
Back Fence,Temp & Humidity Sensor,2020/12/01 9:15 AM,41.0,59.0,27.8,37.6,,,29.9,,,,,,,,,,,,,
Back Fence,Temp & Humidity Sensor,2020/12/01 9:20 AM,41.1,57.0,27.0,37.6,,,29.91,,,,,,,,,,,,,
Back Fence,Temp & Humidity Sensor,2020/12/01 9:25 AM,41.3,58.0,27.7,37.9,,,29.91,,,,,,,,,,,,,
Back Fence,Temp & Humidity Sensor,2020/12/01 9:30 AM,41.5,58.0,27.8,38.1,,,29.91,,,,,,,,,,,,,
Back Fence,Temp & Humidity Sensor,2020/12/01 9:35 AM,41.5,58.0,27.8,38.1,,,29.92,,,,,,,,,,,,,
Back Fence,Temp & Humidity Sensor,2020/12/01 9:40 AM,41.9,56.0,27.4,38.4,,,29.92,,,,,,,,,,,,,
Back Fence,Temp & Humidity Sensor,2020/12/01 9:45 AM,42.6,55.0,27.6,39.1,,,29.92,,,,,,,,,,,,,
Back Fence,Temp & Humidity Sensor,2020/12/01 9:50 AM,42.9,53.0,27.0,39.4,,,29.92,,,,,,,,,,,,,
Back Fence,Temp & Humidity Sensor,2020/12/01 9:55 AM,42.8,53.0,26.9,39.3,,,29.92,,,,,,,,,,,,,
Back Fence,Temp & Humidity Sensor,2020/12/01 10:00 AM,42.6,54.0,27.1,39.1,,,29.92,,,,,,,,,,,,,
Back Fence,Temp & Humidity Sensor,2020/12/01 10:05 AM,42.6,54.0,27.1,39.1,,,29.93,,,,,,,,,,,,,
Back Fence,Temp & Humidity Sensor,2020/12/01 10:10 AM,44.7,53.0,28.6,41.4,,,29.93,,,,,,,,,,,,,
Back Fence,Temp & Humidity Sensor,2020/12/01 10:15 AM,44.6,51.0,27.6,41.2,,,29.93,,,,,,,,,,,,,
Back Fence,Temp & Humidity Sensor,2020/12/01 10:20 AM,44.2,50.0,26.8,40.7,,,29.93,,,,,,,,,,,,,
Back Fence,Temp & Humidity Sensor,2020/12/01 10:25 AM,44.0,51.0,27.0,40.5,,,29.93,,,,,,,,,,,,,
Back Fence,Temp & Humidity Sensor,2020/12/01 10:35 AM,46.2,47.0,27.1,42.7,,,29.93,,,,,,,,,,,,,
Back Fence,Temp & Humidity Sensor,2020/12/01 10:40 AM,45.6,49.0,27.6,42.2,,,29.93,,,,,,,,,,,,,
Back Fence,Temp & Humidity Sensor,2020/12/01 10:45 AM,45.6,49.0,27.6,42.2,,,29.93,,,,,,,,,,,,,
Back Fence,Temp & Humidity Sensor,2020/12/01 10:50 AM,44.7,50.0,27.2,41.2,,,29.93,,,,,,,,,,,,,
Back Fence,Temp & Humidity Sensor,2020/12/01 10:55 AM,44.6,50.0,27.1,41.1,,,29.93,,,,,,,,,,,,,
Back Fence,Temp & Humidity Sensor,2020/12/01 11:00 AM,44.6,50.0,27.1,41.1,,,29.94,,,,,,,,,,,,,
Back Fence,Temp & Humidity Sensor,2020/12/01 11:05 AM,44.4,50.0,26.9,40.9,,,29.93,,,,,,,,,,,,,
Back Fence,Temp & Humidity Sensor,2020/12/01 11:10 AM,44.0,50.0,26.6,40.5,,,29.93,,,,,,,,,,,,,
Back Fence,Temp & Humidity Sensor,2020/12/01 11:15 AM,44.4,50.0,26.9,40.9,,,29.94,,,,,,,,,,,,,
Back Fence,Temp & Humidity Sensor,2020/12/01 11:20 AM,44.6,49.0,26.6,41.1,,,29.94,,,,,,,,,,,,,
Back Fence,Temp & Humidity Sensor,2020/12/01 11:25 AM,44.7,49.0,26.7,41.2,,,29.94,,,,,,,,,,,,,
Back Fence,Temp & Humidity Sensor,2020/12/01 11:30 AM,44.6,47.0,25.6,41.0,,,29.94,,,,,,,,,,,,,
Back Fence,Temp & Humidity Sensor,2020/12/01 11:35 AM,44.6,50.0,27.1,41.1,,,29.94,,,,,,,,,,,,,
Back Fence,Temp & Humidity Sensor,2020/12/01 11:40 AM,44.7,50.0,27.2,41.2,,,29.94,,,,,,,,,,,,,
Back Fence,Temp & Humidity Sensor,2020/12/01 11:45 AM,45.6,47.0,26.5,42.1,,,29.94,,,,,,,,,,,,,
Back Fence,Temp & Humidity Sensor,2020/12/01 11:50 AM,47.8,47.0,28.6,44.5,,,29.93,,,,,,,,,,,,,
Back Fence,Temp & Humidity Sensor,2020/12/01 11:55 AM,49.1,47.0,29.7,45.9,,,29.93,,,,,,,,,,,,,
Back Fence,Temp & Humidity Sensor,2020/12/01 12:00 PM,48.2,43.0,26.8,44.7,,,29.93,,,,,,,,,,,,,
Back Fence,Temp & Humidity Sensor,2020/12/01 12:05 PM,48.5,44.0,27.6,45.1,,,29.93,,,,,,,,,,,,,
Back Fence,Temp & Humidity Sensor,2020/12/01 12:10 PM,49.6,45.0,29.1,46.4,,,29.93,,,,,,,,,,,,,
Back Fence,Temp & Humidity Sensor,2020/12/01 12:15 PM,47.6,45.0,27.3,44.2,,,29.93,,,,,,,,,,,,,
Back Fence,Temp & Humidity Sensor,2020/12/01 12:20 PM,48.2,43.0,26.8,44.7,,,29.93,,,,,,,,,,,,,
Back Fence,Temp & Humidity Sensor,2020/12/01 12:25 PM,46.0,44.0,25.3,42.4,,,29.93,,,,,,,,,,,,,
Back Fence,Temp & Humidity Sensor,2020/12/01 12:30 PM,46.0,45.0,25.9,42.4,,,29.93,,,,,,,,,,,,,
Back Fence,Temp & Humidity Sensor,2020/12/01 12:35 PM,45.6,45.0,25.5,42.0,,,29.93,,,,,,,,,,,,,
Back Fence,Temp & Humidity Sensor,2020/12/01 12:40 PM,44.6,45.0,24.6,40.9,,,29.93,,,,,,,,,,,,,
Back Fence,Temp & Humidity Sensor,2020/12/01 12:45 PM,44.2,46.0,24.7,40.5,,,29.93,,,,,,,,,,,,,
Back Fence,Temp & Humidity Sensor,2020/12/01 12:50 PM,44.6,47.0,25.6,41.0,,,29.93,,,,,,,,,,,,,
Back Fence,Temp & Humidity Sensor,2020/12/01 12:55 PM,47.6,47.0,28.4,44.3,,,29.93,,,,,,,,,,,,,
Back Fence,Temp & Humidity Sensor,2020/12/01 1:00 PM,47.6,45.0,27.3,44.2,,,29.93,,,,,,,,,,,,,
Back Fence,Temp & Humidity Sensor,2020/12/01 1:05 PM,45.6,46.0,26.0,42.0,,,29.93,,,,,,,,,,,,,
Back Fence,Temp & Humidity Sensor,2020/12/01 1:10 PM,44.7,46.0,25.2,41.0,,,29.93,,,,,,,,,,,,,
Back Fence,Temp & Humidity Sensor,2020/12/01 1:15 PM,44.6,46.0,25.1,40.9,,,29.94,,,,,,,,,,,,,
Back Fence,Temp & Humidity Sensor,2020/12/01 1:20 PM,44.0,47.0,25.1,40.3,,,29.94,,,,,,,,,,,,,
Back Fence,Temp & Humidity Sensor,2020/12/01 1:25 PM,43.8,48.0,25.4,40.1,,,29.94,,,,,,,,,,,,,
Back Fence,Temp & Humidity Sensor,2020/12/01 1:30 PM,44.2,48.0,25.8,40.6,,,29.94,,,,,,,,,,,,,
Back Fence,Temp & Humidity Sensor,2020/12/01 1:35 PM,45.3,47.0,26.3,41.7,,,29.94,,,,,,,,,,,,,
Back Fence,Temp & Humidity Sensor,2020/12/01 1:40 PM,46.2,47.0,27.1,42.7,,,29.94,,,,,,,,,,,,,
Back Fence,Temp & Humidity Sensor,2020/12/01 1:45 PM,47.8,44.0,27.0,44.3,,,29.94,,,,,,,,,,,,,
Back Fence,Temp & Humidity Sensor,2020/12/01 1:50 PM,46.2,44.0,25.5,42.6,,,29.94,,,,,,,,,,,,,
Back Fence,Temp & Humidity Sensor,2020/12/01 1:55 PM,45.6,44.0,25.0,41.9,,,29.94,,,,,,,,,,,,,
Back Fence,Temp & Humidity Sensor,2020/12/01 2:00 PM,46.2,45.0,26.0,42.6,,,29.94,,,,,,,,,,,,,
Back Fence,Temp & Humidity Sensor,2020/12/01 2:05 PM,47.1,44.0,26.3,43.6,,,29.94,,,,,,,,,,,,,
Back Fence,Temp & Humidity Sensor,2020/12/01 2:10 PM,46.2,44.0,25.5,42.6,,,29.95,,,,,,,,,,,,,
Back Fence,Temp & Humidity Sensor,2020/12/01 2:15 PM,46.0,44.0,25.3,42.4,,,29.95,,,,,,,,,,,,,
Back Fence,Temp & Humidity Sensor,2020/12/01 2:20 PM,45.8,44.0,25.1,42.1,,,29.95,,,,,,,,,,,,,
Back Fence,Temp & Humidity Sensor,2020/12/01 2:25 PM,45.6,44.0,25.0,41.9,,,29.95,,,,,,,,,,,,,
Back Fence,Temp & Humidity Sensor,2020/12/01 2:30 PM,45.5,44.0,24.9,41.8,,,29.94,,,,,,,,,,,,,
Back Fence,Temp & Humidity Sensor,2020/12/01 2:35 PM,45.5,44.0,24.9,41.8,,,29.95,,,,,,,,,,,,,
Back Fence,Temp & Humidity Sensor,2020/12/01 2:40 PM,45.1,44.0,24.5,41.4,,,29.95,,,,,,,,,,,,,
Back Fence,Temp & Humidity Sensor,2020/12/01 2:45 PM,45.1,44.0,24.5,41.4,,,29.95,,,,,,,,,,,,,
Back Fence,Temp & Humidity Sensor,2020/12/01 2:50 PM,44.9,44.0,24.3,41.2,,,29.95,,,,,,,,,,,,,
Back Fence,Temp & Humidity Sensor,2020/12/01 2:55 PM,44.6,43.0,23.5,40.8,,,29.95,,,,,,,,,,,,,
Back Fence,Temp & Humidity Sensor,2020/12/01 3:00 PM,44.4,45.0,24.4,40.7,,,29.95,,,,,,,,,,,,,
Back Fence,Temp & Humidity Sensor,2020/12/01 3:05 PM,44.7,44.0,24.1,40.9,,,29.96,,,,,,,,,,,,,
Back Fence,Temp & Humidity Sensor,2020/12/01 3:10 PM,44.7,43.0,23.6,40.9,,,29.96,,,,,,,,,,,,,
Back Fence,Temp & Humidity Sensor,2020/12/01 3:15 PM,44.9,44.0,24.3,41.2,,,29.96,,,,,,,,,,,,,
Back Fence,Temp & Humidity Sensor,2020/12/01 3:20 PM,44.6,44.0,24.1,40.8,,,29.96,,,,,,,,,,,,,
Back Fence,Temp & Humidity Sensor,2020/12/01 3:25 PM,44.2,45.0,24.2,40.4,,,29.96,,,,,,,,,,,,,
Back Fence,Temp & Humidity Sensor,2020/12/01 3:30 PM,44.0,45.0,24.0,40.2,,,29.96,,,,,,,,,,,,,
Back Fence,Temp & Humidity Sensor,2020/12/01 3:35 PM,43.5,45.0,23.6,39.7,,,29.96,,,,,,,,,,,,,
Back Fence,Temp & Humidity Sensor,2020/12/01 3:40 PM,43.5,45.0,23.6,39.7,,,29.97,,,,,,,,,,,,,
Back Fence,Temp & Humidity Sensor,2020/12/01 3:45 PM,43.5,46.0,24.1,39.7,,,29.97,,,,,,,,,,,,,
Back Fence,Temp & Humidity Sensor,2020/12/01 3:50 PM,43.3,45.0,23.4,39.4,,,29.97,,,,,,,,,,,,,
Back Fence,Temp & Humidity Sensor,2020/12/01 3:55 PM,43.5,45.0,23.6,39.7,,,29.97,,,,,,,,,,,,,
Back Fence,Temp & Humidity Sensor,2020/12/01 4:00 PM,43.1,46.0,23.7,39.3,,,29.97,,,,,,,,,,,,,
Back Fence,Temp & Humidity Sensor,2020/12/01 4:05 PM,42.8,45.0,22.9,38.9,,,29.98,,,,,,,,,,,,,
Back Fence,Temp & Humidity Sensor,2020/12/01 4:10 PM,42.4,46.0,23.1,38.5,,,29.98,,,,,,,,,,,,,
Back Fence,Temp & Humidity Sensor,2020/12/01 4:15 PM,41.7,47.0,23.0,37.8,,,29.97,,,,,,,,,,,,,
Back Fence,Temp & Humidity Sensor,2020/12/01 4:20 PM,41.5,47.0,22.8,37.6,,,29.98,,,,,,,,,,,,,
Back Fence,Temp & Humidity Sensor,2020/12/01 4:25 PM,41.1,47.0,22.4,37.1,,,29.98,,,,,,,,,,,,,
Back Fence,Temp & Humidity Sensor,2020/12/01 4:30 PM,41.1,48.0,22.9,37.2,,,29.98,,,,,,,,,,,,,
Back Fence,Temp & Humidity Sensor,2020/12/01 4:35 PM,40.6,49.0,23.0,36.7,,,29.98,,,,,,,,,,,,,
Back Fence,Temp & Humidity Sensor,2020/12/01 4:40 PM,40.2,49.0,22.6,36.2,,,29.98,,,,,,,,,,,,,
Back Fence,Temp & Humidity Sensor,2020/12/01 4:45 PM,40.1,49.0,22.5,36.1,,,29.99,,,,,,,,,,,,,
Back Fence,Temp & Humidity Sensor,2020/12/01 4:50 PM,39.7,50.0,22.6,39.7,,,29.99,,,,,,,,,,,,,
Back Fence,Temp & Humidity Sensor,2020/12/01 4:55 PM,39.5,50.0,22.4,39.5,,,29.99,,,,,,,,,,,,,
Back Fence,Temp & Humidity Sensor,2020/12/01 5:00 PM,39.3,50.0,22.2,39.3,,,29.99,,,,,,,,,,,,,
Back Fence,Temp & Humidity Sensor,2020/12/01 5:05 PM,39.3,50.0,22.2,39.3,,,29.99,,,,,,,,,,,,,
Back Fence,Temp & Humidity Sensor,2020/12/01 5:10 PM,39.2,50.0,22.1,39.2,,,30.0,,,,,,,,,,,,,
Back Fence,Temp & Humidity Sensor,2020/12/01 5:15 PM,39.0,51.0,22.4,39.0,,,30.0,,,,,,,,,,,,,
Back Fence,Temp & Humidity Sensor,2020/12/01 5:20 PM,38.6,51.0,22.1,38.6,,,30.0,,,,,,,,,,,,,
Back Fence,Temp & Humidity Sensor,2020/12/01 5:25 PM,38.3,51.0,21.8,38.3,,,30.01,,,,,,,,,,,,,
Back Fence,Temp & Humidity Sensor,2020/12/01 5:30 PM,37.9,51.0,21.4,37.9,,,30.01,,,,,,,,,,,,,
Back Fence,Temp & Humidity Sensor,2020/12/01 5:35 PM,37.9,52.0,21.9,37.9,,,30.01,,,,,,,,,,,,,
Back Fence,Temp & Humidity Sensor,2020/12/01 5:40 PM,37.7,52.0,21.7,37.7,,,30.02,,,,,,,,,,,,,
Back Fence,Temp & Humidity Sensor,2020/12/01 5:45 PM,37.7,52.0,21.7,37.7,,,30.02,,,,,,,,,,,,,
Back Fence,Temp & Humidity Sensor,2020/12/01 5:50 PM,37.4,52.0,21.4,37.4,,,30.02,,,,,,,,,,,,,
Back Fence,Temp & Humidity Sensor,2020/12/01 5:55 PM,37.4,53.0,21.9,37.4,,,30.02,,,,,,,,,,,,,
Back Fence,Temp & Humidity Sensor,2020/12/01 6:00 PM,37.2,53.0,21.7,37.2,,,30.03,,,,,,,,,,,,,
Back Fence,Temp & Humidity Sensor,2020/12/01 6:05 PM,36.5,53.0,21.0,36.5,,,30.03,,,,,,,,,,,,,
Back Fence,Temp & Humidity Sensor,2020/12/01 6:10 PM,36.5,53.0,21.0,36.5,,,30.03,,,,,,,,,,,,,
Back Fence,Temp & Humidity Sensor,2020/12/01 6:15 PM,36.3,54.0,21.3,36.3,,,30.03,,,,,,,,,,,,,
Back Fence,Temp & Humidity Sensor,2020/12/01 6:20 PM,35.9,54.0,20.9,35.9,,,30.03,,,,,,,,,,,,,
Back Fence,Temp & Humidity Sensor,2020/12/01 6:25 PM,35.6,55.0,21.0,35.6,,,30.03,,,,,,,,,,,,,
Back Fence,Temp & Humidity Sensor,2020/12/01 6:30 PM,35.6,57.0,21.9,35.6,,,30.03,,,,,,,,,,,,,
Back Fence,Temp & Humidity Sensor,2020/12/01 6:35 PM,35.2,57.0,21.5,35.2,,,30.04,,,,,,,,,,,,,
Back Fence,Temp & Humidity Sensor,2020/12/01 6:40 PM,35.4,60.0,22.9,35.4,,,30.04,,,,,,,,,,,,,
Back Fence,Temp & Humidity Sensor,2020/12/01 6:45 PM,34.8,60.0,22.3,34.8,,,30.05,,,,,,,,,,,,,
Back Fence,Temp & Humidity Sensor,2020/12/01 6:50 PM,34.5,60.0,22.1,34.5,,,30.05,,,,,,,,,,,,,
Back Fence,Temp & Humidity Sensor,2020/12/01 6:55 PM,34.3,61.0,22.3,34.3,,,30.05,,,,,,,,,,,,,
Back Fence,Temp & Humidity Sensor,2020/12/01 7:00 PM,33.9,61.0,21.9,33.9,,,30.05,,,,,,,,,,,,,
Back Fence,Temp & Humidity Sensor,2020/12/01 7:05 PM,33.8,61.0,21.8,33.8,,,30.05,,,,,,,,,,,,,
Back Fence,Temp & Humidity Sensor,2020/12/01 7:10 PM,33.8,62.0,22.2,33.8,,,30.06,,,,,,,,,,,,,
Back Fence,Temp & Humidity Sensor,2020/12/01 7:15 PM,33.6,62.0,22.0,33.6,,,30.06,,,,,,,,,,,,,
Back Fence,Temp & Humidity Sensor,2020/12/01 7:20 PM,33.2,63.0,22.0,33.2,,,30.06,,,,,,,,,,,,,
Back Fence,Temp & Humidity Sensor,2020/12/01 7:25 PM,33.2,63.0,22.0,33.2,,,30.06,,,,,,,,,,,,,
Back Fence,Temp & Humidity Sensor,2020/12/01 7:30 PM,33.2,64.0,22.4,33.2,,,30.06,,,,,,,,,,,,,
Back Fence,Temp & Humidity Sensor,2020/12/01 7:35 PM,33.2,66.0,23.1,33.2,,,30.06,,,,,,,,,,,,,
Back Fence,Temp & Humidity Sensor,2020/12/01 7:40 PM,33.0,66.0,22.9,33.0,,,30.06,,,,,,,,,,,,,
Back Fence,Temp & Humidity Sensor,2020/12/01 7:45 PM,32.9,66.0,22.8,32.9,,,30.06,,,,,,,,,,,,,
Back Fence,Temp & Humidity Sensor,2020/12/01 7:50 PM,32.9,66.0,22.8,32.9,,,30.06,,,,,,,,,,,,,
Back Fence,Temp & Humidity Sensor,2020/12/01 7:55 PM,32.7,66.0,22.6,32.7,,,30.07,,,,,,,,,,,,,
Back Fence,Temp & Humidity Sensor,2020/12/01 8:00 PM,32.3,67.0,22.6,32.3,,,30.07,,,,,,,,,,,,,
Back Fence,Temp & Humidity Sensor,2020/12/01 8:05 PM,32.5,71.0,24.2,32.5,,,30.07,,,,,,,,,,,,,
Back Fence,Temp & Humidity Sensor,2020/12/01 8:10 PM,32.1,70.0,23.4,32.1,,,30.07,,,,,,,,,,,,,
Back Fence,Temp & Humidity Sensor,2020/12/01 8:15 PM,32.0,70.0,23.3,32.0,,,30.07,,,,,,,,,,,,,
Back Fence,Temp & Humidity Sensor,2020/12/01 8:20 PM,32.0,70.0,23.3,32.0,,,30.07,,,,,,,,,,,,,
Back Fence,Temp & Humidity Sensor,2020/12/01 8:25 PM,31.8,71.0,23.5,31.8,,,30.07,,,,,,,,,,,,,
Back Fence,Temp & Humidity Sensor,2020/12/01 8:30 PM,31.8,73.0,24.1,31.8,,,30.07,,,,,,,,,,,,,
Back Fence,Temp & Humidity Sensor,2020/12/01 8:35 PM,32.0,72.0,24.0,32.0,,,30.07,,,,,,,,,,,,,
Back Fence,Temp & Humidity Sensor,2020/12/01 8:40 PM,31.6,76.0,24.9,31.6,,,30.07,,,,,,,,,,,,,
Back Fence,Temp & Humidity Sensor,2020/12/01 8:45 PM,31.4,76.0,24.7,31.4,,,30.07,,,,,,,,,,,,,
Back Fence,Temp & Humidity Sensor,2020/12/01 8:50 PM,31.2,76.0,24.5,31.2,,,30.08,,,,,,,,,,,,,
Back Fence,Temp & Humidity Sensor,2020/12/01 8:55 PM,31.1,78.0,25.1,31.1,,,30.08,,,,,,,,,,,,,
Back Fence,Temp & Humidity Sensor,2020/12/01 9:00 PM,30.9,76.0,24.2,30.9,,,30.08,,,,,,,,,,,,,
Back Fence,Temp & Humidity Sensor,2020/12/01 9:05 PM,30.7,78.0,24.7,30.7,,,30.08,,,,,,,,,,,,,
Back Fence,Temp & Humidity Sensor,2020/12/01 9:10 PM,30.5,78.0,24.5,30.5,,,30.08,,,,,,,,,,,,,
Back Fence,Temp & Humidity Sensor,2020/12/01 9:15 PM,30.7,82.0,25.9,30.7,,,30.08,,,,,,,,,,,,,
Back Fence,Temp & Humidity Sensor,2020/12/01 9:20 PM,30.7,83.0,26.2,30.7,,,30.08,,,,,,,,,,,,,
Back Fence,Temp & Humidity Sensor,2020/12/01 9:25 PM,30.2,80.0,24.8,30.2,,,30.08,,,,,,,,,,,,,
Back Fence,Temp & Humidity Sensor,2020/12/01 9:30 PM,30.2,80.0,24.8,30.2,,,30.08,,,,,,,,,,,,,
Back Fence,Temp & Humidity Sensor,2020/12/01 9:35 PM,30.0,82.0,25.2,30.0,,,30.08,,,,,,,,,,,,,
Back Fence,Temp & Humidity Sensor,2020/12/01 9:40 PM,30.0,82.0,25.2,30.0,,,30.08,,,,,,,,,,,,,
Back Fence,Temp & Humidity Sensor,2020/12/01 9:45 PM,29.8,84.0,25.6,29.8,,,30.08,,,,,,,,,,,,,
Back Fence,Temp & Humidity Sensor,2020/12/01 9:50 PM,29.8,82.0,25.0,29.8,,,30.08,,,,,,,,,,,,,
Back Fence,Temp & Humidity Sensor,2020/12/01 9:55 PM,29.8,85.0,25.9,29.8,,,30.08,,,,,,,,,,,,,
Back Fence,Temp & Humidity Sensor,2020/12/01 10:00 PM,29.8,87.0,26.4,29.8,,,30.08,,,,,,,,,,,,,
Back Fence,Temp & Humidity Sensor,2020/12/01 10:05 PM,29.4,85.0,25.5,29.4,,,30.09,,,,,,,,,,,,,
Back Fence,Temp & Humidity Sensor,2020/12/01 10:10 PM,29.4,84.0,25.2,29.4,,,30.09,,,,,,,,,,,,,
Back Fence,Temp & Humidity Sensor,2020/12/01 10:15 PM,29.4,83.0,24.9,29.4,,,30.09,,,,,,,,,,,,,
Back Fence,Temp & Humidity Sensor,2020/12/01 10:20 PM,29.4,82.0,24.6,29.4,,,30.1,,,,,,,,,,,,,
Back Fence,Temp & Humidity Sensor,2020/12/01 10:25 PM,29.6,86.0,25.9,29.6,,,30.09,,,,,,,,,,,,,
Back Fence,Temp & Humidity Sensor,2020/12/01 10:30 PM,29.6,86.0,25.9,29.6,,,30.1,,,,,,,,,,,,,
Back Fence,Temp & Humidity Sensor,2020/12/01 10:35 PM,29.4,86.0,25.7,29.4,,,30.1,,,,,,,,,,,,,
Back Fence,Temp & Humidity Sensor,2020/12/01 10:40 PM,29.6,86.0,25.9,29.6,,,30.1,,,,,,,,,,,,,
Back Fence,Temp & Humidity Sensor,2020/12/01 10:45 PM,29.6,88.0,26.5,29.6,,,30.1,,,,,,,,,,,,,
Back Fence,Temp & Humidity Sensor,2020/12/01 10:50 PM,30.3,83.0,25.8,30.3,,,30.1,,,,,,,,,,,,,
Back Fence,Temp & Humidity Sensor,2020/12/01 10:55 PM,30.7,82.0,25.9,30.7,,,30.1,,,,,,,,,,,,,
Back Fence,Temp & Humidity Sensor,2020/12/01 11:00 PM,31.6,81.0,26.5,31.6,,,30.1,,,,,,,,,,,,,
Back Fence,Temp & Humidity Sensor,2020/12/01 11:05 PM,32.1,77.0,25.7,32.1,,,30.1,,,,,,,,,,,,,
Back Fence,Temp & Humidity Sensor,2020/12/01 11:10 PM,32.5,74.0,25.2,32.5,,,30.11,,,,,,,,,,,,,
Back Fence,Temp & Humidity Sensor,2020/12/01 11:15 PM,32.1,73.0,24.4,32.1,,,30.11,,,,,,,,,,,,,
Back Fence,Temp & Humidity Sensor,2020/12/01 11:20 PM,32.0,73.0,24.3,32.0,,,30.11,,,,,,,,,,,,,
Back Fence,Temp & Humidity Sensor,2020/12/01 11:25 PM,32.0,73.0,24.3,32.0,,,30.11,,,,,,,,,,,,,
Back Fence,Temp & Humidity Sensor,2020/12/01 11:30 PM,32.0,72.0,24.0,32.0,,,30.11,,,,,,,,,,,,,
Back Fence,Temp & Humidity Sensor,2020/12/01 11:35 PM,31.8,73.0,24.1,31.8,,,30.11,,,,,,,,,,,,,
Back Fence,Temp & Humidity Sensor,2020/12/01 11:40 PM,31.4,73.0,23.8,31.4,,,30.12,,,,,,,,,,,,,
Back Fence,Temp & Humidity Sensor,2020/12/01 11:45 PM,31.1,74.0,23.8,31.1,,,30.12,,,,,,,,,,,,,
Back Fence,Temp & Humidity Sensor,2020/12/01 11:50 PM,30.7,75.0,23.7,30.7,,,30.12,,,,,,,,,,,,,
Back Fence,Temp & Humidity Sensor,2020/12/01 11:55 PM,30.5,76.0,23.9,30.5,,,30.12,,,,,,,,,,,,,
Back Fence,Temp & Humidity Sensor,2020/12/02 12:00 AM,30.5,75.0,23.5,30.5,,,30.12,,,,,,,,,,,,,
Back Fence,Temp & Humidity Sensor,2020/12/02 12:05 AM,30.5,75.0,23.5,30.5,,,30.12,,,,,,,,,,,,,
Back Fence,Temp & Humidity Sensor,2020/12/02 12:10 AM,30.5,75.0,23.5,30.5,,,30.12,,,,,,,,,,,,,
Back Fence,Temp & Humidity Sensor,2020/12/02 12:15 AM,30.3,75.0,23.3,30.3,,,30.12,,,,,,,,,,,,,
Back Fence,Temp & Humidity Sensor,2020/12/02 12:20 AM,30.3,75.0,23.3,30.3,,,30.12,,,,,,,,,,,,,
Back Fence,Temp & Humidity Sensor,2020/12/02 12:25 AM,30.2,76.0,23.6,30.2,,,30.12,,,,,,,,,,,,,
Back Fence,Temp & Humidity Sensor,2020/12/02 12:30 AM,30.0,78.0,24.0,30.0,,,30.12,,,,,,,,,,,,,
Back Fence,Temp & Humidity Sensor,2020/12/02 12:35 AM,30.0,78.0,24.0,30.0,,,30.12,,,,,,,,,,,,,
Back Fence,Temp & Humidity Sensor,2020/12/02 12:40 AM,30.0,82.0,25.2,30.0,,,30.12,,,,,,,,,,,,,
Back Fence,Temp & Humidity Sensor,2020/12/02 12:45 AM,29.6,83.0,25.1,29.6,,,30.12,,,,,,,,,,,,,
Back Fence,Temp & Humidity Sensor,2020/12/02 12:50 AM,29.3,81.0,24.2,29.3,,,30.12,,,,,,,,,,,,,
Back Fence,Temp & Humidity Sensor,2020/12/02 12:55 AM,29.3,81.0,24.2,29.3,,,30.12,,,,,,,,,,,,,
Back Fence,Temp & Humidity Sensor,2020/12/02 1:00 AM,29.3,83.0,24.8,29.3,,,30.12,,,,,,,,,,,,,
Back Fence,Temp & Humidity Sensor,2020/12/02 1:05 AM,28.9,83.0,24.4,28.9,,,30.12,,,,,,,,,,,,,
Back Fence,Temp & Humidity Sensor,2020/12/02 1:10 AM,28.9,82.0,24.1,28.9,,,30.12,,,,,,,,,,,,,
Back Fence,Temp & Humidity Sensor,2020/12/02 1:15 AM,28.7,82.0,23.9,28.7,,,30.12,,,,,,,,,,,,,
Back Fence,Temp & Humidity Sensor,2020/12/02 1:20 AM,28.7,83.0,24.2,28.7,,,30.12,,,,,,,,,,,,,
Back Fence,Temp & Humidity Sensor,2020/12/02 1:25 AM,28.4,83.0,23.9,28.4,,,30.12,,,,,,,,,,,,,
Back Fence,Temp & Humidity Sensor,2020/12/02 1:30 AM,28.4,82.0,23.6,28.4,,,30.12,,,,,,,,,,,,,
Back Fence,Temp & Humidity Sensor,2020/12/02 1:35 AM,28.4,83.0,23.9,28.4,,,30.12,,,,,,,,,,,,,
Back Fence,Temp & Humidity Sensor,2020/12/02 1:40 AM,28.2,83.0,23.7,28.2,,,30.13,,,,,,,,,,,,,
Back Fence,Temp & Humidity Sensor,2020/12/02 1:45 AM,28.2,85.0,24.3,28.2,,,30.13,,,,,,,,,,,,,
Back Fence,Temp & Humidity Sensor,2020/12/02 1:50 AM,28.0,85.0,24.1,28.0,,,30.13,,,,,,,,,,,,,
Back Fence,Temp & Humidity Sensor,2020/12/02 1:55 AM,28.4,85.0,24.5,28.4,,,30.13,,,,,,,,,,,,,
Back Fence,Temp & Humidity Sensor,2020/12/02 2:00 AM,28.0,86.0,24.4,28.0,,,30.14,,,,,,,,,,,,,
Back Fence,Temp & Humidity Sensor,2020/12/02 2:05 AM,28.0,85.0,24.1,28.0,,,30.14,,,,,,,,,,,,,
Back Fence,Temp & Humidity Sensor,2020/12/02 2:10 AM,27.8,84.0,23.6,27.8,,,30.14,,,,,,,,,,,,,
Back Fence,Temp & Humidity Sensor,2020/12/02 2:15 AM,27.8,84.0,23.6,27.8,,,30.14,,,,,,,,,,,,,
Back Fence,Temp & Humidity Sensor,2020/12/02 2:20 AM,27.8,84.0,23.6,27.8,,,30.13,,,,,,,,,,,,,
Back Fence,Temp & Humidity Sensor,2020/12/02 2:25 AM,28.2,86.0,24.6,28.2,,,30.13,,,,,,,,,,,,,
Back Fence,Temp & Humidity Sensor,2020/12/02 2:30 AM,28.2,88.0,25.1,28.2,,,30.14,,,,,,,,,,,,,
Back Fence,Temp & Humidity Sensor,2020/12/02 2:35 AM,28.2,89.0,25.4,28.2,,,30.14,,,,,,,,,,,,,
Back Fence,Temp & Humidity Sensor,2020/12/02 2:40 AM,27.8,88.0,24.7,27.8,,,30.14,,,,,,,,,,,,,
Back Fence,Temp & Humidity Sensor,2020/12/02 2:45 AM,27.6,87.0,24.2,27.6,,,30.15,,,,,,,,,,,,,
Back Fence,Temp & Humidity Sensor,2020/12/02 2:50 AM,27.6,87.0,24.2,27.6,,,30.15,,,,,,,,,,,,,
Back Fence,Temp & Humidity Sensor,2020/12/02 2:55 AM,27.6,86.0,24.0,27.6,,,30.15,,,,,,,,,,,,,
Back Fence,Temp & Humidity Sensor,2020/12/02 3:00 AM,28.0,87.0,24.6,28.0,,,30.15,,,,,,,,,,,,,
Back Fence,Temp & Humidity Sensor,2020/12/02 3:05 AM,28.0,86.0,24.4,28.0,,,30.15,,,,,,,,,,,,,
Back Fence,Temp & Humidity Sensor,2020/12/02 3:10 AM,28.0,86.0,24.4,28.0,,,30.15,,,,,,,,,,,,,
Back Fence,Temp & Humidity Sensor,2020/12/02 3:15 AM,28.0,86.0,24.4,28.0,,,30.15,,,,,,,,,,,,,
Back Fence,Temp & Humidity Sensor,2020/12/02 3:20 AM,28.2,87.0,24.8,28.2,,,30.15,,,,,,,,,,,,,
Back Fence,Temp & Humidity Sensor,2020/12/02 3:25 AM,28.2,86.0,24.6,28.2,,,30.15,,,,,,,,,,,,,
Back Fence,Temp & Humidity Sensor,2020/12/02 3:30 AM,28.2,86.0,24.6,28.2,,,30.15,,,,,,,,,,,,,
Back Fence,Temp & Humidity Sensor,2020/12/02 3:35 AM,28.2,86.0,24.6,28.2,,,30.15,,,,,,,,,,,,,
Back Fence,Temp & Humidity Sensor,2020/12/02 3:40 AM,28.4,86.0,24.8,28.4,,,30.15,,,,,,,,,,,,,
Back Fence,Temp & Humidity Sensor,2020/12/02 3:45 AM,28.4,85.0,24.5,28.4,,,30.15,,,,,,,,,,,,,
Back Fence,Temp & Humidity Sensor,2020/12/02 3:50 AM,28.4,86.0,24.8,28.4,,,30.15,,,,,,,,,,,,,
Back Fence,Temp & Humidity Sensor,2020/12/02 3:55 AM,28.4,86.0,24.8,28.4,,,30.15,,,,,,,,,,,,,
Back Fence,Temp & Humidity Sensor,2020/12/02 4:00 AM,28.4,86.0,24.8,28.4,,,30.15,,,,,,,,,,,,,
Back Fence,Temp & Humidity Sensor,2020/12/02 4:05 AM,28.4,87.0,25.0,28.4,,,30.15,,,,,,,,,,,,,
Back Fence,Temp & Humidity Sensor,2020/12/02 4:10 AM,28.5,89.0,25.7,28.5,,,30.15,,,,,,,,,,,,,
Back Fence,Temp & Humidity Sensor,2020/12/02 4:15 AM,28.4,89.0,25.6,28.4,,,30.16,,,,,,,,,,,,,
Back Fence,Temp & Humidity Sensor,2020/12/02 4:20 AM,28.4,88.0,25.3,28.4,,,30.16,,,,,,,,,,,,,
Back Fence,Temp & Humidity Sensor,2020/12/02 4:25 AM,28.5,87.0,25.1,28.5,,,30.16,,,,,,,,,,,,,
Back Fence,Temp & Humidity Sensor,2020/12/02 4:30 AM,28.4,87.0,25.0,28.4,,,30.16,,,,,,,,,,,,,
Back Fence,Temp & Humidity Sensor,2020/12/02 4:35 AM,28.4,86.0,24.8,28.4,,,30.16,,,,,,,,,,,,,
Back Fence,Temp & Humidity Sensor,2020/12/02 4:40 AM,28.4,86.0,24.8,28.4,,,30.16,,,,,,,,,,,,,
Back Fence,Temp & Humidity Sensor,2020/12/02 4:45 AM,28.4,86.0,24.8,28.4,,,30.16,,,,,,,,,,,,,
Back Fence,Temp & Humidity Sensor,2020/12/02 4:50 AM,28.4,86.0,24.8,28.4,,,30.17,,,,,,,,,,,,,
Back Fence,Temp & Humidity Sensor,2020/12/02 4:55 AM,28.4,86.0,24.8,28.4,,,30.17,,,,,,,,,,,,,
Back Fence,Temp & Humidity Sensor,2020/12/02 5:00 AM,28.2,87.0,24.8,28.2,,,30.17,,,,,,,,,,,,,
Back Fence,Temp & Humidity Sensor,2020/12/02 5:05 AM,28.0,86.0,24.4,28.0,,,30.17,,,,,,,,,,,,,
Back Fence,Temp & Humidity Sensor,2020/12/02 5:10 AM,28.0,87.0,24.6,28.0,,,30.17,,,,,,,,,,,,,
Back Fence,Temp & Humidity Sensor,2020/12/02 5:15 AM,28.2,88.0,25.1,28.2,,,30.17,,,,,,,,,,,,,
Back Fence,Temp & Humidity Sensor,2020/12/02 5:20 AM,28.2,88.0,25.1,28.2,,,30.17,,,,,,,,,,,,,
Back Fence,Temp & Humidity Sensor,2020/12/02 5:25 AM,27.8,88.0,24.7,27.8,,,30.17,,,,,,,,,,,,,
Back Fence,Temp & Humidity Sensor,2020/12/02 5:30 AM,27.6,87.0,24.2,27.6,,,30.18,,,,,,,,,,,,,
Back Fence,Temp & Humidity Sensor,2020/12/02 5:35 AM,27.6,87.0,24.2,27.6,,,30.18,,,,,,,,,,,,,
Back Fence,Temp & Humidity Sensor,2020/12/02 5:40 AM,27.5,87.0,24.1,27.5,,,30.18,,,,,,,,,,,,,
Back Fence,Temp & Humidity Sensor,2020/12/02 5:45 AM,27.6,86.0,24.0,27.6,,,30.18,,,,,,,,,,,,,
Back Fence,Temp & Humidity Sensor,2020/12/02 5:50 AM,27.6,86.0,24.0,27.6,,,30.18,,,,,,,,,,,,,
Back Fence,Temp & Humidity Sensor,2020/12/02 5:55 AM,27.6,86.0,24.0,27.6,,,30.19,,,,,,,,,,,,,
Back Fence,Temp & Humidity Sensor,2020/12/02 6:00 AM,27.6,87.0,24.2,27.6,,,30.19,,,,,,,,,,,,,
Back Fence,Temp & Humidity Sensor,2020/12/02 6:05 AM,27.5,87.0,24.1,27.5,,,30.19,,,,,,,,,,,,,
Back Fence,Temp & Humidity Sensor,2020/12/02 6:10 AM,27.6,87.0,24.2,27.6,,,30.2,,,,,,,,,,,,,
Back Fence,Temp & Humidity Sensor,2020/12/02 6:15 AM,27.6,87.0,24.2,27.6,,,30.2,,,,,,,,,,,,,
Back Fence,Temp & Humidity Sensor,2020/12/02 6:20 AM,27.8,87.0,24.4,27.8,,,30.19,,,,,,,,,,,,,
Back Fence,Temp & Humidity Sensor,2020/12/02 6:25 AM,28.0,87.0,24.6,28.0,,,30.2,,,,,,,,,,,,,
Back Fence,Temp & Humidity Sensor,2020/12/02 6:30 AM,27.6,88.0,24.5,27.6,,,30.2,,,,,,,,,,,,,
Back Fence,Temp & Humidity Sensor,2020/12/02 6:35 AM,27.5,87.0,24.1,27.5,,,30.2,,,,,,,,,,,,,
Back Fence,Temp & Humidity Sensor,2020/12/02 6:40 AM,27.1,87.0,23.8,27.1,,,30.21,,,,,,,,,,,,,
Back Fence,Temp & Humidity Sensor,2020/12/02 6:45 AM,26.9,87.0,23.6,26.9,,,30.21,,,,,,,,,,,,,
Back Fence,Temp & Humidity Sensor,2020/12/02 6:50 AM,27.1,87.0,23.8,27.1,,,30.21,,,,,,,,,,,,,
Back Fence,Temp & Humidity Sensor,2020/12/02 6:55 AM,27.1,87.0,23.8,27.1,,,30.21,,,,,,,,,,,,,
Back Fence,Temp & Humidity Sensor,2020/12/02 7:00 AM,26.9,87.0,23.6,26.9,,,30.21,,,,,,,,,,,,,
Back Fence,Temp & Humidity Sensor,2020/12/02 7:05 AM,27.1,87.0,23.8,27.1,,,30.21,,,,,,,,,,,,,
Back Fence,Temp & Humidity Sensor,2020/12/02 7:10 AM,27.1,87.0,23.8,27.1,,,30.21,,,,,,,,,,,,,
Back Fence,Temp & Humidity Sensor,2020/12/02 7:15 AM,26.9,87.0,23.6,26.9,,,30.21,,,,,,,,,,,,,
Back Fence,Temp & Humidity Sensor,2020/12/02 7:20 AM,26.9,87.0,23.6,26.9,,,30.21,,,,,,,,,,,,,
Back Fence,Temp & Humidity Sensor,2020/12/02 7:25 AM,26.9,87.0,23.6,26.9,,,30.21,,,,,,,,,,,,,
Back Fence,Temp & Humidity Sensor,2020/12/02 7:30 AM,26.9,86.0,23.3,26.9,,,30.21,,,,,,,,,,,,,
Back Fence,Temp & Humidity Sensor,2020/12/02 7:35 AM,27.1,86.0,23.5,27.1,,,30.21,,,,,,,,,,,,,
Back Fence,Temp & Humidity Sensor,2020/12/02 7:40 AM,27.1,87.0,23.8,27.1,,,30.21,,,,,,,,,,,,,
Back Fence,Temp & Humidity Sensor,2020/12/02 7:45 AM,27.3,87.0,24.0,27.3,,,30.21,,,,,,,,,,,,,
Back Fence,Temp & Humidity Sensor,2020/12/02 7:50 AM,27.5,87.0,24.1,27.5,,,30.21,,,,,,,,,,,,,
Back Fence,Temp & Humidity Sensor,2020/12/02 7:55 AM,27.6,87.0,24.2,27.6,,,30.21,,,,,,,,,,,,,
Back Fence,Temp & Humidity Sensor,2020/12/02 8:00 AM,27.8,87.0,24.4,27.8,,,30.22,,,,,,,,,,,,,
Back Fence,Temp & Humidity Sensor,2020/12/02 8:05 AM,28.0,88.0,24.9,28.0,,,30.22,,,,,,,,,,,,,
Back Fence,Temp & Humidity Sensor,2020/12/02 8:10 AM,28.2,88.0,25.1,28.2,,,30.22,,,,,,,,,,,,,
Back Fence,Temp & Humidity Sensor,2020/12/02 8:15 AM,28.4,87.0,25.0,28.4,,,30.22,,,,,,,,,,,,,
Back Fence,Temp & Humidity Sensor,2020/12/02 8:20 AM,28.7,87.0,25.3,28.7,,,30.22,,,,,,,,,,,,,
Back Fence,Temp & Humidity Sensor,2020/12/02 8:25 AM,29.3,87.0,25.9,29.3,,,30.22,,,,,,,,,,,,,
Back Fence,Temp & Humidity Sensor,2020/12/02 8:30 AM,29.8,86.0,26.1,29.8,,,30.22,,,,,,,,,,,,,
Back Fence,Temp & Humidity Sensor,2020/12/02 8:35 AM,30.2,85.0,26.2,30.2,,,30.22,,,,,,,,,,,,,
Back Fence,Temp & Humidity Sensor,2020/12/02 8:40 AM,30.5,85.0,26.5,30.5,,,30.23,,,,,,,,,,,,,
Back Fence,Temp & Humidity Sensor,2020/12/02 8:45 AM,31.4,83.0,26.8,31.4,,,30.23,,,,,,,,,,,,,
Back Fence,Temp & Humidity Sensor,2020/12/02 8:50 AM,32.7,78.0,26.6,32.7,,,30.23,,,,,,,,,,,,,
Back Fence,Temp & Humidity Sensor,2020/12/02 8:55 AM,33.0,78.0,26.9,33.0,,,30.23,,,,,,,,,,,,,
Back Fence,Temp & Humidity Sensor,2020/12/02 9:00 AM,34.1,74.0,26.7,34.1,,,30.23,,,,,,,,,,,,,
Back Fence,Temp & Humidity Sensor,2020/12/02 9:05 AM,33.9,75.0,26.8,33.9,,,30.23,,,,,,,,,,,,,
Back Fence,Temp & Humidity Sensor,2020/12/02 9:10 AM,33.9,74.0,26.5,33.9,,,30.24,,,,,,,,,,,,,
Back Fence,Temp & Humidity Sensor,2020/12/02 9:15 AM,34.7,73.0,26.9,34.7,,,30.24,,,,,,,,,,,,,
Back Fence,Temp & Humidity Sensor,2020/12/02 9:20 AM,34.8,73.0,27.0,34.8,,,30.24,,,,,,,,,,,,,
Back Fence,Temp & Humidity Sensor,2020/12/02 9:25 AM,35.4,67.0,25.6,35.4,,,30.24,,,,,,,,,,,,,
Back Fence,Temp & Humidity Sensor,2020/12/02 9:30 AM,35.6,68.0,26.1,35.6,,,30.25,,,,,,,,,,,,,
Back Fence,Temp & Humidity Sensor,2020/12/02 9:35 AM,35.7,65.0,25.1,35.7,,,30.25,,,,,,,,,,,,,
Back Fence,Temp & Humidity Sensor,2020/12/02 9:40 AM,36.1,67.0,26.2,36.1,,,30.26,,,,,,,,,,,,,
Back Fence,Temp & Humidity Sensor,2020/12/02 9:45 AM,37.4,65.0,26.7,37.4,,,30.26,,,,,,,,,,,,,
Back Fence,Temp & Humidity Sensor,2020/12/02 9:50 AM,38.8,65.0,28.1,38.8,,,30.26,,,,,,,,,,,,,
Back Fence,Temp & Humidity Sensor,2020/12/02 9:55 AM,38.6,63.0,27.1,38.6,,,30.26,,,,,,,,,,,,,
Back Fence,Temp & Humidity Sensor,2020/12/02 10:00 AM,38.1,60.0,25.5,38.1,,,30.26,,,,,,,,,,,,,
Back Fence,Temp & Humidity Sensor,2020/12/02 10:05 AM,38.1,59.0,25.1,38.1,,,30.26,,,,,,,,,,,,,
Back Fence,Temp & Humidity Sensor,2020/12/02 10:10 AM,41.1,60.0,28.3,37.7,,,30.26,,,,,,,,,,,,,
Back Fence,Temp & Humidity Sensor,2020/12/02 10:15 AM,41.7,58.0,28.0,38.3,,,30.26,,,,,,,,,,,,,
Back Fence,Temp & Humidity Sensor,2020/12/02 10:20 AM,41.7,55.0,26.7,38.2,,,30.26,,,,,,,,,,,,,
Back Fence,Temp & Humidity Sensor,2020/12/02 10:25 AM,41.1,56.0,26.6,37.5,,,30.27,,,,,,,,,,,,,
Back Fence,Temp & Humidity Sensor,2020/12/02 10:30 AM,43.1,56.0,28.5,39.7,,,30.27,,,,,,,,,,,,,
Back Fence,Temp & Humidity Sensor,2020/12/02 10:35 AM,43.7,51.0,26.8,40.2,,,30.27,,,,,,,,,,,,,
Back Fence,Temp & Humidity Sensor,2020/12/02 10:40 AM,43.1,50.0,25.7,39.5,,,30.27,,,,,,,,,,,,,
Back Fence,Temp & Humidity Sensor,2020/12/02 10:45 AM,42.8,50.0,25.5,39.1,,,30.27,,,,,,,,,,,,,
Back Fence,Temp & Humidity Sensor,2020/12/02 10:50 AM,42.2,51.0,25.4,38.5,,,30.27,,,,,,,,,,,,,
Back Fence,Temp & Humidity Sensor,2020/12/02 10:55 AM,42.0,51.0,25.2,38.3,,,30.27,,,,,,,,,,,,,
Back Fence,Temp & Humidity Sensor,2020/12/02 11:00 AM,42.8,51.0,25.9,39.2,,,30.27,,,,,,,,,,,,,
Back Fence,Temp & Humidity Sensor,2020/12/02 11:05 AM,42.8,50.0,25.5,39.1,,,30.27,,,,,,,,,,,,,
Back Fence,Temp & Humidity Sensor,2020/12/02 11:10 AM,42.8,50.0,25.5,39.1,,,30.27,,,,,,,,,,,,,
Back Fence,Temp & Humidity Sensor,2020/12/02 11:15 AM,42.6,49.0,24.8,38.9,,,30.26,,,,,,,,,,,,,
Back Fence,Temp & Humidity Sensor,2020/12/02 11:20 AM,42.8,50.0,25.5,39.1,,,30.27,,,,,,,,,,,,,
Back Fence,Temp & Humidity Sensor,2020/12/02 11:25 AM,43.1,50.0,25.7,39.5,,,30.27,,,,,,,,,,,,,
Back Fence,Temp & Humidity Sensor,2020/12/02 11:30 AM,43.3,49.0,25.4,39.6,,,30.26,,,,,,,,,,,,,
Back Fence,Temp & Humidity Sensor,2020/12/02 11:35 AM,43.3,48.0,24.9,39.6,,,30.26,,,,,,,,,,,,,
Back Fence,Temp & Humidity Sensor,2020/12/02 11:40 AM,43.7,49.0,25.8,40.1,,,30.26,,,,,,,,,,,,,
Back Fence,Temp & Humidity Sensor,2020/12/02 11:45 AM,44.6,50.0,27.1,41.1,,,30.26,,,,,,,,,,,,,
Back Fence,Temp & Humidity Sensor,2020/12/02 11:50 AM,46.7,46.0,27.0,43.2,,,30.26,,,,,,,,,,,,,
Back Fence,Temp & Humidity Sensor,2020/12/02 11:55 AM,47.6,44.0,26.8,44.1,,,30.26,,,,,,,,,,,,,
Back Fence,Temp & Humidity Sensor,2020/12/02 12:00 PM,48.7,43.0,27.2,45.3,,,30.25,,,,,,,,,,,,,
Back Fence,Temp & Humidity Sensor,2020/12/02 12:05 PM,48.9,44.0,28.0,45.6,,,30.25,,,,,,,,,,,,,
Back Fence,Temp & Humidity Sensor,2020/12/02 12:10 PM,48.0,41.0,25.4,44.4,,,30.25,,,,,,,,,,,,,
Back Fence,Temp & Humidity Sensor,2020/12/02 12:15 PM,50.7,43.0,29.0,47.5,,,30.25,,,,,,,,,,,,,
Back Fence,Temp & Humidity Sensor,2020/12/02 12:20 PM,52.3,43.0,30.5,49.3,,,30.25,,,,,,,,,,,,,
Back Fence,Temp & Humidity Sensor,2020/12/02 12:25 PM,50.0,39.0,26.0,46.5,,,30.25,,,,,,,,,,,,,
Back Fence,Temp & Humidity Sensor,2020/12/02 12:30 PM,49.8,40.0,26.5,46.4,,,30.25,,,,,,,,,,,,,
Back Fence,Temp & Humidity Sensor,2020/12/02 12:35 PM,49.6,40.0,26.3,46.1,,,30.25,,,,,,,,,,,,,
Back Fence,Temp & Humidity Sensor,2020/12/02 12:40 PM,50.5,38.0,25.9,47.0,,,30.25,,,,,,,,,,,,,
Back Fence,Temp & Humidity Sensor,2020/12/02 12:45 PM,51.2,39.0,27.1,47.9,,,30.24,,,,,,,,,,,,,
Back Fence,Temp & Humidity Sensor,2020/12/02 12:50 PM,50.1,40.0,26.7,46.7,,,30.24,,,,,,,,,,,,,
Back Fence,Temp & Humidity Sensor,2020/12/02 12:55 PM,51.4,36.0,25.4,47.9,,,30.24,,,,,,,,,,,,,
Back Fence,Temp & Humidity Sensor,2020/12/02 1:00 PM,52.1,36.0,26.0,48.7,,,30.24,,,,,,,,,,,,,
Back Fence,Temp & Humidity Sensor,2020/12/02 1:05 PM,50.1,36.0,24.2,46.5,,,30.25,,,,,,,,,,,,,
Back Fence,Temp & Humidity Sensor,2020/12/02 1:10 PM,53.0,37.0,27.4,49.7,,,30.25,,,,,,,,,,,,,
Back Fence,Temp & Humidity Sensor,2020/12/02 1:15 PM,53.0,35.0,26.1,49.6,,,30.25,,,,,,,,,,,,,
Back Fence,Temp & Humidity Sensor,2020/12/02 1:20 PM,50.3,37.0,25.0,46.8,,,30.24,,,,,,,,,,,,,
Back Fence,Temp & Humidity Sensor,2020/12/02 1:25 PM,49.6,39.0,25.7,46.1,,,30.24,,,,,,,,,,,,,
Back Fence,Temp & Humidity Sensor,2020/12/02 1:30 PM,50.7,37.0,25.4,47.2,,,30.24,,,,,,,,,,,,,
Back Fence,Temp & Humidity Sensor,2020/12/02 1:35 PM,51.6,35.0,24.9,48.1,,,30.25,,,,,,,,,,,,,
Back Fence,Temp & Humidity Sensor,2020/12/02 1:40 PM,50.3,34.0,23.0,46.6,,,30.25,,,,,,,,,,,,,
Back Fence,Temp & Humidity Sensor,2020/12/02 1:45 PM,51.9,35.0,25.1,48.4,,,30.25,,,,,,,,,,,,,
Back Fence,Temp & Humidity Sensor,2020/12/02 1:50 PM,51.0,35.0,24.3,47.4,,,30.25,,,,,,,,,,,,,
Back Fence,Temp & Humidity Sensor,2020/12/02 1:55 PM,50.7,35.0,24.1,47.1,,,30.24,,,,,,,,,,,,,
Back Fence,Temp & Humidity Sensor,2020/12/02 2:00 PM,50.3,35.0,23.7,46.7,,,30.24,,,,,,,,,,,,,
Back Fence,Temp & Humidity Sensor,2020/12/02 2:05 PM,51.0,33.0,22.9,47.4,,,30.24,,,,,,,,,,,,,
Back Fence,Temp & Humidity Sensor,2020/12/02 2:10 PM,50.5,36.0,24.6,46.9,,,30.24,,,,,,,,,,,,,
Back Fence,Temp & Humidity Sensor,2020/12/02 2:15 PM,49.8,35.0,23.3,46.1,,,30.24,,,,,,,,,,,,,
Back Fence,Temp & Humidity Sensor,2020/12/02 2:20 PM,49.8,36.0,23.9,46.2,,,30.24,,,,,,,,,,,,,
Back Fence,Temp & Humidity Sensor,2020/12/02 2:25 PM,49.6,38.0,25.0,46.0,,,30.24,,,,,,,,,,,,,
Back Fence,Temp & Humidity Sensor,2020/12/02 2:30 PM,49.6,39.0,25.7,46.1,,,30.25,,,,,,,,,,,,,
Back Fence,Temp & Humidity Sensor,2020/12/02 2:35 PM,49.4,39.0,25.5,45.9,,,30.25,,,,,,,,,,,,,
Back Fence,Temp & Humidity Sensor,2020/12/02 2:40 PM,49.2,38.0,24.7,45.6,,,30.25,,,,,,,,,,,,,
Back Fence,Temp & Humidity Sensor,2020/12/02 2:45 PM,49.2,39.0,25.3,45.7,,,30.25,,,,,,,,,,,,,
Back Fence,Temp & Humidity Sensor,2020/12/02 2:50 PM,50.5,38.0,25.9,47.0,,,30.26,,,,,,,,,,,,,
Back Fence,Temp & Humidity Sensor,2020/12/02 2:55 PM,50.0,34.0,22.8,46.3,,,30.26,,,,,,,,,,,,,
Back Fence,Temp & Humidity Sensor,2020/12/02 3:00 PM,49.4,38.0,24.9,45.8,,,30.26,,,,,,,,,,,,,
Back Fence,Temp & Humidity Sensor,2020/12/02 3:05 PM,49.8,37.0,24.6,46.2,,,30.26,,,,,,,,,,,,,
Back Fence,Temp & Humidity Sensor,2020/12/02 3:10 PM,49.4,35.0,22.9,45.7,,,30.26,,,,,,,,,,,,,
Back Fence,Temp & Humidity Sensor,2020/12/02 3:15 PM,49.4,38.0,24.9,45.8,,,30.26,,,,,,,,,,,,,
Back Fence,Temp & Humidity Sensor,2020/12/02 3:20 PM,48.9,38.0,24.4,45.3,,,30.26,,,,,,,,,,,,,
Back Fence,Temp & Humidity Sensor,2020/12/02 3:25 PM,48.5,39.0,24.7,44.9,,,30.26,,,,,,,,,,,,,
Back Fence,Temp & Humidity Sensor,2020/12/02 3:30 PM,48.7,37.0,23.6,45.0,,,30.26,,,,,,,,,,,,,
Back Fence,Temp & Humidity Sensor,2020/12/02 3:35 PM,48.2,38.0,23.8,44.5,,,30.26,,,,,,,,,,,,,
Back Fence,Temp & Humidity Sensor,2020/12/02 3:40 PM,47.8,39.0,24.1,44.1,,,30.26,,,,,,,,,,,,,
Back Fence,Temp & Humidity Sensor,2020/12/02 3:45 PM,47.6,40.0,24.5,43.9,,,30.26,,,,,,,,,,,,,
Back Fence,Temp & Humidity Sensor,2020/12/02 3:50 PM,47.3,40.0,24.2,43.6,,,30.26,,,,,,,,,,,,,
Back Fence,Temp & Humidity Sensor,2020/12/02 3:55 PM,47.1,40.0,24.0,43.4,,,30.26,,,,,,,,,,,,,
Back Fence,Temp & Humidity Sensor,2020/12/02 4:00 PM,46.7,40.0,23.7,43.0,,,30.26,,,,,,,,,,,,,
Back Fence,Temp & Humidity Sensor,2020/12/02 4:05 PM,46.4,41.0,24.0,42.7,,,30.26,,,,,,,,,,,,,
Back Fence,Temp & Humidity Sensor,2020/12/02 4:10 PM,46.4,41.0,24.0,42.7,,,30.26,,,,,,,,,,,,,
Back Fence,Temp & Humidity Sensor,2020/12/02 4:15 PM,45.6,41.0,23.3,41.8,,,30.26,,,,,,,,,,,,,
Back Fence,Temp & Humidity Sensor,2020/12/02 4:20 PM,45.3,41.0,23.0,41.5,,,30.27,,,,,,,,,,,,,
Back Fence,Temp & Humidity Sensor,2020/12/02 4:25 PM,44.7,42.0,23.0,40.8,,,30.27,,,,,,,,,,,,,
Back Fence,Temp & Humidity Sensor,2020/12/02 4:30 PM,44.6,42.0,22.9,40.7,,,30.27,,,,,,,,,,,,,
Back Fence,Temp & Humidity Sensor,2020/12/02 4:35 PM,44.2,42.0,22.6,40.3,,,30.27,,,,,,,,,,,,,
Back Fence,Temp & Humidity Sensor,2020/12/02 4:40 PM,43.7,43.0,22.7,39.8,,,30.27,,,,,,,,,,,,,
Back Fence,Temp & Humidity Sensor,2020/12/02 4:45 PM,43.1,44.0,22.7,39.2,,,30.27,,,,,,,,,,,,,
Back Fence,Temp & Humidity Sensor,2020/12/02 4:50 PM,42.8,44.0,22.4,38.8,,,30.27,,,,,,,,,,,,,
Back Fence,Temp & Humidity Sensor,2020/12/02 4:55 PM,42.4,45.0,22.6,38.5,,,30.27,,,,,,,,,,,,,
Back Fence,Temp & Humidity Sensor,2020/12/02 5:00 PM,41.5,45.0,21.8,37.5,,,30.27,,,,,,,,,,,,,
Back Fence,Temp & Humidity Sensor,2020/12/02 5:05 PM,41.1,47.0,22.4,37.1,,,30.27,,,,,,,,,,,,,
Back Fence,Temp & Humidity Sensor,2020/12/02 5:10 PM,41.0,49.0,23.3,37.1,,,30.28,,,,,,,,,,,,,
Back Fence,Temp & Humidity Sensor,2020/12/02 5:15 PM,40.4,50.0,23.2,36.5,,,30.28,,,,,,,,,,,,,
Back Fence,Temp & Humidity Sensor,2020/12/02 5:20 PM,39.7,50.0,22.6,39.7,,,30.28,,,,,,,,,,,,,
Back Fence,Temp & Humidity Sensor,2020/12/02 5:25 PM,39.2,51.0,22.6,39.2,,,30.28,,,,,,,,,,,,,
Back Fence,Temp & Humidity Sensor,2020/12/02 5:30 PM,39.0,52.0,22.9,39.0,,,30.27,,,,,,,,,,,,,
Back Fence,Temp & Humidity Sensor,2020/12/02 5:35 PM,38.6,52.0,22.5,38.6,,,30.28,,,,,,,,,,,,,
Back Fence,Temp & Humidity Sensor,2020/12/02 5:40 PM,38.3,52.0,22.2,38.3,,,30.28,,,,,,,,,,,,,
Back Fence,Temp & Humidity Sensor,2020/12/02 5:45 PM,38.3,55.0,23.6,38.3,,,30.28,,,,,,,,,,,,,
Back Fence,Temp & Humidity Sensor,2020/12/02 5:50 PM,37.7,58.0,24.3,37.7,,,30.28,,,,,,,,,,,,,
Back Fence,Temp & Humidity Sensor,2020/12/02 5:55 PM,37.2,60.0,24.6,37.2,,,30.28,,,,,,,,,,,,,
Back Fence,Temp & Humidity Sensor,2020/12/02 6:00 PM,36.5,59.0,23.6,36.5,,,30.28,,,,,,,,,,,,,
Back Fence,Temp & Humidity Sensor,2020/12/02 6:05 PM,36.1,59.0,23.2,36.1,,,30.28,,,,,,,,,,,,,
Back Fence,Temp & Humidity Sensor,2020/12/02 6:10 PM,35.7,60.0,23.2,35.7,,,30.29,,,,,,,,,,,,,
Back Fence,Temp & Humidity Sensor,2020/12/02 6:15 PM,35.6,60.0,23.1,35.6,,,30.29,,,,,,,,,,,,,
Back Fence,Temp & Humidity Sensor,2020/12/02 6:20 PM,35.4,60.0,22.9,35.4,,,30.29,,,,,,,,,,,,,
Back Fence,Temp & Humidity Sensor,2020/12/02 6:25 PM,34.8,60.0,22.3,34.8,,,30.29,,,,,,,,,,,,,
Back Fence,Temp & Humidity Sensor,2020/12/02 6:30 PM,34.7,61.0,22.6,34.7,,,30.29,,,,,,,,,,,,,
Back Fence,Temp & Humidity Sensor,2020/12/02 6:35 PM,34.7,62.0,23.0,34.7,,,30.29,,,,,,,,,,,,,
Back Fence,Temp & Humidity Sensor,2020/12/02 6:40 PM,34.7,68.0,25.2,34.7,,,30.3,,,,,,,,,,,,,
Back Fence,Temp & Humidity Sensor,2020/12/02 6:45 PM,34.5,68.0,25.0,34.5,,,30.3,,,,,,,,,,,,,
Back Fence,Temp & Humidity Sensor,2020/12/02 6:50 PM,33.8,66.0,23.7,33.8,,,30.3,,,,,,,,,,,,,
Back Fence,Temp & Humidity Sensor,2020/12/02 6:55 PM,33.8,66.0,23.7,33.8,,,30.3,,,,,,,,,,,,,
Back Fence,Temp & Humidity Sensor,2020/12/02 7:00 PM,33.8,77.0,27.4,33.8,,,30.3,,,,,,,,,,,,,
Back Fence,Temp & Humidity Sensor,2020/12/02 7:05 PM,33.6,73.0,25.9,33.6,,,30.31,,,,,,,,,,,,,
Back Fence,Temp & Humidity Sensor,2020/12/02 7:10 PM,33.4,75.0,26.3,33.4,,,30.31,,,,,,,,,,,,,
Back Fence,Temp & Humidity Sensor,2020/12/02 7:15 PM,33.0,72.0,25.0,33.0,,,30.31,,,,,,,,,,,,,
Back Fence,Temp & Humidity Sensor,2020/12/02 7:20 PM,32.9,76.0,26.2,32.9,,,30.31,,,,,,,,,,,,,
Back Fence,Temp & Humidity Sensor,2020/12/02 7:25 PM,32.9,73.0,25.2,32.9,,,30.31,,,,,,,,,,,,,
Back Fence,Temp & Humidity Sensor,2020/12/02 7:30 PM,32.9,75.0,25.9,32.9,,,30.31,,,,,,,,,,,,,
Back Fence,Temp & Humidity Sensor,2020/12/02 7:35 PM,32.5,75.0,25.5,32.5,,,30.31,,,,,,,,,,,,,
Back Fence,Temp & Humidity Sensor,2020/12/02 7:40 PM,32.0,73.0,24.3,32.0,,,30.31,,,,,,,,,,,,,
Back Fence,Temp & Humidity Sensor,2020/12/02 7:45 PM,31.8,74.0,24.5,31.8,,,30.32,,,,,,,,,,,,,
Back Fence,Temp & Humidity Sensor,2020/12/02 7:50 PM,31.6,74.0,24.3,31.6,,,30.32,,,,,,,,,,,,,
Back Fence,Temp & Humidity Sensor,2020/12/02 7:55 PM,31.6,76.0,24.9,31.6,,,30.32,,,,,,,,,,,,,
Back Fence,Temp & Humidity Sensor,2020/12/02 8:00 PM,31.8,84.0,27.5,31.8,,,30.32,,,,,,,,,,,,,
Back Fence,Temp & Humidity Sensor,2020/12/02 8:05 PM,31.4,82.0,26.6,31.4,,,30.32,,,,,,,,,,,,,
Back Fence,Temp & Humidity Sensor,2020/12/02 8:10 PM,31.2,80.0,25.8,31.2,,,30.32,,,,,,,,,,,,,
Back Fence,Temp & Humidity Sensor,2020/12/02 8:15 PM,31.4,79.0,25.7,31.4,,,30.32,,,,,,,,,,,,,
Back Fence,Temp & Humidity Sensor,2020/12/02 8:20 PM,31.2,81.0,26.1,31.2,,,30.32,,,,,,,,,,,,,
Back Fence,Temp & Humidity Sensor,2020/12/02 8:25 PM,30.7,80.0,25.3,30.7,,,30.32,,,,,,,,,,,,,
Back Fence,Temp & Humidity Sensor,2020/12/02 8:30 PM,30.7,82.0,25.9,30.7,,,30.33,,,,,,,,,,,,,
Back Fence,Temp & Humidity Sensor,2020/12/02 8:35 PM,30.7,84.0,26.4,30.7,,,30.33,,,,,,,,,,,,,
Back Fence,Temp & Humidity Sensor,2020/12/02 8:40 PM,30.5,85.0,26.5,30.5,,,30.33,,,,,,,,,,,,,
Back Fence,Temp & Humidity Sensor,2020/12/02 8:45 PM,30.5,86.0,26.8,30.5,,,30.33,,,,,,,,,,,,,
Back Fence,Temp & Humidity Sensor,2020/12/02 8:50 PM,30.3,84.0,26.1,30.3,,,30.33,,,,,,,,,,,,,
Back Fence,Temp & Humidity Sensor,2020/12/02 8:55 PM,30.2,82.0,25.4,30.2,,,30.32,,,,,,,,,,,,,
Back Fence,Temp & Humidity Sensor,2020/12/02 9:00 PM,30.0,82.0,25.2,30.0,,,30.33,,,,,,,,,,,,,
Back Fence,Temp & Humidity Sensor,2020/12/02 9:05 PM,29.8,81.0,24.7,29.8,,,30.33,,,,,,,,,,,,,
Back Fence,Temp & Humidity Sensor,2020/12/02 9:10 PM,29.6,81.0,24.5,29.6,,,30.33,,,,,,,,,,,,,
Back Fence,Temp & Humidity Sensor,2020/12/02 9:15 PM,29.6,81.0,24.5,29.6,,,30.33,,,,,,,,,,,,,
Back Fence,Temp & Humidity Sensor,2020/12/02 9:20 PM,29.6,84.0,25.4,29.6,,,30.33,,,,,,,,,,,,,
Back Fence,Temp & Humidity Sensor,2020/12/02 9:25 PM,29.6,90.0,27.0,29.6,,,30.33,,,,,,,,,,,,,
Back Fence,Temp & Humidity Sensor,2020/12/02 9:30 PM,29.6,91.0,27.3,29.6,,,30.33,,,,,,,,,,,,,
Back Fence,Temp & Humidity Sensor,2020/12/02 9:35 PM,29.3,90.0,26.7,29.3,,,30.33,,,,,,,,,,,,,
Back Fence,Temp & Humidity Sensor,2020/12/02 9:40 PM,29.1,89.0,26.3,29.1,,,30.33,,,,,,,,,,,,,
Back Fence,Temp & Humidity Sensor,2020/12/02 9:45 PM,29.3,87.0,25.9,29.3,,,30.33,,,,,,,,,,,,,
Back Fence,Temp & Humidity Sensor,2020/12/02 9:50 PM,29.4,92.0,27.4,29.4,,,30.33,,,,,,,,,,,,,
Back Fence,Temp & Humidity Sensor,2020/12/02 9:55 PM,29.1,92.0,27.1,29.1,,,30.32,,,,,,,,,,,,,
Back Fence,Temp & Humidity Sensor,2020/12/02 10:00 PM,28.9,90.0,26.3,28.9,,,30.33,,,,,,,,,,,,,
Back Fence,Temp & Humidity Sensor,2020/12/02 10:05 PM,28.9,89.0,26.1,28.9,,,30.33,,,,,,,,,,,,,
Back Fence,Temp & Humidity Sensor,2020/12/02 10:10 PM,29.1,89.0,26.3,29.1,,,30.33,,,,,,,,,,,,,
Back Fence,Temp & Humidity Sensor,2020/12/02 10:15 PM,28.9,88.0,25.8,28.9,,,30.33,,,,,,,,,,,,,
Back Fence,Temp & Humidity Sensor,2020/12/02 10:20 PM,28.9,87.0,25.5,28.9,,,30.34,,,,,,,,,,,,,
Back Fence,Temp & Humidity Sensor,2020/12/02 10:25 PM,28.9,86.0,25.2,28.9,,,30.34,,,,,,,,,,,,,
Back Fence,Temp & Humidity Sensor,2020/12/02 10:30 PM,28.9,86.0,25.2,28.9,,,30.33,,,,,,,,,,,,,
Back Fence,Temp & Humidity Sensor,2020/12/02 10:35 PM,28.7,88.0,25.6,28.7,,,30.33,,,,,,,,,,,,,
Back Fence,Temp & Humidity Sensor,2020/12/02 10:40 PM,28.5,88.0,25.4,28.5,,,30.33,,,,,,,,,,,,,
Back Fence,Temp & Humidity Sensor,2020/12/02 10:45 PM,28.4,87.0,25.0,28.4,,,30.33,,,,,,,,,,,,,
Back Fence,Temp & Humidity Sensor,2020/12/02 10:50 PM,28.5,87.0,25.1,28.5,,,30.33,,,,,,,,,,,,,
Back Fence,Temp & Humidity Sensor,2020/12/02 10:55 PM,28.5,89.0,25.7,28.5,,,30.33,,,,,,,,,,,,,
Back Fence,Temp & Humidity Sensor,2020/12/02 11:00 PM,28.4,89.0,25.6,28.4,,,30.33,,,,,,,,,,,,,
Back Fence,Temp & Humidity Sensor,2020/12/02 11:05 PM,28.4,88.0,25.3,28.4,,,30.33,,,,,,,,,,,,,
Back Fence,Temp & Humidity Sensor,2020/12/02 11:10 PM,28.4,88.0,25.3,28.4,,,30.33,,,,,,,,,,,,,
Back Fence,Temp & Humidity Sensor,2020/12/02 11:15 PM,28.4,88.0,25.3,28.4,,,30.33,,,,,,,,,,,,,
Back Fence,Temp & Humidity Sensor,2020/12/02 11:20 PM,28.4,91.0,26.1,28.4,,,30.33,,,,,,,,,,,,,
Back Fence,Temp & Humidity Sensor,2020/12/02 11:25 PM,28.4,89.0,25.6,28.4,,,30.33,,,,,,,,,,,,,
Back Fence,Temp & Humidity Sensor,2020/12/02 11:30 PM,28.2,91.0,25.9,28.2,,,30.33,,,,,,,,,,,,,
Back Fence,Temp & Humidity Sensor,2020/12/02 11:35 PM,28.0,90.0,25.5,28.0,,,30.33,,,,,,,,,,,,,
Back Fence,Temp & Humidity Sensor,2020/12/02 11:40 PM,28.4,88.0,25.3,28.4,,,30.33,,,,,,,,,,,,,
Back Fence,Temp & Humidity Sensor,2020/12/02 11:45 PM,28.2,91.0,25.9,28.2,,,30.33,,,,,,,,,,,,,
Back Fence,Temp & Humidity Sensor,2020/12/02 11:50 PM,28.0,91.0,25.7,28.0,,,30.34,,,,,,,,,,,,,
Back Fence,Temp & Humidity Sensor,2020/12/02 11:55 PM,28.0,91.0,25.7,28.0,,,30.34,,,,,,,,,,,,,
Back Fence,Temp & Humidity Sensor,2020/12/03 12:00 AM,28.2,91.0,25.9,28.2,,,30.34,,,,,,,,,,,,,
Back Fence,Temp & Humidity Sensor,2020/12/03 12:05 AM,28.4,89.0,25.6,28.4,,,30.34,,,,,,,,,,,,,
Back Fence,Temp & Humidity Sensor,2020/12/03 12:10 AM,28.2,89.0,25.4,28.2,,,30.34,,,,,,,,,,,,,
Back Fence,Temp & Humidity Sensor,2020/12/03 12:15 AM,28.0,88.0,24.9,28.0,,,30.35,,,,,,,,,,,,,
Back Fence,Temp & Humidity Sensor,2020/12/03 12:20 AM,28.0,89.0,25.2,28.0,,,30.35,,,,,,,,,,,,,
Back Fence,Temp & Humidity Sensor,2020/12/03 12:25 AM,28.0,91.0,25.7,28.0,,,30.35,,,,,,,,,,,,,
Back Fence,Temp & Humidity Sensor,2020/12/03 12:30 AM,28.0,93.0,26.2,28.0,,,30.35,,,,,,,,,,,,,
Back Fence,Temp & Humidity Sensor,2020/12/03 12:35 AM,28.0,95.0,26.8,28.0,,,30.35,,,,,,,,,,,,,
Back Fence,Temp & Humidity Sensor,2020/12/03 12:40 AM,28.0,97.0,27.3,28.0,,,30.34,,,,,,,,,,,,,
Back Fence,Temp & Humidity Sensor,2020/12/03 12:45 AM,27.8,97.0,27.1,27.8,,,30.34,,,,,,,,,,,,,
Back Fence,Temp & Humidity Sensor,2020/12/03 12:50 AM,27.6,96.0,26.6,27.6,,,30.34,,,,,,,,,,,,,
Back Fence,Temp & Humidity Sensor,2020/12/03 12:55 AM,27.5,95.0,26.3,27.5,,,30.34,,,,,,,,,,,,,
Back Fence,Temp & Humidity Sensor,2020/12/03 1:00 AM,27.5,95.0,26.3,27.5,,,30.34,,,,,,,,,,,,,
Back Fence,Temp & Humidity Sensor,2020/12/03 1:05 AM,27.5,95.0,26.3,27.5,,,30.34,,,,,,,,,,,,,
Back Fence,Temp & Humidity Sensor,2020/12/03 1:10 AM,27.5,94.0,26.0,27.5,,,30.34,,,,,,,,,,,,,
Back Fence,Temp & Humidity Sensor,2020/12/03 1:15 AM,27.5,95.0,26.3,27.5,,,30.33,,,,,,,,,,,,,
Back Fence,Temp & Humidity Sensor,2020/12/03 1:20 AM,27.3,95.0,26.1,27.3,,,30.33,,,,,,,,,,,,,
Back Fence,Temp & Humidity Sensor,2020/12/03 1:25 AM,26.9,95.0,25.7,26.9,,,30.33,,,,,,,,,,,,,
Back Fence,Temp & Humidity Sensor,2020/12/03 1:30 AM,26.9,95.0,25.7,26.9,,,30.33,,,,,,,,,,,,,
Back Fence,Temp & Humidity Sensor,2020/12/03 1:35 AM,27.3,94.0,25.8,27.3,,,30.34,,,,,,,,,,,,,
Back Fence,Temp & Humidity Sensor,2020/12/03 1:40 AM,27.3,94.0,25.8,27.3,,,30.34,,,,,,,,,,,,,
Back Fence,Temp & Humidity Sensor,2020/12/03 1:45 AM,27.1,95.0,25.9,27.1,,,30.34,,,,,,,,,,,,,
Back Fence,Temp & Humidity Sensor,2020/12/03 1:50 AM,27.1,96.0,26.1,27.1,,,30.34,,,,,,,,,,,,,
Back Fence,Temp & Humidity Sensor,2020/12/03 1:55 AM,26.9,96.0,25.9,26.9,,,30.34,,,,,,,,,,,,,
Back Fence,Temp & Humidity Sensor,2020/12/03 2:00 AM,26.7,96.0,25.7,26.7,,,30.34,,,,,,,,,,,,,
Back Fence,Temp & Humidity Sensor,2020/12/03 2:05 AM,26.7,96.0,25.7,26.7,,,30.34,,,,,,,,,,,,,
Back Fence,Temp & Humidity Sensor,2020/12/03 2:10 AM,26.7,96.0,25.7,26.7,,,30.34,,,,,,,,,,,,,
Back Fence,Temp & Humidity Sensor,2020/12/03 2:15 AM,26.6,97.0,25.9,26.6,,,30.34,,,,,,,,,,,,,
Back Fence,Temp & Humidity Sensor,2020/12/03 2:20 AM,26.7,97.0,26.0,26.7,,,30.34,,,,,,,,,,,,,
Back Fence,Temp & Humidity Sensor,2020/12/03 2:25 AM,26.6,97.0,25.9,26.6,,,30.34,,,,,,,,,,,,,
Back Fence,Temp & Humidity Sensor,2020/12/03 2:30 AM,26.7,98.0,26.2,26.7,,,30.34,,,,,,,,,,,,,
Back Fence,Temp & Humidity Sensor,2020/12/03 2:35 AM,26.6,98.0,26.1,26.6,,,30.34,,,,,,,,,,,,,
Back Fence,Temp & Humidity Sensor,2020/12/03 2:40 AM,26.6,98.0,26.1,26.6,,,30.34,,,,,,,,,,,,,
Back Fence,Temp & Humidity Sensor,2020/12/03 2:45 AM,26.4,99.0,26.2,26.4,,,30.34,,,,,,,,,,,,,
Back Fence,Temp & Humidity Sensor,2020/12/03 2:50 AM,26.6,97.0,25.9,26.6,,,30.34,,,,,,,,,,,,,
Back Fence,Temp & Humidity Sensor,2020/12/03 2:55 AM,26.6,97.0,25.9,26.6,,,30.33,,,,,,,,,,,,,
Back Fence,Temp & Humidity Sensor,2020/12/03 3:00 AM,26.2,98.0,25.7,26.2,,,30.32,,,,,,,,,,,,,
Back Fence,Temp & Humidity Sensor,2020/12/03 3:05 AM,26.6,96.0,25.6,26.6,,,30.32,,,,,,,,,,,,,
Back Fence,Temp & Humidity Sensor,2020/12/03 3:10 AM,26.6,96.0,25.6,26.6,,,30.32,,,,,,,,,,,,,
Back Fence,Temp & Humidity Sensor,2020/12/03 3:15 AM,26.6,96.0,25.6,26.6,,,30.32,,,,,,,,,,,,,
Back Fence,Temp & Humidity Sensor,2020/12/03 3:20 AM,26.4,98.0,25.9,26.4,,,30.32,,,,,,,,,,,,,
Back Fence,Temp & Humidity Sensor,2020/12/03 3:25 AM,26.2,97.0,25.5,26.2,,,30.32,,,,,,,,,,,,,
Back Fence,Temp & Humidity Sensor,2020/12/03 3:30 AM,26.4,97.0,25.7,26.4,,,30.32,,,,,,,,,,,,,
Back Fence,Temp & Humidity Sensor,2020/12/03 3:35 AM,26.2,97.0,25.5,26.2,,,30.32,,,,,,,,,,,,,
Back Fence,Temp & Humidity Sensor,2020/12/03 3:40 AM,26.2,97.0,25.5,26.2,,,30.32,,,,,,,,,,,,,
Back Fence,Temp & Humidity Sensor,2020/12/03 3:45 AM,26.2,97.0,25.5,26.2,,,30.33,,,,,,,,,,,,,
Back Fence,Temp & Humidity Sensor,2020/12/03 3:50 AM,26.0,97.0,25.3,26.0,,,30.32,,,,,,,,,,,,,
Back Fence,Temp & Humidity Sensor,2020/12/03 3:55 AM,26.4,97.0,25.7,26.4,,,30.32,,,,,,,,,,,,,
Back Fence,Temp & Humidity Sensor,2020/12/03 4:00 AM,26.4,98.0,25.9,26.4,,,30.32,,,,,,,,,,,,,
Back Fence,Temp & Humidity Sensor,2020/12/03 4:05 AM,26.4,98.0,25.9,26.4,,,30.32,,,,,,,,,,,,,
Back Fence,Temp & Humidity Sensor,2020/12/03 4:10 AM,26.2,98.0,25.7,26.2,,,30.32,,,,,,,,,,,,,
Back Fence,Temp & Humidity Sensor,2020/12/03 4:15 AM,26.2,98.0,25.7,26.2,,,30.32,,,,,,,,,,,,,
Back Fence,Temp & Humidity Sensor,2020/12/03 4:20 AM,26.0,98.0,25.5,26.0,,,30.32,,,,,,,,,,,,,
Back Fence,Temp & Humidity Sensor,2020/12/03 4:25 AM,25.8,98.0,25.3,25.8,,,30.32,,,,,,,,,,,,,
Back Fence,Temp & Humidity Sensor,2020/12/03 4:30 AM,26.0,98.0,25.5,26.0,,,30.32,,,,,,,,,,,,,
Back Fence,Temp & Humidity Sensor,2020/12/03 4:35 AM,25.8,98.0,25.3,25.8,,,30.32,,,,,,,,,,,,,
Back Fence,Temp & Humidity Sensor,2020/12/03 4:40 AM,25.8,98.0,25.3,25.8,,,30.32,,,,,,,,,,,,,
Back Fence,Temp & Humidity Sensor,2020/12/03 4:45 AM,25.8,97.0,25.1,25.8,,,30.32,,,,,,,,,,,,,
Back Fence,Temp & Humidity Sensor,2020/12/03 4:50 AM,25.7,97.0,25.0,25.7,,,30.32,,,,,,,,,,,,,
Back Fence,Temp & Humidity Sensor,2020/12/03 4:55 AM,25.7,97.0,25.0,25.7,,,30.32,,,,,,,,,,,,,
Back Fence,Temp & Humidity Sensor,2020/12/03 5:00 AM,25.7,97.0,25.0,25.7,,,30.32,,,,,,,,,,,,,
Back Fence,Temp & Humidity Sensor,2020/12/03 5:05 AM,25.5,97.0,24.8,25.5,,,30.32,,,,,,,,,,,,,
Back Fence,Temp & Humidity Sensor,2020/12/03 5:10 AM,25.5,96.0,24.5,25.5,,,30.33,,,,,,,,,,,,,
Back Fence,Temp & Humidity Sensor,2020/12/03 5:15 AM,25.5,97.0,24.8,25.5,,,30.33,,,,,,,,,,,,,
Back Fence,Temp & Humidity Sensor,2020/12/03 5:20 AM,25.3,97.0,24.6,25.3,,,30.33,,,,,,,,,,,,,
Back Fence,Temp & Humidity Sensor,2020/12/03 5:25 AM,25.3,98.0,24.8,25.3,,,30.33,,,,,,,,,,,,,
Back Fence,Temp & Humidity Sensor,2020/12/03 5:30 AM,25.3,98.0,24.8,25.3,,,30.33,,,,,,,,,,,,,
Back Fence,Temp & Humidity Sensor,2020/12/03 5:35 AM,25.1,98.0,24.6,25.1,,,30.33,,,,,,,,,,,,,
Back Fence,Temp & Humidity Sensor,2020/12/03 5:40 AM,24.9,98.0,24.4,24.9,,,30.33,,,,,,,,,,,,,
Back Fence,Temp & Humidity Sensor,2020/12/03 5:45 AM,24.8,98.0,24.3,24.8,,,30.33,,,,,,,,,,,,,
Back Fence,Temp & Humidity Sensor,2020/12/03 5:50 AM,24.8,98.0,24.3,24.8,,,30.33,,,,,,,,,,,,,
Back Fence,Temp & Humidity Sensor,2020/12/03 5:55 AM,24.8,98.0,24.3,24.8,,,30.33,,,,,,,,,,,,,
Back Fence,Temp & Humidity Sensor,2020/12/03 6:00 AM,24.8,98.0,24.3,24.8,,,30.34,,,,,,,,,,,,,
Back Fence,Temp & Humidity Sensor,2020/12/03 6:05 AM,24.8,98.0,24.3,24.8,,,30.34,,,,,,,,,,,,,
Back Fence,Temp & Humidity Sensor,2020/12/03 6:10 AM,24.9,98.0,24.4,24.9,,,30.34,,,,,,,,,,,,,
Back Fence,Temp & Humidity Sensor,2020/12/03 6:15 AM,24.8,98.0,24.3,24.8,,,30.34,,,,,,,,,,,,,
Back Fence,Temp & Humidity Sensor,2020/12/03 6:20 AM,24.8,98.0,24.3,24.8,,,30.34,,,,,,,,,,,,,
Back Fence,Temp & Humidity Sensor,2020/12/03 6:25 AM,24.8,98.0,24.3,24.8,,,30.34,,,,,,,,,,,,,
Back Fence,Temp & Humidity Sensor,2020/12/03 6:30 AM,24.8,98.0,24.3,24.8,,,30.34,,,,,,,,,,,,,
Back Fence,Temp & Humidity Sensor,2020/12/03 6:35 AM,24.8,98.0,24.3,24.8,,,30.35,,,,,,,,,,,,,
Back Fence,Temp & Humidity Sensor,2020/12/03 6:40 AM,24.8,99.0,24.6,24.8,,,30.35,,,,,,,,,,,,,
Back Fence,Temp & Humidity Sensor,2020/12/03 6:45 AM,24.8,99.0,24.6,24.8,,,30.34,,,,,,,,,,,,,
Back Fence,Temp & Humidity Sensor,2020/12/03 6:50 AM,24.6,99.0,24.4,24.6,,,30.34,,,,,,,,,,,,,
Back Fence,Temp & Humidity Sensor,2020/12/03 6:55 AM,24.6,99.0,24.4,24.6,,,30.34,,,,,,,,,,,,,
Back Fence,Temp & Humidity Sensor,2020/12/03 7:00 AM,24.8,99.0,24.6,24.8,,,30.35,,,,,,,,,,,,,
Back Fence,Temp & Humidity Sensor,2020/12/03 7:05 AM,24.8,99.0,24.6,24.8,,,30.36,,,,,,,,,,,,,
Back Fence,Temp & Humidity Sensor,2020/12/03 7:10 AM,24.8,99.0,24.6,24.8,,,30.36,,,,,,,,,,,,,
Back Fence,Temp & Humidity Sensor,2020/12/03 7:15 AM,24.8,99.0,24.6,24.8,,,30.36,,,,,,,,,,,,,
Back Fence,Temp & Humidity Sensor,2020/12/03 7:20 AM,24.6,99.0,24.4,24.6,,,30.36,,,,,,,,,,,,,
Back Fence,Temp & Humidity Sensor,2020/12/03 7:25 AM,24.6,99.0,24.4,24.6,,,30.36,,,,,,,,,,,,,
Back Fence,Temp & Humidity Sensor,2020/12/03 7:30 AM,24.8,99.0,24.6,24.8,,,30.36,,,,,,,,,,,,,
Back Fence,Temp & Humidity Sensor,2020/12/03 7:35 AM,24.8,99.0,24.6,24.8,,,30.36,,,,,,,,,,,,,
Back Fence,Temp & Humidity Sensor,2020/12/03 7:40 AM,24.8,99.0,24.6,24.8,,,30.37,,,,,,,,,,,,,
Back Fence,Temp & Humidity Sensor,2020/12/03 7:45 AM,24.9,99.0,24.7,24.9,,,30.37,,,,,,,,,,,,,
Back Fence,Temp & Humidity Sensor,2020/12/03 7:50 AM,25.1,98.0,24.6,25.1,,,30.37,,,,,,,,,,,,,
Back Fence,Temp & Humidity Sensor,2020/12/03 7:55 AM,25.3,98.0,24.8,25.3,,,30.37,,,,,,,,,,,,,
Back Fence,Temp & Humidity Sensor,2020/12/03 8:00 AM,25.5,98.0,25.0,25.5,,,30.37,,,,,,,,,,,,,
Back Fence,Temp & Humidity Sensor,2020/12/03 8:05 AM,25.8,98.0,25.3,25.8,,,30.37,,,,,,,,,,,,,
Back Fence,Temp & Humidity Sensor,2020/12/03 8:10 AM,25.8,97.0,25.1,25.8,,,30.38,,,,,,,,,,,,,
Back Fence,Temp & Humidity Sensor,2020/12/03 8:15 AM,26.0,97.0,25.3,26.0,,,30.38,,,,,,,,,,,,,
Back Fence,Temp & Humidity Sensor,2020/12/03 8:20 AM,26.4,97.0,25.7,26.4,,,30.38,,,,,,,,,,,,,
Back Fence,Temp & Humidity Sensor,2020/12/03 8:25 AM,26.6,95.0,25.4,26.6,,,30.38,,,,,,,,,,,,,
Back Fence,Temp & Humidity Sensor,2020/12/03 8:30 AM,27.1,95.0,25.9,27.1,,,30.38,,,,,,,,,,,,,
Back Fence,Temp & Humidity Sensor,2020/12/03 8:35 AM,27.8,95.0,26.6,27.8,,,30.38,,,,,,,,,,,,,
Back Fence,Temp & Humidity Sensor,2020/12/03 8:40 AM,28.2,94.0,26.7,28.2,,,30.39,,,,,,,,,,,,,
Back Fence,Temp & Humidity Sensor,2020/12/03 8:45 AM,28.4,92.0,26.4,28.4,,,30.39,,,,,,,,,,,,,
Back Fence,Temp & Humidity Sensor,2020/12/03 8:50 AM,29.3,93.0,27.5,29.3,,,30.39,,,,,,,,,,,,,
Back Fence,Temp & Humidity Sensor,2020/12/03 8:55 AM,30.0,93.0,28.2,30.0,,,30.39,,,,,,,,,,,,,
Back Fence,Temp & Humidity Sensor,2020/12/03 9:00 AM,31.4,91.0,29.1,31.4,,,30.39,,,,,,,,,,,,,
Back Fence,Temp & Humidity Sensor,2020/12/03 9:05 AM,31.6,90.0,29.0,31.6,,,30.39,,,,,,,,,,,,,
Back Fence,Temp & Humidity Sensor,2020/12/03 9:10 AM,31.6,89.0,28.7,31.6,,,30.39,,,,,,,,,,,,,
Back Fence,Temp & Humidity Sensor,2020/12/03 9:15 AM,32.3,87.0,28.9,32.3,,,30.39,,,,,,,,,,,,,
Back Fence,Temp & Humidity Sensor,2020/12/03 9:20 AM,32.7,87.0,29.3,32.7,,,30.39,,,,,,,,,,,,,
Back Fence,Temp & Humidity Sensor,2020/12/03 9:25 AM,33.2,87.0,29.8,33.2,,,30.38,,,,,,,,,,,,,
Back Fence,Temp & Humidity Sensor,2020/12/03 9:30 AM,33.8,86.0,30.1,33.8,,,30.38,,,,,,,,,,,,,
Back Fence,Temp & Humidity Sensor,2020/12/03 9:35 AM,34.1,86.0,30.4,34.1,,,30.38,,,,,,,,,,,,,
Back Fence,Temp & Humidity Sensor,2020/12/03 9:40 AM,35.2,86.0,31.4,35.2,,,30.38,,,,,,,,,,,,,
Back Fence,Temp & Humidity Sensor,2020/12/03 9:45 AM,36.8,85.0,32.7,36.8,,,30.39,,,,,,,,,,,,,
Back Fence,Temp & Humidity Sensor,2020/12/03 9:50 AM,39.0,77.0,32.4,39.0,,,30.38,,,,,,,,,,,,,
Back Fence,Temp & Humidity Sensor,2020/12/03 9:55 AM,39.2,75.0,32.0,39.2,,,30.39,,,,,,,,,,,,,
Back Fence,Temp & Humidity Sensor,2020/12/03 10:00 AM,39.5,77.0,32.9,39.5,,,30.39,,,,,,,,,,,,,
Back Fence,Temp & Humidity Sensor,2020/12/03 10:05 AM,40.2,75.0,32.9,37.4,,,30.39,,,,,,,,,,,,,
Back Fence,Temp & Humidity Sensor,2020/12/03 10:10 AM,44.0,72.0,35.6,41.5,,,30.39,,,,,,,,,,,,,
Back Fence,Temp & Humidity Sensor,2020/12/03 10:15 AM,44.9,52.0,28.4,41.5,,,30.39,,,,,,,,,,,,,
Back Fence,Temp & Humidity Sensor,2020/12/03 10:20 AM,46.0,60.0,32.9,43.1,,,30.39,,,,,,,,,,,,,
Back Fence,Temp & Humidity Sensor,2020/12/03 10:25 AM,45.6,58.0,31.7,42.6,,,30.38,,,,,,,,,,,,,
Back Fence,Temp & Humidity Sensor,2020/12/03 10:30 AM,47.6,59.0,34.0,44.8,,,30.39,,,,,,,,,,,,,
Back Fence,Temp & Humidity Sensor,2020/12/03 10:35 AM,49.1,51.0,31.8,46.1,,,30.38,,,,,,,,,,,,,
Back Fence,Temp & Humidity Sensor,2020/12/03 10:40 AM,49.6,55.0,34.1,46.8,,,30.38,,,,,,,,,,,,,
Back Fence,Temp & Humidity Sensor,2020/12/03 10:45 AM,49.2,52.0,32.3,46.3,,,30.38,,,,,,,,,,,,,
Back Fence,Temp & Humidity Sensor,2020/12/03 10:50 AM,48.2,50.0,30.4,45.1,,,30.38,,,,,,,,,,,,,
Back Fence,Temp & Humidity Sensor,2020/12/03 10:55 AM,48.2,52.0,31.4,45.2,,,30.38,,,,,,,,,,,,,
Back Fence,Temp & Humidity Sensor,2020/12/03 11:00 AM,48.7,50.0,30.9,45.6,,,30.38,,,,,,,,,,,,,
Back Fence,Temp & Humidity Sensor,2020/12/03 11:05 AM,48.7,51.0,31.4,45.7,,,30.38,,,,,,,,,,,,,
Back Fence,Temp & Humidity Sensor,2020/12/03 11:10 AM,48.5,49.0,30.2,45.4,,,30.38,,,,,,,,,,,,,
Back Fence,Temp & Humidity Sensor,2020/12/03 11:15 AM,48.5,46.0,28.7,45.2,,,30.38,,,,,,,,,,,,,
Back Fence,Temp & Humidity Sensor,2020/12/03 11:20 AM,48.7,46.0,28.9,45.4,,,30.38,,,,,,,,,,,,,
Back Fence,Temp & Humidity Sensor,2020/12/03 11:25 AM,48.7,47.0,29.4,45.5,,,30.37,,,,,,,,,,,,,
Back Fence,Temp & Humidity Sensor,2020/12/03 11:30 AM,49.2,45.0,28.8,45.9,,,30.37,,,,,,,,,,,,,
Back Fence,Temp & Humidity Sensor,2020/12/03 11:35 AM,49.8,46.0,29.9,46.6,,,30.37,,,,,,,,,,,,,
Back Fence,Temp & Humidity Sensor,2020/12/03 11:40 AM,50.1,44.0,29.0,46.9,,,30.37,,,,,,,,,,,,,
Back Fence,Temp & Humidity Sensor,2020/12/03 11:45 AM,50.7,45.0,30.1,47.6,,,30.36,,,,,,,,,,,,,
Back Fence,Temp & Humidity Sensor,2020/12/03 11:50 AM,51.9,45.0,31.2,48.9,,,30.36,,,,,,,,,,,,,
Back Fence,Temp & Humidity Sensor,2020/12/03 11:55 AM,53.2,44.0,31.9,50.3,,,30.35,,,,,,,,,,,,,
Back Fence,Temp & Humidity Sensor,2020/12/03 12:00 PM,54.8,43.0,32.7,52.0,,,30.35,,,,,,,,,,,,,
Back Fence,Temp & Humidity Sensor,2020/12/03 12:05 PM,54.6,40.0,30.8,51.6,,,30.35,,,,,,,,,,,,,
Back Fence,Temp & Humidity Sensor,2020/12/03 12:10 PM,55.5,41.0,32.2,52.7,,,30.35,,,,,,,,,,,,,
Back Fence,Temp & Humidity Sensor,2020/12/03 12:15 PM,57.5,41.0,34.0,54.9,,,30.34,,,,,,,,,,,,,
Back Fence,Temp & Humidity Sensor,2020/12/03 12:20 PM,57.7,36.0,30.9,54.9,,,30.34,,,,,,,,,,,,,
Back Fence,Temp & Humidity Sensor,2020/12/03 12:25 PM,57.2,37.0,31.2,54.4,,,30.34,,,,,,,,,,,,,
Back Fence,Temp & Humidity Sensor,2020/12/03 12:30 PM,56.6,32.0,27.1,53.5,,,30.33,,,,,,,,,,,,,
Back Fence,Temp & Humidity Sensor,2020/12/03 12:35 PM,56.3,37.0,30.4,53.4,,,30.33,,,,,,,,,,,,,
Back Fence,Temp & Humidity Sensor,2020/12/03 12:40 PM,56.3,36.0,29.7,53.3,,,30.32,,,,,,,,,,,,,
Back Fence,Temp & Humidity Sensor,2020/12/03 12:45 PM,56.8,38.0,31.5,54.0,,,30.32,,,,,,,,,,,,,
Back Fence,Temp & Humidity Sensor,2020/12/03 12:50 PM,56.1,38.0,30.8,53.2,,,30.32,,,,,,,,,,,,,
Back Fence,Temp & Humidity Sensor,2020/12/03 12:55 PM,57.2,36.0,30.5,54.3,,,30.32,,,,,,,,,,,,,
Back Fence,Temp & Humidity Sensor,2020/12/03 1:00 PM,58.1,36.0,31.3,55.3,,,30.32,,,,,,,,,,,,,
Back Fence,Temp & Humidity Sensor,2020/12/03 1:05 PM,56.4,36.0,29.8,53.4,,,30.32,,,,,,,,,,,,,
Back Fence,Temp & Humidity Sensor,2020/12/03 1:10 PM,58.2,33.0,29.2,55.3,,,30.32,,,,,,,,,,,,,
Back Fence,Temp & Humidity Sensor,2020/12/03 1:15 PM,58.4,33.0,29.4,55.5,,,30.31,,,,,,,,,,,,,
Back Fence,Temp & Humidity Sensor,2020/12/03 1:20 PM,56.3,34.0,28.3,53.2,,,30.31,,,,,,,,,,,,,
Back Fence,Temp & Humidity Sensor,2020/12/03 1:25 PM,55.0,32.0,25.7,51.7,,,30.31,,,,,,,,,,,,,
Back Fence,Temp & Humidity Sensor,2020/12/03 1:30 PM,55.5,33.0,26.9,52.3,,,30.31,,,,,,,,,,,,,
Back Fence,Temp & Humidity Sensor,2020/12/03 1:35 PM,56.8,34.0,28.7,53.8,,,30.31,,,,,,,,,,,,,
Back Fence,Temp & Humidity Sensor,2020/12/03 1:40 PM,55.5,33.0,26.9,52.3,,,30.3,,,,,,,,,,,,,
Back Fence,Temp & Humidity Sensor,2020/12/03 1:45 PM,57.5,34.0,29.4,54.5,,,30.3,,,,,,,,,,,,,
Back Fence,Temp & Humidity Sensor,2020/12/03 1:50 PM,57.2,31.0,26.8,54.1,,,30.31,,,,,,,,,,,,,
Back Fence,Temp & Humidity Sensor,2020/12/03 1:55 PM,55.9,33.0,27.2,52.7,,,30.3,,,,,,,,,,,,,
Back Fence,Temp & Humidity Sensor,2020/12/03 2:00 PM,56.4,33.0,27.7,53.3,,,30.3,,,,,,,,,,,,,
Back Fence,Temp & Humidity Sensor,2020/12/03 2:05 PM,57.9,35.0,30.4,55.0,,,30.3,,,,,,,,,,,,,
Back Fence,Temp & Humidity Sensor,2020/12/03 2:10 PM,56.6,33.0,27.8,53.5,,,30.3,,,,,,,,,,,,,
Back Fence,Temp & Humidity Sensor,2020/12/03 2:15 PM,55.5,34.0,27.6,52.3,,,30.29,,,,,,,,,,,,,
Back Fence,Temp & Humidity Sensor,2020/12/03 2:20 PM,55.7,34.0,27.8,52.6,,,30.3,,,,,,,,,,,,,
Back Fence,Temp & Humidity Sensor,2020/12/03 2:25 PM,55.2,33.0,26.6,52.0,,,30.3,,,,,,,,,,,,,
Back Fence,Temp & Humidity Sensor,2020/12/03 2:30 PM,54.8,35.0,27.7,51.6,,,30.29,,,,,,,,,,,,,
Back Fence,Temp & Humidity Sensor,2020/12/03 2:35 PM,54.6,36.0,28.2,51.5,,,30.29,,,,,,,,,,,,,
Back Fence,Temp & Humidity Sensor,2020/12/03 2:40 PM,54.5,37.0,28.8,51.4,,,30.29,,,,,,,,,,,,,
Back Fence,Temp & Humidity Sensor,2020/12/03 2:45 PM,54.6,36.0,28.2,51.5,,,30.29,,,,,,,,,,,,,
Back Fence,Temp & Humidity Sensor,2020/12/03 2:50 PM,55.7,36.0,29.2,52.7,,,30.29,,,,,,,,,,,,,
Back Fence,Temp & Humidity Sensor,2020/12/03 2:55 PM,55.5,34.0,27.6,52.3,,,30.29,,,,,,,,,,,,,
Back Fence,Temp & Humidity Sensor,2020/12/03 3:00 PM,54.8,36.0,28.4,51.7,,,30.29,,,,,,,,,,,,,
Back Fence,Temp & Humidity Sensor,2020/12/03 3:05 PM,54.8,37.0,29.0,51.7,,,30.29,,,,,,,,,,,,,
Back Fence,Temp & Humidity Sensor,2020/12/03 3:10 PM,54.3,36.0,27.9,51.1,,,30.29,,,,,,,,,,,,,
Back Fence,Temp & Humidity Sensor,2020/12/03 3:15 PM,54.6,37.0,28.9,51.5,,,30.29,,,,,,,,,,,,,
Back Fence,Temp & Humidity Sensor,2020/12/03 3:20 PM,54.1,36.0,27.7,50.9,,,30.29,,,,,,,,,,,,,
Back Fence,Temp & Humidity Sensor,2020/12/03 3:25 PM,53.9,36.0,27.6,50.7,,,30.29,,,,,,,,,,,,,
Back Fence,Temp & Humidity Sensor,2020/12/03 3:30 PM,53.2,37.0,27.6,50.0,,,30.29,,,,,,,,,,,,,
Back Fence,Temp & Humidity Sensor,2020/12/03 3:35 PM,52.7,38.0,27.8,49.5,,,30.29,,,,,,,,,,,,,
Back Fence,Temp & Humidity Sensor,2020/12/03 3:40 PM,52.5,38.0,27.6,49.2,,,30.29,,,,,,,,,,,,,
Back Fence,Temp & Humidity Sensor,2020/12/03 3:45 PM,52.1,39.0,27.9,48.8,,,30.29,,,,,,,,,,,,,
Back Fence,Temp & Humidity Sensor,2020/12/03 3:50 PM,52.1,39.0,27.9,48.8,,,30.29,,,,,,,,,,,,,
Back Fence,Temp & Humidity Sensor,2020/12/03 3:55 PM,51.4,40.0,27.9,48.1,,,30.29,,,,,,,,,,,,,
Back Fence,Temp & Humidity Sensor,2020/12/03 4:00 PM,51.0,40.0,27.5,47.7,,,30.29,,,,,,,,,,,,,
Back Fence,Temp & Humidity Sensor,2020/12/03 4:05 PM,50.5,40.0,27.1,47.1,,,30.29,,,,,,,,,,,,,
Back Fence,Temp & Humidity Sensor,2020/12/03 4:10 PM,50.1,40.0,26.7,46.7,,,30.29,,,,,,,,,,,,,
Back Fence,Temp & Humidity Sensor,2020/12/03 4:15 PM,50.0,40.0,26.6,46.6,,,30.29,,,,,,,,,,,,,
Back Fence,Temp & Humidity Sensor,2020/12/03 4:20 PM,49.2,41.0,26.5,45.7,,,30.29,,,,,,,,,,,,,
Back Fence,Temp & Humidity Sensor,2020/12/03 4:25 PM,48.5,41.0,25.9,45.0,,,30.29,,,,,,,,,,,,,
Back Fence,Temp & Humidity Sensor,2020/12/03 4:30 PM,48.2,41.0,25.6,44.6,,,30.29,,,,,,,,,,,,,
Back Fence,Temp & Humidity Sensor,2020/12/03 4:35 PM,47.6,42.0,25.7,44.0,,,30.29,,,,,,,,,,,,,
Back Fence,Temp & Humidity Sensor,2020/12/03 4:40 PM,46.9,42.0,25.0,43.3,,,30.29,,,,,,,,,,,,,
Back Fence,Temp & Humidity Sensor,2020/12/03 4:45 PM,46.4,43.0,25.1,42.8,,,30.29,,,,,,,,,,,,,
Back Fence,Temp & Humidity Sensor,2020/12/03 4:50 PM,46.0,43.0,24.8,42.3,,,30.29,,,,,,,,,,,,,
Back Fence,Temp & Humidity Sensor,2020/12/03 4:55 PM,45.6,44.0,25.0,41.9,,,30.29,,,,,,,,,,,,,
Back Fence,Temp & Humidity Sensor,2020/12/03 5:00 PM,45.1,45.0,25.0,41.4,,,30.29,,,,,,,,,,,,,
Back Fence,Temp & Humidity Sensor,2020/12/03 5:05 PM,44.6,46.0,25.1,40.9,,,30.29,,,,,,,,,,,,,
Back Fence,Temp & Humidity Sensor,2020/12/03 5:10 PM,44.2,47.0,25.3,40.5,,,30.29,,,,,,,,,,,,,
Back Fence,Temp & Humidity Sensor,2020/12/03 5:15 PM,43.7,48.0,25.3,40.0,,,30.29,,,,,,,,,,,,,
Back Fence,Temp & Humidity Sensor,2020/12/03 5:20 PM,43.1,48.0,24.8,39.4,,,30.29,,,,,,,,,,,,,
Back Fence,Temp & Humidity Sensor,2020/12/03 5:25 PM,42.8,50.0,25.5,39.1,,,30.29,,,,,,,,,,,,,
Back Fence,Temp & Humidity Sensor,2020/12/03 5:30 PM,42.8,51.0,25.9,39.2,,,30.29,,,,,,,,,,,,,
Back Fence,Temp & Humidity Sensor,2020/12/03 5:35 PM,42.2,52.0,25.9,38.6,,,30.29,,,,,,,,,,,,,
Back Fence,Temp & Humidity Sensor,2020/12/03 5:40 PM,41.9,52.0,25.6,38.2,,,30.28,,,,,,,,,,,,,
Back Fence,Temp & Humidity Sensor,2020/12/03 5:45 PM,41.5,53.0,25.7,37.8,,,30.29,,,,,,,,,,,,,
Back Fence,Temp & Humidity Sensor,2020/12/03 5:50 PM,41.3,53.0,25.5,37.6,,,30.29,,,,,,,,,,,,,
Back Fence,Temp & Humidity Sensor,2020/12/03 5:55 PM,40.8,55.0,25.9,37.2,,,30.28,,,,,,,,,,,,,
Back Fence,Temp & Humidity Sensor,2020/12/03 6:00 PM,40.4,56.0,26.0,36.8,,,30.28,,,,,,,,,,,,,
Back Fence,Temp & Humidity Sensor,2020/12/03 6:05 PM,40.1,56.0,25.7,36.4,,,30.28,,,,,,,,,,,,,
Back Fence,Temp & Humidity Sensor,2020/12/03 6:10 PM,40.1,59.0,26.9,36.6,,,30.29,,,,,,,,,,,,,
Back Fence,Temp & Humidity Sensor,2020/12/03 6:15 PM,39.9,62.0,28.0,39.9,,,30.29,,,,,,,,,,,,,
Back Fence,Temp & Humidity Sensor,2020/12/03 6:20 PM,39.7,62.0,27.8,39.7,,,30.29,,,,,,,,,,,,,
Back Fence,Temp & Humidity Sensor,2020/12/03 6:25 PM,39.5,69.0,30.2,39.5,,,30.29,,,,,,,,,,,,,
Back Fence,Temp & Humidity Sensor,2020/12/03 6:30 PM,39.5,73.0,31.6,39.5,,,30.28,,,,,,,,,,,,,
Back Fence,Temp & Humidity Sensor,2020/12/03 6:35 PM,39.3,73.0,31.4,39.3,,,30.29,,,,,,,,,,,,,
Back Fence,Temp & Humidity Sensor,2020/12/03 6:40 PM,39.0,70.0,30.1,39.0,,,30.28,,,,,,,,,,,,,
Back Fence,Temp & Humidity Sensor,2020/12/03 6:45 PM,38.8,68.0,29.2,38.8,,,30.28,,,,,,,,,,,,,
Back Fence,Temp & Humidity Sensor,2020/12/03 6:50 PM,38.3,66.0,28.0,38.3,,,30.29,,,,,,,,,,,,,
Back Fence,Temp & Humidity Sensor,2020/12/03 6:55 PM,37.9,65.0,27.2,37.9,,,30.29,,,,,,,,,,,,,
Back Fence,Temp & Humidity Sensor,2020/12/03 7:00 PM,37.4,65.0,26.7,37.4,,,30.29,,,,,,,,,,,,,
Back Fence,Temp & Humidity Sensor,2020/12/03 7:05 PM,37.4,65.0,26.7,37.4,,,30.29,,,,,,,,,,,,,
Back Fence,Temp & Humidity Sensor,2020/12/03 7:10 PM,37.0,65.0,26.3,37.0,,,30.29,,,,,,,,,,,,,
Back Fence,Temp & Humidity Sensor,2020/12/03 7:15 PM,36.8,66.0,26.5,36.8,,,30.29,,,,,,,,,,,,,
Back Fence,Temp & Humidity Sensor,2020/12/03 7:20 PM,36.8,70.0,27.9,36.8,,,30.29,,,,,,,,,,,,,
Back Fence,Temp & Humidity Sensor,2020/12/03 7:25 PM,36.8,73.0,29.0,36.8,,,30.29,,,,,,,,,,,,,
Back Fence,Temp & Humidity Sensor,2020/12/03 7:30 PM,36.3,70.0,27.5,36.3,,,30.29,,,,,,,,,,,,,
Back Fence,Temp & Humidity Sensor,2020/12/03 7:35 PM,35.9,70.0,27.1,35.9,,,30.3,,,,,,,,,,,,,
Back Fence,Temp & Humidity Sensor,2020/12/03 7:40 PM,35.9,71.0,27.4,35.9,,,30.3,,,,,,,,,,,,,
Back Fence,Temp & Humidity Sensor,2020/12/03 7:45 PM,36.1,74.0,28.6,36.1,,,30.3,,,,,,,,,,,,,
Back Fence,Temp & Humidity Sensor,2020/12/03 7:50 PM,35.9,74.0,28.4,35.9,,,30.3,,,,,,,,,,,,,
Back Fence,Temp & Humidity Sensor,2020/12/03 7:55 PM,35.6,72.0,27.5,35.6,,,30.3,,,,,,,,,,,,,
Back Fence,Temp & Humidity Sensor,2020/12/03 8:00 PM,35.0,72.0,26.9,35.0,,,30.3,,,,,,,,,,,,,
Back Fence,Temp & Humidity Sensor,2020/12/03 8:05 PM,35.0,72.0,26.9,35.0,,,30.3,,,,,,,,,,,,,
Back Fence,Temp & Humidity Sensor,2020/12/03 8:10 PM,35.0,72.0,26.9,35.0,,,30.3,,,,,,,,,,,,,
Back Fence,Temp & Humidity Sensor,2020/12/03 8:15 PM,34.7,71.0,26.3,34.7,,,30.3,,,,,,,,,,,,,
Back Fence,Temp & Humidity Sensor,2020/12/03 8:20 PM,34.5,71.0,26.1,34.5,,,30.3,,,,,,,,,,,,,
Back Fence,Temp & Humidity Sensor,2020/12/03 8:25 PM,34.5,70.0,25.7,34.5,,,30.3,,,,,,,,,,,,,
Back Fence,Temp & Humidity Sensor,2020/12/03 8:30 PM,34.3,71.0,25.9,34.3,,,30.3,,,,,,,,,,,,,
Back Fence,Temp & Humidity Sensor,2020/12/03 8:35 PM,33.9,72.0,25.8,33.9,,,30.3,,,,,,,,,,,,,
Back Fence,Temp & Humidity Sensor,2020/12/03 8:40 PM,33.8,74.0,26.4,33.8,,,30.3,,,,,,,,,,,,,
Back Fence,Temp & Humidity Sensor,2020/12/03 8:45 PM,33.8,80.0,28.3,33.8,,,30.3,,,,,,,,,,,,,
Back Fence,Temp & Humidity Sensor,2020/12/03 8:50 PM,33.6,78.0,27.5,33.6,,,30.3,,,,,,,,,,,,,
Back Fence,Temp & Humidity Sensor,2020/12/03 8:55 PM,33.2,76.0,26.5,33.2,,,30.3,,,,,,,,,,,,,
Back Fence,Temp & Humidity Sensor,2020/12/03 9:00 PM,33.2,75.0,26.2,33.2,,,30.3,,,,,,,,,,,,,
Back Fence,Temp & Humidity Sensor,2020/12/03 9:05 PM,33.2,76.0,26.5,33.2,,,30.3,,,,,,,,,,,,,
Back Fence,Temp & Humidity Sensor,2020/12/03 9:10 PM,33.0,78.0,26.9,33.0,,,30.3,,,,,,,,,,,,,
Back Fence,Temp & Humidity Sensor,2020/12/03 9:15 PM,32.9,77.0,26.5,32.9,,,30.3,,,,,,,,,,,,,
Back Fence,Temp & Humidity Sensor,2020/12/03 9:20 PM,32.9,76.0,26.2,32.9,,,30.3,,,,,,,,,,,,,
Back Fence,Temp & Humidity Sensor,2020/12/03 9:25 PM,32.9,76.0,26.2,32.9,,,30.29,,,,,,,,,,,,,
Back Fence,Temp & Humidity Sensor,2020/12/03 9:30 PM,32.9,81.0,27.7,32.9,,,30.3,,,,,,,,,,,,,
Back Fence,Temp & Humidity Sensor,2020/12/03 9:35 PM,32.7,80.0,27.2,32.7,,,30.3,,,,,,,,,,,,,
Back Fence,Temp & Humidity Sensor,2020/12/03 9:40 PM,32.5,83.0,27.9,32.5,,,30.3,,,,,,,,,,,,,
Back Fence,Temp & Humidity Sensor,2020/12/03 9:45 PM,32.3,81.0,27.1,32.3,,,30.3,,,,,,,,,,,,,
Back Fence,Temp & Humidity Sensor,2020/12/03 9:50 PM,32.3,83.0,27.7,32.3,,,30.3,,,,,,,,,,,,,
Back Fence,Temp & Humidity Sensor,2020/12/03 9:55 PM,32.1,80.0,26.6,32.1,,,30.3,,,,,,,,,,,,,
Back Fence,Temp & Humidity Sensor,2020/12/03 10:00 PM,32.1,81.0,26.9,32.1,,,30.3,,,,,,,,,,,,,
Back Fence,Temp & Humidity Sensor,2020/12/03 10:05 PM,32.1,79.0,26.3,32.1,,,30.3,,,,,,,,,,,,,
Back Fence,Temp & Humidity Sensor,2020/12/03 10:10 PM,32.5,79.0,26.7,32.5,,,30.3,,,,,,,,,,,,,
Back Fence,Temp & Humidity Sensor,2020/12/03 10:15 PM,32.9,78.0,26.8,32.9,,,30.3,,,,,,,,,,,,,
Back Fence,Temp & Humidity Sensor,2020/12/03 10:20 PM,32.9,79.0,27.1,32.9,,,30.3,,,,,,,,,,,,,
Back Fence,Temp & Humidity Sensor,2020/12/03 10:25 PM,33.0,82.0,28.1,33.0,,,30.3,,,,,,,,,,,,,
Back Fence,Temp & Humidity Sensor,2020/12/03 10:30 PM,32.7,82.0,27.8,32.7,,,30.29,,,,,,,,,,,,,
Back Fence,Temp & Humidity Sensor,2020/12/03 10:35 PM,32.9,84.0,28.6,32.9,,,30.29,,,,,,,,,,,,,
Back Fence,Temp & Humidity Sensor,2020/12/03 10:40 PM,32.7,87.0,29.3,32.7,,,30.29,,,,,,,,,,,,,
Back Fence,Temp & Humidity Sensor,2020/12/03 10:45 PM,32.3,86.0,28.6,32.3,,,30.29,,,,,,,,,,,,,
Back Fence,Temp & Humidity Sensor,2020/12/03 10:50 PM,32.1,85.0,28.1,32.1,,,30.29,,,,,,,,,,,,,
Back Fence,Temp & Humidity Sensor,2020/12/03 10:55 PM,32.1,85.0,28.1,32.1,,,30.29,,,,,,,,,,,,,
Back Fence,Temp & Humidity Sensor,2020/12/03 11:00 PM,32.3,84.0,28.0,32.3,,,30.29,,,,,,,,,,,,,
Back Fence,Temp & Humidity Sensor,2020/12/03 11:05 PM,32.7,83.0,28.1,32.7,,,30.29,,,,,,,,,,,,,
Back Fence,Temp & Humidity Sensor,2020/12/03 11:10 PM,33.0,83.0,28.4,33.0,,,30.29,,,,,,,,,,,,,
Back Fence,Temp & Humidity Sensor,2020/12/03 11:15 PM,33.4,85.0,29.4,33.4,,,30.29,,,,,,,,,,,,,
Back Fence,Temp & Humidity Sensor,2020/12/03 11:20 PM,33.6,85.0,29.6,33.6,,,30.29,,,,,,,,,,,,,
Back Fence,Temp & Humidity Sensor,2020/12/03 11:25 PM,33.8,84.0,29.5,33.8,,,30.29,,,,,,,,,,,,,
Back Fence,Temp & Humidity Sensor,2020/12/03 11:30 PM,33.8,86.0,30.1,33.8,,,30.29,,,,,,,,,,,,,
Back Fence,Temp & Humidity Sensor,2020/12/03 11:35 PM,33.8,86.0,30.1,33.8,,,30.29,,,,,,,,,,,,,
Back Fence,Temp & Humidity Sensor,2020/12/03 11:40 PM,33.8,84.0,29.5,33.8,,,30.29,,,,,,,,,,,,,
Back Fence,Temp & Humidity Sensor,2020/12/03 11:45 PM,33.8,84.0,29.5,33.8,,,30.28,,,,,,,,,,,,,
Back Fence,Temp & Humidity Sensor,2020/12/03 11:50 PM,33.8,85.0,29.8,33.8,,,30.29,,,,,,,,,,,,,
Back Fence,Temp & Humidity Sensor,2020/12/03 11:55 PM,33.8,87.0,30.3,33.8,,,30.29,,,,,,,,,,,,,
Back Fence,Temp & Humidity Sensor,2020/12/04 12:00 AM,33.8,86.0,30.1,33.8,,,30.29,,,,,,,,,,,,,
Back Fence,Temp & Humidity Sensor,2020/12/04 12:05 AM,33.8,85.0,29.8,33.8,,,30.28,,,,,,,,,,,,,
Back Fence,Temp & Humidity Sensor,2020/12/04 12:10 AM,33.9,87.0,30.4,33.9,,,30.28,,,,,,,,,,,,,
Back Fence,Temp & Humidity Sensor,2020/12/04 12:15 AM,33.9,87.0,30.4,33.9,,,30.28,,,,,,,,,,,,,
Back Fence,Temp & Humidity Sensor,2020/12/04 12:20 AM,34.1,87.0,30.6,34.1,,,30.27,,,,,,,,,,,,,
Back Fence,Temp & Humidity Sensor,2020/12/04 12:25 AM,34.1,86.0,30.4,34.1,,,30.27,,,,,,,,,,,,,
Back Fence,Temp & Humidity Sensor,2020/12/04 12:30 AM,34.1,86.0,30.4,34.1,,,30.27,,,,,,,,,,,,,
Back Fence,Temp & Humidity Sensor,2020/12/04 12:35 AM,34.5,86.0,30.8,34.5,,,30.27,,,,,,,,,,,,,
Back Fence,Temp & Humidity Sensor,2020/12/04 12:40 AM,34.7,85.0,30.7,34.7,,,30.27,,,,,,,,,,,,,
Back Fence,Temp & Humidity Sensor,2020/12/04 12:45 AM,34.8,85.0,30.8,34.8,,,30.26,,,,,,,,,,,,,
Back Fence,Temp & Humidity Sensor,2020/12/04 12:50 AM,34.8,85.0,30.8,34.8,,,30.26,,,,,,,,,,,,,
Back Fence,Temp & Humidity Sensor,2020/12/04 12:55 AM,34.8,84.0,30.5,34.8,,,30.26,,,,,,,,,,,,,
Back Fence,Temp & Humidity Sensor,2020/12/04 1:00 AM,34.8,84.0,30.5,34.8,,,30.26,,,,,,,,,,,,,
Back Fence,Temp & Humidity Sensor,2020/12/04 1:05 AM,35.0,86.0,31.2,35.0,,,30.26,,,,,,,,,,,,,
Back Fence,Temp & Humidity Sensor,2020/12/04 1:10 AM,35.0,86.0,31.2,35.0,,,30.26,,,,,,,,,,,,,
Back Fence,Temp & Humidity Sensor,2020/12/04 1:15 AM,35.0,85.0,31.0,35.0,,,30.26,,,,,,,,,,,,,
Back Fence,Temp & Humidity Sensor,2020/12/04 1:20 AM,35.2,84.0,30.9,35.2,,,30.26,,,,,,,,,,,,,
Back Fence,Temp & Humidity Sensor,2020/12/04 1:25 AM,35.6,84.0,31.3,35.6,,,30.26,,,,,,,,,,,,,
Back Fence,Temp & Humidity Sensor,2020/12/04 1:30 AM,35.6,83.0,31.0,35.6,,,30.26,,,,,,,,,,,,,
Back Fence,Temp & Humidity Sensor,2020/12/04 1:35 AM,35.7,84.0,31.3,35.7,,,30.26,,,,,,,,,,,,,
Back Fence,Temp & Humidity Sensor,2020/12/04 1:40 AM,35.9,85.0,31.8,35.9,,,30.26,,,,,,,,,,,,,
Back Fence,Temp & Humidity Sensor,2020/12/04 1:45 AM,36.1,84.0,31.7,36.1,,,30.26,,,,,,,,,,,,,
Back Fence,Temp & Humidity Sensor,2020/12/04 1:50 AM,36.1,85.0,32.0,36.1,,,30.27,,,,,,,,,,,,,
Back Fence,Temp & Humidity Sensor,2020/12/04 1:55 AM,36.3,84.0,31.9,36.3,,,30.27,,,,,,,,,,,,,
Back Fence,Temp & Humidity Sensor,2020/12/04 2:00 AM,36.5,85.0,32.4,36.5,,,30.27,,,,,,,,,,,,,
Back Fence,Temp & Humidity Sensor,2020/12/04 2:05 AM,36.6,84.0,32.2,36.6,,,30.27,,,,,,,,,,,,,
Back Fence,Temp & Humidity Sensor,2020/12/04 2:10 AM,36.8,85.0,32.7,36.8,,,30.26,,,,,,,,,,,,,
Back Fence,Temp & Humidity Sensor,2020/12/04 2:15 AM,36.8,85.0,32.7,36.8,,,30.26,,,,,,,,,,,,,
Back Fence,Temp & Humidity Sensor,2020/12/04 2:20 AM,37.0,84.0,32.6,37.0,,,30.26,,,,,,,,,,,,,
Back Fence,Temp & Humidity Sensor,2020/12/04 2:25 AM,37.0,84.0,32.6,37.0,,,30.26,,,,,,,,,,,,,
Back Fence,Temp & Humidity Sensor,2020/12/04 2:30 AM,37.2,84.0,32.8,37.2,,,30.25,,,,,,,,,,,,,
Back Fence,Temp & Humidity Sensor,2020/12/04 2:35 AM,37.4,83.0,32.7,37.4,,,30.26,,,,,,,,,,,,,
Back Fence,Temp & Humidity Sensor,2020/12/04 2:40 AM,37.7,83.0,33.0,37.7,,,30.25,,,,,,,,,,,,,
Back Fence,Temp & Humidity Sensor,2020/12/04 2:45 AM,37.9,84.0,33.5,37.9,,,30.25,,,,,,,,,,,,,
Back Fence,Temp & Humidity Sensor,2020/12/04 2:50 AM,37.9,85.0,33.8,37.9,,,30.25,,,,,,,,,,,,,
Back Fence,Temp & Humidity Sensor,2020/12/04 2:55 AM,37.9,84.0,33.5,37.9,,,30.24,,,,,,,,,,,,,
Back Fence,Temp & Humidity Sensor,2020/12/04 3:00 AM,38.1,84.0,33.7,38.1,,,30.24,,,,,,,,,,,,,
Back Fence,Temp & Humidity Sensor,2020/12/04 3:05 AM,38.3,84.0,33.9,38.3,,,30.24,,,,,,,,,,,,,
Back Fence,Temp & Humidity Sensor,2020/12/04 3:10 AM,38.3,84.0,33.9,38.3,,,30.24,,,,,,,,,,,,,
Back Fence,Temp & Humidity Sensor,2020/12/04 3:15 AM,38.4,83.0,33.7,38.4,,,30.24,,,,,,,,,,,,,
Back Fence,Temp & Humidity Sensor,2020/12/04 3:20 AM,38.4,83.0,33.7,38.4,,,30.24,,,,,,,,,,,,,
Back Fence,Temp & Humidity Sensor,2020/12/04 3:25 AM,38.6,83.0,33.9,38.6,,,30.25,,,,,,,,,,,,,
Back Fence,Temp & Humidity Sensor,2020/12/04 3:30 AM,38.6,83.0,33.9,38.6,,,30.25,,,,,,,,,,,,,
Back Fence,Temp & Humidity Sensor,2020/12/04 3:35 AM,38.8,82.0,33.8,38.8,,,30.25,,,,,,,,,,,,,
Back Fence,Temp & Humidity Sensor,2020/12/04 3:40 AM,39.0,83.0,34.3,39.0,,,30.25,,,,,,,,,,,,,
Back Fence,Temp & Humidity Sensor,2020/12/04 3:45 AM,39.0,83.0,34.3,39.0,,,30.25,,,,,,,,,,,,,
Back Fence,Temp & Humidity Sensor,2020/12/04 3:50 AM,39.2,82.0,34.2,39.2,,,30.25,,,,,,,,,,,,,
Back Fence,Temp & Humidity Sensor,2020/12/04 3:55 AM,39.2,82.0,34.2,39.2,,,30.25,,,,,,,,,,,,,
Back Fence,Temp & Humidity Sensor,2020/12/04 4:00 AM,39.2,83.0,34.5,39.2,,,30.24,,,,,,,,,,,,,
Back Fence,Temp & Humidity Sensor,2020/12/04 4:05 AM,39.3,84.0,34.9,39.3,,,30.24,,,,,,,,,,,,,
Back Fence,Temp & Humidity Sensor,2020/12/04 4:10 AM,39.3,83.0,34.6,39.3,,,30.24,,,,,,,,,,,,,
Back Fence,Temp & Humidity Sensor,2020/12/04 4:15 AM,39.5,83.0,34.8,39.5,,,30.24,,,,,,,,,,,,,
Back Fence,Temp & Humidity Sensor,2020/12/04 4:20 AM,39.5,85.0,35.4,39.5,,,30.24,,,,,,,,,,,,,
Back Fence,Temp & Humidity Sensor,2020/12/04 4:25 AM,39.7,84.0,35.3,39.7,,,30.24,,,,,,,,,,,,,
Back Fence,Temp & Humidity Sensor,2020/12/04 4:30 AM,39.7,83.0,35.0,39.7,,,30.24,,,,,,,,,,,,,
Back Fence,Temp & Humidity Sensor,2020/12/04 4:35 AM,39.7,83.0,35.0,39.7,,,30.23,,,,,,,,,,,,,
Back Fence,Temp & Humidity Sensor,2020/12/04 4:40 AM,39.7,83.0,35.0,39.7,,,30.23,,,,,,,,,,,,,
Back Fence,Temp & Humidity Sensor,2020/12/04 4:45 AM,39.7,83.0,35.0,39.7,,,30.23,,,,,,,,,,,,,
Back Fence,Temp & Humidity Sensor,2020/12/04 4:50 AM,39.7,82.0,34.7,39.7,,,30.23,,,,,,,,,,,,,
Back Fence,Temp & Humidity Sensor,2020/12/04 4:55 AM,39.7,83.0,35.0,39.7,,,30.23,,,,,,,,,,,,,
Back Fence,Temp & Humidity Sensor,2020/12/04 5:00 AM,39.9,82.0,34.9,39.9,,,30.23,,,,,,,,,,,,,
Back Fence,Temp & Humidity Sensor,2020/12/04 5:05 AM,39.9,84.0,35.5,39.9,,,30.23,,,,,,,,,,,,,
Back Fence,Temp & Humidity Sensor,2020/12/04 5:10 AM,39.9,84.0,35.5,39.9,,,30.23,,,,,,,,,,,,,
Back Fence,Temp & Humidity Sensor,2020/12/04 5:15 AM,39.9,83.0,35.2,39.9,,,30.22,,,,,,,,,,,,,
Back Fence,Temp & Humidity Sensor,2020/12/04 5:20 AM,40.1,84.0,35.7,37.8,,,30.22,,,,,,,,,,,,,
Back Fence,Temp & Humidity Sensor,2020/12/04 5:25 AM,40.2,84.0,35.8,37.9,,,30.22,,,,,,,,,,,,,
Back Fence,Temp & Humidity Sensor,2020/12/04 5:30 AM,40.2,84.0,35.8,37.9,,,30.22,,,,,,,,,,,,,
Back Fence,Temp & Humidity Sensor,2020/12/04 5:35 AM,40.4,84.0,36.0,38.1,,,30.23,,,,,,,,,,,,,
Back Fence,Temp & Humidity Sensor,2020/12/04 5:40 AM,40.6,84.0,36.2,38.3,,,30.22,,,,,,,,,,,,,
Back Fence,Temp & Humidity Sensor,2020/12/04 5:45 AM,40.6,83.0,35.8,38.3,,,30.23,,,,,,,,,,,,,
Back Fence,Temp & Humidity Sensor,2020/12/04 5:50 AM,40.8,83.0,36.0,38.5,,,30.22,,,,,,,,,,,,,
Back Fence,Temp & Humidity Sensor,2020/12/04 5:55 AM,40.6,83.0,35.8,38.3,,,30.23,,,,,,,,,,,,,
Back Fence,Temp & Humidity Sensor,2020/12/04 6:00 AM,40.8,83.0,36.0,38.5,,,30.23,,,,,,,,,,,,,
Back Fence,Temp & Humidity Sensor,2020/12/04 6:05 AM,40.8,83.0,36.0,38.5,,,30.22,,,,,,,,,,,,,
Back Fence,Temp & Humidity Sensor,2020/12/04 6:10 AM,41.0,83.0,36.2,38.7,,,30.22,,,,,,,,,,,,,
Back Fence,Temp & Humidity Sensor,2020/12/04 6:15 AM,41.0,82.0,35.9,38.7,,,30.22,,,,,,,,,,,,,
Back Fence,Temp & Humidity Sensor,2020/12/04 6:20 AM,41.0,83.0,36.2,38.7,,,30.22,,,,,,,,,,,,,
Back Fence,Temp & Humidity Sensor,2020/12/04 6:25 AM,41.0,82.0,35.9,38.7,,,30.22,,,,,,,,,,,,,
Back Fence,Temp & Humidity Sensor,2020/12/04 6:30 AM,41.1,82.0,36.0,38.8,,,30.22,,,,,,,,,,,,,
Back Fence,Temp & Humidity Sensor,2020/12/04 6:35 AM,41.1,81.0,35.7,38.7,,,30.23,,,,,,,,,,,,,
Back Fence,Temp & Humidity Sensor,2020/12/04 6:40 AM,41.3,81.0,35.9,38.9,,,30.23,,,,,,,,,,,,,
Back Fence,Temp & Humidity Sensor,2020/12/04 6:45 AM,41.5,81.0,36.1,39.2,,,30.22,,,,,,,,,,,,,
Back Fence,Temp & Humidity Sensor,2020/12/04 6:50 AM,41.3,81.0,35.9,38.9,,,30.22,,,,,,,,,,,,,
Back Fence,Temp & Humidity Sensor,2020/12/04 6:55 AM,41.5,81.0,36.1,39.2,,,30.22,,,,,,,,,,,,,
Back Fence,Temp & Humidity Sensor,2020/12/04 7:00 AM,41.7,81.0,36.3,39.4,,,30.22,,,,,,,,,,,,,
Back Fence,Temp & Humidity Sensor,2020/12/04 7:05 AM,41.7,81.0,36.3,39.4,,,30.22,,,,,,,,,,,,,
Back Fence,Temp & Humidity Sensor,2020/12/04 7:10 AM,41.7,82.0,36.6,39.4,,,30.22,,,,,,,,,,,,,
Back Fence,Temp & Humidity Sensor,2020/12/04 7:15 AM,41.9,82.0,36.8,39.6,,,30.23,,,,,,,,,,,,,
Back Fence,Temp & Humidity Sensor,2020/12/04 7:20 AM,41.9,81.0,36.5,39.6,,,30.22,,,,,,,,,,,,,
Back Fence,Temp & Humidity Sensor,2020/12/04 7:25 AM,42.0,81.0,36.6,39.7,,,30.22,,,,,,,,,,,,,
Back Fence,Temp & Humidity Sensor,2020/12/04 7:30 AM,42.2,81.0,36.8,39.9,,,30.22,,,,,,,,,,,,,
Back Fence,Temp & Humidity Sensor,2020/12/04 7:35 AM,42.4,81.0,37.0,40.1,,,30.22,,,,,,,,,,,,,
Back Fence,Temp & Humidity Sensor,2020/12/04 7:40 AM,42.6,81.0,37.2,40.4,,,30.22,,,,,,,,,,,,,
Back Fence,Temp & Humidity Sensor,2020/12/04 7:45 AM,42.8,80.0,37.1,40.5,,,30.22,,,,,,,,,,,,,
Back Fence,Temp & Humidity Sensor,2020/12/04 7:50 AM,42.8,80.0,37.1,40.5,,,30.22,,,,,,,,,,,,,
Back Fence,Temp & Humidity Sensor,2020/12/04 7:55 AM,43.1,80.0,37.4,40.9,,,30.22,,,,,,,,,,,,,
Back Fence,Temp & Humidity Sensor,2020/12/04 8:00 AM,43.3,80.0,37.6,41.1,,,30.22,,,,,,,,,,,,,
Back Fence,Temp & Humidity Sensor,2020/12/04 8:05 AM,43.7,80.0,37.9,41.5,,,30.22,,,,,,,,,,,,,
Back Fence,Temp & Humidity Sensor,2020/12/04 8:10 AM,43.7,79.0,37.6,41.5,,,30.22,,,,,,,,,,,,,
Back Fence,Temp & Humidity Sensor,2020/12/04 8:15 AM,43.8,79.0,37.7,41.6,,,30.22,,,,,,,,,,,,,
Back Fence,Temp & Humidity Sensor,2020/12/04 8:20 AM,43.8,79.0,37.7,41.6,,,30.22,,,,,,,,,,,,,
Back Fence,Temp & Humidity Sensor,2020/12/04 8:25 AM,44.2,78.0,37.8,42.0,,,30.21,,,,,,,,,,,,,
Back Fence,Temp & Humidity Sensor,2020/12/04 8:30 AM,44.4,78.0,38.0,42.2,,,30.21,,,,,,,,,,,,,
Back Fence,Temp & Humidity Sensor,2020/12/04 8:35 AM,44.4,78.0,38.0,42.2,,,30.21,,,,,,,,,,,,,
Back Fence,Temp & Humidity Sensor,2020/12/04 8:40 AM,44.4,78.0,38.0,42.2,,,30.21,,,,,,,,,,,,,
Back Fence,Temp & Humidity Sensor,2020/12/04 8:45 AM,44.6,77.0,37.8,42.4,,,30.21,,,,,,,,,,,,,
Back Fence,Temp & Humidity Sensor,2020/12/04 8:50 AM,44.6,77.0,37.8,42.4,,,30.21,,,,,,,,,,,,,
Back Fence,Temp & Humidity Sensor,2020/12/04 8:55 AM,44.6,77.0,37.8,42.4,,,30.22,,,,,,,,,,,,,
Back Fence,Temp & Humidity Sensor,2020/12/04 9:00 AM,44.9,77.0,38.1,42.7,,,30.22,,,,,,,,,,,,,
Back Fence,Temp & Humidity Sensor,2020/12/04 9:05 AM,45.6,77.0,38.8,43.5,,,30.21,,,,,,,,,,,,,
Back Fence,Temp & Humidity Sensor,2020/12/04 9:10 AM,46.2,77.0,39.4,44.1,,,30.21,,,,,,,,,,,,,
Back Fence,Temp & Humidity Sensor,2020/12/04 9:15 AM,47.1,76.0,39.9,45.1,,,30.21,,,,,,,,,,,,,
Back Fence,Temp & Humidity Sensor,2020/12/04 9:20 AM,47.6,75.0,40.1,45.6,,,30.21,,,,,,,,,,,,,
Back Fence,Temp & Humidity Sensor,2020/12/04 9:25 AM,48.2,74.0,40.3,46.2,,,30.21,,,,,,,,,,,,,
Back Fence,Temp & Humidity Sensor,2020/12/04 9:30 AM,48.9,73.0,40.6,46.9,,,30.21,,,,,,,,,,,,,
Back Fence,Temp & Humidity Sensor,2020/12/04 9:35 AM,49.6,72.0,40.9,47.6,,,30.21,,,,,,,,,,,,,
Back Fence,Temp & Humidity Sensor,2020/12/04 9:40 AM,50.1,72.0,41.4,48.2,,,30.21,,,,,,,,,,,,,
Back Fence,Temp & Humidity Sensor,2020/12/04 9:45 AM,50.5,72.0,41.8,48.6,,,30.21,,,,,,,,,,,,,
Back Fence,Temp & Humidity Sensor,2020/12/04 9:50 AM,50.7,71.0,41.6,48.8,,,30.21,,,,,,,,,,,,,
Back Fence,Temp & Humidity Sensor,2020/12/04 9:55 AM,51.0,72.0,42.3,49.2,,,30.21,,,,,,,,,,,,,
Back Fence,Temp & Humidity Sensor,2020/12/04 10:00 AM,51.4,72.0,42.7,49.6,,,30.21,,,,,,,,,,,,,
Back Fence,Temp & Humidity Sensor,2020/12/04 10:05 AM,52.1,71.0,43.0,50.3,,,30.2,,,,,,,,,,,,,
Back Fence,Temp & Humidity Sensor,2020/12/04 10:10 AM,53.9,70.0,44.3,52.3,,,30.2,,,,,,,,,,,,,
Back Fence,Temp & Humidity Sensor,2020/12/04 10:15 AM,55.4,67.0,44.6,53.8,,,30.2,,,,,,,,,,,,,
Back Fence,Temp & Humidity Sensor,2020/12/04 10:20 AM,56.1,66.0,44.9,54.5,,,30.2,,,,,,,,,,,,,
Back Fence,Temp & Humidity Sensor,2020/12/04 10:25 AM,56.8,66.0,45.6,55.3,,,30.2,,,,,,,,,,,,,
Back Fence,Temp & Humidity Sensor,2020/12/04 10:30 AM,57.3,63.0,44.8,55.7,,,30.2,,,,,,,,,,,,,
Back Fence,Temp & Humidity Sensor,2020/12/04 10:35 AM,57.9,63.0,45.4,56.4,,,30.2,,,,,,,,,,,,,
Back Fence,Temp & Humidity Sensor,2020/12/04 10:40 AM,57.7,63.0,45.2,56.1,,,30.19,,,,,,,,,,,,,
Back Fence,Temp & Humidity Sensor,2020/12/04 10:45 AM,58.1,64.0,46.0,56.6,,,30.19,,,,,,,,,,,,,
Back Fence,Temp & Humidity Sensor,2020/12/04 10:50 AM,58.2,65.0,46.5,56.8,,,30.19,,,,,,,,,,,,,
Back Fence,Temp & Humidity Sensor,2020/12/04 10:55 AM,58.4,65.0,46.7,57.0,,,30.19,,,,,,,,,,,,,
Back Fence,Temp & Humidity Sensor,2020/12/04 11:00 AM,58.6,65.0,46.9,57.2,,,30.19,,,,,,,,,,,,,
Back Fence,Temp & Humidity Sensor,2020/12/04 11:05 AM,58.6,65.0,46.9,57.2,,,30.18,,,,,,,,,,,,,
Back Fence,Temp & Humidity Sensor,2020/12/04 11:10 AM,58.8,65.0,47.1,57.4,,,30.19,,,,,,,,,,,,,
Back Fence,Temp & Humidity Sensor,2020/12/04 11:15 AM,58.8,65.0,47.1,57.4,,,30.19,,,,,,,,,,,,,
Back Fence,Temp & Humidity Sensor,2020/12/04 11:20 AM,58.8,66.0,47.5,57.5,,,30.19,,,,,,,,,,,,,
Back Fence,Temp & Humidity Sensor,2020/12/04 11:25 AM,58.8,65.0,47.1,57.4,,,30.18,,,,,,,,,,,,,
Back Fence,Temp & Humidity Sensor,2020/12/04 11:30 AM,58.6,66.0,47.3,57.3,,,30.18,,,,,,,,,,,,,
Back Fence,Temp & Humidity Sensor,2020/12/04 11:35 AM,58.6,66.0,47.3,57.3,,,30.17,,,,,,,,,,,,,
Back Fence,Temp & Humidity Sensor,2020/12/04 11:40 AM,58.8,67.0,47.9,57.5,,,30.17,,,,,,,,,,,,,
Back Fence,Temp & Humidity Sensor,2020/12/04 11:45 AM,59.0,66.0,47.7,57.7,,,30.16,,,,,,,,,,,,,
Back Fence,Temp & Humidity Sensor,2020/12/04 11:50 AM,59.3,66.0,47.9,58.0,,,30.16,,,,,,,,,,,,,
Back Fence,Temp & Humidity Sensor,2020/12/04 11:55 AM,60.0,65.0,48.2,58.8,,,30.16,,,,,,,,,,,,,
Back Fence,Temp & Humidity Sensor,2020/12/04 12:00 PM,59.7,64.0,47.5,58.4,,,30.16,,,,,,,,,,,,,
Back Fence,Temp & Humidity Sensor,2020/12/04 12:05 PM,59.5,65.0,47.7,58.2,,,30.15,,,,,,,,,,,,,
Back Fence,Temp & Humidity Sensor,2020/12/04 12:10 PM,59.5,65.0,47.7,58.2,,,30.14,,,,,,,,,,,,,
Back Fence,Temp & Humidity Sensor,2020/12/04 12:15 PM,59.7,65.0,47.9,58.4,,,30.14,,,,,,,,,,,,,
Back Fence,Temp & Humidity Sensor,2020/12/04 12:20 PM,60.2,65.0,48.4,59.0,,,30.13,,,,,,,,,,,,,
Back Fence,Temp & Humidity Sensor,2020/12/04 12:25 PM,60.8,64.0,48.5,59.6,,,30.13,,,,,,,,,,,,,
Back Fence,Temp & Humidity Sensor,2020/12/04 12:30 PM,60.9,65.0,49.1,59.7,,,30.13,,,,,,,,,,,,,
Back Fence,Temp & Humidity Sensor,2020/12/04 12:35 PM,61.3,63.0,48.6,60.1,,,30.13,,,,,,,,,,,,,
Back Fence,Temp & Humidity Sensor,2020/12/04 12:40 PM,61.8,64.0,49.5,60.7,,,30.13,,,,,,,,,,,,,
Back Fence,Temp & Humidity Sensor,2020/12/04 12:45 PM,62.0,64.0,49.7,60.9,,,30.12,,,,,,,,,,,,,
Back Fence,Temp & Humidity Sensor,2020/12/04 12:50 PM,62.4,64.0,50.1,61.3,,,30.12,,,,,,,,,,,,,
Back Fence,Temp & Humidity Sensor,2020/12/04 12:55 PM,62.0,64.0,49.7,60.9,,,30.11,,,,,,,,,,,,,
Back Fence,Temp & Humidity Sensor,2020/12/04 1:00 PM,61.8,65.0,49.9,60.7,,,30.11,,,,,,,,,,,,,
Back Fence,Temp & Humidity Sensor,2020/12/04 1:05 PM,62.0,65.0,50.1,61.0,,,30.11,,,,,,,,,,,,,
Back Fence,Temp & Humidity Sensor,2020/12/04 1:10 PM,62.0,65.0,50.1,61.0,,,30.11,,,,,,,,,,,,,
Back Fence,Temp & Humidity Sensor,2020/12/04 1:15 PM,62.9,65.0,50.9,61.9,,,30.11,,,,,,,,,,,,,
Back Fence,Temp & Humidity Sensor,2020/12/04 1:20 PM,63.6,64.0,51.2,62.7,,,30.1,,,,,,,,,,,,,
Back Fence,Temp & Humidity Sensor,2020/12/04 1:25 PM,63.5,63.0,50.7,62.5,,,30.09,,,,,,,,,,,,,
Back Fence,Temp & Humidity Sensor,2020/12/04 1:30 PM,63.8,63.0,51.0,62.8,,,30.09,,,,,,,,,,,,,
Back Fence,Temp & Humidity Sensor,2020/12/04 1:35 PM,64.5,62.0,51.2,63.6,,,30.09,,,,,,,,,,,,,
Back Fence,Temp & Humidity Sensor,2020/12/04 1:40 PM,64.7,62.0,51.4,63.8,,,30.08,,,,,,,,,,,,,
Back Fence,Temp & Humidity Sensor,2020/12/04 1:45 PM,64.0,63.0,51.1,63.1,,,30.08,,,,,,,,,,,,,
Back Fence,Temp & Humidity Sensor,2020/12/04 1:50 PM,64.5,62.0,51.2,63.6,,,30.08,,,,,,,,,,,,,
Back Fence,Temp & Humidity Sensor,2020/12/04 1:55 PM,64.7,62.0,51.4,63.8,,,30.07,,,,,,,,,,,,,
Back Fence,Temp & Humidity Sensor,2020/12/04 2:00 PM,64.5,62.0,51.2,63.6,,,30.07,,,,,,,,,,,,,
Back Fence,Temp & Humidity Sensor,2020/12/04 2:05 PM,64.5,62.0,51.2,63.6,,,30.07,,,,,,,,,,,,,
Back Fence,Temp & Humidity Sensor,2020/12/04 2:10 PM,64.7,61.0,50.9,63.7,,,30.06,,,,,,,,,,,,,
Back Fence,Temp & Humidity Sensor,2020/12/04 2:15 PM,64.4,61.0,50.7,63.4,,,30.06,,,,,,,,,,,,,
Back Fence,Temp & Humidity Sensor,2020/12/04 2:20 PM,63.8,62.0,50.5,62.8,,,30.06,,,,,,,,,,,,,
Back Fence,Temp & Humidity Sensor,2020/12/04 2:25 PM,64.0,62.0,50.7,63.0,,,30.06,,,,,,,,,,,,,
Back Fence,Temp & Humidity Sensor,2020/12/04 2:30 PM,64.5,62.0,51.2,63.6,,,30.06,,,,,,,,,,,,,
Back Fence,Temp & Humidity Sensor,2020/12/04 2:35 PM,64.4,61.0,50.7,63.4,,,30.05,,,,,,,,,,,,,
Back Fence,Temp & Humidity Sensor,2020/12/04 2:40 PM,63.8,62.0,50.5,62.8,,,30.04,,,,,,,,,,,,,
Back Fence,Temp & Humidity Sensor,2020/12/04 2:45 PM,63.3,63.0,50.5,62.3,,,30.04,,,,,,,,,,,,,
Back Fence,Temp & Humidity Sensor,2020/12/04 2:50 PM,63.1,63.0,50.3,62.1,,,30.04,,,,,,,,,,,,,
Back Fence,Temp & Humidity Sensor,2020/12/04 2:55 PM,62.9,64.0,50.5,61.9,,,30.04,,,,,,,,,,,,,
Back Fence,Temp & Humidity Sensor,2020/12/04 3:00 PM,62.9,64.0,50.5,61.9,,,30.04,,,,,,,,,,,,,
Back Fence,Temp & Humidity Sensor,2020/12/04 3:05 PM,62.7,64.0,50.3,61.7,,,30.04,,,,,,,,,,,,,
Back Fence,Temp & Humidity Sensor,2020/12/04 3:10 PM,62.4,66.0,50.9,61.4,,,30.04,,,,,,,,,,,,,
Back Fence,Temp & Humidity Sensor,2020/12/04 3:15 PM,62.0,66.0,50.5,61.0,,,30.04,,,,,,,,,,,,,
Back Fence,Temp & Humidity Sensor,2020/12/04 3:20 PM,62.0,66.0,50.5,61.0,,,30.03,,,,,,,,,,,,,
Back Fence,Temp & Humidity Sensor,2020/12/04 3:25 PM,61.8,66.0,50.3,60.8,,,30.02,,,,,,,,,,,,,
Back Fence,Temp & Humidity Sensor,2020/12/04 3:30 PM,61.5,66.0,50.0,60.5,,,30.02,,,,,,,,,,,,,
Back Fence,Temp & Humidity Sensor,2020/12/04 3:35 PM,61.3,67.0,50.2,60.3,,,30.02,,,,,,,,,,,,,
Back Fence,Temp & Humidity Sensor,2020/12/04 3:40 PM,61.3,67.0,50.2,60.3,,,30.02,,,,,,,,,,,,,
Back Fence,Temp & Humidity Sensor,2020/12/04 3:45 PM,61.1,67.0,50.1,60.1,,,30.02,,,,,,,,,,,,,
Back Fence,Temp & Humidity Sensor,2020/12/04 3:50 PM,60.9,68.0,50.3,59.9,,,30.02,,,,,,,,,,,,,
Back Fence,Temp & Humidity Sensor,2020/12/04 3:55 PM,60.8,69.0,50.6,59.8,,,30.01,,,,,,,,,,,,,
Back Fence,Temp & Humidity Sensor,2020/12/04 4:00 PM,60.8,69.0,50.6,59.8,,,30.02,,,,,,,,,,,,,
Back Fence,Temp & Humidity Sensor,2020/12/04 4:05 PM,60.4,71.0,51.0,59.5,,,30.02,,,,,,,,,,,,,
Back Fence,Temp & Humidity Sensor,2020/12/04 4:10 PM,60.2,71.0,50.8,59.3,,,30.02,,,,,,,,,,,,,
Back Fence,Temp & Humidity Sensor,2020/12/04 4:20 PM,59.9,71.0,50.5,58.9,,,30.02,,,,,,,,,,,,,
Back Fence,Temp & Humidity Sensor,2020/12/04 4:25 PM,59.5,71.0,50.1,58.5,,,30.01,,,,,,,,,,,,,
Back Fence,Temp & Humidity Sensor,2020/12/04 4:30 PM,59.3,73.0,50.6,58.4,,,30.0,,,,,,,,,,,,,
Back Fence,Temp & Humidity Sensor,2020/12/04 4:35 PM,59.0,72.0,50.0,58.0,,,30.01,,,,,,,,,,,,,
Back Fence,Temp & Humidity Sensor,2020/12/04 4:40 PM,58.6,73.0,50.0,57.6,,,30.0,,,,,,,,,,,,,
Back Fence,Temp & Humidity Sensor,2020/12/04 4:45 PM,58.2,74.0,50.0,57.2,,,30.0,,,,,,,,,,,,,
Back Fence,Temp & Humidity Sensor,2020/12/04 4:50 PM,58.2,74.0,50.0,57.2,,,29.99,,,,,,,,,,,,,
Back Fence,Temp & Humidity Sensor,2020/12/04 4:55 PM,58.1,74.0,49.9,57.1,,,29.99,,,,,,,,,,,,,
Back Fence,Temp & Humidity Sensor,2020/12/04 5:00 PM,57.7,75.0,49.8,56.7,,,29.99,,,,,,,,,,,,,
Back Fence,Temp & Humidity Sensor,2020/12/04 5:05 PM,57.5,75.0,49.6,56.5,,,29.99,,,,,,,,,,,,,
Back Fence,Temp & Humidity Sensor,2020/12/04 5:10 PM,57.2,76.0,49.7,56.2,,,29.99,,,,,,,,,,,,,
Back Fence,Temp & Humidity Sensor,2020/12/04 5:15 PM,57.0,76.0,49.5,56.0,,,29.98,,,,,,,,,,,,,
Back Fence,Temp & Humidity Sensor,2020/12/04 5:20 PM,57.0,76.0,49.5,56.0,,,29.98,,,,,,,,,,,,,
Back Fence,Temp & Humidity Sensor,2020/12/04 5:25 PM,56.8,76.0,49.3,55.8,,,29.98,,,,,,,,,,,,,
Back Fence,Temp & Humidity Sensor,2020/12/04 5:30 PM,56.8,76.0,49.3,55.8,,,29.97,,,,,,,,,,,,,
Back Fence,Temp & Humidity Sensor,2020/12/04 5:35 PM,56.6,77.0,49.5,55.6,,,29.97,,,,,,,,,,,,,
Back Fence,Temp & Humidity Sensor,2020/12/04 5:40 PM,56.8,77.0,49.7,55.8,,,29.97,,,,,,,,,,,,,
Back Fence,Temp & Humidity Sensor,2020/12/04 5:45 PM,56.8,77.0,49.7,55.8,,,29.97,,,,,,,,,,,,,
Back Fence,Temp & Humidity Sensor,2020/12/04 5:50 PM,56.8,77.0,49.7,55.8,,,29.96,,,,,,,,,,,,,
Back Fence,Temp & Humidity Sensor,2020/12/04 5:55 PM,56.6,78.0,49.8,55.6,,,29.96,,,,,,,,,,,,,
Back Fence,Temp & Humidity Sensor,2020/12/04 6:00 PM,56.1,79.0,49.7,55.1,,,29.95,,,,,,,,,,,,,
Back Fence,Temp & Humidity Sensor,2020/12/04 6:05 PM,55.7,79.0,49.3,54.7,,,29.95,,,,,,,,,,,,,
Back Fence,Temp & Humidity Sensor,2020/12/04 6:10 PM,55.5,86.0,51.4,54.8,,,29.95,,,,,,,,,,,,,
Back Fence,Temp & Humidity Sensor,2020/12/04 6:15 PM,55.4,86.0,51.3,54.7,,,29.95,,,,,,,,,,,,,
Back Fence,Temp & Humidity Sensor,2020/12/04 6:20 PM,55.4,86.0,51.3,54.7,,,29.95,,,,,,,,,,,,,
Back Fence,Temp & Humidity Sensor,2020/12/04 6:25 PM,55.4,86.0,51.3,54.7,,,29.94,,,,,,,,,,,,,
Back Fence,Temp & Humidity Sensor,2020/12/04 6:30 PM,55.2,85.0,50.8,54.4,,,29.93,,,,,,,,,,,,,
Back Fence,Temp & Humidity Sensor,2020/12/04 6:35 PM,55.2,85.0,50.8,54.4,,,29.93,,,,,,,,,,,,,
Back Fence,Temp & Humidity Sensor,2020/12/04 6:45 PM,55.0,85.0,50.6,54.2,,,29.93,,,,,,,,,,,,,
Back Fence,Temp & Humidity Sensor,2020/12/04 6:50 PM,55.0,86.0,50.9,54.2,,,29.92,,,,,,,,,,,,,
Back Fence,Temp & Humidity Sensor,2020/12/04 6:55 PM,54.8,86.0,50.7,54.0,,,29.92,,,,,,,,,,,,,
Back Fence,Temp & Humidity Sensor,2020/12/04 7:00 PM,55.0,86.0,50.9,54.2,,,29.92,,,,,,,,,,,,,
Back Fence,Temp & Humidity Sensor,2020/12/04 7:05 PM,55.2,88.0,51.7,54.6,,,29.92,,,,,,,,,,,,,
Back Fence,Temp & Humidity Sensor,2020/12/04 7:10 PM,55.2,88.0,51.7,54.6,,,29.92,,,,,,,,,,,,,
Back Fence,Temp & Humidity Sensor,2020/12/04 7:15 PM,55.0,88.0,51.5,54.3,,,29.91,,,,,,,,,,,,,
Back Fence,Temp & Humidity Sensor,2020/12/04 7:20 PM,55.2,87.0,51.4,54.5,,,29.89,,,,,,,,,,,,,
Back Fence,Temp & Humidity Sensor,2020/12/04 7:25 PM,55.0,88.0,51.5,54.3,,,29.89,,,,,,,,,,,,,
Back Fence,Temp & Humidity Sensor,2020/12/04 7:30 PM,55.0,88.0,51.5,54.3,,,29.88,,,,,,,,,,,,,
Back Fence,Temp & Humidity Sensor,2020/12/04 7:35 PM,55.0,89.0,51.8,54.4,,,29.89,,,,,,,,,,,,,
Back Fence,Temp & Humidity Sensor,2020/12/04 7:40 PM,54.8,89.0,51.6,54.2,,,29.87,,,,,,,,,,,,,
Back Fence,Temp & Humidity Sensor,2020/12/04 7:45 PM,55.0,89.0,51.8,54.4,,,29.87,,,,,,,,,,,,,
Back Fence,Temp & Humidity Sensor,2020/12/04 7:50 PM,55.0,91.0,52.4,54.5,,,29.88,,,,,,,,,,,,,
Back Fence,Temp & Humidity Sensor,2020/12/04 7:55 PM,55.2,91.0,52.6,54.7,,,29.87,,,,,,,,,,,,,
Back Fence,Temp & Humidity Sensor,2020/12/04 8:00 PM,55.4,91.0,52.8,54.9,,,29.87,,,,,,,,,,,,,
Back Fence,Temp & Humidity Sensor,2020/12/04 8:05 PM,55.4,91.0,52.8,54.9,,,29.86,,,,,,,,,,,,,
Back Fence,Temp & Humidity Sensor,2020/12/04 8:10 PM,55.2,92.0,52.9,54.7,,,29.85,,,,,,,,,,,,,
Back Fence,Temp & Humidity Sensor,2020/12/04 8:15 PM,55.4,91.0,52.8,54.9,,,29.84,,,,,,,,,,,,,
Back Fence,Temp & Humidity Sensor,2020/12/04 8:20 PM,55.5,91.0,52.9,55.0,,,29.84,,,,,,,,,,,,,
Back Fence,Temp & Humidity Sensor,2020/12/04 8:25 PM,55.5,92.0,53.2,55.1,,,29.84,,,,,,,,,,,,,
Back Fence,Temp & Humidity Sensor,2020/12/04 8:30 PM,55.7,92.0,53.4,55.3,,,29.83,,,,,,,,,,,,,
Back Fence,Temp & Humidity Sensor,2020/12/04 8:35 PM,56.3,91.0,53.7,55.9,,,29.83,,,,,,,,,,,,,
Back Fence,Temp & Humidity Sensor,2020/12/04 8:40 PM,56.3,91.0,53.7,55.9,,,29.82,,,,,,,,,,,,,
Back Fence,Temp & Humidity Sensor,2020/12/04 8:45 PM,56.4,91.0,53.8,56.0,,,29.81,,,,,,,,,,,,,
Back Fence,Temp & Humidity Sensor,2020/12/04 8:50 PM,56.8,90.0,53.9,56.4,,,29.81,,,,,,,,,,,,,
Back Fence,Temp & Humidity Sensor,2020/12/04 8:55 PM,56.8,90.0,53.9,56.4,,,29.81,,,,,,,,,,,,,
Back Fence,Temp & Humidity Sensor,2020/12/04 9:00 PM,57.5,89.0,54.3,57.1,,,29.8,,,,,,,,,,,,,
Back Fence,Temp & Humidity Sensor,2020/12/04 9:05 PM,57.5,89.0,54.3,57.1,,,29.8,,,,,,,,,,,,,
Back Fence,Temp & Humidity Sensor,2020/12/04 9:10 PM,57.9,89.0,54.7,57.6,,,29.8,,,,,,,,,,,,,
Back Fence,Temp & Humidity Sensor,2020/12/04 9:15 PM,57.7,89.0,54.5,57.4,,,29.8,,,,,,,,,,,,,
Back Fence,Temp & Humidity Sensor,2020/12/04 9:20 PM,57.7,89.0,54.5,57.4,,,29.8,,,,,,,,,,,,,
Back Fence,Temp & Humidity Sensor,2020/12/04 9:25 PM,57.9,90.0,55.0,57.6,,,29.79,,,,,,,,,,,,,
Back Fence,Temp & Humidity Sensor,2020/12/04 9:30 PM,57.9,89.0,54.7,57.6,,,29.79,,,,,,,,,,,,,
Back Fence,Temp & Humidity Sensor,2020/12/04 9:35 PM,57.7,89.0,54.5,57.4,,,29.78,,,,,,,,,,,,,
Back Fence,Temp & Humidity Sensor,2020/12/04 9:40 PM,57.5,90.0,54.6,57.2,,,29.77,,,,,,,,,,,,,
Back Fence,Temp & Humidity Sensor,2020/12/04 9:45 PM,57.3,90.0,54.4,57.0,,,29.77,,,,,,,,,,,,,
Back Fence,Temp & Humidity Sensor,2020/12/04 9:50 PM,57.5,91.0,54.9,57.2,,,29.77,,,,,,,,,,,,,
Back Fence,Temp & Humidity Sensor,2020/12/04 9:55 PM,57.3,92.0,55.0,57.1,,,29.77,,,,,,,,,,,,,
Back Fence,Temp & Humidity Sensor,2020/12/04 10:00 PM,57.2,93.0,55.2,57.0,,,29.76,,,,,,,,,,,,,
Back Fence,Temp & Humidity Sensor,2020/12/04 10:05 PM,57.2,93.0,55.2,57.0,,,29.75,,,,,,,,,,,,,
Back Fence,Temp & Humidity Sensor,2020/12/04 10:10 PM,57.2,92.0,54.9,56.9,,,29.74,,,,,,,,,,,,,
Back Fence,Temp & Humidity Sensor,2020/12/04 10:15 PM,57.5,92.0,55.2,57.3,,,29.74,,,,,,,,,,,,,
Back Fence,Temp & Humidity Sensor,2020/12/04 10:20 PM,57.5,92.0,55.2,57.3,,,29.74,,,,,,,,,,,,,
Back Fence,Temp & Humidity Sensor,2020/12/04 10:25 PM,57.7,92.0,55.4,57.5,,,29.73,,,,,,,,,,,,,
Back Fence,Temp & Humidity Sensor,2020/12/04 10:30 PM,57.9,92.0,55.6,57.7,,,29.73,,,,,,,,,,,,,
Back Fence,Temp & Humidity Sensor,2020/12/04 10:35 PM,58.2,93.0,56.2,58.1,,,29.72,,,,,,,,,,,,,
Back Fence,Temp & Humidity Sensor,2020/12/04 10:40 PM,58.6,92.0,56.3,58.5,,,29.72,,,,,,,,,,,,,
Back Fence,Temp & Humidity Sensor,2020/12/04 10:45 PM,58.6,93.0,56.6,58.5,,,29.71,,,,,,,,,,,,,
Back Fence,Temp & Humidity Sensor,2020/12/04 10:50 PM,58.8,93.0,56.8,58.8,,,29.71,,,,,,,,,,,,,
Back Fence,Temp & Humidity Sensor,2020/12/04 10:55 PM,58.8,94.0,57.1,58.8,,,29.71,,,,,,,,,,,,,
Back Fence,Temp & Humidity Sensor,2020/12/04 11:00 PM,58.6,94.0,56.9,58.6,,,29.7,,,,,,,,,,,,,
Back Fence,Temp & Humidity Sensor,2020/12/04 11:05 PM,58.6,94.0,56.9,58.6,,,29.69,,,,,,,,,,,,,
Back Fence,Temp & Humidity Sensor,2020/12/04 11:10 PM,58.4,94.0,56.7,58.4,,,29.69,,,,,,,,,,,,,
Back Fence,Temp & Humidity Sensor,2020/12/04 11:15 PM,58.4,95.0,57.0,58.4,,,29.73,,,,,,,,,,,,,
Back Fence,Temp & Humidity Sensor,2020/12/04 11:20 PM,57.2,94.0,55.5,57.0,,,29.73,,,,,,,,,,,,,
Back Fence,Temp & Humidity Sensor,2020/12/04 11:25 PM,56.1,95.0,54.7,55.9,,,29.74,,,,,,,,,,,,,
Back Fence,Temp & Humidity Sensor,2020/12/04 11:30 PM,55.7,95.0,54.3,55.4,,,29.74,,,,,,,,,,,,,
Back Fence,Temp & Humidity Sensor,2020/12/04 11:35 PM,55.5,95.0,54.1,55.2,,,29.74,,,,,,,,,,,,,
Back Fence,Temp & Humidity Sensor,2020/12/04 11:40 PM,55.5,95.0,54.1,55.2,,,29.72,,,,,,,,,,,,,
Back Fence,Temp & Humidity Sensor,2020/12/04 11:45 PM,55.4,95.0,54.0,55.1,,,29.72,,,,,,,,,,,,,
Back Fence,Temp & Humidity Sensor,2020/12/04 11:50 PM,55.2,96.0,54.1,54.9,,,29.71,,,,,,,,,,,,,
Back Fence,Temp & Humidity Sensor,2020/12/04 11:55 PM,55.2,96.0,54.1,54.9,,,29.7,,,,,,,,,,,,,
Back Fence,Temp & Humidity Sensor,2020/12/05 12:00 AM,55.0,96.0,53.9,54.7,,,29.71,,,,,,,,,,,,,
Back Fence,Temp & Humidity Sensor,2020/12/05 12:05 AM,55.0,96.0,53.9,54.7,,,29.72,,,,,,,,,,,,,
Back Fence,Temp & Humidity Sensor,2020/12/05 12:10 AM,54.8,95.0,53.4,54.4,,,29.72,,,,,,,,,,,,,
Back Fence,Temp & Humidity Sensor,2020/12/05 12:15 AM,54.6,95.0,53.2,54.2,,,29.72,,,,,,,,,,,,,
Back Fence,Temp & Humidity Sensor,2020/12/05 12:20 AM,54.5,95.0,53.1,54.1,,,29.72,,,,,,,,,,,,,
Back Fence,Temp & Humidity Sensor,2020/12/05 12:25 AM,54.3,95.0,52.9,53.9,,,29.73,,,,,,,,,,,,,
Back Fence,Temp & Humidity Sensor,2020/12/05 12:30 AM,53.7,95.0,52.3,53.2,,,29.72,,,,,,,,,,,,,
Back Fence,Temp & Humidity Sensor,2020/12/05 12:35 AM,53.6,95.0,52.2,53.1,,,29.72,,,,,,,,,,,,,
Back Fence,Temp & Humidity Sensor,2020/12/05 12:40 AM,53.4,96.0,52.3,53.0,,,29.71,,,,,,,,,,,,,
Back Fence,Temp & Humidity Sensor,2020/12/05 12:45 AM,53.2,96.0,52.1,52.7,,,29.72,,,,,,,,,,,,,
Back Fence,Temp & Humidity Sensor,2020/12/05 12:50 AM,53.6,95.0,52.2,53.1,,,29.72,,,,,,,,,,,,,
Back Fence,Temp & Humidity Sensor,2020/12/05 12:55 AM,53.6,95.0,52.2,53.1,,,29.73,,,,,,,,,,,,,
Back Fence,Temp & Humidity Sensor,2020/12/05 1:00 AM,53.7,95.0,52.3,53.2,,,29.73,,,,,,,,,,,,,
Back Fence,Temp & Humidity Sensor,2020/12/05 1:05 AM,53.7,95.0,52.3,53.2,,,29.74,,,,,,,,,,,,,
Back Fence,Temp & Humidity Sensor,2020/12/05 1:10 AM,53.6,95.0,52.2,53.1,,,29.74,,,,,,,,,,,,,
Back Fence,Temp & Humidity Sensor,2020/12/05 1:15 AM,53.4,96.0,52.3,53.0,,,29.75,,,,,,,,,,,,,
Back Fence,Temp & Humidity Sensor,2020/12/05 1:20 AM,52.8,96.0,51.7,52.3,,,29.76,,,,,,,,,,,,,
Back Fence,Temp & Humidity Sensor,2020/12/05 1:25 AM,52.3,96.0,51.2,51.7,,,29.76,,,,,,,,,,,,,
Back Fence,Temp & Humidity Sensor,2020/12/05 1:30 AM,51.8,96.0,50.7,51.2,,,29.76,,,,,,,,,,,,,
Back Fence,Temp & Humidity Sensor,2020/12/05 1:35 AM,51.4,96.0,50.3,50.8,,,29.76,,,,,,,,,,,,,
Back Fence,Temp & Humidity Sensor,2020/12/05 1:40 AM,51.2,96.0,50.1,50.5,,,29.77,,,,,,,,,,,,,
Back Fence,Temp & Humidity Sensor,2020/12/05 1:45 AM,50.9,96.0,49.8,50.2,,,29.77,,,,,,,,,,,,,
Back Fence,Temp & Humidity Sensor,2020/12/05 1:50 AM,50.7,96.0,49.6,50.0,,,29.77,,,,,,,,,,,,,
Back Fence,Temp & Humidity Sensor,2020/12/05 1:55 AM,50.5,96.0,49.4,49.8,,,29.78,,,,,,,,,,,,,
Back Fence,Temp & Humidity Sensor,2020/12/05 2:00 AM,50.5,96.0,49.4,49.8,,,29.78,,,,,,,,,,,,,
Back Fence,Temp & Humidity Sensor,2020/12/05 2:05 AM,50.3,96.0,49.2,49.5,,,29.79,,,,,,,,,,,,,
Back Fence,Temp & Humidity Sensor,2020/12/05 2:10 AM,50.1,96.0,49.0,49.3,,,29.79,,,,,,,,,,,,,
Back Fence,Temp & Humidity Sensor,2020/12/05 2:15 AM,50.0,96.0,48.9,49.2,,,29.79,,,,,,,,,,,,,
Back Fence,Temp & Humidity Sensor,2020/12/05 2:20 AM,49.4,96.0,48.3,48.6,,,29.79,,,,,,,,,,,,,
Back Fence,Temp & Humidity Sensor,2020/12/05 2:25 AM,48.9,96.0,47.8,48.0,,,29.79,,,,,,,,,,,,,
Back Fence,Temp & Humidity Sensor,2020/12/05 2:30 AM,48.9,95.0,47.5,48.0,,,29.79,,,,,,,,,,,,,
Back Fence,Temp & Humidity Sensor,2020/12/05 2:35 AM,48.5,95.0,47.1,47.5,,,29.8,,,,,,,,,,,,,
Back Fence,Temp & Humidity Sensor,2020/12/05 2:40 AM,48.2,95.0,46.8,47.2,,,29.8,,,,,,,,,,,,,
Back Fence,Temp & Humidity Sensor,2020/12/05 2:45 AM,48.0,96.0,46.9,47.0,,,29.81,,,,,,,,,,,,,
Back Fence,Temp & Humidity Sensor,2020/12/05 2:50 AM,47.6,96.0,46.5,46.6,,,29.81,,,,,,,,,,,,,
Back Fence,Temp & Humidity Sensor,2020/12/05 2:55 AM,47.4,96.0,46.3,46.4,,,29.81,,,,,,,,,,,,,
Back Fence,Temp & Humidity Sensor,2020/12/05 3:00 AM,47.4,96.0,46.3,46.4,,,29.82,,,,,,,,,,,,,
Back Fence,Temp & Humidity Sensor,2020/12/05 3:05 AM,47.4,96.0,46.3,46.4,,,29.82,,,,,,,,,,,,,
Back Fence,Temp & Humidity Sensor,2020/12/05 3:10 AM,48.0,96.0,46.9,47.0,,,29.83,,,,,,,,,,,,,
Back Fence,Temp & Humidity Sensor,2020/12/05 3:15 AM,47.8,96.0,46.7,46.8,,,29.83,,,,,,,,,,,,,
Back Fence,Temp & Humidity Sensor,2020/12/05 3:20 AM,47.6,95.0,46.2,46.5,,,29.83,,,,,,,,,,,,,
Back Fence,Temp & Humidity Sensor,2020/12/05 3:25 AM,47.6,95.0,46.2,46.5,,,29.84,,,,,,,,,,,,,
Back Fence,Temp & Humidity Sensor,2020/12/05 3:30 AM,47.4,94.0,45.8,46.3,,,29.84,,,,,,,,,,,,,
Back Fence,Temp & Humidity Sensor,2020/12/05 3:35 AM,47.1,94.0,45.5,45.9,,,29.84,,,,,,,,,,,,,
Back Fence,Temp & Humidity Sensor,2020/12/05 3:40 AM,47.3,94.0,45.7,46.1,,,29.85,,,,,,,,,,,,,
Back Fence,Temp & Humidity Sensor,2020/12/05 3:45 AM,47.4,93.0,45.5,46.2,,,29.85,,,,,,,,,,,,,
Back Fence,Temp & Humidity Sensor,2020/12/05 3:50 AM,47.1,93.0,45.2,45.9,,,29.85,,,,,,,,,,,,,
Back Fence,Temp & Humidity Sensor,2020/12/05 3:55 AM,46.9,93.0,45.0,45.7,,,29.85,,,,,,,,,,,,,
Back Fence,Temp & Humidity Sensor,2020/12/05 4:00 AM,46.5,93.0,44.6,45.2,,,29.85,,,,,,,,,,,,,
Back Fence,Temp & Humidity Sensor,2020/12/05 4:05 AM,46.2,94.0,44.6,44.9,,,29.85,,,,,,,,,,,,,
Back Fence,Temp & Humidity Sensor,2020/12/05 4:10 AM,46.2,94.0,44.6,44.9,,,29.85,,,,,,,,,,,,,
Back Fence,Temp & Humidity Sensor,2020/12/05 4:15 AM,46.0,94.0,44.4,44.7,,,29.86,,,,,,,,,,,,,
Back Fence,Temp & Humidity Sensor,2020/12/05 4:20 AM,45.8,94.0,44.2,44.5,,,29.86,,,,,,,,,,,,,
Back Fence,Temp & Humidity Sensor,2020/12/05 4:25 AM,45.5,94.0,43.9,44.2,,,29.86,,,,,,,,,,,,,
Back Fence,Temp & Humidity Sensor,2020/12/05 4:30 AM,45.5,95.0,44.2,44.2,,,29.87,,,,,,,,,,,,,
Back Fence,Temp & Humidity Sensor,2020/12/05 4:35 AM,45.1,95.0,43.8,43.8,,,29.87,,,,,,,,,,,,,
Back Fence,Temp & Humidity Sensor,2020/12/05 4:40 AM,45.3,95.0,44.0,44.0,,,29.87,,,,,,,,,,,,,
Back Fence,Temp & Humidity Sensor,2020/12/05 4:45 AM,44.9,95.0,43.6,43.6,,,29.87,,,,,,,,,,,,,
Back Fence,Temp & Humidity Sensor,2020/12/05 4:50 AM,44.7,95.0,43.4,43.3,,,29.88,,,,,,,,,,,,,
Back Fence,Temp & Humidity Sensor,2020/12/05 4:55 AM,44.9,95.0,43.6,43.6,,,29.87,,,,,,,,,,,,,
Back Fence,Temp & Humidity Sensor,2020/12/05 5:00 AM,44.9,95.0,43.6,43.6,,,29.88,,,,,,,,,,,,,
Back Fence,Temp & Humidity Sensor,2020/12/05 5:05 AM,44.6,95.0,43.3,43.2,,,29.88,,,,,,,,,,,,,
Back Fence,Temp & Humidity Sensor,2020/12/05 5:10 AM,44.2,96.0,43.1,42.8,,,29.88,,,,,,,,,,,,,
Back Fence,Temp & Humidity Sensor,2020/12/05 5:15 AM,44.0,96.0,42.9,42.6,,,29.88,,,,,,,,,,,,,
Back Fence,Temp & Humidity Sensor,2020/12/05 5:20 AM,43.8,96.0,42.7,42.4,,,29.89,,,,,,,,,,,,,
Back Fence,Temp & Humidity Sensor,2020/12/05 5:25 AM,43.7,96.0,42.6,42.3,,,29.89,,,,,,,,,,,,,
Back Fence,Temp & Humidity Sensor,2020/12/05 5:30 AM,43.5,96.0,42.4,42.1,,,29.89,,,,,,,,,,,,,
Back Fence,Temp & Humidity Sensor,2020/12/05 5:35 AM,43.3,96.0,42.2,41.8,,,29.9,,,,,,,,,,,,,
Back Fence,Temp & Humidity Sensor,2020/12/05 5:40 AM,43.3,96.0,42.2,41.8,,,29.9,,,,,,,,,,,,,
Back Fence,Temp & Humidity Sensor,2020/12/05 5:45 AM,43.3,96.0,42.2,41.8,,,29.9,,,,,,,,,,,,,
Back Fence,Temp & Humidity Sensor,2020/12/05 5:50 AM,43.1,96.0,42.0,41.6,,,29.91,,,,,,,,,,,,,
Back Fence,Temp & Humidity Sensor,2020/12/05 5:55 AM,42.8,96.0,41.7,41.3,,,29.91,,,,,,,,,,,,,
Back Fence,Temp & Humidity Sensor,2020/12/05 6:00 AM,42.8,96.0,41.7,41.3,,,29.91,,,,,,,,,,,,,
Back Fence,Temp & Humidity Sensor,2020/12/05 6:05 AM,42.9,96.0,41.8,41.4,,,29.91,,,,,,,,,,,,,
Back Fence,Temp & Humidity Sensor,2020/12/05 6:10 AM,42.8,96.0,41.7,41.3,,,29.92,,,,,,,,,,,,,
Back Fence,Temp & Humidity Sensor,2020/12/05 6:15 AM,42.6,97.0,41.8,41.1,,,29.92,,,,,,,,,,,,,
Back Fence,Temp & Humidity Sensor,2020/12/05 6:20 AM,42.4,97.0,41.6,40.9,,,29.93,,,,,,,,,,,,,
Back Fence,Temp & Humidity Sensor,2020/12/05 6:25 AM,42.4,97.0,41.6,40.9,,,29.92,,,,,,,,,,,,,
Back Fence,Temp & Humidity Sensor,2020/12/05 6:30 AM,42.0,97.0,41.2,40.5,,,29.92,,,,,,,,,,,,,
Back Fence,Temp & Humidity Sensor,2020/12/05 6:35 AM,42.0,97.0,41.2,40.5,,,29.92,,,,,,,,,,,,,
Back Fence,Temp & Humidity Sensor,2020/12/05 6:40 AM,42.0,97.0,41.2,40.5,,,29.93,,,,,,,,,,,,,
Back Fence,Temp & Humidity Sensor,2020/12/05 6:45 AM,42.4,97.0,41.6,40.9,,,29.93,,,,,,,,,,,,,
Back Fence,Temp & Humidity Sensor,2020/12/05 6:50 AM,42.2,97.0,41.4,40.7,,,29.93,,,,,,,,,,,,,
Back Fence,Temp & Humidity Sensor,2020/12/05 6:55 AM,42.4,97.0,41.6,40.9,,,29.93,,,,,,,,,,,,,
Back Fence,Temp & Humidity Sensor,2020/12/05 7:00 AM,42.6,97.0,41.8,41.1,,,29.93,,,,,,,,,,,,,
Back Fence,Temp & Humidity Sensor,2020/12/05 7:05 AM,42.6,97.0,41.8,41.1,,,29.94,,,,,,,,,,,,,
Back Fence,Temp & Humidity Sensor,2020/12/05 7:10 AM,42.8,96.0,41.7,41.3,,,29.94,,,,,,,,,,,,,
Back Fence,Temp & Humidity Sensor,2020/12/05 7:15 AM,43.1,94.0,41.5,41.5,,,29.94,,,,,,,,,,,,,
Back Fence,Temp & Humidity Sensor,2020/12/05 7:20 AM,43.1,93.0,41.2,41.5,,,29.94,,,,,,,,,,,,,
Back Fence,Temp & Humidity Sensor,2020/12/05 7:25 AM,43.8,88.0,40.5,42.0,,,29.94,,,,,,,,,,,,,
Back Fence,Temp & Humidity Sensor,2020/12/05 7:30 AM,44.4,86.0,40.5,42.6,,,29.94,,,,,,,,,,,,,
Back Fence,Temp & Humidity Sensor,2020/12/05 7:35 AM,44.2,84.0,39.7,42.3,,,29.94,,,,,,,,,,,,,
Back Fence,Temp & Humidity Sensor,2020/12/05 7:40 AM,44.6,83.0,39.8,42.7,,,29.94,,,,,,,,,,,,,
Back Fence,Temp & Humidity Sensor,2020/12/05 7:45 AM,44.6,80.0,38.8,42.5,,,29.94,,,,,,,,,,,,,
Back Fence,Temp & Humidity Sensor,2020/12/05 7:50 AM,44.6,79.0,38.5,42.5,,,29.94,,,,,,,,,,,,,
Back Fence,Temp & Humidity Sensor,2020/12/05 7:55 AM,44.7,76.0,37.6,42.4,,,29.94,,,,,,,,,,,,,
Back Fence,Temp & Humidity Sensor,2020/12/05 8:00 AM,44.7,76.0,37.6,42.4,,,29.95,,,,,,,,,,,,,
Back Fence,Temp & Humidity Sensor,2020/12/05 8:05 AM,44.6,81.0,39.1,42.6,,,29.95,,,,,,,,,,,,,
Back Fence,Temp & Humidity Sensor,2020/12/05 8:10 AM,44.6,84.0,40.1,42.7,,,29.96,,,,,,,,,,,,,
Back Fence,Temp & Humidity Sensor,2020/12/05 8:15 AM,44.9,76.0,37.8,42.7,,,29.96,,,,,,,,,,,,,
Back Fence,Temp & Humidity Sensor,2020/12/05 8:20 AM,45.5,74.0,37.7,43.2,,,29.96,,,,,,,,,,,,,
Back Fence,Temp & Humidity Sensor,2020/12/05 8:25 AM,45.8,74.0,38.0,43.6,,,29.96,,,,,,,,,,,,,
Back Fence,Temp & Humidity Sensor,2020/12/05 8:30 AM,46.2,73.0,38.0,44.0,,,29.97,,,,,,,,,,,,,
Back Fence,Temp & Humidity Sensor,2020/12/05 8:35 AM,46.4,72.0,37.9,44.1,,,29.97,,,,,,,,,,,,,
Back Fence,Temp & Humidity Sensor,2020/12/05 8:40 AM,46.4,74.0,38.6,44.2,,,29.98,,,,,,,,,,,,,
Back Fence,Temp & Humidity Sensor,2020/12/05 8:45 AM,46.4,76.0,39.3,44.3,,,29.98,,,,,,,,,,,,,
Back Fence,Temp & Humidity Sensor,2020/12/05 8:50 AM,46.7,78.0,40.2,44.7,,,29.99,,,,,,,,,,,,,
Back Fence,Temp & Humidity Sensor,2020/12/05 8:55 AM,47.4,78.0,40.9,45.5,,,29.99,,,,,,,,,,,,,
Back Fence,Temp & Humidity Sensor,2020/12/05 9:00 AM,48.2,74.0,40.3,46.2,,,29.99,,,,,,,,,,,,,
Back Fence,Temp & Humidity Sensor,2020/12/05 9:05 AM,48.0,68.0,38.0,45.7,,,29.99,,,,,,,,,,,,,
Back Fence,Temp & Humidity Sensor,2020/12/05 9:10 AM,47.8,72.0,39.2,45.7,,,29.99,,,,,,,,,,,,,
Back Fence,Temp & Humidity Sensor,2020/12/05 9:15 AM,48.2,65.0,37.0,45.8,,,29.99,,,,,,,,,,,,,
Back Fence,Temp & Humidity Sensor,2020/12/05 9:20 AM,48.0,71.0,39.1,45.8,,,29.99,,,,,,,,,,,,,
Back Fence,Temp & Humidity Sensor,2020/12/05 9:25 AM,48.2,70.0,38.9,46.0,,,29.99,,,,,,,,,,,,,
Back Fence,Temp & Humidity Sensor,2020/12/05 9:30 AM,48.2,74.0,40.3,46.2,,,29.99,,,,,,,,,,,,,
Back Fence,Temp & Humidity Sensor,2020/12/05 9:35 AM,48.3,65.0,37.1,45.9,,,29.99,,,,,,,,,,,,,
Back Fence,Temp & Humidity Sensor,2020/12/05 9:40 AM,48.7,68.0,38.6,46.5,,,30.0,,,,,,,,,,,,,
Back Fence,Temp & Humidity Sensor,2020/12/05 9:45 AM,49.2,64.0,37.5,46.8,,,30.0,,,,,,,,,,,,,
Back Fence,Temp & Humidity Sensor,2020/12/05 9:50 AM,49.8,61.0,36.9,47.3,,,30.0,,,,,,,,,,,,,
Back Fence,Temp & Humidity Sensor,2020/12/05 9:55 AM,50.1,58.0,35.9,47.5,,,29.99,,,,,,,,,,,,,
Back Fence,Temp & Humidity Sensor,2020/12/05 10:00 AM,49.8,60.0,36.5,47.3,,,29.99,,,,,,,,,,,,,
Back Fence,Temp & Humidity Sensor,2020/12/05 10:05 AM,50.0,60.0,36.7,47.5,,,29.99,,,,,,,,,,,,,
Back Fence,Temp & Humidity Sensor,2020/12/05 10:10 AM,51.6,57.0,36.9,49.1,,,29.99,,,,,,,,,,,,,
Back Fence,Temp & Humidity Sensor,2020/12/05 10:15 AM,51.4,54.0,35.3,48.8,,,30.0,,,,,,,,,,,,,
Back Fence,Temp & Humidity Sensor,2020/12/05 10:20 AM,51.4,53.0,34.8,48.7,,,29.99,,,,,,,,,,,,,
Back Fence,Temp & Humidity Sensor,2020/12/05 10:25 AM,51.0,56.0,35.9,48.4,,,30.0,,,,,,,,,,,,,
Back Fence,Temp & Humidity Sensor,2020/12/05 10:30 AM,52.7,53.0,36.1,50.2,,,30.0,,,,,,,,,,,,,
Back Fence,Temp & Humidity Sensor,2020/12/05 10:35 AM,52.3,52.0,35.2,49.7,,,30.0,,,,,,,,,,,,,
Back Fence,Temp & Humidity Sensor,2020/12/05 10:40 AM,51.2,53.0,34.7,48.5,,,30.0,,,,,,,,,,,,,
Back Fence,Temp & Humidity Sensor,2020/12/05 10:45 AM,51.4,56.0,36.2,48.9,,,30.0,,,,,,,,,,,,,
Back Fence,Temp & Humidity Sensor,2020/12/05 10:50 AM,52.5,52.0,35.4,49.9,,,30.01,,,,,,,,,,,,,
Back Fence,Temp & Humidity Sensor,2020/12/05 10:55 AM,52.7,53.0,36.1,50.2,,,30.01,,,,,,,,,,,,,
Back Fence,Temp & Humidity Sensor,2020/12/05 11:00 AM,51.9,52.0,34.8,49.2,,,30.01,,,,,,,,,,,,,
Back Fence,Temp & Humidity Sensor,2020/12/05 11:05 AM,51.0,53.0,34.5,48.3,,,30.01,,,,,,,,,,,,,
Back Fence,Temp & Humidity Sensor,2020/12/05 11:10 AM,50.9,53.0,34.4,48.2,,,30.01,,,,,,,,,,,,,
Back Fence,Temp & Humidity Sensor,2020/12/05 11:15 AM,50.7,55.0,35.1,48.1,,,30.01,,,,,,,,,,,,,
Back Fence,Temp & Humidity Sensor,2020/12/05 11:20 AM,51.0,54.0,34.9,48.3,,,30.01,,,,,,,,,,,,,
Back Fence,Temp & Humidity Sensor,2020/12/05 11:25 AM,51.6,52.0,34.6,48.9,,,30.01,,,,,,,,,,,,,
Back Fence,Temp & Humidity Sensor,2020/12/05 11:30 AM,51.9,53.0,35.3,49.3,,,30.0,,,,,,,,,,,,,
Back Fence,Temp & Humidity Sensor,2020/12/05 11:35 AM,51.9,53.0,35.3,49.3,,,30.0,,,,,,,,,,,,,
Back Fence,Temp & Humidity Sensor,2020/12/05 11:40 AM,52.3,56.0,37.1,49.9,,,29.99,,,,,,,,,,,,,
Back Fence,Temp & Humidity Sensor,2020/12/05 11:45 AM,52.5,54.0,36.3,50.0,,,29.99,,,,,,,,,,,,,
Back Fence,Temp & Humidity Sensor,2020/12/05 11:50 AM,52.1,52.0,35.0,49.5,,,29.99,,,,,,,,,,,,,
Back Fence,Temp & Humidity Sensor,2020/12/05 11:55 AM,51.4,53.0,34.8,48.7,,,29.99,,,,,,,,,,,,,
Back Fence,Temp & Humidity Sensor,2020/12/05 12:00 PM,51.4,52.0,34.4,48.7,,,29.99,,,,,,,,,,,,,
Back Fence,Temp & Humidity Sensor,2020/12/05 12:05 PM,51.4,53.0,34.8,48.7,,,29.98,,,,,,,,,,,,,
Back Fence,Temp & Humidity Sensor,2020/12/05 12:10 PM,52.5,52.0,35.4,49.9,,,29.98,,,,,,,,,,,,,
Back Fence,Temp & Humidity Sensor,2020/12/05 12:15 PM,52.5,52.0,35.4,49.9,,,29.98,,,,,,,,,,,,,
Back Fence,Temp & Humidity Sensor,2020/12/05 12:20 PM,52.5,51.0,34.9,49.8,,,29.98,,,,,,,,,,,,,
Back Fence,Temp & Humidity Sensor,2020/12/05 12:25 PM,52.3,52.0,35.2,49.7,,,29.98,,,,,,,,,,,,,
Back Fence,Temp & Humidity Sensor,2020/12/05 12:30 PM,52.7,52.0,35.6,50.1,,,29.97,,,,,,,,,,,,,
Back Fence,Temp & Humidity Sensor,2020/12/05 12:35 PM,53.6,50.0,35.4,51.0,,,29.97,,,,,,,,,,,,,
Back Fence,Temp & Humidity Sensor,2020/12/05 12:40 PM,54.1,50.0,35.9,51.6,,,29.97,,,,,,,,,,,,,
Back Fence,Temp & Humidity Sensor,2020/12/05 12:45 PM,55.2,47.0,35.3,52.6,,,29.97,,,,,,,,,,,,,
Back Fence,Temp & Humidity Sensor,2020/12/05 12:50 PM,55.0,47.0,35.1,52.4,,,29.97,,,,,,,,,,,,,
Back Fence,Temp & Humidity Sensor,2020/12/05 12:55 PM,55.9,46.0,35.4,53.4,,,29.97,,,,,,,,,,,,,
Back Fence,Temp & Humidity Sensor,2020/12/05 1:00 PM,56.1,47.0,36.1,53.6,,,29.97,,,,,,,,,,,,,
Back Fence,Temp & Humidity Sensor,2020/12/05 1:05 PM,54.8,47.0,35.0,52.2,,,29.97,,,,,,,,,,,,,
Back Fence,Temp & Humidity Sensor,2020/12/05 1:10 PM,56.6,47.0,36.6,54.2,,,29.97,,,,,,,,,,,,,
Back Fence,Temp & Humidity Sensor,2020/12/05 1:15 PM,56.8,46.0,36.2,54.3,,,29.97,,,,,,,,,,,,,
Back Fence,Temp & Humidity Sensor,2020/12/05 1:20 PM,54.5,46.0,34.1,51.8,,,29.97,,,,,,,,,,,,,
Back Fence,Temp & Humidity Sensor,2020/12/05 1:25 PM,53.9,47.0,34.1,51.2,,,29.97,,,,,,,,,,,,,
Back Fence,Temp & Humidity Sensor,2020/12/05 1:30 PM,55.0,47.0,35.1,52.4,,,29.96,,,,,,,,,,,,,
Back Fence,Temp & Humidity Sensor,2020/12/05 1:35 PM,54.8,47.0,35.0,52.2,,,29.96,,,,,,,,,,,,,
Back Fence,Temp & Humidity Sensor,2020/12/05 1:40 PM,54.3,47.0,34.5,51.6,,,29.96,,,,,,,,,,,,,
Back Fence,Temp & Humidity Sensor,2020/12/05 1:45 PM,54.5,47.0,34.7,51.9,,,29.96,,,,,,,,,,,,,
Back Fence,Temp & Humidity Sensor,2020/12/05 1:50 PM,54.8,47.0,35.0,52.2,,,29.96,,,,,,,,,,,,,
Back Fence,Temp & Humidity Sensor,2020/12/05 1:55 PM,53.7,47.0,34.0,51.0,,,29.96,,,,,,,,,,,,,
Back Fence,Temp & Humidity Sensor,2020/12/05 2:00 PM,54.8,47.0,35.0,52.2,,,29.96,,,,,,,,,,,,,
Back Fence,Temp & Humidity Sensor,2020/12/05 2:05 PM,55.0,45.0,34.1,52.3,,,29.96,,,,,,,,,,,,,
Back Fence,Temp & Humidity Sensor,2020/12/05 2:10 PM,55.0,45.0,34.1,52.3,,,29.96,,,,,,,,,,,,,
Back Fence,Temp & Humidity Sensor,2020/12/05 2:15 PM,53.9,45.0,33.1,51.1,,,29.96,,,,,,,,,,,,,
Back Fence,Temp & Humidity Sensor,2020/12/05 2:20 PM,54.5,46.0,34.1,51.8,,,29.96,,,,,,,,,,,,,
Back Fence,Temp & Humidity Sensor,2020/12/05 2:25 PM,53.7,46.0,33.4,50.9,,,29.96,,,,,,,,,,,,,
Back Fence,Temp & Humidity Sensor,2020/12/05 2:30 PM,53.4,46.0,33.1,50.6,,,29.96,,,,,,,,,,,,,
Back Fence,Temp & Humidity Sensor,2020/12/05 2:35 PM,53.2,47.0,33.5,50.4,,,29.96,,,,,,,,,,,,,
Back Fence,Temp & Humidity Sensor,2020/12/05 2:40 PM,53.2,48.0,34.0,50.5,,,29.96,,,,,,,,,,,,,
Back Fence,Temp & Humidity Sensor,2020/12/05 2:45 PM,52.8,47.0,33.1,50.0,,,29.97,,,,,,,,,,,,,
Back Fence,Temp & Humidity Sensor,2020/12/05 2:50 PM,53.6,48.0,34.4,50.9,,,29.96,,,,,,,,,,,,,
Back Fence,Temp & Humidity Sensor,2020/12/05 2:55 PM,53.7,46.0,33.4,50.9,,,29.96,,,,,,,,,,,,,
Back Fence,Temp & Humidity Sensor,2020/12/05 3:00 PM,53.2,48.0,34.0,50.5,,,29.97,,,,,,,,,,,,,
Back Fence,Temp & Humidity Sensor,2020/12/05 3:05 PM,53.0,48.0,33.8,50.3,,,29.97,,,,,,,,,,,,,
Back Fence,Temp & Humidity Sensor,2020/12/05 3:10 PM,52.7,49.0,34.1,50.0,,,29.97,,,,,,,,,,,,,
Back Fence,Temp & Humidity Sensor,2020/12/05 3:15 PM,52.5,48.0,33.4,49.7,,,29.97,,,,,,,,,,,,,
Back Fence,Temp & Humidity Sensor,2020/12/05 3:20 PM,52.3,49.0,33.7,49.5,,,29.97,,,,,,,,,,,,,
Back Fence,Temp & Humidity Sensor,2020/12/05 3:25 PM,51.9,49.0,33.3,49.1,,,29.97,,,,,,,,,,,,,
Back Fence,Temp & Humidity Sensor,2020/12/05 3:30 PM,51.6,50.0,33.6,48.8,,,29.97,,,,,,,,,,,,,
Back Fence,Temp & Humidity Sensor,2020/12/05 3:35 PM,51.4,50.0,33.4,48.6,,,29.97,,,,,,,,,,,,,
Back Fence,Temp & Humidity Sensor,2020/12/05 3:40 PM,50.9,50.0,32.9,48.0,,,29.97,,,,,,,,,,,,,
Back Fence,Temp & Humidity Sensor,2020/12/05 3:45 PM,51.0,50.0,33.0,48.1,,,29.97,,,,,,,,,,,,,
Back Fence,Temp & Humidity Sensor,2020/12/05 3:50 PM,51.2,50.0,33.2,48.4,,,29.98,,,,,,,,,,,,,
Back Fence,Temp & Humidity Sensor,2020/12/05 3:55 PM,50.7,50.0,32.7,47.8,,,29.98,,,,,,,,,,,,,
Back Fence,Temp & Humidity Sensor,2020/12/05 4:00 PM,50.9,50.0,32.9,48.0,,,29.98,,,,,,,,,,,,,
Back Fence,Temp & Humidity Sensor,2020/12/05 4:05 PM,50.7,49.0,32.2,47.8,,,29.98,,,,,,,,,,,,,
Back Fence,Temp & Humidity Sensor,2020/12/05 4:10 PM,50.3,50.0,32.4,47.4,,,29.98,,,,,,,,,,,,,
Back Fence,Temp & Humidity Sensor,2020/12/05 4:15 PM,50.0,50.0,32.1,47.1,,,29.98,,,,,,,,,,,,,
Back Fence,Temp & Humidity Sensor,2020/12/05 4:20 PM,49.8,50.0,31.9,46.8,,,29.98,,,,,,,,,,,,,
Back Fence,Temp & Humidity Sensor,2020/12/05 4:25 PM,49.6,51.0,32.2,46.7,,,29.99,,,,,,,,,,,,,
Back Fence,Temp & Humidity Sensor,2020/12/05 4:30 PM,48.9,51.0,31.6,45.9,,,29.99,,,,,,,,,,,,,
Back Fence,Temp & Humidity Sensor,2020/12/05 4:35 PM,48.5,51.0,31.2,45.4,,,29.99,,,,,,,,,,,,,
Back Fence,Temp & Humidity Sensor,2020/12/05 4:40 PM,48.2,52.0,31.4,45.2,,,29.99,,,,,,,,,,,,,
Back Fence,Temp & Humidity Sensor,2020/12/05 4:45 PM,47.8,52.0,31.0,44.7,,,29.99,,,,,,,,,,,,,
Back Fence,Temp & Humidity Sensor,2020/12/05 4:50 PM,47.4,53.0,31.1,44.3,,,29.99,,,,,,,,,,,,,
Back Fence,Temp & Humidity Sensor,2020/12/05 4:55 PM,47.1,54.0,31.3,44.0,,,29.99,,,,,,,,,,,,,
Back Fence,Temp & Humidity Sensor,2020/12/05 5:00 PM,47.3,54.0,31.5,44.3,,,29.99,,,,,,,,,,,,,
Back Fence,Temp & Humidity Sensor,2020/12/05 5:05 PM,47.6,53.0,31.3,44.6,,,30.0,,,,,,,,,,,,,
Back Fence,Temp & Humidity Sensor,2020/12/05 5:10 PM,47.3,54.0,31.5,44.3,,,30.0,,,,,,,,,,,,,
Back Fence,Temp & Humidity Sensor,2020/12/05 5:15 PM,46.9,54.0,31.1,43.8,,,30.0,,,,,,,,,,,,,
Back Fence,Temp & Humidity Sensor,2020/12/05 5:20 PM,46.2,56.0,31.4,43.2,,,30.0,,,,,,,,,,,,,
Back Fence,Temp & Humidity Sensor,2020/12/05 5:25 PM,45.6,57.0,31.3,42.5,,,30.0,,,,,,,,,,,,,
Back Fence,Temp & Humidity Sensor,2020/12/05 5:30 PM,44.9,59.0,31.5,41.9,,,30.01,,,,,,,,,,,,,
Back Fence,Temp & Humidity Sensor,2020/12/05 5:35 PM,44.6,61.0,32.0,41.6,,,30.01,,,,,,,,,,,,,
Back Fence,Temp & Humidity Sensor,2020/12/05 5:40 PM,44.6,62.0,32.4,41.7,,,30.01,,,,,,,,,,,,,
Back Fence,Temp & Humidity Sensor,2020/12/05 5:45 PM,43.5,62.0,31.4,40.5,,,30.01,,,,,,,,,,,,,
Back Fence,Temp & Humidity Sensor,2020/12/05 5:50 PM,43.1,62.0,31.0,40.0,,,30.01,,,,,,,,,,,,,
Back Fence,Temp & Humidity Sensor,2020/12/05 5:55 PM,42.8,62.0,30.7,39.7,,,30.01,,,,,,,,,,,,,
Back Fence,Temp & Humidity Sensor,2020/12/05 6:00 PM,42.2,63.0,30.5,39.1,,,30.01,,,,,,,,,,,,,
Back Fence,Temp & Humidity Sensor,2020/12/05 6:05 PM,41.9,64.0,30.6,38.8,,,30.01,,,,,,,,,,,,,
Back Fence,Temp & Humidity Sensor,2020/12/05 6:10 PM,41.5,64.0,30.2,38.4,,,30.01,,,,,,,,,,,,,
Back Fence,Temp & Humidity Sensor,2020/12/05 6:15 PM,41.1,64.0,29.9,37.9,,,30.02,,,,,,,,,,,,,
Back Fence,Temp & Humidity Sensor,2020/12/05 6:20 PM,41.1,67.0,31.0,38.1,,,30.02,,,,,,,,,,,,,
Back Fence,Temp & Humidity Sensor,2020/12/05 6:25 PM,40.8,70.0,31.8,37.9,,,30.02,,,,,,,,,,,,,
Back Fence,Temp & Humidity Sensor,2020/12/05 6:30 PM,40.4,70.0,31.4,37.4,,,30.02,,,,,,,,,,,,,
Back Fence,Temp & Humidity Sensor,2020/12/05 6:35 PM,40.1,70.0,31.1,37.1,,,30.02,,,,,,,,,,,,,
Back Fence,Temp & Humidity Sensor,2020/12/05 6:40 PM,39.9,70.0,30.9,39.9,,,30.02,,,,,,,,,,,,,
Back Fence,Temp & Humidity Sensor,2020/12/05 6:45 PM,39.7,71.0,31.1,39.7,,,30.02,,,,,,,,,,,,,
Back Fence,Temp & Humidity Sensor,2020/12/05 6:50 PM,39.5,72.0,31.2,39.5,,,30.02,,,,,,,,,,,,,
Back Fence,Temp & Humidity Sensor,2020/12/05 6:55 PM,39.3,73.0,31.4,39.3,,,30.02,,,,,,,,,,,,,
Back Fence,Temp & Humidity Sensor,2020/12/05 7:00 PM,39.3,75.0,32.1,39.3,,,30.03,,,,,,,,,,,,,
Back Fence,Temp & Humidity Sensor,2020/12/05 7:05 PM,39.2,75.0,32.0,39.2,,,30.03,,,,,,,,,,,,,
Back Fence,Temp & Humidity Sensor,2020/12/05 7:10 PM,39.0,75.0,31.8,39.0,,,30.03,,,,,,,,,,,,,
Back Fence,Temp & Humidity Sensor,2020/12/05 7:15 PM,38.8,75.0,31.6,38.8,,,30.03,,,,,,,,,,,,,
Back Fence,Temp & Humidity Sensor,2020/12/05 7:20 PM,38.4,75.0,31.2,38.4,,,30.03,,,,,,,,,,,,,
Back Fence,Temp & Humidity Sensor,2020/12/05 7:25 PM,38.4,76.0,31.5,38.4,,,30.03,,,,,,,,,,,,,
Back Fence,Temp & Humidity Sensor,2020/12/05 7:30 PM,38.3,76.0,31.4,38.3,,,30.03,,,,,,,,,,,,,
Back Fence,Temp & Humidity Sensor,2020/12/05 7:35 PM,38.1,77.0,31.5,38.1,,,30.03,,,,,,,,,,,,,
Back Fence,Temp & Humidity Sensor,2020/12/05 7:40 PM,38.1,77.0,31.5,38.1,,,30.03,,,,,,,,,,,,,
Back Fence,Temp & Humidity Sensor,2020/12/05 7:45 PM,37.9,76.0,31.0,37.9,,,30.03,,,,,,,,,,,,,
Back Fence,Temp & Humidity Sensor,2020/12/05 7:50 PM,37.9,76.0,31.0,37.9,,,30.03,,,,,,,,,,,,,
Back Fence,Temp & Humidity Sensor,2020/12/05 7:55 PM,37.7,76.0,30.8,37.7,,,30.03,,,,,,,,,,,,,
Back Fence,Temp & Humidity Sensor,2020/12/05 8:00 PM,37.4,83.0,32.7,37.4,,,30.04,,,,,,,,,,,,,
Back Fence,Temp & Humidity Sensor,2020/12/05 8:05 PM,37.0,81.0,31.7,37.0,,,30.05,,,,,,,,,,,,,
Back Fence,Temp & Humidity Sensor,2020/12/05 8:10 PM,36.8,82.0,31.8,36.8,,,30.04,,,,,,,,,,,,,
Back Fence,Temp & Humidity Sensor,2020/12/05 8:15 PM,36.5,81.0,31.2,36.5,,,30.05,,,,,,,,,,,,,
Back Fence,Temp & Humidity Sensor,2020/12/05 8:20 PM,36.3,81.0,31.0,36.3,,,30.05,,,,,,,,,,,,,
Back Fence,Temp & Humidity Sensor,2020/12/05 8:25 PM,36.1,80.0,30.5,36.1,,,30.05,,,,,,,,,,,,,
Back Fence,Temp & Humidity Sensor,2020/12/05 8:30 PM,35.9,80.0,30.3,35.9,,,30.06,,,,,,,,,,,,,
Back Fence,Temp & Humidity Sensor,2020/12/05 8:35 PM,35.7,81.0,30.5,35.7,,,30.06,,,,,,,,,,,,,
Back Fence,Temp & Humidity Sensor,2020/12/05 8:40 PM,35.6,80.0,30.1,35.6,,,30.06,,,,,,,,,,,,,
Back Fence,Temp & Humidity Sensor,2020/12/05 8:45 PM,35.6,81.0,30.4,35.6,,,30.06,,,,,,,,,,,,,
Back Fence,Temp & Humidity Sensor,2020/12/05 8:50 PM,35.6,80.0,30.1,35.6,,,30.06,,,,,,,,,,,,,
Back Fence,Temp & Humidity Sensor,2020/12/05 8:55 PM,35.4,82.0,30.5,35.4,,,30.06,,,,,,,,,,,,,
Back Fence,Temp & Humidity Sensor,2020/12/05 9:00 PM,35.0,82.0,30.1,35.0,,,30.06,,,,,,,,,,,,,
Back Fence,Temp & Humidity Sensor,2020/12/05 9:05 PM,34.8,82.0,29.9,34.8,,,30.06,,,,,,,,,,,,,
Back Fence,Temp & Humidity Sensor,2020/12/05 9:10 PM,34.7,81.0,29.5,34.7,,,30.05,,,,,,,,,,,,,
Back Fence,Temp & Humidity Sensor,2020/12/05 9:15 PM,34.3,82.0,29.4,34.3,,,30.05,,,,,,,,,,,,,
Back Fence,Temp & Humidity Sensor,2020/12/05 9:20 PM,34.3,82.0,29.4,34.3,,,30.05,,,,,,,,,,,,,
Back Fence,Temp & Humidity Sensor,2020/12/05 9:25 PM,34.1,82.0,29.2,34.1,,,30.05,,,,,,,,,,,,,
Back Fence,Temp & Humidity Sensor,2020/12/05 9:30 PM,33.8,82.0,28.9,33.8,,,30.05,,,,,,,,,,,,,
Back Fence,Temp & Humidity Sensor,2020/12/05 9:35 PM,33.9,84.0,29.6,33.9,,,30.05,,,,,,,,,,,,,
Back Fence,Temp & Humidity Sensor,2020/12/05 9:40 PM,34.1,84.0,29.8,34.1,,,30.05,,,,,,,,,,,,,
Back Fence,Temp & Humidity Sensor,2020/12/05 9:45 PM,34.1,84.0,29.8,34.1,,,30.05,,,,,,,,,,,,,
Back Fence,Temp & Humidity Sensor,2020/12/05 9:50 PM,33.8,86.0,30.1,33.8,,,30.06,,,,,,,,,,,,,
Back Fence,Temp & Humidity Sensor,2020/12/05 9:55 PM,33.8,86.0,30.1,33.8,,,30.06,,,,,,,,,,,,,
Back Fence,Temp & Humidity Sensor,2020/12/05 10:00 PM,33.8,87.0,30.3,33.8,,,30.06,,,,,,,,,,,,,
Back Fence,Temp & Humidity Sensor,2020/12/05 10:05 PM,33.8,90.0,31.2,33.8,,,30.06,,,,,,,,,,,,,
Back Fence,Temp & Humidity Sensor,2020/12/05 10:10 PM,33.4,90.0,30.8,33.4,,,30.05,,,,,,,,,,,,,
Back Fence,Temp & Humidity Sensor,2020/12/05 10:15 PM,33.2,90.0,30.6,33.2,,,30.06,,,,,,,,,,,,,
Back Fence,Temp & Humidity Sensor,2020/12/05 10:20 PM,32.9,90.0,30.3,32.9,,,30.06,,,,,,,,,,,,,
Back Fence,Temp & Humidity Sensor,2020/12/05 10:25 PM,32.9,89.0,30.0,32.9,,,30.06,,,,,,,,,,,,,
Back Fence,Temp & Humidity Sensor,2020/12/05 10:30 PM,32.9,89.0,30.0,32.9,,,30.06,,,,,,,,,,,,,
Back Fence,Temp & Humidity Sensor,2020/12/05 10:35 PM,32.9,88.0,29.7,32.9,,,30.06,,,,,,,,,,,,,
Back Fence,Temp & Humidity Sensor,2020/12/05 10:40 PM,32.9,90.0,30.3,32.9,,,30.06,,,,,,,,,,,,,
Back Fence,Temp & Humidity Sensor,2020/12/05 10:45 PM,32.9,93.0,31.1,32.9,,,30.06,,,,,,,,,,,,,
Back Fence,Temp & Humidity Sensor,2020/12/05 10:50 PM,32.5,92.0,30.4,32.5,,,30.06,,,,,,,,,,,,,
Back Fence,Temp & Humidity Sensor,2020/12/05 10:55 PM,32.1,91.0,29.8,32.1,,,30.05,,,,,,,,,,,,,
Back Fence,Temp & Humidity Sensor,2020/12/05 11:00 PM,32.0,90.0,29.4,32.0,,,30.06,,,,,,,,,,,,,
Back Fence,Temp & Humidity Sensor,2020/12/05 11:05 PM,32.0,89.0,29.1,32.0,,,30.07,,,,,,,,,,,,,
Back Fence,Temp & Humidity Sensor,2020/12/05 11:10 PM,32.0,89.0,29.1,32.0,,,30.07,,,,,,,,,,,,,
Back Fence,Temp & Humidity Sensor,2020/12/05 11:15 PM,32.0,90.0,29.4,32.0,,,30.08,,,,,,,,,,,,,
Back Fence,Temp & Humidity Sensor,2020/12/05 11:20 PM,32.0,91.0,29.7,32.0,,,30.08,,,,,,,,,,,,,
Back Fence,Temp & Humidity Sensor,2020/12/05 11:25 PM,31.6,95.0,30.3,31.6,,,30.07,,,,,,,,,,,,,
Back Fence,Temp & Humidity Sensor,2020/12/05 11:30 PM,31.4,95.0,30.1,31.4,,,30.07,,,,,,,,,,,,,
Back Fence,Temp & Humidity Sensor,2020/12/05 11:35 PM,31.2,95.0,29.9,31.2,,,30.07,,,,,,,,,,,,,
Back Fence,Temp & Humidity Sensor,2020/12/05 11:40 PM,31.2,94.0,29.7,31.2,,,30.07,,,,,,,,,,,,,
Back Fence,Temp & Humidity Sensor,2020/12/05 11:45 PM,31.1,93.0,29.3,31.1,,,30.07,,,,,,,,,,,,,
Back Fence,Temp & Humidity Sensor,2020/12/05 11:50 PM,30.9,92.0,28.9,30.9,,,30.07,,,,,,,,,,,,,
Back Fence,Temp & Humidity Sensor,2020/12/05 11:55 PM,30.9,92.0,28.9,30.9,,,30.07,,,,,,,,,,,,,
Back Fence,Temp & Humidity Sensor,2020/12/06 12:00 AM,30.7,93.0,28.9,30.7,,,30.06,,,,,,,,,,,,,
Back Fence,Temp & Humidity Sensor,2020/12/06 12:05 AM,30.5,92.0,28.5,30.5,,,30.06,,,,,,,,,,,,,
Back Fence,Temp & Humidity Sensor,2020/12/06 12:10 AM,30.5,92.0,28.5,30.5,,,30.06,,,,,,,,,,,,,
Back Fence,Temp & Humidity Sensor,2020/12/06 12:15 AM,30.7,93.0,28.9,30.7,,,30.06,,,,,,,,,,,,,
Back Fence,Temp & Humidity Sensor,2020/12/06 12:20 AM,30.5,94.0,29.0,30.5,,,30.06,,,,,,,,,,,,,
Back Fence,Temp & Humidity Sensor,2020/12/06 12:25 AM,30.3,94.0,28.8,30.3,,,30.06,,,,,,,,,,,,,
Back Fence,Temp & Humidity Sensor,2020/12/06 12:30 AM,30.3,94.0,28.8,30.3,,,30.06,,,,,,,,,,,,,
Back Fence,Temp & Humidity Sensor,2020/12/06 12:35 AM,30.2,93.0,28.4,30.2,,,30.06,,,,,,,,,,,,,
Back Fence,Temp & Humidity Sensor,2020/12/06 12:40 AM,30.2,93.0,28.4,30.2,,,30.05,,,,,,,,,,,,,
Back Fence,Temp & Humidity Sensor,2020/12/06 12:45 AM,30.2,93.0,28.4,30.2,,,30.05,,,,,,,,,,,,,
Back Fence,Temp & Humidity Sensor,2020/12/06 12:50 AM,30.3,95.0,29.0,30.3,,,30.05,,,,,,,,,,,,,
Back Fence,Temp & Humidity Sensor,2020/12/06 12:55 AM,30.2,95.0,28.9,30.2,,,30.05,,,,,,,,,,,,,
Back Fence,Temp & Humidity Sensor,2020/12/06 1:00 AM,30.2,95.0,28.9,30.2,,,30.06,,,,,,,,,,,,,
Back Fence,Temp & Humidity Sensor,2020/12/06 1:05 AM,30.2,95.0,28.9,30.2,,,30.06,,,,,,,,,,,,,
Back Fence,Temp & Humidity Sensor,2020/12/06 1:10 AM,30.2,94.0,28.7,30.2,,,30.06,,,,,,,,,,,,,
Back Fence,Temp & Humidity Sensor,2020/12/06 1:15 AM,30.2,93.0,28.4,30.2,,,30.06,,,,,,,,,,,,,
Back Fence,Temp & Humidity Sensor,2020/12/06 1:20 AM,30.2,95.0,28.9,30.2,,,30.06,,,,,,,,,,,,,
Back Fence,Temp & Humidity Sensor,2020/12/06 1:25 AM,30.0,96.0,29.0,30.0,,,30.06,,,,,,,,,,,,,
Back Fence,Temp & Humidity Sensor,2020/12/06 1:30 AM,30.0,96.0,29.0,30.0,,,30.06,,,,,,,,,,,,,
Back Fence,Temp & Humidity Sensor,2020/12/06 1:35 AM,30.0,97.0,29.3,30.0,,,30.06,,,,,,,,,,,,,
Back Fence,Temp & Humidity Sensor,2020/12/06 1:40 AM,29.8,97.0,29.1,29.8,,,30.06,,,,,,,,,,,,,
Back Fence,Temp & Humidity Sensor,2020/12/06 1:45 AM,29.6,97.0,28.9,29.6,,,30.06,,,,,,,,,,,,,
Back Fence,Temp & Humidity Sensor,2020/12/06 1:50 AM,30.0,97.0,29.3,30.0,,,30.06,,,,,,,,,,,,,
Back Fence,Temp & Humidity Sensor,2020/12/06 1:55 AM,29.6,97.0,28.9,29.6,,,30.05,,,,,,,,,,,,,
Back Fence,Temp & Humidity Sensor,2020/12/06 2:00 AM,29.6,97.0,28.9,29.6,,,30.05,,,,,,,,,,,,,
Back Fence,Temp & Humidity Sensor,2020/12/06 2:05 AM,29.4,98.0,28.9,29.4,,,30.05,,,,,,,,,,,,,
Back Fence,Temp & Humidity Sensor,2020/12/06 2:10 AM,29.3,98.0,28.8,29.3,,,30.05,,,,,,,,,,,,,
Back Fence,Temp & Humidity Sensor,2020/12/06 2:15 AM,29.3,98.0,28.8,29.3,,,30.05,,,,,,,,,,,,,
Back Fence,Temp & Humidity Sensor,2020/12/06 2:20 AM,29.6,98.0,29.1,29.6,,,30.05,,,,,,,,,,,,,
Back Fence,Temp & Humidity Sensor,2020/12/06 2:25 AM,29.3,98.0,28.8,29.3,,,30.05,,,,,,,,,,,,,
Back Fence,Temp & Humidity Sensor,2020/12/06 2:30 AM,29.1,98.0,28.6,29.1,,,30.05,,,,,,,,,,,,,
Back Fence,Temp & Humidity Sensor,2020/12/06 2:35 AM,29.3,97.0,28.6,29.3,,,30.05,,,,,,,,,,,,,
Back Fence,Temp & Humidity Sensor,2020/12/06 2:40 AM,29.3,98.0,28.8,29.3,,,30.05,,,,,,,,,,,,,
Back Fence,Temp & Humidity Sensor,2020/12/06 2:45 AM,29.1,98.0,28.6,29.1,,,30.05,,,,,,,,,,,,,
Back Fence,Temp & Humidity Sensor,2020/12/06 2:50 AM,28.9,99.0,28.7,28.9,,,30.04,,,,,,,,,,,,,
Back Fence,Temp & Humidity Sensor,2020/12/06 2:55 AM,28.9,99.0,28.7,28.9,,,30.04,,,,,,,,,,,,,
Back Fence,Temp & Humidity Sensor,2020/12/06 3:00 AM,29.1,99.0,28.9,29.1,,,30.04,,,,,,,,,,,,,
Back Fence,Temp & Humidity Sensor,2020/12/06 3:05 AM,29.1,98.0,28.6,29.1,,,30.04,,,,,,,,,,,,,
Back Fence,Temp & Humidity Sensor,2020/12/06 3:10 AM,29.1,98.0,28.6,29.1,,,30.05,,,,,,,,,,,,,
Back Fence,Temp & Humidity Sensor,2020/12/06 3:15 AM,29.1,98.0,28.6,29.1,,,30.05,,,,,,,,,,,,,
Back Fence,Temp & Humidity Sensor,2020/12/06 3:20 AM,29.1,98.0,28.6,29.1,,,30.05,,,,,,,,,,,,,
Back Fence,Temp & Humidity Sensor,2020/12/06 3:25 AM,29.1,98.0,28.6,29.1,,,30.05,,,,,,,,,,,,,
Back Fence,Temp & Humidity Sensor,2020/12/06 3:30 AM,29.1,98.0,28.6,29.1,,,30.05,,,,,,,,,,,,,
Back Fence,Temp & Humidity Sensor,2020/12/06 3:35 AM,28.9,98.0,28.4,28.9,,,30.05,,,,,,,,,,,,,
Back Fence,Temp & Humidity Sensor,2020/12/06 3:40 AM,28.9,98.0,28.4,28.9,,,30.05,,,,,,,,,,,,,
Back Fence,Temp & Humidity Sensor,2020/12/06 3:45 AM,28.9,98.0,28.4,28.9,,,30.05,,,,,,,,,,,,,
Back Fence,Temp & Humidity Sensor,2020/12/06 3:50 AM,28.9,98.0,28.4,28.9,,,30.05,,,,,,,,,,,,,
Back Fence,Temp & Humidity Sensor,2020/12/06 3:55 AM,28.7,98.0,28.2,28.7,,,30.05,,,,,,,,,,,,,
Back Fence,Temp & Humidity Sensor,2020/12/06 4:00 AM,28.7,98.0,28.2,28.7,,,30.05,,,,,,,,,,,,,
Back Fence,Temp & Humidity Sensor,2020/12/06 4:05 AM,28.5,98.0,28.0,28.5,,,30.04,,,,,,,,,,,,,
Back Fence,Temp & Humidity Sensor,2020/12/06 4:10 AM,28.5,98.0,28.0,28.5,,,30.05,,,,,,,,,,,,,
Back Fence,Temp & Humidity Sensor,2020/12/06 4:15 AM,28.5,98.0,28.0,28.5,,,30.05,,,,,,,,,,,,,
Back Fence,Temp & Humidity Sensor,2020/12/06 4:20 AM,28.4,98.0,27.9,28.4,,,30.04,,,,,,,,,,,,,
Back Fence,Temp & Humidity Sensor,2020/12/06 4:25 AM,28.5,98.0,28.0,28.5,,,30.05,,,,,,,,,,,,,
Back Fence,Temp & Humidity Sensor,2020/12/06 4:30 AM,28.4,98.0,27.9,28.4,,,30.04,,,,,,,,,,,,,
Back Fence,Temp & Humidity Sensor,2020/12/06 4:35 AM,28.4,98.0,27.9,28.4,,,30.04,,,,,,,,,,,,,
Back Fence,Temp & Humidity Sensor,2020/12/06 4:40 AM,28.4,98.0,27.9,28.4,,,30.04,,,,,,,,,,,,,
Back Fence,Temp & Humidity Sensor,2020/12/06 4:45 AM,28.4,98.0,27.9,28.4,,,30.04,,,,,,,,,,,,,
Back Fence,Temp & Humidity Sensor,2020/12/06 4:50 AM,28.4,98.0,27.9,28.4,,,30.04,,,,,,,,,,,,,
Back Fence,Temp & Humidity Sensor,2020/12/06 4:55 AM,28.4,98.0,27.9,28.4,,,30.04,,,,,,,,,,,,,
Back Fence,Temp & Humidity Sensor,2020/12/06 5:00 AM,28.4,98.0,27.9,28.4,,,30.05,,,,,,,,,,,,,
Back Fence,Temp & Humidity Sensor,2020/12/06 5:05 AM,28.2,99.0,28.0,28.2,,,30.05,,,,,,,,,,,,,
Back Fence,Temp & Humidity Sensor,2020/12/06 5:10 AM,28.2,99.0,28.0,28.2,,,30.05,,,,,,,,,,,,,
Back Fence,Temp & Humidity Sensor,2020/12/06 5:15 AM,28.2,99.0,28.0,28.2,,,30.05,,,,,,,,,,,,,
Back Fence,Temp & Humidity Sensor,2020/12/06 5:20 AM,28.4,98.0,27.9,28.4,,,30.05,,,,,,,,,,,,,
Back Fence,Temp & Humidity Sensor,2020/12/06 5:25 AM,28.2,99.0,28.0,28.2,,,30.05,,,,,,,,,,,,,
Back Fence,Temp & Humidity Sensor,2020/12/06 5:30 AM,28.0,99.0,27.8,28.0,,,30.05,,,,,,,,,,,,,
Back Fence,Temp & Humidity Sensor,2020/12/06 5:35 AM,28.0,99.0,27.8,28.0,,,30.05,,,,,,,,,,,,,
Back Fence,Temp & Humidity Sensor,2020/12/06 5:40 AM,28.0,99.0,27.8,28.0,,,30.05,,,,,,,,,,,,,
Back Fence,Temp & Humidity Sensor,2020/12/06 5:45 AM,27.8,99.0,27.6,27.8,,,30.05,,,,,,,,,,,,,
Back Fence,Temp & Humidity Sensor,2020/12/06 5:50 AM,27.8,99.0,27.6,27.8,,,30.05,,,,,,,,,,,,,
Back Fence,Temp & Humidity Sensor,2020/12/06 5:55 AM,27.8,99.0,27.6,27.8,,,30.05,,,,,,,,,,,,,
Back Fence,Temp & Humidity Sensor,2020/12/06 6:00 AM,27.6,99.0,27.4,27.6,,,30.05,,,,,,,,,,,,,
Back Fence,Temp & Humidity Sensor,2020/12/06 6:05 AM,27.6,99.0,27.4,27.6,,,30.05,,,,,,,,,,,,,
Back Fence,Temp & Humidity Sensor,2020/12/06 6:10 AM,27.6,99.0,27.4,27.6,,,30.05,,,,,,,,,,,,,
Back Fence,Temp & Humidity Sensor,2020/12/06 6:15 AM,27.6,99.0,27.4,27.6,,,30.06,,,,,,,,,,,,,
Back Fence,Temp & Humidity Sensor,2020/12/06 6:20 AM,27.5,99.0,27.3,27.5,,,30.06,,,,,,,,,,,,,
Back Fence,Temp & Humidity Sensor,2020/12/06 6:25 AM,27.5,99.0,27.3,27.5,,,30.06,,,,,,,,,,,,,
Back Fence,Temp & Humidity Sensor,2020/12/06 6:30 AM,27.1,99.0,26.9,27.1,,,30.06,,,,,,,,,,,,,
Back Fence,Temp & Humidity Sensor,2020/12/06 6:35 AM,26.9,99.0,26.7,26.9,,,30.06,,,,,,,,,,,,,
Back Fence,Temp & Humidity Sensor,2020/12/06 6:40 AM,27.1,99.0,26.9,27.1,,,30.05,,,,,,,,,,,,,
Back Fence,Temp & Humidity Sensor,2020/12/06 6:45 AM,27.1,99.0,26.9,27.1,,,30.05,,,,,,,,,,,,,
Back Fence,Temp & Humidity Sensor,2020/12/06 6:50 AM,27.1,99.0,26.9,27.1,,,30.05,,,,,,,,,,,,,
Back Fence,Temp & Humidity Sensor,2020/12/06 6:55 AM,27.1,99.0,26.9,27.1,,,30.05,,,,,,,,,,,,,
Back Fence,Temp & Humidity Sensor,2020/12/06 7:00 AM,27.1,99.0,26.9,27.1,,,30.05,,,,,,,,,,,,,
Back Fence,Temp & Humidity Sensor,2020/12/06 7:05 AM,27.1,99.0,26.9,27.1,,,30.05,,,,,,,,,,,,,
Back Fence,Temp & Humidity Sensor,2020/12/06 7:10 AM,26.9,99.0,26.7,26.9,,,30.05,,,,,,,,,,,,,
Back Fence,Temp & Humidity Sensor,2020/12/06 7:15 AM,27.1,99.0,26.9,27.1,,,30.05,,,,,,,,,,,,,
Back Fence,Temp & Humidity Sensor,2020/12/06 7:20 AM,27.1,99.0,26.9,27.1,,,30.05,,,,,,,,,,,,,
Back Fence,Temp & Humidity Sensor,2020/12/06 7:25 AM,27.1,99.0,26.9,27.1,,,30.05,,,,,,,,,,,,,
Back Fence,Temp & Humidity Sensor,2020/12/06 7:30 AM,27.1,99.0,26.9,27.1,,,30.04,,,,,,,,,,,,,
Back Fence,Temp & Humidity Sensor,2020/12/06 7:35 AM,26.9,99.0,26.7,26.9,,,30.04,,,,,,,,,,,,,
Back Fence,Temp & Humidity Sensor,2020/12/06 7:40 AM,27.1,99.0,26.9,27.1,,,30.04,,,,,,,,,,,,,
Back Fence,Temp & Humidity Sensor,2020/12/06 7:45 AM,27.5,99.0,27.3,27.5,,,30.04,,,,,,,,,,,,,
Back Fence,Temp & Humidity Sensor,2020/12/06 7:50 AM,27.6,99.0,27.4,27.6,,,30.05,,,,,,,,,,,,,
Back Fence,Temp & Humidity Sensor,2020/12/06 7:55 AM,27.8,99.0,27.6,27.8,,,30.05,,,,,,,,,,,,,
Back Fence,Temp & Humidity Sensor,2020/12/06 8:00 AM,27.8,99.0,27.6,27.8,,,30.05,,,,,,,,,,,,,
Back Fence,Temp & Humidity Sensor,2020/12/06 8:05 AM,28.0,99.0,27.8,28.0,,,30.04,,,,,,,,,,,,,
Back Fence,Temp & Humidity Sensor,2020/12/06 8:10 AM,28.2,99.0,28.0,28.2,,,30.05,,,,,,,,,,,,,
Back Fence,Temp & Humidity Sensor,2020/12/06 8:15 AM,28.4,99.0,28.2,28.4,,,30.05,,,,,,,,,,,,,
Back Fence,Temp & Humidity Sensor,2020/12/06 8:20 AM,28.5,99.0,28.3,28.5,,,30.05,,,,,,,,,,,,,
Back Fence,Temp & Humidity Sensor,2020/12/06 8:25 AM,29.3,99.0,29.1,29.3,,,30.04,,,,,,,,,,,,,
Back Fence,Temp & Humidity Sensor,2020/12/06 8:30 AM,29.8,99.0,29.6,29.8,,,30.04,,,,,,,,,,,,,
Back Fence,Temp & Humidity Sensor,2020/12/06 8:35 AM,30.2,98.0,29.7,30.2,,,30.04,,,,,,,,,,,,,
Back Fence,Temp & Humidity Sensor,2020/12/06 8:40 AM,30.3,98.0,29.8,30.3,,,30.04,,,,,,,,,,,,,
Back Fence,Temp & Humidity Sensor,2020/12/06 8:45 AM,30.7,98.0,30.2,30.7,,,30.04,,,,,,,,,,,,,
Back Fence,Temp & Humidity Sensor,2020/12/06 8:50 AM,31.8,98.0,31.3,31.8,,,30.05,,,,,,,,,,,,,
Back Fence,Temp & Humidity Sensor,2020/12/06 8:55 AM,32.1,96.0,31.1,32.1,,,30.05,,,,,,,,,,,,,
Back Fence,Temp & Humidity Sensor,2020/12/06 9:00 AM,33.2,96.0,32.2,33.2,,,30.05,,,,,,,,,,,,,
Back Fence,Temp & Humidity Sensor,2020/12/06 9:05 AM,33.0,95.0,31.7,33.0,,,30.05,,,,,,,,,,,,,
Back Fence,Temp & Humidity Sensor,2020/12/06 9:10 AM,33.2,95.0,31.9,33.2,,,30.04,,,,,,,,,,,,,
Back Fence,Temp & Humidity Sensor,2020/12/06 9:15 AM,33.9,95.0,32.6,33.9,,,30.05,,,,,,,,,,,,,
Back Fence,Temp & Humidity Sensor,2020/12/06 9:20 AM,34.5,95.0,33.2,34.5,,,30.05,,,,,,,,,,,,,
Back Fence,Temp & Humidity Sensor,2020/12/06 9:25 AM,35.2,95.0,33.9,35.2,,,30.05,,,,,,,,,,,,,
Back Fence,Temp & Humidity Sensor,2020/12/06 9:30 AM,35.6,94.0,34.0,35.6,,,30.05,,,,,,,,,,,,,
Back Fence,Temp & Humidity Sensor,2020/12/06 9:35 AM,36.5,94.0,34.9,36.5,,,30.04,,,,,,,,,,,,,
Back Fence,Temp & Humidity Sensor,2020/12/06 9:40 AM,37.2,94.0,35.6,37.2,,,30.05,,,,,,,,,,,,,
Back Fence,Temp & Humidity Sensor,2020/12/06 9:45 AM,38.4,94.0,36.8,38.4,,,30.05,,,,,,,,,,,,,
Back Fence,Temp & Humidity Sensor,2020/12/06 9:50 AM,39.7,91.0,37.3,39.7,,,30.05,,,,,,,,,,,,,
Back Fence,Temp & Humidity Sensor,2020/12/06 9:55 AM,40.4,86.0,36.5,38.2,,,30.05,,,,,,,,,,,,,
Back Fence,Temp & Humidity Sensor,2020/12/06 10:00 AM,40.8,82.0,35.7,38.4,,,30.05,,,,,,,,,,,,,
Back Fence,Temp & Humidity Sensor,2020/12/06 10:05 AM,41.7,84.0,37.2,39.5,,,30.05,,,,,,,,,,,,,
Back Fence,Temp & Humidity Sensor,2020/12/06 10:10 AM,44.2,78.0,37.8,42.0,,,30.05,,,,,,,,,,,,,
Back Fence,Temp & Humidity Sensor,2020/12/06 10:15 AM,45.6,73.0,37.5,43.3,,,30.04,,,,,,,,,,,,,
Back Fence,Temp & Humidity Sensor,2020/12/06 10:20 AM,46.2,69.0,36.6,43.8,,,30.04,,,,,,,,,,,,,
Back Fence,Temp & Humidity Sensor,2020/12/06 10:25 AM,45.6,69.0,36.0,43.1,,,30.04,,,,,,,,,,,,,
Back Fence,Temp & Humidity Sensor,2020/12/06 10:30 AM,47.1,65.0,35.9,44.6,,,30.04,,,,,,,,,,,,,
Back Fence,Temp & Humidity Sensor,2020/12/06 10:35 AM,49.4,70.0,40.0,47.3,,,30.04,,,,,,,,,,,,,
Back Fence,Temp & Humidity Sensor,2020/12/06 10:40 AM,48.7,68.0,38.6,46.5,,,30.04,,,,,,,,,,,,,
Back Fence,Temp & Humidity Sensor,2020/12/06 10:45 AM,48.2,66.0,37.4,45.8,,,30.04,,,,,,,,,,,,,
Back Fence,Temp & Humidity Sensor,2020/12/06 10:50 AM,46.9,62.0,34.6,44.2,,,30.04,,,,,,,,,,,,,
Back Fence,Temp & Humidity Sensor,2020/12/06 10:55 AM,46.5,58.0,32.5,43.6,,,30.04,,,,,,,,,,,,,
Back Fence,Temp & Humidity Sensor,2020/12/06 11:00 AM,47.1,53.0,30.9,44.0,,,30.04,,,,,,,,,,,,,
Back Fence,Temp & Humidity Sensor,2020/12/06 11:05 AM,46.9,56.0,32.0,43.9,,,30.04,,,,,,,,,,,,,
Back Fence,Temp & Humidity Sensor,2020/12/06 11:10 AM,46.9,56.0,32.0,43.9,,,30.04,,,,,,,,,,,,,
Back Fence,Temp & Humidity Sensor,2020/12/06 11:15 AM,46.5,56.0,31.7,43.5,,,30.04,,,,,,,,,,,,,
Back Fence,Temp & Humidity Sensor,2020/12/06 11:20 AM,46.9,56.0,32.0,43.9,,,30.03,,,,,,,,,,,,,
Back Fence,Temp & Humidity Sensor,2020/12/06 11:25 AM,47.4,58.0,33.4,44.6,,,30.03,,,,,,,,,,,,,
Back Fence,Temp & Humidity Sensor,2020/12/06 11:30 AM,48.2,58.0,34.1,45.4,,,30.03,,,,,,,,,,,,,
Back Fence,Temp & Humidity Sensor,2020/12/06 11:35 AM,48.0,55.0,32.6,45.1,,,30.02,,,,,,,,,,,,,
Back Fence,Temp & Humidity Sensor,2020/12/06 11:40 AM,48.0,53.0,31.7,45.0,,,30.02,,,,,,,,,,,,,
Back Fence,Temp & Humidity Sensor,2020/12/06 11:45 AM,48.5,54.0,32.6,45.6,,,30.02,,,,,,,,,,,,,
Back Fence,Temp & Humidity Sensor,2020/12/06 11:50 AM,49.2,55.0,33.7,46.4,,,30.01,,,,,,,,,,,,,
Back Fence,Temp & Humidity Sensor,2020/12/06 11:55 AM,51.9,56.0,36.7,49.4,,,30.01,,,,,,,,,,,,,
Back Fence,Temp & Humidity Sensor,2020/12/06 12:00 PM,53.9,56.0,38.6,51.6,,,30.01,,,,,,,,,,,,,
Back Fence,Temp & Humidity Sensor,2020/12/06 12:05 PM,54.3,55.0,38.5,52.0,,,30.01,,,,,,,,,,,,,
Back Fence,Temp & Humidity Sensor,2020/12/06 12:10 PM,54.8,53.0,38.0,52.5,,,30.01,,,,,,,,,,,,,
Back Fence,Temp & Humidity Sensor,2020/12/06 12:15 PM,55.4,52.0,38.1,53.1,,,30.0,,,,,,,,,,,,,
Back Fence,Temp & Humidity Sensor,2020/12/06 12:20 PM,55.9,49.0,37.0,53.5,,,30.0,,,,,,,,,,,,,
Back Fence,Temp & Humidity Sensor,2020/12/06 12:25 PM,55.5,52.0,38.2,53.2,,,30.0,,,,,,,,,,,,,
Back Fence,Temp & Humidity Sensor,2020/12/06 12:30 PM,54.5,49.0,35.7,52.0,,,30.0,,,,,,,,,,,,,
Back Fence,Temp & Humidity Sensor,2020/12/06 12:35 PM,54.5,49.0,35.7,52.0,,,29.99,,,,,,,,,,,,,
Back Fence,Temp & Humidity Sensor,2020/12/06 12:40 PM,55.0,50.0,36.7,52.6,,,29.99,,,,,,,,,,,,,
Back Fence,Temp & Humidity Sensor,2020/12/06 12:45 PM,55.0,48.0,35.7,52.5,,,29.98,,,,,,,,,,,,,
Back Fence,Temp & Humidity Sensor,2020/12/06 12:50 PM,53.6,47.0,33.9,50.9,,,29.98,,,,,,,,,,,,,
Back Fence,Temp & Humidity Sensor,2020/12/06 12:55 PM,54.3,50.0,36.1,51.8,,,29.98,,,,,,,,,,,,,
Back Fence,Temp & Humidity Sensor,2020/12/06 1:00 PM,55.0,49.0,36.2,52.5,,,29.97,,,,,,,,,,,,,
Back Fence,Temp & Humidity Sensor,2020/12/06 1:05 PM,53.6,47.0,33.9,50.9,,,29.97,,,,,,,,,,,,,
Back Fence,Temp & Humidity Sensor,2020/12/06 1:10 PM,55.5,46.0,35.1,52.9,,,29.97,,,,,,,,,,,,,
Back Fence,Temp & Humidity Sensor,2020/12/06 1:15 PM,57.0,47.0,37.0,54.6,,,29.96,,,,,,,,,,,,,
Back Fence,Temp & Humidity Sensor,2020/12/06 1:20 PM,54.8,48.0,35.5,52.2,,,29.96,,,,,,,,,,,,,
Back Fence,Temp & Humidity Sensor,2020/12/06 1:25 PM,53.4,49.0,34.7,50.7,,,29.96,,,,,,,,,,,,,
Back Fence,Temp & Humidity Sensor,2020/12/06 1:30 PM,53.6,49.0,34.9,51.0,,,29.95,,,,,,,,,,,,,
Back Fence,Temp & Humidity Sensor,2020/12/06 1:35 PM,54.6,49.0,35.8,52.1,,,29.95,,,,,,,,,,,,,
Back Fence,Temp & Humidity Sensor,2020/12/06 1:40 PM,53.7,48.0,34.5,51.0,,,29.95,,,,,,,,,,,,,
Back Fence,Temp & Humidity Sensor,2020/12/06 1:45 PM,53.9,46.0,33.6,51.2,,,29.95,,,,,,,,,,,,,
Back Fence,Temp & Humidity Sensor,2020/12/06 1:50 PM,54.3,48.0,35.0,51.7,,,29.95,,,,,,,,,,,,,
Back Fence,Temp & Humidity Sensor,2020/12/06 1:55 PM,53.4,49.0,34.7,50.7,,,29.95,,,,,,,,,,,,,
Back Fence,Temp & Humidity Sensor,2020/12/06 2:00 PM,53.7,46.0,33.4,50.9,,,29.95,,,,,,,,,,,,,
Back Fence,Temp & Humidity Sensor,2020/12/06 2:05 PM,54.5,46.0,34.1,51.8,,,29.95,,,,,,,,,,,,,
Back Fence,Temp & Humidity Sensor,2020/12/06 2:10 PM,55.2,45.0,34.2,52.5,,,29.94,,,,,,,,,,,,,
Back Fence,Temp & Humidity Sensor,2020/12/06 2:15 PM,53.4,47.0,33.7,50.6,,,29.94,,,,,,,,,,,,,
Back Fence,Temp & Humidity Sensor,2020/12/06 2:20 PM,53.7,48.0,34.5,51.0,,,29.94,,,,,,,,,,,,,
Back Fence,Temp & Humidity Sensor,2020/12/06 2:25 PM,53.0,49.0,34.4,50.3,,,29.94,,,,,,,,,,,,,
Back Fence,Temp & Humidity Sensor,2020/12/06 2:30 PM,52.5,50.0,34.4,49.8,,,29.94,,,,,,,,,,,,,
Back Fence,Temp & Humidity Sensor,2020/12/06 2:35 PM,52.5,50.0,34.4,49.8,,,29.94,,,,,,,,,,,,,
Back Fence,Temp & Humidity Sensor,2020/12/06 2:40 PM,52.5,50.0,34.4,49.8,,,29.94,,,,,,,,,,,,,
Back Fence,Temp & Humidity Sensor,2020/12/06 2:45 PM,52.5,50.0,34.4,49.8,,,29.94,,,,,,,,,,,,,
Back Fence,Temp & Humidity Sensor,2020/12/06 2:50 PM,52.8,50.0,34.7,50.1,,,29.95,,,,,,,,,,,,,
Back Fence,Temp & Humidity Sensor,2020/12/06 2:55 PM,53.0,50.0,34.9,50.4,,,29.94,,,,,,,,,,,,,
Back Fence,Temp & Humidity Sensor,2020/12/06 3:00 PM,52.8,50.0,34.7,50.1,,,29.95,,,,,,,,,,,,,
Back Fence,Temp & Humidity Sensor,2020/12/06 3:05 PM,52.3,51.0,34.7,49.6,,,29.95,,,,,,,,,,,,,
Back Fence,Temp & Humidity Sensor,2020/12/06 3:10 PM,52.1,51.0,34.5,49.4,,,29.95,,,,,,,,,,,,,
Back Fence,Temp & Humidity Sensor,2020/12/06 3:15 PM,51.8,51.0,34.3,49.1,,,29.95,,,,,,,,,,,,,
Back Fence,Temp & Humidity Sensor,2020/12/06 3:20 PM,51.9,51.0,34.3,49.2,,,29.95,,,,,,,,,,,,,
Back Fence,Temp & Humidity Sensor,2020/12/06 3:25 PM,51.9,51.0,34.3,49.2,,,29.94,,,,,,,,,,,,,
Back Fence,Temp & Humidity Sensor,2020/12/06 3:30 PM,51.4,52.0,34.4,48.7,,,29.94,,,,,,,,,,,,,
Back Fence,Temp & Humidity Sensor,2020/12/06 3:35 PM,50.9,52.0,33.9,48.1,,,29.94,,,,,,,,,,,,,
Back Fence,Temp & Humidity Sensor,2020/12/06 3:40 PM,50.5,52.0,33.5,47.7,,,29.94,,,,,,,,,,,,,
Back Fence,Temp & Humidity Sensor,2020/12/06 3:45 PM,50.3,53.0,33.8,47.5,,,29.94,,,,,,,,,,,,,
Back Fence,Temp & Humidity Sensor,2020/12/06 3:50 PM,49.8,54.0,33.8,47.0,,,29.94,,,,,,,,,,,,,
Back Fence,Temp & Humidity Sensor,2020/12/06 3:55 PM,49.4,54.0,33.5,46.6,,,29.94,,,,,,,,,,,,,
Back Fence,Temp & Humidity Sensor,2020/12/06 4:00 PM,49.2,54.0,33.3,46.4,,,29.94,,,,,,,,,,,,,
Back Fence,Temp & Humidity Sensor,2020/12/06 4:05 PM,48.9,55.0,33.5,46.1,,,29.94,,,,,,,,,,,,,
Back Fence,Temp & Humidity Sensor,2020/12/06 4:10 PM,48.2,55.0,32.8,45.3,,,29.94,,,,,,,,,,,,,
Back Fence,Temp & Humidity Sensor,2020/12/06 4:15 PM,47.6,56.0,32.7,44.7,,,29.94,,,,,,,,,,,,,
Back Fence,Temp & Humidity Sensor,2020/12/06 4:20 PM,47.3,57.0,32.8,44.4,,,29.93,,,,,,,,,,,,,
Back Fence,Temp & Humidity Sensor,2020/12/06 4:25 PM,46.9,58.0,32.9,44.0,,,29.93,,,,,,,,,,,,,
Back Fence,Temp & Humidity Sensor,2020/12/06 4:30 PM,46.5,58.0,32.5,43.6,,,29.93,,,,,,,,,,,,,
Back Fence,Temp & Humidity Sensor,2020/12/06 4:35 PM,46.5,59.0,33.0,43.6,,,29.93,,,,,,,,,,,,,
Back Fence,Temp & Humidity Sensor,2020/12/06 4:40 PM,46.0,60.0,32.9,43.1,,,29.94,,,,,,,,,,,,,
Back Fence,Temp & Humidity Sensor,2020/12/06 4:45 PM,46.0,64.0,34.5,43.3,,,29.95,,,,,,,,,,,,,
Back Fence,Temp & Humidity Sensor,2020/12/06 4:50 PM,45.6,64.0,34.1,42.9,,,29.95,,,,,,,,,,,,,
Back Fence,Temp & Humidity Sensor,2020/12/06 4:55 PM,44.9,63.0,33.1,42.1,,,29.94,,,,,,,,,,,,,
Back Fence,Temp & Humidity Sensor,2020/12/06 5:00 PM,44.6,63.0,32.8,41.7,,,29.94,,,,,,,,,,,,,
Back Fence,Temp & Humidity Sensor,2020/12/06 5:05 PM,44.2,64.0,32.8,41.3,,,29.93,,,,,,,,,,,,,
Back Fence,Temp & Humidity Sensor,2020/12/06 5:10 PM,43.8,65.0,32.8,40.9,,,29.93,,,,,,,,,,,,,
Back Fence,Temp & Humidity Sensor,2020/12/06 5:15 PM,43.7,66.0,33.1,40.9,,,29.94,,,,,,,,,,,,,
Back Fence,Temp & Humidity Sensor,2020/12/06 5:20 PM,43.3,66.0,32.7,40.4,,,29.93,,,,,,,,,,,,,
Back Fence,Temp & Humidity Sensor,2020/12/06 5:25 PM,43.1,67.0,32.9,40.3,,,29.94,,,,,,,,,,,,,
Back Fence,Temp & Humidity Sensor,2020/12/06 5:30 PM,42.8,69.0,33.3,40.0,,,29.93,,,,,,,,,,,,,
Back Fence,Temp & Humidity Sensor,2020/12/06 5:35 PM,42.6,70.0,33.5,39.9,,,29.93,,,,,,,,,,,,,
Back Fence,Temp & Humidity Sensor,2020/12/06 5:40 PM,42.4,70.0,33.3,39.6,,,29.94,,,,,,,,,,,,,
Back Fence,Temp & Humidity Sensor,2020/12/06 5:45 PM,42.2,72.0,33.8,39.5,,,29.94,,,,,,,,,,,,,
Back Fence,Temp & Humidity Sensor,2020/12/06 5:50 PM,42.2,76.0,35.2,39.7,,,29.94,,,,,,,,,,,,,
Back Fence,Temp & Humidity Sensor,2020/12/06 5:55 PM,41.9,74.0,34.2,39.3,,,29.95,,,,,,,,,,,,,
Back Fence,Temp & Humidity Sensor,2020/12/06 6:00 PM,41.7,75.0,34.4,39.1,,,29.95,,,,,,,,,,,,,
Back Fence,Temp & Humidity Sensor,2020/12/06 6:05 PM,41.5,74.0,33.8,38.8,,,29.96,,,,,,,,,,,,,
Back Fence,Temp & Humidity Sensor,2020/12/06 6:10 PM,41.1,75.0,33.8,38.4,,,29.96,,,,,,,,,,,,,
Back Fence,Temp & Humidity Sensor,2020/12/06 6:15 PM,41.1,76.0,34.1,38.5,,,29.96,,,,,,,,,,,,,
Back Fence,Temp & Humidity Sensor,2020/12/06 6:20 PM,41.0,77.0,34.4,38.4,,,29.96,,,,,,,,,,,,,
Back Fence,Temp & Humidity Sensor,2020/12/06 6:25 PM,40.8,76.0,33.8,38.2,,,29.96,,,,,,,,,,,,,
Back Fence,Temp & Humidity Sensor,2020/12/06 6:30 PM,40.6,77.0,34.0,38.0,,,29.97,,,,,,,,,,,,,
Back Fence,Temp & Humidity Sensor,2020/12/06 6:35 PM,40.6,82.0,35.5,38.2,,,29.96,,,,,,,,,,,,,
Back Fence,Temp & Humidity Sensor,2020/12/06 6:40 PM,40.4,81.0,35.0,37.9,,,29.96,,,,,,,,,,,,,
Back Fence,Temp & Humidity Sensor,2020/12/06 6:45 PM,40.4,83.0,35.7,38.0,,,29.96,,,,,,,,,,,,,
Back Fence,Temp & Humidity Sensor,2020/12/06 6:50 PM,40.2,83.0,35.5,37.8,,,29.96,,,,,,,,,,,,,
Back Fence,Temp & Humidity Sensor,2020/12/06 6:55 PM,40.1,81.0,34.7,37.6,,,29.95,,,,,,,,,,,,,
Back Fence,Temp & Humidity Sensor,2020/12/06 7:00 PM,40.1,80.0,34.4,37.6,,,29.96,,,,,,,,,,,,,
Back Fence,Temp & Humidity Sensor,2020/12/06 7:05 PM,40.2,79.0,34.2,37.6,,,29.95,,,,,,,,,,,,,
Back Fence,Temp & Humidity Sensor,2020/12/06 7:10 PM,40.2,79.0,34.2,37.6,,,29.96,,,,,,,,,,,,,
Back Fence,Temp & Humidity Sensor,2020/12/06 7:15 PM,40.2,80.0,34.5,37.7,,,29.96,,,,,,,,,,,,,
Back Fence,Temp & Humidity Sensor,2020/12/06 7:20 PM,40.1,79.0,34.1,37.5,,,29.96,,,,,,,,,,,,,
Back Fence,Temp & Humidity Sensor,2020/12/06 7:25 PM,40.1,79.0,34.1,37.5,,,29.97,,,,,,,,,,,,,
Back Fence,Temp & Humidity Sensor,2020/12/06 7:30 PM,40.1,83.0,35.4,37.7,,,29.97,,,,,,,,,,,,,
Back Fence,Temp & Humidity Sensor,2020/12/06 7:35 PM,40.1,86.0,36.3,37.9,,,29.96,,,,,,,,,,,,,
Back Fence,Temp & Humidity Sensor,2020/12/06 7:40 PM,39.7,86.0,35.9,39.7,,,29.96,,,,,,,,,,,,,
Back Fence,Temp & Humidity Sensor,2020/12/06 7:45 PM,39.5,86.0,35.7,39.5,,,29.97,,,,,,,,,,,,,
Back Fence,Temp & Humidity Sensor,2020/12/06 7:50 PM,39.2,86.0,35.4,39.2,,,29.96,,,,,,,,,,,,,
Back Fence,Temp & Humidity Sensor,2020/12/06 7:55 PM,39.0,85.0,34.9,39.0,,,29.97,,,,,,,,,,,,,
Back Fence,Temp & Humidity Sensor,2020/12/06 8:00 PM,38.8,85.0,34.7,38.8,,,29.97,,,,,,,,,,,,,
Back Fence,Temp & Humidity Sensor,2020/12/06 8:05 PM,38.8,85.0,34.7,38.8,,,29.97,,,,,,,,,,,,,
Back Fence,Temp & Humidity Sensor,2020/12/06 8:10 PM,38.6,84.0,34.2,38.6,,,29.96,,,,,,,,,,,,,
Back Fence,Temp & Humidity Sensor,2020/12/06 8:15 PM,38.6,84.0,34.2,38.6,,,29.96,,,,,,,,,,,,,
Back Fence,Temp & Humidity Sensor,2020/12/06 8:20 PM,38.4,83.0,33.7,38.4,,,29.96,,,,,,,,,,,,,
Back Fence,Temp & Humidity Sensor,2020/12/06 8:25 PM,38.3,83.0,33.6,38.3,,,29.96,,,,,,,,,,,,,
Back Fence,Temp & Humidity Sensor,2020/12/06 8:30 PM,38.4,83.0,33.7,38.4,,,29.95,,,,,,,,,,,,,
Back Fence,Temp & Humidity Sensor,2020/12/06 8:35 PM,38.4,83.0,33.7,38.4,,,29.95,,,,,,,,,,,,,
Back Fence,Temp & Humidity Sensor,2020/12/06 8:40 PM,38.6,87.0,35.1,38.6,,,29.95,,,,,,,,,,,,,
Back Fence,Temp & Humidity Sensor,2020/12/06 8:45 PM,38.6,90.0,35.9,38.6,,,29.94,,,,,,,,,,,,,
Back Fence,Temp & Humidity Sensor,2020/12/06 8:50 PM,38.6,90.0,35.9,38.6,,,29.94,,,,,,,,,,,,,
Back Fence,Temp & Humidity Sensor,2020/12/06 8:55 PM,38.3,89.0,35.3,38.3,,,29.94,,,,,,,,,,,,,
Back Fence,Temp & Humidity Sensor,2020/12/06 9:00 PM,38.3,89.0,35.3,38.3,,,29.94,,,,,,,,,,,,,
Back Fence,Temp & Humidity Sensor,2020/12/06 9:05 PM,38.1,88.0,34.9,38.1,,,29.93,,,,,,,,,,,,,
Back Fence,Temp & Humidity Sensor,2020/12/06 9:10 PM,38.1,88.0,34.9,38.1,,,29.93,,,,,,,,,,,,,
Back Fence,Temp & Humidity Sensor,2020/12/06 9:15 PM,38.3,87.0,34.8,38.3,,,29.93,,,,,,,,,,,,,
Back Fence,Temp & Humidity Sensor,2020/12/06 9:20 PM,38.4,87.0,34.9,38.4,,,29.92,,,,,,,,,,,,,
Back Fence,Temp & Humidity Sensor,2020/12/06 9:25 PM,38.4,86.0,34.6,38.4,,,29.92,,,,,,,,,,,,,
Back Fence,Temp & Humidity Sensor,2020/12/06 9:30 PM,38.6,88.0,35.4,38.6,,,29.92,,,,,,,,,,,,,
Back Fence,Temp & Humidity Sensor,2020/12/06 9:35 PM,38.6,90.0,35.9,38.6,,,29.92,,,,,,,,,,,,,
Back Fence,Temp & Humidity Sensor,2020/12/06 9:40 PM,38.4,90.0,35.7,38.4,,,29.92,,,,,,,,,,,,,
Back Fence,Temp & Humidity Sensor,2020/12/06 9:45 PM,38.4,89.0,35.4,38.4,,,29.93,,,,,,,,,,,,,
Back Fence,Temp & Humidity Sensor,2020/12/06 9:50 PM,38.4,88.0,35.2,38.4,,,29.93,,,,,,,,,,,,,
Back Fence,Temp & Humidity Sensor,2020/12/06 9:55 PM,38.6,87.0,35.1,38.6,,,29.93,,,,,,,,,,,,,
Back Fence,Temp & Humidity Sensor,2020/12/06 10:00 PM,38.6,87.0,35.1,38.6,,,29.92,,,,,,,,,,,,,
Back Fence,Temp & Humidity Sensor,2020/12/06 10:05 PM,38.8,88.0,35.6,38.8,,,29.93,,,,,,,,,,,,,
Back Fence,Temp & Humidity Sensor,2020/12/06 10:10 PM,38.8,89.0,35.8,38.8,,,29.92,,,,,,,,,,,,,
Back Fence,Temp & Humidity Sensor,2020/12/06 10:15 PM,38.8,90.0,36.1,38.8,,,29.92,,,,,,,,,,,,,
Back Fence,Temp & Humidity Sensor,2020/12/06 10:20 PM,38.8,89.0,35.8,38.8,,,29.92,,,,,,,,,,,,,
Back Fence,Temp & Humidity Sensor,2020/12/06 10:25 PM,38.8,89.0,35.8,38.8,,,29.91,,,,,,,,,,,,,
Back Fence,Temp & Humidity Sensor,2020/12/06 10:30 PM,38.8,88.0,35.6,38.8,,,29.91,,,,,,,,,,,,,
Back Fence,Temp & Humidity Sensor,2020/12/06 10:35 PM,38.8,88.0,35.6,38.8,,,29.91,,,,,,,,,,,,,
Back Fence,Temp & Humidity Sensor,2020/12/06 10:40 PM,39.0,88.0,35.8,39.0,,,29.91,,,,,,,,,,,,,
Back Fence,Temp & Humidity Sensor,2020/12/06 10:45 PM,38.8,87.0,35.3,38.8,,,29.91,,,,,,,,,,,,,
Back Fence,Temp & Humidity Sensor,2020/12/06 10:50 PM,39.0,87.0,35.5,39.0,,,29.91,,,,,,,,,,,,,
Back Fence,Temp & Humidity Sensor,2020/12/06 10:55 PM,39.0,89.0,36.0,39.0,,,29.92,,,,,,,,,,,,,
Back Fence,Temp & Humidity Sensor,2020/12/06 11:00 PM,39.0,89.0,36.0,39.0,,,29.92,,,,,,,,,,,,,
Back Fence,Temp & Humidity Sensor,2020/12/06 11:05 PM,39.2,88.0,35.9,39.2,,,29.92,,,,,,,,,,,,,
Back Fence,Temp & Humidity Sensor,2020/12/06 11:10 PM,39.2,89.0,36.2,39.2,,,29.93,,,,,,,,,,,,,
Back Fence,Temp & Humidity Sensor,2020/12/06 11:15 PM,39.2,89.0,36.2,39.2,,,29.93,,,,,,,,,,,,,
Back Fence,Temp & Humidity Sensor,2020/12/06 11:20 PM,39.2,89.0,36.2,39.2,,,29.93,,,,,,,,,,,,,
Back Fence,Temp & Humidity Sensor,2020/12/06 11:25 PM,39.2,89.0,36.2,39.2,,,29.93,,,,,,,,,,,,,
Back Fence,Temp & Humidity Sensor,2020/12/06 11:30 PM,39.3,89.0,36.3,39.3,,,29.92,,,,,,,,,,,,,
Back Fence,Temp & Humidity Sensor,2020/12/06 11:35 PM,39.3,89.0,36.3,39.3,,,29.92,,,,,,,,,,,,,
Back Fence,Temp & Humidity Sensor,2020/12/06 11:40 PM,39.3,89.0,36.3,39.3,,,29.92,,,,,,,,,,,,,
Back Fence,Temp & Humidity Sensor,2020/12/06 11:45 PM,39.3,88.0,36.0,39.3,,,29.91,,,,,,,,,,,,,
Back Fence,Temp & Humidity Sensor,2020/12/06 11:50 PM,39.5,88.0,36.2,39.5,,,29.91,,,,,,,,,,,,,
Back Fence,Temp & Humidity Sensor,2020/12/06 11:55 PM,39.3,89.0,36.3,39.3,,,29.91,,,,,,,,,,,,,
Back Fence,Temp & Humidity Sensor,2020/12/07 12:00 AM,39.3,88.0,36.0,39.3,,,29.91,,,,,,,,,,,,,
Back Fence,Temp & Humidity Sensor,2020/12/07 12:05 AM,39.5,88.0,36.2,39.5,,,29.91,,,,,,,,,,,,,
Back Fence,Temp & Humidity Sensor,2020/12/07 12:10 AM,39.7,88.0,36.4,39.7,,,29.91,,,,,,,,,,,,,
Back Fence,Temp & Humidity Sensor,2020/12/07 12:15 AM,39.7,88.0,36.4,39.7,,,29.91,,,,,,,,,,,,,
Back Fence,Temp & Humidity Sensor,2020/12/07 12:20 AM,39.9,88.0,36.6,39.9,,,29.91,,,,,,,,,,,,,
Back Fence,Temp & Humidity Sensor,2020/12/07 12:25 AM,39.9,88.0,36.6,39.9,,,29.91,,,,,,,,,,,,,
Back Fence,Temp & Humidity Sensor,2020/12/07 12:30 AM,39.9,88.0,36.6,39.9,,,29.91,,,,,,,,,,,,,
Back Fence,Temp & Humidity Sensor,2020/12/07 12:35 AM,40.1,89.0,37.1,38.0,,,29.91,,,,,,,,,,,,,
Back Fence,Temp & Humidity Sensor,2020/12/07 12:40 AM,40.1,88.0,36.8,37.9,,,29.91,,,,,,,,,,,,,
Back Fence,Temp & Humidity Sensor,2020/12/07 12:45 AM,40.1,88.0,36.8,37.9,,,29.9,,,,,,,,,,,,,
Back Fence,Temp & Humidity Sensor,2020/12/07 12:50 AM,40.2,89.0,37.2,38.1,,,29.9,,,,,,,,,,,,,
Back Fence,Temp & Humidity Sensor,2020/12/07 12:55 AM,40.2,89.0,37.2,38.1,,,29.89,,,,,,,,,,,,,
Back Fence,Temp & Humidity Sensor,2020/12/07 1:00 AM,40.2,89.0,37.2,38.1,,,29.9,,,,,,,,,,,,,
Back Fence,Temp & Humidity Sensor,2020/12/07 1:05 AM,40.1,90.0,37.4,38.0,,,29.89,,,,,,,,,,,,,
Back Fence,Temp & Humidity Sensor,2020/12/07 1:10 AM,39.9,90.0,37.2,39.9,,,29.88,,,,,,,,,,,,,
Back Fence,Temp & Humidity Sensor,2020/12/07 1:15 AM,39.9,89.0,36.9,39.9,,,29.88,,,,,,,,,,,,,
Back Fence,Temp & Humidity Sensor,2020/12/07 1:20 AM,39.9,91.0,37.5,39.9,,,29.87,,,,,,,,,,,,,
Back Fence,Temp & Humidity Sensor,2020/12/07 1:25 AM,39.9,92.0,37.8,39.9,,,29.87,,,,,,,,,,,,,
Back Fence,Temp & Humidity Sensor,2020/12/07 1:30 AM,39.9,92.0,37.8,39.9,,,29.86,,,,,,,,,,,,,
Back Fence,Temp & Humidity Sensor,2020/12/07 1:35 AM,39.9,92.0,37.8,39.9,,,29.86,,,,,,,,,,,,,
Back Fence,Temp & Humidity Sensor,2020/12/07 1:40 AM,39.9,91.0,37.5,39.9,,,29.86,,,,,,,,,,,,,
Back Fence,Temp & Humidity Sensor,2020/12/07 1:45 AM,40.1,91.0,37.7,38.1,,,29.86,,,,,,,,,,,,,
Back Fence,Temp & Humidity Sensor,2020/12/07 1:50 AM,40.1,91.0,37.7,38.1,,,29.86,,,,,,,,,,,,,
Back Fence,Temp & Humidity Sensor,2020/12/07 1:55 AM,40.2,90.0,37.5,38.2,,,29.87,,,,,,,,,,,,,
Back Fence,Temp & Humidity Sensor,2020/12/07 2:00 AM,40.2,90.0,37.5,38.2,,,29.87,,,,,,,,,,,,,
Back Fence,Temp & Humidity Sensor,2020/12/07 2:05 AM,40.4,90.0,37.7,38.4,,,29.86,,,,,,,,,,,,,
Back Fence,Temp & Humidity Sensor,2020/12/07 2:10 AM,40.4,90.0,37.7,38.4,,,29.86,,,,,,,,,,,,,
Back Fence,Temp & Humidity Sensor,2020/12/07 2:15 AM,40.2,91.0,37.8,38.2,,,29.86,,,,,,,,,,,,,
Back Fence,Temp & Humidity Sensor,2020/12/07 2:20 AM,40.2,91.0,37.8,38.2,,,29.87,,,,,,,,,,,,,
Back Fence,Temp & Humidity Sensor,2020/12/07 2:25 AM,40.4,92.0,38.3,38.5,,,29.86,,,,,,,,,,,,,
Back Fence,Temp & Humidity Sensor,2020/12/07 2:30 AM,40.4,92.0,38.3,38.5,,,29.86,,,,,,,,,,,,,
Back Fence,Temp & Humidity Sensor,2020/12/07 2:35 AM,40.4,92.0,38.3,38.5,,,29.86,,,,,,,,,,,,,
Back Fence,Temp & Humidity Sensor,2020/12/07 2:40 AM,40.4,92.0,38.3,38.5,,,29.86,,,,,,,,,,,,,
Back Fence,Temp & Humidity Sensor,2020/12/07 2:45 AM,40.6,92.0,38.5,38.7,,,29.86,,,,,,,,,,,,,
Back Fence,Temp & Humidity Sensor,2020/12/07 2:50 AM,40.6,92.0,38.5,38.7,,,29.86,,,,,,,,,,,,,
Back Fence,Temp & Humidity Sensor,2020/12/07 2:55 AM,40.6,93.0,38.7,38.7,,,29.86,,,,,,,,,,,,,
Back Fence,Temp & Humidity Sensor,2020/12/07 3:00 AM,40.6,93.0,38.7,38.7,,,29.86,,,,,,,,,,,,,
Back Fence,Temp & Humidity Sensor,2020/12/07 3:05 AM,40.8,93.0,38.9,39.0,,,29.86,,,,,,,,,,,,,
Back Fence,Temp & Humidity Sensor,2020/12/07 3:10 AM,40.8,93.0,38.9,39.0,,,29.85,,,,,,,,,,,,,
Back Fence,Temp & Humidity Sensor,2020/12/07 3:15 AM,40.8,93.0,38.9,39.0,,,29.85,,,,,,,,,,,,,
Back Fence,Temp & Humidity Sensor,2020/12/07 3:20 AM,40.8,95.0,39.5,39.0,,,29.84,,,,,,,,,,,,,
Back Fence,Temp & Humidity Sensor,2020/12/07 3:25 AM,40.8,95.0,39.5,39.0,,,29.84,,,,,,,,,,,,,
Back Fence,Temp & Humidity Sensor,2020/12/07 3:30 AM,41.0,94.0,39.4,39.2,,,29.84,,,,,,,,,,,,,
Back Fence,Temp & Humidity Sensor,2020/12/07 3:35 AM,40.8,95.0,39.5,39.0,,,29.84,,,,,,,,,,,,,
Back Fence,Temp & Humidity Sensor,2020/12/07 3:40 AM,41.0,94.0,39.4,39.2,,,29.84,,,,,,,,,,,,,
Back Fence,Temp & Humidity Sensor,2020/12/07 3:45 AM,41.0,94.0,39.4,39.2,,,29.83,,,,,,,,,,,,,
Back Fence,Temp & Humidity Sensor,2020/12/07 3:50 AM,41.1,94.0,39.5,39.3,,,29.83,,,,,,,,,,,,,
Back Fence,Temp & Humidity Sensor,2020/12/07 3:55 AM,41.0,94.0,39.4,39.2,,,29.83,,,,,,,,,,,,,
Back Fence,Temp & Humidity Sensor,2020/12/07 4:00 AM,41.1,95.0,39.8,39.4,,,29.82,,,,,,,,,,,,,
Back Fence,Temp & Humidity Sensor,2020/12/07 4:05 AM,41.1,95.0,39.8,39.4,,,29.82,,,,,,,,,,,,,
Back Fence,Temp & Humidity Sensor,2020/12/07 4:10 AM,41.1,95.0,39.8,39.4,,,29.82,,,,,,,,,,,,,
Back Fence,Temp & Humidity Sensor,2020/12/07 4:15 AM,41.1,95.0,39.8,39.4,,,29.82,,,,,,,,,,,,,
Back Fence,Temp & Humidity Sensor,2020/12/07 4:20 AM,41.1,95.0,39.8,39.4,,,29.82,,,,,,,,,,,,,
Back Fence,Temp & Humidity Sensor,2020/12/07 4:25 AM,41.1,96.0,40.0,39.4,,,29.81,,,,,,,,,,,,,
Back Fence,Temp & Humidity Sensor,2020/12/07 4:30 AM,41.1,95.0,39.8,39.4,,,29.81,,,,,,,,,,,,,
Back Fence,Temp & Humidity Sensor,2020/12/07 4:35 AM,41.3,96.0,40.2,39.6,,,29.8,,,,,,,,,,,,,
Back Fence,Temp & Humidity Sensor,2020/12/07 4:40 AM,41.3,96.0,40.2,39.6,,,29.8,,,,,,,,,,,,,
Back Fence,Temp & Humidity Sensor,2020/12/07 4:45 AM,41.3,96.0,40.2,39.6,,,29.81,,,,,,,,,,,,,
Back Fence,Temp & Humidity Sensor,2020/12/07 4:50 AM,41.3,95.0,40.0,39.6,,,29.8,,,,,,,,,,,,,
Back Fence,Temp & Humidity Sensor,2020/12/07 4:55 AM,41.5,95.0,40.2,39.8,,,29.8,,,,,,,,,,,,,
Back Fence,Temp & Humidity Sensor,2020/12/07 5:00 AM,41.5,95.0,40.2,39.8,,,29.8,,,,,,,,,,,,,
Back Fence,Temp & Humidity Sensor,2020/12/07 5:05 AM,41.5,95.0,40.2,39.8,,,29.79,,,,,,,,,,,,,
Back Fence,Temp & Humidity Sensor,2020/12/07 5:10 AM,41.5,95.0,40.2,39.8,,,29.79,,,,,,,,,,,,,
Back Fence,Temp & Humidity Sensor,2020/12/07 5:15 AM,41.5,95.0,40.2,39.8,,,29.79,,,,,,,,,,,,,
Back Fence,Temp & Humidity Sensor,2020/12/07 5:20 AM,41.7,95.0,40.4,40.0,,,29.79,,,,,,,,,,,,,
Back Fence,Temp & Humidity Sensor,2020/12/07 5:25 AM,41.5,96.0,40.4,39.9,,,29.79,,,,,,,,,,,,,
Back Fence,Temp & Humidity Sensor,2020/12/07 5:30 AM,41.7,96.0,40.6,40.1,,,29.79,,,,,,,,,,,,,
Back Fence,Temp & Humidity Sensor,2020/12/07 5:35 AM,41.7,96.0,40.6,40.1,,,29.79,,,,,,,,,,,,,
Back Fence,Temp & Humidity Sensor,2020/12/07 5:40 AM,41.7,96.0,40.6,40.1,,,29.79,,,,,,,,,,,,,
Back Fence,Temp & Humidity Sensor,2020/12/07 5:45 AM,41.7,96.0,40.6,40.1,,,29.8,,,,,,,,,,,,,
Back Fence,Temp & Humidity Sensor,2020/12/07 5:50 AM,41.7,96.0,40.6,40.1,,,29.79,,,,,,,,,,,,,
Back Fence,Temp & Humidity Sensor,2020/12/07 5:55 AM,41.9,96.0,40.8,40.3,,,29.79,,,,,,,,,,,,,
Back Fence,Temp & Humidity Sensor,2020/12/07 6:00 AM,41.9,96.0,40.8,40.3,,,29.8,,,,,,,,,,,,,
Back Fence,Temp & Humidity Sensor,2020/12/07 6:05 AM,41.9,96.0,40.8,40.3,,,29.79,,,,,,,,,,,,,
Back Fence,Temp & Humidity Sensor,2020/12/07 6:10 AM,41.9,96.0,40.8,40.3,,,29.8,,,,,,,,,,,,,
Back Fence,Temp & Humidity Sensor,2020/12/07 6:15 AM,41.9,96.0,40.8,40.3,,,29.8,,,,,,,,,,,,,
Back Fence,Temp & Humidity Sensor,2020/12/07 6:20 AM,41.9,96.0,40.8,40.3,,,29.8,,,,,,,,,,,,,
Back Fence,Temp & Humidity Sensor,2020/12/07 6:25 AM,42.0,96.0,40.9,40.4,,,29.8,,,,,,,,,,,,,
Back Fence,Temp & Humidity Sensor,2020/12/07 6:30 AM,42.0,96.0,40.9,40.4,,,29.8,,,,,,,,,,,,,
Back Fence,Temp & Humidity Sensor,2020/12/07 6:35 AM,42.0,96.0,40.9,40.4,,,29.79,,,,,,,,,,,,,
Back Fence,Temp & Humidity Sensor,2020/12/07 6:40 AM,42.0,96.0,40.9,40.4,,,29.8,,,,,,,,,,,,,
Back Fence,Temp & Humidity Sensor,2020/12/07 6:45 AM,42.0,96.0,40.9,40.4,,,29.8,,,,,,,,,,,,,
Back Fence,Temp & Humidity Sensor,2020/12/07 6:50 AM,42.0,97.0,41.2,40.5,,,29.8,,,,,,,,,,,,,
Back Fence,Temp & Humidity Sensor,2020/12/07 6:55 AM,42.2,97.0,41.4,40.7,,,29.8,,,,,,,,,,,,,
Back Fence,Temp & Humidity Sensor,2020/12/07 7:00 AM,42.2,97.0,41.4,40.7,,,29.8,,,,,,,,,,,,,
Back Fence,Temp & Humidity Sensor,2020/12/07 7:05 AM,42.2,97.0,41.4,40.7,,,29.8,,,,,,,,,,,,,
Back Fence,Temp & Humidity Sensor,2020/12/07 7:10 AM,42.4,97.0,41.6,40.9,,,29.8,,,,,,,,,,,,,
Back Fence,Temp & Humidity Sensor,2020/12/07 7:15 AM,42.4,97.0,41.6,40.9,,,29.8,,,,,,,,,,,,,
Back Fence,Temp & Humidity Sensor,2020/12/07 7:20 AM,42.4,97.0,41.6,40.9,,,29.8,,,,,,,,,,,,,
Back Fence,Temp & Humidity Sensor,2020/12/07 7:25 AM,42.4,97.0,41.6,40.9,,,29.8,,,,,,,,,,,,,
Back Fence,Temp & Humidity Sensor,2020/12/07 7:30 AM,42.4,97.0,41.6,40.9,,,29.8,,,,,,,,,,,,,
Back Fence,Temp & Humidity Sensor,2020/12/07 7:35 AM,42.4,97.0,41.6,40.9,,,29.8,,,,,,,,,,,,,
Back Fence,Temp & Humidity Sensor,2020/12/07 7:40 AM,42.6,97.0,41.8,41.1,,,29.8,,,,,,,,,,,,,
Back Fence,Temp & Humidity Sensor,2020/12/07 7:45 AM,42.6,97.0,41.8,41.1,,,29.8,,,,,,,,,,,,,
Back Fence,Temp & Humidity Sensor,2020/12/07 7:50 AM,42.6,97.0,41.8,41.1,,,29.8,,,,,,,,,,,,,
Back Fence,Temp & Humidity Sensor,2020/12/07 7:55 AM,42.6,97.0,41.8,41.1,,,29.79,,,,,,,,,,,,,
Back Fence,Temp & Humidity Sensor,2020/12/07 8:00 AM,42.6,97.0,41.8,41.1,,,29.79,,,,,,,,,,,,,
Back Fence,Temp & Humidity Sensor,2020/12/07 8:05 AM,42.6,97.0,41.8,41.1,,,29.8,,,,,,,,,,,,,
Back Fence,Temp & Humidity Sensor,2020/12/07 8:10 AM,42.8,97.0,42.0,41.3,,,29.79,,,,,,,,,,,,,
Back Fence,Temp & Humidity Sensor,2020/12/07 8:15 AM,42.8,97.0,42.0,41.3,,,29.79,,,,,,,,,,,,,
Back Fence,Temp & Humidity Sensor,2020/12/07 8:20 AM,42.8,97.0,42.0,41.3,,,29.79,,,,,,,,,,,,,
Back Fence,Temp & Humidity Sensor,2020/12/07 8:25 AM,42.8,97.0,42.0,41.3,,,29.79,,,,,,,,,,,,,
Back Fence,Temp & Humidity Sensor,2020/12/07 8:30 AM,42.8,97.0,42.0,41.3,,,29.79,,,,,,,,,,,,,
Back Fence,Temp & Humidity Sensor,2020/12/07 8:35 AM,42.8,98.0,42.3,41.4,,,29.79,,,,,,,,,,,,,
Back Fence,Temp & Humidity Sensor,2020/12/07 8:40 AM,42.8,98.0,42.3,41.4,,,29.79,,,,,,,,,,,,,
Back Fence,Temp & Humidity Sensor,2020/12/07 8:45 AM,42.8,98.0,42.3,41.4,,,29.79,,,,,,,,,,,,,
Back Fence,Temp & Humidity Sensor,2020/12/07 8:50 AM,42.8,98.0,42.3,41.4,,,29.8,,,,,,,,,,,,,
Back Fence,Temp & Humidity Sensor,2020/12/07 8:55 AM,42.8,98.0,42.3,41.4,,,29.79,,,,,,,,,,,,,
Back Fence,Temp & Humidity Sensor,2020/12/07 9:00 AM,42.8,98.0,42.3,41.4,,,29.79,,,,,,,,,,,,,
Back Fence,Temp & Humidity Sensor,2020/12/07 9:05 AM,42.8,98.0,42.3,41.4,,,29.79,,,,,,,,,,,,,
Back Fence,Temp & Humidity Sensor,2020/12/07 9:10 AM,42.8,98.0,42.3,41.4,,,29.79,,,,,,,,,,,,,
Back Fence,Temp & Humidity Sensor,2020/12/07 9:15 AM,42.9,98.0,42.4,41.5,,,29.79,,,,,,,,,,,,,
Back Fence,Temp & Humidity Sensor,2020/12/07 9:20 AM,42.9,98.0,42.4,41.5,,,29.79,,,,,,,,,,,,,
Back Fence,Temp & Humidity Sensor,2020/12/07 9:25 AM,43.1,98.0,42.6,41.7,,,29.79,,,,,,,,,,,,,
Back Fence,Temp & Humidity Sensor,2020/12/07 9:30 AM,43.3,98.0,42.8,41.9,,,29.79,,,,,,,,,,,,,
Back Fence,Temp & Humidity Sensor,2020/12/07 9:35 AM,43.3,98.0,42.8,41.9,,,29.79,,,,,,,,,,,,,
Back Fence,Temp & Humidity Sensor,2020/12/07 9:40 AM,43.5,99.0,43.2,42.2,,,29.79,,,,,,,,,,,,,
Back Fence,Temp & Humidity Sensor,2020/12/07 9:45 AM,43.3,99.0,43.0,42.0,,,29.79,,,,,,,,,,,,,
Back Fence,Temp & Humidity Sensor,2020/12/07 9:50 AM,43.1,99.0,42.8,41.8,,,29.79,,,,,,,,,,,,,
Back Fence,Temp & Humidity Sensor,2020/12/07 9:55 AM,43.1,99.0,42.8,41.8,,,29.79,,,,,,,,,,,,,
Back Fence,Temp & Humidity Sensor,2020/12/07 10:00 AM,43.1,99.0,42.8,41.8,,,29.79,,,,,,,,,,,,,
Back Fence,Temp & Humidity Sensor,2020/12/07 10:05 AM,42.9,99.0,42.6,41.5,,,29.79,,,,,,,,,,,,,
Back Fence,Temp & Humidity Sensor,2020/12/07 10:10 AM,42.9,99.0,42.6,41.5,,,29.79,,,,,,,,,,,,,
Back Fence,Temp & Humidity Sensor,2020/12/07 10:15 AM,43.1,99.0,42.8,41.8,,,29.79,,,,,,,,,,,,,
Back Fence,Temp & Humidity Sensor,2020/12/07 10:20 AM,42.9,99.0,42.6,41.5,,,29.79,,,,,,,,,,,,,
Back Fence,Temp & Humidity Sensor,2020/12/07 10:25 AM,42.8,99.0,42.5,41.4,,,29.79,,,,,,,,,,,,,
Back Fence,Temp & Humidity Sensor,2020/12/07 10:30 AM,42.8,99.0,42.5,41.4,,,29.79,,,,,,,,,,,,,
Back Fence,Temp & Humidity Sensor,2020/12/07 10:35 AM,42.8,99.0,42.5,41.4,,,29.78,,,,,,,,,,,,,
Back Fence,Temp & Humidity Sensor,2020/12/07 10:40 AM,42.8,99.0,42.5,41.4,,,29.79,,,,,,,,,,,,,
Back Fence,Temp & Humidity Sensor,2020/12/07 10:45 AM,42.6,99.0,42.3,41.2,,,29.78,,,,,,,,,,,,,
Back Fence,Temp & Humidity Sensor,2020/12/07 10:50 AM,42.4,99.0,42.1,41.0,,,29.78,,,,,,,,,,,,,
Back Fence,Temp & Humidity Sensor,2020/12/07 10:55 AM,42.4,99.0,42.1,41.0,,,29.78,,,,,,,,,,,,,
Back Fence,Temp & Humidity Sensor,2020/12/07 11:00 AM,42.2,99.0,41.9,40.8,,,29.78,,,,,,,,,,,,,
Back Fence,Temp & Humidity Sensor,2020/12/07 11:05 AM,41.7,99.0,41.4,40.2,,,29.78,,,,,,,,,,,,,
Back Fence,Temp & Humidity Sensor,2020/12/07 11:10 AM,41.5,99.0,41.2,40.0,,,29.78,,,,,,,,,,,,,
Back Fence,Temp & Humidity Sensor,2020/12/07 11:15 AM,41.3,99.0,41.0,39.8,,,29.78,,,,,,,,,,,,,
Back Fence,Temp & Humidity Sensor,2020/12/07 11:20 AM,41.3,99.0,41.0,39.8,,,29.78,,,,,,,,,,,,,
Back Fence,Temp & Humidity Sensor,2020/12/07 11:25 AM,41.0,99.0,40.7,39.5,,,29.78,,,,,,,,,,,,,
Back Fence,Temp & Humidity Sensor,2020/12/07 11:30 AM,40.2,99.0,39.9,38.6,,,29.78,,,,,,,,,,,,,
Back Fence,Temp & Humidity Sensor,2020/12/07 11:35 AM,39.9,99.0,39.6,39.9,,,29.78,,,,,,,,,,,,,
Back Fence,Temp & Humidity Sensor,2020/12/07 11:40 AM,39.7,99.0,39.4,39.7,,,29.77,,,,,,,,,,,,,
Back Fence,Temp & Humidity Sensor,2020/12/07 11:45 AM,39.7,99.0,39.4,39.7,,,29.77,,,,,,,,,,,,,
Back Fence,Temp & Humidity Sensor,2020/12/07 11:50 AM,39.7,99.0,39.4,39.7,,,29.77,,,,,,,,,,,,,
Back Fence,Temp & Humidity Sensor,2020/12/07 11:55 AM,39.7,99.0,39.4,39.7,,,29.77,,,,,,,,,,,,,
Back Fence,Temp & Humidity Sensor,2020/12/07 12:00 PM,39.3,99.0,39.0,39.3,,,29.76,,,,,,,,,,,,,
Back Fence,Temp & Humidity Sensor,2020/12/07 12:05 PM,39.2,98.0,38.7,39.2,,,29.76,,,,,,,,,,,,,
Back Fence,Temp & Humidity Sensor,2020/12/07 12:10 PM,39.2,98.0,38.7,39.2,,,29.76,,,,,,,,,,,,,
Back Fence,Temp & Humidity Sensor,2020/12/07 12:15 PM,39.2,98.0,38.7,39.2,,,29.76,,,,,,,,,,,,,
Back Fence,Temp & Humidity Sensor,2020/12/07 12:20 PM,39.2,98.0,38.7,39.2,,,29.76,,,,,,,,,,,,,
Back Fence,Temp & Humidity Sensor,2020/12/07 12:25 PM,39.0,99.0,38.7,39.0,,,29.76,,,,,,,,,,,,,
Back Fence,Temp & Humidity Sensor,2020/12/07 12:30 PM,38.6,98.0,38.1,38.6,,,29.76,,,,,,,,,,,,,
Back Fence,Temp & Humidity Sensor,2020/12/07 12:35 PM,38.4,98.0,37.9,38.4,,,29.76,,,,,,,,,,,,,
Back Fence,Temp & Humidity Sensor,2020/12/07 12:40 PM,38.3,98.0,37.8,38.3,,,29.76,,,,,,,,,,,,,
Back Fence,Temp & Humidity Sensor,2020/12/07 12:45 PM,38.3,98.0,37.8,38.3,,,29.76,,,,,,,,,,,,,
Back Fence,Temp & Humidity Sensor,2020/12/07 12:50 PM,38.3,98.0,37.8,38.3,,,29.76,,,,,,,,,,,,,
Back Fence,Temp & Humidity Sensor,2020/12/07 12:55 PM,38.4,98.0,37.9,38.4,,,29.75,,,,,,,,,,,,,
Back Fence,Temp & Humidity Sensor,2020/12/07 1:00 PM,38.4,98.0,37.9,38.4,,,29.75,,,,,,,,,,,,,
Back Fence,Temp & Humidity Sensor,2020/12/07 1:05 PM,38.3,98.0,37.8,38.3,,,29.75,,,,,,,,,,,,,
Back Fence,Temp & Humidity Sensor,2020/12/07 1:10 PM,37.9,98.0,37.4,37.9,,,29.75,,,,,,,,,,,,,
Back Fence,Temp & Humidity Sensor,2020/12/07 1:15 PM,37.9,97.0,37.1,37.9,,,29.75,,,,,,,,,,,,,
Back Fence,Temp & Humidity Sensor,2020/12/07 1:20 PM,37.9,97.0,37.1,37.9,,,29.75,,,,,,,,,,,,,
Back Fence,Temp & Humidity Sensor,2020/12/07 1:25 PM,37.7,97.0,36.9,37.7,,,29.75,,,,,,,,,,,,,
Back Fence,Temp & Humidity Sensor,2020/12/07 1:30 PM,37.9,97.0,37.1,37.9,,,29.75,,,,,,,,,,,,,
Back Fence,Temp & Humidity Sensor,2020/12/07 1:35 PM,38.1,96.0,37.1,38.1,,,29.75,,,,,,,,,,,,,
Back Fence,Temp & Humidity Sensor,2020/12/07 1:40 PM,38.3,96.0,37.3,38.3,,,29.75,,,,,,,,,,,,,
Back Fence,Temp & Humidity Sensor,2020/12/07 1:45 PM,38.1,95.0,36.8,38.1,,,29.75,,,,,,,,,,,,,
Back Fence,Temp & Humidity Sensor,2020/12/07 1:50 PM,38.1,95.0,36.8,38.1,,,29.75,,,,,,,,,,,,,
Back Fence,Temp & Humidity Sensor,2020/12/07 1:55 PM,38.3,95.0,37.0,38.3,,,29.74,,,,,,,,,,,,,
Back Fence,Temp & Humidity Sensor,2020/12/07 2:00 PM,38.3,95.0,37.0,38.3,,,29.74,,,,,,,,,,,,,
Back Fence,Temp & Humidity Sensor,2020/12/07 2:05 PM,38.1,95.0,36.8,38.1,,,29.75,,,,,,,,,,,,,
Back Fence,Temp & Humidity Sensor,2020/12/07 2:10 PM,37.7,94.0,36.1,37.7,,,29.75,,,,,,,,,,,,,
Back Fence,Temp & Humidity Sensor,2020/12/07 2:15 PM,37.7,94.0,36.1,37.7,,,29.75,,,,,,,,,,,,,
Back Fence,Temp & Humidity Sensor,2020/12/07 2:20 PM,37.9,94.0,36.3,37.9,,,29.75,,,,,,,,,,,,,
Back Fence,Temp & Humidity Sensor,2020/12/07 2:25 PM,37.9,94.0,36.3,37.9,,,29.75,,,,,,,,,,,,,
Back Fence,Temp & Humidity Sensor,2020/12/07 2:30 PM,38.1,95.0,36.8,38.1,,,29.75,,,,,,,,,,,,,
Back Fence,Temp & Humidity Sensor,2020/12/07 2:35 PM,37.9,94.0,36.3,37.9,,,29.75,,,,,,,,,,,,,
Back Fence,Temp & Humidity Sensor,2020/12/07 2:40 PM,37.7,92.0,35.6,37.7,,,29.75,,,,,,,,,,,,,
Back Fence,Temp & Humidity Sensor,2020/12/07 2:45 PM,37.4,91.0,35.0,37.4,,,29.75,,,,,,,,,,,,,
Back Fence,Temp & Humidity Sensor,2020/12/07 2:50 PM,37.4,91.0,35.0,37.4,,,29.75,,,,,,,,,,,,,
Back Fence,Temp & Humidity Sensor,2020/12/07 2:55 PM,37.7,91.0,35.3,37.7,,,29.75,,,,,,,,,,,,,
Back Fence,Temp & Humidity Sensor,2020/12/07 3:00 PM,37.7,91.0,35.3,37.7,,,29.75,,,,,,,,,,,,,
Back Fence,Temp & Humidity Sensor,2020/12/07 3:05 PM,37.7,91.0,35.3,37.7,,,29.75,,,,,,,,,,,,,
Back Fence,Temp & Humidity Sensor,2020/12/07 3:10 PM,37.4,90.0,34.7,37.4,,,29.76,,,,,,,,,,,,,
Back Fence,Temp & Humidity Sensor,2020/12/07 3:15 PM,37.2,91.0,34.8,37.2,,,29.76,,,,,,,,,,,,,
Back Fence,Temp & Humidity Sensor,2020/12/07 3:20 PM,37.2,91.0,34.8,37.2,,,29.76,,,,,,,,,,,,,
Back Fence,Temp & Humidity Sensor,2020/12/07 3:25 PM,37.0,91.0,34.6,37.0,,,29.76,,,,,,,,,,,,,
Back Fence,Temp & Humidity Sensor,2020/12/07 3:30 PM,36.8,92.0,34.7,36.8,,,29.76,,,,,,,,,,,,,
Back Fence,Temp & Humidity Sensor,2020/12/07 3:35 PM,36.6,93.0,34.8,36.6,,,29.77,,,,,,,,,,,,,
Back Fence,Temp & Humidity Sensor,2020/12/07 3:40 PM,36.5,93.0,34.7,36.5,,,29.77,,,,,,,,,,,,,
Back Fence,Temp & Humidity Sensor,2020/12/07 3:45 PM,36.5,92.0,34.4,36.5,,,29.77,,,,,,,,,,,,,
Back Fence,Temp & Humidity Sensor,2020/12/07 3:50 PM,36.6,91.0,34.2,36.6,,,29.77,,,,,,,,,,,,,
Back Fence,Temp & Humidity Sensor,2020/12/07 3:55 PM,36.6,90.0,33.9,36.6,,,29.77,,,,,,,,,,,,,
Back Fence,Temp & Humidity Sensor,2020/12/07 4:00 PM,36.6,89.0,33.7,36.6,,,29.77,,,,,,,,,,,,,
Back Fence,Temp & Humidity Sensor,2020/12/07 4:05 PM,36.5,89.0,33.6,36.5,,,29.77,,,,,,,,,,,,,
Back Fence,Temp & Humidity Sensor,2020/12/07 4:10 PM,36.5,89.0,33.6,36.5,,,29.78,,,,,,,,,,,,,
Back Fence,Temp & Humidity Sensor,2020/12/07 4:15 PM,36.5,89.0,33.6,36.5,,,29.78,,,,,,,,,,,,,
Back Fence,Temp & Humidity Sensor,2020/12/07 4:20 PM,36.5,90.0,33.9,36.5,,,29.78,,,,,,,,,,,,,
Back Fence,Temp & Humidity Sensor,2020/12/07 4:25 PM,36.1,90.0,33.5,36.1,,,29.79,,,,,,,,,,,,,
Back Fence,Temp & Humidity Sensor,2020/12/07 4:30 PM,35.9,91.0,33.5,35.9,,,29.79,,,,,,,,,,,,,
Back Fence,Temp & Humidity Sensor,2020/12/07 4:35 PM,35.7,92.0,33.6,35.7,,,29.79,,,,,,,,,,,,,
Back Fence,Temp & Humidity Sensor,2020/12/07 4:40 PM,35.6,93.0,33.8,35.6,,,29.79,,,,,,,,,,,,,
Back Fence,Temp & Humidity Sensor,2020/12/07 4:45 PM,35.6,94.0,34.0,35.6,,,29.79,,,,,,,,,,,,,
Back Fence,Temp & Humidity Sensor,2020/12/07 4:50 PM,35.6,95.0,34.3,35.6,,,29.79,,,,,,,,,,,,,
Back Fence,Temp & Humidity Sensor,2020/12/07 4:55 PM,35.6,95.0,34.3,35.6,,,29.79,,,,,,,,,,,,,
Back Fence,Temp & Humidity Sensor,2020/12/07 5:00 PM,35.6,95.0,34.3,35.6,,,29.79,,,,,,,,,,,,,
Back Fence,Temp & Humidity Sensor,2020/12/07 5:05 PM,35.6,95.0,34.3,35.6,,,29.79,,,,,,,,,,,,,
Back Fence,Temp & Humidity Sensor,2020/12/07 5:10 PM,35.6,95.0,34.3,35.6,,,29.8,,,,,,,,,,,,,
Back Fence,Temp & Humidity Sensor,2020/12/07 5:15 PM,35.6,96.0,34.6,35.6,,,29.8,,,,,,,,,,,,,
Back Fence,Temp & Humidity Sensor,2020/12/07 5:20 PM,35.6,96.0,34.6,35.6,,,29.8,,,,,,,,,,,,,
Back Fence,Temp & Humidity Sensor,2020/12/07 5:25 PM,35.6,96.0,34.6,35.6,,,29.8,,,,,,,,,,,,,
Back Fence,Temp & Humidity Sensor,2020/12/07 5:30 PM,35.6,97.0,34.8,35.6,,,29.8,,,,,,,,,,,,,
Back Fence,Temp & Humidity Sensor,2020/12/07 5:35 PM,35.6,97.0,34.8,35.6,,,29.8,,,,,,,,,,,,,
Back Fence,Temp & Humidity Sensor,2020/12/07 5:40 PM,35.6,97.0,34.8,35.6,,,29.8,,,,,,,,,,,,,
Back Fence,Temp & Humidity Sensor,2020/12/07 5:45 PM,35.6,97.0,34.8,35.6,,,29.8,,,,,,,,,,,,,
Back Fence,Temp & Humidity Sensor,2020/12/07 5:50 PM,35.6,97.0,34.8,35.6,,,29.81,,,,,,,,,,,,,
Back Fence,Temp & Humidity Sensor,2020/12/07 5:55 PM,35.6,97.0,34.8,35.6,,,29.81,,,,,,,,,,,,,
Back Fence,Temp & Humidity Sensor,2020/12/07 6:00 PM,35.6,97.0,34.8,35.6,,,29.81,,,,,,,,,,,,,
Back Fence,Temp & Humidity Sensor,2020/12/07 6:05 PM,35.6,97.0,34.8,35.6,,,29.82,,,,,,,,,,,,,
Back Fence,Temp & Humidity Sensor,2020/12/07 6:10 PM,35.6,97.0,34.8,35.6,,,29.82,,,,,,,,,,,,,
Back Fence,Temp & Humidity Sensor,2020/12/07 6:15 PM,35.6,97.0,34.8,35.6,,,29.82,,,,,,,,,,,,,
Back Fence,Temp & Humidity Sensor,2020/12/07 6:20 PM,35.6,97.0,34.8,35.6,,,29.82,,,,,,,,,,,,,
Back Fence,Temp & Humidity Sensor,2020/12/07 6:25 PM,35.6,97.0,34.8,35.6,,,29.83,,,,,,,,,,,,,
Back Fence,Temp & Humidity Sensor,2020/12/07 6:30 PM,35.6,96.0,34.6,35.6,,,29.83,,,,,,,,,,,,,
Back Fence,Temp & Humidity Sensor,2020/12/07 6:35 PM,35.6,96.0,34.6,35.6,,,29.83,,,,,,,,,,,,,
Back Fence,Temp & Humidity Sensor,2020/12/07 6:40 PM,35.6,96.0,34.6,35.6,,,29.83,,,,,,,,,,,,,
Back Fence,Temp & Humidity Sensor,2020/12/07 6:45 PM,35.6,95.0,34.3,35.6,,,29.83,,,,,,,,,,,,,
Back Fence,Temp & Humidity Sensor,2020/12/07 6:50 PM,35.6,95.0,34.3,35.6,,,29.83,,,,,,,,,,,,,
Back Fence,Temp & Humidity Sensor,2020/12/07 6:55 PM,35.6,94.0,34.0,35.6,,,29.83,,,,,,,,,,,,,
Back Fence,Temp & Humidity Sensor,2020/12/07 7:00 PM,35.6,94.0,34.0,35.6,,,29.83,,,,,,,,,,,,,
Back Fence,Temp & Humidity Sensor,2020/12/07 7:05 PM,35.6,94.0,34.0,35.6,,,29.83,,,,,,,,,,,,,
Back Fence,Temp & Humidity Sensor,2020/12/07 7:10 PM,35.6,94.0,34.0,35.6,,,29.83,,,,,,,,,,,,,
Back Fence,Temp & Humidity Sensor,2020/12/07 7:15 PM,35.4,94.0,33.8,35.4,,,29.84,,,,,,,,,,,,,
Back Fence,Temp & Humidity Sensor,2020/12/07 7:20 PM,35.6,94.0,34.0,35.6,,,29.84,,,,,,,,,,,,,
Back Fence,Temp & Humidity Sensor,2020/12/07 7:25 PM,35.2,95.0,33.9,35.2,,,29.84,,,,,,,,,,,,,
Back Fence,Temp & Humidity Sensor,2020/12/07 7:30 PM,35.4,95.0,34.1,35.4,,,29.84,,,,,,,,,,,,,
Back Fence,Temp & Humidity Sensor,2020/12/07 7:35 PM,35.6,94.0,34.0,35.6,,,29.85,,,,,,,,,,,,,
Back Fence,Temp & Humidity Sensor,2020/12/07 7:40 PM,35.6,94.0,34.0,35.6,,,29.85,,,,,,,,,,,,,
Back Fence,Temp & Humidity Sensor,2020/12/07 7:45 PM,35.6,93.0,33.8,35.6,,,29.85,,,,,,,,,,,,,
Back Fence,Temp & Humidity Sensor,2020/12/07 7:50 PM,35.6,93.0,33.8,35.6,,,29.85,,,,,,,,,,,,,
Back Fence,Temp & Humidity Sensor,2020/12/07 7:55 PM,35.6,92.0,33.5,35.6,,,29.85,,,,,,,,,,,,,
Back Fence,Temp & Humidity Sensor,2020/12/07 8:00 PM,35.7,92.0,33.6,35.7,,,29.85,,,,,,,,,,,,,
Back Fence,Temp & Humidity Sensor,2020/12/07 8:05 PM,35.7,92.0,33.6,35.7,,,29.85,,,,,,,,,,,,,
Back Fence,Temp & Humidity Sensor,2020/12/07 8:10 PM,35.7,90.0,33.1,35.7,,,29.85,,,,,,,,,,,,,
Back Fence,Temp & Humidity Sensor,2020/12/07 8:15 PM,35.9,90.0,33.3,35.9,,,29.86,,,,,,,,,,,,,
Back Fence,Temp & Humidity Sensor,2020/12/07 8:20 PM,35.9,90.0,33.3,35.9,,,29.86,,,,,,,,,,,,,
Back Fence,Temp & Humidity Sensor,2020/12/07 8:25 PM,35.9,91.0,33.5,35.9,,,29.86,,,,,,,,,,,,,
Back Fence,Temp & Humidity Sensor,2020/12/07 8:30 PM,35.9,91.0,33.5,35.9,,,29.86,,,,,,,,,,,,,
Back Fence,Temp & Humidity Sensor,2020/12/07 8:35 PM,36.1,90.0,33.5,36.1,,,29.86,,,,,,,,,,,,,
Back Fence,Temp & Humidity Sensor,2020/12/07 8:40 PM,36.1,89.0,33.2,36.1,,,29.86,,,,,,,,,,,,,
Back Fence,Temp & Humidity Sensor,2020/12/07 8:45 PM,36.3,88.0,33.1,36.3,,,29.87,,,,,,,,,,,,,
Back Fence,Temp & Humidity Sensor,2020/12/07 8:50 PM,36.5,87.0,33.0,36.5,,,29.87,,,,,,,,,,,,,
Back Fence,Temp & Humidity Sensor,2020/12/07 8:55 PM,36.6,85.0,32.5,36.6,,,29.87,,,,,,,,,,,,,
Back Fence,Temp & Humidity Sensor,2020/12/07 9:00 PM,36.6,85.0,32.5,36.6,,,29.87,,,,,,,,,,,,,
Back Fence,Temp & Humidity Sensor,2020/12/07 9:05 PM,36.6,85.0,32.5,36.6,,,29.86,,,,,,,,,,,,,
Back Fence,Temp & Humidity Sensor,2020/12/07 9:10 PM,36.8,84.0,32.4,36.8,,,29.87,,,,,,,,,,,,,
Back Fence,Temp & Humidity Sensor,2020/12/07 9:15 PM,36.8,83.0,32.1,36.8,,,29.87,,,,,,,,,,,,,
Back Fence,Temp & Humidity Sensor,2020/12/07 9:20 PM,36.8,82.0,31.8,36.8,,,29.87,,,,,,,,,,,,,
Back Fence,Temp & Humidity Sensor,2020/12/07 9:25 PM,37.0,81.0,31.7,37.0,,,29.88,,,,,,,,,,,,,
Back Fence,Temp & Humidity Sensor,2020/12/07 9:30 PM,36.8,81.0,31.5,36.8,,,29.88,,,,,,,,,,,,,
Back Fence,Temp & Humidity Sensor,2020/12/07 9:35 PM,36.6,80.0,31.0,36.6,,,29.87,,,,,,,,,,,,,
Back Fence,Temp & Humidity Sensor,2020/12/07 9:40 PM,36.6,81.0,31.3,36.6,,,29.88,,,,,,,,,,,,,
Back Fence,Temp & Humidity Sensor,2020/12/07 9:45 PM,36.6,80.0,31.0,36.6,,,29.88,,,,,,,,,,,,,
Back Fence,Temp & Humidity Sensor,2020/12/07 9:50 PM,36.6,76.0,29.8,36.6,,,29.89,,,,,,,,,,,,,
Back Fence,Temp & Humidity Sensor,2020/12/07 9:55 PM,36.8,73.0,29.0,36.8,,,29.89,,,,,,,,,,,,,
Back Fence,Temp & Humidity Sensor,2020/12/07 10:00 PM,36.6,70.0,27.8,36.6,,,29.89,,,,,,,,,,,,,
Back Fence,Temp & Humidity Sensor,2020/12/07 10:05 PM,36.5,74.0,29.0,36.5,,,29.89,,,,,,,,,,,,,
Back Fence,Temp & Humidity Sensor,2020/12/07 10:10 PM,36.5,69.0,27.3,36.5,,,29.89,,,,,,,,,,,,,
Back Fence,Temp & Humidity Sensor,2020/12/07 10:15 PM,36.5,69.0,27.3,36.5,,,29.89,,,,,,,,,,,,,
Back Fence,Temp & Humidity Sensor,2020/12/07 10:20 PM,36.3,71.0,27.8,36.3,,,29.9,,,,,,,,,,,,,
Back Fence,Temp & Humidity Sensor,2020/12/07 10:25 PM,36.3,69.0,27.1,36.3,,,29.9,,,,,,,,,,,,,
Back Fence,Temp & Humidity Sensor,2020/12/07 10:30 PM,36.5,67.0,26.6,36.5,,,29.9,,,,,,,,,,,,,
Back Fence,Temp & Humidity Sensor,2020/12/07 10:35 PM,36.1,68.0,26.6,36.1,,,29.9,,,,,,,,,,,,,
Back Fence,Temp & Humidity Sensor,2020/12/07 10:40 PM,35.7,67.0,25.8,35.7,,,29.9,,,,,,,,,,,,,
Back Fence,Temp & Humidity Sensor,2020/12/07 10:45 PM,35.6,66.0,25.4,35.6,,,29.9,,,,,,,,,,,,,
Back Fence,Temp & Humidity Sensor,2020/12/07 10:50 PM,35.2,69.0,26.1,35.2,,,29.9,,,,,,,,,,,,,
Back Fence,Temp & Humidity Sensor,2020/12/07 10:55 PM,34.8,69.0,25.7,34.8,,,29.9,,,,,,,,,,,,,
Back Fence,Temp & Humidity Sensor,2020/12/07 11:00 PM,34.7,69.0,25.6,34.7,,,29.91,,,,,,,,,,,,,
Back Fence,Temp & Humidity Sensor,2020/12/07 11:05 PM,34.5,68.0,25.0,34.5,,,29.9,,,,,,,,,,,,,
Back Fence,Temp & Humidity Sensor,2020/12/07 11:10 PM,34.5,69.0,25.4,34.5,,,29.91,,,,,,,,,,,,,
Back Fence,Temp & Humidity Sensor,2020/12/07 11:15 PM,34.1,71.0,25.7,34.1,,,29.91,,,,,,,,,,,,,
Back Fence,Temp & Humidity Sensor,2020/12/07 11:20 PM,33.9,70.0,25.2,33.9,,,29.91,,,,,,,,,,,,,
Back Fence,Temp & Humidity Sensor,2020/12/07 11:25 PM,33.8,70.0,25.1,33.8,,,29.91,,,,,,,,,,,,,
Back Fence,Temp & Humidity Sensor,2020/12/07 11:30 PM,33.4,72.0,25.4,33.4,,,29.92,,,,,,,,,,,,,
Back Fence,Temp & Humidity Sensor,2020/12/07 11:35 PM,33.2,72.0,25.2,33.2,,,29.92,,,,,,,,,,,,,
Back Fence,Temp & Humidity Sensor,2020/12/07 11:40 PM,33.0,71.0,24.6,33.0,,,29.91,,,,,,,,,,,,,
Back Fence,Temp & Humidity Sensor,2020/12/07 11:45 PM,32.5,74.0,25.2,32.5,,,29.92,,,,,,,,,,,,,
Back Fence,Temp & Humidity Sensor,2020/12/07 11:50 PM,32.0,75.0,25.0,32.0,,,29.91,,,,,,,,,,,,,
Back Fence,Temp & Humidity Sensor,2020/12/07 11:55 PM,32.0,77.0,25.6,32.0,,,29.91,,,,,,,,,,,,,
Back Fence,Temp & Humidity Sensor,2020/12/08 12:00 AM,32.0,78.0,25.9,32.0,,,29.91,,,,,,,,,,,,,
Back Fence,Temp & Humidity Sensor,2020/12/08 12:05 AM,31.8,78.0,25.7,31.8,,,29.91,,,,,,,,,,,,,
Back Fence,Temp & Humidity Sensor,2020/12/08 12:10 AM,31.8,77.0,25.4,31.8,,,29.91,,,,,,,,,,,,,
Back Fence,Temp & Humidity Sensor,2020/12/08 12:15 AM,32.0,75.0,25.0,32.0,,,29.91,,,,,,,,,,,,,
Back Fence,Temp & Humidity Sensor,2020/12/08 12:20 AM,31.6,75.0,24.6,31.6,,,29.91,,,,,,,,,,,,,
Back Fence,Temp & Humidity Sensor,2020/12/08 12:25 AM,31.4,77.0,25.0,31.4,,,29.91,,,,,,,,,,,,,
Back Fence,Temp & Humidity Sensor,2020/12/08 12:30 AM,31.2,77.0,24.8,31.2,,,29.9,,,,,,,,,,,,,
Back Fence,Temp & Humidity Sensor,2020/12/08 12:35 AM,31.1,78.0,25.1,31.1,,,29.91,,,,,,,,,,,,,
Back Fence,Temp & Humidity Sensor,2020/12/08 12:40 AM,30.5,79.0,24.8,30.5,,,29.91,,,,,,,,,,,,,
Back Fence,Temp & Humidity Sensor,2020/12/08 12:45 AM,30.2,81.0,25.1,30.2,,,29.91,,,,,,,,,,,,,
Back Fence,Temp & Humidity Sensor,2020/12/08 12:50 AM,29.8,82.0,25.0,29.8,,,29.91,,,,,,,,,,,,,
Back Fence,Temp & Humidity Sensor,2020/12/08 12:55 AM,29.6,83.0,25.1,29.6,,,29.91,,,,,,,,,,,,,
Back Fence,Temp & Humidity Sensor,2020/12/08 1:00 AM,29.8,84.0,25.6,29.8,,,29.9,,,,,,,,,,,,,
Back Fence,Temp & Humidity Sensor,2020/12/08 1:05 AM,29.6,84.0,25.4,29.6,,,29.9,,,,,,,,,,,,,
Back Fence,Temp & Humidity Sensor,2020/12/08 1:10 AM,29.3,84.0,25.1,29.3,,,29.9,,,,,,,,,,,,,
Back Fence,Temp & Humidity Sensor,2020/12/08 1:15 AM,29.3,85.0,25.4,29.3,,,29.9,,,,,,,,,,,,,
Back Fence,Temp & Humidity Sensor,2020/12/08 1:20 AM,29.4,86.0,25.7,29.4,,,29.9,,,,,,,,,,,,,
Back Fence,Temp & Humidity Sensor,2020/12/08 1:25 AM,29.1,87.0,25.7,29.1,,,29.9,,,,,,,,,,,,,
Back Fence,Temp & Humidity Sensor,2020/12/08 1:30 AM,28.9,86.0,25.2,28.9,,,29.9,,,,,,,,,,,,,
Back Fence,Temp & Humidity Sensor,2020/12/08 1:35 AM,28.7,86.0,25.1,28.7,,,29.9,,,,,,,,,,,,,
Back Fence,Temp & Humidity Sensor,2020/12/08 1:40 AM,28.5,87.0,25.1,28.5,,,29.91,,,,,,,,,,,,,
Back Fence,Temp & Humidity Sensor,2020/12/08 1:45 AM,28.4,87.0,25.0,28.4,,,29.91,,,,,,,,,,,,,
Back Fence,Temp & Humidity Sensor,2020/12/08 1:50 AM,28.4,88.0,25.3,28.4,,,29.91,,,,,,,,,,,,,
Back Fence,Temp & Humidity Sensor,2020/12/08 1:55 AM,28.4,88.0,25.3,28.4,,,29.91,,,,,,,,,,,,,
Back Fence,Temp & Humidity Sensor,2020/12/08 2:00 AM,28.5,88.0,25.4,28.5,,,29.91,,,,,,,,,,,,,
Back Fence,Temp & Humidity Sensor,2020/12/08 2:05 AM,28.4,88.0,25.3,28.4,,,29.91,,,,,,,,,,,,,
Back Fence,Temp & Humidity Sensor,2020/12/08 2:10 AM,28.4,89.0,25.6,28.4,,,29.91,,,,,,,,,,,,,
Back Fence,Temp & Humidity Sensor,2020/12/08 2:15 AM,28.4,90.0,25.8,28.4,,,29.91,,,,,,,,,,,,,
Back Fence,Temp & Humidity Sensor,2020/12/08 2:20 AM,28.0,91.0,25.7,28.0,,,29.91,,,,,,,,,,,,,
Back Fence,Temp & Humidity Sensor,2020/12/08 2:25 AM,27.8,91.0,25.5,27.8,,,29.91,,,,,,,,,,,,,
Back Fence,Temp & Humidity Sensor,2020/12/08 2:30 AM,27.8,91.0,25.5,27.8,,,29.91,,,,,,,,,,,,,
Back Fence,Temp & Humidity Sensor,2020/12/08 2:35 AM,28.0,92.0,26.0,28.0,,,29.91,,,,,,,,,,,,,
Back Fence,Temp & Humidity Sensor,2020/12/08 2:40 AM,28.0,92.0,26.0,28.0,,,29.91,,,,,,,,,,,,,
Back Fence,Temp & Humidity Sensor,2020/12/08 2:45 AM,27.5,91.0,25.2,27.5,,,29.91,,,,,,,,,,,,,
Back Fence,Temp & Humidity Sensor,2020/12/08 2:50 AM,27.5,91.0,25.2,27.5,,,29.91,,,,,,,,,,,,,
Back Fence,Temp & Humidity Sensor,2020/12/08 2:55 AM,27.6,94.0,26.1,27.6,,,29.91,,,,,,,,,,,,,
Back Fence,Temp & Humidity Sensor,2020/12/08 3:00 AM,27.6,94.0,26.1,27.6,,,29.91,,,,,,,,,,,,,
Back Fence,Temp & Humidity Sensor,2020/12/08 3:05 AM,27.5,93.0,25.7,27.5,,,29.92,,,,,,,,,,,,,
Back Fence,Temp & Humidity Sensor,2020/12/08 3:10 AM,27.6,93.0,25.8,27.6,,,29.92,,,,,,,,,,,,,
Back Fence,Temp & Humidity Sensor,2020/12/08 3:15 AM,27.8,93.0,26.0,27.8,,,29.92,,,,,,,,,,,,,
Back Fence,Temp & Humidity Sensor,2020/12/08 3:20 AM,27.8,93.0,26.0,27.8,,,29.92,,,,,,,,,,,,,
Back Fence,Temp & Humidity Sensor,2020/12/08 3:25 AM,27.8,92.0,25.8,27.8,,,29.92,,,,,,,,,,,,,
Back Fence,Temp & Humidity Sensor,2020/12/08 3:30 AM,27.6,92.0,25.6,27.6,,,29.92,,,,,,,,,,,,,
Back Fence,Temp & Humidity Sensor,2020/12/08 3:35 AM,27.5,92.0,25.5,27.5,,,29.93,,,,,,,,,,,,,
Back Fence,Temp & Humidity Sensor,2020/12/08 3:40 AM,27.5,93.0,25.7,27.5,,,29.93,,,,,,,,,,,,,
Back Fence,Temp & Humidity Sensor,2020/12/08 3:45 AM,27.5,93.0,25.7,27.5,,,29.93,,,,,,,,,,,,,
Back Fence,Temp & Humidity Sensor,2020/12/08 3:50 AM,27.5,93.0,25.7,27.5,,,29.94,,,,,,,,,,,,,
Back Fence,Temp & Humidity Sensor,2020/12/08 3:55 AM,26.9,93.0,25.2,26.9,,,29.93,,,,,,,,,,,,,
Back Fence,Temp & Humidity Sensor,2020/12/08 4:00 AM,27.1,95.0,25.9,27.1,,,29.94,,,,,,,,,,,,,
Back Fence,Temp & Humidity Sensor,2020/12/08 4:05 AM,26.9,97.0,26.2,26.9,,,29.93,,,,,,,,,,,,,
Back Fence,Temp & Humidity Sensor,2020/12/08 4:10 AM,26.7,97.0,26.0,26.7,,,29.93,,,,,,,,,,,,,
Back Fence,Temp & Humidity Sensor,2020/12/08 4:15 AM,26.9,97.0,26.2,26.9,,,29.93,,,,,,,,,,,,,
Back Fence,Temp & Humidity Sensor,2020/12/08 4:20 AM,26.7,96.0,25.7,26.7,,,29.94,,,,,,,,,,,,,
Back Fence,Temp & Humidity Sensor,2020/12/08 4:25 AM,26.7,96.0,25.7,26.7,,,29.94,,,,,,,,,,,,,
Back Fence,Temp & Humidity Sensor,2020/12/08 4:30 AM,26.9,96.0,25.9,26.9,,,29.94,,,,,,,,,,,,,
Back Fence,Temp & Humidity Sensor,2020/12/08 4:35 AM,26.9,96.0,25.9,26.9,,,29.94,,,,,,,,,,,,,
Back Fence,Temp & Humidity Sensor,2020/12/08 4:40 AM,27.5,96.0,26.5,27.5,,,29.94,,,,,,,,,,,,,
Back Fence,Temp & Humidity Sensor,2020/12/08 4:45 AM,27.1,95.0,25.9,27.1,,,29.94,,,,,,,,,,,,,
Back Fence,Temp & Humidity Sensor,2020/12/08 4:50 AM,26.9,95.0,25.7,26.9,,,29.94,,,,,,,,,,,,,
Back Fence,Temp & Humidity Sensor,2020/12/08 4:55 AM,26.9,95.0,25.7,26.9,,,29.94,,,,,,,,,,,,,
Back Fence,Temp & Humidity Sensor,2020/12/08 5:00 AM,26.7,96.0,25.7,26.7,,,29.94,,,,,,,,,,,,,
Back Fence,Temp & Humidity Sensor,2020/12/08 5:05 AM,26.7,96.0,25.7,26.7,,,29.95,,,,,,,,,,,,,
Back Fence,Temp & Humidity Sensor,2020/12/08 5:10 AM,26.7,96.0,25.7,26.7,,,29.95,,,,,,,,,,,,,
Back Fence,Temp & Humidity Sensor,2020/12/08 5:15 AM,26.9,96.0,25.9,26.9,,,29.95,,,,,,,,,,,,,
Back Fence,Temp & Humidity Sensor,2020/12/08 5:20 AM,26.9,98.0,26.4,26.9,,,29.95,,,,,,,,,,,,,
Back Fence,Temp & Humidity Sensor,2020/12/08 5:25 AM,26.7,98.0,26.2,26.7,,,29.95,,,,,,,,,,,,,
Back Fence,Temp & Humidity Sensor,2020/12/08 5:30 AM,26.6,98.0,26.1,26.6,,,29.95,,,,,,,,,,,,,
Back Fence,Temp & Humidity Sensor,2020/12/08 5:35 AM,26.6,98.0,26.1,26.6,,,29.95,,,,,,,,,,,,,
Back Fence,Temp & Humidity Sensor,2020/12/08 5:40 AM,26.6,98.0,26.1,26.6,,,29.95,,,,,,,,,,,,,
Back Fence,Temp & Humidity Sensor,2020/12/08 5:45 AM,26.6,98.0,26.1,26.6,,,29.96,,,,,,,,,,,,,
Back Fence,Temp & Humidity Sensor,2020/12/08 5:50 AM,26.6,98.0,26.1,26.6,,,29.96,,,,,,,,,,,,,
Back Fence,Temp & Humidity Sensor,2020/12/08 5:55 AM,26.6,98.0,26.1,26.6,,,29.96,,,,,,,,,,,,,
Back Fence,Temp & Humidity Sensor,2020/12/08 6:00 AM,26.4,99.0,26.2,26.4,,,29.96,,,,,,,,,,,,,
Back Fence,Temp & Humidity Sensor,2020/12/08 6:05 AM,26.4,99.0,26.2,26.4,,,29.96,,,,,,,,,,,,,
Back Fence,Temp & Humidity Sensor,2020/12/08 6:10 AM,26.2,99.0,26.0,26.2,,,29.96,,,,,,,,,,,,,
Back Fence,Temp & Humidity Sensor,2020/12/08 6:15 AM,26.2,99.0,26.0,26.2,,,29.96,,,,,,,,,,,,,
Back Fence,Temp & Humidity Sensor,2020/12/08 6:20 AM,26.0,98.0,25.5,26.0,,,29.96,,,,,,,,,,,,,
Back Fence,Temp & Humidity Sensor,2020/12/08 6:25 AM,26.0,98.0,25.5,26.0,,,29.96,,,,,,,,,,,,,
Back Fence,Temp & Humidity Sensor,2020/12/08 6:30 AM,25.8,98.0,25.3,25.8,,,29.97,,,,,,,,,,,,,
Back Fence,Temp & Humidity Sensor,2020/12/08 6:35 AM,25.7,98.0,25.2,25.7,,,29.97,,,,,,,,,,,,,
Back Fence,Temp & Humidity Sensor,2020/12/08 6:40 AM,25.8,98.0,25.3,25.8,,,29.97,,,,,,,,,,,,,
Back Fence,Temp & Humidity Sensor,2020/12/08 6:45 AM,25.8,98.0,25.3,25.8,,,29.97,,,,,,,,,,,,,
Back Fence,Temp & Humidity Sensor,2020/12/08 6:50 AM,25.8,98.0,25.3,25.8,,,29.97,,,,,,,,,,,,,
Back Fence,Temp & Humidity Sensor,2020/12/08 6:55 AM,25.8,98.0,25.3,25.8,,,29.97,,,,,,,,,,,,,
Back Fence,Temp & Humidity Sensor,2020/12/08 7:00 AM,25.8,98.0,25.3,25.8,,,29.98,,,,,,,,,,,,,
Back Fence,Temp & Humidity Sensor,2020/12/08 7:05 AM,25.8,98.0,25.3,25.8,,,29.98,,,,,,,,,,,,,
Back Fence,Temp & Humidity Sensor,2020/12/08 7:10 AM,25.8,98.0,25.3,25.8,,,29.98,,,,,,,,,,,,,
Back Fence,Temp & Humidity Sensor,2020/12/08 7:15 AM,25.7,98.0,25.2,25.7,,,29.99,,,,,,,,,,,,,
Back Fence,Temp & Humidity Sensor,2020/12/08 7:20 AM,25.7,98.0,25.2,25.7,,,29.99,,,,,,,,,,,,,
Back Fence,Temp & Humidity Sensor,2020/12/08 7:25 AM,25.8,98.0,25.3,25.8,,,29.99,,,,,,,,,,,,,
Back Fence,Temp & Humidity Sensor,2020/12/08 7:30 AM,26.2,99.0,26.0,26.2,,,29.99,,,,,,,,,,,,,
Back Fence,Temp & Humidity Sensor,2020/12/08 7:35 AM,26.0,99.0,25.8,26.0,,,29.99,,,,,,,,,,,,,
Back Fence,Temp & Humidity Sensor,2020/12/08 7:40 AM,26.0,99.0,25.8,26.0,,,29.99,,,,,,,,,,,,,
Back Fence,Temp & Humidity Sensor,2020/12/08 7:45 AM,26.4,99.0,26.2,26.4,,,29.99,,,,,,,,,,,,,
Back Fence,Temp & Humidity Sensor,2020/12/08 7:50 AM,26.6,97.0,25.9,26.6,,,29.99,,,,,,,,,,,,,
Back Fence,Temp & Humidity Sensor,2020/12/08 7:55 AM,26.9,96.0,25.9,26.9,,,30.0,,,,,,,,,,,,,
Back Fence,Temp & Humidity Sensor,2020/12/08 8:00 AM,27.3,95.0,26.1,27.3,,,30.0,,,,,,,,,,,,,
Back Fence,Temp & Humidity Sensor,2020/12/08 8:05 AM,27.8,94.0,26.3,27.8,,,29.99,,,,,,,,,,,,,
Back Fence,Temp & Humidity Sensor,2020/12/08 8:10 AM,28.2,93.0,26.4,28.2,,,30.0,,,,,,,,,,,,,
Back Fence,Temp & Humidity Sensor,2020/12/08 8:15 AM,28.4,91.0,26.1,28.4,,,30.0,,,,,,,,,,,,,
Back Fence,Temp & Humidity Sensor,2020/12/08 8:20 AM,28.5,92.0,26.5,28.5,,,30.0,,,,,,,,,,,,,
Back Fence,Temp & Humidity Sensor,2020/12/08 8:25 AM,29.8,86.0,26.1,29.8,,,30.0,,,,,,,,,,,,,
Back Fence,Temp & Humidity Sensor,2020/12/08 8:30 AM,30.5,81.0,25.4,30.5,,,30.0,,,,,,,,,,,,,
Back Fence,Temp & Humidity Sensor,2020/12/08 8:35 AM,31.1,79.0,25.4,31.1,,,30.0,,,,,,,,,,,,,
Back Fence,Temp & Humidity Sensor,2020/12/08 8:40 AM,31.4,77.0,25.0,31.4,,,30.0,,,,,,,,,,,,,
Back Fence,Temp & Humidity Sensor,2020/12/08 8:45 AM,31.8,79.0,26.0,31.8,,,30.0,,,,,,,,,,,,,
Back Fence,Temp & Humidity Sensor,2020/12/08 8:50 AM,32.5,79.0,26.7,32.5,,,30.0,,,,,,,,,,,,,
Back Fence,Temp & Humidity Sensor,2020/12/08 8:55 AM,33.0,77.0,26.6,33.0,,,30.0,,,,,,,,,,,,,
Back Fence,Temp & Humidity Sensor,2020/12/08 9:00 AM,34.1,77.0,27.7,34.1,,,30.0,,,,,,,,,,,,,
Back Fence,Temp & Humidity Sensor,2020/12/08 9:05 AM,33.9,75.0,26.8,33.9,,,30.01,,,,,,,,,,,,,
Back Fence,Temp & Humidity Sensor,2020/12/08 9:10 AM,34.1,70.0,25.4,34.1,,,30.01,,,,,,,,,,,,,
Back Fence,Temp & Humidity Sensor,2020/12/08 9:15 AM,34.7,68.0,25.2,34.7,,,30.01,,,,,,,,,,,,,
Back Fence,Temp & Humidity Sensor,2020/12/08 9:20 AM,34.8,67.0,25.0,34.8,,,30.02,,,,,,,,,,,,,
Back Fence,Temp & Humidity Sensor,2020/12/08 9:25 AM,35.2,67.0,25.4,35.2,,,30.02,,,,,,,,,,,,,
Back Fence,Temp & Humidity Sensor,2020/12/08 9:30 AM,35.4,65.0,24.8,35.4,,,30.02,,,,,,,,,,,,,
Back Fence,Temp & Humidity Sensor,2020/12/08 9:35 AM,35.6,63.0,24.3,35.6,,,30.02,,,,,,,,,,,,,
Back Fence,Temp & Humidity Sensor,2020/12/08 9:40 AM,35.9,62.0,24.2,35.9,,,30.03,,,,,,,,,,,,,
Back Fence,Temp & Humidity Sensor,2020/12/08 9:45 AM,36.6,62.0,24.8,36.6,,,30.03,,,,,,,,,,,,,
Back Fence,Temp & Humidity Sensor,2020/12/08 9:50 AM,37.2,60.0,24.6,37.2,,,30.03,,,,,,,,,,,,,
Back Fence,Temp & Humidity Sensor,2020/12/08 9:55 AM,37.4,62.0,25.6,37.4,,,30.03,,,,,,,,,,,,,
Back Fence,Temp & Humidity Sensor,2020/12/08 10:00 AM,37.2,61.0,25.0,37.2,,,30.03,,,,,,,,,,,,,
Back Fence,Temp & Humidity Sensor,2020/12/08 10:05 AM,37.4,59.0,24.4,37.4,,,30.03,,,,,,,,,,,,,
Back Fence,Temp & Humidity Sensor,2020/12/08 10:10 AM,39.3,60.0,26.6,39.3,,,30.03,,,,,,,,,,,,,
Back Fence,Temp & Humidity Sensor,2020/12/08 10:15 AM,41.1,58.0,27.5,37.6,,,30.03,,,,,,,,,,,,,
Back Fence,Temp & Humidity Sensor,2020/12/08 10:20 AM,41.3,54.0,25.9,37.7,,,30.03,,,,,,,,,,,,,
Back Fence,Temp & Humidity Sensor,2020/12/08 10:25 AM,39.9,54.0,24.6,39.9,,,30.03,,,,,,,,,,,,,
Back Fence,Temp & Humidity Sensor,2020/12/08 10:30 AM,41.1,52.0,24.8,37.4,,,30.03,,,,,,,,,,,,,
Back Fence,Temp & Humidity Sensor,2020/12/08 10:35 AM,42.4,53.0,26.5,38.8,,,30.03,,,,,,,,,,,,,
Back Fence,Temp & Humidity Sensor,2020/12/08 10:40 AM,41.7,52.0,25.4,38.0,,,30.03,,,,,,,,,,,,,
Back Fence,Temp & Humidity Sensor,2020/12/08 10:45 AM,40.4,51.0,23.7,36.5,,,30.03,,,,,,,,,,,,,
Back Fence,Temp & Humidity Sensor,2020/12/08 10:50 AM,39.9,52.0,23.7,39.9,,,30.03,,,,,,,,,,,,,
Back Fence,Temp & Humidity Sensor,2020/12/08 10:55 AM,39.7,52.0,23.5,39.7,,,30.03,,,,,,,,,,,,,
Back Fence,Temp & Humidity Sensor,2020/12/08 11:00 AM,40.8,51.0,24.1,37.0,,,30.03,,,,,,,,,,,,,
Back Fence,Temp & Humidity Sensor,2020/12/08 11:05 AM,40.2,52.0,24.0,36.4,,,30.03,,,,,,,,,,,,,
Back Fence,Temp & Humidity Sensor,2020/12/08 11:10 AM,40.1,52.0,23.9,36.3,,,30.04,,,,,,,,,,,,,
Back Fence,Temp & Humidity Sensor,2020/12/08 11:15 AM,40.2,52.0,24.0,36.4,,,30.03,,,,,,,,,,,,,
Back Fence,Temp & Humidity Sensor,2020/12/08 11:20 AM,40.2,54.0,24.9,36.5,,,30.04,,,,,,,,,,,,,
Back Fence,Temp & Humidity Sensor,2020/12/08 11:25 AM,40.2,53.0,24.5,36.4,,,30.03,,,,,,,,,,,,,
Back Fence,Temp & Humidity Sensor,2020/12/08 11:30 AM,41.5,52.0,25.2,37.8,,,30.03,,,,,,,,,,,,,
Back Fence,Temp & Humidity Sensor,2020/12/08 11:35 AM,41.5,51.0,24.7,37.7,,,30.03,,,,,,,,,,,,,
Back Fence,Temp & Humidity Sensor,2020/12/08 11:40 AM,41.1,50.0,23.9,37.3,,,30.03,,,,,,,,,,,,,
Back Fence,Temp & Humidity Sensor,2020/12/08 11:45 AM,41.7,52.0,25.4,38.0,,,30.03,,,,,,,,,,,,,
Back Fence,Temp & Humidity Sensor,2020/12/08 11:50 AM,42.2,53.0,26.3,38.6,,,30.03,,,,,,,,,,,,,
Back Fence,Temp & Humidity Sensor,2020/12/08 11:55 AM,44.0,52.0,27.5,40.5,,,30.02,,,,,,,,,,,,,
Back Fence,Temp & Humidity Sensor,2020/12/08 12:00 PM,44.4,47.0,25.4,40.7,,,30.02,,,,,,,,,,,,,
Back Fence,Temp & Humidity Sensor,2020/12/08 12:05 PM,44.9,50.0,27.4,41.4,,,30.01,,,,,,,,,,,,,
Back Fence,Temp & Humidity Sensor,2020/12/08 12:10 PM,45.6,47.0,26.5,42.1,,,30.01,,,,,,,,,,,,,
Back Fence,Temp & Humidity Sensor,2020/12/08 12:15 PM,47.6,49.0,29.4,44.4,,,30.01,,,,,,,,,,,,,
Back Fence,Temp & Humidity Sensor,2020/12/08 12:20 PM,48.0,47.0,28.7,44.7,,,30.01,,,,,,,,,,,,,
Back Fence,Temp & Humidity Sensor,2020/12/08 12:25 PM,46.5,44.0,25.8,42.9,,,30.01,,,,,,,,,,,,,
Back Fence,Temp & Humidity Sensor,2020/12/08 12:30 PM,46.7,44.0,26.0,43.1,,,30.0,,,,,,,,,,,,,
Back Fence,Temp & Humidity Sensor,2020/12/08 12:35 PM,47.8,47.0,28.6,44.5,,,30.0,,,,,,,,,,,,,
Back Fence,Temp & Humidity Sensor,2020/12/08 12:40 PM,47.6,45.0,27.3,44.2,,,30.0,,,,,,,,,,,,,
Back Fence,Temp & Humidity Sensor,2020/12/08 12:45 PM,46.9,44.0,26.1,43.4,,,30.0,,,,,,,,,,,,,
Back Fence,Temp & Humidity Sensor,2020/12/08 12:50 PM,45.1,44.0,24.5,41.4,,,30.0,,,,,,,,,,,,,
Back Fence,Temp & Humidity Sensor,2020/12/08 12:55 PM,44.9,44.0,24.3,41.2,,,29.99,,,,,,,,,,,,,
Back Fence,Temp & Humidity Sensor,2020/12/08 1:00 PM,47.4,44.0,26.6,43.9,,,29.99,,,,,,,,,,,,,
Back Fence,Temp & Humidity Sensor,2020/12/08 1:05 PM,46.7,44.0,26.0,43.1,,,29.99,,,,,,,,,,,,,
Back Fence,Temp & Humidity Sensor,2020/12/08 1:10 PM,47.4,44.0,26.6,43.9,,,29.99,,,,,,,,,,,,,
Back Fence,Temp & Humidity Sensor,2020/12/08 1:15 PM,49.8,42.0,27.6,46.5,,,29.99,,,,,,,,,,,,,
Back Fence,Temp & Humidity Sensor,2020/12/08 1:20 PM,46.9,43.0,25.6,43.3,,,29.99,,,,,,,,,,,,,
Back Fence,Temp & Humidity Sensor,2020/12/08 1:25 PM,44.6,43.0,23.5,40.8,,,29.99,,,,,,,,,,,,,
Back Fence,Temp & Humidity Sensor,2020/12/08 1:30 PM,45.1,44.0,24.5,41.4,,,29.99,,,,,,,,,,,,,
Back Fence,Temp & Humidity Sensor,2020/12/08 1:35 PM,46.9,42.0,25.0,43.3,,,29.98,,,,,,,,,,,,,
Back Fence,Temp & Humidity Sensor,2020/12/08 1:40 PM,46.4,44.0,25.7,42.8,,,29.98,,,,,,,,,,,,,
Back Fence,Temp & Humidity Sensor,2020/12/08 1:45 PM,45.8,44.0,25.1,42.1,,,29.98,,,,,,,,,,,,,
Back Fence,Temp & Humidity Sensor,2020/12/08 1:50 PM,46.4,44.0,25.7,42.8,,,29.98,,,,,,,,,,,,,
Back Fence,Temp & Humidity Sensor,2020/12/08 1:55 PM,46.4,44.0,25.7,42.8,,,29.97,,,,,,,,,,,,,
Back Fence,Temp & Humidity Sensor,2020/12/08 2:00 PM,46.0,44.0,25.3,42.4,,,29.97,,,,,,,,,,,,,
Back Fence,Temp & Humidity Sensor,2020/12/08 2:05 PM,47.1,44.0,26.3,43.6,,,29.97,,,,,,,,,,,,,
Back Fence,Temp & Humidity Sensor,2020/12/08 2:10 PM,48.2,43.0,26.8,44.7,,,29.97,,,,,,,,,,,,,
Back Fence,Temp & Humidity Sensor,2020/12/08 2:15 PM,46.2,43.0,25.0,42.5,,,29.97,,,,,,,,,,,,,
Back Fence,Temp & Humidity Sensor,2020/12/08 2:20 PM,45.8,44.0,25.1,42.1,,,29.96,,,,,,,,,,,,,
Back Fence,Temp & Humidity Sensor,2020/12/08 2:25 PM,45.8,44.0,25.1,42.1,,,29.97,,,,,,,,,,,,,
Back Fence,Temp & Humidity Sensor,2020/12/08 2:30 PM,45.1,43.0,24.0,41.3,,,29.97,,,,,,,,,,,,,
Back Fence,Temp & Humidity Sensor,2020/12/08 2:35 PM,44.9,44.0,24.3,41.2,,,29.96,,,,,,,,,,,,,
Back Fence,Temp & Humidity Sensor,2020/12/08 2:40 PM,44.7,45.0,24.7,41.0,,,29.97,,,,,,,,,,,,,
Back Fence,Temp & Humidity Sensor,2020/12/08 2:45 PM,44.6,44.0,24.1,40.8,,,29.96,,,,,,,,,,,,,
Back Fence,Temp & Humidity Sensor,2020/12/08 2:50 PM,44.7,45.0,24.7,41.0,,,29.97,,,,,,,,,,,,,
Back Fence,Temp & Humidity Sensor,2020/12/08 2:55 PM,45.5,45.0,25.4,41.9,,,29.97,,,,,,,,,,,,,
Back Fence,Temp & Humidity Sensor,2020/12/08 3:00 PM,45.5,44.0,24.9,41.8,,,29.97,,,,,,,,,,,,,
Back Fence,Temp & Humidity Sensor,2020/12/08 3:05 PM,44.7,44.0,24.1,40.9,,,29.97,,,,,,,,,,,,,
Back Fence,Temp & Humidity Sensor,2020/12/08 3:10 PM,44.7,45.0,24.7,41.0,,,29.97,,,,,,,,,,,,,
Back Fence,Temp & Humidity Sensor,2020/12/08 3:15 PM,44.4,45.0,24.4,40.7,,,29.97,,,,,,,,,,,,,
Back Fence,Temp & Humidity Sensor,2020/12/08 3:20 PM,44.4,47.0,25.4,40.7,,,29.97,,,,,,,,,,,,,
Back Fence,Temp & Humidity Sensor,2020/12/08 3:25 PM,44.6,45.0,24.6,40.9,,,29.98,,,,,,,,,,,,,
Back Fence,Temp & Humidity Sensor,2020/12/08 3:30 PM,44.4,46.0,24.9,40.7,,,29.98,,,,,,,,,,,,,
Back Fence,Temp & Humidity Sensor,2020/12/08 3:35 PM,44.0,46.0,24.6,40.3,,,29.98,,,,,,,,,,,,,
Back Fence,Temp & Humidity Sensor,2020/12/08 3:40 PM,43.7,47.0,24.8,40.0,,,29.98,,,,,,,,,,,,,
Back Fence,Temp & Humidity Sensor,2020/12/08 3:45 PM,43.3,46.0,23.9,39.5,,,29.98,,,,,,,,,,,,,
Back Fence,Temp & Humidity Sensor,2020/12/08 3:50 PM,43.3,47.0,24.4,39.5,,,29.98,,,,,,,,,,,,,
Back Fence,Temp & Humidity Sensor,2020/12/08 3:55 PM,42.8,49.0,25.0,39.1,,,29.98,,,,,,,,,,,,,
Back Fence,Temp & Humidity Sensor,2020/12/08 4:00 PM,43.5,46.0,24.1,39.7,,,29.98,,,,,,,,,,,,,
Back Fence,Temp & Humidity Sensor,2020/12/08 4:05 PM,43.1,46.0,23.7,39.3,,,29.99,,,,,,,,,,,,,
Back Fence,Temp & Humidity Sensor,2020/12/08 4:10 PM,42.8,47.0,24.0,39.0,,,29.99,,,,,,,,,,,,,
Back Fence,Temp & Humidity Sensor,2020/12/08 4:15 PM,42.2,47.0,23.4,38.3,,,29.99,,,,,,,,,,,,,
Back Fence,Temp & Humidity Sensor,2020/12/08 4:20 PM,42.0,48.0,23.7,38.2,,,29.99,,,,,,,,,,,,,
Back Fence,Temp & Humidity Sensor,2020/12/08 4:25 PM,41.5,49.0,23.8,37.7,,,29.99,,,,,,,,,,,,,
Back Fence,Temp & Humidity Sensor,2020/12/08 4:30 PM,40.8,50.0,23.6,36.9,,,30.0,,,,,,,,,,,,,
Back Fence,Temp & Humidity Sensor,2020/12/08 4:35 PM,40.6,50.0,23.4,36.7,,,30.0,,,,,,,,,,,,,
Back Fence,Temp & Humidity Sensor,2020/12/08 4:40 PM,40.1,50.0,23.0,36.2,,,30.0,,,,,,,,,,,,,
Back Fence,Temp & Humidity Sensor,2020/12/08 4:45 PM,39.7,51.0,23.1,39.7,,,30.0,,,,,,,,,,,,,
Back Fence,Temp & Humidity Sensor,2020/12/08 4:50 PM,39.5,51.0,22.9,39.5,,,30.0,,,,,,,,,,,,,
Back Fence,Temp & Humidity Sensor,2020/12/08 4:55 PM,39.2,52.0,23.1,39.2,,,30.0,,,,,,,,,,,,,
Back Fence,Temp & Humidity Sensor,2020/12/08 5:00 PM,38.6,52.0,22.5,38.6,,,30.0,,,,,,,,,,,,,
Back Fence,Temp & Humidity Sensor,2020/12/08 5:05 PM,37.7,53.0,22.1,37.7,,,30.0,,,,,,,,,,,,,
Back Fence,Temp & Humidity Sensor,2020/12/08 5:10 PM,36.8,54.0,21.7,36.8,,,30.0,,,,,,,,,,,,,
Back Fence,Temp & Humidity Sensor,2020/12/08 5:15 PM,36.5,55.0,21.9,36.5,,,30.0,,,,,,,,,,,,,
Back Fence,Temp & Humidity Sensor,2020/12/08 5:20 PM,36.1,56.0,21.9,36.1,,,30.0,,,,,,,,,,,,,
Back Fence,Temp & Humidity Sensor,2020/12/08 5:25 PM,35.6,57.0,21.9,35.6,,,30.0,,,,,,,,,,,,,
Back Fence,Temp & Humidity Sensor,2020/12/08 5:30 PM,35.4,59.0,22.5,35.4,,,30.0,,,,,,,,,,,,,
Back Fence,Temp & Humidity Sensor,2020/12/08 5:35 PM,35.2,60.0,22.7,35.2,,,30.0,,,,,,,,,,,,,
Back Fence,Temp & Humidity Sensor,2020/12/08 5:40 PM,34.5,61.0,22.5,34.5,,,30.01,,,,,,,,,,,,,
Back Fence,Temp & Humidity Sensor,2020/12/08 5:45 PM,34.1,62.0,22.5,34.1,,,30.01,,,,,,,,,,,,,
Back Fence,Temp & Humidity Sensor,2020/12/08 5:50 PM,34.3,74.0,26.9,34.3,,,30.0,,,,,,,,,,,,,
Back Fence,Temp & Humidity Sensor,2020/12/08 5:55 PM,33.9,70.0,25.2,33.9,,,30.01,,,,,,,,,,,,,
Back Fence,Temp & Humidity Sensor,2020/12/08 6:00 PM,33.6,69.0,24.5,33.6,,,30.01,,,,,,,,,,,,,
Back Fence,Temp & Humidity Sensor,2020/12/08 6:05 PM,33.6,76.0,26.9,33.6,,,30.01,,,,,,,,,,,,,
Back Fence,Temp & Humidity Sensor,2020/12/08 6:10 PM,33.0,72.0,25.0,33.0,,,30.02,,,,,,,,,,,,,
Back Fence,Temp & Humidity Sensor,2020/12/08 6:15 PM,32.9,70.0,24.2,32.9,,,30.01,,,,,,,,,,,,,
Back Fence,Temp & Humidity Sensor,2020/12/08 6:20 PM,32.3,70.0,23.6,32.3,,,30.01,,,,,,,,,,,,,
Back Fence,Temp & Humidity Sensor,2020/12/08 6:25 PM,32.1,70.0,23.4,32.1,,,30.02,,,,,,,,,,,,,
Back Fence,Temp & Humidity Sensor,2020/12/08 6:30 PM,32.0,73.0,24.3,32.0,,,30.02,,,,,,,,,,,,,
Back Fence,Temp & Humidity Sensor,2020/12/08 6:35 PM,31.8,73.0,24.1,31.8,,,30.02,,,,,,,,,,,,,
Back Fence,Temp & Humidity Sensor,2020/12/08 6:40 PM,31.4,73.0,23.8,31.4,,,30.03,,,,,,,,,,,,,
Back Fence,Temp & Humidity Sensor,2020/12/08 6:45 PM,31.4,72.0,23.4,31.4,,,30.03,,,,,,,,,,,,,
Back Fence,Temp & Humidity Sensor,2020/12/08 6:50 PM,31.2,75.0,24.2,31.2,,,30.03,,,,,,,,,,,,,
Back Fence,Temp & Humidity Sensor,2020/12/08 6:55 PM,30.9,74.0,23.6,30.9,,,30.04,,,,,,,,,,,,,
Back Fence,Temp & Humidity Sensor,2020/12/08 7:00 PM,30.5,74.0,23.2,30.5,,,30.04,,,,,,,,,,,,,
Back Fence,Temp & Humidity Sensor,2020/12/08 7:05 PM,30.3,75.0,23.3,30.3,,,30.04,,,,,,,,,,,,,
Back Fence,Temp & Humidity Sensor,2020/12/08 7:10 PM,30.2,74.0,22.9,30.2,,,30.05,,,,,,,,,,,,,
Back Fence,Temp & Humidity Sensor,2020/12/08 7:15 PM,30.2,74.0,22.9,30.2,,,30.05,,,,,,,,,,,,,
Back Fence,Temp & Humidity Sensor,2020/12/08 7:20 PM,30.0,75.0,23.1,30.0,,,30.05,,,,,,,,,,,,,
Back Fence,Temp & Humidity Sensor,2020/12/08 7:25 PM,29.6,75.0,22.7,29.6,,,30.06,,,,,,,,,,,,,
Back Fence,Temp & Humidity Sensor,2020/12/08 7:30 PM,29.4,75.0,22.5,29.4,,,30.06,,,,,,,,,,,,,
Back Fence,Temp & Humidity Sensor,2020/12/08 7:35 PM,29.3,77.0,23.0,29.3,,,30.06,,,,,,,,,,,,,
Back Fence,Temp & Humidity Sensor,2020/12/08 7:40 PM,29.3,76.0,22.7,29.3,,,30.06,,,,,,,,,,,,,
Back Fence,Temp & Humidity Sensor,2020/12/08 7:45 PM,29.3,77.0,23.0,29.3,,,30.06,,,,,,,,,,,,,
Back Fence,Temp & Humidity Sensor,2020/12/08 7:50 PM,29.1,76.0,22.5,29.1,,,30.06,,,,,,,,,,,,,
Back Fence,Temp & Humidity Sensor,2020/12/08 7:55 PM,28.9,77.0,22.6,28.9,,,30.06,,,,,,,,,,,,,
Back Fence,Temp & Humidity Sensor,2020/12/08 8:00 PM,28.7,77.0,22.4,28.7,,,30.06,,,,,,,,,,,,,
Back Fence,Temp & Humidity Sensor,2020/12/08 8:05 PM,28.7,77.0,22.4,28.7,,,30.06,,,,,,,,,,,,,
Back Fence,Temp & Humidity Sensor,2020/12/08 8:10 PM,28.5,77.0,22.2,28.5,,,30.06,,,,,,,,,,,,,
Back Fence,Temp & Humidity Sensor,2020/12/08 8:15 PM,28.4,78.0,22.4,28.4,,,30.06,,,,,,,,,,,,,
Back Fence,Temp & Humidity Sensor,2020/12/08 8:20 PM,28.4,78.0,22.4,28.4,,,30.06,,,,,,,,,,,,,
Back Fence,Temp & Humidity Sensor,2020/12/08 8:25 PM,28.4,78.0,22.4,28.4,,,30.06,,,,,,,,,,,,,
Back Fence,Temp & Humidity Sensor,2020/12/08 8:30 PM,28.4,78.0,22.4,28.4,,,30.06,,,,,,,,,,,,,
Back Fence,Temp & Humidity Sensor,2020/12/08 8:35 PM,28.4,81.0,23.3,28.4,,,30.06,,,,,,,,,,,,,
Back Fence,Temp & Humidity Sensor,2020/12/08 8:40 PM,28.2,84.0,24.0,28.2,,,30.05,,,,,,,,,,,,,
Back Fence,Temp & Humidity Sensor,2020/12/08 8:45 PM,28.0,85.0,24.1,28.0,,,30.05,,,,,,,,,,,,,
Back Fence,Temp & Humidity Sensor,2020/12/08 8:50 PM,28.0,85.0,24.1,28.0,,,30.04,,,,,,,,,,,,,
Back Fence,Temp & Humidity Sensor,2020/12/08 8:55 PM,28.0,83.0,23.5,28.0,,,30.05,,,,,,,,,,,,,
Back Fence,Temp & Humidity Sensor,2020/12/08 9:00 PM,28.0,83.0,23.5,28.0,,,30.05,,,,,,,,,,,,,
Back Fence,Temp & Humidity Sensor,2020/12/08 9:05 PM,27.8,88.0,24.7,27.8,,,30.05,,,,,,,,,,,,,
Back Fence,Temp & Humidity Sensor,2020/12/08 9:10 PM,27.6,86.0,24.0,27.6,,,30.05,,,,,,,,,,,,,
Back Fence,Temp & Humidity Sensor,2020/12/08 9:15 PM,27.6,85.0,23.7,27.6,,,30.05,,,,,,,,,,,,,
Back Fence,Temp & Humidity Sensor,2020/12/08 9:20 PM,27.6,84.0,23.4,27.6,,,30.05,,,,,,,,,,,,,
Back Fence,Temp & Humidity Sensor,2020/12/08 9:25 PM,27.5,84.0,23.3,27.5,,,30.06,,,,,,,,,,,,,
Back Fence,Temp & Humidity Sensor,2020/12/08 9:30 PM,27.5,84.0,23.3,27.5,,,30.06,,,,,,,,,,,,,
Back Fence,Temp & Humidity Sensor,2020/12/08 9:35 PM,27.3,86.0,23.7,27.3,,,30.07,,,,,,,,,,,,,
Back Fence,Temp & Humidity Sensor,2020/12/08 9:40 PM,27.1,86.0,23.5,27.1,,,30.07,,,,,,,,,,,,,
Back Fence,Temp & Humidity Sensor,2020/12/08 9:45 PM,27.1,86.0,23.5,27.1,,,30.07,,,,,,,,,,,,,
Back Fence,Temp & Humidity Sensor,2020/12/08 9:50 PM,27.5,87.0,24.1,27.5,,,30.06,,,,,,,,,,,,,
Back Fence,Temp & Humidity Sensor,2020/12/08 9:55 PM,27.5,90.0,25.0,27.5,,,30.06,,,,,,,,,,,,,
Back Fence,Temp & Humidity Sensor,2020/12/08 10:00 PM,27.1,89.0,24.3,27.1,,,30.06,,,,,,,,,,,,,
Back Fence,Temp & Humidity Sensor,2020/12/08 10:05 PM,27.1,87.0,23.8,27.1,,,30.07,,,,,,,,,,,,,
Back Fence,Temp & Humidity Sensor,2020/12/08 10:10 PM,26.9,86.0,23.3,26.9,,,30.07,,,,,,,,,,,,,
Back Fence,Temp & Humidity Sensor,2020/12/08 10:15 PM,26.7,86.0,23.1,26.7,,,30.07,,,,,,,,,,,,,
Back Fence,Temp & Humidity Sensor,2020/12/08 10:20 PM,26.6,86.0,23.0,26.6,,,30.07,,,,,,,,,,,,,
Back Fence,Temp & Humidity Sensor,2020/12/08 10:25 PM,26.6,86.0,23.0,26.6,,,30.07,,,,,,,,,,,,,
Back Fence,Temp & Humidity Sensor,2020/12/08 10:30 PM,26.6,86.0,23.0,26.6,,,30.07,,,,,,,,,,,,,
Back Fence,Temp & Humidity Sensor,2020/12/08 10:35 PM,26.7,86.0,23.1,26.7,,,30.06,,,,,,,,,,,,,
Back Fence,Temp & Humidity Sensor,2020/12/08 10:40 PM,26.9,86.0,23.3,26.9,,,30.07,,,,,,,,,,,,,
Back Fence,Temp & Humidity Sensor,2020/12/08 10:45 PM,27.1,86.0,23.5,27.1,,,30.07,,,,,,,,,,,,,
Back Fence,Temp & Humidity Sensor,2020/12/08 10:50 PM,27.1,89.0,24.3,27.1,,,30.07,,,,,,,,,,,,,
Back Fence,Temp & Humidity Sensor,2020/12/08 10:55 PM,27.1,89.0,24.3,27.1,,,30.07,,,,,,,,,,,,,
Back Fence,Temp & Humidity Sensor,2020/12/08 11:00 PM,27.5,88.0,24.4,27.5,,,30.06,,,,,,,,,,,,,
Back Fence,Temp & Humidity Sensor,2020/12/08 11:05 PM,27.1,88.0,24.0,27.1,,,30.06,,,,,,,,,,,,,
Back Fence,Temp & Humidity Sensor,2020/12/08 11:10 PM,27.1,88.0,24.0,27.1,,,30.06,,,,,,,,,,,,,
Back Fence,Temp & Humidity Sensor,2020/12/08 11:15 PM,27.1,89.0,24.3,27.1,,,30.06,,,,,,,,,,,,,
Back Fence,Temp & Humidity Sensor,2020/12/08 11:20 PM,26.9,89.0,24.1,26.9,,,30.06,,,,,,,,,,,,,
Back Fence,Temp & Humidity Sensor,2020/12/08 11:25 PM,26.7,92.0,24.7,26.7,,,30.06,,,,,,,,,,,,,
Back Fence,Temp & Humidity Sensor,2020/12/08 11:30 PM,26.6,92.0,24.6,26.6,,,30.06,,,,,,,,,,,,,
Back Fence,Temp & Humidity Sensor,2020/12/08 11:35 PM,26.4,93.0,24.7,26.4,,,30.06,,,,,,,,,,,,,
Back Fence,Temp & Humidity Sensor,2020/12/08 11:40 PM,26.2,92.0,24.2,26.2,,,30.06,,,,,,,,,,,,,
Back Fence,Temp & Humidity Sensor,2020/12/08 11:45 PM,26.4,92.0,24.4,26.4,,,30.06,,,,,,,,,,,,,
Back Fence,Temp & Humidity Sensor,2020/12/08 11:50 PM,26.2,91.0,23.9,26.2,,,30.07,,,,,,,,,,,,,
Back Fence,Temp & Humidity Sensor,2020/12/08 11:55 PM,26.0,92.0,24.0,26.0,,,30.07,,,,,,,,,,,,,
Back Fence,Temp & Humidity Sensor,2020/12/09 12:00 AM,26.2,92.0,24.2,26.2,,,30.06,,,,,,,,,,,,,
Back Fence,Temp & Humidity Sensor,2020/12/09 12:05 AM,26.0,95.0,24.8,26.0,,,30.07,,,,,,,,,,,,,
Back Fence,Temp & Humidity Sensor,2020/12/09 12:10 AM,25.8,96.0,24.8,25.8,,,30.07,,,,,,,,,,,,,
Back Fence,Temp & Humidity Sensor,2020/12/09 12:15 AM,25.7,95.0,24.5,25.7,,,30.07,,,,,,,,,,,,,
Back Fence,Temp & Humidity Sensor,2020/12/09 12:20 AM,25.8,94.0,24.3,25.8,,,30.07,,,,,,,,,,,,,
Back Fence,Temp & Humidity Sensor,2020/12/09 12:25 AM,25.8,93.0,24.1,25.8,,,30.07,,,,,,,,,,,,,
Back Fence,Temp & Humidity Sensor,2020/12/09 12:30 AM,25.7,93.0,24.0,25.7,,,30.08,,,,,,,,,,,,,
Back Fence,Temp & Humidity Sensor,2020/12/09 12:35 AM,25.7,92.0,23.7,25.7,,,30.08,,,,,,,,,,,,,
Back Fence,Temp & Humidity Sensor,2020/12/09 12:40 AM,25.5,92.0,23.5,25.5,,,30.08,,,,,,,,,,,,,
Back Fence,Temp & Humidity Sensor,2020/12/09 12:45 AM,25.5,92.0,23.5,25.5,,,30.07,,,,,,,,,,,,,
Back Fence,Temp & Humidity Sensor,2020/12/09 12:50 AM,25.3,92.0,23.3,25.3,,,30.07,,,,,,,,,,,,,
Back Fence,Temp & Humidity Sensor,2020/12/09 12:55 AM,25.5,93.0,23.8,25.5,,,30.06,,,,,,,,,,,,,
Back Fence,Temp & Humidity Sensor,2020/12/09 1:00 AM,25.1,94.0,23.6,25.1,,,30.06,,,,,,,,,,,,,
Back Fence,Temp & Humidity Sensor,2020/12/09 1:05 AM,25.1,96.0,24.1,25.1,,,30.06,,,,,,,,,,,,,
Back Fence,Temp & Humidity Sensor,2020/12/09 1:10 AM,24.9,96.0,23.9,24.9,,,30.06,,,,,,,,,,,,,
Back Fence,Temp & Humidity Sensor,2020/12/09 1:15 AM,24.9,96.0,23.9,24.9,,,30.05,,,,,,,,,,,,,
Back Fence,Temp & Humidity Sensor,2020/12/09 1:20 AM,25.3,96.0,24.3,25.3,,,30.05,,,,,,,,,,,,,
Back Fence,Temp & Humidity Sensor,2020/12/09 1:25 AM,25.1,97.0,24.4,25.1,,,30.06,,,,,,,,,,,,,
Back Fence,Temp & Humidity Sensor,2020/12/09 1:30 AM,24.9,96.0,23.9,24.9,,,30.06,,,,,,,,,,,,,
Back Fence,Temp & Humidity Sensor,2020/12/09 1:35 AM,24.8,96.0,23.8,24.8,,,30.06,,,,,,,,,,,,,
Back Fence,Temp & Humidity Sensor,2020/12/09 1:40 AM,24.6,98.0,24.1,24.6,,,30.06,,,,,,,,,,,,,
Back Fence,Temp & Humidity Sensor,2020/12/09 1:45 AM,24.8,96.0,23.8,24.8,,,30.06,,,,,,,,,,,,,
Back Fence,Temp & Humidity Sensor,2020/12/09 1:50 AM,24.8,97.0,24.1,24.8,,,30.06,,,,,,,,,,,,,
Back Fence,Temp & Humidity Sensor,2020/12/09 1:55 AM,24.8,98.0,24.3,24.8,,,30.06,,,,,,,,,,,,,
Back Fence,Temp & Humidity Sensor,2020/12/09 2:00 AM,24.6,99.0,24.4,24.6,,,30.07,,,,,,,,,,,,,
Back Fence,Temp & Humidity Sensor,2020/12/09 2:05 AM,24.6,99.0,24.4,24.6,,,30.06,,,,,,,,,,,,,
Back Fence,Temp & Humidity Sensor,2020/12/09 2:10 AM,24.6,99.0,24.4,24.6,,,30.06,,,,,,,,,,,,,
Back Fence,Temp & Humidity Sensor,2020/12/09 2:15 AM,24.4,99.0,24.2,24.4,,,30.06,,,,,,,,,,,,,
Back Fence,Temp & Humidity Sensor,2020/12/09 2:20 AM,24.4,99.0,24.2,24.4,,,30.06,,,,,,,,,,,,,
Back Fence,Temp & Humidity Sensor,2020/12/09 2:25 AM,24.2,99.0,24.0,24.2,,,30.07,,,,,,,,,,,,,
Back Fence,Temp & Humidity Sensor,2020/12/09 2:30 AM,24.0,99.0,23.8,24.0,,,30.07,,,,,,,,,,,,,
Back Fence,Temp & Humidity Sensor,2020/12/09 2:35 AM,24.2,99.0,24.0,24.2,,,30.07,,,,,,,,,,,,,
Back Fence,Temp & Humidity Sensor,2020/12/09 2:40 AM,24.2,99.0,24.0,24.2,,,30.07,,,,,,,,,,,,,
Back Fence,Temp & Humidity Sensor,2020/12/09 2:45 AM,24.0,99.0,23.8,24.0,,,30.07,,,,,,,,,,,,,
Back Fence,Temp & Humidity Sensor,2020/12/09 2:50 AM,23.9,99.0,23.7,23.9,,,30.07,,,,,,,,,,,,,
Back Fence,Temp & Humidity Sensor,2020/12/09 2:55 AM,23.9,99.0,23.7,23.9,,,30.07,,,,,,,,,,,,,
Back Fence,Temp & Humidity Sensor,2020/12/09 3:00 AM,23.9,98.0,23.4,23.9,,,30.07,,,,,,,,,,,,,
Back Fence,Temp & Humidity Sensor,2020/12/09 3:05 AM,23.9,99.0,23.7,23.9,,,30.07,,,,,,,,,,,,,
Back Fence,Temp & Humidity Sensor,2020/12/09 3:10 AM,23.9,99.0,23.7,23.9,,,30.07,,,,,,,,,,,,,
Back Fence,Temp & Humidity Sensor,2020/12/09 3:15 AM,23.7,99.0,23.5,23.7,,,30.07,,,,,,,,,,,,,
Back Fence,Temp & Humidity Sensor,2020/12/09 3:20 AM,23.7,99.0,23.5,23.7,,,30.07,,,,,,,,,,,,,
Back Fence,Temp & Humidity Sensor,2020/12/09 3:25 AM,23.9,99.0,23.7,23.9,,,30.07,,,,,,,,,,,,,
Back Fence,Temp & Humidity Sensor,2020/12/09 3:30 AM,23.7,99.0,23.5,23.7,,,30.07,,,,,,,,,,,,,
Back Fence,Temp & Humidity Sensor,2020/12/09 3:35 AM,23.9,99.0,23.7,23.9,,,30.07,,,,,,,,,,,,,
Back Fence,Temp & Humidity Sensor,2020/12/09 3:40 AM,23.9,99.0,23.7,23.9,,,30.08,,,,,,,,,,,,,
Back Fence,Temp & Humidity Sensor,2020/12/09 3:45 AM,23.7,99.0,23.5,23.7,,,30.08,,,,,,,,,,,,,
Back Fence,Temp & Humidity Sensor,2020/12/09 3:50 AM,23.7,99.0,23.5,23.7,,,30.07,,,,,,,,,,,,,
Back Fence,Temp & Humidity Sensor,2020/12/09 3:55 AM,23.7,99.0,23.5,23.7,,,30.07,,,,,,,,,,,,,
Back Fence,Temp & Humidity Sensor,2020/12/09 4:00 AM,23.7,99.0,23.5,23.7,,,30.06,,,,,,,,,,,,,
Back Fence,Temp & Humidity Sensor,2020/12/09 4:05 AM,23.9,99.0,23.7,23.9,,,30.06,,,,,,,,,,,,,
Back Fence,Temp & Humidity Sensor,2020/12/09 4:10 AM,23.7,99.0,23.5,23.7,,,30.05,,,,,,,,,,,,,
Back Fence,Temp & Humidity Sensor,2020/12/09 4:15 AM,23.9,99.0,23.7,23.9,,,30.05,,,,,,,,,,,,,
Back Fence,Temp & Humidity Sensor,2020/12/09 4:20 AM,23.9,99.0,23.7,23.9,,,30.05,,,,,,,,,,,,,
Back Fence,Temp & Humidity Sensor,2020/12/09 4:25 AM,23.9,99.0,23.7,23.9,,,30.05,,,,,,,,,,,,,
Back Fence,Temp & Humidity Sensor,2020/12/09 4:30 AM,23.9,99.0,23.7,23.9,,,30.05,,,,,,,,,,,,,
Back Fence,Temp & Humidity Sensor,2020/12/09 4:35 AM,23.7,99.0,23.5,23.7,,,30.05,,,,,,,,,,,,,
Back Fence,Temp & Humidity Sensor,2020/12/09 4:40 AM,23.7,99.0,23.5,23.7,,,30.05,,,,,,,,,,,,,
Back Fence,Temp & Humidity Sensor,2020/12/09 4:45 AM,23.7,99.0,23.5,23.7,,,30.05,,,,,,,,,,,,,
Back Fence,Temp & Humidity Sensor,2020/12/09 4:50 AM,23.7,99.0,23.5,23.7,,,30.05,,,,,,,,,,,,,
Back Fence,Temp & Humidity Sensor,2020/12/09 4:55 AM,23.7,99.0,23.5,23.7,,,30.05,,,,,,,,,,,,,
Back Fence,Temp & Humidity Sensor,2020/12/09 5:00 AM,23.7,99.0,23.5,23.7,,,30.04,,,,,,,,,,,,,
Back Fence,Temp & Humidity Sensor,2020/12/09 5:05 AM,23.9,99.0,23.7,23.9,,,30.04,,,,,,,,,,,,,
Back Fence,Temp & Humidity Sensor,2020/12/09 5:10 AM,23.9,99.0,23.7,23.9,,,30.05,,,,,,,,,,,,,
Back Fence,Temp & Humidity Sensor,2020/12/09 5:15 AM,23.9,99.0,23.7,23.9,,,30.05,,,,,,,,,,,,,
Back Fence,Temp & Humidity Sensor,2020/12/09 5:20 AM,24.0,99.0,23.8,24.0,,,30.05,,,,,,,,,,,,,
Back Fence,Temp & Humidity Sensor,2020/12/09 5:25 AM,24.2,99.0,24.0,24.2,,,30.04,,,,,,,,,,,,,
Back Fence,Temp & Humidity Sensor,2020/12/09 5:30 AM,24.2,99.0,24.0,24.2,,,30.05,,,,,,,,,,,,,
Back Fence,Temp & Humidity Sensor,2020/12/09 5:35 AM,24.2,99.0,24.0,24.2,,,30.05,,,,,,,,,,,,,
Back Fence,Temp & Humidity Sensor,2020/12/09 5:40 AM,24.2,99.0,24.0,24.2,,,30.05,,,,,,,,,,,,,
Back Fence,Temp & Humidity Sensor,2020/12/09 5:45 AM,24.4,99.0,24.2,24.4,,,30.05,,,,,,,,,,,,,
Back Fence,Temp & Humidity Sensor,2020/12/09 5:50 AM,24.6,99.0,24.4,24.6,,,30.05,,,,,,,,,,,,,
Back Fence,Temp & Humidity Sensor,2020/12/09 5:55 AM,24.8,98.0,24.3,24.8,,,30.04,,,,,,,,,,,,,
Back Fence,Temp & Humidity Sensor,2020/12/09 6:00 AM,24.8,98.0,24.3,24.8,,,30.05,,,,,,,,,,,,,
Back Fence,Temp & Humidity Sensor,2020/12/09 6:05 AM,24.9,98.0,24.4,24.9,,,30.05,,,,,,,,,,,,,
Back Fence,Temp & Humidity Sensor,2020/12/09 6:10 AM,24.9,98.0,24.4,24.9,,,30.05,,,,,,,,,,,,,
Back Fence,Temp & Humidity Sensor,2020/12/09 6:15 AM,24.9,98.0,24.4,24.9,,,30.05,,,,,,,,,,,,,
Back Fence,Temp & Humidity Sensor,2020/12/09 6:20 AM,25.1,98.0,24.6,25.1,,,30.05,,,,,,,,,,,,,
Back Fence,Temp & Humidity Sensor,2020/12/09 6:25 AM,25.1,98.0,24.6,25.1,,,30.05,,,,,,,,,,,,,
Back Fence,Temp & Humidity Sensor,2020/12/09 6:30 AM,25.1,98.0,24.6,25.1,,,30.05,,,,,,,,,,,,,
Back Fence,Temp & Humidity Sensor,2020/12/09 6:35 AM,24.9,98.0,24.4,24.9,,,30.05,,,,,,,,,,,,,
Back Fence,Temp & Humidity Sensor,2020/12/09 6:40 AM,24.8,98.0,24.3,24.8,,,30.05,,,,,,,,,,,,,
Back Fence,Temp & Humidity Sensor,2020/12/09 6:45 AM,24.8,98.0,24.3,24.8,,,30.06,,,,,,,,,,,,,
Back Fence,Temp & Humidity Sensor,2020/12/09 6:50 AM,25.1,98.0,24.6,25.1,,,30.05,,,,,,,,,,,,,
Back Fence,Temp & Humidity Sensor,2020/12/09 6:55 AM,25.3,98.0,24.8,25.3,,,30.05,,,,,,,,,,,,,
Back Fence,Temp & Humidity Sensor,2020/12/09 7:00 AM,25.7,98.0,25.2,25.7,,,30.05,,,,,,,,,,,,,
Back Fence,Temp & Humidity Sensor,2020/12/09 7:05 AM,25.8,98.0,25.3,25.8,,,30.06,,,,,,,,,,,,,
Back Fence,Temp & Humidity Sensor,2020/12/09 7:10 AM,26.0,98.0,25.5,26.0,,,30.06,,,,,,,,,,,,,
Back Fence,Temp & Humidity Sensor,2020/12/09 7:15 AM,26.2,98.0,25.7,26.2,,,30.06,,,,,,,,,,,,,
Back Fence,Temp & Humidity Sensor,2020/12/09 7:25 AM,26.6,96.0,25.6,26.6,,,30.05,,,,,,,,,,,,,
Back Fence,Temp & Humidity Sensor,2020/12/09 7:30 AM,26.6,96.0,25.6,26.6,,,30.05,,,,,,,,,,,,,
Back Fence,Temp & Humidity Sensor,2020/12/09 7:35 AM,26.6,96.0,25.6,26.6,,,30.05,,,,,,,,,,,,,
Back Fence,Temp & Humidity Sensor,2020/12/09 7:40 AM,26.7,95.0,25.5,26.7,,,30.05,,,,,,,,,,,,,
Back Fence,Temp & Humidity Sensor,2020/12/09 7:45 AM,27.1,95.0,25.9,27.1,,,30.05,,,,,,,,,,,,,
Back Fence,Temp & Humidity Sensor,2020/12/09 7:50 AM,27.3,95.0,26.1,27.3,,,30.05,,,,,,,,,,,,,
Back Fence,Temp & Humidity Sensor,2020/12/09 7:55 AM,27.5,95.0,26.3,27.5,,,30.05,,,,,,,,,,,,,
Back Fence,Temp & Humidity Sensor,2020/12/09 8:00 AM,27.6,95.0,26.4,27.6,,,30.06,,,,,,,,,,,,,
Back Fence,Temp & Humidity Sensor,2020/12/09 8:05 AM,28.0,95.0,26.8,28.0,,,30.06,,,,,,,,,,,,,
Back Fence,Temp & Humidity Sensor,2020/12/09 8:10 AM,28.4,92.0,26.4,28.4,,,30.06,,,,,,,,,,,,,
Back Fence,Temp & Humidity Sensor,2020/12/09 8:15 AM,28.7,92.0,26.7,28.7,,,30.06,,,,,,,,,,,,,
Back Fence,Temp & Humidity Sensor,2020/12/09 8:20 AM,29.1,92.0,27.1,29.1,,,30.06,,,,,,,,,,,,,
Back Fence,Temp & Humidity Sensor,2020/12/09 8:25 AM,29.3,92.0,27.3,29.3,,,30.06,,,,,,,,,,,,,
Back Fence,Temp & Humidity Sensor,2020/12/09 8:30 AM,29.6,92.0,27.6,29.6,,,30.06,,,,,,,,,,,,,
Back Fence,Temp & Humidity Sensor,2020/12/09 8:35 AM,29.8,92.0,27.8,29.8,,,30.06,,,,,,,,,,,,,
Back Fence,Temp & Humidity Sensor,2020/12/09 8:40 AM,30.2,90.0,27.6,30.2,,,30.06,,,,,,,,,,,,,
Back Fence,Temp & Humidity Sensor,2020/12/09 8:45 AM,30.3,90.0,27.7,30.3,,,30.05,,,,,,,,,,,,,
Back Fence,Temp & Humidity Sensor,2020/12/09 8:50 AM,30.9,90.0,28.3,30.9,,,30.05,,,,,,,,,,,,,
Back Fence,Temp & Humidity Sensor,2020/12/09 8:55 AM,31.1,90.0,28.5,31.1,,,30.05,,,,,,,,,,,,,
Back Fence,Temp & Humidity Sensor,2020/12/09 9:00 AM,31.4,89.0,28.5,31.4,,,30.05,,,,,,,,,,,,,
Back Fence,Temp & Humidity Sensor,2020/12/09 9:05 AM,31.8,89.0,28.9,31.8,,,30.05,,,,,,,,,,,,,
Back Fence,Temp & Humidity Sensor,2020/12/09 9:10 AM,32.5,88.0,29.3,32.5,,,30.06,,,,,,,,,,,,,
Back Fence,Temp & Humidity Sensor,2020/12/09 9:15 AM,33.2,88.0,30.0,33.2,,,30.05,,,,,,,,,,,,,
Back Fence,Temp & Humidity Sensor,2020/12/09 9:20 AM,33.6,87.0,30.2,33.6,,,30.05,,,,,,,,,,,,,
Back Fence,Temp & Humidity Sensor,2020/12/09 9:25 AM,33.6,85.0,29.6,33.6,,,30.05,,,,,,,,,,,,,
Back Fence,Temp & Humidity Sensor,2020/12/09 9:30 AM,33.6,85.0,29.6,33.6,,,30.05,,,,,,,,,,,,,
Back Fence,Temp & Humidity Sensor,2020/12/09 9:35 AM,33.6,86.0,29.9,33.6,,,30.05,,,,,,,,,,,,,
Back Fence,Temp & Humidity Sensor,2020/12/09 9:40 AM,33.9,85.0,29.9,33.9,,,30.05,,,,,,,,,,,,,
Back Fence,Temp & Humidity Sensor,2020/12/09 9:45 AM,34.5,85.0,30.5,34.5,,,30.06,,,,,,,,,,,,,
Back Fence,Temp & Humidity Sensor,2020/12/09 9:50 AM,35.6,84.0,31.3,35.6,,,30.06,,,,,,,,,,,,,
Back Fence,Temp & Humidity Sensor,2020/12/09 9:55 AM,36.8,81.0,31.5,36.8,,,30.06,,,,,,,,,,,,,
Back Fence,Temp & Humidity Sensor,2020/12/09 10:00 AM,37.0,81.0,31.7,37.0,,,30.06,,,,,,,,,,,,,
Back Fence,Temp & Humidity Sensor,2020/12/09 10:05 AM,37.7,81.0,32.4,37.7,,,30.06,,,,,,,,,,,,,
Back Fence,Temp & Humidity Sensor,2020/12/09 10:10 AM,38.4,79.0,32.5,38.4,,,30.06,,,,,,,,,,,,,
Back Fence,Temp & Humidity Sensor,2020/12/09 10:15 AM,38.6,78.0,32.3,38.6,,,30.05,,,,,,,,,,,,,
Back Fence,Temp & Humidity Sensor,2020/12/09 10:20 AM,38.8,79.0,32.9,38.8,,,30.05,,,,,,,,,,,,,
Back Fence,Temp & Humidity Sensor,2020/12/09 10:25 AM,38.6,76.0,31.7,38.6,,,30.05,,,,,,,,,,,,,
Back Fence,Temp & Humidity Sensor,2020/12/09 10:30 AM,39.2,77.0,32.6,39.2,,,30.05,,,,,,,,,,,,,
Back Fence,Temp & Humidity Sensor,2020/12/09 10:35 AM,39.5,73.0,31.6,39.5,,,30.04,,,,,,,,,,,,,
Back Fence,Temp & Humidity Sensor,2020/12/09 10:40 AM,40.2,74.0,32.6,37.4,,,30.04,,,,,,,,,,,,,
Back Fence,Temp & Humidity Sensor,2020/12/09 10:45 AM,40.6,67.0,30.5,37.5,,,30.04,,,,,,,,,,,,,
Back Fence,Temp & Humidity Sensor,2020/12/09 10:50 AM,41.0,68.0,31.3,38.0,,,30.04,,,,,,,,,,,,,
Back Fence,Temp & Humidity Sensor,2020/12/09 10:55 AM,41.1,71.0,32.4,38.2,,,30.04,,,,,,,,,,,,,
Back Fence,Temp & Humidity Sensor,2020/12/09 11:00 AM,42.6,68.0,32.8,39.8,,,30.05,,,,,,,,,,,,,
Back Fence,Temp & Humidity Sensor,2020/12/09 11:05 AM,42.8,60.0,29.9,39.6,,,30.04,,,,,,,,,,,,,
Back Fence,Temp & Humidity Sensor,2020/12/09 11:10 AM,43.3,57.0,29.1,40.0,,,30.04,,,,,,,,,,,,,
Back Fence,Temp & Humidity Sensor,2020/12/09 11:15 AM,44.2,60.0,31.2,41.1,,,30.04,,,,,,,,,,,,,
Back Fence,Temp & Humidity Sensor,2020/12/09 11:20 AM,44.6,56.0,29.9,41.4,,,30.04,,,,,,,,,,,,,
Back Fence,Temp & Humidity Sensor,2020/12/09 11:25 AM,44.7,55.0,29.5,41.5,,,30.04,,,,,,,,,,,,,
Back Fence,Temp & Humidity Sensor,2020/12/09 11:30 AM,45.5,56.0,30.7,42.4,,,30.03,,,,,,,,,,,,,
Back Fence,Temp & Humidity Sensor,2020/12/09 11:35 AM,45.5,57.0,31.2,42.4,,,30.03,,,,,,,,,,,,,
Back Fence,Temp & Humidity Sensor,2020/12/09 11:40 AM,45.6,55.0,30.4,42.4,,,30.03,,,,,,,,,,,,,
Back Fence,Temp & Humidity Sensor,2020/12/09 11:45 AM,46.2,54.0,30.5,43.1,,,30.03,,,,,,,,,,,,,
Back Fence,Temp & Humidity Sensor,2020/12/09 11:50 AM,46.5,54.0,30.8,43.4,,,30.02,,,,,,,,,,,,,
Back Fence,Temp & Humidity Sensor,2020/12/09 11:55 AM,47.4,53.0,31.1,44.3,,,30.02,,,,,,,,,,,,,
Back Fence,Temp & Humidity Sensor,2020/12/09 12:00 PM,48.3,53.0,32.0,45.3,,,30.02,,,,,,,,,,,,,
Back Fence,Temp & Humidity Sensor,2020/12/09 12:05 PM,48.7,52.0,31.9,45.7,,,30.01,,,,,,,,,,,,,
Back Fence,Temp & Humidity Sensor,2020/12/09 12:10 PM,49.4,53.0,33.0,46.5,,,30.0,,,,,,,,,,,,,
Back Fence,Temp & Humidity Sensor,2020/12/09 12:15 PM,50.3,52.0,33.4,47.5,,,30.0,,,,,,,,,,,,,
Back Fence,Temp & Humidity Sensor,2020/12/09 12:20 PM,51.4,51.0,33.9,48.6,,,29.99,,,,,,,,,,,,,
Back Fence,Temp & Humidity Sensor,2020/12/09 12:25 PM,51.4,51.0,33.9,48.6,,,29.99,,,,,,,,,,,,,
Back Fence,Temp & Humidity Sensor,2020/12/09 12:30 PM,51.9,50.0,33.9,49.1,,,29.99,,,,,,,,,,,,,
Back Fence,Temp & Humidity Sensor,2020/12/09 12:35 PM,51.8,51.0,34.3,49.1,,,29.99,,,,,,,,,,,,,
Back Fence,Temp & Humidity Sensor,2020/12/09 12:40 PM,52.1,49.0,33.5,49.3,,,29.99,,,,,,,,,,,,,
Back Fence,Temp & Humidity Sensor,2020/12/09 12:45 PM,51.4,50.0,33.4,48.6,,,29.99,,,,,,,,,,,,,
Back Fence,Temp & Humidity Sensor,2020/12/09 12:50 PM,50.3,49.0,31.9,47.3,,,29.99,,,,,,,,,,,,,
Back Fence,Temp & Humidity Sensor,2020/12/09 12:55 PM,50.3,48.0,31.4,47.3,,,29.98,,,,,,,,,,,,,
Back Fence,Temp & Humidity Sensor,2020/12/09 1:00 PM,51.6,47.0,32.0,48.7,,,29.98,,,,,,,,,,,,,
Back Fence,Temp & Humidity Sensor,2020/12/09 1:05 PM,51.9,48.0,32.8,49.0,,,29.97,,,,,,,,,,,,,
Back Fence,Temp & Humidity Sensor,2020/12/09 1:10 PM,51.8,49.0,33.3,49.0,,,29.97,,,,,,,,,,,,,
Back Fence,Temp & Humidity Sensor,2020/12/09 1:15 PM,52.8,44.0,31.5,49.8,,,29.96,,,,,,,,,,,,,
Back Fence,Temp & Humidity Sensor,2020/12/09 1:20 PM,51.4,44.0,30.2,48.3,,,29.96,,,,,,,,,,,,,
Back Fence,Temp & Humidity Sensor,2020/12/09 1:25 PM,50.3,46.0,30.3,47.2,,,29.95,,,,,,,,,,,,,
Back Fence,Temp & Humidity Sensor,2020/12/09 1:30 PM,50.5,46.0,30.5,47.4,,,29.95,,,,,,,,,,,,,
Back Fence,Temp & Humidity Sensor,2020/12/09 1:35 PM,51.8,46.0,31.7,48.8,,,29.94,,,,,,,,,,,,,
Back Fence,Temp & Humidity Sensor,2020/12/09 1:40 PM,51.2,47.0,31.7,48.2,,,29.94,,,,,,,,,,,,,
Back Fence,Temp & Humidity Sensor,2020/12/09 1:45 PM,51.0,47.0,31.5,48.0,,,29.94,,,,,,,,,,,,,
Back Fence,Temp & Humidity Sensor,2020/12/09 1:50 PM,51.9,46.0,31.8,49.0,,,29.94,,,,,,,,,,,,,
Back Fence,Temp & Humidity Sensor,2020/12/09 1:55 PM,51.8,47.0,32.2,48.9,,,29.94,,,,,,,,,,,,,
Back Fence,Temp & Humidity Sensor,2020/12/09 2:00 PM,51.4,46.0,31.3,48.4,,,29.93,,,,,,,,,,,,,
Back Fence,Temp & Humidity Sensor,2020/12/09 2:05 PM,52.1,46.0,32.0,49.2,,,29.93,,,,,,,,,,,,,
Back Fence,Temp & Humidity Sensor,2020/12/09 2:10 PM,52.8,47.0,33.1,50.0,,,29.93,,,,,,,,,,,,,
Back Fence,Temp & Humidity Sensor,2020/12/09 2:15 PM,51.6,46.0,31.5,48.6,,,29.93,,,,,,,,,,,,,
Back Fence,Temp & Humidity Sensor,2020/12/09 2:20 PM,51.2,45.0,30.6,48.1,,,29.93,,,,,,,,,,,,,
Back Fence,Temp & Humidity Sensor,2020/12/09 2:25 PM,51.2,45.0,30.6,48.1,,,29.93,,,,,,,,,,,,,
Back Fence,Temp & Humidity Sensor,2020/12/09 2:30 PM,50.9,45.0,30.3,47.8,,,29.93,,,,,,,,,,,,,
Back Fence,Temp & Humidity Sensor,2020/12/09 2:35 PM,50.7,46.0,30.7,47.6,,,29.94,,,,,,,,,,,,,
Back Fence,Temp & Humidity Sensor,2020/12/09 2:40 PM,50.7,45.0,30.1,47.6,,,29.93,,,,,,,,,,,,,
Back Fence,Temp & Humidity Sensor,2020/12/09 2:45 PM,50.9,46.0,30.9,47.9,,,29.93,,,,,,,,,,,,,
Back Fence,Temp & Humidity Sensor,2020/12/09 2:50 PM,50.9,46.0,30.9,47.9,,,29.93,,,,,,,,,,,,,
Back Fence,Temp & Humidity Sensor,2020/12/09 2:55 PM,51.4,44.0,30.2,48.3,,,29.93,,,,,,,,,,,,,
Back Fence,Temp & Humidity Sensor,2020/12/09 3:00 PM,51.6,46.0,31.5,48.6,,,29.93,,,,,,,,,,,,,
Back Fence,Temp & Humidity Sensor,2020/12/09 3:05 PM,51.0,46.0,31.0,48.0,,,29.93,,,,,,,,,,,,,
Back Fence,Temp & Humidity Sensor,2020/12/09 3:10 PM,50.7,46.0,30.7,47.6,,,29.93,,,,,,,,,,,,,
Back Fence,Temp & Humidity Sensor,2020/12/09 3:15 PM,50.7,45.0,30.1,47.6,,,29.93,,,,,,,,,,,,,
Back Fence,Temp & Humidity Sensor,2020/12/09 3:20 PM,51.0,47.0,31.5,48.0,,,29.92,,,,,,,,,,,,,
Back Fence,Temp & Humidity Sensor,2020/12/09 3:25 PM,50.9,46.0,30.9,47.9,,,29.92,,,,,,,,,,,,,
Back Fence,Temp & Humidity Sensor,2020/12/09 3:30 PM,50.7,45.0,30.1,47.6,,,29.92,,,,,,,,,,,,,
Back Fence,Temp & Humidity Sensor,2020/12/09 3:40 PM,50.0,45.0,29.5,46.8,,,29.92,,,,,,,,,,,,,
Back Fence,Temp & Humidity Sensor,2020/12/09 3:45 PM,50.0,45.0,29.5,46.8,,,29.92,,,,,,,,,,,,,
Back Fence,Temp & Humidity Sensor,2020/12/09 3:50 PM,49.6,46.0,29.7,46.4,,,29.92,,,,,,,,,,,,,
Back Fence,Temp & Humidity Sensor,2020/12/09 3:55 PM,48.9,47.0,29.6,45.7,,,29.92,,,,,,,,,,,,,
Back Fence,Temp & Humidity Sensor,2020/12/09 4:00 PM,48.5,47.0,29.2,45.3,,,29.92,,,,,,,,,,,,,
Back Fence,Temp & Humidity Sensor,2020/12/09 4:05 PM,48.2,47.0,28.9,44.9,,,29.92,,,,,,,,,,,,,
Back Fence,Temp & Humidity Sensor,2020/12/09 4:10 PM,48.0,48.0,29.3,44.8,,,29.92,,,,,,,,,,,,,
Back Fence,Temp & Humidity Sensor,2020/12/09 4:15 PM,47.6,48.0,28.9,44.3,,,29.92,,,,,,,,,,,,,
Back Fence,Temp & Humidity Sensor,2020/12/09 4:20 PM,47.3,48.0,28.6,44.0,,,29.92,,,,,,,,,,,,,
Back Fence,Temp & Humidity Sensor,2020/12/09 4:25 PM,46.9,49.0,28.8,43.6,,,29.92,,,,,,,,,,,,,
Back Fence,Temp & Humidity Sensor,2020/12/09 4:30 PM,46.7,49.0,28.6,43.4,,,29.92,,,,,,,,,,,,,
Back Fence,Temp & Humidity Sensor,2020/12/09 4:35 PM,46.4,50.0,28.8,43.1,,,29.92,,,,,,,,,,,,,
Back Fence,Temp & Humidity Sensor,2020/12/09 4:40 PM,46.4,50.0,28.8,43.1,,,29.92,,,,,,,,,,,,,
Back Fence,Temp & Humidity Sensor,2020/12/09 4:45 PM,45.8,51.0,28.7,42.5,,,29.92,,,,,,,,,,,,,
Back Fence,Temp & Humidity Sensor,2020/12/09 4:50 PM,45.5,51.0,28.4,42.1,,,29.92,,,,,,,,,,,,,
Back Fence,Temp & Humidity Sensor,2020/12/09 4:55 PM,44.9,51.0,27.9,41.5,,,29.92,,,,,,,,,,,,,
Back Fence,Temp & Humidity Sensor,2020/12/09 5:00 PM,44.6,51.0,27.6,41.2,,,29.92,,,,,,,,,,,,,
Back Fence,Temp & Humidity Sensor,2020/12/09 5:05 PM,44.2,52.0,27.7,40.8,,,29.92,,,,,,,,,,,,,
Back Fence,Temp & Humidity Sensor,2020/12/09 5:10 PM,43.8,52.0,27.3,40.3,,,29.92,,,,,,,,,,,,,
Back Fence,Temp & Humidity Sensor,2020/12/09 5:15 PM,43.5,53.0,27.5,40.0,,,29.93,,,,,,,,,,,,,
Back Fence,Temp & Humidity Sensor,2020/12/09 5:20 PM,43.1,53.0,27.1,39.6,,,29.93,,,,,,,,,,,,,
Back Fence,Temp & Humidity Sensor,2020/12/09 5:25 PM,42.8,53.0,26.9,39.3,,,29.92,,,,,,,,,,,,,
Back Fence,Temp & Humidity Sensor,2020/12/09 5:30 PM,42.4,54.0,26.9,38.9,,,29.92,,,,,,,,,,,,,
Back Fence,Temp & Humidity Sensor,2020/12/09 5:35 PM,42.0,57.0,27.9,38.6,,,29.92,,,,,,,,,,,,,
Back Fence,Temp & Humidity Sensor,2020/12/09 5:40 PM,41.7,61.0,29.3,38.4,,,29.93,,,,,,,,,,,,,
Back Fence,Temp & Humidity Sensor,2020/12/09 5:45 PM,41.1,61.0,28.7,37.8,,,29.93,,,,,,,,,,,,,
Back Fence,Temp & Humidity Sensor,2020/12/09 5:50 PM,40.8,61.0,28.4,37.4,,,29.93,,,,,,,,,,,,,
Back Fence,Temp & Humidity Sensor,2020/12/09 5:55 PM,40.6,61.0,28.2,37.2,,,29.93,,,,,,,,,,,,,
Back Fence,Temp & Humidity Sensor,2020/12/09 6:00 PM,40.2,63.0,28.6,36.9,,,29.93,,,,,,,,,,,,,
Back Fence,Temp & Humidity Sensor,2020/12/09 6:05 PM,40.1,65.0,29.3,36.9,,,29.93,,,,,,,,,,,,,
Back Fence,Temp & Humidity Sensor,2020/12/09 6:10 PM,39.7,65.0,28.9,39.7,,,29.94,,,,,,,,,,,,,
Back Fence,Temp & Humidity Sensor,2020/12/09 6:15 PM,39.3,64.0,28.2,39.3,,,29.93,,,,,,,,,,,,,
Back Fence,Temp & Humidity Sensor,2020/12/09 6:20 PM,39.2,65.0,28.4,39.2,,,29.93,,,,,,,,,,,,,
Back Fence,Temp & Humidity Sensor,2020/12/09 6:25 PM,39.2,66.0,28.8,39.2,,,29.93,,,,,,,,,,,,,
Back Fence,Temp & Humidity Sensor,2020/12/09 6:30 PM,39.2,67.0,29.2,39.2,,,29.93,,,,,,,,,,,,,
Back Fence,Temp & Humidity Sensor,2020/12/09 6:35 PM,39.2,68.0,29.5,39.2,,,29.93,,,,,,,,,,,,,
Back Fence,Temp & Humidity Sensor,2020/12/09 6:40 PM,39.0,68.0,29.3,39.0,,,29.93,,,,,,,,,,,,,
Back Fence,Temp & Humidity Sensor,2020/12/09 6:45 PM,39.2,71.0,30.6,39.2,,,29.93,,,,,,,,,,,,,
Back Fence,Temp & Humidity Sensor,2020/12/09 6:50 PM,38.8,70.0,29.9,38.8,,,29.94,,,,,,,,,,,,,
Back Fence,Temp & Humidity Sensor,2020/12/09 6:55 PM,38.8,71.0,30.2,38.8,,,29.94,,,,,,,,,,,,,
Back Fence,Temp & Humidity Sensor,2020/12/09 7:00 PM,38.8,71.0,30.2,38.8,,,29.94,,,,,,,,,,,,,
Back Fence,Temp & Humidity Sensor,2020/12/09 7:05 PM,38.6,72.0,30.4,38.6,,,29.94,,,,,,,,,,,,,
Back Fence,Temp & Humidity Sensor,2020/12/09 7:10 PM,38.4,77.0,31.8,38.4,,,29.94,,,,,,,,,,,,,
Back Fence,Temp & Humidity Sensor,2020/12/09 7:15 PM,38.3,76.0,31.4,38.3,,,29.95,,,,,,,,,,,,,
Back Fence,Temp & Humidity Sensor,2020/12/09 7:20 PM,37.9,75.0,30.7,37.9,,,29.95,,,,,,,,,,,,,
Back Fence,Temp & Humidity Sensor,2020/12/09 7:25 PM,37.7,76.0,30.8,37.7,,,29.95,,,,,,,,,,,,,
Back Fence,Temp & Humidity Sensor,2020/12/09 7:30 PM,37.4,76.0,30.5,37.4,,,29.96,,,,,,,,,,,,,
Back Fence,Temp & Humidity Sensor,2020/12/09 7:35 PM,37.2,76.0,30.3,37.2,,,29.96,,,,,,,,,,,,,
Back Fence,Temp & Humidity Sensor,2020/12/09 7:40 PM,37.0,75.0,29.8,37.0,,,29.96,,,,,,,,,,,,,
Back Fence,Temp & Humidity Sensor,2020/12/09 7:45 PM,36.8,76.0,30.0,36.8,,,29.96,,,,,,,,,,,,,
Back Fence,Temp & Humidity Sensor,2020/12/09 7:50 PM,36.8,76.0,30.0,36.8,,,29.96,,,,,,,,,,,,,
Back Fence,Temp & Humidity Sensor,2020/12/09 7:55 PM,36.6,76.0,29.8,36.6,,,29.96,,,,,,,,,,,,,
Back Fence,Temp & Humidity Sensor,2020/12/09 8:00 PM,36.6,76.0,29.8,36.6,,,29.96,,,,,,,,,,,,,
Back Fence,Temp & Humidity Sensor,2020/12/09 8:05 PM,36.6,77.0,30.1,36.6,,,29.97,,,,,,,,,,,,,
Back Fence,Temp & Humidity Sensor,2020/12/09 8:10 PM,36.5,79.0,30.6,36.5,,,29.97,,,,,,,,,,,,,
Back Fence,Temp & Humidity Sensor,2020/12/09 8:15 PM,36.3,79.0,30.4,36.3,,,29.97,,,,,,,,,,,,,
Back Fence,Temp & Humidity Sensor,2020/12/09 8:20 PM,36.1,80.0,30.5,36.1,,,29.97,,,,,,,,,,,,,
Back Fence,Temp & Humidity Sensor,2020/12/09 8:25 PM,35.9,80.0,30.3,35.9,,,29.97,,,,,,,,,,,,,
Back Fence,Temp & Humidity Sensor,2020/12/09 8:30 PM,35.6,79.0,29.7,35.6,,,29.97,,,,,,,,,,,,,
Back Fence,Temp & Humidity Sensor,2020/12/09 8:35 PM,35.6,79.0,29.7,35.6,,,29.97,,,,,,,,,,,,,
Back Fence,Temp & Humidity Sensor,2020/12/09 8:40 PM,35.4,80.0,29.9,35.4,,,29.97,,,,,,,,,,,,,
Back Fence,Temp & Humidity Sensor,2020/12/09 8:45 PM,35.2,80.0,29.7,35.2,,,29.98,,,,,,,,,,,,,
Back Fence,Temp & Humidity Sensor,2020/12/09 8:50 PM,35.0,79.0,29.2,35.0,,,29.98,,,,,,,,,,,,,
Back Fence,Temp & Humidity Sensor,2020/12/09 8:55 PM,35.0,84.0,30.7,35.0,,,29.98,,,,,,,,,,,,,
Back Fence,Temp & Humidity Sensor,2020/12/09 9:00 PM,34.5,82.0,29.6,34.5,,,29.99,,,,,,,,,,,,,
Back Fence,Temp & Humidity Sensor,2020/12/09 9:05 PM,34.3,81.0,29.1,34.3,,,29.98,,,,,,,,,,,,,
Back Fence,Temp & Humidity Sensor,2020/12/09 9:10 PM,34.1,81.0,28.9,34.1,,,29.99,,,,,,,,,,,,,
Back Fence,Temp & Humidity Sensor,2020/12/09 9:15 PM,33.9,82.0,29.0,33.9,,,29.99,,,,,,,,,,,,,
Back Fence,Temp & Humidity Sensor,2020/12/09 9:20 PM,33.8,81.0,28.6,33.8,,,29.99,,,,,,,,,,,,,
Back Fence,Temp & Humidity Sensor,2020/12/09 9:25 PM,33.8,80.0,28.3,33.8,,,29.99,,,,,,,,,,,,,
Back Fence,Temp & Humidity Sensor,2020/12/09 9:30 PM,33.8,80.0,28.3,33.8,,,29.99,,,,,,,,,,,,,
Back Fence,Temp & Humidity Sensor,2020/12/09 9:35 PM,33.6,80.0,28.1,33.6,,,29.99,,,,,,,,,,,,,
Back Fence,Temp & Humidity Sensor,2020/12/09 9:40 PM,33.4,80.0,27.9,33.4,,,30.0,,,,,,,,,,,,,
Back Fence,Temp & Humidity Sensor,2020/12/09 9:45 PM,33.4,82.0,28.5,33.4,,,30.0,,,,,,,,,,,,,
Back Fence,Temp & Humidity Sensor,2020/12/09 9:50 PM,33.2,81.0,28.0,33.2,,,30.0,,,,,,,,,,,,,
Back Fence,Temp & Humidity Sensor,2020/12/09 9:55 PM,33.0,80.0,27.5,33.0,,,30.0,,,,,,,,,,,,,
Back Fence,Temp & Humidity Sensor,2020/12/09 10:00 PM,32.9,80.0,27.4,32.9,,,30.0,,,,,,,,,,,,,
Back Fence,Temp & Humidity Sensor,2020/12/09 10:05 PM,32.9,80.0,27.4,32.9,,,30.0,,,,,,,,,,,,,
Back Fence,Temp & Humidity Sensor,2020/12/09 10:10 PM,32.7,80.0,27.2,32.7,,,30.0,,,,,,,,,,,,,
Back Fence,Temp & Humidity Sensor,2020/12/09 10:15 PM,32.7,80.0,27.2,32.7,,,30.0,,,,,,,,,,,,,
Back Fence,Temp & Humidity Sensor,2020/12/09 10:20 PM,32.7,81.0,27.5,32.7,,,30.0,,,,,,,,,,,,,
Back Fence,Temp & Humidity Sensor,2020/12/09 10:25 PM,32.7,83.0,28.1,32.7,,,30.0,,,,,,,,,,,,,
Back Fence,Temp & Humidity Sensor,2020/12/09 10:30 PM,32.3,85.0,28.3,32.3,,,30.01,,,,,,,,,,,,,
Back Fence,Temp & Humidity Sensor,2020/12/09 10:35 PM,32.1,83.0,27.5,32.1,,,30.01,,,,,,,,,,,,,
Back Fence,Temp & Humidity Sensor,2020/12/09 10:40 PM,32.0,82.0,27.1,32.0,,,30.01,,,,,,,,,,,,,
Back Fence,Temp & Humidity Sensor,2020/12/09 10:45 PM,32.0,82.0,27.1,32.0,,,30.01,,,,,,,,,,,,,
Back Fence,Temp & Humidity Sensor,2020/12/09 10:50 PM,31.8,83.0,27.2,31.8,,,30.02,,,,,,,,,,,,,
Back Fence,Temp & Humidity Sensor,2020/12/09 10:55 PM,31.6,83.0,27.0,31.6,,,30.02,,,,,,,,,,,,,
Back Fence,Temp & Humidity Sensor,2020/12/09 11:00 PM,31.6,83.0,27.0,31.6,,,30.02,,,,,,,,,,,,,
Back Fence,Temp & Humidity Sensor,2020/12/09 11:05 PM,31.6,83.0,27.0,31.6,,,30.02,,,,,,,,,,,,,
Back Fence,Temp & Humidity Sensor,2020/12/09 11:10 PM,31.4,83.0,26.8,31.4,,,30.02,,,,,,,,,,,,,
Back Fence,Temp & Humidity Sensor,2020/12/09 11:15 PM,31.4,88.0,28.3,31.4,,,30.02,,,,,,,,,,,,,
Back Fence,Temp & Humidity Sensor,2020/12/09 11:20 PM,31.2,86.0,27.5,31.2,,,30.02,,,,,,,,,,,,,
Back Fence,Temp & Humidity Sensor,2020/12/09 11:25 PM,31.2,86.0,27.5,31.2,,,30.02,,,,,,,,,,,,,
Back Fence,Temp & Humidity Sensor,2020/12/09 11:30 PM,31.1,86.0,27.4,31.1,,,30.02,,,,,,,,,,,,,
Back Fence,Temp & Humidity Sensor,2020/12/09 11:35 PM,30.9,86.0,27.2,30.9,,,30.02,,,,,,,,,,,,,
Back Fence,Temp & Humidity Sensor,2020/12/09 11:40 PM,30.9,85.0,26.9,30.9,,,30.02,,,,,,,,,,,,,
Back Fence,Temp & Humidity Sensor,2020/12/09 11:45 PM,30.7,85.0,26.7,30.7,,,30.02,,,,,,,,,,,,,
Back Fence,Temp & Humidity Sensor,2020/12/09 11:50 PM,30.9,85.0,26.9,30.9,,,30.02,,,,,,,,,,,,,
Back Fence,Temp & Humidity Sensor,2020/12/09 11:55 PM,30.7,84.0,26.4,30.7,,,30.02,,,,,,,,,,,,,
Back Fence,Temp & Humidity Sensor,2020/12/10 12:00 AM,30.7,84.0,26.4,30.7,,,30.02,,,,,,,,,,,,,
Back Fence,Temp & Humidity Sensor,2020/12/10 12:05 AM,30.7,85.0,26.7,30.7,,,30.02,,,,,,,,,,,,,
Back Fence,Temp & Humidity Sensor,2020/12/10 12:10 AM,30.5,84.0,26.3,30.5,,,30.02,,,,,,,,,,,,,
Back Fence,Temp & Humidity Sensor,2020/12/10 12:15 AM,30.3,84.0,26.1,30.3,,,30.02,,,,,,,,,,,,,
Back Fence,Temp & Humidity Sensor,2020/12/10 12:20 AM,30.2,85.0,26.2,30.2,,,30.02,,,,,,,,,,,,,
Back Fence,Temp & Humidity Sensor,2020/12/10 12:25 AM,30.3,85.0,26.3,30.3,,,30.03,,,,,,,,,,,,,
Back Fence,Temp & Humidity Sensor,2020/12/10 12:30 AM,30.3,88.0,27.2,30.3,,,30.03,,,,,,,,,,,,,
Back Fence,Temp & Humidity Sensor,2020/12/10 12:35 AM,30.2,89.0,27.4,30.2,,,30.02,,,,,,,,,,,,,
Back Fence,Temp & Humidity Sensor,2020/12/10 12:40 AM,30.2,89.0,27.4,30.2,,,30.03,,,,,,,,,,,,,
Back Fence,Temp & Humidity Sensor,2020/12/10 12:45 AM,30.2,91.0,27.9,30.2,,,30.03,,,,,,,,,,,,,
Back Fence,Temp & Humidity Sensor,2020/12/10 12:50 AM,30.2,93.0,28.4,30.2,,,30.03,,,,,,,,,,,,,
Back Fence,Temp & Humidity Sensor,2020/12/10 12:55 AM,30.0,95.0,28.7,30.0,,,30.03,,,,,,,,,,,,,
Back Fence,Temp & Humidity Sensor,2020/12/10 1:00 AM,30.0,94.0,28.5,30.0,,,30.02,,,,,,,,,,,,,
Back Fence,Temp & Humidity Sensor,2020/12/10 1:05 AM,30.2,92.0,28.2,30.2,,,30.02,,,,,,,,,,,,,
Back Fence,Temp & Humidity Sensor,2020/12/10 1:10 AM,30.2,91.0,27.9,30.2,,,30.03,,,,,,,,,,,,,
Back Fence,Temp & Humidity Sensor,2020/12/10 1:15 AM,30.3,92.0,28.3,30.3,,,30.03,,,,,,,,,,,,,
Back Fence,Temp & Humidity Sensor,2020/12/10 1:20 AM,30.3,95.0,29.0,30.3,,,30.03,,,,,,,,,,,,,
Back Fence,Temp & Humidity Sensor,2020/12/10 1:25 AM,30.2,96.0,29.2,30.2,,,30.03,,,,,,,,,,,,,
Back Fence,Temp & Humidity Sensor,2020/12/10 1:30 AM,30.2,95.0,28.9,30.2,,,30.03,,,,,,,,,,,,,
Back Fence,Temp & Humidity Sensor,2020/12/10 1:35 AM,30.2,94.0,28.7,30.2,,,30.03,,,,,,,,,,,,,
Back Fence,Temp & Humidity Sensor,2020/12/10 1:40 AM,30.2,93.0,28.4,30.2,,,30.03,,,,,,,,,,,,,
Back Fence,Temp & Humidity Sensor,2020/12/10 1:45 AM,30.2,93.0,28.4,30.2,,,30.03,,,,,,,,,,,,,
Back Fence,Temp & Humidity Sensor,2020/12/10 1:50 AM,30.0,95.0,28.7,30.0,,,30.03,,,,,,,,,,,,,
Back Fence,Temp & Humidity Sensor,2020/12/10 1:55 AM,30.2,93.0,28.4,30.2,,,30.03,,,,,,,,,,,,,
Back Fence,Temp & Humidity Sensor,2020/12/10 2:00 AM,30.3,93.0,28.5,30.3,,,30.04,,,,,,,,,,,,,
Back Fence,Temp & Humidity Sensor,2020/12/10 2:05 AM,30.5,93.0,28.7,30.5,,,30.04,,,,,,,,,,,,,
Back Fence,Temp & Humidity Sensor,2020/12/10 2:10 AM,30.3,94.0,28.8,30.3,,,30.05,,,,,,,,,,,,,
Back Fence,Temp & Humidity Sensor,2020/12/10 2:15 AM,30.2,94.0,28.7,30.2,,,30.05,,,,,,,,,,,,,
Back Fence,Temp & Humidity Sensor,2020/12/10 2:20 AM,30.2,93.0,28.4,30.2,,,30.05,,,,,,,,,,,,,
Back Fence,Temp & Humidity Sensor,2020/12/10 2:25 AM,30.2,93.0,28.4,30.2,,,30.05,,,,,,,,,,,,,
Back Fence,Temp & Humidity Sensor,2020/12/10 2:30 AM,30.2,93.0,28.4,30.2,,,30.06,,,,,,,,,,,,,
Back Fence,Temp & Humidity Sensor,2020/12/10 2:35 AM,30.2,94.0,28.7,30.2,,,30.06,,,,,,,,,,,,,
Back Fence,Temp & Humidity Sensor,2020/12/10 2:40 AM,30.0,95.0,28.7,30.0,,,30.06,,,,,,,,,,,,,
Back Fence,Temp & Humidity Sensor,2020/12/10 2:45 AM,30.0,95.0,28.7,30.0,,,30.06,,,,,,,,,,,,,
Back Fence,Temp & Humidity Sensor,2020/12/10 2:50 AM,30.2,93.0,28.4,30.2,,,30.06,,,,,,,,,,,,,
Back Fence,Temp & Humidity Sensor,2020/12/10 2:55 AM,30.2,92.0,28.2,30.2,,,30.06,,,,,,,,,,,,,
Back Fence,Temp & Humidity Sensor,2020/12/10 3:00 AM,30.2,94.0,28.7,30.2,,,30.06,,,,,,,,,,,,,
Back Fence,Temp & Humidity Sensor,2020/12/10 3:05 AM,30.0,95.0,28.7,30.0,,,30.06,,,,,,,,,,,,,
Back Fence,Temp & Humidity Sensor,2020/12/10 3:10 AM,29.8,95.0,28.5,29.8,,,30.06,,,,,,,,,,,,,
Back Fence,Temp & Humidity Sensor,2020/12/10 3:15 AM,29.6,94.0,28.1,29.6,,,30.06,,,,,,,,,,,,,
Back Fence,Temp & Humidity Sensor,2020/12/10 3:20 AM,29.8,95.0,28.5,29.8,,,30.06,,,,,,,,,,,,,
Back Fence,Temp & Humidity Sensor,2020/12/10 3:25 AM,30.0,95.0,28.7,30.0,,,30.06,,,,,,,,,,,,,
Back Fence,Temp & Humidity Sensor,2020/12/10 3:30 AM,30.2,94.0,28.7,30.2,,,30.06,,,,,,,,,,,,,
Back Fence,Temp & Humidity Sensor,2020/12/10 3:35 AM,30.0,96.0,29.0,30.0,,,30.06,,,,,,,,,,,,,
Back Fence,Temp & Humidity Sensor,2020/12/10 3:40 AM,29.8,97.0,29.1,29.8,,,30.06,,,,,,,,,,,,,
Back Fence,Temp & Humidity Sensor,2020/12/10 3:45 AM,29.6,98.0,29.1,29.6,,,30.06,,,,,,,,,,,,,
Back Fence,Temp & Humidity Sensor,2020/12/10 3:50 AM,29.6,97.0,28.9,29.6,,,30.06,,,,,,,,,,,,,
Back Fence,Temp & Humidity Sensor,2020/12/10 3:55 AM,29.6,97.0,28.9,29.6,,,30.07,,,,,,,,,,,,,
Back Fence,Temp & Humidity Sensor,2020/12/10 4:00 AM,29.8,97.0,29.1,29.8,,,30.07,,,,,,,,,,,,,
Back Fence,Temp & Humidity Sensor,2020/12/10 4:05 AM,29.8,97.0,29.1,29.8,,,30.07,,,,,,,,,,,,,
Back Fence,Temp & Humidity Sensor,2020/12/10 4:10 AM,29.6,98.0,29.1,29.6,,,30.07,,,,,,,,,,,,,
Back Fence,Temp & Humidity Sensor,2020/12/10 4:15 AM,29.4,98.0,28.9,29.4,,,30.07,,,,,,,,,,,,,
Back Fence,Temp & Humidity Sensor,2020/12/10 4:20 AM,29.4,98.0,28.9,29.4,,,30.07,,,,,,,,,,,,,
Back Fence,Temp & Humidity Sensor,2020/12/10 4:25 AM,29.6,98.0,29.1,29.6,,,30.07,,,,,,,,,,,,,
Back Fence,Temp & Humidity Sensor,2020/12/10 4:30 AM,30.0,98.0,29.5,30.0,,,30.08,,,,,,,,,,,,,
Back Fence,Temp & Humidity Sensor,2020/12/10 4:35 AM,29.8,99.0,29.6,29.8,,,30.07,,,,,,,,,,,,,
Back Fence,Temp & Humidity Sensor,2020/12/10 4:40 AM,29.4,99.0,29.2,29.4,,,30.07,,,,,,,,,,,,,
Back Fence,Temp & Humidity Sensor,2020/12/10 4:45 AM,29.3,99.0,29.1,29.3,,,30.07,,,,,,,,,,,,,
Back Fence,Temp & Humidity Sensor,2020/12/10 4:50 AM,29.3,99.0,29.1,29.3,,,30.08,,,,,,,,,,,,,
Back Fence,Temp & Humidity Sensor,2020/12/10 4:55 AM,29.3,99.0,29.1,29.3,,,30.08,,,,,,,,,,,,,
Back Fence,Temp & Humidity Sensor,2020/12/10 5:00 AM,29.3,99.0,29.1,29.3,,,30.08,,,,,,,,,,,,,
Back Fence,Temp & Humidity Sensor,2020/12/10 5:05 AM,29.4,99.0,29.2,29.4,,,30.09,,,,,,,,,,,,,
Back Fence,Temp & Humidity Sensor,2020/12/10 5:10 AM,29.4,99.0,29.2,29.4,,,30.09,,,,,,,,,,,,,
Back Fence,Temp & Humidity Sensor,2020/12/10 5:15 AM,29.3,99.0,29.1,29.3,,,30.09,,,,,,,,,,,,,
Back Fence,Temp & Humidity Sensor,2020/12/10 5:20 AM,29.3,99.0,29.1,29.3,,,30.09,,,,,,,,,,,,,
Back Fence,Temp & Humidity Sensor,2020/12/10 5:25 AM,29.3,99.0,29.1,29.3,,,30.09,,,,,,,,,,,,,
Back Fence,Temp & Humidity Sensor,2020/12/10 5:30 AM,29.3,99.0,29.1,29.3,,,30.1,,,,,,,,,,,,,
Back Fence,Temp & Humidity Sensor,2020/12/10 5:35 AM,29.4,99.0,29.2,29.4,,,30.1,,,,,,,,,,,,,
Back Fence,Temp & Humidity Sensor,2020/12/10 5:40 AM,29.6,99.0,29.4,29.6,,,30.11,,,,,,,,,,,,,
Back Fence,Temp & Humidity Sensor,2020/12/10 5:45 AM,29.3,99.0,29.1,29.3,,,30.11,,,,,,,,,,,,,
Back Fence,Temp & Humidity Sensor,2020/12/10 5:50 AM,29.3,99.0,29.1,29.3,,,30.11,,,,,,,,,,,,,
Back Fence,Temp & Humidity Sensor,2020/12/10 5:55 AM,29.3,99.0,29.1,29.3,,,30.11,,,,,,,,,,,,,
Back Fence,Temp & Humidity Sensor,2020/12/10 6:00 AM,29.1,99.0,28.9,29.1,,,30.11,,,,,,,,,,,,,
Back Fence,Temp & Humidity Sensor,2020/12/10 6:05 AM,29.1,99.0,28.9,29.1,,,30.12,,,,,,,,,,,,,
Back Fence,Temp & Humidity Sensor,2020/12/10 6:10 AM,28.9,99.0,28.7,28.9,,,30.12,,,,,,,,,,,,,
Back Fence,Temp & Humidity Sensor,2020/12/10 6:15 AM,28.9,99.0,28.7,28.9,,,30.12,,,,,,,,,,,,,
Back Fence,Temp & Humidity Sensor,2020/12/10 6:20 AM,28.9,99.0,28.7,28.9,,,30.12,,,,,,,,,,,,,
Back Fence,Temp & Humidity Sensor,2020/12/10 6:25 AM,29.1,99.0,28.9,29.1,,,30.12,,,,,,,,,,,,,
Back Fence,Temp & Humidity Sensor,2020/12/10 6:30 AM,29.3,99.0,29.1,29.3,,,30.12,,,,,,,,,,,,,
Back Fence,Temp & Humidity Sensor,2020/12/10 6:35 AM,28.9,99.0,28.7,28.9,,,30.13,,,,,,,,,,,,,
Back Fence,Temp & Humidity Sensor,2020/12/10 6:40 AM,28.9,99.0,28.7,28.9,,,30.13,,,,,,,,,,,,,
Back Fence,Temp & Humidity Sensor,2020/12/10 6:45 AM,28.7,99.0,28.5,28.7,,,30.13,,,,,,,,,,,,,
Back Fence,Temp & Humidity Sensor,2020/12/10 6:50 AM,28.5,99.0,28.3,28.5,,,30.13,,,,,,,,,,,,,
Back Fence,Temp & Humidity Sensor,2020/12/10 6:55 AM,28.9,99.0,28.7,28.9,,,30.13,,,,,,,,,,,,,
Back Fence,Temp & Humidity Sensor,2020/12/10 7:00 AM,28.9,99.0,28.7,28.9,,,30.13,,,,,,,,,,,,,
Back Fence,Temp & Humidity Sensor,2020/12/10 7:05 AM,28.9,99.0,28.7,28.9,,,30.13,,,,,,,,,,,,,
Back Fence,Temp & Humidity Sensor,2020/12/10 7:10 AM,28.7,99.0,28.5,28.7,,,30.14,,,,,,,,,,,,,
Back Fence,Temp & Humidity Sensor,2020/12/10 7:15 AM,28.7,99.0,28.5,28.7,,,30.14,,,,,,,,,,,,,
Back Fence,Temp & Humidity Sensor,2020/12/10 7:20 AM,28.5,99.0,28.3,28.5,,,30.14,,,,,,,,,,,,,
Back Fence,Temp & Humidity Sensor,2020/12/10 7:25 AM,28.9,99.0,28.7,28.9,,,30.14,,,,,,,,,,,,,
Back Fence,Temp & Humidity Sensor,2020/12/10 7:30 AM,28.9,99.0,28.7,28.9,,,30.15,,,,,,,,,,,,,
Back Fence,Temp & Humidity Sensor,2020/12/10 7:35 AM,28.9,99.0,28.7,28.9,,,30.15,,,,,,,,,,,,,
Back Fence,Temp & Humidity Sensor,2020/12/10 7:40 AM,29.1,99.0,28.9,29.1,,,30.15,,,,,,,,,,,,,
Back Fence,Temp & Humidity Sensor,2020/12/10 7:45 AM,29.1,99.0,28.9,29.1,,,30.15,,,,,,,,,,,,,
Back Fence,Temp & Humidity Sensor,2020/12/10 7:50 AM,29.3,99.0,29.1,29.3,,,30.15,,,,,,,,,,,,,
Back Fence,Temp & Humidity Sensor,2020/12/10 7:55 AM,29.4,99.0,29.2,29.4,,,30.15,,,,,,,,,,,,,
Back Fence,Temp & Humidity Sensor,2020/12/10 8:00 AM,29.4,99.0,29.2,29.4,,,30.15,,,,,,,,,,,,,
Back Fence,Temp & Humidity Sensor,2020/12/10 8:05 AM,29.6,99.0,29.4,29.6,,,30.15,,,,,,,,,,,,,
Back Fence,Temp & Humidity Sensor,2020/12/10 8:10 AM,30.0,99.0,29.8,30.0,,,30.16,,,,,,,,,,,,,
Back Fence,Temp & Humidity Sensor,2020/12/10 8:15 AM,30.2,98.0,29.7,30.2,,,30.16,,,,,,,,,,,,,
Back Fence,Temp & Humidity Sensor,2020/12/10 8:20 AM,30.3,98.0,29.8,30.3,,,30.16,,,,,,,,,,,,,
Back Fence,Temp & Humidity Sensor,2020/12/10 8:25 AM,30.9,98.0,30.4,30.9,,,30.16,,,,,,,,,,,,,
Back Fence,Temp & Humidity Sensor,2020/12/10 8:30 AM,31.6,98.0,31.1,31.6,,,30.16,,,,,,,,,,,,,
Back Fence,Temp & Humidity Sensor,2020/12/10 8:35 AM,31.8,98.0,31.3,31.8,,,30.16,,,,,,,,,,,,,
Back Fence,Temp & Humidity Sensor,2020/12/10 8:40 AM,32.0,96.0,31.0,32.0,,,30.16,,,,,,,,,,,,,
Back Fence,Temp & Humidity Sensor,2020/12/10 8:45 AM,32.1,96.0,31.1,32.1,,,30.17,,,,,,,,,,,,,
Back Fence,Temp & Humidity Sensor,2020/12/10 8:50 AM,33.0,96.0,32.0,33.0,,,30.17,,,,,,,,,,,,,
Back Fence,Temp & Humidity Sensor,2020/12/10 8:55 AM,33.8,96.0,32.8,33.8,,,30.17,,,,,,,,,,,,,
Back Fence,Temp & Humidity Sensor,2020/12/10 9:00 AM,35.4,96.0,34.4,35.4,,,30.18,,,,,,,,,,,,,
Back Fence,Temp & Humidity Sensor,2020/12/10 9:05 AM,35.4,95.0,34.1,35.4,,,30.17,,,,,,,,,,,,,
Back Fence,Temp & Humidity Sensor,2020/12/10 9:10 AM,35.6,94.0,34.0,35.6,,,30.17,,,,,,,,,,,,,
Back Fence,Temp & Humidity Sensor,2020/12/10 9:15 AM,36.3,94.0,34.7,36.3,,,30.18,,,,,,,,,,,,,
Back Fence,Temp & Humidity Sensor,2020/12/10 9:20 AM,37.2,94.0,35.6,37.2,,,30.18,,,,,,,,,,,,,
Back Fence,Temp & Humidity Sensor,2020/12/10 9:25 AM,37.9,93.0,36.1,37.9,,,30.18,,,,,,,,,,,,,
Back Fence,Temp & Humidity Sensor,2020/12/10 9:30 AM,38.3,93.0,36.5,38.3,,,30.18,,,,,,,,,,,,,
Back Fence,Temp & Humidity Sensor,2020/12/10 9:35 AM,38.8,92.0,36.7,38.8,,,30.18,,,,,,,,,,,,,
Back Fence,Temp & Humidity Sensor,2020/12/10 9:40 AM,39.7,91.0,37.3,39.7,,,30.18,,,,,,,,,,,,,
Back Fence,Temp & Humidity Sensor,2020/12/10 9:45 AM,41.3,91.0,38.9,39.4,,,30.18,,,,,,,,,,,,,
Back Fence,Temp & Humidity Sensor,2020/12/10 9:50 AM,43.8,89.0,40.8,42.1,,,30.19,,,,,,,,,,,,,
Back Fence,Temp & Humidity Sensor,2020/12/10 9:55 AM,44.7,88.0,41.4,43.0,,,30.19,,,,,,,,,,,,,
Back Fence,Temp & Humidity Sensor,2020/12/10 10:00 AM,45.5,88.0,42.2,43.9,,,30.19,,,,,,,,,,,,,
Back Fence,Temp & Humidity Sensor,2020/12/10 10:05 AM,46.9,87.0,43.2,45.4,,,30.19,,,,,,,,,,,,,
Back Fence,Temp & Humidity Sensor,2020/12/10 10:10 AM,48.9,85.0,44.6,47.5,,,30.19,,,,,,,,,,,,,
Back Fence,Temp & Humidity Sensor,2020/12/10 10:15 AM,52.1,67.0,41.5,50.2,,,30.19,,,,,,,,,,,,,
Back Fence,Temp & Humidity Sensor,2020/12/10 10:20 AM,53.4,62.0,40.7,51.4,,,30.19,,,,,,,,,,,,,
Back Fence,Temp & Humidity Sensor,2020/12/10 10:25 AM,53.0,65.0,41.6,51.1,,,30.19,,,,,,,,,,,,,
Back Fence,Temp & Humidity Sensor,2020/12/10 10:30 AM,54.1,66.0,43.0,52.3,,,30.19,,,,,,,,,,,,,
Back Fence,Temp & Humidity Sensor,2020/12/10 10:35 AM,56.3,68.0,45.9,54.8,,,30.19,,,,,,,,,,,,,
Back Fence,Temp & Humidity Sensor,2020/12/10 10:40 AM,56.6,58.0,42.0,54.7,,,30.19,,,,,,,,,,,,,
Back Fence,Temp & Humidity Sensor,2020/12/10 10:45 AM,55.9,52.0,38.5,53.6,,,30.19,,,,,,,,,,,,,
Back Fence,Temp & Humidity Sensor,2020/12/10 10:50 AM,55.0,53.0,38.2,52.7,,,30.2,,,,,,,,,,,,,
Back Fence,Temp & Humidity Sensor,2020/12/10 10:55 AM,55.2,51.0,37.4,52.8,,,30.19,,,,,,,,,,,,,
Back Fence,Temp & Humidity Sensor,2020/12/10 11:00 AM,56.1,51.0,38.2,53.8,,,30.19,,,,,,,,,,,,,
Back Fence,Temp & Humidity Sensor,2020/12/10 11:05 AM,56.1,52.0,38.7,53.9,,,30.19,,,,,,,,,,,,,
Back Fence,Temp & Humidity Sensor,2020/12/10 11:10 AM,55.7,53.0,38.8,53.5,,,30.19,,,,,,,,,,,,,
Back Fence,Temp & Humidity Sensor,2020/12/10 11:15 AM,56.1,51.0,38.2,53.8,,,30.19,,,,,,,,,,,,,
Back Fence,Temp & Humidity Sensor,2020/12/10 11:20 AM,56.3,51.0,38.4,54.0,,,30.19,,,,,,,,,,,,,
Back Fence,Temp & Humidity Sensor,2020/12/10 11:25 AM,56.6,51.0,38.7,54.4,,,30.19,,,,,,,,,,,,,
Back Fence,Temp & Humidity Sensor,2020/12/10 11:30 AM,57.9,53.0,40.9,55.9,,,30.18,,,,,,,,,,,,,
Back Fence,Temp & Humidity Sensor,2020/12/10 11:35 AM,57.9,48.0,38.3,55.6,,,30.18,,,,,,,,,,,,,
Back Fence,Temp & Humidity Sensor,2020/12/10 11:40 AM,58.1,49.0,39.0,55.9,,,30.18,,,,,,,,,,,,,
Back Fence,Temp & Humidity Sensor,2020/12/10 11:45 AM,58.4,50.0,39.8,56.3,,,30.18,,,,,,,,,,,,,
Back Fence,Temp & Humidity Sensor,2020/12/10 11:50 AM,59.0,49.0,39.9,56.9,,,30.18,,,,,,,,,,,,,
Back Fence,Temp & Humidity Sensor,2020/12/10 11:55 AM,60.2,50.0,41.5,58.3,,,30.18,,,,,,,,,,,,,
Back Fence,Temp & Humidity Sensor,2020/12/10 12:00 PM,61.5,45.0,40.0,59.5,,,30.18,,,,,,,,,,,,,
Back Fence,Temp & Humidity Sensor,2020/12/10 12:05 PM,62.7,48.0,42.7,60.9,,,30.18,,,,,,,,,,,,,
Back Fence,Temp & Humidity Sensor,2020/12/10 12:10 PM,63.5,44.0,41.2,61.6,,,30.18,,,,,,,,,,,,,
Back Fence,Temp & Humidity Sensor,2020/12/10 12:15 PM,65.1,45.0,43.2,63.4,,,30.18,,,,,,,,,,,,,
Back Fence,Temp & Humidity Sensor,2020/12/10 12:20 PM,65.3,39.0,39.7,63.4,,,30.17,,,,,,,,,,,,,
Back Fence,Temp & Humidity Sensor,2020/12/10 12:25 PM,66.2,43.0,43.0,64.5,,,30.17,,,,,,,,,,,,,
Back Fence,Temp & Humidity Sensor,2020/12/10 12:30 PM,64.9,42.0,41.3,63.1,,,30.17,,,,,,,,,,,,,
Back Fence,Temp & Humidity Sensor,2020/12/10 12:35 PM,63.5,37.0,36.8,61.3,,,30.17,,,,,,,,,,,,,
Back Fence,Temp & Humidity Sensor,2020/12/10 12:40 PM,64.5,38.0,38.3,62.4,,,30.17,,,,,,,,,,,,,
Back Fence,Temp & Humidity Sensor,2020/12/10 12:45 PM,63.1,37.0,36.4,60.8,,,30.17,,,,,,,,,,,,,
Back Fence,Temp & Humidity Sensor,2020/12/10 12:50 PM,63.1,41.0,39.0,61.0,,,30.16,,,,,,,,,,,,,
Back Fence,Temp & Humidity Sensor,2020/12/10 12:55 PM,62.9,39.0,37.6,60.7,,,30.16,,,,,,,,,,,,,
Back Fence,Temp & Humidity Sensor,2020/12/10 1:00 PM,65.1,37.0,38.2,63.0,,,30.16,,,,,,,,,,,,,
Back Fence,Temp & Humidity Sensor,2020/12/10 1:05 PM,65.6,35.0,37.2,63.5,,,30.16,,,,,,,,,,,,,
Back Fence,Temp & Humidity Sensor,2020/12/10 1:10 PM,64.5,36.0,37.0,62.3,,,30.16,,,,,,,,,,,,,
Back Fence,Temp & Humidity Sensor,2020/12/10 1:15 PM,64.5,37.0,37.6,62.4,,,30.15,,,,,,,,,,,,,
Back Fence,Temp & Humidity Sensor,2020/12/10 1:20 PM,64.0,39.0,38.5,61.9,,,30.15,,,,,,,,,,,,,
Back Fence,Temp & Humidity Sensor,2020/12/10 1:25 PM,63.3,36.0,35.9,61.0,,,30.15,,,,,,,,,,,,,
Back Fence,Temp & Humidity Sensor,2020/12/10 1:30 PM,62.9,39.0,37.6,60.7,,,30.15,,,,,,,,,,,,,
Back Fence,Temp & Humidity Sensor,2020/12/10 1:35 PM,63.3,35.0,35.2,61.0,,,30.15,,,,,,,,,,,,,
Back Fence,Temp & Humidity Sensor,2020/12/10 1:40 PM,63.1,36.0,35.7,60.8,,,30.15,,,,,,,,,,,,,
Back Fence,Temp & Humidity Sensor,2020/12/10 1:45 PM,62.9,39.0,37.6,60.7,,,30.15,,,,,,,,,,,,,
Back Fence,Temp & Humidity Sensor,2020/12/10 1:50 PM,64.0,40.0,39.2,62.0,,,30.15,,,,,,,,,,,,,
Back Fence,Temp & Humidity Sensor,2020/12/10 1:55 PM,63.5,40.0,38.7,61.4,,,30.14,,,,,,,,,,,,,
Back Fence,Temp & Humidity Sensor,2020/12/10 2:00 PM,62.6,41.0,38.6,60.5,,,30.14,,,,,,,,,,,,,
Back Fence,Temp & Humidity Sensor,2020/12/10 2:05 PM,61.8,41.0,37.8,59.6,,,30.14,,,,,,,,,,,,,
Back Fence,Temp & Humidity Sensor,2020/12/10 2:10 PM,61.7,42.0,38.4,59.5,,,30.15,,,,,,,,,,,,,
Back Fence,Temp & Humidity Sensor,2020/12/10 2:15 PM,61.7,42.0,38.4,59.5,,,30.15,,,,,,,,,,,,,
Back Fence,Temp & Humidity Sensor,2020/12/10 2:20 PM,62.2,43.0,39.4,60.1,,,30.15,,,,,,,,,,,,,
Back Fence,Temp & Humidity Sensor,2020/12/10 2:25 PM,62.2,42.0,38.8,60.1,,,30.15,,,,,,,,,,,,,
Back Fence,Temp & Humidity Sensor,2020/12/10 2:30 PM,62.0,43.0,39.2,59.9,,,30.15,,,,,,,,,,,,,
Back Fence,Temp & Humidity Sensor,2020/12/10 2:35 PM,62.2,43.0,39.4,60.1,,,30.15,,,,,,,,,,,,,
Back Fence,Temp & Humidity Sensor,2020/12/10 2:40 PM,62.4,43.0,39.6,60.4,,,30.15,,,,,,,,,,,,,
Back Fence,Temp & Humidity Sensor,2020/12/10 2:45 PM,62.2,43.0,39.4,60.1,,,30.15,,,,,,,,,,,,,
Back Fence,Temp & Humidity Sensor,2020/12/10 2:50 PM,62.0,43.0,39.2,59.9,,,30.15,,,,,,,,,,,,,
Back Fence,Temp & Humidity Sensor,2020/12/10 2:55 PM,62.2,43.0,39.4,60.1,,,30.15,,,,,,,,,,,,,
Back Fence,Temp & Humidity Sensor,2020/12/10 3:00 PM,62.9,43.0,40.1,60.9,,,30.15,,,,,,,,,,,,,
Back Fence,Temp & Humidity Sensor,2020/12/10 3:05 PM,62.4,43.0,39.6,60.4,,,30.15,,,,,,,,,,,,,
Back Fence,Temp & Humidity Sensor,2020/12/10 3:10 PM,62.2,43.0,39.4,60.1,,,30.15,,,,,,,,,,,,,
Back Fence,Temp & Humidity Sensor,2020/12/10 3:15 PM,61.8,42.0,38.5,59.7,,,30.15,,,,,,,,,,,,,
Back Fence,Temp & Humidity Sensor,2020/12/10 3:20 PM,62.0,43.0,39.2,59.9,,,30.15,,,,,,,,,,,,,
Back Fence,Temp & Humidity Sensor,2020/12/10 3:25 PM,61.8,43.0,39.1,59.7,,,30.15,,,,,,,,,,,,,
Back Fence,Temp & Humidity Sensor,2020/12/10 3:30 PM,61.7,43.0,39.0,59.6,,,30.15,,,,,,,,,,,,,
Back Fence,Temp & Humidity Sensor,2020/12/10 3:35 PM,61.3,43.0,38.6,59.2,,,30.15,,,,,,,,,,,,,
Back Fence,Temp & Humidity Sensor,2020/12/10 3:40 PM,60.9,43.0,38.3,58.7,,,30.15,,,,,,,,,,,,,
Back Fence,Temp & Humidity Sensor,2020/12/10 3:45 PM,60.4,44.0,38.4,58.2,,,30.15,,,,,,,,,,,,,
Back Fence,Temp & Humidity Sensor,2020/12/10 3:50 PM,59.9,45.0,38.5,57.7,,,30.16,,,,,,,,,,,,,
Back Fence,Temp & Humidity Sensor,2020/12/10 3:55 PM,59.5,45.0,38.1,57.3,,,30.16,,,,,,,,,,,,,
Back Fence,Temp & Humidity Sensor,2020/12/10 4:00 PM,59.3,45.0,38.0,57.0,,,30.16,,,,,,,,,,,,,
Back Fence,Temp & Humidity Sensor,2020/12/10 4:05 PM,58.8,46.0,38.1,56.5,,,30.16,,,,,,,,,,,,,
Back Fence,Temp & Humidity Sensor,2020/12/10 4:10 PM,58.4,47.0,38.3,56.1,,,30.17,,,,,,,,,,,,,
Back Fence,Temp & Humidity Sensor,2020/12/10 4:15 PM,57.9,47.0,37.8,55.6,,,30.17,,,,,,,,,,,,,
Back Fence,Temp & Humidity Sensor,2020/12/10 4:20 PM,57.2,47.0,37.2,54.8,,,30.17,,,,,,,,,,,,,
Back Fence,Temp & Humidity Sensor,2020/12/10 4:25 PM,56.3,48.0,36.9,53.9,,,30.17,,,,,,,,,,,,,
Back Fence,Temp & Humidity Sensor,2020/12/10 4:30 PM,55.5,49.0,36.7,53.1,,,30.17,,,,,,,,,,,,,
Back Fence,Temp & Humidity Sensor,2020/12/10 4:35 PM,54.8,50.0,36.5,52.3,,,30.18,,,,,,,,,,,,,
Back Fence,Temp & Humidity Sensor,2020/12/10 4:40 PM,54.1,50.0,35.9,51.6,,,30.17,,,,,,,,,,,,,
Back Fence,Temp & Humidity Sensor,2020/12/10 4:45 PM,53.6,51.0,35.9,51.1,,,30.18,,,,,,,,,,,,,
Back Fence,Temp & Humidity Sensor,2020/12/10 4:50 PM,53.0,52.0,35.9,50.4,,,30.18,,,,,,,,,,,,,
Back Fence,Temp & Humidity Sensor,2020/12/10 4:55 PM,52.8,52.0,35.7,50.2,,,30.18,,,,,,,,,,,,,
Back Fence,Temp & Humidity Sensor,2020/12/10 5:00 PM,52.5,52.0,35.4,49.9,,,30.18,,,,,,,,,,,,,
Back Fence,Temp & Humidity Sensor,2020/12/10 5:05 PM,51.9,53.0,35.3,49.3,,,30.18,,,,,,,,,,,,,
Back Fence,Temp & Humidity Sensor,2020/12/10 5:10 PM,51.4,54.0,35.3,48.8,,,30.18,,,,,,,,,,,,,
Back Fence,Temp & Humidity Sensor,2020/12/10 5:15 PM,51.0,54.0,34.9,48.3,,,30.18,,,,,,,,,,,,,
Back Fence,Temp & Humidity Sensor,2020/12/10 5:20 PM,50.5,55.0,34.9,47.8,,,30.19,,,,,,,,,,,,,
Back Fence,Temp & Humidity Sensor,2020/12/10 5:25 PM,50.1,61.0,37.2,47.7,,,30.19,,,,,,,,,,,,,
Back Fence,Temp & Humidity Sensor,2020/12/10 5:30 PM,49.6,60.0,36.3,47.1,,,30.19,,,,,,,,,,,,,
Back Fence,Temp & Humidity Sensor,2020/12/10 5:35 PM,49.1,60.0,35.8,46.5,,,30.19,,,,,,,,,,,,,
Back Fence,Temp & Humidity Sensor,2020/12/10 5:40 PM,48.7,60.0,35.4,46.1,,,30.19,,,,,,,,,,,,,
Back Fence,Temp & Humidity Sensor,2020/12/10 5:45 PM,48.2,60.0,35.0,45.5,,,30.2,,,,,,,,,,,,,
Back Fence,Temp & Humidity Sensor,2020/12/10 5:50 PM,48.2,61.0,35.4,45.6,,,30.2,,,,,,,,,,,,,
Back Fence,Temp & Humidity Sensor,2020/12/10 5:55 PM,48.0,61.0,35.2,45.4,,,30.2,,,,,,,,,,,,,
Back Fence,Temp & Humidity Sensor,2020/12/10 6:00 PM,47.4,62.0,35.0,44.8,,,30.2,,,,,,,,,,,,,
Back Fence,Temp & Humidity Sensor,2020/12/10 6:05 PM,47.1,62.0,34.8,44.4,,,30.2,,,,,,,,,,,,,
Back Fence,Temp & Humidity Sensor,2020/12/10 6:10 PM,46.5,63.0,34.6,43.8,,,30.2,,,,,,,,,,,,,
Back Fence,Temp & Humidity Sensor,2020/12/10 6:15 PM,46.4,63.0,34.5,43.7,,,30.21,,,,,,,,,,,,,
Back Fence,Temp & Humidity Sensor,2020/12/10 6:20 PM,46.2,65.0,35.1,43.6,,,30.21,,,,,,,,,,,,,
Back Fence,Temp & Humidity Sensor,2020/12/10 6:25 PM,46.0,73.0,37.8,43.7,,,30.21,,,,,,,,,,,,,
Back Fence,Temp & Humidity Sensor,2020/12/10 6:30 PM,45.5,70.0,36.3,43.0,,,30.21,,,,,,,,,,,,,
Back Fence,Temp & Humidity Sensor,2020/12/10 6:35 PM,45.1,69.0,35.5,42.6,,,30.22,,,,,,,,,,,,,
Back Fence,Temp & Humidity Sensor,2020/12/10 6:40 PM,44.7,69.0,35.2,42.1,,,30.22,,,,,,,,,,,,,
Back Fence,Temp & Humidity Sensor,2020/12/10 6:45 PM,44.6,69.0,35.1,42.0,,,30.22,,,,,,,,,,,,,
Back Fence,Temp & Humidity Sensor,2020/12/10 6:50 PM,44.6,69.0,35.1,42.0,,,30.22,,,,,,,,,,,,,
Back Fence,Temp & Humidity Sensor,2020/12/10 6:55 PM,44.4,73.0,36.3,42.0,,,30.22,,,,,,,,,,,,,
Back Fence,Temp & Humidity Sensor,2020/12/10 7:00 PM,44.2,74.0,36.4,41.8,,,30.22,,,,,,,,,,,,,
Back Fence,Temp & Humidity Sensor,2020/12/10 7:05 PM,43.8,74.0,36.1,41.4,,,30.22,,,,,,,,,,,,,
Back Fence,Temp & Humidity Sensor,2020/12/10 7:10 PM,43.7,77.0,37.0,41.4,,,30.22,,,,,,,,,,,,,
Back Fence,Temp & Humidity Sensor,2020/12/10 7:15 PM,43.3,76.0,36.3,40.9,,,30.22,,,,,,,,,,,,,
Back Fence,Temp & Humidity Sensor,2020/12/10 7:20 PM,43.1,75.0,35.7,40.6,,,30.22,,,,,,,,,,,,,
Back Fence,Temp & Humidity Sensor,2020/12/10 7:25 PM,42.8,75.0,35.4,40.3,,,30.23,,,,,,,,,,,,,
Back Fence,Temp & Humidity Sensor,2020/12/10 7:30 PM,42.6,75.0,35.2,40.1,,,30.23,,,,,,,,,,,,,
Back Fence,Temp & Humidity Sensor,2020/12/10 7:35 PM,42.4,75.0,35.0,39.9,,,30.23,,,,,,,,,,,,,
Back Fence,Temp & Humidity Sensor,2020/12/10 7:40 PM,42.6,79.0,36.6,40.3,,,30.23,,,,,,,,,,,,,
Back Fence,Temp & Humidity Sensor,2020/12/10 7:45 PM,42.4,78.0,36.0,40.0,,,30.23,,,,,,,,,,,,,
Back Fence,Temp & Humidity Sensor,2020/12/10 7:50 PM,42.0,78.0,35.6,39.6,,,30.23,,,,,,,,,,,,,
Back Fence,Temp & Humidity Sensor,2020/12/10 7:55 PM,42.0,79.0,36.0,39.6,,,30.23,,,,,,,,,,,,,
Back Fence,Temp & Humidity Sensor,2020/12/10 8:00 PM,41.5,78.0,35.2,39.0,,,30.23,,,,,,,,,,,,,
Back Fence,Temp & Humidity Sensor,2020/12/10 8:05 PM,41.5,80.0,35.8,39.1,,,30.23,,,,,,,,,,,,,
Back Fence,Temp & Humidity Sensor,2020/12/10 8:10 PM,41.3,79.0,35.3,38.8,,,30.23,,,,,,,,,,,,,
Back Fence,Temp & Humidity Sensor,2020/12/10 8:15 PM,41.1,78.0,34.8,38.6,,,30.23,,,,,,,,,,,,,
Back Fence,Temp & Humidity Sensor,2020/12/10 8:20 PM,41.0,78.0,34.7,38.5,,,30.23,,,,,,,,,,,,,
Back Fence,Temp & Humidity Sensor,2020/12/10 8:25 PM,41.0,78.0,34.7,38.5,,,30.23,,,,,,,,,,,,,
Back Fence,Temp & Humidity Sensor,2020/12/10 8:30 PM,40.8,78.0,34.5,38.2,,,30.23,,,,,,,,,,,,,
Back Fence,Temp & Humidity Sensor,2020/12/10 8:35 PM,40.6,78.0,34.3,38.0,,,30.23,,,,,,,,,,,,,
Back Fence,Temp & Humidity Sensor,2020/12/10 8:40 PM,40.6,78.0,34.3,38.0,,,30.23,,,,,,,,,,,,,
Back Fence,Temp & Humidity Sensor,2020/12/10 8:45 PM,40.4,78.0,34.1,37.8,,,30.23,,,,,,,,,,,,,
Back Fence,Temp & Humidity Sensor,2020/12/10 8:50 PM,40.4,78.0,34.1,37.8,,,30.23,,,,,,,,,,,,,
Back Fence,Temp & Humidity Sensor,2020/12/10 8:55 PM,40.4,78.0,34.1,37.8,,,30.23,,,,,,,,,,,,,
Back Fence,Temp & Humidity Sensor,2020/12/10 9:00 PM,40.4,79.0,34.4,37.9,,,30.23,,,,,,,,,,,,,
Back Fence,Temp & Humidity Sensor,2020/12/10 9:05 PM,40.4,80.0,34.7,37.9,,,30.23,,,,,,,,,,,,,
Back Fence,Temp & Humidity Sensor,2020/12/10 9:10 PM,40.2,79.0,34.2,37.6,,,30.23,,,,,,,,,,,,,
Back Fence,Temp & Humidity Sensor,2020/12/10 9:15 PM,40.2,80.0,34.5,37.7,,,30.23,,,,,,,,,,,,,
Back Fence,Temp & Humidity Sensor,2020/12/10 9:20 PM,40.2,82.0,35.2,37.8,,,30.24,,,,,,,,,,,,,
Back Fence,Temp & Humidity Sensor,2020/12/10 9:25 PM,40.1,83.0,35.4,37.7,,,30.24,,,,,,,,,,,,,
Back Fence,Temp & Humidity Sensor,2020/12/10 9:30 PM,39.9,82.0,34.9,39.9,,,30.24,,,,,,,,,,,,,
Back Fence,Temp & Humidity Sensor,2020/12/10 9:35 PM,39.9,82.0,34.9,39.9,,,30.24,,,,,,,,,,,,,
Back Fence,Temp & Humidity Sensor,2020/12/10 9:40 PM,39.7,84.0,35.3,39.7,,,30.24,,,,,,,,,,,,,
Back Fence,Temp & Humidity Sensor,2020/12/10 9:45 PM,39.7,83.0,35.0,39.7,,,30.24,,,,,,,,,,,,,
Back Fence,Temp & Humidity Sensor,2020/12/10 9:50 PM,39.3,83.0,34.6,39.3,,,30.24,,,,,,,,,,,,,
Back Fence,Temp & Humidity Sensor,2020/12/10 9:55 PM,39.3,82.0,34.3,39.3,,,30.24,,,,,,,,,,,,,
Back Fence,Temp & Humidity Sensor,2020/12/10 10:00 PM,39.2,83.0,34.5,39.2,,,30.24,,,,,,,,,,,,,
Back Fence,Temp & Humidity Sensor,2020/12/10 10:05 PM,39.2,85.0,35.1,39.2,,,30.23,,,,,,,,,,,,,
Back Fence,Temp & Humidity Sensor,2020/12/10 10:10 PM,39.0,86.0,35.2,39.0,,,30.23,,,,,,,,,,,,,
Back Fence,Temp & Humidity Sensor,2020/12/10 10:15 PM,38.8,86.0,35.0,38.8,,,30.23,,,,,,,,,,,,,
Back Fence,Temp & Humidity Sensor,2020/12/10 10:20 PM,38.6,85.0,34.5,38.6,,,30.23,,,,,,,,,,,,,
Back Fence,Temp & Humidity Sensor,2020/12/10 10:25 PM,38.6,84.0,34.2,38.6,,,30.23,,,,,,,,,,,,,
Back Fence,Temp & Humidity Sensor,2020/12/10 10:30 PM,38.4,84.0,34.0,38.4,,,30.24,,,,,,,,,,,,,
Back Fence,Temp & Humidity Sensor,2020/12/10 10:35 PM,38.4,84.0,34.0,38.4,,,30.24,,,,,,,,,,,,,
Back Fence,Temp & Humidity Sensor,2020/12/10 10:40 PM,38.3,85.0,34.2,38.3,,,30.24,,,,,,,,,,,,,
Back Fence,Temp & Humidity Sensor,2020/12/10 10:45 PM,38.3,84.0,33.9,38.3,,,30.24,,,,,,,,,,,,,
Back Fence,Temp & Humidity Sensor,2020/12/10 10:50 PM,38.1,85.0,34.0,38.1,,,30.24,,,,,,,,,,,,,
Back Fence,Temp & Humidity Sensor,2020/12/10 10:55 PM,38.1,85.0,34.0,38.1,,,30.24,,,,,,,,,,,,,
Back Fence,Temp & Humidity Sensor,2020/12/10 11:00 PM,37.9,85.0,33.8,37.9,,,30.24,,,,,,,,,,,,,
Back Fence,Temp & Humidity Sensor,2020/12/10 11:05 PM,37.4,85.0,33.3,37.4,,,30.24,,,,,,,,,,,,,
Back Fence,Temp & Humidity Sensor,2020/12/10 11:10 PM,37.4,84.0,33.0,37.4,,,30.24,,,,,,,,,,,,,
Back Fence,Temp & Humidity Sensor,2020/12/10 11:15 PM,37.4,86.0,33.6,37.4,,,30.24,,,,,,,,,,,,,
Back Fence,Temp & Humidity Sensor,2020/12/10 11:20 PM,37.4,85.0,33.3,37.4,,,30.24,,,,,,,,,,,,,
Back Fence,Temp & Humidity Sensor,2020/12/10 11:25 PM,37.4,87.0,33.9,37.4,,,30.24,,,,,,,,,,,,,
Back Fence,Temp & Humidity Sensor,2020/12/10 11:30 PM,37.4,87.0,33.9,37.4,,,30.24,,,,,,,,,,,,,
Back Fence,Temp & Humidity Sensor,2020/12/10 11:35 PM,37.2,88.0,34.0,37.2,,,30.24,,,,,,,,,,,,,
Back Fence,Temp & Humidity Sensor,2020/12/10 11:40 PM,37.0,88.0,33.8,37.0,,,30.24,,,,,,,,,,,,,
Back Fence,Temp & Humidity Sensor,2020/12/10 11:45 PM,36.8,87.0,33.3,36.8,,,30.24,,,,,,,,,,,,,
Back Fence,Temp & Humidity Sensor,2020/12/10 11:50 PM,36.6,86.0,32.8,36.6,,,30.24,,,,,,,,,,,,,
Back Fence,Temp & Humidity Sensor,2020/12/10 11:55 PM,36.5,86.0,32.7,36.5,,,30.24,,,,,,,,,,,,,
Back Fence,Temp & Humidity Sensor,2020/12/11 12:00 AM,36.5,86.0,32.7,36.5,,,30.24,,,,,,,,,,,,,
Back Fence,Temp & Humidity Sensor,2020/12/11 12:05 AM,36.5,86.0,32.7,36.5,,,30.24,,,,,,,,,,,,,
Back Fence,Temp & Humidity Sensor,2020/12/11 12:10 AM,36.3,85.0,32.2,36.3,,,30.24,,,,,,,,,,,,,
Back Fence,Temp & Humidity Sensor,2020/12/11 12:15 AM,36.1,85.0,32.0,36.1,,,30.25,,,,,,,,,,,,,
Back Fence,Temp & Humidity Sensor,2020/12/11 12:20 AM,36.1,86.0,32.3,36.1,,,30.25,,,,,,,,,,,,,
Back Fence,Temp & Humidity Sensor,2020/12/11 12:25 AM,35.9,87.0,32.4,35.9,,,30.24,,,,,,,,,,,,,
Back Fence,Temp & Humidity Sensor,2020/12/11 12:30 AM,35.7,87.0,32.2,35.7,,,30.25,,,,,,,,,,,,,
Back Fence,Temp & Humidity Sensor,2020/12/11 12:35 AM,35.6,87.0,32.1,35.6,,,30.24,,,,,,,,,,,,,
Back Fence,Temp & Humidity Sensor,2020/12/11 12:40 AM,35.6,87.0,32.1,35.6,,,30.24,,,,,,,,,,,,,
Back Fence,Temp & Humidity Sensor,2020/12/11 12:45 AM,35.6,87.0,32.1,35.6,,,30.24,,,,,,,,,,,,,
Back Fence,Temp & Humidity Sensor,2020/12/11 12:50 AM,35.6,87.0,32.1,35.6,,,30.24,,,,,,,,,,,,,
Back Fence,Temp & Humidity Sensor,2020/12/11 12:55 AM,35.4,87.0,31.9,35.4,,,30.24,,,,,,,,,,,,,
Back Fence,Temp & Humidity Sensor,2020/12/11 1:00 AM,35.4,87.0,31.9,35.4,,,30.23,,,,,,,,,,,,,
Back Fence,Temp & Humidity Sensor,2020/12/11 1:05 AM,35.2,87.0,31.7,35.2,,,30.23,,,,,,,,,,,,,
Back Fence,Temp & Humidity Sensor,2020/12/11 1:10 AM,35.4,87.0,31.9,35.4,,,30.23,,,,,,,,,,,,,
Back Fence,Temp & Humidity Sensor,2020/12/11 1:15 AM,35.4,88.0,32.2,35.4,,,30.23,,,,,,,,,,,,,
Back Fence,Temp & Humidity Sensor,2020/12/11 1:20 AM,35.2,88.0,32.0,35.2,,,30.23,,,,,,,,,,,,,
Back Fence,Temp & Humidity Sensor,2020/12/11 1:25 AM,35.2,89.0,32.3,35.2,,,30.23,,,,,,,,,,,,,
Back Fence,Temp & Humidity Sensor,2020/12/11 1:30 AM,35.2,90.0,32.6,35.2,,,30.23,,,,,,,,,,,,,
Back Fence,Temp & Humidity Sensor,2020/12/11 1:35 AM,34.8,89.0,31.9,34.8,,,30.23,,,,,,,,,,,,,
Back Fence,Temp & Humidity Sensor,2020/12/11 1:40 AM,35.0,89.0,32.1,35.0,,,30.22,,,,,,,,,,,,,
Back Fence,Temp & Humidity Sensor,2020/12/11 1:45 AM,35.0,91.0,32.6,35.0,,,30.23,,,,,,,,,,,,,
Back Fence,Temp & Humidity Sensor,2020/12/11 1:50 AM,34.7,90.0,32.1,34.7,,,30.23,,,,,,,,,,,,,
Back Fence,Temp & Humidity Sensor,2020/12/11 1:55 AM,34.5,89.0,31.6,34.5,,,30.23,,,,,,,,,,,,,
Back Fence,Temp & Humidity Sensor,2020/12/11 2:00 AM,34.5,89.0,31.6,34.5,,,30.23,,,,,,,,,,,,,
Back Fence,Temp & Humidity Sensor,2020/12/11 2:05 AM,34.3,89.0,31.4,34.3,,,30.23,,,,,,,,,,,,,
Back Fence,Temp & Humidity Sensor,2020/12/11 2:10 AM,34.3,89.0,31.4,34.3,,,30.23,,,,,,,,,,,,,
Back Fence,Temp & Humidity Sensor,2020/12/11 2:15 AM,34.1,89.0,31.2,34.1,,,30.23,,,,,,,,,,,,,
Back Fence,Temp & Humidity Sensor,2020/12/11 2:20 AM,34.1,89.0,31.2,34.1,,,30.23,,,,,,,,,,,,,
Back Fence,Temp & Humidity Sensor,2020/12/11 2:25 AM,34.3,91.0,32.0,34.3,,,30.23,,,,,,,,,,,,,
Back Fence,Temp & Humidity Sensor,2020/12/11 2:30 AM,33.9,91.0,31.6,33.9,,,30.23,,,,,,,,,,,,,
Back Fence,Temp & Humidity Sensor,2020/12/11 2:35 AM,33.8,90.0,31.2,33.8,,,30.23,,,,,,,,,,,,,
Back Fence,Temp & Humidity Sensor,2020/12/11 2:40 AM,33.8,89.0,30.9,33.8,,,30.23,,,,,,,,,,,,,
Back Fence,Temp & Humidity Sensor,2020/12/11 2:45 AM,33.8,89.0,30.9,33.8,,,30.23,,,,,,,,,,,,,
Back Fence,Temp & Humidity Sensor,2020/12/11 2:50 AM,33.8,89.0,30.9,33.8,,,30.23,,,,,,,,,,,,,
Back Fence,Temp & Humidity Sensor,2020/12/11 2:55 AM,33.8,90.0,31.2,33.8,,,30.23,,,,,,,,,,,,,
Back Fence,Temp & Humidity Sensor,2020/12/11 3:00 AM,33.8,90.0,31.2,33.8,,,30.23,,,,,,,,,,,,,
Back Fence,Temp & Humidity Sensor,2020/12/11 3:05 AM,33.6,90.0,31.0,33.6,,,30.23,,,,,,,,,,,,,
Back Fence,Temp & Humidity Sensor,2020/12/11 3:10 AM,33.6,89.0,30.7,33.6,,,30.23,,,,,,,,,,,,,
Back Fence,Temp & Humidity Sensor,2020/12/11 3:15 AM,33.4,89.0,30.5,33.4,,,30.23,,,,,,,,,,,,,
Back Fence,Temp & Humidity Sensor,2020/12/11 3:20 AM,33.4,89.0,30.5,33.4,,,30.24,,,,,,,,,,,,,
Back Fence,Temp & Humidity Sensor,2020/12/11 3:25 AM,33.4,89.0,30.5,33.4,,,30.24,,,,,,,,,,,,,
Back Fence,Temp & Humidity Sensor,2020/12/11 3:30 AM,33.4,91.0,31.1,33.4,,,30.24,,,,,,,,,,,,,
Back Fence,Temp & Humidity Sensor,2020/12/11 3:35 AM,33.2,93.0,31.4,33.2,,,30.23,,,,,,,,,,,,,
Back Fence,Temp & Humidity Sensor,2020/12/11 3:40 AM,33.0,93.0,31.2,33.0,,,30.23,,,,,,,,,,,,,
Back Fence,Temp & Humidity Sensor,2020/12/11 3:45 AM,32.9,92.0,30.8,32.9,,,30.23,,,,,,,,,,,,,
Back Fence,Temp & Humidity Sensor,2020/12/11 3:50 AM,33.0,92.0,30.9,33.0,,,30.23,,,,,,,,,,,,,
Back Fence,Temp & Humidity Sensor,2020/12/11 3:55 AM,32.9,92.0,30.8,32.9,,,30.23,,,,,,,,,,,,,
Back Fence,Temp & Humidity Sensor,2020/12/11 4:00 AM,32.9,92.0,30.8,32.9,,,30.24,,,,,,,,,,,,,
Back Fence,Temp & Humidity Sensor,2020/12/11 4:05 AM,32.9,92.0,30.8,32.9,,,30.24,,,,,,,,,,,,,
Back Fence,Temp & Humidity Sensor,2020/12/11 4:10 AM,32.9,92.0,30.8,32.9,,,30.24,,,,,,,,,,,,,
Back Fence,Temp & Humidity Sensor,2020/12/11 4:15 AM,32.7,91.0,30.4,32.7,,,30.24,,,,,,,,,,,,,
Back Fence,Temp & Humidity Sensor,2020/12/11 4:20 AM,32.7,91.0,30.4,32.7,,,30.24,,,,,,,,,,,,,
Back Fence,Temp & Humidity Sensor,2020/12/11 4:25 AM,32.5,91.0,30.2,32.5,,,30.24,,,,,,,,,,,,,
Back Fence,Temp & Humidity Sensor,2020/12/11 4:30 AM,32.5,91.0,30.2,32.5,,,30.24,,,,,,,,,,,,,
Back Fence,Temp & Humidity Sensor,2020/12/11 4:35 AM,32.3,92.0,30.2,32.3,,,30.24,,,,,,,,,,,,,
Back Fence,Temp & Humidity Sensor,2020/12/11 4:40 AM,32.1,92.0,30.0,32.1,,,30.24,,,,,,,,,,,,,
Back Fence,Temp & Humidity Sensor,2020/12/11 4:45 AM,32.3,92.0,30.2,32.3,,,30.24,,,,,,,,,,,,,
Back Fence,Temp & Humidity Sensor,2020/12/11 4:50 AM,32.1,92.0,30.0,32.1,,,30.24,,,,,,,,,,,,,
Back Fence,Temp & Humidity Sensor,2020/12/11 4:55 AM,32.1,92.0,30.0,32.1,,,30.23,,,,,,,,,,,,,
Back Fence,Temp & Humidity Sensor,2020/12/11 5:00 AM,32.1,93.0,30.3,32.1,,,30.24,,,,,,,,,,,,,
Back Fence,Temp & Humidity Sensor,2020/12/11 5:05 AM,32.1,93.0,30.3,32.1,,,30.24,,,,,,,,,,,,,
Back Fence,Temp & Humidity Sensor,2020/12/11 5:10 AM,32.1,94.0,30.6,32.1,,,30.24,,,,,,,,,,,,,
Back Fence,Temp & Humidity Sensor,2020/12/11 5:15 AM,32.1,94.0,30.6,32.1,,,30.24,,,,,,,,,,,,,
Back Fence,Temp & Humidity Sensor,2020/12/11 5:20 AM,32.0,94.0,30.5,32.0,,,30.24,,,,,,,,,,,,,
Back Fence,Temp & Humidity Sensor,2020/12/11 5:25 AM,32.0,94.0,30.5,32.0,,,30.24,,,,,,,,,,,,,
Back Fence,Temp & Humidity Sensor,2020/12/11 5:30 AM,32.0,94.0,30.5,32.0,,,30.24,,,,,,,,,,,,,
Back Fence,Temp & Humidity Sensor,2020/12/11 5:35 AM,32.0,94.0,30.5,32.0,,,30.24,,,,,,,,,,,,,
Back Fence,Temp & Humidity Sensor,2020/12/11 5:40 AM,32.0,94.0,30.5,32.0,,,30.24,,,,,,,,,,,,,
Back Fence,Temp & Humidity Sensor,2020/12/11 5:45 AM,32.0,94.0,30.5,32.0,,,30.24,,,,,,,,,,,,,
Back Fence,Temp & Humidity Sensor,2020/12/11 5:50 AM,31.8,96.0,30.8,31.8,,,30.25,,,,,,,,,,,,,
Back Fence,Temp & Humidity Sensor,2020/12/11 5:55 AM,31.8,96.0,30.8,31.8,,,30.24,,,,,,,,,,,,,
Back Fence,Temp & Humidity Sensor,2020/12/11 6:00 AM,31.8,96.0,30.8,31.8,,,30.24,,,,,,,,,,,,,
Back Fence,Temp & Humidity Sensor,2020/12/11 6:05 AM,31.8,96.0,30.8,31.8,,,30.24,,,,,,,,,,,,,
Back Fence,Temp & Humidity Sensor,2020/12/11 6:10 AM,31.8,96.0,30.8,31.8,,,30.24,,,,,,,,,,,,,
Back Fence,Temp & Humidity Sensor,2020/12/11 6:15 AM,31.8,96.0,30.8,31.8,,,30.24,,,,,,,,,,,,,
Back Fence,Temp & Humidity Sensor,2020/12/11 6:20 AM,31.6,96.0,30.6,31.6,,,30.24,,,,,,,,,,,,,
Back Fence,Temp & Humidity Sensor,2020/12/11 6:25 AM,31.6,96.0,30.6,31.6,,,30.24,,,,,,,,,,,,,
Back Fence,Temp & Humidity Sensor,2020/12/11 6:30 AM,31.6,96.0,30.6,31.6,,,30.24,,,,,,,,,,,,,
Back Fence,Temp & Humidity Sensor,2020/12/11 6:35 AM,31.6,96.0,30.6,31.6,,,30.24,,,,,,,,,,,,,
Back Fence,Temp & Humidity Sensor,2020/12/11 6:40 AM,31.6,96.0,30.6,31.6,,,30.24,,,,,,,,,,,,,
Back Fence,Temp & Humidity Sensor,2020/12/11 6:45 AM,31.4,96.0,30.4,31.4,,,30.24,,,,,,,,,,,,,
Back Fence,Temp & Humidity Sensor,2020/12/11 6:50 AM,31.4,96.0,30.4,31.4,,,30.25,,,,,,,,,,,,,
Back Fence,Temp & Humidity Sensor,2020/12/11 6:55 AM,31.6,96.0,30.6,31.6,,,30.25,,,,,,,,,,,,,
Back Fence,Temp & Humidity Sensor,2020/12/11 7:00 AM,31.4,96.0,30.4,31.4,,,30.25,,,,,,,,,,,,,
Back Fence,Temp & Humidity Sensor,2020/12/11 7:05 AM,31.4,96.0,30.4,31.4,,,30.25,,,,,,,,,,,,,
Back Fence,Temp & Humidity Sensor,2020/12/11 7:10 AM,31.4,96.0,30.4,31.4,,,30.25,,,,,,,,,,,,,
Back Fence,Temp & Humidity Sensor,2020/12/11 7:15 AM,31.4,96.0,30.4,31.4,,,30.25,,,,,,,,,,,,,
Back Fence,Temp & Humidity Sensor,2020/12/11 7:20 AM,31.4,96.0,30.4,31.4,,,30.25,,,,,,,,,,,,,
Back Fence,Temp & Humidity Sensor,2020/12/11 7:25 AM,31.4,96.0,30.4,31.4,,,30.25,,,,,,,,,,,,,
Back Fence,Temp & Humidity Sensor,2020/12/11 7:30 AM,31.4,96.0,30.4,31.4,,,30.25,,,,,,,,,,,,,
Back Fence,Temp & Humidity Sensor,2020/12/11 7:35 AM,31.6,96.0,30.6,31.6,,,30.26,,,,,,,,,,,,,
Back Fence,Temp & Humidity Sensor,2020/12/11 7:40 AM,31.8,95.0,30.5,31.8,,,30.26,,,,,,,,,,,,,
Back Fence,Temp & Humidity Sensor,2020/12/11 7:45 AM,31.8,96.0,30.8,31.8,,,30.26,,,,,,,,,,,,,
Back Fence,Temp & Humidity Sensor,2020/12/11 7:50 AM,32.0,94.0,30.5,32.0,,,30.26,,,,,,,,,,,,,
Back Fence,Temp & Humidity Sensor,2020/12/11 7:55 AM,32.0,94.0,30.5,32.0,,,30.26,,,,,,,,,,,,,
Back Fence,Temp & Humidity Sensor,2020/12/11 8:00 AM,32.0,94.0,30.5,32.0,,,30.26,,,,,,,,,,,,,
Back Fence,Temp & Humidity Sensor,2020/12/11 8:05 AM,32.1,94.0,30.6,32.1,,,30.26,,,,,,,,,,,,,
Back Fence,Temp & Humidity Sensor,2020/12/11 8:10 AM,32.5,95.0,31.2,32.5,,,30.27,,,,,,,,,,,,,
Back Fence,Temp & Humidity Sensor,2020/12/11 8:15 AM,32.7,95.0,31.4,32.7,,,30.27,,,,,,,,,,,,,
Back Fence,Temp & Humidity Sensor,2020/12/11 8:20 AM,32.9,95.0,31.6,32.9,,,30.27,,,,,,,,,,,,,
Back Fence,Temp & Humidity Sensor,2020/12/11 8:25 AM,32.9,95.0,31.6,32.9,,,30.27,,,,,,,,,,,,,
Back Fence,Temp & Humidity Sensor,2020/12/11 8:30 AM,33.0,94.0,31.5,33.0,,,30.27,,,,,,,,,,,,,
Back Fence,Temp & Humidity Sensor,2020/12/11 8:35 AM,33.2,94.0,31.7,33.2,,,30.27,,,,,,,,,,,,,
Back Fence,Temp & Humidity Sensor,2020/12/11 8:40 AM,33.8,94.0,32.3,33.8,,,30.27,,,,,,,,,,,,,
Back Fence,Temp & Humidity Sensor,2020/12/11 8:45 AM,34.7,94.0,33.2,34.7,,,30.27,,,,,,,,,,,,,
Back Fence,Temp & Humidity Sensor,2020/12/11 8:50 AM,35.6,94.0,34.0,35.6,,,30.28,,,,,,,,,,,,,
Back Fence,Temp & Humidity Sensor,2020/12/11 8:55 AM,36.3,94.0,34.7,36.3,,,30.28,,,,,,,,,,,,,
Back Fence,Temp & Humidity Sensor,2020/12/11 9:00 AM,37.9,94.0,36.3,37.9,,,30.28,,,,,,,,,,,,,
Back Fence,Temp & Humidity Sensor,2020/12/11 9:05 AM,38.6,93.0,36.8,38.6,,,30.28,,,,,,,,,,,,,
Back Fence,Temp & Humidity Sensor,2020/12/11 9:10 AM,39.2,93.0,37.3,39.2,,,30.28,,,,,,,,,,,,,
Back Fence,Temp & Humidity Sensor,2020/12/11 9:15 AM,39.7,92.0,37.6,39.7,,,30.28,,,,,,,,,,,,,
Back Fence,Temp & Humidity Sensor,2020/12/11 9:20 AM,40.4,92.0,38.3,38.5,,,30.28,,,,,,,,,,,,,
Back Fence,Temp & Humidity Sensor,2020/12/11 9:25 AM,41.0,92.0,38.9,39.1,,,30.28,,,,,,,,,,,,,
Back Fence,Temp & Humidity Sensor,2020/12/11 9:30 AM,41.7,91.0,39.3,39.8,,,30.28,,,,,,,,,,,,,
Back Fence,Temp & Humidity Sensor,2020/12/11 9:35 AM,41.9,91.0,39.5,40.1,,,30.28,,,,,,,,,,,,,
Back Fence,Temp & Humidity Sensor,2020/12/11 9:40 AM,42.4,91.0,40.0,40.6,,,30.28,,,,,,,,,,,,,
Back Fence,Temp & Humidity Sensor,2020/12/11 9:45 AM,43.5,90.0,40.8,41.8,,,30.28,,,,,,,,,,,,,
Back Fence,Temp & Humidity Sensor,2020/12/11 9:50 AM,44.6,88.0,41.3,42.9,,,30.28,,,,,,,,,,,,,
Back Fence,Temp & Humidity Sensor,2020/12/11 9:55 AM,45.3,88.0,42.0,43.7,,,30.28,,,,,,,,,,,,,
Back Fence,Temp & Humidity Sensor,2020/12/11 10:00 AM,46.0,87.0,42.4,44.4,,,30.28,,,,,,,,,,,,,
Back Fence,Temp & Humidity Sensor,2020/12/11 10:05 AM,46.7,86.0,42.7,45.1,,,30.28,,,,,,,,,,,,,
Back Fence,Temp & Humidity Sensor,2020/12/11 10:10 AM,48.0,79.0,41.8,46.2,,,30.28,,,,,,,,,,,,,
Back Fence,Temp & Humidity Sensor,2020/12/11 10:15 AM,50.7,79.0,44.4,49.2,,,30.28,,,,,,,,,,,,,
Back Fence,Temp & Humidity Sensor,2020/12/11 10:20 AM,51.8,76.0,44.5,50.3,,,30.27,,,,,,,,,,,,,
Back Fence,Temp & Humidity Sensor,2020/12/11 10:25 AM,51.2,75.0,43.6,49.5,,,30.27,,,,,,,,,,,,,
Back Fence,Temp & Humidity Sensor,2020/12/11 10:30 AM,51.8,77.0,44.8,50.3,,,30.27,,,,,,,,,,,,,
Back Fence,Temp & Humidity Sensor,2020/12/11 10:35 AM,53.2,70.0,43.7,51.5,,,30.27,,,,,,,,,,,,,
Back Fence,Temp & Humidity Sensor,2020/12/11 10:40 AM,53.9,73.0,45.4,52.4,,,30.27,,,,,,,,,,,,,
Back Fence,Temp & Humidity Sensor,2020/12/11 10:45 AM,53.7,70.0,44.2,52.1,,,30.27,,,,,,,,,,,,,
Back Fence,Temp & Humidity Sensor,2020/12/11 10:50 AM,52.8,67.0,42.1,50.9,,,30.27,,,,,,,,,,,,,
Back Fence,Temp & Humidity Sensor,2020/12/11 10:55 AM,53.0,70.0,43.5,51.3,,,30.27,,,,,,,,,,,,,
Back Fence,Temp & Humidity Sensor,2020/12/11 11:00 AM,54.1,71.0,44.9,52.5,,,30.26,,,,,,,,,,,,,
Back Fence,Temp & Humidity Sensor,2020/12/11 11:05 AM,54.6,69.0,44.6,53.0,,,30.26,,,,,,,,,,,,,
Back Fence,Temp & Humidity Sensor,2020/12/11 11:10 AM,54.3,67.0,43.6,52.6,,,30.26,,,,,,,,,,,,,
Back Fence,Temp & Humidity Sensor,2020/12/11 11:15 AM,54.6,67.0,43.9,52.9,,,30.26,,,,,,,,,,,,,
Back Fence,Temp & Humidity Sensor,2020/12/11 11:20 AM,54.8,67.0,44.1,53.1,,,30.25,,,,,,,,,,,,,
Back Fence,Temp & Humidity Sensor,2020/12/11 11:25 AM,55.0,68.0,44.6,53.4,,,30.25,,,,,,,,,,,,,
Back Fence,Temp & Humidity Sensor,2020/12/11 11:30 AM,55.9,69.0,45.9,54.4,,,30.25,,,,,,,,,,,,,
Back Fence,Temp & Humidity Sensor,2020/12/11 11:35 AM,56.4,66.0,45.2,54.8,,,30.24,,,,,,,,,,,,,
Back Fence,Temp & Humidity Sensor,2020/12/11 11:40 AM,56.4,63.0,44.0,54.7,,,30.24,,,,,,,,,,,,,
Back Fence,Temp & Humidity Sensor,2020/12/11 11:45 AM,57.0,63.0,44.5,55.4,,,30.24,,,,,,,,,,,,,
Back Fence,Temp & Humidity Sensor,2020/12/11 11:50 AM,57.5,63.0,45.0,55.9,,,30.23,,,,,,,,,,,,,
Back Fence,Temp & Humidity Sensor,2020/12/11 11:55 AM,59.0,63.0,46.4,57.6,,,30.23,,,,,,,,,,,,,
Back Fence,Temp & Humidity Sensor,2020/12/11 12:00 PM,60.8,62.0,47.7,59.5,,,30.22,,,,,,,,,,,,,
Back Fence,Temp & Humidity Sensor,2020/12/11 12:05 PM,61.8,56.0,45.9,60.3,,,30.22,,,,,,,,,,,,,
Back Fence,Temp & Humidity Sensor,2020/12/11 12:10 PM,63.1,58.0,48.1,61.8,,,30.22,,,,,,,,,,,,,
Back Fence,Temp & Humidity Sensor,2020/12/11 12:15 PM,64.5,58.0,49.4,63.4,,,30.21,,,,,,,,,,,,,
Back Fence,Temp & Humidity Sensor,2020/12/11 12:20 PM,66.3,57.0,50.6,65.3,,,30.21,,,,,,,,,,,,,
Back Fence,Temp & Humidity Sensor,2020/12/11 12:25 PM,65.4,51.0,46.8,64.0,,,30.2,,,,,,,,,,,,,
Back Fence,Temp & Humidity Sensor,2020/12/11 12:30 PM,63.8,50.0,44.8,62.2,,,30.2,,,,,,,,,,,,,
Back Fence,Temp & Humidity Sensor,2020/12/11 12:35 PM,63.5,52.0,45.6,62.0,,,30.2,,,,,,,,,,,,,
Back Fence,Temp & Humidity Sensor,2020/12/11 12:40 PM,65.4,51.0,46.8,64.0,,,30.2,,,,,,,,,,,,,
Back Fence,Temp & Humidity Sensor,2020/12/11 12:45 PM,64.4,52.0,46.4,63.0,,,30.19,,,,,,,,,,,,,
Back Fence,Temp & Humidity Sensor,2020/12/11 12:50 PM,64.0,52.0,46.0,62.5,,,30.19,,,,,,,,,,,,,
Back Fence,Temp & Humidity Sensor,2020/12/11 12:55 PM,64.7,54.0,47.7,63.4,,,30.19,,,,,,,,,,,,,
Back Fence,Temp & Humidity Sensor,2020/12/11 1:00 PM,67.2,52.0,49.0,66.1,,,30.19,,,,,,,,,,,,,
Back Fence,Temp & Humidity Sensor,2020/12/11 1:05 PM,67.4,51.0,48.6,66.2,,,30.19,,,,,,,,,,,,,
Back Fence,Temp & Humidity Sensor,2020/12/11 1:10 PM,66.5,52.0,48.3,65.3,,,30.18,,,,,,,,,,,,,
Back Fence,Temp & Humidity Sensor,2020/12/11 1:15 PM,68.9,51.0,50.0,67.9,,,30.18,,,,,,,,,,,,,
Back Fence,Temp & Humidity Sensor,2020/12/11 1:20 PM,68.9,51.0,50.0,67.9,,,30.18,,,,,,,,,,,,,
Back Fence,Temp & Humidity Sensor,2020/12/11 1:25 PM,65.6,52.0,47.5,64.3,,,30.17,,,,,,,,,,,,,
Back Fence,Temp & Humidity Sensor,2020/12/11 1:30 PM,64.4,53.0,46.9,63.0,,,30.17,,,,,,,,,,,,,
Back Fence,Temp & Humidity Sensor,2020/12/11 1:35 PM,65.4,54.0,48.3,64.2,,,30.16,,,,,,,,,,,,,
Back Fence,Temp & Humidity Sensor,2020/12/11 1:40 PM,66.3,53.0,48.6,65.1,,,30.16,,,,,,,,,,,,,
Back Fence,Temp & Humidity Sensor,2020/12/11 1:45 PM,64.9,54.0,47.9,63.6,,,30.16,,,,,,,,,,,,,
Back Fence,Temp & Humidity Sensor,2020/12/11 1:50 PM,65.4,55.0,48.8,64.2,,,30.16,,,,,,,,,,,,,
Back Fence,Temp & Humidity Sensor,2020/12/11 1:55 PM,65.8,54.0,48.7,64.6,,,30.16,,,,,,,,,,,,,
Back Fence,Temp & Humidity Sensor,2020/12/11 2:00 PM,65.3,55.0,48.7,64.1,,,30.16,,,,,,,,,,,,,
Back Fence,Temp & Humidity Sensor,2020/12/11 2:05 PM,66.5,55.0,49.8,65.4,,,30.16,,,,,,,,,,,,,
Back Fence,Temp & Humidity Sensor,2020/12/11 2:10 PM,67.4,54.0,50.2,66.4,,,30.16,,,,,,,,,,,,,
Back Fence,Temp & Humidity Sensor,2020/12/11 2:15 PM,66.2,54.0,49.1,65.1,,,30.16,,,,,,,,,,,,,
Back Fence,Temp & Humidity Sensor,2020/12/11 2:20 PM,64.7,55.0,48.2,63.5,,,30.16,,,,,,,,,,,,,
Back Fence,Temp & Humidity Sensor,2020/12/11 2:25 PM,64.7,55.0,48.2,63.5,,,30.15,,,,,,,,,,,,,
Back Fence,Temp & Humidity Sensor,2020/12/11 2:30 PM,64.0,57.0,48.5,62.8,,,30.15,,,,,,,,,,,,,
Back Fence,Temp & Humidity Sensor,2020/12/11 2:35 PM,63.6,58.0,48.5,62.4,,,30.15,,,,,,,,,,,,,
Back Fence,Temp & Humidity Sensor,2020/12/11 2:40 PM,63.5,58.0,48.5,62.3,,,30.15,,,,,,,,,,,,,
Back Fence,Temp & Humidity Sensor,2020/12/11 2:45 PM,63.3,59.0,48.7,62.1,,,30.15,,,,,,,,,,,,,
Back Fence,Temp & Humidity Sensor,2020/12/11 2:50 PM,63.1,59.0,48.5,61.9,,,30.15,,,,,,,,,,,,,
Back Fence,Temp & Humidity Sensor,2020/12/11 2:55 PM,63.6,58.0,48.5,62.4,,,30.15,,,,,,,,,,,,,
Back Fence,Temp & Humidity Sensor,2020/12/11 3:00 PM,64.0,59.0,49.4,62.9,,,30.15,,,,,,,,,,,,,
Back Fence,Temp & Humidity Sensor,2020/12/11 3:05 PM,63.5,58.0,48.5,62.3,,,30.15,,,,,,,,,,,,,
Back Fence,Temp & Humidity Sensor,2020/12/11 3:10 PM,62.9,59.0,48.3,61.7,,,30.15,,,,,,,,,,,,,
Back Fence,Temp & Humidity Sensor,2020/12/11 3:15 PM,62.2,60.0,48.1,60.9,,,30.15,,,,,,,,,,,,,
Back Fence,Temp & Humidity Sensor,2020/12/11 3:20 PM,62.2,61.0,48.6,61.0,,,30.15,,,,,,,,,,,,,
Back Fence,Temp & Humidity Sensor,2020/12/11 3:25 PM,62.2,61.0,48.6,61.0,,,30.15,,,,,,,,,,,,,
Back Fence,Temp & Humidity Sensor,2020/12/11 3:30 PM,61.5,61.0,47.9,60.2,,,30.15,,,,,,,,,,,,,
Back Fence,Temp & Humidity Sensor,2020/12/11 3:35 PM,61.3,61.0,47.7,60.0,,,30.15,,,,,,,,,,,,,
Back Fence,Temp & Humidity Sensor,2020/12/11 3:40 PM,60.2,63.0,47.6,58.9,,,30.15,,,,,,,,,,,,,
Back Fence,Temp & Humidity Sensor,2020/12/11 3:45 PM,60.0,63.0,47.4,58.7,,,30.15,,,,,,,,,,,,,
Back Fence,Temp & Humidity Sensor,2020/12/11 3:50 PM,59.3,63.0,46.7,57.9,,,30.15,,,,,,,,,,,,,
Back Fence,Temp & Humidity Sensor,2020/12/11 3:55 PM,59.0,64.0,46.8,57.6,,,30.15,,,,,,,,,,,,,
Back Fence,Temp & Humidity Sensor,2020/12/11 4:00 PM,58.6,65.0,46.9,57.2,,,30.15,,,,,,,,,,,,,
Back Fence,Temp & Humidity Sensor,2020/12/11 4:05 PM,58.4,66.0,47.1,57.0,,,30.15,,,,,,,,,,,,,
Back Fence,Temp & Humidity Sensor,2020/12/11 4:10 PM,57.9,66.0,46.6,56.5,,,30.16,,,,,,,,,,,,,
Back Fence,Temp & Humidity Sensor,2020/12/11 4:15 PM,57.5,66.0,46.2,56.1,,,30.16,,,,,,,,,,,,,
Back Fence,Temp & Humidity Sensor,2020/12/11 4:20 PM,57.0,67.0,46.2,55.5,,,30.16,,,,,,,,,,,,,
Back Fence,Temp & Humidity Sensor,2020/12/11 4:25 PM,56.8,67.0,46.0,55.3,,,30.16,,,,,,,,,,,,,
Back Fence,Temp & Humidity Sensor,2020/12/11 4:35 PM,55.7,68.0,45.3,54.2,,,30.16,,,,,,,,,,,,,
Back Fence,Temp & Humidity Sensor,2020/12/11 4:40 PM,55.4,68.0,45.0,53.8,,,30.16,,,,,,,,,,,,,
Back Fence,Temp & Humidity Sensor,2020/12/11 4:45 PM,55.0,69.0,45.0,53.4,,,30.16,,,,,,,,,,,,,
Back Fence,Temp & Humidity Sensor,2020/12/11 4:50 PM,54.6,70.0,45.0,53.0,,,30.16,,,,,,,,,,,,,
Back Fence,Temp & Humidity Sensor,2020/12/11 4:55 PM,54.1,70.0,44.5,52.5,,,30.16,,,,,,,,,,,,,
Back Fence,Temp & Humidity Sensor,2020/12/11 5:00 PM,53.6,71.0,44.4,52.0,,,30.16,,,,,,,,,,,,,
Back Fence,Temp & Humidity Sensor,2020/12/11 5:05 PM,53.0,72.0,44.2,51.4,,,30.16,,,,,,,,,,,,,
Back Fence,Temp & Humidity Sensor,2020/12/11 5:10 PM,52.7,72.0,43.9,51.1,,,30.16,,,,,,,,,,,,,
Back Fence,Temp & Humidity Sensor,2020/12/11 5:15 PM,52.5,72.0,43.7,50.8,,,30.16,,,,,,,,,,,,,
Back Fence,Temp & Humidity Sensor,2020/12/11 5:20 PM,51.9,73.0,43.5,50.2,,,30.16,,,,,,,,,,,,,
Back Fence,Temp & Humidity Sensor,2020/12/11 5:25 PM,51.2,74.0,43.2,49.5,,,30.17,,,,,,,,,,,,,
Back Fence,Temp & Humidity Sensor,2020/12/11 5:30 PM,51.0,75.0,43.4,49.3,,,30.16,,,,,,,,,,,,,
Back Fence,Temp & Humidity Sensor,2020/12/11 5:35 PM,50.7,75.0,43.1,49.0,,,30.16,,,,,,,,,,,,,
Back Fence,Temp & Humidity Sensor,2020/12/11 5:40 PM,50.5,76.0,43.2,48.8,,,30.16,,,,,,,,,,,,,
Back Fence,Temp & Humidity Sensor,2020/12/11 5:45 PM,50.3,76.0,43.0,48.6,,,30.16,,,,,,,,,,,,,
Back Fence,Temp & Humidity Sensor,2020/12/11 5:50 PM,50.1,76.0,42.8,48.4,,,30.16,,,,,,,,,,,,,
Back Fence,Temp & Humidity Sensor,2020/12/11 5:55 PM,49.8,77.0,42.9,48.1,,,30.16,,,,,,,,,,,,,
Back Fence,Temp & Humidity Sensor,2020/12/11 6:00 PM,49.2,77.0,42.3,47.4,,,30.16,,,,,,,,,,,,,
Back Fence,Temp & Humidity Sensor,2020/12/11 6:05 PM,49.1,78.0,42.5,47.4,,,30.16,,,,,,,,,,,,,
Back Fence,Temp & Humidity Sensor,2020/12/11 6:10 PM,48.7,78.0,42.2,46.9,,,30.16,,,,,,,,,,,,,
Back Fence,Temp & Humidity Sensor,2020/12/11 6:15 PM,48.5,78.0,42.0,46.7,,,30.16,,,,,,,,,,,,,
Back Fence,Temp & Humidity Sensor,2020/12/11 6:20 PM,48.2,79.0,42.0,46.4,,,30.16,,,,,,,,,,,,,
Back Fence,Temp & Humidity Sensor,2020/12/11 6:25 PM,48.0,80.0,42.1,46.3,,,30.16,,,,,,,,,,,,,
Back Fence,Temp & Humidity Sensor,2020/12/11 6:30 PM,48.0,80.0,42.1,46.3,,,30.16,,,,,,,,,,,,,
Back Fence,Temp & Humidity Sensor,2020/12/11 6:35 PM,47.6,80.0,41.7,45.8,,,30.16,,,,,,,,,,,,,
Back Fence,Temp & Humidity Sensor,2020/12/11 6:40 PM,47.4,81.0,41.9,45.6,,,30.16,,,,,,,,,,,,,
Back Fence,Temp & Humidity Sensor,2020/12/11 6:45 PM,47.3,81.0,41.8,45.5,,,30.17,,,,,,,,,,,,,
Back Fence,Temp & Humidity Sensor,2020/12/11 6:50 PM,47.1,81.0,41.6,45.3,,,30.16,,,,,,,,,,,,,
Back Fence,Temp & Humidity Sensor,2020/12/11 6:55 PM,47.1,83.0,42.2,45.4,,,30.16,,,,,,,,,,,,,
Back Fence,Temp & Humidity Sensor,2020/12/11 7:00 PM,46.7,82.0,41.5,44.9,,,30.17,,,,,,,,,,,,,
Back Fence,Temp & Humidity Sensor,2020/12/11 7:05 PM,46.5,82.0,41.3,44.7,,,30.17,,,,,,,,,,,,,
Back Fence,Temp & Humidity Sensor,2020/12/11 7:10 PM,46.4,82.0,41.2,44.6,,,30.17,,,,,,,,,,,,,
Back Fence,Temp & Humidity Sensor,2020/12/11 7:15 PM,46.2,83.0,41.3,44.4,,,30.17,,,,,,,,,,,,,
Back Fence,Temp & Humidity Sensor,2020/12/11 7:20 PM,46.0,83.0,41.1,44.2,,,30.18,,,,,,,,,,,,,
Back Fence,Temp & Humidity Sensor,2020/12/11 7:25 PM,46.0,84.0,41.4,44.2,,,30.17,,,,,,,,,,,,,
Back Fence,Temp & Humidity Sensor,2020/12/11 7:30 PM,45.6,84.0,41.0,43.8,,,30.17,,,,,,,,,,,,,
Back Fence,Temp & Humidity Sensor,2020/12/11 7:35 PM,45.5,83.0,40.6,43.7,,,30.17,,,,,,,,,,,,,
Back Fence,Temp & Humidity Sensor,2020/12/11 7:40 PM,45.3,83.0,40.4,43.4,,,30.18,,,,,,,,,,,,,
Back Fence,Temp & Humidity Sensor,2020/12/11 7:45 PM,45.1,84.0,40.6,43.3,,,30.17,,,,,,,,,,,,,
Back Fence,Temp & Humidity Sensor,2020/12/11 7:50 PM,45.1,84.0,40.6,43.3,,,30.17,,,,,,,,,,,,,
Back Fence,Temp & Humidity Sensor,2020/12/11 7:55 PM,44.9,84.0,40.4,43.0,,,30.17,,,,,,,,,,,,,
Back Fence,Temp & Humidity Sensor,2020/12/11 8:00 PM,45.1,84.0,40.6,43.3,,,30.17,,,,,,,,,,,,,
Back Fence,Temp & Humidity Sensor,2020/12/11 8:05 PM,44.7,84.0,40.2,42.8,,,30.18,,,,,,,,,,,,,
Back Fence,Temp & Humidity Sensor,2020/12/11 8:10 PM,44.6,84.0,40.1,42.7,,,30.18,,,,,,,,,,,,,
Back Fence,Temp & Humidity Sensor,2020/12/11 8:15 PM,44.6,85.0,40.4,42.8,,,30.18,,,,,,,,,,,,,
Back Fence,Temp & Humidity Sensor,2020/12/11 8:20 PM,44.6,87.0,41.0,42.8,,,30.18,,,,,,,,,,,,,
Back Fence,Temp & Humidity Sensor,2020/12/11 8:25 PM,44.6,87.0,41.0,42.8,,,30.18,,,,,,,,,,,,,
Back Fence,Temp & Humidity Sensor,2020/12/11 8:30 PM,44.4,87.0,40.8,42.6,,,30.18,,,,,,,,,,,,,
Back Fence,Temp & Humidity Sensor,2020/12/11 8:35 PM,44.4,87.0,40.8,42.6,,,30.18,,,,,,,,,,,,,
Back Fence,Temp & Humidity Sensor,2020/12/11 8:40 PM,44.0,86.0,40.1,42.1,,,30.18,,,,,,,,,,,,,
Back Fence,Temp & Humidity Sensor,2020/12/11 8:45 PM,43.8,86.0,39.9,41.9,,,30.18,,,,,,,,,,,,,
Back Fence,Temp & Humidity Sensor,2020/12/11 8:50 PM,43.8,86.0,39.9,41.9,,,30.18,,,,,,,,,,,,,
Back Fence,Temp & Humidity Sensor,2020/12/11 8:55 PM,43.7,86.0,39.8,41.8,,,30.18,,,,,,,,,,,,,
Back Fence,Temp & Humidity Sensor,2020/12/11 9:00 PM,43.5,86.0,39.6,41.6,,,30.18,,,,,,,,,,,,,
Back Fence,Temp & Humidity Sensor,2020/12/11 9:05 PM,43.5,86.0,39.6,41.6,,,30.18,,,,,,,,,,,,,
Back Fence,Temp & Humidity Sensor,2020/12/11 9:10 PM,43.3,86.0,39.4,41.4,,,30.18,,,,,,,,,,,,,
Back Fence,Temp & Humidity Sensor,2020/12/11 9:15 PM,42.9,86.0,39.0,40.9,,,30.18,,,,,,,,,,,,,
Back Fence,Temp & Humidity Sensor,2020/12/11 9:20 PM,43.1,86.0,39.2,41.2,,,30.18,,,,,,,,,,,,,
Back Fence,Temp & Humidity Sensor,2020/12/11 9:25 PM,42.9,86.0,39.0,40.9,,,30.18,,,,,,,,,,,,,
Back Fence,Temp & Humidity Sensor,2020/12/11 9:30 PM,42.8,86.0,38.9,40.8,,,30.18,,,,,,,,,,,,,
Back Fence,Temp & Humidity Sensor,2020/12/11 9:35 PM,42.8,86.0,38.9,40.8,,,30.18,,,,,,,,,,,,,
Back Fence,Temp & Humidity Sensor,2020/12/11 9:40 PM,42.8,87.0,39.2,40.9,,,30.18,,,,,,,,,,,,,
Back Fence,Temp & Humidity Sensor,2020/12/11 9:45 PM,42.8,87.0,39.2,40.9,,,30.18,,,,,,,,,,,,,
Back Fence,Temp & Humidity Sensor,2020/12/11 9:50 PM,42.6,88.0,39.3,40.7,,,30.18,,,,,,,,,,,,,
Back Fence,Temp & Humidity Sensor,2020/12/11 9:55 PM,42.4,87.0,38.8,40.4,,,30.17,,,,,,,,,,,,,
Back Fence,Temp & Humidity Sensor,2020/12/11 10:00 PM,42.4,88.0,39.1,40.5,,,30.18,,,,,,,,,,,,,
Back Fence,Temp & Humidity Sensor,2020/12/11 10:05 PM,42.4,88.0,39.1,40.5,,,30.18,,,,,,,,,,,,,
Back Fence,Temp & Humidity Sensor,2020/12/11 10:10 PM,42.2,88.0,38.9,40.3,,,30.17,,,,,,,,,,,,,
Back Fence,Temp & Humidity Sensor,2020/12/11 10:15 PM,42.0,88.0,38.7,40.0,,,30.17,,,,,,,,,,,,,
Back Fence,Temp & Humidity Sensor,2020/12/11 10:20 PM,42.0,88.0,38.7,40.0,,,30.17,,,,,,,,,,,,,
Back Fence,Temp & Humidity Sensor,2020/12/11 10:25 PM,41.9,87.0,38.3,39.9,,,30.17,,,,,,,,,,,,,
Back Fence,Temp & Humidity Sensor,2020/12/11 10:30 PM,41.7,87.0,38.1,39.7,,,30.17,,,,,,,,,,,,,
Back Fence,Temp & Humidity Sensor,2020/12/11 10:35 PM,41.7,87.0,38.1,39.7,,,30.17,,,,,,,,,,,,,
Back Fence,Temp & Humidity Sensor,2020/12/11 10:40 PM,41.5,87.0,37.9,39.4,,,30.17,,,,,,,,,,,,,
Back Fence,Temp & Humidity Sensor,2020/12/11 10:45 PM,41.5,87.0,37.9,39.4,,,30.17,,,,,,,,,,,,,
Back Fence,Temp & Humidity Sensor,2020/12/11 10:50 PM,41.5,87.0,37.9,39.4,,,30.17,,,,,,,,,,,,,
Back Fence,Temp & Humidity Sensor,2020/12/11 10:55 PM,41.3,87.0,37.7,39.2,,,30.16,,,,,,,,,,,,,
Back Fence,Temp & Humidity Sensor,2020/12/11 11:00 PM,41.1,87.0,37.5,39.0,,,30.16,,,,,,,,,,,,,
Back Fence,Temp & Humidity Sensor,2020/12/11 11:05 PM,41.1,87.0,37.5,39.0,,,30.16,,,,,,,,,,,,,
Back Fence,Temp & Humidity Sensor,2020/12/11 11:10 PM,41.1,87.0,37.5,39.0,,,30.16,,,,,,,,,,,,,
Back Fence,Temp & Humidity Sensor,2020/12/11 11:15 PM,41.0,87.0,37.4,38.9,,,30.16,,,,,,,,,,,,,
Back Fence,Temp & Humidity Sensor,2020/12/11 11:20 PM,40.8,88.0,37.5,38.7,,,30.15,,,,,,,,,,,,,
Back Fence,Temp & Humidity Sensor,2020/12/11 11:25 PM,40.6,88.0,37.3,38.5,,,30.15,,,,,,,,,,,,,
Back Fence,Temp & Humidity Sensor,2020/12/11 11:30 PM,40.6,88.0,37.3,38.5,,,30.15,,,,,,,,,,,,,
Back Fence,Temp & Humidity Sensor,2020/12/11 11:35 PM,40.8,88.0,37.5,38.7,,,30.15,,,,,,,,,,,,,
Back Fence,Temp & Humidity Sensor,2020/12/11 11:40 PM,40.6,88.0,37.3,38.5,,,30.15,,,,,,,,,,,,,
Back Fence,Temp & Humidity Sensor,2020/12/11 11:45 PM,40.4,88.0,37.1,38.3,,,30.15,,,,,,,,,,,,,
Back Fence,Temp & Humidity Sensor,2020/12/11 11:50 PM,40.6,89.0,37.6,38.5,,,30.15,,,,,,,,,,,,,
Back Fence,Temp & Humidity Sensor,2020/12/11 11:55 PM,40.4,90.0,37.7,38.4,,,30.15,,,,,,,,,,,,,
Back Fence,Temp & Humidity Sensor,2020/12/12 12:00 AM,40.4,90.0,37.7,38.4,,,30.15,,,,,,,,,,,,,
Back Fence,Temp & Humidity Sensor,2020/12/12 12:05 AM,40.2,90.0,37.5,38.2,,,30.15,,,,,,,,,,,,,
Back Fence,Temp & Humidity Sensor,2020/12/12 12:10 AM,40.2,89.0,37.2,38.1,,,30.15,,,,,,,,,,,,,
Back Fence,Temp & Humidity Sensor,2020/12/12 12:15 AM,40.2,89.0,37.2,38.1,,,30.16,,,,,,,,,,,,,
Back Fence,Temp & Humidity Sensor,2020/12/12 12:20 AM,40.1,89.0,37.1,38.0,,,30.16,,,,,,,,,,,,,
Back Fence,Temp & Humidity Sensor,2020/12/12 12:25 AM,40.1,89.0,37.1,38.0,,,30.16,,,,,,,,,,,,,
Back Fence,Temp & Humidity Sensor,2020/12/12 12:30 AM,40.1,89.0,37.1,38.0,,,30.16,,,,,,,,,,,,,
Back Fence,Temp & Humidity Sensor,2020/12/12 12:35 AM,40.1,89.0,37.1,38.0,,,30.16,,,,,,,,,,,,,
Back Fence,Temp & Humidity Sensor,2020/12/12 12:40 AM,40.1,91.0,37.7,38.1,,,30.15,,,,,,,,,,,,,
Back Fence,Temp & Humidity Sensor,2020/12/12 12:45 AM,40.1,91.0,37.7,38.1,,,30.15,,,,,,,,,,,,,
Back Fence,Temp & Humidity Sensor,2020/12/12 12:50 AM,40.2,90.0,37.5,38.2,,,30.15,,,,,,,,,,,,,
Back Fence,Temp & Humidity Sensor,2020/12/12 12:55 AM,40.2,91.0,37.8,38.2,,,30.15,,,,,,,,,,,,,
Back Fence,Temp & Humidity Sensor,2020/12/12 1:00 AM,40.2,93.0,38.3,38.3,,,30.15,,,,,,,,,,,,,
Back Fence,Temp & Humidity Sensor,2020/12/12 1:05 AM,40.1,92.0,38.0,38.1,,,30.15,,,,,,,,,,,,,
Back Fence,Temp & Humidity Sensor,2020/12/12 1:10 AM,40.2,91.0,37.8,38.2,,,30.15,,,,,,,,,,,,,
Back Fence,Temp & Humidity Sensor,2020/12/12 1:15 AM,40.1,91.0,37.7,38.1,,,30.15,,,,,,,,,,,,,
Back Fence,Temp & Humidity Sensor,2020/12/12 1:20 AM,39.9,90.0,37.2,39.9,,,30.15,,,,,,,,,,,,,
Back Fence,Temp & Humidity Sensor,2020/12/12 1:25 AM,39.9,90.0,37.2,39.9,,,30.15,,,,,,,,,,,,,
Back Fence,Temp & Humidity Sensor,2020/12/12 1:30 AM,40.1,91.0,37.7,38.1,,,30.15,,,,,,,,,,,,,
Back Fence,Temp & Humidity Sensor,2020/12/12 1:35 AM,40.1,93.0,38.2,38.2,,,30.15,,,,,,,,,,,,,
Back Fence,Temp & Humidity Sensor,2020/12/12 1:40 AM,39.9,92.0,37.8,39.9,,,30.15,,,,,,,,,,,,,
Back Fence,Temp & Humidity Sensor,2020/12/12 1:45 AM,39.9,92.0,37.8,39.9,,,30.16,,,,,,,,,,,,,
Back Fence,Temp & Humidity Sensor,2020/12/12 1:50 AM,39.9,92.0,37.8,39.9,,,30.15,,,,,,,,,,,,,
Back Fence,Temp & Humidity Sensor,2020/12/12 1:55 AM,39.9,91.0,37.5,39.9,,,30.15,,,,,,,,,,,,,
Back Fence,Temp & Humidity Sensor,2020/12/12 2:00 AM,39.7,91.0,37.3,39.7,,,30.15,,,,,,,,,,,,,
Back Fence,Temp & Humidity Sensor,2020/12/12 2:05 AM,39.9,91.0,37.5,39.9,,,30.15,,,,,,,,,,,,,
Back Fence,Temp & Humidity Sensor,2020/12/12 2:10 AM,39.7,93.0,37.8,39.7,,,30.15,,,,,,,,,,,,,
Back Fence,Temp & Humidity Sensor,2020/12/12 2:15 AM,39.5,93.0,37.6,39.5,,,30.15,,,,,,,,,,,,,
Back Fence,Temp & Humidity Sensor,2020/12/12 2:20 AM,39.5,93.0,37.6,39.5,,,30.15,,,,,,,,,,,,,
Back Fence,Temp & Humidity Sensor,2020/12/12 2:25 AM,39.5,93.0,37.6,39.5,,,30.15,,,,,,,,,,,,,
Back Fence,Temp & Humidity Sensor,2020/12/12 2:30 AM,39.3,93.0,37.4,39.3,,,30.16,,,,,,,,,,,,,
Back Fence,Temp & Humidity Sensor,2020/12/12 2:35 AM,39.3,93.0,37.4,39.3,,,30.16,,,,,,,,,,,,,
Back Fence,Temp & Humidity Sensor,2020/12/12 2:40 AM,39.3,93.0,37.4,39.3,,,30.16,,,,,,,,,,,,,
Back Fence,Temp & Humidity Sensor,2020/12/12 2:45 AM,39.5,94.0,37.9,39.5,,,30.16,,,,,,,,,,,,,
Back Fence,Temp & Humidity Sensor,2020/12/12 2:50 AM,39.5,94.0,37.9,39.5,,,30.16,,,,,,,,,,,,,
Back Fence,Temp & Humidity Sensor,2020/12/12 3:00 AM,39.3,94.0,37.7,39.3,,,30.16,,,,,,,,,,,,,
Back Fence,Temp & Humidity Sensor,2020/12/12 3:05 AM,39.5,93.0,37.6,39.5,,,30.17,,,,,,,,,,,,,
Back Fence,Temp & Humidity Sensor,2020/12/12 3:10 AM,39.5,94.0,37.9,39.5,,,30.16,,,,,,,,,,,,,
Back Fence,Temp & Humidity Sensor,2020/12/12 3:15 AM,39.3,93.0,37.4,39.3,,,30.16,,,,,,,,,,,,,
Back Fence,Temp & Humidity Sensor,2020/12/12 3:20 AM,39.5,94.0,37.9,39.5,,,30.16,,,,,,,,,,,,,
Back Fence,Temp & Humidity Sensor,2020/12/12 3:25 AM,39.3,93.0,37.4,39.3,,,30.16,,,,,,,,,,,,,
Back Fence,Temp & Humidity Sensor,2020/12/12 3:30 AM,39.3,93.0,37.4,39.3,,,30.17,,,,,,,,,,,,,
Back Fence,Temp & Humidity Sensor,2020/12/12 3:35 AM,39.3,94.0,37.7,39.3,,,30.16,,,,,,,,,,,,,
Back Fence,Temp & Humidity Sensor,2020/12/12 3:40 AM,39.3,95.0,38.0,39.3,,,30.16,,,,,,,,,,,,,
Back Fence,Temp & Humidity Sensor,2020/12/12 3:45 AM,39.3,95.0,38.0,39.3,,,30.17,,,,,,,,,,,,,
Back Fence,Temp & Humidity Sensor,2020/12/12 3:50 AM,39.3,94.0,37.7,39.3,,,30.17,,,,,,,,,,,,,
Back Fence,Temp & Humidity Sensor,2020/12/12 3:55 AM,39.3,94.0,37.7,39.3,,,30.16,,,,,,,,,,,,,
Back Fence,Temp & Humidity Sensor,2020/12/12 4:00 AM,39.5,94.0,37.9,39.5,,,30.17,,,,,,,,,,,,,
Back Fence,Temp & Humidity Sensor,2020/12/12 4:05 AM,39.3,94.0,37.7,39.3,,,30.17,,,,,,,,,,,,,
Back Fence,Temp & Humidity Sensor,2020/12/12 4:10 AM,39.5,94.0,37.9,39.5,,,30.16,,,,,,,,,,,,,
Back Fence,Temp & Humidity Sensor,2020/12/12 4:15 AM,39.5,94.0,37.9,39.5,,,30.16,,,,,,,,,,,,,
Back Fence,Temp & Humidity Sensor,2020/12/12 4:20 AM,39.5,94.0,37.9,39.5,,,30.16,,,,,,,,,,,,,
Back Fence,Temp & Humidity Sensor,2020/12/12 4:25 AM,39.5,94.0,37.9,39.5,,,30.16,,,,,,,,,,,,,
Back Fence,Temp & Humidity Sensor,2020/12/12 4:30 AM,39.7,95.0,38.4,39.7,,,30.16,,,,,,,,,,,,,
Back Fence,Temp & Humidity Sensor,2020/12/12 4:35 AM,39.5,95.0,38.2,39.5,,,30.16,,,,,,,,,,,,,
Back Fence,Temp & Humidity Sensor,2020/12/12 4:40 AM,39.7,95.0,38.4,39.7,,,30.16,,,,,,,,,,,,,
Back Fence,Temp & Humidity Sensor,2020/12/12 4:45 AM,39.7,95.0,38.4,39.7,,,30.16,,,,,,,,,,,,,
Back Fence,Temp & Humidity Sensor,2020/12/12 4:50 AM,39.7,94.0,38.1,39.7,,,30.16,,,,,,,,,,,,,
Back Fence,Temp & Humidity Sensor,2020/12/12 4:55 AM,39.9,94.0,38.3,39.9,,,30.17,,,,,,,,,,,,,
Back Fence,Temp & Humidity Sensor,2020/12/12 5:00 AM,39.9,94.0,38.3,39.9,,,30.17,,,,,,,,,,,,,
Back Fence,Temp & Humidity Sensor,2020/12/12 5:05 AM,39.9,94.0,38.3,39.9,,,30.17,,,,,,,,,,,,,
Back Fence,Temp & Humidity Sensor,2020/12/12 5:10 AM,39.9,93.0,38.0,39.9,,,30.16,,,,,,,,,,,,,
Back Fence,Temp & Humidity Sensor,2020/12/12 5:15 AM,39.9,93.0,38.0,39.9,,,30.17,,,,,,,,,,,,,
Back Fence,Temp & Humidity Sensor,2020/12/12 5:20 AM,39.9,93.0,38.0,39.9,,,30.17,,,,,,,,,,,,,
Back Fence,Temp & Humidity Sensor,2020/12/12 5:25 AM,39.9,93.0,38.0,39.9,,,30.17,,,,,,,,,,,,,
Back Fence,Temp & Humidity Sensor,2020/12/12 5:30 AM,39.9,93.0,38.0,39.9,,,30.17,,,,,,,,,,,,,
Back Fence,Temp & Humidity Sensor,2020/12/12 5:35 AM,39.9,93.0,38.0,39.9,,,30.17,,,,,,,,,,,,,
Back Fence,Temp & Humidity Sensor,2020/12/12 5:40 AM,39.9,93.0,38.0,39.9,,,30.17,,,,,,,,,,,,,
Back Fence,Temp & Humidity Sensor,2020/12/12 5:45 AM,40.1,93.0,38.2,38.2,,,30.17,,,,,,,,,,,,,
Back Fence,Temp & Humidity Sensor,2020/12/12 5:50 AM,40.1,93.0,38.2,38.2,,,30.17,,,,,,,,,,,,,
Back Fence,Temp & Humidity Sensor,2020/12/12 5:55 AM,40.2,93.0,38.3,38.3,,,30.17,,,,,,,,,,,,,
Back Fence,Temp & Humidity Sensor,2020/12/12 6:00 AM,40.4,94.0,38.8,38.6,,,30.17,,,,,,,,,,,,,
Back Fence,Temp & Humidity Sensor,2020/12/12 6:05 AM,40.2,95.0,38.9,38.4,,,30.16,,,,,,,,,,,,,
Back Fence,Temp & Humidity Sensor,2020/12/12 6:10 AM,40.2,95.0,38.9,38.4,,,30.16,,,,,,,,,,,,,
Back Fence,Temp & Humidity Sensor,2020/12/12 6:15 AM,40.4,94.0,38.8,38.6,,,30.17,,,,,,,,,,,,,
Back Fence,Temp & Humidity Sensor,2020/12/12 6:20 AM,40.4,94.0,38.8,38.6,,,30.17,,,,,,,,,,,,,
Back Fence,Temp & Humidity Sensor,2020/12/12 6:25 AM,40.6,94.0,39.0,38.8,,,30.17,,,,,,,,,,,,,
Back Fence,Temp & Humidity Sensor,2020/12/12 6:30 AM,40.8,94.0,39.2,39.0,,,30.17,,,,,,,,,,,,,
Back Fence,Temp & Humidity Sensor,2020/12/12 6:35 AM,40.8,93.0,38.9,39.0,,,30.17,,,,,,,,,,,,,
Back Fence,Temp & Humidity Sensor,2020/12/12 6:40 AM,40.8,93.0,38.9,39.0,,,30.17,,,,,,,,,,,,,
Back Fence,Temp & Humidity Sensor,2020/12/12 6:45 AM,41.0,93.0,39.1,39.2,,,30.17,,,,,,,,,,,,,
Back Fence,Temp & Humidity Sensor,2020/12/12 6:50 AM,40.8,94.0,39.2,39.0,,,30.17,,,,,,,,,,,,,
Back Fence,Temp & Humidity Sensor,2020/12/12 6:55 AM,41.0,94.0,39.4,39.2,,,30.17,,,,,,,,,,,,,
Back Fence,Temp & Humidity Sensor,2020/12/12 7:00 AM,41.1,94.0,39.5,39.3,,,30.17,,,,,,,,,,,,,
Back Fence,Temp & Humidity Sensor,2020/12/12 7:05 AM,41.0,95.0,39.7,39.3,,,30.17,,,,,,,,,,,,,
Back Fence,Temp & Humidity Sensor,2020/12/12 7:10 AM,41.1,95.0,39.8,39.4,,,30.16,,,,,,,,,,,,,
Back Fence,Temp & Humidity Sensor,2020/12/12 7:15 AM,41.1,94.0,39.5,39.3,,,30.17,,,,,,,,,,,,,
Back Fence,Temp & Humidity Sensor,2020/12/12 7:20 AM,41.1,94.0,39.5,39.3,,,30.17,,,,,,,,,,,,,
Back Fence,Temp & Humidity Sensor,2020/12/12 7:25 AM,41.1,95.0,39.8,39.4,,,30.17,,,,,,,,,,,,,
Back Fence,Temp & Humidity Sensor,2020/12/12 7:30 AM,41.1,94.0,39.5,39.3,,,30.17,,,,,,,,,,,,,
Back Fence,Temp & Humidity Sensor,2020/12/12 7:35 AM,41.1,94.0,39.5,39.3,,,30.17,,,,,,,,,,,,,
Back Fence,Temp & Humidity Sensor,2020/12/12 7:40 AM,41.3,94.0,39.7,39.5,,,30.17,,,,,,,,,,,,,
Back Fence,Temp & Humidity Sensor,2020/12/12 7:45 AM,41.3,95.0,40.0,39.6,,,30.17,,,,,,,,,,,,,
Back Fence,Temp & Humidity Sensor,2020/12/12 7:50 AM,41.5,95.0,40.2,39.8,,,30.17,,,,,,,,,,,,,
Back Fence,Temp & Humidity Sensor,2020/12/12 7:55 AM,41.5,95.0,40.2,39.8,,,30.17,,,,,,,,,,,,,
Back Fence,Temp & Humidity Sensor,2020/12/12 8:00 AM,41.7,95.0,40.4,40.0,,,30.17,,,,,,,,,,,,,
Back Fence,Temp & Humidity Sensor,2020/12/12 8:05 AM,41.9,95.0,40.6,40.3,,,30.17,,,,,,,,,,,,,
Back Fence,Temp & Humidity Sensor,2020/12/12 8:10 AM,42.0,95.0,40.7,40.4,,,30.17,,,,,,,,,,,,,
Back Fence,Temp & Humidity Sensor,2020/12/12 8:15 AM,42.2,95.0,40.9,40.6,,,30.17,,,,,,,,,,,,,
Back Fence,Temp & Humidity Sensor,2020/12/12 8:20 AM,42.4,95.0,41.1,40.8,,,30.17,,,,,,,,,,,,,
Back Fence,Temp & Humidity Sensor,2020/12/12 8:25 AM,42.6,95.0,41.3,41.0,,,30.17,,,,,,,,,,,,,
Back Fence,Temp & Humidity Sensor,2020/12/12 8:30 AM,42.8,94.0,41.2,41.2,,,30.16,,,,,,,,,,,,,
Back Fence,Temp & Humidity Sensor,2020/12/12 8:35 AM,42.9,94.0,41.3,41.3,,,30.16,,,,,,,,,,,,,
Back Fence,Temp & Humidity Sensor,2020/12/12 8:40 AM,43.3,94.0,41.7,41.7,,,30.16,,,,,,,,,,,,,
Back Fence,Temp & Humidity Sensor,2020/12/12 8:45 AM,43.8,94.0,42.2,42.3,,,30.16,,,,,,,,,,,,,
Back Fence,Temp & Humidity Sensor,2020/12/12 8:50 AM,44.2,94.0,42.6,42.7,,,30.16,,,,,,,,,,,,,
Back Fence,Temp & Humidity Sensor,2020/12/12 8:55 AM,44.6,93.0,42.7,43.1,,,30.16,,,,,,,,,,,,,
Back Fence,Temp & Humidity Sensor,2020/12/12 9:00 AM,44.9,94.0,43.3,43.5,,,30.15,,,,,,,,,,,,,
Back Fence,Temp & Humidity Sensor,2020/12/12 9:05 AM,45.6,94.0,44.0,44.3,,,30.15,,,,,,,,,,,,,
Back Fence,Temp & Humidity Sensor,2020/12/12 9:10 AM,46.5,93.0,44.6,45.2,,,30.15,,,,,,,,,,,,,
Back Fence,Temp & Humidity Sensor,2020/12/12 9:15 AM,47.1,92.0,44.9,45.8,,,30.15,,,,,,,,,,,,,
Back Fence,Temp & Humidity Sensor,2020/12/12 9:20 AM,47.1,92.0,44.9,45.8,,,30.15,,,,,,,,,,,,,
Back Fence,Temp & Humidity Sensor,2020/12/12 9:25 AM,47.3,92.0,45.1,46.1,,,30.14,,,,,,,,,,,,,
Back Fence,Temp & Humidity Sensor,2020/12/12 9:30 AM,47.8,92.0,45.6,46.6,,,30.14,,,,,,,,,,,,,
Back Fence,Temp & Humidity Sensor,2020/12/12 9:35 AM,48.7,91.0,46.2,47.5,,,30.15,,,,,,,,,,,,,
Back Fence,Temp & Humidity Sensor,2020/12/12 9:40 AM,49.6,90.0,46.8,48.5,,,30.15,,,,,,,,,,,,,
Back Fence,Temp & Humidity Sensor,2020/12/12 9:45 AM,50.9,89.0,47.8,49.9,,,30.15,,,,,,,,,,,,,
Back Fence,Temp & Humidity Sensor,2020/12/12 9:50 AM,51.9,89.0,48.8,51.0,,,30.14,,,,,,,,,,,,,
Back Fence,Temp & Humidity Sensor,2020/12/12 9:55 AM,52.8,88.0,49.3,51.9,,,30.14,,,,,,,,,,,,,
Back Fence,Temp & Humidity Sensor,2020/12/12 10:00 AM,53.6,87.0,49.8,52.7,,,30.14,,,,,,,,,,,,,
Back Fence,Temp & Humidity Sensor,2020/12/12 10:05 AM,54.6,86.0,50.5,53.8,,,30.15,,,,,,,,,,,,,
Back Fence,Temp & Humidity Sensor,2020/12/12 10:10 AM,55.5,84.0,50.7,54.7,,,30.15,,,,,,,,,,,,,
Back Fence,Temp & Humidity Sensor,2020/12/12 10:15 AM,55.9,83.0,50.8,55.1,,,30.15,,,,,,,,,,,,,
Back Fence,Temp & Humidity Sensor,2020/12/12 10:20 AM,57.0,82.0,51.6,56.3,,,30.15,,,,,,,,,,,,,
Back Fence,Temp & Humidity Sensor,2020/12/12 10:25 AM,57.2,79.0,50.7,56.3,,,30.15,,,,,,,,,,,,,
Back Fence,Temp & Humidity Sensor,2020/12/12 10:30 AM,57.5,80.0,51.4,56.7,,,30.15,,,,,,,,,,,,,
Back Fence,Temp & Humidity Sensor,2020/12/12 10:35 AM,58.2,79.0,51.7,57.4,,,30.15,,,,,,,,,,,,,
Back Fence,Temp & Humidity Sensor,2020/12/12 10:40 AM,58.1,77.0,50.9,57.2,,,30.14,,,,,,,,,,,,,
Back Fence,Temp & Humidity Sensor,2020/12/12 10:45 AM,58.6,78.0,51.8,57.8,,,30.14,,,,,,,,,,,,,
Back Fence,Temp & Humidity Sensor,2020/12/12 10:50 AM,59.1,72.0,50.1,58.1,,,30.14,,,,,,,,,,,,,
Back Fence,Temp & Humidity Sensor,2020/12/12 10:55 AM,59.3,74.0,51.0,58.4,,,30.14,,,,,,,,,,,,,
Back Fence,Temp & Humidity Sensor,2020/12/12 11:00 AM,59.5,73.0,50.8,58.6,,,30.14,,,,,,,,,,,,,
Back Fence,Temp & Humidity Sensor,2020/12/12 11:05 AM,59.7,72.0,50.7,58.8,,,30.14,,,,,,,,,,,,,
Back Fence,Temp & Humidity Sensor,2020/12/12 11:10 AM,59.7,72.0,50.7,58.8,,,30.14,,,,,,,,,,,,,
Back Fence,Temp & Humidity Sensor,2020/12/12 11:15 AM,59.5,72.0,50.5,58.5,,,30.13,,,,,,,,,,,,,
Back Fence,Temp & Humidity Sensor,2020/12/12 11:20 AM,59.5,72.0,50.5,58.5,,,30.13,,,,,,,,,,,,,
Back Fence,Temp & Humidity Sensor,2020/12/12 11:25 AM,59.9,72.0,50.8,59.0,,,30.13,,,,,,,,,,,,,
Back Fence,Temp & Humidity Sensor,2020/12/12 11:30 AM,60.9,72.0,51.8,60.1,,,30.12,,,,,,,,,,,,,
Back Fence,Temp & Humidity Sensor,2020/12/12 11:35 AM,61.7,70.0,51.8,60.9,,,30.12,,,,,,,,,,,,,
Back Fence,Temp & Humidity Sensor,2020/12/12 11:40 AM,62.2,68.0,51.5,61.3,,,30.12,,,,,,,,,,,,,
Back Fence,Temp & Humidity Sensor,2020/12/12 11:45 AM,62.2,69.0,51.9,61.4,,,30.12,,,,,,,,,,,,,
Back Fence,Temp & Humidity Sensor,2020/12/12 11:50 AM,61.8,67.0,50.7,60.8,,,30.11,,,,,,,,,,,,,
Back Fence,Temp & Humidity Sensor,2020/12/12 11:55 AM,61.3,67.0,50.2,60.3,,,30.11,,,,,,,,,,,,,
Back Fence,Temp & Humidity Sensor,2020/12/12 12:00 PM,60.8,67.0,49.8,59.7,,,30.11,,,,,,,,,,,,,
Back Fence,Temp & Humidity Sensor,2020/12/12 12:05 PM,60.4,68.0,49.8,59.3,,,30.11,,,,,,,,,,,,,
Back Fence,Temp & Humidity Sensor,2020/12/12 12:10 PM,60.4,67.0,49.4,59.3,,,30.11,,,,,,,,,,,,,
Back Fence,Temp & Humidity Sensor,2020/12/12 12:15 PM,60.2,68.0,49.6,59.1,,,30.11,,,,,,,,,,,,,
Back Fence,Temp & Humidity Sensor,2020/12/12 12:20 PM,60.2,68.0,49.6,59.1,,,30.1,,,,,,,,,,,,,
Back Fence,Temp & Humidity Sensor,2020/12/12 12:25 PM,60.8,68.0,50.2,59.8,,,30.11,,,,,,,,,,,,,
Back Fence,Temp & Humidity Sensor,2020/12/12 12:30 PM,61.1,67.0,50.1,60.1,,,30.11,,,,,,,,,,,,,
Back Fence,Temp & Humidity Sensor,2020/12/12 12:35 PM,61.5,68.0,50.8,60.5,,,30.1,,,,,,,,,,,,,
Back Fence,Temp & Humidity Sensor,2020/12/12 12:40 PM,62.2,68.0,51.5,61.3,,,30.1,,,,,,,,,,,,,
Back Fence,Temp & Humidity Sensor,2020/12/12 12:45 PM,62.6,67.0,51.5,61.7,,,30.1,,,,,,,,,,,,,
Back Fence,Temp & Humidity Sensor,2020/12/12 12:50 PM,62.4,67.0,51.3,61.5,,,30.1,,,,,,,,,,,,,
Back Fence,Temp & Humidity Sensor,2020/12/12 12:55 PM,62.6,67.0,51.5,61.7,,,30.1,,,,,,,,,,,,,
Back Fence,Temp & Humidity Sensor,2020/12/12 1:00 PM,62.7,63.0,49.9,61.6,,,30.1,,,,,,,,,,,,,
Back Fence,Temp & Humidity Sensor,2020/12/12 1:05 PM,62.6,64.0,50.2,61.6,,,30.1,,,,,,,,,,,,,
Back Fence,Temp & Humidity Sensor,2020/12/12 1:10 PM,62.6,64.0,50.2,61.6,,,30.09,,,,,,,,,,,,,
Back Fence,Temp & Humidity Sensor,2020/12/12 1:15 PM,62.4,65.0,50.5,61.4,,,30.09,,,,,,,,,,,,,
Back Fence,Temp & Humidity Sensor,2020/12/12 1:20 PM,62.2,65.0,50.3,61.2,,,30.09,,,,,,,,,,,,,
Back Fence,Temp & Humidity Sensor,2020/12/12 1:25 PM,62.4,65.0,50.5,61.4,,,30.09,,,,,,,,,,,,,
Back Fence,Temp & Humidity Sensor,2020/12/12 1:30 PM,62.4,65.0,50.5,61.4,,,30.09,,,,,,,,,,,,,
Back Fence,Temp & Humidity Sensor,2020/12/12 1:35 PM,62.6,62.0,49.4,61.5,,,30.08,,,,,,,,,,,,,
Back Fence,Temp & Humidity Sensor,2020/12/12 1:40 PM,63.5,63.0,50.7,62.5,,,30.08,,,,,,,,,,,,,
Back Fence,Temp & Humidity Sensor,2020/12/12 1:45 PM,63.3,62.0,50.1,62.2,,,30.08,,,,,,,,,,,,,
Back Fence,Temp & Humidity Sensor,2020/12/12 1:50 PM,64.4,61.0,50.7,63.4,,,30.08,,,,,,,,,,,,,
Back Fence,Temp & Humidity Sensor,2020/12/12 1:55 PM,65.4,60.0,51.1,64.5,,,30.08,,,,,,,,,,,,,
Back Fence,Temp & Humidity Sensor,2020/12/12 2:00 PM,64.9,59.0,50.2,63.9,,,30.08,,,,,,,,,,,,,
Back Fence,Temp & Humidity Sensor,2020/12/12 2:05 PM,66.2,57.0,50.5,65.2,,,30.07,,,,,,,,,,,,,
Back Fence,Temp & Humidity Sensor,2020/12/12 2:10 PM,67.1,56.0,50.9,66.1,,,30.07,,,,,,,,,,,,,
Back Fence,Temp & Humidity Sensor,2020/12/12 2:15 PM,66.7,54.0,49.5,65.6,,,30.07,,,,,,,,,,,,,
Back Fence,Temp & Humidity Sensor,2020/12/12 2:20 PM,64.9,56.0,48.8,63.7,,,30.07,,,,,,,,,,,,,
Back Fence,Temp & Humidity Sensor,2020/12/12 2:25 PM,64.0,58.0,48.9,62.8,,,30.07,,,,,,,,,,,,,
Back Fence,Temp & Humidity Sensor,2020/12/12 2:30 PM,63.5,58.0,48.5,62.3,,,30.07,,,,,,,,,,,,,
Back Fence,Temp & Humidity Sensor,2020/12/12 2:35 PM,63.5,60.0,49.4,62.4,,,30.07,,,,,,,,,,,,,
Back Fence,Temp & Humidity Sensor,2020/12/12 2:40 PM,63.1,60.0,49.0,61.9,,,30.07,,,,,,,,,,,,,
Back Fence,Temp & Humidity Sensor,2020/12/12 2:45 PM,62.6,61.0,49.0,61.4,,,30.07,,,,,,,,,,,,,
Back Fence,Temp & Humidity Sensor,2020/12/12 2:50 PM,62.4,62.0,49.2,61.3,,,30.07,,,,,,,,,,,,,
Back Fence,Temp & Humidity Sensor,2020/12/12 2:55 PM,62.7,62.0,49.5,61.6,,,30.07,,,,,,,,,,,,,
Back Fence,Temp & Humidity Sensor,2020/12/12 3:00 PM,62.7,62.0,49.5,61.6,,,30.07,,,,,,,,,,,,,
Back Fence,Temp & Humidity Sensor,2020/12/12 3:05 PM,61.7,62.0,48.5,60.5,,,30.07,,,,,,,,,,,,,
Back Fence,Temp & Humidity Sensor,2020/12/12 3:10 PM,61.3,63.0,48.6,60.1,,,30.07,,,,,,,,,,,,,
Back Fence,Temp & Humidity Sensor,2020/12/12 3:15 PM,61.3,64.0,49.0,60.1,,,30.07,,,,,,,,,,,,,
Back Fence,Temp & Humidity Sensor,2020/12/12 3:20 PM,61.1,64.0,48.8,59.9,,,30.07,,,,,,,,,,,,,
Back Fence,Temp & Humidity Sensor,2020/12/12 3:25 PM,60.9,64.0,48.6,59.7,,,30.07,,,,,,,,,,,,,
Back Fence,Temp & Humidity Sensor,2020/12/12 3:30 PM,60.0,65.0,48.2,58.8,,,30.07,,,,,,,,,,,,,
Back Fence,Temp & Humidity Sensor,2020/12/12 3:35 PM,59.3,65.0,47.5,58.0,,,30.06,,,,,,,,,,,,,
Back Fence,Temp & Humidity Sensor,2020/12/12 3:40 PM,59.0,66.0,47.7,57.7,,,30.06,,,,,,,,,,,,,
Back Fence,Temp & Humidity Sensor,2020/12/12 3:45 PM,58.8,67.0,47.9,57.5,,,30.06,,,,,,,,,,,,,
Back Fence,Temp & Humidity Sensor,2020/12/12 3:50 PM,59.0,67.0,48.1,57.7,,,30.06,,,,,,,,,,,,,
Back Fence,Temp & Humidity Sensor,2020/12/12 3:55 PM,59.1,67.0,48.2,57.9,,,30.06,,,,,,,,,,,,,
Back Fence,Temp & Humidity Sensor,2020/12/12 4:00 PM,59.1,67.0,48.2,57.9,,,30.07,,,,,,,,,,,,,
Back Fence,Temp & Humidity Sensor,2020/12/12 4:05 PM,58.8,68.0,48.3,57.6,,,30.07,,,,,,,,,,,,,
Back Fence,Temp & Humidity Sensor,2020/12/12 4:10 PM,58.4,68.0,47.9,57.1,,,30.06,,,,,,,,,,,,,
Back Fence,Temp & Humidity Sensor,2020/12/12 4:15 PM,58.1,69.0,48.0,56.9,,,30.06,,,,,,,,,,,,,
Back Fence,Temp & Humidity Sensor,2020/12/12 4:20 PM,57.7,69.0,47.6,56.4,,,30.07,,,,,,,,,,,,,
Back Fence,Temp & Humidity Sensor,2020/12/12 4:25 PM,57.2,70.0,47.5,55.9,,,30.06,,,,,,,,,,,,,
Back Fence,Temp & Humidity Sensor,2020/12/12 4:30 PM,56.8,71.0,47.5,55.5,,,30.06,,,,,,,,,,,,,
Back Fence,Temp & Humidity Sensor,2020/12/12 4:35 PM,56.3,72.0,47.4,55.0,,,30.06,,,,,,,,,,,,,
Back Fence,Temp & Humidity Sensor,2020/12/12 4:40 PM,56.1,72.0,47.2,54.8,,,30.06,,,,,,,,,,,,,
Back Fence,Temp & Humidity Sensor,2020/12/12 4:45 PM,56.3,73.0,47.8,55.1,,,30.07,,,,,,,,,,,,,
Back Fence,Temp & Humidity Sensor,2020/12/12 4:50 PM,55.9,74.0,47.7,54.7,,,30.06,,,,,,,,,,,,,
Back Fence,Temp & Humidity Sensor,2020/12/12 4:55 PM,55.4,73.0,46.9,54.1,,,30.06,,,,,,,,,,,,,
Back Fence,Temp & Humidity Sensor,2020/12/12 5:00 PM,55.0,74.0,46.9,53.7,,,30.06,,,,,,,,,,,,,
Back Fence,Temp & Humidity Sensor,2020/12/12 5:05 PM,54.8,75.0,47.0,53.5,,,30.06,,,,,,,,,,,,,
Back Fence,Temp & Humidity Sensor,2020/12/12 5:10 PM,55.0,76.0,47.6,53.8,,,30.06,,,,,,,,,,,,,
Back Fence,Temp & Humidity Sensor,2020/12/12 5:15 PM,54.8,76.0,47.4,53.6,,,30.06,,,,,,,,,,,,,
Back Fence,Temp & Humidity Sensor,2020/12/12 5:20 PM,54.6,76.0,47.2,53.3,,,30.06,,,,,,,,,,,,,
Back Fence,Temp & Humidity Sensor,2020/12/12 5:25 PM,54.8,76.0,47.4,53.6,,,30.06,,,,,,,,,,,,,
Back Fence,Temp & Humidity Sensor,2020/12/12 5:30 PM,54.6,76.0,47.2,53.3,,,30.06,,,,,,,,,,,,,
Back Fence,Temp & Humidity Sensor,2020/12/12 5:35 PM,54.6,76.0,47.2,53.3,,,30.06,,,,,,,,,,,,,
Back Fence,Temp & Humidity Sensor,2020/12/12 5:40 PM,54.6,76.0,47.2,53.3,,,30.06,,,,,,,,,,,,,
Back Fence,Temp & Humidity Sensor,2020/12/12 5:45 PM,54.6,76.0,47.2,53.3,,,30.06,,,,,,,,,,,,,
Back Fence,Temp & Humidity Sensor,2020/12/12 5:50 PM,54.6,76.0,47.2,53.3,,,30.06,,,,,,,,,,,,,
Back Fence,Temp & Humidity Sensor,2020/12/12 5:55 PM,54.5,76.0,47.1,53.2,,,30.06,,,,,,,,,,,,,
Back Fence,Temp & Humidity Sensor,2020/12/12 6:00 PM,54.3,76.0,46.9,53.0,,,30.06,,,,,,,,,,,,,
Back Fence,Temp & Humidity Sensor,2020/12/12 6:05 PM,54.3,77.0,47.2,53.0,,,30.06,,,,,,,,,,,,,
Back Fence,Temp & Humidity Sensor,2020/12/12 6:10 PM,54.1,77.0,47.1,52.8,,,30.06,,,,,,,,,,,,,
Back Fence,Temp & Humidity Sensor,2020/12/12 6:15 PM,54.1,77.0,47.1,52.8,,,30.06,,,,,,,,,,,,,
Back Fence,Temp & Humidity Sensor,2020/12/12 6:20 PM,53.9,77.0,46.9,52.6,,,30.06,,,,,,,,,,,,,
Back Fence,Temp & Humidity Sensor,2020/12/12 6:25 PM,53.7,78.0,47.0,52.4,,,30.06,,,,,,,,,,,,,
Back Fence,Temp & Humidity Sensor,2020/12/12 6:30 PM,53.6,78.0,46.9,52.3,,,30.06,,,,,,,,,,,,,
Back Fence,Temp & Humidity Sensor,2020/12/12 6:35 PM,53.4,79.0,47.1,52.2,,,30.06,,,,,,,,,,,,,
Back Fence,Temp & Humidity Sensor,2020/12/12 6:40 PM,53.2,79.0,46.9,51.9,,,30.06,,,,,,,,,,,,,
Back Fence,Temp & Humidity Sensor,2020/12/12 6:45 PM,52.8,79.0,46.5,51.5,,,30.06,,,,,,,,,,,,,
Back Fence,Temp & Humidity Sensor,2020/12/12 6:50 PM,52.5,79.0,46.2,51.2,,,30.05,,,,,,,,,,,,,
Back Fence,Temp & Humidity Sensor,2020/12/12 6:55 PM,52.1,80.0,46.1,50.8,,,30.05,,,,,,,,,,,,,
Back Fence,Temp & Humidity Sensor,2020/12/12 7:00 PM,52.1,81.0,46.4,50.8,,,30.06,,,,,,,,,,,,,
Back Fence,Temp & Humidity Sensor,2020/12/12 7:05 PM,51.9,81.0,46.3,50.6,,,30.06,,,,,,,,,,,,,
Back Fence,Temp & Humidity Sensor,2020/12/12 7:10 PM,51.9,82.0,46.6,50.6,,,30.06,,,,,,,,,,,,,
Back Fence,Temp & Humidity Sensor,2020/12/12 7:15 PM,51.8,82.0,46.5,50.5,,,30.06,,,,,,,,,,,,,
Back Fence,Temp & Humidity Sensor,2020/12/12 7:20 PM,51.6,82.0,46.3,50.3,,,30.06,,,,,,,,,,,,,
Back Fence,Temp & Humidity Sensor,2020/12/12 7:25 PM,51.6,83.0,46.6,50.4,,,30.06,,,,,,,,,,,,,
Back Fence,Temp & Humidity Sensor,2020/12/12 7:30 PM,51.8,82.0,46.5,50.5,,,30.06,,,,,,,,,,,,,
Back Fence,Temp & Humidity Sensor,2020/12/12 7:35 PM,52.1,83.0,47.1,50.9,,,30.06,,,,,,,,,,,,,
Back Fence,Temp & Humidity Sensor,2020/12/12 7:40 PM,52.5,83.0,47.5,51.4,,,30.06,,,,,,,,,,,,,
Back Fence,Temp & Humidity Sensor,2020/12/12 7:45 PM,52.8,83.0,47.8,51.7,,,30.06,,,,,,,,,,,,,
Back Fence,Temp & Humidity Sensor,2020/12/12 7:50 PM,52.7,83.0,47.7,51.6,,,30.06,,,,,,,,,,,,,
Back Fence,Temp & Humidity Sensor,2020/12/12 7:55 PM,52.5,82.0,47.2,51.3,,,30.06,,,,,,,,,,,,,
Back Fence,Temp & Humidity Sensor,2020/12/12 8:00 PM,52.1,83.0,47.1,50.9,,,30.06,,,,,,,,,,,,,
Back Fence,Temp & Humidity Sensor,2020/12/12 8:05 PM,51.9,83.0,46.9,50.7,,,30.06,,,,,,,,,,,,,
Back Fence,Temp & Humidity Sensor,2020/12/12 8:10 PM,51.8,83.0,46.8,50.6,,,30.06,,,,,,,,,,,,,
Back Fence,Temp & Humidity Sensor,2020/12/12 8:15 PM,51.8,83.0,46.8,50.6,,,30.06,,,,,,,,,,,,,
Back Fence,Temp & Humidity Sensor,2020/12/12 8:20 PM,51.6,83.0,46.6,50.4,,,30.06,,,,,,,,,,,,,
Back Fence,Temp & Humidity Sensor,2020/12/12 8:25 PM,51.4,84.0,46.7,50.2,,,30.06,,,,,,,,,,,,,
Back Fence,Temp & Humidity Sensor,2020/12/12 8:30 PM,51.4,85.0,47.0,50.2,,,30.07,,,,,,,,,,,,,
Back Fence,Temp & Humidity Sensor,2020/12/12 8:35 PM,51.4,85.0,47.0,50.2,,,30.07,,,,,,,,,,,,,
Back Fence,Temp & Humidity Sensor,2020/12/12 8:40 PM,51.4,86.0,47.4,50.3,,,30.06,,,,,,,,,,,,,
Back Fence,Temp & Humidity Sensor,2020/12/12 8:45 PM,51.2,86.0,47.2,50.1,,,30.06,,,,,,,,,,,,,
Back Fence,Temp & Humidity Sensor,2020/12/12 8:50 PM,51.2,86.0,47.2,50.1,,,30.06,,,,,,,,,,,,,
Back Fence,Temp & Humidity Sensor,2020/12/12 8:55 PM,51.0,86.0,47.0,49.8,,,30.06,,,,,,,,,,,,,
Back Fence,Temp & Humidity Sensor,2020/12/12 9:00 PM,50.9,85.0,46.6,49.7,,,30.06,,,,,,,,,,,,,
Back Fence,Temp & Humidity Sensor,2020/12/12 9:05 PM,50.7,85.0,46.4,49.5,,,30.07,,,,,,,,,,,,,
Back Fence,Temp & Humidity Sensor,2020/12/12 9:10 PM,50.5,86.0,46.5,49.3,,,30.06,,,,,,,,,,,,,
Back Fence,Temp & Humidity Sensor,2020/12/12 9:15 PM,50.3,87.0,46.6,49.1,,,30.06,,,,,,,,,,,,,
Back Fence,Temp & Humidity Sensor,2020/12/12 9:20 PM,50.3,87.0,46.6,49.1,,,30.07,,,,,,,,,,,,,
Back Fence,Temp & Humidity Sensor,2020/12/12 9:25 PM,50.0,87.0,46.3,48.8,,,30.07,,,,,,,,,,,,,
Back Fence,Temp & Humidity Sensor,2020/12/12 9:30 PM,50.0,87.0,46.3,48.8,,,30.06,,,,,,,,,,,,,
Back Fence,Temp & Humidity Sensor,2020/12/12 9:35 PM,50.0,87.0,46.3,48.8,,,30.07,,,,,,,,,,,,,
Back Fence,Temp & Humidity Sensor,2020/12/12 9:40 PM,50.1,88.0,46.7,48.9,,,30.07,,,,,,,,,,,,,
Back Fence,Temp & Humidity Sensor,2020/12/12 9:45 PM,50.3,88.0,46.9,49.2,,,30.07,,,,,,,,,,,,,
Back Fence,Temp & Humidity Sensor,2020/12/12 9:50 PM,50.5,87.0,46.8,49.3,,,30.07,,,,,,,,,,,,,
Back Fence,Temp & Humidity Sensor,2020/12/12 10:00 PM,50.9,88.0,47.5,49.8,,,30.07,,,,,,,,,,,,,
Back Fence,Temp & Humidity Sensor,2020/12/12 10:05 PM,51.0,88.0,47.6,49.9,,,30.07,,,,,,,,,,,,,
Back Fence,Temp & Humidity Sensor,2020/12/12 10:10 PM,51.0,88.0,47.6,49.9,,,30.08,,,,,,,,,,,,,
Back Fence,Temp & Humidity Sensor,2020/12/12 10:15 PM,51.0,87.0,47.3,49.9,,,30.08,,,,,,,,,,,,,
Back Fence,Temp & Humidity Sensor,2020/12/12 10:20 PM,51.2,87.0,47.5,50.1,,,30.08,,,,,,,,,,,,,
Back Fence,Temp & Humidity Sensor,2020/12/12 10:25 PM,51.8,87.0,48.1,50.8,,,30.08,,,,,,,,,,,,,
Back Fence,Temp & Humidity Sensor,2020/12/12 10:30 PM,51.8,87.0,48.1,50.8,,,30.08,,,,,,,,,,,,,
Back Fence,Temp & Humidity Sensor,2020/12/12 10:35 PM,52.1,87.0,48.3,51.1,,,30.07,,,,,,,,,,,,,
Back Fence,Temp & Humidity Sensor,2020/12/12 10:40 PM,52.3,87.0,48.5,51.3,,,30.07,,,,,,,,,,,,,
Back Fence,Temp & Humidity Sensor,2020/12/12 10:45 PM,52.5,86.0,48.4,51.5,,,30.07,,,,,,,,,,,,,
Back Fence,Temp & Humidity Sensor,2020/12/12 10:50 PM,52.3,86.0,48.2,51.3,,,30.06,,,,,,,,,,,,,
Back Fence,Temp & Humidity Sensor,2020/12/12 10:55 PM,52.7,86.0,48.6,51.7,,,30.06,,,,,,,,,,,,,
Back Fence,Temp & Humidity Sensor,2020/12/12 11:00 PM,52.7,86.0,48.6,51.7,,,30.06,,,,,,,,,,,,,
Back Fence,Temp & Humidity Sensor,2020/12/12 11:05 PM,52.7,86.0,48.6,51.7,,,30.07,,,,,,,,,,,,,
Back Fence,Temp & Humidity Sensor,2020/12/12 11:10 PM,53.2,86.0,49.1,52.3,,,30.06,,,,,,,,,,,,,
Back Fence,Temp & Humidity Sensor,2020/12/12 11:15 PM,53.6,85.0,49.2,52.7,,,30.06,,,,,,,,,,,,,
Back Fence,Temp & Humidity Sensor,2020/12/12 11:20 PM,53.7,85.0,49.3,52.8,,,30.07,,,,,,,,,,,,,
Back Fence,Temp & Humidity Sensor,2020/12/12 11:25 PM,53.6,85.0,49.2,52.7,,,30.07,,,,,,,,,,,,,
Back Fence,Temp & Humidity Sensor,2020/12/12 11:30 PM,53.4,85.0,49.0,52.4,,,30.07,,,,,,,,,,,,,
Back Fence,Temp & Humidity Sensor,2020/12/12 11:35 PM,53.4,85.0,49.0,52.4,,,30.07,,,,,,,,,,,,,
Back Fence,Temp & Humidity Sensor,2020/12/12 11:40 PM,53.4,85.0,49.0,52.4,,,30.07,,,,,,,,,,,,,
Back Fence,Temp & Humidity Sensor,2020/12/12 11:45 PM,53.4,85.0,49.0,52.4,,,30.07,,,,,,,,,,,,,
Back Fence,Temp & Humidity Sensor,2020/12/12 11:50 PM,53.2,85.0,48.8,52.2,,,30.07,,,,,,,,,,,,,
Back Fence,Temp & Humidity Sensor,2020/12/12 11:55 PM,53.2,86.0,49.1,52.3,,,30.07,,,,,,,,,,,,,
Back Fence,Temp & Humidity Sensor,2020/12/13 12:00 AM,53.2,85.0,48.8,52.2,,,30.07,,,,,,,,,,,,,
Back Fence,Temp & Humidity Sensor,2020/12/13 12:05 AM,53.4,86.0,49.3,52.5,,,30.07,,,,,,,,,,,,,
Back Fence,Temp & Humidity Sensor,2020/12/13 12:10 AM,53.4,86.0,49.3,52.5,,,30.07,,,,,,,,,,,,,
Back Fence,Temp & Humidity Sensor,2020/12/13 12:15 AM,53.6,85.0,49.2,52.7,,,30.07,,,,,,,,,,,,,
Back Fence,Temp & Humidity Sensor,2020/12/13 12:20 AM,53.4,86.0,49.3,52.5,,,30.07,,,,,,,,,,,,,
Back Fence,Temp & Humidity Sensor,2020/12/13 12:25 AM,53.2,85.0,48.8,52.2,,,30.07,,,,,,,,,,,,,
Back Fence,Temp & Humidity Sensor,2020/12/13 12:35 AM,53.0,85.0,48.6,52.0,,,30.06,,,,,,,,,,,,,
Back Fence,Temp & Humidity Sensor,2020/12/13 12:40 AM,52.8,85.0,48.4,51.8,,,30.07,,,,,,,,,,,,,
Back Fence,Temp & Humidity Sensor,2020/12/13 12:45 AM,52.7,85.0,48.3,51.7,,,30.07,,,,,,,,,,,,,
Back Fence,Temp & Humidity Sensor,2020/12/13 12:50 AM,52.7,86.0,48.6,51.7,,,30.06,,,,,,,,,,,,,
Back Fence,Temp & Humidity Sensor,2020/12/13 12:55 AM,52.7,86.0,48.6,51.7,,,30.06,,,,,,,,,,,,,
Back Fence,Temp & Humidity Sensor,2020/12/13 1:00 AM,52.7,87.0,48.9,51.8,,,30.06,,,,,,,,,,,,,
Back Fence,Temp & Humidity Sensor,2020/12/13 1:05 AM,52.5,87.0,48.7,51.5,,,30.06,,,,,,,,,,,,,
Back Fence,Temp & Humidity Sensor,2020/12/13 1:10 AM,52.3,87.0,48.5,51.3,,,30.06,,,,,,,,,,,,,
Back Fence,Temp & Humidity Sensor,2020/12/13 1:15 AM,52.3,87.0,48.5,51.3,,,30.06,,,,,,,,,,,,,
Back Fence,Temp & Humidity Sensor,2020/12/13 1:20 AM,52.3,88.0,48.9,51.4,,,30.06,,,,,,,,,,,,,
Back Fence,Temp & Humidity Sensor,2020/12/13 1:25 AM,52.1,87.0,48.3,51.1,,,30.06,,,,,,,,,,,,,
Back Fence,Temp & Humidity Sensor,2020/12/13 1:30 AM,52.3,87.0,48.5,51.3,,,30.06,,,,,,,,,,,,,
Back Fence,Temp & Humidity Sensor,2020/12/13 1:35 AM,52.5,87.0,48.7,51.5,,,30.06,,,,,,,,,,,,,
Back Fence,Temp & Humidity Sensor,2020/12/13 1:40 AM,52.5,87.0,48.7,51.5,,,30.06,,,,,,,,,,,,,
Back Fence,Temp & Humidity Sensor,2020/12/13 1:45 AM,52.5,88.0,49.0,51.6,,,30.06,,,,,,,,,,,,,
Back Fence,Temp & Humidity Sensor,2020/12/13 1:50 AM,52.1,87.0,48.3,51.1,,,30.06,,,,,,,,,,,,,
Back Fence,Temp & Humidity Sensor,2020/12/13 1:55 AM,52.1,87.0,48.3,51.1,,,30.06,,,,,,,,,,,,,
Back Fence,Temp & Humidity Sensor,2020/12/13 2:00 AM,52.1,88.0,48.7,51.1,,,30.06,,,,,,,,,,,,,
Back Fence,Temp & Humidity Sensor,2020/12/13 2:05 AM,52.1,87.0,48.3,51.1,,,30.06,,,,,,,,,,,,,
Back Fence,Temp & Humidity Sensor,2020/12/13 2:10 AM,52.3,87.0,48.5,51.3,,,30.06,,,,,,,,,,,,,
Back Fence,Temp & Humidity Sensor,2020/12/13 2:15 AM,52.5,87.0,48.7,51.5,,,30.06,,,,,,,,,,,,,
Back Fence,Temp & Humidity Sensor,2020/12/13 2:20 AM,52.5,87.0,48.7,51.5,,,30.07,,,,,,,,,,,,,
Back Fence,Temp & Humidity Sensor,2020/12/13 2:25 AM,52.7,87.0,48.9,51.8,,,30.06,,,,,,,,,,,,,
Back Fence,Temp & Humidity Sensor,2020/12/13 2:30 AM,52.7,87.0,48.9,51.8,,,30.06,,,,,,,,,,,,,
Back Fence,Temp & Humidity Sensor,2020/12/13 2:35 AM,52.8,87.0,49.0,51.9,,,30.07,,,,,,,,,,,,,
Back Fence,Temp & Humidity Sensor,2020/12/13 2:40 AM,52.8,87.0,49.0,51.9,,,30.07,,,,,,,,,,,,,
Back Fence,Temp & Humidity Sensor,2020/12/13 2:45 AM,52.8,87.0,49.0,51.9,,,30.07,,,,,,,,,,,,,
Back Fence,Temp & Humidity Sensor,2020/12/13 2:50 AM,52.8,87.0,49.0,51.9,,,30.07,,,,,,,,,,,,,
Back Fence,Temp & Humidity Sensor,2020/12/13 2:55 AM,52.7,87.0,48.9,51.8,,,30.08,,,,,,,,,,,,,
Back Fence,Temp & Humidity Sensor,2020/12/13 3:00 AM,52.5,88.0,49.0,51.6,,,30.08,,,,,,,,,,,,,
Back Fence,Temp & Humidity Sensor,2020/12/13 3:05 AM,52.3,88.0,48.9,51.4,,,30.07,,,,,,,,,,,,,
Back Fence,Temp & Humidity Sensor,2020/12/13 3:10 AM,52.3,89.0,49.2,51.4,,,30.07,,,,,,,,,,,,,
Back Fence,Temp & Humidity Sensor,2020/12/13 3:15 AM,52.1,89.0,49.0,51.2,,,30.08,,,,,,,,,,,,,
Back Fence,Temp & Humidity Sensor,2020/12/13 3:20 AM,52.1,89.0,49.0,51.2,,,30.08,,,,,,,,,,,,,
Back Fence,Temp & Humidity Sensor,2020/12/13 3:25 AM,51.9,89.0,48.8,51.0,,,30.08,,,,,,,,,,,,,
Back Fence,Temp & Humidity Sensor,2020/12/13 3:30 AM,51.9,89.0,48.8,51.0,,,30.08,,,,,,,,,,,,,
Back Fence,Temp & Humidity Sensor,2020/12/13 3:35 AM,51.9,89.0,48.8,51.0,,,30.08,,,,,,,,,,,,,
Back Fence,Temp & Humidity Sensor,2020/12/13 3:40 AM,51.9,89.0,48.8,51.0,,,30.08,,,,,,,,,,,,,
Back Fence,Temp & Humidity Sensor,2020/12/13 3:45 AM,51.9,89.0,48.8,51.0,,,30.07,,,,,,,,,,,,,
Back Fence,Temp & Humidity Sensor,2020/12/13 3:50 AM,51.9,89.0,48.8,51.0,,,30.07,,,,,,,,,,,,,
Back Fence,Temp & Humidity Sensor,2020/12/13 3:55 AM,51.9,89.0,48.8,51.0,,,30.07,,,,,,,,,,,,,
Back Fence,Temp & Humidity Sensor,2020/12/13 4:00 AM,51.9,90.0,49.1,51.0,,,30.07,,,,,,,,,,,,,
Back Fence,Temp & Humidity Sensor,2020/12/13 4:05 AM,51.8,90.0,49.0,50.9,,,30.07,,,,,,,,,,,,,
Back Fence,Temp & Humidity Sensor,2020/12/13 4:10 AM,51.8,89.0,48.7,50.9,,,30.07,,,,,,,,,,,,,
Back Fence,Temp & Humidity Sensor,2020/12/13 4:15 AM,51.8,89.0,48.7,50.9,,,30.07,,,,,,,,,,,,,
Back Fence,Temp & Humidity Sensor,2020/12/13 4:20 AM,51.8,90.0,49.0,50.9,,,30.07,,,,,,,,,,,,,
Back Fence,Temp & Humidity Sensor,2020/12/13 4:25 AM,51.8,90.0,49.0,50.9,,,30.07,,,,,,,,,,,,,
Back Fence,Temp & Humidity Sensor,2020/12/13 4:30 AM,51.8,90.0,49.0,50.9,,,30.06,,,,,,,,,,,,,
Back Fence,Temp & Humidity Sensor,2020/12/13 4:35 AM,51.9,90.0,49.1,51.0,,,30.07,,,,,,,,,,,,,
Back Fence,Temp & Humidity Sensor,2020/12/13 4:40 AM,51.9,90.0,49.1,51.0,,,30.07,,,,,,,,,,,,,
Back Fence,Temp & Humidity Sensor,2020/12/13 4:45 AM,51.9,90.0,49.1,51.0,,,30.07,,,,,,,,,,,,,
Back Fence,Temp & Humidity Sensor,2020/12/13 4:50 AM,51.9,91.0,49.4,51.1,,,30.07,,,,,,,,,,,,,
Back Fence,Temp & Humidity Sensor,2020/12/13 4:55 AM,51.8,91.0,49.3,51.0,,,30.08,,,,,,,,,,,,,
Back Fence,Temp & Humidity Sensor,2020/12/13 5:00 AM,51.8,91.0,49.3,51.0,,,30.07,,,,,,,,,,,,,
Back Fence,Temp & Humidity Sensor,2020/12/13 5:05 AM,51.8,92.0,49.5,51.0,,,30.07,,,,,,,,,,,,,
Back Fence,Temp & Humidity Sensor,2020/12/13 5:10 AM,51.9,92.0,49.6,51.1,,,30.08,,,,,,,,,,,,,
Back Fence,Temp & Humidity Sensor,2020/12/13 5:15 AM,51.9,93.0,49.9,51.2,,,30.08,,,,,,,,,,,,,
Back Fence,Temp & Humidity Sensor,2020/12/13 5:20 AM,51.9,93.0,49.9,51.2,,,30.08,,,,,,,,,,,,,
Back Fence,Temp & Humidity Sensor,2020/12/13 5:25 AM,51.9,93.0,49.9,51.2,,,30.08,,,,,,,,,,,,,
Back Fence,Temp & Humidity Sensor,2020/12/13 5:30 AM,51.9,93.0,49.9,51.2,,,30.08,,,,,,,,,,,,,
Back Fence,Temp & Humidity Sensor,2020/12/13 5:35 AM,51.9,93.0,49.9,51.2,,,30.08,,,,,,,,,,,,,
Back Fence,Temp & Humidity Sensor,2020/12/13 5:40 AM,52.1,93.0,50.1,51.4,,,30.08,,,,,,,,,,,,,
Back Fence,Temp & Humidity Sensor,2020/12/13 5:45 AM,52.1,93.0,50.1,51.4,,,30.08,,,,,,,,,,,,,
Back Fence,Temp & Humidity Sensor,2020/12/13 5:50 AM,52.1,93.0,50.1,51.4,,,30.08,,,,,,,,,,,,,
Back Fence,Temp & Humidity Sensor,2020/12/13 5:55 AM,52.1,93.0,50.1,51.4,,,30.07,,,,,,,,,,,,,
Back Fence,Temp & Humidity Sensor,2020/12/13 6:00 AM,52.1,93.0,50.1,51.4,,,30.07,,,,,,,,,,,,,
Back Fence,Temp & Humidity Sensor,2020/12/13 6:05 AM,52.1,93.0,50.1,51.4,,,30.07,,,,,,,,,,,,,
Back Fence,Temp & Humidity Sensor,2020/12/13 6:10 AM,52.3,93.0,50.3,51.6,,,30.08,,,,,,,,,,,,,
Back Fence,Temp & Humidity Sensor,2020/12/13 6:15 AM,52.3,93.0,50.3,51.6,,,30.08,,,,,,,,,,,,,
Back Fence,Temp & Humidity Sensor,2020/12/13 6:20 AM,52.1,94.0,50.4,51.4,,,30.08,,,,,,,,,,,,,
Back Fence,Temp & Humidity Sensor,2020/12/13 6:25 AM,52.3,94.0,50.6,51.6,,,30.08,,,,,,,,,,,,,
Back Fence,Temp & Humidity Sensor,2020/12/13 6:30 AM,52.3,94.0,50.6,51.6,,,30.09,,,,,,,,,,,,,
Back Fence,Temp & Humidity Sensor,2020/12/13 6:35 AM,52.3,94.0,50.6,51.6,,,30.09,,,,,,,,,,,,,
Back Fence,Temp & Humidity Sensor,2020/12/13 6:40 AM,52.3,94.0,50.6,51.6,,,30.09,,,,,,,,,,,,,
Back Fence,Temp & Humidity Sensor,2020/12/13 6:45 AM,52.3,94.0,50.6,51.6,,,30.09,,,,,,,,,,,,,
Back Fence,Temp & Humidity Sensor,2020/12/13 6:50 AM,52.3,94.0,50.6,51.6,,,30.09,,,,,,,,,,,,,
Back Fence,Temp & Humidity Sensor,2020/12/13 6:55 AM,52.3,94.0,50.6,51.6,,,30.09,,,,,,,,,,,,,
Back Fence,Temp & Humidity Sensor,2020/12/13 7:00 AM,52.5,94.0,50.8,51.9,,,30.1,,,,,,,,,,,,,
Back Fence,Temp & Humidity Sensor,2020/12/13 7:05 AM,52.5,94.0,50.8,51.9,,,30.1,,,,,,,,,,,,,
Back Fence,Temp & Humidity Sensor,2020/12/13 7:10 AM,52.3,95.0,50.9,51.7,,,30.09,,,,,,,,,,,,,
Back Fence,Temp & Humidity Sensor,2020/12/13 7:15 AM,52.5,95.0,51.1,51.9,,,30.1,,,,,,,,,,,,,
Back Fence,Temp & Humidity Sensor,2020/12/13 7:20 AM,52.7,95.0,51.3,52.1,,,30.1,,,,,,,,,,,,,
Back Fence,Temp & Humidity Sensor,2020/12/13 7:25 AM,52.7,95.0,51.3,52.1,,,30.1,,,,,,,,,,,,,
Back Fence,Temp & Humidity Sensor,2020/12/13 7:30 AM,52.3,95.0,50.9,51.7,,,30.1,,,,,,,,,,,,,
Back Fence,Temp & Humidity Sensor,2020/12/13 7:35 AM,52.3,95.0,50.9,51.7,,,30.1,,,,,,,,,,,,,
Back Fence,Temp & Humidity Sensor,2020/12/13 7:40 AM,52.3,95.0,50.9,51.7,,,30.1,,,,,,,,,,,,,
Back Fence,Temp & Humidity Sensor,2020/12/13 7:45 AM,52.3,95.0,50.9,51.7,,,30.1,,,,,,,,,,,,,
Back Fence,Temp & Humidity Sensor,2020/12/13 7:50 AM,52.3,95.0,50.9,51.7,,,30.1,,,,,,,,,,,,,
Back Fence,Temp & Humidity Sensor,2020/12/13 7:55 AM,52.1,95.0,50.7,51.5,,,30.1,,,,,,,,,,,,,
Back Fence,Temp & Humidity Sensor,2020/12/13 8:00 AM,52.5,95.0,51.1,51.9,,,30.1,,,,,,,,,,,,,
Back Fence,Temp & Humidity Sensor,2020/12/13 8:05 AM,52.8,95.0,51.4,52.2,,,30.1,,,,,,,,,,,,,
Back Fence,Temp & Humidity Sensor,2020/12/13 8:10 AM,53.2,95.0,51.8,52.7,,,30.11,,,,,,,,,,,,,
Back Fence,Temp & Humidity Sensor,2020/12/13 8:15 AM,53.2,95.0,51.8,52.7,,,30.11,,,,,,,,,,,,,
Back Fence,Temp & Humidity Sensor,2020/12/13 8:20 AM,53.4,95.0,52.0,52.9,,,30.12,,,,,,,,,,,,,
Back Fence,Temp & Humidity Sensor,2020/12/13 8:25 AM,53.6,95.0,52.2,53.1,,,30.11,,,,,,,,,,,,,
Back Fence,Temp & Humidity Sensor,2020/12/13 8:30 AM,53.7,95.0,52.3,53.2,,,30.11,,,,,,,,,,,,,
Back Fence,Temp & Humidity Sensor,2020/12/13 8:35 AM,54.1,95.0,52.7,53.7,,,30.11,,,,,,,,,,,,,
Back Fence,Temp & Humidity Sensor,2020/12/13 8:40 AM,54.6,95.0,53.2,54.2,,,30.11,,,,,,,,,,,,,
Back Fence,Temp & Humidity Sensor,2020/12/13 8:45 AM,55.0,95.0,53.6,54.7,,,30.11,,,,,,,,,,,,,
Back Fence,Temp & Humidity Sensor,2020/12/13 8:50 AM,55.4,94.0,53.7,55.1,,,30.11,,,,,,,,,,,,,
Back Fence,Temp & Humidity Sensor,2020/12/13 8:55 AM,55.4,94.0,53.7,55.1,,,30.11,,,,,,,,,,,,,
Back Fence,Temp & Humidity Sensor,2020/12/13 9:00 AM,55.7,94.0,54.0,55.4,,,30.11,,,,,,,,,,,,,
Back Fence,Temp & Humidity Sensor,2020/12/13 9:05 AM,56.1,94.0,54.4,55.8,,,30.11,,,,,,,,,,,,,
Back Fence,Temp & Humidity Sensor,2020/12/13 9:10 AM,56.4,94.0,54.7,56.2,,,30.11,,,,,,,,,,,,,
Back Fence,Temp & Humidity Sensor,2020/12/13 9:15 AM,56.8,95.0,55.4,56.6,,,30.12,,,,,,,,,,,,,
Back Fence,Temp & Humidity Sensor,2020/12/13 9:20 AM,57.2,94.0,55.5,57.0,,,30.12,,,,,,,,,,,,,
Back Fence,Temp & Humidity Sensor,2020/12/13 9:25 AM,57.3,94.0,55.6,57.1,,,30.12,,,,,,,,,,,,,
Back Fence,Temp & Humidity Sensor,2020/12/13 9:30 AM,57.9,94.0,56.2,57.8,,,30.12,,,,,,,,,,,,,
Back Fence,Temp & Humidity Sensor,2020/12/13 9:35 AM,58.2,94.0,56.5,58.1,,,30.12,,,,,,,,,,,,,
Back Fence,Temp & Humidity Sensor,2020/12/13 9:40 AM,58.1,94.0,56.4,58.0,,,30.11,,,,,,,,,,,,,
Back Fence,Temp & Humidity Sensor,2020/12/13 9:45 AM,57.9,94.0,56.2,57.8,,,30.11,,,,,,,,,,,,,
Back Fence,Temp & Humidity Sensor,2020/12/13 9:50 AM,58.8,94.0,57.1,58.8,,,30.11,,,,,,,,,,,,,
Back Fence,Temp & Humidity Sensor,2020/12/13 9:55 AM,59.5,93.0,57.5,59.5,,,30.11,,,,,,,,,,,,,
Back Fence,Temp & Humidity Sensor,2020/12/13 10:00 AM,59.7,93.0,57.7,59.7,,,30.11,,,,,,,,,,,,,
Back Fence,Temp & Humidity Sensor,2020/12/13 10:05 AM,60.0,93.0,58.0,60.1,,,30.11,,,,,,,,,,,,,
Back Fence,Temp & Humidity Sensor,2020/12/13 10:10 AM,60.4,93.0,58.4,60.5,,,30.11,,,,,,,,,,,,,
Back Fence,Temp & Humidity Sensor,2020/12/13 10:15 AM,61.8,89.0,58.5,61.9,,,30.11,,,,,,,,,,,,,
Back Fence,Temp & Humidity Sensor,2020/12/13 10:20 AM,62.0,89.0,58.7,62.1,,,30.1,,,,,,,,,,,,,
Back Fence,Temp & Humidity Sensor,2020/12/13 10:25 AM,61.5,88.0,57.9,61.5,,,30.1,,,,,,,,,,,,,
Back Fence,Temp & Humidity Sensor,2020/12/13 10:30 AM,61.8,88.0,58.2,61.8,,,30.11,,,,,,,,,,,,,
Back Fence,Temp & Humidity Sensor,2020/12/13 10:35 AM,62.9,88.0,59.3,63.0,,,30.11,,,,,,,,,,,,,
Back Fence,Temp & Humidity Sensor,2020/12/13 10:40 AM,63.3,87.0,59.4,63.4,,,30.11,,,,,,,,,,,,,
Back Fence,Temp & Humidity Sensor,2020/12/13 10:45 AM,63.1,87.0,59.2,63.2,,,30.11,,,,,,,,,,,,,
Back Fence,Temp & Humidity Sensor,2020/12/13 10:50 AM,62.6,87.0,58.7,62.6,,,30.11,,,,,,,,,,,,,
Back Fence,Temp & Humidity Sensor,2020/12/13 10:55 AM,62.7,86.0,58.4,62.7,,,30.1,,,,,,,,,,,,,
Back Fence,Temp & Humidity Sensor,2020/12/13 11:00 AM,63.6,85.0,59.0,63.7,,,30.1,,,,,,,,,,,,,
Back Fence,Temp & Humidity Sensor,2020/12/13 11:05 AM,64.0,83.0,58.7,64.0,,,30.1,,,,,,,,,,,,,
Back Fence,Temp & Humidity Sensor,2020/12/13 11:10 AM,65.1,83.0,59.8,65.2,,,30.1,,,,,,,,,,,,,
Back Fence,Temp & Humidity Sensor,2020/12/13 11:15 AM,65.8,83.0,60.5,66.0,,,30.1,,,,,,,,,,,,,
Back Fence,Temp & Humidity Sensor,2020/12/13 11:20 AM,65.8,81.0,59.8,65.9,,,30.1,,,,,,,,,,,,,
Back Fence,Temp & Humidity Sensor,2020/12/13 11:25 AM,65.8,79.0,59.1,65.8,,,30.09,,,,,,,,,,,,,
Back Fence,Temp & Humidity Sensor,2020/12/13 11:30 AM,66.3,76.0,58.5,66.2,,,30.09,,,,,,,,,,,,,
Back Fence,Temp & Humidity Sensor,2020/12/13 11:35 AM,65.3,76.0,57.5,65.1,,,30.09,,,,,,,,,,,,,
Back Fence,Temp & Humidity Sensor,2020/12/13 11:40 AM,64.5,77.0,57.1,64.3,,,30.09,,,,,,,,,,,,,
Back Fence,Temp & Humidity Sensor,2020/12/13 11:45 AM,63.6,79.0,57.0,63.4,,,30.09,,,,,,,,,,,,,
Back Fence,Temp & Humidity Sensor,2020/12/13 11:50 AM,63.3,79.0,56.7,63.0,,,30.08,,,,,,,,,,,,,
Back Fence,Temp & Humidity Sensor,2020/12/13 11:55 AM,63.1,81.0,57.2,62.9,,,30.08,,,,,,,,,,,,,
Back Fence,Temp & Humidity Sensor,2020/12/13 12:00 PM,63.3,82.0,57.7,63.2,,,30.08,,,,,,,,,,,,,
Back Fence,Temp & Humidity Sensor,2020/12/13 12:05 PM,63.8,82.0,58.2,63.7,,,30.08,,,,,,,,,,,,,
Back Fence,Temp & Humidity Sensor,2020/12/13 12:10 PM,64.0,84.0,59.1,64.0,,,30.08,,,,,,,,,,,,,
Back Fence,Temp & Humidity Sensor,2020/12/13 12:15 PM,65.4,77.0,58.0,65.3,,,30.07,,,,,,,,,,,,,
Back Fence,Temp & Humidity Sensor,2020/12/13 12:20 PM,66.5,76.0,58.7,66.4,,,30.07,,,,,,,,,,,,,
Back Fence,Temp & Humidity Sensor,2020/12/13 12:25 PM,65.4,76.0,57.6,65.2,,,30.07,,,,,,,,,,,,,
Back Fence,Temp & Humidity Sensor,2020/12/13 12:30 PM,65.4,78.0,58.4,65.3,,,30.07,,,,,,,,,,,,,
Back Fence,Temp & Humidity Sensor,2020/12/13 12:35 PM,65.1,79.0,58.4,65.0,,,30.07,,,,,,,,,,,,,
Back Fence,Temp & Humidity Sensor,2020/12/13 12:40 PM,64.7,78.0,57.7,64.5,,,30.07,,,,,,,,,,,,,
Back Fence,Temp & Humidity Sensor,2020/12/13 12:45 PM,65.4,78.0,58.4,65.3,,,30.06,,,,,,,,,,,,,
Back Fence,Temp & Humidity Sensor,2020/12/13 12:50 PM,65.6,74.0,57.1,65.3,,,30.06,,,,,,,,,,,,,
Back Fence,Temp & Humidity Sensor,2020/12/13 12:55 PM,65.1,73.0,56.2,64.7,,,30.06,,,,,,,,,,,,,
Back Fence,Temp & Humidity Sensor,2020/12/13 1:00 PM,68.1,73.0,59.1,68.0,,,30.06,,,,,,,,,,,,,
Back Fence,Temp & Humidity Sensor,2020/12/13 1:05 PM,71.6,65.0,59.2,71.5,,,30.06,,,,,,,,,,,,,
Back Fence,Temp & Humidity Sensor,2020/12/13 1:10 PM,70.3,67.0,58.8,70.2,,,30.05,,,,,,,,,,,,,
Back Fence,Temp & Humidity Sensor,2020/12/13 1:15 PM,70.7,71.0,60.8,70.8,,,30.05,,,,,,,,,,,,,
Back Fence,Temp & Humidity Sensor,2020/12/13 1:20 PM,72.3,69.0,61.5,72.5,,,30.05,,,,,,,,,,,,,
Back Fence,Temp & Humidity Sensor,2020/12/13 1:25 PM,69.2,62.0,55.6,68.7,,,30.05,,,,,,,,,,,,,
Back Fence,Temp & Humidity Sensor,2020/12/13 1:30 PM,68.0,66.0,56.2,67.6,,,30.05,,,,,,,,,,,,,
Back Fence,Temp & Humidity Sensor,2020/12/13 1:35 PM,66.5,69.0,56.0,66.1,,,30.05,,,,,,,,,,,,,
Back Fence,Temp & Humidity Sensor,2020/12/13 1:40 PM,66.9,74.0,58.3,66.8,,,30.04,,,,,,,,,,,,,
Back Fence,Temp & Humidity Sensor,2020/12/13 1:45 PM,66.9,67.0,55.6,66.4,,,30.04,,,,,,,,,,,,,
Back Fence,Temp & Humidity Sensor,2020/12/13 1:50 PM,68.5,70.0,58.3,68.3,,,30.04,,,,,,,,,,,,,
Back Fence,Temp & Humidity Sensor,2020/12/13 1:55 PM,69.0,68.0,58.0,68.8,,,30.04,,,,,,,,,,,,,
Back Fence,Temp & Humidity Sensor,2020/12/13 2:00 PM,68.3,70.0,58.1,68.1,,,30.04,,,,,,,,,,,,,
Back Fence,Temp & Humidity Sensor,2020/12/13 2:05 PM,68.3,70.0,58.1,68.1,,,30.04,,,,,,,,,,,,,
Back Fence,Temp & Humidity Sensor,2020/12/13 2:10 PM,66.3,72.0,57.0,66.0,,,30.04,,,,,,,,,,,,,
Back Fence,Temp & Humidity Sensor,2020/12/13 2:15 PM,65.3,75.0,57.2,65.1,,,30.04,,,,,,,,,,,,,
Back Fence,Temp & Humidity Sensor,2020/12/13 2:20 PM,64.7,76.0,57.0,64.4,,,30.03,,,,,,,,,,,,,
Back Fence,Temp & Humidity Sensor,2020/12/13 2:25 PM,64.9,75.0,56.8,64.6,,,30.04,,,,,,,,,,,,,
Back Fence,Temp & Humidity Sensor,2020/12/13 2:30 PM,65.6,76.0,57.8,65.4,,,30.04,,,,,,,,,,,,,
Back Fence,Temp & Humidity Sensor,2020/12/13 2:35 PM,66.3,70.0,56.2,65.9,,,30.03,,,,,,,,,,,,,
Back Fence,Temp & Humidity Sensor,2020/12/13 2:40 PM,66.7,71.0,57.0,66.4,,,30.04,,,,,,,,,,,,,
Back Fence,Temp & Humidity Sensor,2020/12/13 2:45 PM,66.9,71.0,57.2,66.6,,,30.04,,,,,,,,,,,,,
Back Fence,Temp & Humidity Sensor,2020/12/13 2:50 PM,66.7,70.0,56.6,66.4,,,30.03,,,,,,,,,,,,,
Back Fence,Temp & Humidity Sensor,2020/12/13 2:55 PM,66.7,71.0,57.0,66.4,,,30.03,,,,,,,,,,,,,
Back Fence,Temp & Humidity Sensor,2020/12/13 3:00 PM,66.9,70.0,56.8,66.6,,,30.03,,,,,,,,,,,,,
Back Fence,Temp & Humidity Sensor,2020/12/13 3:05 PM,66.5,71.0,56.8,66.2,,,30.03,,,,,,,,,,,,,
Back Fence,Temp & Humidity Sensor,2020/12/13 3:10 PM,65.8,72.0,56.5,65.5,,,30.04,,,,,,,,,,,,,
Back Fence,Temp & Humidity Sensor,2020/12/13 3:15 PM,65.4,72.0,56.1,65.0,,,30.03,,,,,,,,,,,,,
Back Fence,Temp & Humidity Sensor,2020/12/13 3:20 PM,65.4,71.0,55.7,65.0,,,30.03,,,,,,,,,,,,,
Back Fence,Temp & Humidity Sensor,2020/12/13 3:25 PM,65.4,73.0,56.5,65.1,,,30.03,,,,,,,,,,,,,
Back Fence,Temp & Humidity Sensor,2020/12/13 3:30 PM,65.3,73.0,56.4,65.0,,,30.03,,,,,,,,,,,,,
Back Fence,Temp & Humidity Sensor,2020/12/13 3:35 PM,65.6,70.0,55.5,65.1,,,30.03,,,,,,,,,,,,,
Back Fence,Temp & Humidity Sensor,2020/12/13 3:40 PM,65.4,72.0,56.1,65.0,,,30.03,,,,,,,,,,,,,
Back Fence,Temp & Humidity Sensor,2020/12/13 3:45 PM,65.4,71.0,55.7,65.0,,,30.03,,,,,,,,,,,,,
Back Fence,Temp & Humidity Sensor,2020/12/13 3:50 PM,65.3,71.0,55.6,64.9,,,30.03,,,,,,,,,,,,,
Back Fence,Temp & Humidity Sensor,2020/12/13 3:55 PM,64.5,72.0,55.3,64.0,,,30.03,,,,,,,,,,,,,
Back Fence,Temp & Humidity Sensor,2020/12/13 4:00 PM,63.6,73.0,54.8,63.1,,,30.03,,,,,,,,,,,,,
Back Fence,Temp & Humidity Sensor,2020/12/13 4:05 PM,63.1,74.0,54.7,62.6,,,30.03,,,,,,,,,,,,,
Back Fence,Temp & Humidity Sensor,2020/12/13 4:10 PM,62.7,74.0,54.3,62.1,,,30.03,,,,,,,,,,,,,
Back Fence,Temp & Humidity Sensor,2020/12/13 4:15 PM,62.4,76.0,54.7,61.9,,,30.03,,,,,,,,,,,,,
Back Fence,Temp & Humidity Sensor,2020/12/13 4:20 PM,61.8,76.0,54.2,61.3,,,30.03,,,,,,,,,,,,,
Back Fence,Temp & Humidity Sensor,2020/12/13 4:25 PM,61.7,76.0,54.1,61.1,,,30.03,,,,,,,,,,,,,
Back Fence,Temp & Humidity Sensor,2020/12/13 4:30 PM,61.5,77.0,54.2,61.0,,,30.03,,,,,,,,,,,,,
Back Fence,Temp & Humidity Sensor,2020/12/13 4:35 PM,60.9,77.0,53.6,60.3,,,30.04,,,,,,,,,,,,,
Back Fence,Temp & Humidity Sensor,2020/12/13 4:40 PM,60.4,78.0,53.5,59.8,,,30.03,,,,,,,,,,,,,
Back Fence,Temp & Humidity Sensor,2020/12/13 4:45 PM,59.9,78.0,53.0,59.3,,,30.03,,,,,,,,,,,,,
Back Fence,Temp & Humidity Sensor,2020/12/13 4:50 PM,59.5,79.0,53.0,58.9,,,30.03,,,,,,,,,,,,,
Back Fence,Temp & Humidity Sensor,2020/12/13 4:55 PM,59.0,79.0,52.5,58.3,,,30.03,,,,,,,,,,,,,
Back Fence,Temp & Humidity Sensor,2020/12/13 5:00 PM,58.6,80.0,52.4,57.9,,,30.03,,,,,,,,,,,,,
Back Fence,Temp & Humidity Sensor,2020/12/13 5:05 PM,58.1,80.0,52.0,57.4,,,30.03,,,,,,,,,,,,,
Back Fence,Temp & Humidity Sensor,2020/12/13 5:10 PM,57.5,81.0,51.7,56.8,,,30.03,,,,,,,,,,,,,
Back Fence,Temp & Humidity Sensor,2020/12/13 5:15 PM,57.0,82.0,51.6,56.3,,,30.04,,,,,,,,,,,,,
Back Fence,Temp & Humidity Sensor,2020/12/13 5:20 PM,56.6,82.0,51.2,55.8,,,30.04,,,,,,,,,,,,,
Back Fence,Temp & Humidity Sensor,2020/12/13 5:25 PM,56.3,83.0,51.2,55.5,,,30.03,,,,,,,,,,,,,
Back Fence,Temp & Humidity Sensor,2020/12/13 5:30 PM,55.7,83.0,50.6,54.9,,,30.03,,,,,,,,,,,,,
Back Fence,Temp & Humidity Sensor,2020/12/13 5:35 PM,55.4,84.0,50.6,54.6,,,30.03,,,,,,,,,,,,,
Back Fence,Temp & Humidity Sensor,2020/12/13 5:40 PM,55.0,84.0,50.3,54.1,,,30.03,,,,,,,,,,,,,
Back Fence,Temp & Humidity Sensor,2020/12/13 5:45 PM,54.6,85.0,50.2,53.8,,,30.03,,,,,,,,,,,,,
Back Fence,Temp & Humidity Sensor,2020/12/13 5:50 PM,54.5,85.0,50.1,53.6,,,30.03,,,,,,,,,,,,,
Back Fence,Temp & Humidity Sensor,2020/12/13 5:55 PM,54.1,85.0,49.7,53.2,,,30.04,,,,,,,,,,,,,
Back Fence,Temp & Humidity Sensor,2020/12/13 6:00 PM,53.9,86.0,49.8,53.0,,,30.04,,,,,,,,,,,,,
Back Fence,Temp & Humidity Sensor,2020/12/13 6:05 PM,53.9,87.0,50.1,53.1,,,30.04,,,,,,,,,,,,,
Back Fence,Temp & Humidity Sensor,2020/12/13 6:10 PM,53.6,87.0,49.8,52.7,,,30.04,,,,,,,,,,,,,
Back Fence,Temp & Humidity Sensor,2020/12/13 6:15 PM,53.0,87.0,49.2,52.1,,,30.04,,,,,,,,,,,,,
Back Fence,Temp & Humidity Sensor,2020/12/13 6:20 PM,52.8,87.0,49.0,51.9,,,30.04,,,,,,,,,,,,,
Back Fence,Temp & Humidity Sensor,2020/12/13 6:25 PM,52.8,87.0,49.0,51.9,,,30.04,,,,,,,,,,,,,
Back Fence,Temp & Humidity Sensor,2020/12/13 6:30 PM,52.5,87.0,48.7,51.5,,,30.05,,,,,,,,,,,,,
Back Fence,Temp & Humidity Sensor,2020/12/13 6:35 PM,52.3,87.0,48.5,51.3,,,30.04,,,,,,,,,,,,,
Back Fence,Temp & Humidity Sensor,2020/12/13 6:40 PM,52.5,89.0,49.4,51.6,,,30.04,,,,,,,,,,,,,
Back Fence,Temp & Humidity Sensor,2020/12/13 6:45 PM,52.1,89.0,49.0,51.2,,,30.04,,,,,,,,,,,,,
Back Fence,Temp & Humidity Sensor,2020/12/13 6:50 PM,51.6,89.0,48.5,50.6,,,30.04,,,,,,,,,,,,,
Back Fence,Temp & Humidity Sensor,2020/12/13 6:55 PM,51.4,89.0,48.3,50.4,,,30.04,,,,,,,,,,,,,
Back Fence,Temp & Humidity Sensor,2020/12/13 7:00 PM,51.8,90.0,49.0,50.9,,,30.04,,,,,,,,,,,,,
Back Fence,Temp & Humidity Sensor,2020/12/13 7:05 PM,51.2,93.0,49.2,50.4,,,30.03,,,,,,,,,,,,,
Back Fence,Temp & Humidity Sensor,2020/12/13 7:10 PM,51.0,93.0,49.0,50.2,,,30.04,,,,,,,,,,,,,
Back Fence,Temp & Humidity Sensor,2020/12/13 7:15 PM,50.5,93.0,48.6,49.6,,,30.04,,,,,,,,,,,,,
Back Fence,Temp & Humidity Sensor,2020/12/13 7:20 PM,50.1,93.0,48.2,49.2,,,30.03,,,,,,,,,,,,,
Back Fence,Temp & Humidity Sensor,2020/12/13 7:25 PM,50.0,92.0,47.8,49.0,,,30.03,,,,,,,,,,,,,
Back Fence,Temp & Humidity Sensor,2020/12/13 7:30 PM,50.1,93.0,48.2,49.2,,,30.03,,,,,,,,,,,,,
Back Fence,Temp & Humidity Sensor,2020/12/13 7:35 PM,49.8,93.0,47.9,48.9,,,30.03,,,,,,,,,,,,,
Back Fence,Temp & Humidity Sensor,2020/12/13 7:40 PM,49.8,93.0,47.9,48.9,,,30.02,,,,,,,,,,,,,
Back Fence,Temp & Humidity Sensor,2020/12/13 7:45 PM,49.6,93.0,47.7,48.6,,,30.03,,,,,,,,,,,,,
Back Fence,Temp & Humidity Sensor,2020/12/13 7:50 PM,49.2,92.0,47.0,48.1,,,30.03,,,,,,,,,,,,,
Back Fence,Temp & Humidity Sensor,2020/12/13 7:55 PM,49.1,92.0,46.9,48.0,,,30.02,,,,,,,,,,,,,
Back Fence,Temp & Humidity Sensor,2020/12/13 8:00 PM,49.1,92.0,46.9,48.0,,,30.03,,,,,,,,,,,,,
Back Fence,Temp & Humidity Sensor,2020/12/13 8:05 PM,48.9,91.0,46.4,47.8,,,30.03,,,,,,,,,,,,,
Back Fence,Temp & Humidity Sensor,2020/12/13 8:10 PM,48.7,91.0,46.2,47.5,,,30.03,,,,,,,,,,,,,
Back Fence,Temp & Humidity Sensor,2020/12/13 8:15 PM,48.5,91.0,46.0,47.3,,,30.03,,,,,,,,,,,,,
Back Fence,Temp & Humidity Sensor,2020/12/13 8:20 PM,48.5,91.0,46.0,47.3,,,30.03,,,,,,,,,,,,,
Back Fence,Temp & Humidity Sensor,2020/12/13 8:25 PM,48.3,91.0,45.8,47.1,,,30.02,,,,,,,,,,,,,
Back Fence,Temp & Humidity Sensor,2020/12/13 8:30 PM,48.2,91.0,45.7,47.0,,,30.03,,,,,,,,,,,,,
Back Fence,Temp & Humidity Sensor,2020/12/13 8:35 PM,48.2,91.0,45.7,47.0,,,30.02,,,,,,,,,,,,,
Back Fence,Temp & Humidity Sensor,2020/12/13 8:40 PM,48.0,92.0,45.8,46.8,,,30.03,,,,,,,,,,,,,
Back Fence,Temp & Humidity Sensor,2020/12/13 8:45 PM,47.8,91.0,45.3,46.6,,,30.02,,,,,,,,,,,,,
Back Fence,Temp & Humidity Sensor,2020/12/13 8:50 PM,47.6,91.0,45.1,46.3,,,30.03,,,,,,,,,,,,,
Back Fence,Temp & Humidity Sensor,2020/12/13 8:55 PM,47.6,92.0,45.4,46.4,,,30.03,,,,,,,,,,,,,
Back Fence,Temp & Humidity Sensor,2020/12/13 9:00 PM,47.6,91.0,45.1,46.3,,,30.03,,,,,,,,,,,,,
Back Fence,Temp & Humidity Sensor,2020/12/13 9:05 PM,47.4,92.0,45.2,46.2,,,30.03,,,,,,,,,,,,,
Back Fence,Temp & Humidity Sensor,2020/12/13 9:10 PM,47.3,92.0,45.1,46.1,,,30.02,,,,,,,,,,,,,
Back Fence,Temp & Humidity Sensor,2020/12/13 9:15 PM,47.4,94.0,45.8,46.3,,,30.02,,,,,,,,,,,,,
Back Fence,Temp & Humidity Sensor,2020/12/13 9:20 PM,47.3,94.0,45.7,46.1,,,30.02,,,,,,,,,,,,,
Back Fence,Temp & Humidity Sensor,2020/12/13 9:25 PM,47.1,95.0,45.7,46.0,,,30.02,,,,,,,,,,,,,
Back Fence,Temp & Humidity Sensor,2020/12/13 9:30 PM,46.9,95.0,45.5,45.8,,,30.02,,,,,,,,,,,,,
Back Fence,Temp & Humidity Sensor,2020/12/13 9:35 PM,46.9,95.0,45.5,45.8,,,30.02,,,,,,,,,,,,,
Back Fence,Temp & Humidity Sensor,2020/12/13 9:40 PM,46.7,95.0,45.3,45.5,,,30.01,,,,,,,,,,,,,
Back Fence,Temp & Humidity Sensor,2020/12/13 9:45 PM,46.5,95.0,45.1,45.3,,,30.01,,,,,,,,,,,,,
Back Fence,Temp & Humidity Sensor,2020/12/13 9:50 PM,46.5,95.0,45.1,45.3,,,30.01,,,,,,,,,,,,,
Back Fence,Temp & Humidity Sensor,2020/12/13 9:55 PM,46.7,95.0,45.3,45.5,,,30.0,,,,,,,,,,,,,
Back Fence,Temp & Humidity Sensor,2020/12/13 10:00 PM,46.5,95.0,45.1,45.3,,,30.01,,,,,,,,,,,,,
Back Fence,Temp & Humidity Sensor,2020/12/13 10:05 PM,46.4,95.0,45.0,45.2,,,30.0,,,,,,,,,,,,,
Back Fence,Temp & Humidity Sensor,2020/12/13 10:10 PM,46.5,95.0,45.1,45.3,,,30.0,,,,,,,,,,,,,
Back Fence,Temp & Humidity Sensor,2020/12/13 10:15 PM,46.4,95.0,45.0,45.2,,,30.0,,,,,,,,,,,,,
Back Fence,Temp & Humidity Sensor,2020/12/13 10:20 PM,46.2,95.0,44.8,45.0,,,30.0,,,,,,,,,,,,,
Back Fence,Temp & Humidity Sensor,2020/12/13 10:25 PM,46.2,95.0,44.8,45.0,,,30.01,,,,,,,,,,,,,
Back Fence,Temp & Humidity Sensor,2020/12/13 10:30 PM,46.2,95.0,44.8,45.0,,,30.0,,,,,,,,,,,,,
Back Fence,Temp & Humidity Sensor,2020/12/13 10:35 PM,46.2,95.0,44.8,45.0,,,30.01,,,,,,,,,,,,,
Back Fence,Temp & Humidity Sensor,2020/12/13 10:40 PM,46.2,95.0,44.8,45.0,,,30.0,,,,,,,,,,,,,
Back Fence,Temp & Humidity Sensor,2020/12/13 10:45 PM,46.0,96.0,44.9,44.8,,,30.0,,,,,,,,,,,,,
Back Fence,Temp & Humidity Sensor,2020/12/13 10:50 PM,46.0,96.0,44.9,44.8,,,30.0,,,,,,,,,,,,,
Back Fence,Temp & Humidity Sensor,2020/12/13 10:55 PM,45.8,96.0,44.7,44.6,,,30.01,,,,,,,,,,,,,
Back Fence,Temp & Humidity Sensor,2020/12/13 11:00 PM,45.8,95.0,44.5,44.5,,,30.01,,,,,,,,,,,,,
Back Fence,Temp & Humidity Sensor,2020/12/13 11:05 PM,45.6,95.0,44.3,44.3,,,30.01,,,,,,,,,,,,,
Back Fence,Temp & Humidity Sensor,2020/12/13 11:10 PM,45.8,95.0,44.5,44.5,,,30.0,,,,,,,,,,,,,
Back Fence,Temp & Humidity Sensor,2020/12/13 11:15 PM,45.6,95.0,44.3,44.3,,,30.0,,,,,,,,,,,,,
Back Fence,Temp & Humidity Sensor,2020/12/13 11:20 PM,45.8,96.0,44.7,44.6,,,30.0,,,,,,,,,,,,,
Back Fence,Temp & Humidity Sensor,2020/12/13 11:25 PM,45.8,96.0,44.7,44.6,,,30.0,,,,,,,,,,,,,
Back Fence,Temp & Humidity Sensor,2020/12/13 11:30 PM,45.8,96.0,44.7,44.6,,,30.01,,,,,,,,,,,,,
Back Fence,Temp & Humidity Sensor,2020/12/13 11:35 PM,45.8,96.0,44.7,44.6,,,30.0,,,,,,,,,,,,,
Back Fence,Temp & Humidity Sensor,2020/12/13 11:40 PM,45.8,96.0,44.7,44.6,,,30.0,,,,,,,,,,,,,
Back Fence,Temp & Humidity Sensor,2020/12/13 11:45 PM,45.6,96.0,44.5,44.4,,,29.99,,,,,,,,,,,,,
Back Fence,Temp & Humidity Sensor,2020/12/13 11:50 PM,45.6,96.0,44.5,44.4,,,29.99,,,,,,,,,,,,,
Back Fence,Temp & Humidity Sensor,2020/12/13 11:55 PM,45.5,96.0,44.4,44.3,,,29.99,,,,,,,,,,,,,
Back Fence,Temp & Humidity Sensor,2020/12/14 12:00 AM,45.6,96.0,44.5,44.4,,,29.99,,,,,,,,,,,,,
Back Fence,Temp & Humidity Sensor,2020/12/14 12:05 AM,45.8,96.0,44.7,44.6,,,29.99,,,,,,,,,,,,,
Back Fence,Temp & Humidity Sensor,2020/12/14 12:10 AM,45.8,96.0,44.7,44.6,,,29.98,,,,,,,,,,,,,
Back Fence,Temp & Humidity Sensor,2020/12/14 12:15 AM,45.6,96.0,44.5,44.4,,,29.98,,,,,,,,,,,,,
Back Fence,Temp & Humidity Sensor,2020/12/14 12:20 AM,45.5,96.0,44.4,44.3,,,29.98,,,,,,,,,,,,,
Back Fence,Temp & Humidity Sensor,2020/12/14 12:25 AM,45.3,96.0,44.2,44.0,,,29.98,,,,,,,,,,,,,
Back Fence,Temp & Humidity Sensor,2020/12/14 12:30 AM,45.5,96.0,44.4,44.3,,,29.97,,,,,,,,,,,,,
Back Fence,Temp & Humidity Sensor,2020/12/14 12:35 AM,45.8,96.0,44.7,44.6,,,29.97,,,,,,,,,,,,,
Back Fence,Temp & Humidity Sensor,2020/12/14 12:40 AM,46.2,96.0,45.1,45.0,,,29.97,,,,,,,,,,,,,
Back Fence,Temp & Humidity Sensor,2020/12/14 12:45 AM,46.4,96.0,45.3,45.3,,,29.96,,,,,,,,,,,,,
Back Fence,Temp & Humidity Sensor,2020/12/14 12:50 AM,46.5,96.0,45.4,45.4,,,29.96,,,,,,,,,,,,,
Back Fence,Temp & Humidity Sensor,2020/12/14 12:55 AM,46.5,96.0,45.4,45.4,,,29.97,,,,,,,,,,,,,
Back Fence,Temp & Humidity Sensor,2020/12/14 1:00 AM,46.5,96.0,45.4,45.4,,,29.97,,,,,,,,,,,,,
Back Fence,Temp & Humidity Sensor,2020/12/14 1:05 AM,46.7,97.0,45.9,45.6,,,29.97,,,,,,,,,,,,,
Back Fence,Temp & Humidity Sensor,2020/12/14 1:10 AM,46.7,97.0,45.9,45.6,,,29.96,,,,,,,,,,,,,
Back Fence,Temp & Humidity Sensor,2020/12/14 1:15 AM,46.9,97.0,46.1,45.8,,,29.96,,,,,,,,,,,,,
Back Fence,Temp & Humidity Sensor,2020/12/14 1:20 AM,47.1,97.0,46.3,46.1,,,29.96,,,,,,,,,,,,,
Back Fence,Temp & Humidity Sensor,2020/12/14 1:25 AM,47.1,97.0,46.3,46.1,,,29.96,,,,,,,,,,,,,
Back Fence,Temp & Humidity Sensor,2020/12/14 1:30 AM,47.3,97.0,46.5,46.3,,,29.96,,,,,,,,,,,,,
Back Fence,Temp & Humidity Sensor,2020/12/14 1:35 AM,47.4,97.0,46.6,46.4,,,29.96,,,,,,,,,,,,,
Back Fence,Temp & Humidity Sensor,2020/12/14 1:40 AM,47.6,97.0,46.8,46.6,,,29.96,,,,,,,,,,,,,
Back Fence,Temp & Humidity Sensor,2020/12/14 1:45 AM,47.6,97.0,46.8,46.6,,,29.95,,,,,,,,,,,,,
Back Fence,Temp & Humidity Sensor,2020/12/14 1:50 AM,47.6,97.0,46.8,46.6,,,29.95,,,,,,,,,,,,,
Back Fence,Temp & Humidity Sensor,2020/12/14 1:55 AM,47.8,97.0,47.0,46.8,,,29.96,,,,,,,,,,,,,
Back Fence,Temp & Humidity Sensor,2020/12/14 2:00 AM,47.8,97.0,47.0,46.8,,,29.95,,,,,,,,,,,,,
Back Fence,Temp & Humidity Sensor,2020/12/14 2:05 AM,48.0,97.0,47.2,47.1,,,29.95,,,,,,,,,,,,,
Back Fence,Temp & Humidity Sensor,2020/12/14 2:10 AM,48.0,97.0,47.2,47.1,,,29.95,,,,,,,,,,,,,
Back Fence,Temp & Humidity Sensor,2020/12/14 2:15 AM,48.2,97.0,47.4,47.3,,,29.94,,,,,,,,,,,,,
Back Fence,Temp & Humidity Sensor,2020/12/14 2:20 AM,48.2,97.0,47.4,47.3,,,29.94,,,,,,,,,,,,,
Back Fence,Temp & Humidity Sensor,2020/12/14 2:25 AM,48.5,97.0,47.7,47.6,,,29.95,,,,,,,,,,,,,
Back Fence,Temp & Humidity Sensor,2020/12/14 2:30 AM,48.7,97.0,47.9,47.8,,,29.94,,,,,,,,,,,,,
Back Fence,Temp & Humidity Sensor,2020/12/14 2:35 AM,48.9,97.0,48.1,48.0,,,29.94,,,,,,,,,,,,,
Back Fence,Temp & Humidity Sensor,2020/12/14 2:40 AM,48.9,97.0,48.1,48.0,,,29.93,,,,,,,,,,,,,
Back Fence,Temp & Humidity Sensor,2020/12/14 2:45 AM,49.1,97.0,48.3,48.3,,,29.91,,,,,,,,,,,,,
Back Fence,Temp & Humidity Sensor,2020/12/14 2:50 AM,49.2,97.0,48.4,48.4,,,29.91,,,,,,,,,,,,,
Back Fence,Temp & Humidity Sensor,2020/12/14 2:55 AM,49.2,97.0,48.4,48.4,,,29.9,,,,,,,,,,,,,
Back Fence,Temp & Humidity Sensor,2020/12/14 3:00 AM,49.4,97.0,48.6,48.6,,,29.9,,,,,,,,,,,,,
Back Fence,Temp & Humidity Sensor,2020/12/14 3:05 AM,49.6,97.0,48.8,48.8,,,29.91,,,,,,,,,,,,,
Back Fence,Temp & Humidity Sensor,2020/12/14 3:10 AM,49.8,97.0,49.0,49.0,,,29.9,,,,,,,,,,,,,
Back Fence,Temp & Humidity Sensor,2020/12/14 3:15 AM,49.8,97.0,49.0,49.0,,,29.89,,,,,,,,,,,,,
Back Fence,Temp & Humidity Sensor,2020/12/14 3:20 AM,50.0,96.0,48.9,49.2,,,29.89,,,,,,,,,,,,,
Back Fence,Temp & Humidity Sensor,2020/12/14 3:25 AM,50.0,96.0,48.9,49.2,,,29.89,,,,,,,,,,,,,
Back Fence,Temp & Humidity Sensor,2020/12/14 3:30 AM,50.1,96.0,49.0,49.3,,,29.89,,,,,,,,,,,,,
Back Fence,Temp & Humidity Sensor,2020/12/14 3:35 AM,50.3,96.0,49.2,49.5,,,29.88,,,,,,,,,,,,,
Back Fence,Temp & Humidity Sensor,2020/12/14 3:40 AM,50.3,96.0,49.2,49.5,,,29.88,,,,,,,,,,,,,
Back Fence,Temp & Humidity Sensor,2020/12/14 3:45 AM,50.5,96.0,49.4,49.8,,,29.88,,,,,,,,,,,,,
Back Fence,Temp & Humidity Sensor,2020/12/14 3:50 AM,50.5,96.0,49.4,49.8,,,29.87,,,,,,,,,,,,,
Back Fence,Temp & Humidity Sensor,2020/12/14 3:55 AM,50.7,96.0,49.6,50.0,,,29.87,,,,,,,,,,,,,
Back Fence,Temp & Humidity Sensor,2020/12/14 4:00 AM,50.7,96.0,49.6,50.0,,,29.86,,,,,,,,,,,,,
Back Fence,Temp & Humidity Sensor,2020/12/14 4:05 AM,50.9,96.0,49.8,50.2,,,29.86,,,,,,,,,,,,,
Back Fence,Temp & Humidity Sensor,2020/12/14 4:10 AM,50.9,96.0,49.8,50.2,,,29.86,,,,,,,,,,,,,
Back Fence,Temp & Humidity Sensor,2020/12/14 4:15 AM,51.0,96.0,49.9,50.3,,,29.86,,,,,,,,,,,,,
Back Fence,Temp & Humidity Sensor,2020/12/14 4:20 AM,51.2,96.0,50.1,50.5,,,29.85,,,,,,,,,,,,,
Back Fence,Temp & Humidity Sensor,2020/12/14 4:25 AM,51.6,96.0,50.5,51.0,,,29.85,,,,,,,,,,,,,
Back Fence,Temp & Humidity Sensor,2020/12/14 4:30 AM,51.9,96.0,50.8,51.3,,,29.87,,,,,,,,,,,,,
Back Fence,Temp & Humidity Sensor,2020/12/14 4:35 AM,52.1,96.0,51.0,51.5,,,29.86,,,,,,,,,,,,,
Back Fence,Temp & Humidity Sensor,2020/12/14 4:40 AM,52.3,96.0,51.2,51.7,,,29.86,,,,,,,,,,,,,
Back Fence,Temp & Humidity Sensor,2020/12/14 4:45 AM,52.5,96.0,51.4,52.0,,,29.86,,,,,,,,,,,,,
Back Fence,Temp & Humidity Sensor,2020/12/14 4:50 AM,52.8,96.0,51.7,52.3,,,29.86,,,,,,,,,,,,,
Back Fence,Temp & Humidity Sensor,2020/12/14 4:55 AM,53.0,96.0,51.9,52.5,,,29.86,,,,,,,,,,,,,
Back Fence,Temp & Humidity Sensor,2020/12/14 5:00 AM,53.6,96.0,52.5,53.2,,,29.86,,,,,,,,,,,,,
Back Fence,Temp & Humidity Sensor,2020/12/14 5:05 AM,53.9,96.0,52.8,53.5,,,29.86,,,,,,,,,,,,,
Back Fence,Temp & Humidity Sensor,2020/12/14 5:10 AM,54.3,96.0,53.2,53.9,,,29.86,,,,,,,,,,,,,
Back Fence,Temp & Humidity Sensor,2020/12/14 5:15 AM,54.8,96.0,53.7,54.5,,,29.85,,,,,,,,,,,,,
Back Fence,Temp & Humidity Sensor,2020/12/14 5:20 AM,55.7,96.0,54.6,55.5,,,29.85,,,,,,,,,,,,,
Back Fence,Temp & Humidity Sensor,2020/12/14 5:25 AM,55.7,96.0,54.6,55.5,,,29.85,,,,,,,,,,,,,
Back Fence,Temp & Humidity Sensor,2020/12/14 5:30 AM,56.1,96.0,55.0,55.9,,,29.85,,,,,,,,,,,,,
Back Fence,Temp & Humidity Sensor,2020/12/14 5:35 AM,56.1,96.0,55.0,55.9,,,29.84,,,,,,,,,,,,,
Back Fence,Temp & Humidity Sensor,2020/12/14 5:40 AM,56.6,96.0,55.5,56.5,,,29.84,,,,,,,,,,,,,
Back Fence,Temp & Humidity Sensor,2020/12/14 5:45 AM,56.8,96.0,55.7,56.7,,,29.84,,,,,,,,,,,,,
Back Fence,Temp & Humidity Sensor,2020/12/14 5:50 AM,57.2,96.0,56.1,57.1,,,29.83,,,,,,,,,,,,,
Back Fence,Temp & Humidity Sensor,2020/12/14 5:55 AM,57.0,96.0,55.9,56.9,,,29.83,,,,,,,,,,,,,
Back Fence,Temp & Humidity Sensor,2020/12/14 6:00 AM,57.2,96.0,56.1,57.1,,,29.83,,,,,,,,,,,,,
Back Fence,Temp & Humidity Sensor,2020/12/14 6:05 AM,57.0,96.0,55.9,56.9,,,29.82,,,,,,,,,,,,,
Back Fence,Temp & Humidity Sensor,2020/12/14 6:10 AM,57.0,96.0,55.9,56.9,,,29.82,,,,,,,,,,,,,
Back Fence,Temp & Humidity Sensor,2020/12/14 6:15 AM,57.0,96.0,55.9,56.9,,,29.83,,,,,,,,,,,,,
Back Fence,Temp & Humidity Sensor,2020/12/14 6:20 AM,56.8,96.0,55.7,56.7,,,29.83,,,,,,,,,,,,,
Back Fence,Temp & Humidity Sensor,2020/12/14 6:25 AM,56.6,96.0,55.5,56.5,,,29.82,,,,,,,,,,,,,
Back Fence,Temp & Humidity Sensor,2020/12/14 6:30 AM,56.6,96.0,55.5,56.5,,,29.82,,,,,,,,,,,,,
Back Fence,Temp & Humidity Sensor,2020/12/14 6:35 AM,56.4,96.0,55.3,56.3,,,29.81,,,,,,,,,,,,,
Back Fence,Temp & Humidity Sensor,2020/12/14 6:40 AM,56.4,96.0,55.3,56.3,,,29.81,,,,,,,,,,,,,
Back Fence,Temp & Humidity Sensor,2020/12/14 6:45 AM,56.4,96.0,55.3,56.3,,,29.8,,,,,,,,,,,,,
Back Fence,Temp & Humidity Sensor,2020/12/14 6:50 AM,56.4,96.0,55.3,56.3,,,29.8,,,,,,,,,,,,,
Back Fence,Temp & Humidity Sensor,2020/12/14 6:55 AM,56.4,96.0,55.3,56.3,,,29.8,,,,,,,,,,,,,
Back Fence,Temp & Humidity Sensor,2020/12/14 7:00 AM,56.3,96.0,55.2,56.1,,,29.79,,,,,,,,,,,,,
Back Fence,Temp & Humidity Sensor,2020/12/14 7:05 AM,56.1,96.0,55.0,55.9,,,29.78,,,,,,,,,,,,,
Back Fence,Temp & Humidity Sensor,2020/12/14 7:10 AM,56.3,96.0,55.2,56.1,,,29.77,,,,,,,,,,,,,
Back Fence,Temp & Humidity Sensor,2020/12/14 7:15 AM,56.4,96.0,55.3,56.3,,,29.76,,,,,,,,,,,,,
Back Fence,Temp & Humidity Sensor,2020/12/14 7:20 AM,56.6,96.0,55.5,56.5,,,29.76,,,,,,,,,,,,,
Back Fence,Temp & Humidity Sensor,2020/12/14 7:25 AM,56.4,96.0,55.3,56.3,,,29.75,,,,,,,,,,,,,
Back Fence,Temp & Humidity Sensor,2020/12/14 7:30 AM,56.4,96.0,55.3,56.3,,,29.76,,,,,,,,,,,,,
Back Fence,Temp & Humidity Sensor,2020/12/14 7:35 AM,56.6,96.0,55.5,56.5,,,29.75,,,,,,,,,,,,,
Back Fence,Temp & Humidity Sensor,2020/12/14 7:40 AM,56.6,96.0,55.5,56.5,,,29.75,,,,,,,,,,,,,
Back Fence,Temp & Humidity Sensor,2020/12/14 7:45 AM,56.6,96.0,55.5,56.5,,,29.76,,,,,,,,,,,,,
Back Fence,Temp & Humidity Sensor,2020/12/14 7:50 AM,56.6,96.0,55.5,56.5,,,29.75,,,,,,,,,,,,,
Back Fence,Temp & Humidity Sensor,2020/12/14 7:55 AM,56.6,96.0,55.5,56.5,,,29.74,,,,,,,,,,,,,
Back Fence,Temp & Humidity Sensor,2020/12/14 8:00 AM,56.8,96.0,55.7,56.7,,,29.74,,,,,,,,,,,,,
Back Fence,Temp & Humidity Sensor,2020/12/14 8:05 AM,56.6,96.0,55.5,56.5,,,29.73,,,,,,,,,,,,,
Back Fence,Temp & Humidity Sensor,2020/12/14 8:10 AM,56.8,96.0,55.7,56.7,,,29.74,,,,,,,,,,,,,
Back Fence,Temp & Humidity Sensor,2020/12/14 8:15 AM,56.6,96.0,55.5,56.5,,,29.73,,,,,,,,,,,,,
Back Fence,Temp & Humidity Sensor,2020/12/14 8:20 AM,56.8,96.0,55.7,56.7,,,29.73,,,,,,,,,,,,,
Back Fence,Temp & Humidity Sensor,2020/12/14 8:25 AM,57.0,96.0,55.9,56.9,,,29.73,,,,,,,,,,,,,
Back Fence,Temp & Humidity Sensor,2020/12/14 8:30 AM,57.0,97.0,56.2,57.0,,,29.74,,,,,,,,,,,,,
Back Fence,Temp & Humidity Sensor,2020/12/14 8:35 AM,57.0,97.0,56.2,57.0,,,29.72,,,,,,,,,,,,,
Back Fence,Temp & Humidity Sensor,2020/12/14 8:40 AM,57.0,97.0,56.2,57.0,,,29.72,,,,,,,,,,,,,
Back Fence,Temp & Humidity Sensor,2020/12/14 8:45 AM,57.0,97.0,56.2,57.0,,,29.73,,,,,,,,,,,,,
Back Fence,Temp & Humidity Sensor,2020/12/14 8:50 AM,57.2,96.0,56.1,57.1,,,29.74,,,,,,,,,,,,,
Back Fence,Temp & Humidity Sensor,2020/12/14 8:55 AM,57.2,96.0,56.1,57.1,,,29.74,,,,,,,,,,,,,
Back Fence,Temp & Humidity Sensor,2020/12/14 9:00 AM,57.2,96.0,56.1,57.1,,,29.74,,,,,,,,,,,,,
Back Fence,Temp & Humidity Sensor,2020/12/14 9:05 AM,57.2,96.0,56.1,57.1,,,29.74,,,,,,,,,,,,,
Back Fence,Temp & Humidity Sensor,2020/12/14 9:10 AM,57.2,96.0,56.1,57.1,,,29.74,,,,,,,,,,,,,
Back Fence,Temp & Humidity Sensor,2020/12/14 9:15 AM,57.5,96.0,56.4,57.5,,,29.74,,,,,,,,,,,,,
Back Fence,Temp & Humidity Sensor,2020/12/14 9:20 AM,57.7,96.0,56.6,57.7,,,29.74,,,,,,,,,,,,,
Back Fence,Temp & Humidity Sensor,2020/12/14 9:25 AM,57.7,97.0,56.9,57.7,,,29.75,,,,,,,,,,,,,
Back Fence,Temp & Humidity Sensor,2020/12/14 9:30 AM,57.7,97.0,56.9,57.7,,,29.75,,,,,,,,,,,,,
Back Fence,Temp & Humidity Sensor,2020/12/14 9:35 AM,57.9,97.0,57.1,57.9,,,29.75,,,,,,,,,,,,,
Back Fence,Temp & Humidity Sensor,2020/12/14 9:40 AM,57.9,97.0,57.1,57.9,,,29.75,,,,,,,,,,,,,
Back Fence,Temp & Humidity Sensor,2020/12/14 9:45 AM,58.1,97.0,57.3,58.2,,,29.74,,,,,,,,,,,,,
Back Fence,Temp & Humidity Sensor,2020/12/14 9:50 AM,57.9,97.0,57.1,57.9,,,29.74,,,,,,,,,,,,,
Back Fence,Temp & Humidity Sensor,2020/12/14 9:55 AM,57.3,97.0,56.5,57.3,,,29.75,,,,,,,,,,,,,
Back Fence,Temp & Humidity Sensor,2020/12/14 10:00 AM,55.4,97.0,54.6,55.2,,,29.75,,,,,,,,,,,,,
Back Fence,Temp & Humidity Sensor,2020/12/14 10:05 AM,53.0,97.0,52.2,52.6,,,29.76,,,,,,,,,,,,,
Back Fence,Temp & Humidity Sensor,2020/12/14 10:10 AM,50.3,96.0,49.2,49.5,,,29.78,,,,,,,,,,,,,
Back Fence,Temp & Humidity Sensor,2020/12/14 10:15 AM,48.5,96.0,47.4,47.6,,,29.78,,,,,,,,,,,,,
Back Fence,Temp & Humidity Sensor,2020/12/14 10:20 AM,47.8,97.0,47.0,46.8,,,29.78,,,,,,,,,,,,,
Back Fence,Temp & Humidity Sensor,2020/12/14 10:25 AM,46.2,97.0,45.4,45.1,,,29.8,,,,,,,,,,,,,
Back Fence,Temp & Humidity Sensor,2020/12/14 10:30 AM,45.5,96.0,44.4,44.3,,,29.8,,,,,,,,,,,,,
Back Fence,Temp & Humidity Sensor,2020/12/14 10:35 AM,45.1,97.0,44.3,43.9,,,29.8,,,,,,,,,,,,,
Back Fence,Temp & Humidity Sensor,2020/12/14 10:40 AM,44.9,97.0,44.1,43.6,,,29.8,,,,,,,,,,,,,
Back Fence,Temp & Humidity Sensor,2020/12/14 10:45 AM,44.6,97.0,43.8,43.3,,,29.8,,,,,,,,,,,,,
Back Fence,Temp & Humidity Sensor,2020/12/14 10:50 AM,44.6,97.0,43.8,43.3,,,29.81,,,,,,,,,,,,,
Back Fence,Temp & Humidity Sensor,2020/12/14 10:55 AM,44.6,98.0,44.1,43.4,,,29.79,,,,,,,,,,,,,
Back Fence,Temp & Humidity Sensor,2020/12/14 11:00 AM,44.4,98.0,43.9,43.1,,,29.79,,,,,,,,,,,,,
Back Fence,Temp & Humidity Sensor,2020/12/14 11:05 AM,44.2,98.0,43.7,42.9,,,29.78,,,,,,,,,,,,,
Back Fence,Temp & Humidity Sensor,2020/12/14 11:10 AM,44.0,98.0,43.5,42.7,,,29.77,,,,,,,,,,,,,
Back Fence,Temp & Humidity Sensor,2020/12/14 11:15 AM,44.4,98.0,43.9,43.1,,,29.77,,,,,,,,,,,,,
Back Fence,Temp & Humidity Sensor,2020/12/14 11:20 AM,44.4,99.0,44.1,43.2,,,29.78,,,,,,,,,,,,,
Back Fence,Temp & Humidity Sensor,2020/12/14 11:25 AM,43.8,99.0,43.5,42.5,,,29.81,,,,,,,,,,,,,
Back Fence,Temp & Humidity Sensor,2020/12/14 11:30 AM,43.8,99.0,43.5,42.5,,,29.81,,,,,,,,,,,,,
Back Fence,Temp & Humidity Sensor,2020/12/14 11:35 AM,43.8,99.0,43.5,42.5,,,29.82,,,,,,,,,,,,,
Back Fence,Temp & Humidity Sensor,2020/12/14 11:40 AM,43.5,99.0,43.2,42.2,,,29.81,,,,,,,,,,,,,
Back Fence,Temp & Humidity Sensor,2020/12/14 11:45 AM,43.3,99.0,43.0,42.0,,,29.82,,,,,,,,,,,,,
Back Fence,Temp & Humidity Sensor,2020/12/14 11:50 AM,43.1,99.0,42.8,41.8,,,29.82,,,,,,,,,,,,,
Back Fence,Temp & Humidity Sensor,2020/12/14 11:55 AM,43.3,99.0,43.0,42.0,,,29.84,,,,,,,,,,,,,
Back Fence,Temp & Humidity Sensor,2020/12/14 12:00 PM,43.3,99.0,43.0,42.0,,,29.83,,,,,,,,,,,,,
Back Fence,Temp & Humidity Sensor,2020/12/14 12:05 PM,43.1,99.0,42.8,41.8,,,29.84,,,,,,,,,,,,,
Back Fence,Temp & Humidity Sensor,2020/12/14 12:10 PM,43.1,99.0,42.8,41.8,,,29.85,,,,,,,,,,,,,
Back Fence,Temp & Humidity Sensor,2020/12/14 12:15 PM,43.1,99.0,42.8,41.8,,,29.86,,,,,,,,,,,,,
Back Fence,Temp & Humidity Sensor,2020/12/14 12:20 PM,43.1,99.0,42.8,41.8,,,29.86,,,,,,,,,,,,,
Back Fence,Temp & Humidity Sensor,2020/12/14 12:25 PM,43.3,99.0,43.0,42.0,,,29.86,,,,,,,,,,,,,
Back Fence,Temp & Humidity Sensor,2020/12/14 12:30 PM,43.5,99.0,43.2,42.2,,,29.87,,,,,,,,,,,,,
Back Fence,Temp & Humidity Sensor,2020/12/14 12:35 PM,43.3,99.0,43.0,42.0,,,29.87,,,,,,,,,,,,,
Back Fence,Temp & Humidity Sensor,2020/12/14 12:40 PM,43.3,99.0,43.0,42.0,,,29.87,,,,,,,,,,,,,
Back Fence,Temp & Humidity Sensor,2020/12/14 12:45 PM,43.3,99.0,43.0,42.0,,,29.88,,,,,,,,,,,,,
Back Fence,Temp & Humidity Sensor,2020/12/14 12:50 PM,43.8,99.0,43.5,42.5,,,29.87,,,,,,,,,,,,,
Back Fence,Temp & Humidity Sensor,2020/12/14 12:55 PM,44.0,99.0,43.7,42.8,,,29.87,,,,,,,,,,,,,
Back Fence,Temp & Humidity Sensor,2020/12/14 1:00 PM,44.2,99.0,43.9,43.0,,,29.88,,,,,,,,,,,,,
Back Fence,Temp & Humidity Sensor,2020/12/14 1:05 PM,44.4,99.0,44.1,43.2,,,29.87,,,,,,,,,,,,,
Back Fence,Temp & Humidity Sensor,2020/12/14 1:10 PM,44.6,98.0,44.1,43.4,,,29.89,,,,,,,,,,,,,
Back Fence,Temp & Humidity Sensor,2020/12/14 1:15 PM,44.7,98.0,44.2,43.5,,,29.88,,,,,,,,,,,,,
Back Fence,Temp & Humidity Sensor,2020/12/14 1:20 PM,44.7,98.0,44.2,43.5,,,29.89,,,,,,,,,,,,,
Back Fence,Temp & Humidity Sensor,2020/12/14 1:25 PM,44.6,98.0,44.1,43.4,,,29.89,,,,,,,,,,,,,
Back Fence,Temp & Humidity Sensor,2020/12/14 1:30 PM,44.6,98.0,44.1,43.4,,,29.89,,,,,,,,,,,,,
Back Fence,Temp & Humidity Sensor,2020/12/14 1:35 PM,44.4,98.0,43.9,43.1,,,29.89,,,,,,,,,,,,,
Back Fence,Temp & Humidity Sensor,2020/12/14 1:40 PM,44.9,98.0,44.4,43.7,,,29.89,,,,,,,,,,,,,
Back Fence,Temp & Humidity Sensor,2020/12/14 1:45 PM,45.3,98.0,44.8,44.1,,,29.89,,,,,,,,,,,,,
Back Fence,Temp & Humidity Sensor,2020/12/14 1:50 PM,46.4,97.0,45.6,45.3,,,29.89,,,,,,,,,,,,,
Back Fence,Temp & Humidity Sensor,2020/12/14 1:55 PM,46.5,92.0,44.3,45.2,,,29.89,,,,,,,,,,,,,
Back Fence,Temp & Humidity Sensor,2020/12/14 2:00 PM,46.7,92.0,44.5,45.4,,,29.89,,,,,,,,,,,,,
Back Fence,Temp & Humidity Sensor,2020/12/14 2:05 PM,47.1,93.0,45.2,45.9,,,29.89,,,,,,,,,,,,,
Back Fence,Temp & Humidity Sensor,2020/12/14 2:10 PM,46.9,93.0,45.0,45.7,,,29.89,,,,,,,,,,,,,
Back Fence,Temp & Humidity Sensor,2020/12/14 2:15 PM,47.3,91.0,44.8,46.0,,,29.9,,,,,,,,,,,,,
Back Fence,Temp & Humidity Sensor,2020/12/14 2:20 PM,47.1,92.0,44.9,45.8,,,29.9,,,,,,,,,,,,,
Back Fence,Temp & Humidity Sensor,2020/12/14 2:25 PM,47.4,90.0,44.6,46.1,,,29.9,,,,,,,,,,,,,
Back Fence,Temp & Humidity Sensor,2020/12/14 2:30 PM,47.1,91.0,44.6,45.8,,,29.9,,,,,,,,,,,,,
Back Fence,Temp & Humidity Sensor,2020/12/14 2:35 PM,47.1,91.0,44.6,45.8,,,29.91,,,,,,,,,,,,,
Back Fence,Temp & Humidity Sensor,2020/12/14 2:40 PM,47.1,91.0,44.6,45.8,,,29.91,,,,,,,,,,,,,
Back Fence,Temp & Humidity Sensor,2020/12/14 2:45 PM,47.3,92.0,45.1,46.1,,,29.91,,,,,,,,,,,,,
Back Fence,Temp & Humidity Sensor,2020/12/14 2:50 PM,47.1,91.0,44.6,45.8,,,29.91,,,,,,,,,,,,,
Back Fence,Temp & Humidity Sensor,2020/12/14 2:55 PM,47.3,92.0,45.1,46.1,,,29.92,,,,,,,,,,,,,
Back Fence,Temp & Humidity Sensor,2020/12/14 3:00 PM,47.3,92.0,45.1,46.1,,,29.92,,,,,,,,,,,,,
Back Fence,Temp & Humidity Sensor,2020/12/14 3:05 PM,47.6,92.0,45.4,46.4,,,29.93,,,,,,,,,,,,,
Back Fence,Temp & Humidity Sensor,2020/12/14 3:10 PM,47.8,93.0,45.9,46.7,,,29.93,,,,,,,,,,,,,
Back Fence,Temp & Humidity Sensor,2020/12/14 3:15 PM,48.0,89.0,44.9,46.7,,,29.94,,,,,,,,,,,,,
Back Fence,Temp & Humidity Sensor,2020/12/14 3:20 PM,48.0,89.0,44.9,46.7,,,29.94,,,,,,,,,,,,,
Back Fence,Temp & Humidity Sensor,2020/12/14 3:25 PM,48.0,87.0,44.3,46.6,,,29.94,,,,,,,,,,,,,
Back Fence,Temp & Humidity Sensor,2020/12/14 3:30 PM,48.0,88.0,44.6,46.6,,,29.93,,,,,,,,,,,,,
Back Fence,Temp & Humidity Sensor,2020/12/14 3:35 PM,48.0,88.0,44.6,46.6,,,29.94,,,,,,,,,,,,,
Back Fence,Temp & Humidity Sensor,2020/12/14 3:40 PM,47.8,89.0,44.7,46.5,,,29.94,,,,,,,,,,,,,
Back Fence,Temp & Humidity Sensor,2020/12/14 3:45 PM,47.8,88.0,44.4,46.4,,,29.96,,,,,,,,,,,,,
Back Fence,Temp & Humidity Sensor,2020/12/14 3:50 PM,47.6,89.0,44.5,46.2,,,29.96,,,,,,,,,,,,,
Back Fence,Temp & Humidity Sensor,2020/12/14 3:55 PM,47.3,90.0,44.5,46.0,,,29.97,,,,,,,,,,,,,
Back Fence,Temp & Humidity Sensor,2020/12/14 4:00 PM,47.1,90.0,44.3,45.7,,,29.97,,,,,,,,,,,,,
Back Fence,Temp & Humidity Sensor,2020/12/14 4:05 PM,47.1,90.0,44.3,45.7,,,29.97,,,,,,,,,,,,,
Back Fence,Temp & Humidity Sensor,2020/12/14 4:10 PM,46.9,91.0,44.4,45.6,,,29.97,,,,,,,,,,,,,
Back Fence,Temp & Humidity Sensor,2020/12/14 4:15 PM,47.1,90.0,44.3,45.7,,,29.97,,,,,,,,,,,,,
Back Fence,Temp & Humidity Sensor,2020/12/14 4:20 PM,46.7,91.0,44.2,45.3,,,29.98,,,,,,,,,,,,,
Back Fence,Temp & Humidity Sensor,2020/12/14 4:25 PM,46.5,91.0,44.0,45.1,,,29.98,,,,,,,,,,,,,
Back Fence,Temp & Humidity Sensor,2020/12/14 4:30 PM,46.2,92.0,44.0,44.8,,,29.98,,,,,,,,,,,,,
Back Fence,Temp & Humidity Sensor,2020/12/14 4:35 PM,45.8,93.0,43.9,44.5,,,29.99,,,,,,,,,,,,,
Back Fence,Temp & Humidity Sensor,2020/12/14 4:40 PM,45.6,94.0,44.0,44.3,,,29.99,,,,,,,,,,,,,
Back Fence,Temp & Humidity Sensor,2020/12/14 4:45 PM,45.5,94.0,43.9,44.2,,,29.99,,,,,,,,,,,,,
Back Fence,Temp & Humidity Sensor,2020/12/14 4:50 PM,45.1,94.0,43.5,43.7,,,29.99,,,,,,,,,,,,,
Back Fence,Temp & Humidity Sensor,2020/12/14 4:55 PM,45.1,94.0,43.5,43.7,,,29.99,,,,,,,,,,,,,
Back Fence,Temp & Humidity Sensor,2020/12/14 5:00 PM,44.6,94.0,43.0,43.2,,,30.0,,,,,,,,,,,,,
Back Fence,Temp & Humidity Sensor,2020/12/14 5:05 PM,44.2,95.0,42.9,42.8,,,30.0,,,,,,,,,,,,,
Back Fence,Temp & Humidity Sensor,2020/12/14 5:10 PM,44.0,95.0,42.7,42.6,,,30.0,,,,,,,,,,,,,
Back Fence,Temp & Humidity Sensor,2020/12/14 5:15 PM,43.5,95.0,42.2,42.0,,,30.0,,,,,,,,,,,,,
Back Fence,Temp & Humidity Sensor,2020/12/14 5:20 PM,43.3,96.0,42.2,41.8,,,30.0,,,,,,,,,,,,,
Back Fence,Temp & Humidity Sensor,2020/12/14 5:25 PM,42.8,96.0,41.7,41.3,,,30.0,,,,,,,,,,,,,
Back Fence,Temp & Humidity Sensor,2020/12/14 5:30 PM,42.8,96.0,41.7,41.3,,,30.0,,,,,,,,,,,,,
Back Fence,Temp & Humidity Sensor,2020/12/14 5:35 PM,42.8,96.0,41.7,41.3,,,30.0,,,,,,,,,,,,,
Back Fence,Temp & Humidity Sensor,2020/12/14 5:40 PM,42.8,96.0,41.7,41.3,,,30.01,,,,,,,,,,,,,
Back Fence,Temp & Humidity Sensor,2020/12/14 5:45 PM,43.1,96.0,42.0,41.6,,,30.01,,,,,,,,,,,,,
Back Fence,Temp & Humidity Sensor,2020/12/14 5:50 PM,43.1,97.0,42.3,41.7,,,30.02,,,,,,,,,,,,,
Back Fence,Temp & Humidity Sensor,2020/12/14 5:55 PM,43.1,97.0,42.3,41.7,,,30.02,,,,,,,,,,,,,
Back Fence,Temp & Humidity Sensor,2020/12/14 6:00 PM,42.9,97.0,42.1,41.4,,,30.02,,,,,,,,,,,,,
Back Fence,Temp & Humidity Sensor,2020/12/14 6:05 PM,42.8,97.0,42.0,41.3,,,30.02,,,,,,,,,,,,,
Back Fence,Temp & Humidity Sensor,2020/12/14 6:10 PM,42.4,97.0,41.6,40.9,,,30.02,,,,,,,,,,,,,
Back Fence,Temp & Humidity Sensor,2020/12/14 6:15 PM,42.2,97.0,41.4,40.7,,,30.03,,,,,,,,,,,,,
Back Fence,Temp & Humidity Sensor,2020/12/14 6:20 PM,42.0,97.0,41.2,40.5,,,30.03,,,,,,,,,,,,,
Back Fence,Temp & Humidity Sensor,2020/12/14 6:25 PM,42.2,97.0,41.4,40.7,,,30.04,,,,,,,,,,,,,
Back Fence,Temp & Humidity Sensor,2020/12/14 6:30 PM,42.6,97.0,41.8,41.1,,,30.05,,,,,,,,,,,,,
Back Fence,Temp & Humidity Sensor,2020/12/14 6:35 PM,42.8,97.0,42.0,41.3,,,30.05,,,,,,,,,,,,,
Back Fence,Temp & Humidity Sensor,2020/12/14 6:40 PM,42.8,97.0,42.0,41.3,,,30.05,,,,,,,,,,,,,
Back Fence,Temp & Humidity Sensor,2020/12/14 6:45 PM,42.8,97.0,42.0,41.3,,,30.06,,,,,,,,,,,,,
Back Fence,Temp & Humidity Sensor,2020/12/14 6:50 PM,43.1,97.0,42.3,41.7,,,30.06,,,,,,,,,,,,,
Back Fence,Temp & Humidity Sensor,2020/12/14 6:55 PM,43.8,93.0,41.9,42.3,,,30.07,,,,,,,,,,,,,
Back Fence,Temp & Humidity Sensor,2020/12/14 7:00 PM,44.4,88.0,41.1,42.7,,,30.06,,,,,,,,,,,,,
Back Fence,Temp & Humidity Sensor,2020/12/14 7:05 PM,44.2,87.0,40.6,42.4,,,30.07,,,,,,,,,,,,,
Back Fence,Temp & Humidity Sensor,2020/12/14 7:10 PM,44.2,84.0,39.7,42.3,,,30.07,,,,,,,,,,,,,
Back Fence,Temp & Humidity Sensor,2020/12/14 7:15 PM,43.8,84.0,39.3,41.8,,,30.08,,,,,,,,,,,,,
Back Fence,Temp & Humidity Sensor,2020/12/14 7:20 PM,43.7,83.0,38.9,41.7,,,30.08,,,,,,,,,,,,,
Back Fence,Temp & Humidity Sensor,2020/12/14 7:25 PM,43.5,81.0,38.1,41.4,,,30.08,,,,,,,,,,,,,
Back Fence,Temp & Humidity Sensor,2020/12/14 7:30 PM,43.1,82.0,38.0,41.0,,,30.09,,,,,,,,,,,,,
Back Fence,Temp & Humidity Sensor,2020/12/14 7:35 PM,42.8,81.0,37.4,40.6,,,30.1,,,,,,,,,,,,,
Back Fence,Temp & Humidity Sensor,2020/12/14 7:40 PM,42.8,79.0,36.7,40.5,,,30.1,,,,,,,,,,,,,
Back Fence,Temp & Humidity Sensor,2020/12/14 7:45 PM,42.8,78.0,36.4,40.4,,,30.1,,,,,,,,,,,,,
Back Fence,Temp & Humidity Sensor,2020/12/14 7:50 PM,42.8,78.0,36.4,40.4,,,30.09,,,,,,,,,,,,,
Back Fence,Temp & Humidity Sensor,2020/12/14 7:55 PM,41.9,83.0,37.1,39.7,,,30.1,,,,,,,,,,,,,
Back Fence,Temp & Humidity Sensor,2020/12/14 8:00 PM,41.5,83.0,36.7,39.3,,,30.1,,,,,,,,,,,,,
Back Fence,Temp & Humidity Sensor,2020/12/14 8:05 PM,41.1,84.0,36.6,38.9,,,30.1,,,,,,,,,,,,,
Back Fence,Temp & Humidity Sensor,2020/12/14 8:10 PM,40.4,86.0,36.5,38.2,,,30.11,,,,,,,,,,,,,
Back Fence,Temp & Humidity Sensor,2020/12/14 8:15 PM,40.4,87.0,36.8,38.2,,,30.11,,,,,,,,,,,,,
Back Fence,Temp & Humidity Sensor,2020/12/14 8:20 PM,40.8,84.0,36.3,38.5,,,30.11,,,,,,,,,,,,,
Back Fence,Temp & Humidity Sensor,2020/12/14 8:25 PM,40.8,82.0,35.7,38.4,,,30.12,,,,,,,,,,,,,
Back Fence,Temp & Humidity Sensor,2020/12/14 8:30 PM,40.8,82.0,35.7,38.4,,,30.12,,,,,,,,,,,,,
Back Fence,Temp & Humidity Sensor,2020/12/14 8:35 PM,40.8,80.0,35.1,38.3,,,30.12,,,,,,,,,,,,,
Back Fence,Temp & Humidity Sensor,2020/12/14 8:40 PM,40.6,80.0,34.9,38.1,,,30.12,,,,,,,,,,,,,
Back Fence,Temp & Humidity Sensor,2020/12/14 8:45 PM,40.8,78.0,34.5,38.2,,,30.12,,,,,,,,,,,,,
Back Fence,Temp & Humidity Sensor,2020/12/14 8:50 PM,40.6,78.0,34.3,38.0,,,30.12,,,,,,,,,,,,,
Back Fence,Temp & Humidity Sensor,2020/12/14 8:55 PM,40.1,80.0,34.4,37.6,,,30.12,,,,,,,,,,,,,
Back Fence,Temp & Humidity Sensor,2020/12/14 9:00 PM,39.2,83.0,34.5,39.2,,,30.13,,,,,,,,,,,,,
Back Fence,Temp & Humidity Sensor,2020/12/14 9:05 PM,39.3,81.0,34.0,39.3,,,30.13,,,,,,,,,,,,,
Back Fence,Temp & Humidity Sensor,2020/12/14 9:10 PM,39.5,80.0,33.9,39.5,,,30.13,,,,,,,,,,,,,
Back Fence,Temp & Humidity Sensor,2020/12/14 9:15 PM,39.5,77.0,32.9,39.5,,,30.14,,,,,,,,,,,,,
Back Fence,Temp & Humidity Sensor,2020/12/14 9:20 PM,39.5,76.0,32.6,39.5,,,30.14,,,,,,,,,,,,,
Back Fence,Temp & Humidity Sensor,2020/12/14 9:25 PM,39.5,75.0,32.2,39.5,,,30.14,,,,,,,,,,,,,
Back Fence,Temp & Humidity Sensor,2020/12/14 9:30 PM,39.7,74.0,32.1,39.7,,,30.14,,,,,,,,,,,,,
Back Fence,Temp & Humidity Sensor,2020/12/14 9:35 PM,39.5,73.0,31.6,39.5,,,30.14,,,,,,,,,,,,,
Back Fence,Temp & Humidity Sensor,2020/12/14 9:40 PM,39.3,75.0,32.1,39.3,,,30.15,,,,,,,,,,,,,
Back Fence,Temp & Humidity Sensor,2020/12/14 9:45 PM,39.2,75.0,32.0,39.2,,,30.15,,,,,,,,,,,,,
Back Fence,Temp & Humidity Sensor,2020/12/14 9:50 PM,39.0,76.0,32.1,39.0,,,30.15,,,,,,,,,,,,,
Back Fence,Temp & Humidity Sensor,2020/12/14 9:55 PM,39.2,73.0,31.3,39.2,,,30.16,,,,,,,,,,,,,
Back Fence,Temp & Humidity Sensor,2020/12/14 10:00 PM,39.3,72.0,31.0,39.3,,,30.16,,,,,,,,,,,,,
Back Fence,Temp & Humidity Sensor,2020/12/14 10:05 PM,39.2,73.0,31.3,39.2,,,30.16,,,,,,,,,,,,,
Back Fence,Temp & Humidity Sensor,2020/12/14 10:10 PM,39.2,73.0,31.3,39.2,,,30.17,,,,,,,,,,,,,
Back Fence,Temp & Humidity Sensor,2020/12/14 10:15 PM,39.2,73.0,31.3,39.2,,,30.17,,,,,,,,,,,,,
Back Fence,Temp & Humidity Sensor,2020/12/14 10:20 PM,38.6,75.0,31.4,38.6,,,30.17,,,,,,,,,,,,,
Back Fence,Temp & Humidity Sensor,2020/12/14 10:25 PM,38.6,76.0,31.7,38.6,,,30.18,,,,,,,,,,,,,
Back Fence,Temp & Humidity Sensor,2020/12/14 10:30 PM,38.3,76.0,31.4,38.3,,,30.18,,,,,,,,,,,,,
Back Fence,Temp & Humidity Sensor,2020/12/14 10:35 PM,38.3,77.0,31.7,38.3,,,30.18,,,,,,,,,,,,,
Back Fence,Temp & Humidity Sensor,2020/12/14 10:40 PM,38.1,75.0,30.9,38.1,,,30.18,,,,,,,,,,,,,
Back Fence,Temp & Humidity Sensor,2020/12/14 10:45 PM,38.1,76.0,31.2,38.1,,,30.19,,,,,,,,,,,,,
Back Fence,Temp & Humidity Sensor,2020/12/14 10:50 PM,37.7,77.0,31.2,37.7,,,30.19,,,,,,,,,,,,,
Back Fence,Temp & Humidity Sensor,2020/12/14 10:55 PM,37.7,75.0,30.5,37.7,,,30.2,,,,,,,,,,,,,
Back Fence,Temp & Humidity Sensor,2020/12/14 11:00 PM,37.9,75.0,30.7,37.9,,,30.2,,,,,,,,,,,,,
Back Fence,Temp & Humidity Sensor,2020/12/14 11:05 PM,37.7,75.0,30.5,37.7,,,30.2,,,,,,,,,,,,,
Back Fence,Temp & Humidity Sensor,2020/12/14 11:10 PM,37.4,76.0,30.5,37.4,,,30.2,,,,,,,,,,,,,
Back Fence,Temp & Humidity Sensor,2020/12/14 11:15 PM,37.2,78.0,31.0,37.2,,,30.2,,,,,,,,,,,,,
Back Fence,Temp & Humidity Sensor,2020/12/14 11:20 PM,37.4,76.0,30.5,37.4,,,30.2,,,,,,,,,,,,,
Back Fence,Temp & Humidity Sensor,2020/12/14 11:25 PM,37.4,75.0,30.2,37.4,,,30.2,,,,,,,,,,,,,
Back Fence,Temp & Humidity Sensor,2020/12/14 11:30 PM,37.2,77.0,30.7,37.2,,,30.2,,,,,,,,,,,,,
Back Fence,Temp & Humidity Sensor,2020/12/14 11:35 PM,37.2,76.0,30.3,37.2,,,30.2,,,,,,,,,,,,,
Back Fence,Temp & Humidity Sensor,2020/12/14 11:40 PM,36.8,77.0,30.3,36.8,,,30.2,,,,,,,,,,,,,
Back Fence,Temp & Humidity Sensor,2020/12/14 11:45 PM,36.8,77.0,30.3,36.8,,,30.2,,,,,,,,,,,,,
Back Fence,Temp & Humidity Sensor,2020/12/14 11:50 PM,36.3,80.0,30.7,36.3,,,30.2,,,,,,,,,,,,,
Back Fence,Temp & Humidity Sensor,2020/12/14 11:55 PM,35.9,81.0,30.6,35.9,,,30.2,,,,,,,,,,,,,
Back Fence,Temp & Humidity Sensor,2020/12/15 12:00 AM,35.7,82.0,30.8,35.7,,,30.2,,,,,,,,,,,,,
Back Fence,Temp & Humidity Sensor,2020/12/15 12:05 AM,35.6,85.0,31.5,35.6,,,30.2,,,,,,,,,,,,,
Back Fence,Temp & Humidity Sensor,2020/12/15 12:10 AM,34.8,85.0,30.8,34.8,,,30.2,,,,,,,,,,,,,
Back Fence,Temp & Humidity Sensor,2020/12/15 12:15 AM,33.9,85.0,29.9,33.9,,,30.2,,,,,,,,,,,,,
Back Fence,Temp & Humidity Sensor,2020/12/15 12:20 AM,33.8,86.0,30.1,33.8,,,30.2,,,,,,,,,,,,,
Back Fence,Temp & Humidity Sensor,2020/12/15 12:25 AM,33.9,89.0,31.0,33.9,,,30.19,,,,,,,,,,,,,
Back Fence,Temp & Humidity Sensor,2020/12/15 12:30 AM,33.9,94.0,32.4,33.9,,,30.19,,,,,,,,,,,,,
Back Fence,Temp & Humidity Sensor,2020/12/15 12:35 AM,33.6,95.0,32.3,33.6,,,30.19,,,,,,,,,,,,,
Back Fence,Temp & Humidity Sensor,2020/12/15 12:40 AM,33.2,94.0,31.7,33.2,,,30.19,,,,,,,,,,,,,
Back Fence,Temp & Humidity Sensor,2020/12/15 12:45 AM,33.6,95.0,32.3,33.6,,,30.19,,,,,,,,,,,,,
Back Fence,Temp & Humidity Sensor,2020/12/15 12:50 AM,33.4,96.0,32.4,33.4,,,30.19,,,,,,,,,,,,,
Back Fence,Temp & Humidity Sensor,2020/12/15 12:55 AM,32.9,95.0,31.6,32.9,,,30.19,,,,,,,,,,,,,
Back Fence,Temp & Humidity Sensor,2020/12/15 1:00 AM,32.7,95.0,31.4,32.7,,,30.19,,,,,,,,,,,,,
Back Fence,Temp & Humidity Sensor,2020/12/15 1:05 AM,32.9,95.0,31.6,32.9,,,30.19,,,,,,,,,,,,,
Back Fence,Temp & Humidity Sensor,2020/12/15 1:10 AM,33.0,96.0,32.0,33.0,,,30.19,,,,,,,,,,,,,
Back Fence,Temp & Humidity Sensor,2020/12/15 1:15 AM,32.9,96.0,31.9,32.9,,,30.19,,,,,,,,,,,,,
Back Fence,Temp & Humidity Sensor,2020/12/15 1:20 AM,32.9,96.0,31.9,32.9,,,30.2,,,,,,,,,,,,,
Back Fence,Temp & Humidity Sensor,2020/12/15 1:25 AM,32.9,96.0,31.9,32.9,,,30.2,,,,,,,,,,,,,
Back Fence,Temp & Humidity Sensor,2020/12/15 1:30 AM,32.7,96.0,31.7,32.7,,,30.2,,,,,,,,,,,,,
Back Fence,Temp & Humidity Sensor,2020/12/15 1:35 AM,32.5,95.0,31.2,32.5,,,30.2,,,,,,,,,,,,,
Back Fence,Temp & Humidity Sensor,2020/12/15 1:40 AM,32.3,95.0,31.0,32.3,,,30.2,,,,,,,,,,,,,
Back Fence,Temp & Humidity Sensor,2020/12/15 1:45 AM,32.0,95.0,30.7,32.0,,,30.2,,,,,,,,,,,,,
Back Fence,Temp & Humidity Sensor,2020/12/15 1:50 AM,32.1,95.0,30.8,32.1,,,30.2,,,,,,,,,,,,,
Back Fence,Temp & Humidity Sensor,2020/12/15 1:55 AM,32.0,95.0,30.7,32.0,,,30.2,,,,,,,,,,,,,
Back Fence,Temp & Humidity Sensor,2020/12/15 2:00 AM,32.0,95.0,30.7,32.0,,,30.2,,,,,,,,,,,,,
Back Fence,Temp & Humidity Sensor,2020/12/15 2:05 AM,31.6,97.0,30.8,31.6,,,30.2,,,,,,,,,,,,,
Back Fence,Temp & Humidity Sensor,2020/12/15 2:10 AM,31.4,97.0,30.6,31.4,,,30.2,,,,,,,,,,,,,
Back Fence,Temp & Humidity Sensor,2020/12/15 2:15 AM,31.2,97.0,30.4,31.2,,,30.21,,,,,,,,,,,,,
Back Fence,Temp & Humidity Sensor,2020/12/15 2:20 AM,31.2,97.0,30.4,31.2,,,30.21,,,,,,,,,,,,,
Back Fence,Temp & Humidity Sensor,2020/12/15 2:25 AM,31.8,97.0,31.0,31.8,,,30.21,,,,,,,,,,,,,
Back Fence,Temp & Humidity Sensor,2020/12/15 2:30 AM,31.2,98.0,30.7,31.2,,,30.21,,,,,,,,,,,,,
Back Fence,Temp & Humidity Sensor,2020/12/15 2:35 AM,31.2,98.0,30.7,31.2,,,30.21,,,,,,,,,,,,,
Back Fence,Temp & Humidity Sensor,2020/12/15 2:40 AM,31.1,98.0,30.6,31.1,,,30.21,,,,,,,,,,,,,
Back Fence,Temp & Humidity Sensor,2020/12/15 2:45 AM,30.5,98.0,30.0,30.5,,,30.21,,,,,,,,,,,,,
Back Fence,Temp & Humidity Sensor,2020/12/15 2:50 AM,30.3,98.0,29.8,30.3,,,30.22,,,,,,,,,,,,,
Back Fence,Temp & Humidity Sensor,2020/12/15 2:55 AM,30.2,98.0,29.7,30.2,,,30.22,,,,,,,,,,,,,
Back Fence,Temp & Humidity Sensor,2020/12/15 3:00 AM,30.2,97.0,29.5,30.2,,,30.22,,,,,,,,,,,,,
Back Fence,Temp & Humidity Sensor,2020/12/15 3:05 AM,30.5,98.0,30.0,30.5,,,30.23,,,,,,,,,,,,,
Back Fence,Temp & Humidity Sensor,2020/12/15 3:10 AM,30.2,98.0,29.7,30.2,,,30.23,,,,,,,,,,,,,
Back Fence,Temp & Humidity Sensor,2020/12/15 3:15 AM,30.2,98.0,29.7,30.2,,,30.23,,,,,,,,,,,,,
Back Fence,Temp & Humidity Sensor,2020/12/15 3:20 AM,30.2,99.0,30.0,30.2,,,30.23,,,,,,,,,,,,,
Back Fence,Temp & Humidity Sensor,2020/12/15 3:25 AM,30.2,99.0,30.0,30.2,,,30.23,,,,,,,,,,,,,
Back Fence,Temp & Humidity Sensor,2020/12/15 3:30 AM,30.0,99.0,29.8,30.0,,,30.23,,,,,,,,,,,,,
Back Fence,Temp & Humidity Sensor,2020/12/15 3:35 AM,30.0,99.0,29.8,30.0,,,30.23,,,,,,,,,,,,,
Back Fence,Temp & Humidity Sensor,2020/12/15 3:40 AM,30.2,99.0,30.0,30.2,,,30.23,,,,,,,,,,,,,
Back Fence,Temp & Humidity Sensor,2020/12/15 3:45 AM,29.8,99.0,29.6,29.8,,,30.24,,,,,,,,,,,,,
Back Fence,Temp & Humidity Sensor,2020/12/15 3:50 AM,29.8,99.0,29.6,29.8,,,30.24,,,,,,,,,,,,,
Back Fence,Temp & Humidity Sensor,2020/12/15 3:55 AM,29.6,99.0,29.4,29.6,,,30.24,,,,,,,,,,,,,
Back Fence,Temp & Humidity Sensor,2020/12/15 4:00 AM,29.6,99.0,29.4,29.6,,,30.24,,,,,,,,,,,,,
Back Fence,Temp & Humidity Sensor,2020/12/15 4:05 AM,29.4,99.0,29.2,29.4,,,30.24,,,,,,,,,,,,,
Back Fence,Temp & Humidity Sensor,2020/12/15 4:10 AM,29.3,99.0,29.1,29.3,,,30.24,,,,,,,,,,,,,
Back Fence,Temp & Humidity Sensor,2020/12/15 4:15 AM,29.4,99.0,29.2,29.4,,,30.24,,,,,,,,,,,,,
Back Fence,Temp & Humidity Sensor,2020/12/15 4:20 AM,29.6,99.0,29.4,29.6,,,30.24,,,,,,,,,,,,,
Back Fence,Temp & Humidity Sensor,2020/12/15 4:25 AM,29.4,99.0,29.2,29.4,,,30.25,,,,,,,,,,,,,
Back Fence,Temp & Humidity Sensor,2020/12/15 4:30 AM,29.6,99.0,29.4,29.6,,,30.25,,,,,,,,,,,,,
Back Fence,Temp & Humidity Sensor,2020/12/15 4:35 AM,29.3,99.0,29.1,29.3,,,30.24,,,,,,,,,,,,,
Back Fence,Temp & Humidity Sensor,2020/12/15 4:40 AM,29.1,99.0,28.9,29.1,,,30.24,,,,,,,,,,,,,
Back Fence,Temp & Humidity Sensor,2020/12/15 4:45 AM,29.1,99.0,28.9,29.1,,,30.25,,,,,,,,,,,,,
Back Fence,Temp & Humidity Sensor,2020/12/15 4:50 AM,29.3,99.0,29.1,29.3,,,30.25,,,,,,,,,,,,,
Back Fence,Temp & Humidity Sensor,2020/12/15 4:55 AM,29.1,99.0,28.9,29.1,,,30.26,,,,,,,,,,,,,
Back Fence,Temp & Humidity Sensor,2020/12/15 5:00 AM,29.1,99.0,28.9,29.1,,,30.26,,,,,,,,,,,,,
Back Fence,Temp & Humidity Sensor,2020/12/15 5:05 AM,28.9,99.0,28.7,28.9,,,30.26,,,,,,,,,,,,,
Back Fence,Temp & Humidity Sensor,2020/12/15 5:10 AM,28.7,99.0,28.5,28.7,,,30.26,,,,,,,,,,,,,
Back Fence,Temp & Humidity Sensor,2020/12/15 5:15 AM,28.9,99.0,28.7,28.9,,,30.27,,,,,,,,,,,,,
Back Fence,Temp & Humidity Sensor,2020/12/15 5:20 AM,29.1,99.0,28.9,29.1,,,30.27,,,,,,,,,,,,,
Back Fence,Temp & Humidity Sensor,2020/12/15 5:25 AM,29.1,99.0,28.9,29.1,,,30.27,,,,,,,,,,,,,
Back Fence,Temp & Humidity Sensor,2020/12/15 5:30 AM,29.4,99.0,29.2,29.4,,,30.27,,,,,,,,,,,,,
Back Fence,Temp & Humidity Sensor,2020/12/15 5:35 AM,29.3,99.0,29.1,29.3,,,30.27,,,,,,,,,,,,,
Back Fence,Temp & Humidity Sensor,2020/12/15 5:40 AM,28.9,99.0,28.7,28.9,,,30.27,,,,,,,,,,,,,
Back Fence,Temp & Humidity Sensor,2020/12/15 5:45 AM,28.9,99.0,28.7,28.9,,,30.27,,,,,,,,,,,,,
Back Fence,Temp & Humidity Sensor,2020/12/15 5:50 AM,28.7,99.0,28.5,28.7,,,30.28,,,,,,,,,,,,,
Back Fence,Temp & Humidity Sensor,2020/12/15 5:55 AM,28.5,99.0,28.3,28.5,,,30.28,,,,,,,,,,,,,
Back Fence,Temp & Humidity Sensor,2020/12/15 6:00 AM,28.9,99.0,28.7,28.9,,,30.28,,,,,,,,,,,,,
Back Fence,Temp & Humidity Sensor,2020/12/15 6:05 AM,28.7,99.0,28.5,28.7,,,30.28,,,,,,,,,,,,,
Back Fence,Temp & Humidity Sensor,2020/12/15 6:10 AM,28.5,99.0,28.3,28.5,,,30.28,,,,,,,,,,,,,
Back Fence,Temp & Humidity Sensor,2020/12/15 6:15 AM,28.5,99.0,28.3,28.5,,,30.28,,,,,,,,,,,,,
Back Fence,Temp & Humidity Sensor,2020/12/15 6:20 AM,28.7,99.0,28.5,28.7,,,30.28,,,,,,,,,,,,,
Back Fence,Temp & Humidity Sensor,2020/12/15 6:25 AM,28.5,99.0,28.3,28.5,,,30.28,,,,,,,,,,,,,
Back Fence,Temp & Humidity Sensor,2020/12/15 6:30 AM,28.5,99.0,28.3,28.5,,,30.28,,,,,,,,,,,,,
Back Fence,Temp & Humidity Sensor,2020/12/15 6:35 AM,28.5,99.0,28.3,28.5,,,30.28,,,,,,,,,,,,,
Back Fence,Temp & Humidity Sensor,2020/12/15 6:40 AM,28.5,99.0,28.3,28.5,,,30.29,,,,,,,,,,,,,
Back Fence,Temp & Humidity Sensor,2020/12/15 6:45 AM,28.4,99.0,28.2,28.4,,,30.29,,,,,,,,,,,,,
Back Fence,Temp & Humidity Sensor,2020/12/15 6:50 AM,28.4,99.0,28.2,28.4,,,30.3,,,,,,,,,,,,,
Back Fence,Temp & Humidity Sensor,2020/12/15 6:55 AM,28.4,99.0,28.2,28.4,,,30.3,,,,,,,,,,,,,
Back Fence,Temp & Humidity Sensor,2020/12/15 7:00 AM,28.4,99.0,28.2,28.4,,,30.3,,,,,,,,,,,,,
Back Fence,Temp & Humidity Sensor,2020/12/15 7:05 AM,28.4,99.0,28.2,28.4,,,30.3,,,,,,,,,,,,,
Back Fence,Temp & Humidity Sensor,2020/12/15 7:10 AM,28.4,99.0,28.2,28.4,,,30.3,,,,,,,,,,,,,
Back Fence,Temp & Humidity Sensor,2020/12/15 7:15 AM,28.4,99.0,28.2,28.4,,,30.3,,,,,,,,,,,,,
Back Fence,Temp & Humidity Sensor,2020/12/15 7:20 AM,28.4,99.0,28.2,28.4,,,30.3,,,,,,,,,,,,,
Back Fence,Temp & Humidity Sensor,2020/12/15 7:25 AM,28.4,99.0,28.2,28.4,,,30.3,,,,,,,,,,,,,
Back Fence,Temp & Humidity Sensor,2020/12/15 7:30 AM,28.7,99.0,28.5,28.7,,,30.31,,,,,,,,,,,,,
Back Fence,Temp & Humidity Sensor,2020/12/15 7:35 AM,28.9,99.0,28.7,28.9,,,30.31,,,,,,,,,,,,,
Back Fence,Temp & Humidity Sensor,2020/12/15 7:40 AM,28.7,99.0,28.5,28.7,,,30.32,,,,,,,,,,,,,
Back Fence,Temp & Humidity Sensor,2020/12/15 7:45 AM,28.7,99.0,28.5,28.7,,,30.32,,,,,,,,,,,,,
Back Fence,Temp & Humidity Sensor,2020/12/15 7:50 AM,29.1,99.0,28.9,29.1,,,30.32,,,,,,,,,,,,,
Back Fence,Temp & Humidity Sensor,2020/12/15 7:55 AM,29.3,99.0,29.1,29.3,,,30.33,,,,,,,,,,,,,
Back Fence,Temp & Humidity Sensor,2020/12/15 8:00 AM,29.4,99.0,29.2,29.4,,,30.33,,,,,,,,,,,,,
Back Fence,Temp & Humidity Sensor,2020/12/15 8:05 AM,29.4,99.0,29.2,29.4,,,30.33,,,,,,,,,,,,,
Back Fence,Temp & Humidity Sensor,2020/12/15 8:10 AM,29.6,99.0,29.4,29.6,,,30.33,,,,,,,,,,,,,
Back Fence,Temp & Humidity Sensor,2020/12/15 8:15 AM,29.8,99.0,29.6,29.8,,,30.33,,,,,,,,,,,,,
Back Fence,Temp & Humidity Sensor,2020/12/15 8:20 AM,30.0,99.0,29.8,30.0,,,30.33,,,,,,,,,,,,,
Back Fence,Temp & Humidity Sensor,2020/12/15 8:25 AM,30.2,99.0,30.0,30.2,,,30.33,,,,,,,,,,,,,
Back Fence,Temp & Humidity Sensor,2020/12/15 8:30 AM,30.5,99.0,30.3,30.5,,,30.33,,,,,,,,,,,,,
Back Fence,Temp & Humidity Sensor,2020/12/15 8:35 AM,31.1,99.0,30.9,31.1,,,30.34,,,,,,,,,,,,,
Back Fence,Temp & Humidity Sensor,2020/12/15 8:40 AM,31.4,99.0,31.2,31.4,,,30.34,,,,,,,,,,,,,
Back Fence,Temp & Humidity Sensor,2020/12/15 8:45 AM,31.6,99.0,31.4,31.6,,,30.34,,,,,,,,,,,,,
Back Fence,Temp & Humidity Sensor,2020/12/15 8:50 AM,32.0,98.0,31.5,32.0,,,30.34,,,,,,,,,,,,,
Back Fence,Temp & Humidity Sensor,2020/12/15 8:55 AM,32.9,98.0,32.4,32.9,,,30.34,,,,,,,,,,,,,
Back Fence,Temp & Humidity Sensor,2020/12/15 9:00 AM,33.6,98.0,33.1,33.6,,,30.34,,,,,,,,,,,,,
Back Fence,Temp & Humidity Sensor,2020/12/15 9:05 AM,33.6,98.0,33.1,33.6,,,30.34,,,,,,,,,,,,,
Back Fence,Temp & Humidity Sensor,2020/12/15 9:10 AM,33.0,97.0,32.2,33.0,,,30.34,,,,,,,,,,,,,
Back Fence,Temp & Humidity Sensor,2020/12/15 9:15 AM,33.0,97.0,32.2,33.0,,,30.35,,,,,,,,,,,,,
Back Fence,Temp & Humidity Sensor,2020/12/15 9:20 AM,33.2,95.0,31.9,33.2,,,30.34,,,,,,,,,,,,,
Back Fence,Temp & Humidity Sensor,2020/12/15 9:25 AM,33.8,89.0,30.9,33.8,,,30.34,,,,,,,,,,,,,
Back Fence,Temp & Humidity Sensor,2020/12/15 9:30 AM,34.1,87.0,30.6,34.1,,,30.34,,,,,,,,,,,,,
Back Fence,Temp & Humidity Sensor,2020/12/15 9:35 AM,34.3,84.0,30.0,34.3,,,30.34,,,,,,,,,,,,,
Back Fence,Temp & Humidity Sensor,2020/12/15 9:40 AM,35.0,80.0,29.5,35.0,,,30.34,,,,,,,,,,,,,
Back Fence,Temp & Humidity Sensor,2020/12/15 9:45 AM,35.6,75.0,28.5,35.6,,,30.34,,,,,,,,,,,,,
Back Fence,Temp & Humidity Sensor,2020/12/15 9:50 AM,37.4,78.0,31.2,37.4,,,30.35,,,,,,,,,,,,,
Back Fence,Temp & Humidity Sensor,2020/12/15 9:55 AM,37.9,74.0,30.4,37.9,,,30.35,,,,,,,,,,,,,
Back Fence,Temp & Humidity Sensor,2020/12/15 10:00 AM,37.4,72.0,29.2,37.4,,,30.35,,,,,,,,,,,,,
Back Fence,Temp & Humidity Sensor,2020/12/15 10:05 AM,37.2,70.0,28.3,37.2,,,30.35,,,,,,,,,,,,,
Back Fence,Temp & Humidity Sensor,2020/12/15 10:10 AM,38.1,71.0,29.5,38.1,,,30.35,,,,,,,,,,,,,
Back Fence,Temp & Humidity Sensor,2020/12/15 10:15 AM,40.6,70.0,31.6,37.6,,,30.36,,,,,,,,,,,,,
Back Fence,Temp & Humidity Sensor,2020/12/15 10:20 AM,40.4,63.0,28.8,37.1,,,30.35,,,,,,,,,,,,,
Back Fence,Temp & Humidity Sensor,2020/12/15 10:25 AM,39.7,62.0,27.8,39.7,,,30.35,,,,,,,,,,,,,
Back Fence,Temp & Humidity Sensor,2020/12/15 10:30 AM,39.5,61.0,27.2,39.5,,,30.35,,,,,,,,,,,,,
Back Fence,Temp & Humidity Sensor,2020/12/15 10:35 AM,41.0,63.0,29.4,37.8,,,30.35,,,,,,,,,,,,,
Back Fence,Temp & Humidity Sensor,2020/12/15 10:40 AM,42.4,64.0,31.1,39.3,,,30.35,,,,,,,,,,,,,
Back Fence,Temp & Humidity Sensor,2020/12/15 10:45 AM,41.5,65.0,30.6,38.4,,,30.35,,,,,,,,,,,,,
Back Fence,Temp & Humidity Sensor,2020/12/15 10:50 AM,40.8,64.0,29.6,37.6,,,30.35,,,,,,,,,,,,,
Back Fence,Temp & Humidity Sensor,2020/12/15 10:55 AM,40.6,68.0,30.9,37.6,,,30.35,,,,,,,,,,,,,
Back Fence,Temp & Humidity Sensor,2020/12/15 11:00 AM,41.0,66.0,30.5,37.9,,,30.34,,,,,,,,,,,,,
Back Fence,Temp & Humidity Sensor,2020/12/15 11:05 AM,41.5,68.0,31.7,38.5,,,30.35,,,,,,,,,,,,,
Back Fence,Temp & Humidity Sensor,2020/12/15 11:10 AM,40.6,60.0,27.8,37.2,,,30.35,,,,,,,,,,,,,
Back Fence,Temp & Humidity Sensor,2020/12/15 11:15 AM,40.2,61.0,27.8,36.8,,,30.35,,,,,,,,,,,,,
Back Fence,Temp & Humidity Sensor,2020/12/15 11:20 AM,40.2,61.0,27.8,36.8,,,30.34,,,,,,,,,,,,,
Back Fence,Temp & Humidity Sensor,2020/12/15 11:25 AM,40.4,62.0,28.4,37.1,,,30.34,,,,,,,,,,,,,
Back Fence,Temp & Humidity Sensor,2020/12/15 11:30 AM,40.8,65.0,30.0,37.6,,,30.33,,,,,,,,,,,,,
Back Fence,Temp & Humidity Sensor,2020/12/15 11:35 AM,41.7,61.0,29.3,38.4,,,30.34,,,,,,,,,,,,,
Back Fence,Temp & Humidity Sensor,2020/12/15 11:40 AM,42.2,62.0,30.1,39.0,,,30.33,,,,,,,,,,,,,
Back Fence,Temp & Humidity Sensor,2020/12/15 11:45 AM,41.9,60.0,29.0,38.6,,,30.33,,,,,,,,,,,,,
Back Fence,Temp & Humidity Sensor,2020/12/15 11:50 AM,42.4,61.0,29.9,39.2,,,30.33,,,,,,,,,,,,,
Back Fence,Temp & Humidity Sensor,2020/12/15 11:55 AM,42.6,57.0,28.4,39.2,,,30.32,,,,,,,,,,,,,
Back Fence,Temp & Humidity Sensor,2020/12/15 12:00 PM,43.7,58.0,29.9,40.5,,,30.32,,,,,,,,,,,,,
Back Fence,Temp & Humidity Sensor,2020/12/15 12:05 PM,45.8,59.0,32.3,42.9,,,30.32,,,,,,,,,,,,,
Back Fence,Temp & Humidity Sensor,2020/12/15 12:10 PM,46.0,61.0,33.3,43.2,,,30.32,,,,,,,,,,,,,
Back Fence,Temp & Humidity Sensor,2020/12/15 12:15 PM,47.1,59.0,33.5,44.3,,,30.32,,,,,,,,,,,,,
Back Fence,Temp & Humidity Sensor,2020/12/15 12:20 PM,49.1,59.0,35.4,46.5,,,30.31,,,,,,,,,,,,,
Back Fence,Temp & Humidity Sensor,2020/12/15 12:25 PM,49.1,58.0,35.0,46.4,,,30.31,,,,,,,,,,,,,
Back Fence,Temp & Humidity Sensor,2020/12/15 12:30 PM,48.2,51.0,30.9,45.1,,,30.31,,,,,,,,,,,,,
Back Fence,Temp & Humidity Sensor,2020/12/15 12:35 PM,47.1,51.0,29.9,43.9,,,30.31,,,,,,,,,,,,,
Back Fence,Temp & Humidity Sensor,2020/12/15 12:40 PM,48.2,50.0,30.4,45.1,,,30.31,,,,,,,,,,,,,
Back Fence,Temp & Humidity Sensor,2020/12/15 12:45 PM,48.2,49.0,29.9,45.0,,,30.31,,,,,,,,,,,,,
Back Fence,Temp & Humidity Sensor,2020/12/15 12:50 PM,46.5,52.0,29.8,43.3,,,30.31,,,,,,,,,,,,,
Back Fence,Temp & Humidity Sensor,2020/12/15 12:55 PM,46.4,53.0,30.2,43.2,,,30.31,,,,,,,,,,,,,
Back Fence,Temp & Humidity Sensor,2020/12/15 1:00 PM,47.4,51.0,30.2,44.2,,,30.31,,,,,,,,,,,,,
Back Fence,Temp & Humidity Sensor,2020/12/15 1:05 PM,48.9,52.0,32.1,45.9,,,30.31,,,,,,,,,,,,,
Back Fence,Temp & Humidity Sensor,2020/12/15 1:10 PM,47.1,49.0,28.9,43.8,,,30.3,,,,,,,,,,,,,
Back Fence,Temp & Humidity Sensor,2020/12/15 1:15 PM,49.2,51.0,31.9,46.2,,,30.3,,,,,,,,,,,,,
Back Fence,Temp & Humidity Sensor,2020/12/15 1:20 PM,50.1,47.0,30.7,47.0,,,30.29,,,,,,,,,,,,,
Back Fence,Temp & Humidity Sensor,2020/12/15 1:25 PM,46.7,48.0,28.1,43.3,,,30.29,,,,,,,,,,,,,
Back Fence,Temp & Humidity Sensor,2020/12/15 1:30 PM,45.1,50.0,27.6,41.7,,,30.29,,,,,,,,,,,,,
Back Fence,Temp & Humidity Sensor,2020/12/15 1:35 PM,45.5,51.0,28.4,42.1,,,30.3,,,,,,,,,,,,,
Back Fence,Temp & Humidity Sensor,2020/12/15 1:40 PM,47.4,52.0,30.7,44.3,,,30.29,,,,,,,,,,,,,
Back Fence,Temp & Humidity Sensor,2020/12/15 1:45 PM,46.4,52.0,29.7,43.2,,,30.29,,,,,,,,,,,,,
Back Fence,Temp & Humidity Sensor,2020/12/15 1:50 PM,46.2,52.0,29.6,43.0,,,30.29,,,,,,,,,,,,,
Back Fence,Temp & Humidity Sensor,2020/12/15 1:55 PM,47.6,51.0,30.4,44.5,,,30.29,,,,,,,,,,,,,
Back Fence,Temp & Humidity Sensor,2020/12/15 2:00 PM,46.4,51.0,29.3,43.1,,,30.29,,,,,,,,,,,,,
Back Fence,Temp & Humidity Sensor,2020/12/15 2:05 PM,46.0,50.0,28.4,42.6,,,30.29,,,,,,,,,,,,,
Back Fence,Temp & Humidity Sensor,2020/12/15 2:10 PM,46.0,51.0,28.9,42.7,,,30.29,,,,,,,,,,,,,
Back Fence,Temp & Humidity Sensor,2020/12/15 2:15 PM,48.0,51.0,30.7,44.9,,,30.29,,,,,,,,,,,,,
Back Fence,Temp & Humidity Sensor,2020/12/15 2:20 PM,46.0,51.0,28.9,42.7,,,30.28,,,,,,,,,,,,,
Back Fence,Temp & Humidity Sensor,2020/12/15 2:25 PM,44.9,51.0,27.9,41.5,,,30.28,,,,,,,,,,,,,
Back Fence,Temp & Humidity Sensor,2020/12/15 2:30 PM,44.6,51.0,27.6,41.2,,,30.27,,,,,,,,,,,,,
Back Fence,Temp & Humidity Sensor,2020/12/15 2:35 PM,44.0,51.0,27.0,40.5,,,30.27,,,,,,,,,,,,,
Back Fence,Temp & Humidity Sensor,2020/12/15 2:40 PM,43.8,52.0,27.3,40.3,,,30.27,,,,,,,,,,,,,
Back Fence,Temp & Humidity Sensor,2020/12/15 2:45 PM,44.0,51.0,27.0,40.5,,,30.27,,,,,,,,,,,,,
Back Fence,Temp & Humidity Sensor,2020/12/15 2:50 PM,43.8,52.0,27.3,40.3,,,30.27,,,,,,,,,,,,,
Back Fence,Temp & Humidity Sensor,2020/12/15 2:55 PM,43.8,52.0,27.3,40.3,,,30.27,,,,,,,,,,,,,
Back Fence,Temp & Humidity Sensor,2020/12/15 3:00 PM,44.4,51.0,27.4,40.9,,,30.27,,,,,,,,,,,,,
Back Fence,Temp & Humidity Sensor,2020/12/15 3:05 PM,44.0,51.0,27.0,40.5,,,30.27,,,,,,,,,,,,,
Back Fence,Temp & Humidity Sensor,2020/12/15 3:10 PM,43.7,52.0,27.2,40.2,,,30.26,,,,,,,,,,,,,
Back Fence,Temp & Humidity Sensor,2020/12/15 3:15 PM,43.3,52.0,26.9,39.8,,,30.26,,,,,,,,,,,,,
Back Fence,Temp & Humidity Sensor,2020/12/15 3:20 PM,42.9,52.0,26.5,39.3,,,30.26,,,,,,,,,,,,,
Back Fence,Temp & Humidity Sensor,2020/12/15 3:25 PM,42.8,53.0,26.9,39.3,,,30.25,,,,,,,,,,,,,
Back Fence,Temp & Humidity Sensor,2020/12/15 3:30 PM,42.8,54.0,27.3,39.3,,,30.25,,,,,,,,,,,,,
Back Fence,Temp & Humidity Sensor,2020/12/15 3:35 PM,42.8,54.0,27.3,39.3,,,30.25,,,,,,,,,,,,,
Back Fence,Temp & Humidity Sensor,2020/12/15 3:40 PM,42.6,55.0,27.6,39.1,,,30.25,,,,,,,,,,,,,
Back Fence,Temp & Humidity Sensor,2020/12/15 3:45 PM,42.2,56.0,27.6,38.8,,,30.25,,,,,,,,,,,,,
Back Fence,Temp & Humidity Sensor,2020/12/15 3:50 PM,42.0,55.0,27.0,38.5,,,30.25,,,,,,,,,,,,,
Back Fence,Temp & Humidity Sensor,2020/12/15 3:55 PM,42.0,56.0,27.5,38.5,,,30.25,,,,,,,,,,,,,
Back Fence,Temp & Humidity Sensor,2020/12/15 4:00 PM,42.0,57.0,27.9,38.6,,,30.25,,,,,,,,,,,,,
Back Fence,Temp & Humidity Sensor,2020/12/15 4:05 PM,41.7,57.0,27.6,38.2,,,30.25,,,,,,,,,,,,,
Back Fence,Temp & Humidity Sensor,2020/12/15 4:10 PM,41.3,57.0,27.2,37.8,,,30.25,,,,,,,,,,,,,
Back Fence,Temp & Humidity Sensor,2020/12/15 4:15 PM,41.1,57.0,27.0,37.6,,,30.25,,,,,,,,,,,,,
Back Fence,Temp & Humidity Sensor,2020/12/15 4:20 PM,40.6,59.0,27.4,37.1,,,30.25,,,,,,,,,,,,,
Back Fence,Temp & Humidity Sensor,2020/12/15 4:25 PM,40.6,59.0,27.4,37.1,,,30.26,,,,,,,,,,,,,
Back Fence,Temp & Humidity Sensor,2020/12/15 4:30 PM,40.2,60.0,27.4,36.7,,,30.25,,,,,,,,,,,,,
Back Fence,Temp & Humidity Sensor,2020/12/15 4:35 PM,39.9,60.0,27.2,39.9,,,30.25,,,,,,,,,,,,,
Back Fence,Temp & Humidity Sensor,2020/12/15 4:40 PM,39.5,60.0,26.8,39.5,,,30.25,,,,,,,,,,,,,
Back Fence,Temp & Humidity Sensor,2020/12/15 4:45 PM,39.2,60.0,26.5,39.2,,,30.26,,,,,,,,,,,,,
Back Fence,Temp & Humidity Sensor,2020/12/15 4:50 PM,39.0,61.0,26.7,39.0,,,30.26,,,,,,,,,,,,,
Back Fence,Temp & Humidity Sensor,2020/12/15 4:55 PM,38.6,62.0,26.7,38.6,,,30.26,,,,,,,,,,,,,
Back Fence,Temp & Humidity Sensor,2020/12/15 5:00 PM,38.4,62.0,26.5,38.4,,,30.26,,,,,,,,,,,,,
Back Fence,Temp & Humidity Sensor,2020/12/15 5:05 PM,38.4,62.0,26.5,38.4,,,30.26,,,,,,,,,,,,,
Back Fence,Temp & Humidity Sensor,2020/12/15 5:10 PM,38.3,63.0,26.8,38.3,,,30.26,,,,,,,,,,,,,
Back Fence,Temp & Humidity Sensor,2020/12/15 5:15 PM,37.7,64.0,26.6,37.7,,,30.27,,,,,,,,,,,,,
Back Fence,Temp & Humidity Sensor,2020/12/15 5:20 PM,37.4,65.0,26.7,37.4,,,30.26,,,,,,,,,,,,,
Back Fence,Temp & Humidity Sensor,2020/12/15 5:25 PM,37.2,68.0,27.6,37.2,,,30.26,,,,,,,,,,,,,
Back Fence,Temp & Humidity Sensor,2020/12/15 5:30 PM,36.6,68.0,27.1,36.6,,,30.26,,,,,,,,,,,,,
Back Fence,Temp & Humidity Sensor,2020/12/15 5:35 PM,36.6,69.0,27.4,36.6,,,30.26,,,,,,,,,,,,,
Back Fence,Temp & Humidity Sensor,2020/12/15 5:40 PM,36.8,71.0,28.3,36.8,,,30.26,,,,,,,,,,,,,
Back Fence,Temp & Humidity Sensor,2020/12/15 5:45 PM,36.6,74.0,29.1,36.6,,,30.27,,,,,,,,,,,,,
Back Fence,Temp & Humidity Sensor,2020/12/15 5:50 PM,36.3,75.0,29.1,36.3,,,30.27,,,,,,,,,,,,,
Back Fence,Temp & Humidity Sensor,2020/12/15 5:55 PM,35.7,74.0,28.2,35.7,,,30.27,,,,,,,,,,,,,
Back Fence,Temp & Humidity Sensor,2020/12/15 6:00 PM,36.1,73.0,28.3,36.1,,,30.27,,,,,,,,,,,,,
Back Fence,Temp & Humidity Sensor,2020/12/15 6:05 PM,35.6,73.0,27.8,35.6,,,30.27,,,,,,,,,,,,,
Back Fence,Temp & Humidity Sensor,2020/12/15 6:10 PM,35.6,73.0,27.8,35.6,,,30.28,,,,,,,,,,,,,
Back Fence,Temp & Humidity Sensor,2020/12/15 6:15 PM,35.6,73.0,27.8,35.6,,,30.27,,,,,,,,,,,,,
Back Fence,Temp & Humidity Sensor,2020/12/15 6:20 PM,34.8,74.0,27.4,34.8,,,30.27,,,,,,,,,,,,,
Back Fence,Temp & Humidity Sensor,2020/12/15 6:25 PM,35.0,74.0,27.6,35.0,,,30.27,,,,,,,,,,,,,
Back Fence,Temp & Humidity Sensor,2020/12/15 6:30 PM,35.0,77.0,28.5,35.0,,,30.27,,,,,,,,,,,,,
Back Fence,Temp & Humidity Sensor,2020/12/15 6:35 PM,34.5,76.0,27.7,34.5,,,30.26,,,,,,,,,,,,,
Back Fence,Temp & Humidity Sensor,2020/12/15 6:40 PM,34.5,75.0,27.4,34.5,,,30.26,,,,,,,,,,,,,
Back Fence,Temp & Humidity Sensor,2020/12/15 6:45 PM,34.8,75.0,27.7,34.8,,,30.27,,,,,,,,,,,,,
Back Fence,Temp & Humidity Sensor,2020/12/15 6:50 PM,35.2,74.0,27.8,35.2,,,30.27,,,,,,,,,,,,,
Back Fence,Temp & Humidity Sensor,2020/12/15 6:55 PM,34.8,74.0,27.4,34.8,,,30.28,,,,,,,,,,,,,
Back Fence,Temp & Humidity Sensor,2020/12/15 7:00 PM,34.3,75.0,27.2,34.3,,,30.28,,,,,,,,,,,,,
Back Fence,Temp & Humidity Sensor,2020/12/15 7:05 PM,34.3,80.0,28.8,34.3,,,30.29,,,,,,,,,,,,,
Back Fence,Temp & Humidity Sensor,2020/12/15 7:10 PM,34.1,80.0,28.6,34.1,,,30.29,,,,,,,,,,,,,
Back Fence,Temp & Humidity Sensor,2020/12/15 7:15 PM,33.9,82.0,29.0,33.9,,,30.28,,,,,,,,,,,,,
Back Fence,Temp & Humidity Sensor,2020/12/15 7:20 PM,33.9,83.0,29.3,33.9,,,30.28,,,,,,,,,,,,,
Back Fence,Temp & Humidity Sensor,2020/12/15 7:25 PM,33.6,82.0,28.7,33.6,,,30.28,,,,,,,,,,,,,
Back Fence,Temp & Humidity Sensor,2020/12/15 7:30 PM,33.2,81.0,28.0,33.2,,,30.28,,,,,,,,,,,,,
Back Fence,Temp & Humidity Sensor,2020/12/15 7:35 PM,33.0,81.0,27.8,33.0,,,30.28,,,,,,,,,,,,,
Back Fence,Temp & Humidity Sensor,2020/12/15 7:40 PM,32.9,81.0,27.7,32.9,,,30.28,,,,,,,,,,,,,
Back Fence,Temp & Humidity Sensor,2020/12/15 7:45 PM,32.9,81.0,27.7,32.9,,,30.28,,,,,,,,,,,,,
Back Fence,Temp & Humidity Sensor,2020/12/15 7:50 PM,32.9,82.0,28.0,32.9,,,30.27,,,,,,,,,,,,,
Back Fence,Temp & Humidity Sensor,2020/12/15 7:55 PM,32.9,81.0,27.7,32.9,,,30.26,,,,,,,,,,,,,
Back Fence,Temp & Humidity Sensor,2020/12/15 8:00 PM,32.7,81.0,27.5,32.7,,,30.26,,,,,,,,,,,,,
Back Fence,Temp & Humidity Sensor,2020/12/15 8:05 PM,33.4,82.0,28.5,33.4,,,30.25,,,,,,,,,,,,,
Back Fence,Temp & Humidity Sensor,2020/12/15 8:10 PM,33.6,81.0,28.4,33.6,,,30.26,,,,,,,,,,,,,
Back Fence,Temp & Humidity Sensor,2020/12/15 8:15 PM,33.0,80.0,27.5,33.0,,,30.26,,,,,,,,,,,,,
Back Fence,Temp & Humidity Sensor,2020/12/15 8:20 PM,33.0,81.0,27.8,33.0,,,30.26,,,,,,,,,,,,,
Back Fence,Temp & Humidity Sensor,2020/12/15 8:25 PM,32.9,80.0,27.4,32.9,,,30.26,,,,,,,,,,,,,
Back Fence,Temp & Humidity Sensor,2020/12/15 8:30 PM,32.9,80.0,27.4,32.9,,,30.27,,,,,,,,,,,,,
Back Fence,Temp & Humidity Sensor,2020/12/15 8:35 PM,33.0,80.0,27.5,33.0,,,30.27,,,,,,,,,,,,,
Back Fence,Temp & Humidity Sensor,2020/12/15 8:40 PM,33.2,80.0,27.7,33.2,,,30.28,,,,,,,,,,,,,
Back Fence,Temp & Humidity Sensor,2020/12/15 8:45 PM,33.2,79.0,27.4,33.2,,,30.28,,,,,,,,,,,,,
Back Fence,Temp & Humidity Sensor,2020/12/15 8:50 PM,32.9,79.0,27.1,32.9,,,30.28,,,,,,,,,,,,,
Back Fence,Temp & Humidity Sensor,2020/12/15 8:55 PM,32.9,81.0,27.7,32.9,,,30.26,,,,,,,,,,,,,
Back Fence,Temp & Humidity Sensor,2020/12/15 9:00 PM,33.0,82.0,28.1,33.0,,,30.26,,,,,,,,,,,,,
Back Fence,Temp & Humidity Sensor,2020/12/15 9:05 PM,33.0,82.0,28.1,33.0,,,30.26,,,,,,,,,,,,,
Back Fence,Temp & Humidity Sensor,2020/12/15 9:10 PM,32.9,82.0,28.0,32.9,,,30.26,,,,,,,,,,,,,
Back Fence,Temp & Humidity Sensor,2020/12/15 9:15 PM,32.9,82.0,28.0,32.9,,,30.25,,,,,,,,,,,,,
Back Fence,Temp & Humidity Sensor,2020/12/15 9:20 PM,32.9,82.0,28.0,32.9,,,30.26,,,,,,,,,,,,,
Back Fence,Temp & Humidity Sensor,2020/12/15 9:25 PM,32.9,82.0,28.0,32.9,,,30.25,,,,,,,,,,,,,
Back Fence,Temp & Humidity Sensor,2020/12/15 9:30 PM,33.0,81.0,27.8,33.0,,,30.25,,,,,,,,,,,,,
Back Fence,Temp & Humidity Sensor,2020/12/15 9:35 PM,33.2,81.0,28.0,33.2,,,30.25,,,,,,,,,,,,,
Back Fence,Temp & Humidity Sensor,2020/12/15 9:40 PM,33.6,80.0,28.1,33.6,,,30.25,,,,,,,,,,,,,
Back Fence,Temp & Humidity Sensor,2020/12/15 9:45 PM,33.6,79.0,27.8,33.6,,,30.25,,,,,,,,,,,,,
Back Fence,Temp & Humidity Sensor,2020/12/15 9:50 PM,33.6,80.0,28.1,33.6,,,30.25,,,,,,,,,,,,,
Back Fence,Temp & Humidity Sensor,2020/12/15 9:55 PM,33.6,80.0,28.1,33.6,,,30.26,,,,,,,,,,,,,
Back Fence,Temp & Humidity Sensor,2020/12/15 10:00 PM,33.6,81.0,28.4,33.6,,,30.26,,,,,,,,,,,,,
Back Fence,Temp & Humidity Sensor,2020/12/15 10:05 PM,33.4,82.0,28.5,33.4,,,30.26,,,,,,,,,,,,,
Back Fence,Temp & Humidity Sensor,2020/12/15 10:10 PM,33.8,83.0,29.2,33.8,,,30.25,,,,,,,,,,,,,
Back Fence,Temp & Humidity Sensor,2020/12/15 10:15 PM,33.8,82.0,28.9,33.8,,,30.25,,,,,,,,,,,,,
Back Fence,Temp & Humidity Sensor,2020/12/15 10:20 PM,33.8,83.0,29.2,33.8,,,30.24,,,,,,,,,,,,,
Back Fence,Temp & Humidity Sensor,2020/12/15 10:25 PM,34.5,82.0,29.6,34.5,,,30.24,,,,,,,,,,,,,
Back Fence,Temp & Humidity Sensor,2020/12/15 10:30 PM,35.0,83.0,30.4,35.0,,,30.25,,,,,,,,,,,,,
Back Fence,Temp & Humidity Sensor,2020/12/15 10:35 PM,35.6,81.0,30.4,35.6,,,30.25,,,,,,,,,,,,,
Back Fence,Temp & Humidity Sensor,2020/12/15 10:40 PM,35.7,78.0,29.5,35.7,,,30.26,,,,,,,,,,,,,
Back Fence,Temp & Humidity Sensor,2020/12/15 10:45 PM,35.7,79.0,29.8,35.7,,,30.24,,,,,,,,,,,,,
Back Fence,Temp & Humidity Sensor,2020/12/15 10:50 PM,36.1,76.0,29.3,36.1,,,30.24,,,,,,,,,,,,,
Back Fence,Temp & Humidity Sensor,2020/12/15 10:55 PM,36.1,75.0,29.0,36.1,,,30.25,,,,,,,,,,,,,
Back Fence,Temp & Humidity Sensor,2020/12/15 11:00 PM,36.1,76.0,29.3,36.1,,,30.25,,,,,,,,,,,,,
Back Fence,Temp & Humidity Sensor,2020/12/15 11:05 PM,36.1,77.0,29.6,36.1,,,30.25,,,,,,,,,,,,,
Back Fence,Temp & Humidity Sensor,2020/12/15 11:10 PM,36.1,77.0,29.6,36.1,,,30.26,,,,,,,,,,,,,
Back Fence,Temp & Humidity Sensor,2020/12/15 11:15 PM,36.1,76.0,29.3,36.1,,,30.25,,,,,,,,,,,,,
Back Fence,Temp & Humidity Sensor,2020/12/15 11:20 PM,36.1,77.0,29.6,36.1,,,30.26,,,,,,,,,,,,,
Back Fence,Temp & Humidity Sensor,2020/12/15 11:25 PM,36.1,77.0,29.6,36.1,,,30.26,,,,,,,,,,,,,
Back Fence,Temp & Humidity Sensor,2020/12/15 11:30 PM,36.1,76.0,29.3,36.1,,,30.25,,,,,,,,,,,,,
Back Fence,Temp & Humidity Sensor,2020/12/15 11:35 PM,36.3,76.0,29.5,36.3,,,30.25,,,,,,,,,,,,,
Back Fence,Temp & Humidity Sensor,2020/12/15 11:40 PM,36.3,76.0,29.5,36.3,,,30.25,,,,,,,,,,,,,
Back Fence,Temp & Humidity Sensor,2020/12/15 11:45 PM,36.5,77.0,30.0,36.5,,,30.24,,,,,,,,,,,,,
Back Fence,Temp & Humidity Sensor,2020/12/15 11:50 PM,36.5,76.0,29.7,36.5,,,30.25,,,,,,,,,,,,,
Back Fence,Temp & Humidity Sensor,2020/12/15 11:55 PM,36.5,77.0,30.0,36.5,,,30.24,,,,,,,,,,,,,
Back Fence,Temp & Humidity Sensor,2020/12/16 12:00 AM,36.3,76.0,29.5,36.3,,,30.24,,,,,,,,,,,,,
Back Fence,Temp & Humidity Sensor,2020/12/16 12:05 AM,36.3,76.0,29.5,36.3,,,30.23,,,,,,,,,,,,,
Back Fence,Temp & Humidity Sensor,2020/12/16 12:10 AM,36.3,76.0,29.5,36.3,,,30.23,,,,,,,,,,,,,
Back Fence,Temp & Humidity Sensor,2020/12/16 12:20 AM,36.3,76.0,29.5,36.3,,,30.24,,,,,,,,,,,,,
Back Fence,Temp & Humidity Sensor,2020/12/16 12:25 AM,36.5,76.0,29.7,36.5,,,30.25,,,,,,,,,,,,,
Back Fence,Temp & Humidity Sensor,2020/12/16 12:30 AM,36.3,74.0,28.8,36.3,,,30.25,,,,,,,,,,,,,
Back Fence,Temp & Humidity Sensor,2020/12/16 12:35 AM,36.5,75.0,29.3,36.5,,,30.25,,,,,,,,,,,,,
Back Fence,Temp & Humidity Sensor,2020/12/16 12:40 AM,36.5,75.0,29.3,36.5,,,30.24,,,,,,,,,,,,,
Back Fence,Temp & Humidity Sensor,2020/12/16 12:45 AM,36.3,74.0,28.8,36.3,,,30.23,,,,,,,,,,,,,
Back Fence,Temp & Humidity Sensor,2020/12/16 12:50 AM,36.3,74.0,28.8,36.3,,,30.24,,,,,,,,,,,,,
Back Fence,Temp & Humidity Sensor,2020/12/16 12:55 AM,36.3,74.0,28.8,36.3,,,30.24,,,,,,,,,,,,,
Back Fence,Temp & Humidity Sensor,2020/12/16 1:00 AM,36.3,74.0,28.8,36.3,,,30.24,,,,,,,,,,,,,
Back Fence,Temp & Humidity Sensor,2020/12/16 1:05 AM,36.3,74.0,28.8,36.3,,,30.24,,,,,,,,,,,,,
Back Fence,Temp & Humidity Sensor,2020/12/16 1:10 AM,36.3,75.0,29.1,36.3,,,30.23,,,,,,,,,,,,,
Back Fence,Temp & Humidity Sensor,2020/12/16 1:15 AM,36.3,75.0,29.1,36.3,,,30.21,,,,,,,,,,,,,
Back Fence,Temp & Humidity Sensor,2020/12/16 1:20 AM,36.3,75.0,29.1,36.3,,,30.22,,,,,,,,,,,,,
Back Fence,Temp & Humidity Sensor,2020/12/16 1:25 AM,36.3,75.0,29.1,36.3,,,30.22,,,,,,,,,,,,,
Back Fence,Temp & Humidity Sensor,2020/12/16 1:30 AM,36.3,74.0,28.8,36.3,,,30.21,,,,,,,,,,,,,
Back Fence,Temp & Humidity Sensor,2020/12/16 1:35 AM,36.3,74.0,28.8,36.3,,,30.21,,,,,,,,,,,,,
Back Fence,Temp & Humidity Sensor,2020/12/16 1:40 AM,36.3,75.0,29.1,36.3,,,30.21,,,,,,,,,,,,,
Back Fence,Temp & Humidity Sensor,2020/12/16 1:45 AM,36.3,75.0,29.1,36.3,,,30.2,,,,,,,,,,,,,
Back Fence,Temp & Humidity Sensor,2020/12/16 1:50 AM,36.1,74.0,28.6,36.1,,,30.2,,,,,,,,,,,,,
Back Fence,Temp & Humidity Sensor,2020/12/16 1:55 AM,36.3,75.0,29.1,36.3,,,30.2,,,,,,,,,,,,,
Back Fence,Temp & Humidity Sensor,2020/12/16 2:00 AM,36.1,75.0,29.0,36.1,,,30.2,,,,,,,,,,,,,
Back Fence,Temp & Humidity Sensor,2020/12/16 2:05 AM,36.1,75.0,29.0,36.1,,,30.2,,,,,,,,,,,,,
Back Fence,Temp & Humidity Sensor,2020/12/16 2:10 AM,36.1,75.0,29.0,36.1,,,30.21,,,,,,,,,,,,,
Back Fence,Temp & Humidity Sensor,2020/12/16 2:15 AM,36.1,75.0,29.0,36.1,,,30.21,,,,,,,,,,,,,
Back Fence,Temp & Humidity Sensor,2020/12/16 2:20 AM,35.9,74.0,28.4,35.9,,,30.21,,,,,,,,,,,,,
Back Fence,Temp & Humidity Sensor,2020/12/16 2:25 AM,35.9,74.0,28.4,35.9,,,30.21,,,,,,,,,,,,,
Back Fence,Temp & Humidity Sensor,2020/12/16 2:30 AM,35.7,78.0,29.5,35.7,,,30.21,,,,,,,,,,,,,
Back Fence,Temp & Humidity Sensor,2020/12/16 2:35 AM,35.6,77.0,29.1,35.6,,,30.22,,,,,,,,,,,,,
Back Fence,Temp & Humidity Sensor,2020/12/16 2:40 AM,35.6,78.0,29.4,35.6,,,30.23,,,,,,,,,,,,,
Back Fence,Temp & Humidity Sensor,2020/12/16 2:50 AM,35.6,77.0,29.1,35.6,,,30.23,,,,,,,,,,,,,
Back Fence,Temp & Humidity Sensor,2020/12/16 2:55 AM,35.6,76.0,28.8,35.6,,,30.21,,,,,,,,,,,,,
Back Fence,Temp & Humidity Sensor,2020/12/16 3:00 AM,35.7,77.0,29.2,35.7,,,30.22,,,,,,,,,,,,,
Back Fence,Temp & Humidity Sensor,2020/12/16 3:05 AM,35.7,76.0,28.9,35.7,,,30.21,,,,,,,,,,,,,
Back Fence,Temp & Humidity Sensor,2020/12/16 3:10 AM,35.7,77.0,29.2,35.7,,,30.21,,,,,,,,,,,,,
Back Fence,Temp & Humidity Sensor,2020/12/16 3:15 AM,35.7,76.0,28.9,35.7,,,30.22,,,,,,,,,,,,,
Back Fence,Temp & Humidity Sensor,2020/12/16 3:20 AM,35.7,77.0,29.2,35.7,,,30.22,,,,,,,,,,,,,
Back Fence,Temp & Humidity Sensor,2020/12/16 3:25 AM,35.7,77.0,29.2,35.7,,,30.2,,,,,,,,,,,,,
Back Fence,Temp & Humidity Sensor,2020/12/16 3:30 AM,35.7,78.0,29.5,35.7,,,30.21,,,,,,,,,,,,,
Back Fence,Temp & Humidity Sensor,2020/12/16 3:35 AM,35.7,78.0,29.5,35.7,,,30.2,,,,,,,,,,,,,
Back Fence,Temp & Humidity Sensor,2020/12/16 3:40 AM,35.6,80.0,30.1,35.6,,,30.19,,,,,,,,,,,,,
Back Fence,Temp & Humidity Sensor,2020/12/16 3:45 AM,35.4,80.0,29.9,35.4,,,30.19,,,,,,,,,,,,,
Back Fence,Temp & Humidity Sensor,2020/12/16 3:50 AM,35.2,81.0,30.0,35.2,,,30.19,,,,,,,,,,,,,
Back Fence,Temp & Humidity Sensor,2020/12/16 3:55 AM,35.0,83.0,30.4,35.0,,,30.18,,,,,,,,,,,,,
Back Fence,Temp & Humidity Sensor,2020/12/16 4:00 AM,35.0,84.0,30.7,35.0,,,30.17,,,,,,,,,,,,,
Back Fence,Temp & Humidity Sensor,2020/12/16 4:05 AM,35.2,84.0,30.9,35.2,,,30.17,,,,,,,,,,,,,
Back Fence,Temp & Humidity Sensor,2020/12/16 4:10 AM,35.4,83.0,30.8,35.4,,,30.17,,,,,,,,,,,,,
Back Fence,Temp & Humidity Sensor,2020/12/16 4:15 AM,35.6,83.0,31.0,35.6,,,30.17,,,,,,,,,,,,,
Back Fence,Temp & Humidity Sensor,2020/12/16 4:20 AM,35.6,82.0,30.7,35.6,,,30.16,,,,,,,,,,,,,
Back Fence,Temp & Humidity Sensor,2020/12/16 4:25 AM,35.6,82.0,30.7,35.6,,,30.17,,,,,,,,,,,,,
Back Fence,Temp & Humidity Sensor,2020/12/16 4:30 AM,35.7,81.0,30.5,35.7,,,30.18,,,,,,,,,,,,,
Back Fence,Temp & Humidity Sensor,2020/12/16 4:35 AM,35.7,81.0,30.5,35.7,,,30.17,,,,,,,,,,,,,
Back Fence,Temp & Humidity Sensor,2020/12/16 4:40 AM,35.7,81.0,30.5,35.7,,,30.17,,,,,,,,,,,,,
Back Fence,Temp & Humidity Sensor,2020/12/16 4:45 AM,35.9,81.0,30.6,35.9,,,30.17,,,,,,,,,,,,,
Back Fence,Temp & Humidity Sensor,2020/12/16 4:50 AM,35.9,81.0,30.6,35.9,,,30.17,,,,,,,,,,,,,
Back Fence,Temp & Humidity Sensor,2020/12/16 4:55 AM,35.9,81.0,30.6,35.9,,,30.17,,,,,,,,,,,,,
Back Fence,Temp & Humidity Sensor,2020/12/16 5:00 AM,35.9,81.0,30.6,35.9,,,30.16,,,,,,,,,,,,,
Back Fence,Temp & Humidity Sensor,2020/12/16 5:05 AM,35.9,81.0,30.6,35.9,,,30.15,,,,,,,,,,,,,
Back Fence,Temp & Humidity Sensor,2020/12/16 5:10 AM,35.9,80.0,30.3,35.9,,,30.16,,,,,,,,,,,,,
Back Fence,Temp & Humidity Sensor,2020/12/16 5:15 AM,35.9,81.0,30.6,35.9,,,30.15,,,,,,,,,,,,,
Back Fence,Temp & Humidity Sensor,2020/12/16 5:20 AM,35.9,81.0,30.6,35.9,,,30.15,,,,,,,,,,,,,
Back Fence,Temp & Humidity Sensor,2020/12/16 5:25 AM,35.9,81.0,30.6,35.9,,,30.15,,,,,,,,,,,,,
Back Fence,Temp & Humidity Sensor,2020/12/16 5:30 AM,35.9,80.0,30.3,35.9,,,30.15,,,,,,,,,,,,,
Back Fence,Temp & Humidity Sensor,2020/12/16 5:35 AM,35.7,81.0,30.5,35.7,,,30.15,,,,,,,,,,,,,
Back Fence,Temp & Humidity Sensor,2020/12/16 5:40 AM,35.6,82.0,30.7,35.6,,,30.15,,,,,,,,,,,,,
Back Fence,Temp & Humidity Sensor,2020/12/16 5:45 AM,35.4,85.0,31.3,35.4,,,30.14,,,,,,,,,,,,,
Back Fence,Temp & Humidity Sensor,2020/12/16 5:50 AM,35.2,87.0,31.7,35.2,,,30.14,,,,,,,,,,,,,
Back Fence,Temp & Humidity Sensor,2020/12/16 5:55 AM,35.0,87.0,31.5,35.0,,,30.14,,,,,,,,,,,,,
Back Fence,Temp & Humidity Sensor,2020/12/16 6:00 AM,34.8,88.0,31.6,34.8,,,30.13,,,,,,,,,,,,,
Back Fence,Temp & Humidity Sensor,2020/12/16 6:05 AM,34.7,91.0,32.3,34.7,,,30.13,,,,,,,,,,,,,
Back Fence,Temp & Humidity Sensor,2020/12/16 6:10 AM,34.7,92.0,32.6,34.7,,,30.12,,,,,,,,,,,,,
Back Fence,Temp & Humidity Sensor,2020/12/16 6:15 AM,34.5,92.0,32.4,34.5,,,30.12,,,,,,,,,,,,,
Back Fence,Temp & Humidity Sensor,2020/12/16 6:20 AM,34.3,93.0,32.5,34.3,,,30.12,,,,,,,,,,,,,
Back Fence,Temp & Humidity Sensor,2020/12/16 6:25 AM,34.3,92.0,32.2,34.3,,,30.11,,,,,,,,,,,,,
Back Fence,Temp & Humidity Sensor,2020/12/16 6:30 AM,34.3,93.0,32.5,34.3,,,30.11,,,,,,,,,,,,,
Back Fence,Temp & Humidity Sensor,2020/12/16 6:35 AM,34.1,93.0,32.3,34.1,,,30.1,,,,,,,,,,,,,
Back Fence,Temp & Humidity Sensor,2020/12/16 6:40 AM,34.1,94.0,32.6,34.1,,,30.11,,,,,,,,,,,,,
Back Fence,Temp & Humidity Sensor,2020/12/16 6:45 AM,33.9,95.0,32.6,33.9,,,30.11,,,,,,,,,,,,,
Back Fence,Temp & Humidity Sensor,2020/12/16 6:50 AM,33.9,95.0,32.6,33.9,,,30.11,,,,,,,,,,,,,
Back Fence,Temp & Humidity Sensor,2020/12/16 6:55 AM,33.9,96.0,32.9,33.9,,,30.11,,,,,,,,,,,,,
Back Fence,Temp & Humidity Sensor,2020/12/16 7:00 AM,33.9,96.0,32.9,33.9,,,30.11,,,,,,,,,,,,,
Back Fence,Temp & Humidity Sensor,2020/12/16 7:05 AM,33.9,96.0,32.9,33.9,,,30.11,,,,,,,,,,,,,
Back Fence,Temp & Humidity Sensor,2020/12/16 7:10 AM,33.9,97.0,33.1,33.9,,,30.11,,,,,,,,,,,,,
Back Fence,Temp & Humidity Sensor,2020/12/16 7:15 AM,33.9,97.0,33.1,33.9,,,30.12,,,,,,,,,,,,,
Back Fence,Temp & Humidity Sensor,2020/12/16 7:20 AM,33.9,96.0,32.9,33.9,,,30.12,,,,,,,,,,,,,
Back Fence,Temp & Humidity Sensor,2020/12/16 7:25 AM,34.1,97.0,33.3,34.1,,,30.13,,,,,,,,,,,,,
Back Fence,Temp & Humidity Sensor,2020/12/16 7:30 AM,33.9,97.0,33.1,33.9,,,30.12,,,,,,,,,,,,,
Back Fence,Temp & Humidity Sensor,2020/12/16 7:35 AM,34.1,98.0,33.6,34.1,,,30.11,,,,,,,,,,,,,
Back Fence,Temp & Humidity Sensor,2020/12/16 7:40 AM,34.1,98.0,33.6,34.1,,,30.11,,,,,,,,,,,,,
Back Fence,Temp & Humidity Sensor,2020/12/16 7:45 AM,34.1,98.0,33.6,34.1,,,30.11,,,,,,,,,,,,,
Back Fence,Temp & Humidity Sensor,2020/12/16 7:50 AM,34.1,98.0,33.6,34.1,,,30.11,,,,,,,,,,,,,
Back Fence,Temp & Humidity Sensor,2020/12/16 7:55 AM,34.1,98.0,33.6,34.1,,,30.1,,,,,,,,,,,,,
Back Fence,Temp & Humidity Sensor,2020/12/16 8:00 AM,34.1,98.0,33.6,34.1,,,30.11,,,,,,,,,,,,,
Back Fence,Temp & Humidity Sensor,2020/12/16 8:05 AM,34.1,98.0,33.6,34.1,,,30.11,,,,,,,,,,,,,
Back Fence,Temp & Humidity Sensor,2020/12/16 8:10 AM,34.1,98.0,33.6,34.1,,,30.11,,,,,,,,,,,,,
Back Fence,Temp & Humidity Sensor,2020/12/16 8:15 AM,34.3,98.0,33.8,34.3,,,30.11,,,,,,,,,,,,,
Back Fence,Temp & Humidity Sensor,2020/12/16 8:20 AM,34.3,99.0,34.0,34.3,,,30.1,,,,,,,,,,,,,
Back Fence,Temp & Humidity Sensor,2020/12/16 8:25 AM,34.3,99.0,34.0,34.3,,,30.1,,,,,,,,,,,,,
Back Fence,Temp & Humidity Sensor,2020/12/16 8:30 AM,34.5,99.0,34.2,34.5,,,30.09,,,,,,,,,,,,,
Back Fence,Temp & Humidity Sensor,2020/12/16 8:35 AM,34.5,99.0,34.2,34.5,,,30.08,,,,,,,,,,,,,
Back Fence,Temp & Humidity Sensor,2020/12/16 8:40 AM,34.7,99.0,34.4,34.7,,,30.07,,,,,,,,,,,,,
Back Fence,Temp & Humidity Sensor,2020/12/16 8:45 AM,34.8,99.0,34.5,34.8,,,30.07,,,,,,,,,,,,,
Back Fence,Temp & Humidity Sensor,2020/12/16 8:50 AM,34.8,99.0,34.5,34.8,,,30.06,,,,,,,,,,,,,
Back Fence,Temp & Humidity Sensor,2020/12/16 8:55 AM,34.8,99.0,34.5,34.8,,,30.05,,,,,,,,,,,,,
Back Fence,Temp & Humidity Sensor,2020/12/16 9:00 AM,34.8,99.0,34.5,34.8,,,30.05,,,,,,,,,,,,,
Back Fence,Temp & Humidity Sensor,2020/12/16 9:05 AM,34.8,99.0,34.5,34.8,,,30.05,,,,,,,,,,,,,
Back Fence,Temp & Humidity Sensor,2020/12/16 9:10 AM,34.8,99.0,34.5,34.8,,,30.05,,,,,,,,,,,,,
Back Fence,Temp & Humidity Sensor,2020/12/16 9:15 AM,35.0,99.0,34.7,35.0,,,30.05,,,,,,,,,,,,,
Back Fence,Temp & Humidity Sensor,2020/12/16 9:20 AM,35.0,99.0,34.7,35.0,,,30.06,,,,,,,,,,,,,
Back Fence,Temp & Humidity Sensor,2020/12/16 9:25 AM,35.0,99.0,34.7,35.0,,,30.07,,,,,,,,,,,,,
Back Fence,Temp & Humidity Sensor,2020/12/16 9:30 AM,35.0,99.0,34.7,35.0,,,30.08,,,,,,,,,,,,,
Back Fence,Temp & Humidity Sensor,2020/12/16 9:35 AM,35.2,99.0,34.9,35.2,,,30.08,,,,,,,,,,,,,
Back Fence,Temp & Humidity Sensor,2020/12/16 9:40 AM,35.2,99.0,34.9,35.2,,,30.07,,,,,,,,,,,,,
Back Fence,Temp & Humidity Sensor,2020/12/16 9:45 AM,35.2,99.0,34.9,35.2,,,30.08,,,,,,,,,,,,,
Back Fence,Temp & Humidity Sensor,2020/12/16 9:50 AM,35.2,99.0,34.9,35.2,,,30.07,,,,,,,,,,,,,
Back Fence,Temp & Humidity Sensor,2020/12/16 9:55 AM,35.2,99.0,34.9,35.2,,,30.06,,,,,,,,,,,,,
Back Fence,Temp & Humidity Sensor,2020/12/16 10:00 AM,35.4,99.0,35.1,35.4,,,30.04,,,,,,,,,,,,,
Back Fence,Temp & Humidity Sensor,2020/12/16 10:05 AM,35.4,99.0,35.1,35.4,,,30.03,,,,,,,,,,,,,
Back Fence,Temp & Humidity Sensor,2020/12/16 10:10 AM,35.4,99.0,35.1,35.4,,,30.04,,,,,,,,,,,,,
Back Fence,Temp & Humidity Sensor,2020/12/16 10:15 AM,35.6,99.0,35.3,35.6,,,30.03,,,,,,,,,,,,,
Back Fence,Temp & Humidity Sensor,2020/12/16 10:20 AM,35.6,99.0,35.3,35.6,,,30.02,,,,,,,,,,,,,
Back Fence,Temp & Humidity Sensor,2020/12/16 10:25 AM,35.7,99.0,35.4,35.7,,,30.01,,,,,,,,,,,,,
Back Fence,Temp & Humidity Sensor,2020/12/16 10:30 AM,35.7,99.0,35.4,35.7,,,30.0,,,,,,,,,,,,,
Back Fence,Temp & Humidity Sensor,2020/12/16 10:35 AM,35.7,99.0,35.4,35.7,,,30.0,,,,,,,,,,,,,
Back Fence,Temp & Humidity Sensor,2020/12/16 10:40 AM,35.7,99.0,35.4,35.7,,,29.99,,,,,,,,,,,,,
Back Fence,Temp & Humidity Sensor,2020/12/16 10:45 AM,35.9,99.0,35.6,35.9,,,29.98,,,,,,,,,,,,,
Back Fence,Temp & Humidity Sensor,2020/12/16 10:50 AM,35.9,99.0,35.6,35.9,,,29.99,,,,,,,,,,,,,
Back Fence,Temp & Humidity Sensor,2020/12/16 10:55 AM,35.9,99.0,35.6,35.9,,,29.99,,,,,,,,,,,,,
Back Fence,Temp & Humidity Sensor,2020/12/16 11:00 AM,35.9,99.0,35.6,35.9,,,29.98,,,,,,,,,,,,,
Back Fence,Temp & Humidity Sensor,2020/12/16 11:05 AM,36.1,99.0,35.8,36.1,,,29.97,,,,,,,,,,,,,
Back Fence,Temp & Humidity Sensor,2020/12/16 11:10 AM,36.3,99.0,36.0,36.3,,,29.95,,,,,,,,,,,,,
Back Fence,Temp & Humidity Sensor,2020/12/16 11:15 AM,36.5,99.0,36.2,36.5,,,29.95,,,,,,,,,,,,,
Back Fence,Temp & Humidity Sensor,2020/12/16 11:20 AM,36.3,99.0,36.0,36.3,,,29.95,,,,,,,,,,,,,
Back Fence,Temp & Humidity Sensor,2020/12/16 11:25 AM,36.3,99.0,36.0,36.3,,,29.94,,,,,,,,,,,,,
Back Fence,Temp & Humidity Sensor,2020/12/16 11:30 AM,36.5,99.0,36.2,36.5,,,29.95,,,,,,,,,,,,,
Back Fence,Temp & Humidity Sensor,2020/12/16 11:35 AM,36.5,99.0,36.2,36.5,,,29.95,,,,,,,,,,,,,
Back Fence,Temp & Humidity Sensor,2020/12/16 11:40 AM,36.5,99.0,36.2,36.5,,,29.94,,,,,,,,,,,,,
Back Fence,Temp & Humidity Sensor,2020/12/16 11:45 AM,36.6,99.0,36.3,36.6,,,29.94,,,,,,,,,,,,,
Back Fence,Temp & Humidity Sensor,2020/12/16 11:50 AM,36.5,99.0,36.2,36.5,,,29.94,,,,,,,,,,,,,
Back Fence,Temp & Humidity Sensor,2020/12/16 11:55 AM,36.6,99.0,36.3,36.6,,,29.94,,,,,,,,,,,,,
Back Fence,Temp & Humidity Sensor,2020/12/16 12:00 PM,36.6,99.0,36.3,36.6,,,29.94,,,,,,,,,,,,,
Back Fence,Temp & Humidity Sensor,2020/12/16 12:05 PM,36.6,99.0,36.3,36.6,,,29.93,,,,,,,,,,,,,
Back Fence,Temp & Humidity Sensor,2020/12/16 12:10 PM,36.8,99.0,36.5,36.8,,,29.95,,,,,,,,,,,,,
Back Fence,Temp & Humidity Sensor,2020/12/16 12:15 PM,37.0,99.0,36.7,37.0,,,29.94,,,,,,,,,,,,,
Back Fence,Temp & Humidity Sensor,2020/12/16 12:20 PM,37.0,99.0,36.7,37.0,,,29.93,,,,,,,,,,,,,
Back Fence,Temp & Humidity Sensor,2020/12/16 12:25 PM,37.0,99.0,36.7,37.0,,,29.95,,,,,,,,,,,,,
Back Fence,Temp & Humidity Sensor,2020/12/16 12:30 PM,37.2,99.0,36.9,37.2,,,29.95,,,,,,,,,,,,,
Back Fence,Temp & Humidity Sensor,2020/12/16 12:35 PM,37.2,99.0,36.9,37.2,,,29.96,,,,,,,,,,,,,
Back Fence,Temp & Humidity Sensor,2020/12/16 12:40 PM,37.2,99.0,36.9,37.2,,,29.97,,,,,,,,,,,,,
Back Fence,Temp & Humidity Sensor,2020/12/16 12:45 PM,37.4,99.0,37.1,37.4,,,29.96,,,,,,,,,,,,,
Back Fence,Temp & Humidity Sensor,2020/12/16 12:50 PM,37.4,99.0,37.1,37.4,,,29.96,,,,,,,,,,,,,
Back Fence,Temp & Humidity Sensor,2020/12/16 12:55 PM,37.4,99.0,37.1,37.4,,,29.98,,,,,,,,,,,,,
Back Fence,Temp & Humidity Sensor,2020/12/16 1:00 PM,37.2,99.0,36.9,37.2,,,29.97,,,,,,,,,,,,,
Back Fence,Temp & Humidity Sensor,2020/12/16 1:10 PM,36.3,99.0,36.0,36.3,,,29.96,,,,,,,,,,,,,
Back Fence,Temp & Humidity Sensor,2020/12/16 1:15 PM,36.1,99.0,35.8,36.1,,,29.93,,,,,,,,,,,,,
Back Fence,Temp & Humidity Sensor,2020/12/16 1:20 PM,35.9,99.0,35.6,35.9,,,29.95,,,,,,,,,,,,,
Back Fence,Temp & Humidity Sensor,2020/12/16 1:25 PM,35.7,99.0,35.4,35.7,,,29.94,,,,,,,,,,,,,
Back Fence,Temp & Humidity Sensor,2020/12/16 1:30 PM,35.6,99.0,35.3,35.6,,,29.95,,,,,,,,,,,,,
Back Fence,Temp & Humidity Sensor,2020/12/16 1:35 PM,35.6,99.0,35.3,35.6,,,29.94,,,,,,,,,,,,,
Back Fence,Temp & Humidity Sensor,2020/12/16 1:40 PM,35.6,99.0,35.3,35.6,,,29.94,,,,,,,,,,,,,
Back Fence,Temp & Humidity Sensor,2020/12/16 1:45 PM,35.4,99.0,35.1,35.4,,,29.94,,,,,,,,,,,,,
Back Fence,Temp & Humidity Sensor,2020/12/16 1:50 PM,35.6,99.0,35.3,35.6,,,29.93,,,,,,,,,,,,,
Back Fence,Temp & Humidity Sensor,2020/12/16 1:55 PM,35.4,99.0,35.1,35.4,,,29.93,,,,,,,,,,,,,
Back Fence,Temp & Humidity Sensor,2020/12/16 2:00 PM,35.0,99.0,34.7,35.0,,,29.92,,,,,,,,,,,,,
Back Fence,Temp & Humidity Sensor,2020/12/16 2:05 PM,34.8,99.0,34.5,34.8,,,29.92,,,,,,,,,,,,,
Back Fence,Temp & Humidity Sensor,2020/12/16 2:10 PM,34.8,99.0,34.5,34.8,,,29.92,,,,,,,,,,,,,
Back Fence,Temp & Humidity Sensor,2020/12/16 2:15 PM,34.7,99.0,34.4,34.7,,,29.91,,,,,,,,,,,,,
Back Fence,Temp & Humidity Sensor,2020/12/16 2:20 PM,34.8,99.0,34.5,34.8,,,29.91,,,,,,,,,,,,,
Back Fence,Temp & Humidity Sensor,2020/12/16 2:25 PM,34.7,99.0,34.4,34.7,,,29.9,,,,,,,,,,,,,
Back Fence,Temp & Humidity Sensor,2020/12/16 2:30 PM,34.7,99.0,34.4,34.7,,,29.9,,,,,,,,,,,,,
Back Fence,Temp & Humidity Sensor,2020/12/16 2:35 PM,34.8,99.0,34.5,34.8,,,29.9,,,,,,,,,,,,,
Back Fence,Temp & Humidity Sensor,2020/12/16 2:40 PM,34.8,99.0,34.5,34.8,,,29.88,,,,,,,,,,,,,
Back Fence,Temp & Humidity Sensor,2020/12/16 2:45 PM,35.2,99.0,34.9,35.2,,,29.88,,,,,,,,,,,,,
Back Fence,Temp & Humidity Sensor,2020/12/16 2:50 PM,35.6,99.0,35.3,35.6,,,29.87,,,,,,,,,,,,,
Back Fence,Temp & Humidity Sensor,2020/12/16 2:55 PM,35.0,99.0,34.7,35.0,,,29.86,,,,,,,,,,,,,
Back Fence,Temp & Humidity Sensor,2020/12/16 3:00 PM,35.0,99.0,34.7,35.0,,,29.86,,,,,,,,,,,,,
Back Fence,Temp & Humidity Sensor,2020/12/16 3:05 PM,35.0,99.0,34.7,35.0,,,29.86,,,,,,,,,,,,,
Back Fence,Temp & Humidity Sensor,2020/12/16 3:10 PM,35.2,99.0,34.9,35.2,,,29.85,,,,,,,,,,,,,
Back Fence,Temp & Humidity Sensor,2020/12/16 3:15 PM,35.0,99.0,34.7,35.0,,,29.85,,,,,,,,,,,,,
Back Fence,Temp & Humidity Sensor,2020/12/16 3:20 PM,35.2,99.0,34.9,35.2,,,29.86,,,,,,,,,,,,,
Back Fence,Temp & Humidity Sensor,2020/12/16 3:25 PM,35.0,99.0,34.7,35.0,,,29.84,,,,,,,,,,,,,
Back Fence,Temp & Humidity Sensor,2020/12/16 3:30 PM,35.0,99.0,34.7,35.0,,,29.85,,,,,,,,,,,,,
Back Fence,Temp & Humidity Sensor,2020/12/16 3:35 PM,34.8,99.0,34.5,34.8,,,29.85,,,,,,,,,,,,,
Back Fence,Temp & Humidity Sensor,2020/12/16 3:40 PM,34.8,99.0,34.5,34.8,,,29.85,,,,,,,,,,,,,
Back Fence,Temp & Humidity Sensor,2020/12/16 3:45 PM,34.8,99.0,34.5,34.8,,,29.85,,,,,,,,,,,,,
Back Fence,Temp & Humidity Sensor,2020/12/16 3:50 PM,34.8,99.0,34.5,34.8,,,29.85,,,,,,,,,,,,,
Back Fence,Temp & Humidity Sensor,2020/12/16 3:55 PM,34.8,99.0,34.5,34.8,,,29.86,,,,,,,,,,,,,
Back Fence,Temp & Humidity Sensor,2020/12/16 4:00 PM,34.8,99.0,34.5,34.8,,,29.85,,,,,,,,,,,,,
Back Fence,Temp & Humidity Sensor,2020/12/16 4:05 PM,34.8,99.0,34.5,34.8,,,29.86,,,,,,,,,,,,,
Back Fence,Temp & Humidity Sensor,2020/12/16 4:10 PM,34.8,99.0,34.5,34.8,,,29.86,,,,,,,,,,,,,
Back Fence,Temp & Humidity Sensor,2020/12/16 4:15 PM,35.0,99.0,34.7,35.0,,,29.86,,,,,,,,,,,,,
Back Fence,Temp & Humidity Sensor,2020/12/16 4:20 PM,35.0,99.0,34.7,35.0,,,29.85,,,,,,,,,,,,,
Back Fence,Temp & Humidity Sensor,2020/12/16 4:25 PM,34.8,99.0,34.5,34.8,,,29.86,,,,,,,,,,,,,
Back Fence,Temp & Humidity Sensor,2020/12/16 4:30 PM,35.0,99.0,34.7,35.0,,,29.85,,,,,,,,,,,,,
Back Fence,Temp & Humidity Sensor,2020/12/16 4:35 PM,34.8,99.0,34.5,34.8,,,29.85,,,,,,,,,,,,,
Back Fence,Temp & Humidity Sensor,2020/12/16 4:40 PM,34.8,99.0,34.5,34.8,,,29.85,,,,,,,,,,,,,
Back Fence,Temp & Humidity Sensor,2020/12/16 4:45 PM,34.8,99.0,34.5,34.8,,,29.84,,,,,,,,,,,,,
Back Fence,Temp & Humidity Sensor,2020/12/16 4:50 PM,35.0,99.0,34.7,35.0,,,29.85,,,,,,,,,,,,,
Back Fence,Temp & Humidity Sensor,2020/12/16 4:55 PM,34.8,99.0,34.5,34.8,,,29.85,,,,,,,,,,,,,
Back Fence,Temp & Humidity Sensor,2020/12/16 5:00 PM,34.8,99.0,34.5,34.8,,,29.86,,,,,,,,,,,,,
Back Fence,Temp & Humidity Sensor,2020/12/16 5:05 PM,34.8,99.0,34.5,34.8,,,29.87,,,,,,,,,,,,,
Back Fence,Temp & Humidity Sensor,2020/12/16 5:10 PM,35.0,99.0,34.7,35.0,,,29.87,,,,,,,,,,,,,
Back Fence,Temp & Humidity Sensor,2020/12/16 5:15 PM,34.8,99.0,34.5,34.8,,,29.85,,,,,,,,,,,,,
Back Fence,Temp & Humidity Sensor,2020/12/16 5:20 PM,35.0,99.0,34.7,35.0,,,29.85,,,,,,,,,,,,,
Back Fence,Temp & Humidity Sensor,2020/12/16 5:25 PM,34.8,99.0,34.5,34.8,,,29.84,,,,,,,,,,,,,
Back Fence,Temp & Humidity Sensor,2020/12/16 5:30 PM,34.8,99.0,34.5,34.8,,,29.84,,,,,,,,,,,,,
Back Fence,Temp & Humidity Sensor,2020/12/16 5:35 PM,34.8,99.0,34.5,34.8,,,29.84,,,,,,,,,,,,,
Back Fence,Temp & Humidity Sensor,2020/12/16 5:40 PM,34.8,99.0,34.5,34.8,,,29.85,,,,,,,,,,,,,
Back Fence,Temp & Humidity Sensor,2020/12/16 5:45 PM,34.8,99.0,34.5,34.8,,,29.85,,,,,,,,,,,,,
Back Fence,Temp & Humidity Sensor,2020/12/16 5:50 PM,35.0,99.0,34.7,35.0,,,29.87,,,,,,,,,,,,,
Back Fence,Temp & Humidity Sensor,2020/12/16 5:55 PM,34.8,99.0,34.5,34.8,,,29.88,,,,,,,,,,,,,
Back Fence,Temp & Humidity Sensor,2020/12/16 6:00 PM,34.8,99.0,34.5,34.8,,,29.87,,,,,,,,,,,,,
Back Fence,Temp & Humidity Sensor,2020/12/16 6:05 PM,34.8,99.0,34.5,34.8,,,29.87,,,,,,,,,,,,,
Back Fence,Temp & Humidity Sensor,2020/12/16 6:10 PM,35.0,99.0,34.7,35.0,,,29.87,,,,,,,,,,,,,
Back Fence,Temp & Humidity Sensor,2020/12/16 6:15 PM,34.8,99.0,34.5,34.8,,,29.87,,,,,,,,,,,,,
Back Fence,Temp & Humidity Sensor,2020/12/16 6:20 PM,34.8,99.0,34.5,34.8,,,29.87,,,,,,,,,,,,,
Back Fence,Temp & Humidity Sensor,2020/12/16 6:25 PM,34.8,99.0,34.5,34.8,,,29.87,,,,,,,,,,,,,
Back Fence,Temp & Humidity Sensor,2020/12/16 6:30 PM,34.8,99.0,34.5,34.8,,,29.87,,,,,,,,,,,,,
Back Fence,Temp & Humidity Sensor,2020/12/16 6:35 PM,34.8,99.0,34.5,34.8,,,29.87,,,,,,,,,,,,,
Back Fence,Temp & Humidity Sensor,2020/12/16 6:40 PM,34.8,99.0,34.5,34.8,,,29.88,,,,,,,,,,,,,
Back Fence,Temp & Humidity Sensor,2020/12/16 6:45 PM,34.8,99.0,34.5,34.8,,,29.88,,,,,,,,,,,,,
Back Fence,Temp & Humidity Sensor,2020/12/16 6:50 PM,34.8,99.0,34.5,34.8,,,29.88,,,,,,,,,,,,,
Back Fence,Temp & Humidity Sensor,2020/12/16 6:55 PM,34.8,99.0,34.5,34.8,,,29.88,,,,,,,,,,,,,
Back Fence,Temp & Humidity Sensor,2020/12/16 7:00 PM,34.8,99.0,34.5,34.8,,,29.88,,,,,,,,,,,,,
Back Fence,Temp & Humidity Sensor,2020/12/16 7:05 PM,34.8,99.0,34.5,34.8,,,29.88,,,,,,,,,,,,,
Back Fence,Temp & Humidity Sensor,2020/12/16 7:10 PM,34.8,99.0,34.5,34.8,,,29.87,,,,,,,,,,,,,
Back Fence,Temp & Humidity Sensor,2020/12/16 7:15 PM,34.8,99.0,34.5,34.8,,,29.88,,,,,,,,,,,,,
Back Fence,Temp & Humidity Sensor,2020/12/16 7:20 PM,34.8,99.0,34.5,34.8,,,29.88,,,,,,,,,,,,,
Back Fence,Temp & Humidity Sensor,2020/12/16 7:25 PM,35.0,99.0,34.7,35.0,,,29.88,,,,,,,,,,,,,
Back Fence,Temp & Humidity Sensor,2020/12/16 7:30 PM,35.0,99.0,34.7,35.0,,,29.9,,,,,,,,,,,,,
Back Fence,Temp & Humidity Sensor,2020/12/16 7:35 PM,35.0,99.0,34.7,35.0,,,29.9,,,,,,,,,,,,,
Back Fence,Temp & Humidity Sensor,2020/12/16 7:40 PM,35.0,99.0,34.7,35.0,,,29.9,,,,,,,,,,,,,
Back Fence,Temp & Humidity Sensor,2020/12/16 7:45 PM,35.0,99.0,34.7,35.0,,,29.9,,,,,,,,,,,,,
Back Fence,Temp & Humidity Sensor,2020/12/16 7:50 PM,35.0,99.0,34.7,35.0,,,29.9,,,,,,,,,,,,,
Back Fence,Temp & Humidity Sensor,2020/12/16 7:55 PM,35.2,99.0,34.9,35.2,,,29.9,,,,,,,,,,,,,
Back Fence,Temp & Humidity Sensor,2020/12/16 8:00 PM,35.2,99.0,34.9,35.2,,,29.91,,,,,,,,,,,,,
Back Fence,Temp & Humidity Sensor,2020/12/16 8:05 PM,35.2,99.0,34.9,35.2,,,29.9,,,,,,,,,,,,,
Back Fence,Temp & Humidity Sensor,2020/12/16 8:10 PM,35.0,99.0,34.7,35.0,,,29.89,,,,,,,,,,,,,
Back Fence,Temp & Humidity Sensor,2020/12/16 8:15 PM,34.8,99.0,34.5,34.8,,,29.88,,,,,,,,,,,,,
Back Fence,Temp & Humidity Sensor,2020/12/16 8:20 PM,34.7,99.0,34.4,34.7,,,29.88,,,,,,,,,,,,,
Back Fence,Temp & Humidity Sensor,2020/12/16 8:25 PM,34.7,99.0,34.4,34.7,,,29.87,,,,,,,,,,,,,
Back Fence,Temp & Humidity Sensor,2020/12/16 8:30 PM,34.7,99.0,34.4,34.7,,,29.87,,,,,,,,,,,,,
Back Fence,Temp & Humidity Sensor,2020/12/16 8:35 PM,34.7,99.0,34.4,34.7,,,29.87,,,,,,,,,,,,,
Back Fence,Temp & Humidity Sensor,2020/12/16 8:40 PM,34.8,99.0,34.5,34.8,,,29.87,,,,,,,,,,,,,
Back Fence,Temp & Humidity Sensor,2020/12/16 8:45 PM,34.8,99.0,34.5,34.8,,,29.87,,,,,,,,,,,,,
Back Fence,Temp & Humidity Sensor,2020/12/16 8:50 PM,35.0,99.0,34.7,35.0,,,29.88,,,,,,,,,,,,,
Back Fence,Temp & Humidity Sensor,2020/12/16 8:55 PM,34.8,99.0,34.5,34.8,,,29.88,,,,,,,,,,,,,
Back Fence,Temp & Humidity Sensor,2020/12/16 9:00 PM,34.5,99.0,34.2,34.5,,,29.88,,,,,,,,,,,,,
Back Fence,Temp & Humidity Sensor,2020/12/16 9:05 PM,34.3,99.0,34.0,34.3,,,29.88,,,,,,,,,,,,,
Back Fence,Temp & Humidity Sensor,2020/12/16 9:10 PM,34.3,99.0,34.0,34.3,,,29.88,,,,,,,,,,,,,
Back Fence,Temp & Humidity Sensor,2020/12/16 9:15 PM,34.3,99.0,34.0,34.3,,,29.88,,,,,,,,,,,,,
Back Fence,Temp & Humidity Sensor,2020/12/16 9:20 PM,34.1,99.0,33.8,34.1,,,29.88,,,,,,,,,,,,,
Back Fence,Temp & Humidity Sensor,2020/12/16 9:25 PM,33.8,99.0,33.5,33.8,,,29.88,,,,,,,,,,,,,
Back Fence,Temp & Humidity Sensor,2020/12/16 9:30 PM,33.8,99.0,33.5,33.8,,,29.88,,,,,,,,,,,,,
Back Fence,Temp & Humidity Sensor,2020/12/16 9:35 PM,33.4,99.0,33.1,33.4,,,29.88,,,,,,,,,,,,,
Back Fence,Temp & Humidity Sensor,2020/12/16 9:40 PM,33.2,99.0,32.9,33.2,,,29.88,,,,,,,,,,,,,
Back Fence,Temp & Humidity Sensor,2020/12/16 9:45 PM,33.2,99.0,32.9,33.2,,,29.88,,,,,,,,,,,,,
Back Fence,Temp & Humidity Sensor,2020/12/16 9:50 PM,33.0,99.0,32.7,33.0,,,29.88,,,,,,,,,,,,,
Back Fence,Temp & Humidity Sensor,2020/12/16 9:55 PM,33.4,99.0,33.1,33.4,,,29.88,,,,,,,,,,,,,
Back Fence,Temp & Humidity Sensor,2020/12/16 10:00 PM,33.8,99.0,33.5,33.8,,,29.88,,,,,,,,,,,,,
Back Fence,Temp & Humidity Sensor,2020/12/16 10:05 PM,33.8,99.0,33.5,33.8,,,29.89,,,,,,,,,,,,,
Back Fence,Temp & Humidity Sensor,2020/12/16 10:10 PM,33.8,99.0,33.5,33.8,,,29.89,,,,,,,,,,,,,
Back Fence,Temp & Humidity Sensor,2020/12/16 10:15 PM,33.9,99.0,33.6,33.9,,,29.89,,,,,,,,,,,,,
Back Fence,Temp & Humidity Sensor,2020/12/16 10:20 PM,33.9,99.0,33.6,33.9,,,29.89,,,,,,,,,,,,,
Back Fence,Temp & Humidity Sensor,2020/12/16 10:25 PM,34.1,99.0,33.8,34.1,,,29.9,,,,,,,,,,,,,
Back Fence,Temp & Humidity Sensor,2020/12/16 10:30 PM,33.9,99.0,33.6,33.9,,,29.9,,,,,,,,,,,,,
Back Fence,Temp & Humidity Sensor,2020/12/16 10:35 PM,33.9,99.0,33.6,33.9,,,29.9,,,,,,,,,,,,,
Back Fence,Temp & Humidity Sensor,2020/12/16 10:40 PM,33.8,99.0,33.5,33.8,,,29.89,,,,,,,,,,,,,
Back Fence,Temp & Humidity Sensor,2020/12/16 10:45 PM,33.8,99.0,33.5,33.8,,,29.89,,,,,,,,,,,,,
Back Fence,Temp & Humidity Sensor,2020/12/16 10:50 PM,33.9,99.0,33.6,33.9,,,29.89,,,,,,,,,,,,,
Back Fence,Temp & Humidity Sensor,2020/12/16 10:55 PM,33.9,99.0,33.6,33.9,,,29.89,,,,,,,,,,,,,
Back Fence,Temp & Humidity Sensor,2020/12/16 11:00 PM,33.8,99.0,33.5,33.8,,,29.89,,,,,,,,,,,,,
Back Fence,Temp & Humidity Sensor,2020/12/16 11:05 PM,33.2,99.0,32.9,33.2,,,29.9,,,,,,,,,,,,,
Back Fence,Temp & Humidity Sensor,2020/12/16 11:10 PM,32.9,99.0,32.7,32.9,,,29.9,,,,,,,,,,,,,
Back Fence,Temp & Humidity Sensor,2020/12/16 11:15 PM,33.2,99.0,32.9,33.2,,,29.9,,,,,,,,,,,,,
Back Fence,Temp & Humidity Sensor,2020/12/16 11:20 PM,33.6,99.0,33.3,33.6,,,29.9,,,,,,,,,,,,,
Back Fence,Temp & Humidity Sensor,2020/12/16 11:25 PM,33.8,99.0,33.5,33.8,,,29.9,,,,,,,,,,,,,
Back Fence,Temp & Humidity Sensor,2020/12/16 11:30 PM,33.8,99.0,33.5,33.8,,,29.9,,,,,,,,,,,,,
Back Fence,Temp & Humidity Sensor,2020/12/16 11:35 PM,34.1,99.0,33.8,34.1,,,29.9,,,,,,,,,,,,,
Back Fence,Temp & Humidity Sensor,2020/12/16 11:40 PM,34.3,99.0,34.0,34.3,,,29.9,,,,,,,,,,,,,
Back Fence,Temp & Humidity Sensor,2020/12/16 11:45 PM,34.3,99.0,34.0,34.3,,,29.9,,,,,,,,,,,,,
Back Fence,Temp & Humidity Sensor,2020/12/16 11:50 PM,34.5,99.0,34.2,34.5,,,29.9,,,,,,,,,,,,,
Back Fence,Temp & Humidity Sensor,2020/12/16 11:55 PM,34.5,99.0,34.2,34.5,,,29.9,,,,,,,,,,,,,
Back Fence,Temp & Humidity Sensor,2020/12/17 12:00 AM,34.5,99.0,34.2,34.5,,,29.9,,,,,,,,,,,,,
Back Fence,Temp & Humidity Sensor,2020/12/17 12:05 AM,34.7,99.0,34.4,34.7,,,29.9,,,,,,,,,,,,,
Back Fence,Temp & Humidity Sensor,2020/12/17 12:10 AM,34.8,99.0,34.5,34.8,,,29.9,,,,,,,,,,,,,
Back Fence,Temp & Humidity Sensor,2020/12/17 12:15 AM,34.8,99.0,34.5,34.8,,,29.9,,,,,,,,,,,,,
Back Fence,Temp & Humidity Sensor,2020/12/17 12:20 AM,35.0,99.0,34.7,35.0,,,29.9,,,,,,,,,,,,,
Back Fence,Temp & Humidity Sensor,2020/12/17 12:25 AM,35.0,99.0,34.7,35.0,,,29.9,,,,,,,,,,,,,
Back Fence,Temp & Humidity Sensor,2020/12/17 12:30 AM,34.8,99.0,34.5,34.8,,,29.9,,,,,,,,,,,,,
Back Fence,Temp & Humidity Sensor,2020/12/17 12:35 AM,34.8,99.0,34.5,34.8,,,29.9,,,,,,,,,,,,,
Back Fence,Temp & Humidity Sensor,2020/12/17 12:40 AM,35.0,99.0,34.7,35.0,,,29.9,,,,,,,,,,,,,
Back Fence,Temp & Humidity Sensor,2020/12/17 12:45 AM,35.0,99.0,34.7,35.0,,,29.9,,,,,,,,,,,,,
Back Fence,Temp & Humidity Sensor,2020/12/17 12:50 AM,35.0,99.0,34.7,35.0,,,29.9,,,,,,,,,,,,,
Back Fence,Temp & Humidity Sensor,2020/12/17 12:55 AM,35.0,99.0,34.7,35.0,,,29.9,,,,,,,,,,,,,
Back Fence,Temp & Humidity Sensor,2020/12/17 1:00 AM,35.0,99.0,34.7,35.0,,,29.9,,,,,,,,,,,,,
Back Fence,Temp & Humidity Sensor,2020/12/17 1:05 AM,35.2,99.0,34.9,35.2,,,29.9,,,,,,,,,,,,,
Back Fence,Temp & Humidity Sensor,2020/12/17 1:10 AM,35.2,99.0,34.9,35.2,,,29.9,,,,,,,,,,,,,
Back Fence,Temp & Humidity Sensor,2020/12/17 1:15 AM,35.2,99.0,34.9,35.2,,,29.9,,,,,,,,,,,,,
Back Fence,Temp & Humidity Sensor,2020/12/17 1:20 AM,35.2,99.0,34.9,35.2,,,29.9,,,,,,,,,,,,,
Back Fence,Temp & Humidity Sensor,2020/12/17 1:25 AM,35.2,99.0,34.9,35.2,,,29.9,,,,,,,,,,,,,
Back Fence,Temp & Humidity Sensor,2020/12/17 1:30 AM,35.4,99.0,35.1,35.4,,,29.9,,,,,,,,,,,,,
Back Fence,Temp & Humidity Sensor,2020/12/17 1:35 AM,35.4,99.0,35.1,35.4,,,29.9,,,,,,,,,,,,,
Back Fence,Temp & Humidity Sensor,2020/12/17 1:40 AM,35.4,99.0,35.1,35.4,,,29.9,,,,,,,,,,,,,
Back Fence,Temp & Humidity Sensor,2020/12/17 1:45 AM,35.4,99.0,35.1,35.4,,,29.9,,,,,,,,,,,,,
Back Fence,Temp & Humidity Sensor,2020/12/17 1:50 AM,35.6,99.0,35.3,35.6,,,29.9,,,,,,,,,,,,,
Back Fence,Temp & Humidity Sensor,2020/12/17 1:55 AM,35.6,99.0,35.3,35.6,,,29.9,,,,,,,,,,,,,
Back Fence,Temp & Humidity Sensor,2020/12/17 2:00 AM,35.6,99.0,35.3,35.6,,,29.9,,,,,,,,,,,,,
Back Fence,Temp & Humidity Sensor,2020/12/17 2:05 AM,35.6,99.0,35.3,35.6,,,29.9,,,,,,,,,,,,,
Back Fence,Temp & Humidity Sensor,2020/12/17 2:10 AM,35.6,99.0,35.3,35.6,,,29.9,,,,,,,,,,,,,
Back Fence,Temp & Humidity Sensor,2020/12/17 2:15 AM,35.6,99.0,35.3,35.6,,,29.91,,,,,,,,,,,,,
Back Fence,Temp & Humidity Sensor,2020/12/17 2:20 AM,35.6,99.0,35.3,35.6,,,29.91,,,,,,,,,,,,,
Back Fence,Temp & Humidity Sensor,2020/12/17 2:25 AM,35.6,99.0,35.3,35.6,,,29.9,,,,,,,,,,,,,
Back Fence,Temp & Humidity Sensor,2020/12/17 2:30 AM,35.6,99.0,35.3,35.6,,,29.91,,,,,,,,,,,,,
Back Fence,Temp & Humidity Sensor,2020/12/17 2:35 AM,35.6,99.0,35.3,35.6,,,29.91,,,,,,,,,,,,,
Back Fence,Temp & Humidity Sensor,2020/12/17 2:40 AM,35.6,99.0,35.3,35.6,,,29.91,,,,,,,,,,,,,
Back Fence,Temp & Humidity Sensor,2020/12/17 2:45 AM,35.6,99.0,35.3,35.6,,,29.91,,,,,,,,,,,,,
Back Fence,Temp & Humidity Sensor,2020/12/17 2:50 AM,35.6,99.0,35.3,35.6,,,29.91,,,,,,,,,,,,,
Back Fence,Temp & Humidity Sensor,2020/12/17 2:55 AM,35.6,99.0,35.3,35.6,,,29.91,,,,,,,,,,,,,
Back Fence,Temp & Humidity Sensor,2020/12/17 3:00 AM,35.6,99.0,35.3,35.6,,,29.92,,,,,,,,,,,,,
Back Fence,Temp & Humidity Sensor,2020/12/17 3:05 AM,35.6,99.0,35.3,35.6,,,29.92,,,,,,,,,,,,,
Back Fence,Temp & Humidity Sensor,2020/12/17 3:10 AM,35.6,99.0,35.3,35.6,,,29.92,,,,,,,,,,,,,
Back Fence,Temp & Humidity Sensor,2020/12/17 3:15 AM,35.6,99.0,35.3,35.6,,,29.92,,,,,,,,,,,,,
Back Fence,Temp & Humidity Sensor,2020/12/17 3:20 AM,35.4,99.0,35.1,35.4,,,29.91,,,,,,,,,,,,,
Back Fence,Temp & Humidity Sensor,2020/12/17 3:25 AM,35.4,99.0,35.1,35.4,,,29.91,,,,,,,,,,,,,
Back Fence,Temp & Humidity Sensor,2020/12/17 3:30 AM,35.4,99.0,35.1,35.4,,,29.91,,,,,,,,,,,,,
Back Fence,Temp & Humidity Sensor,2020/12/17 3:35 AM,35.6,99.0,35.3,35.6,,,29.91,,,,,,,,,,,,,
Back Fence,Temp & Humidity Sensor,2020/12/17 3:40 AM,35.4,99.0,35.1,35.4,,,29.91,,,,,,,,,,,,,
Back Fence,Temp & Humidity Sensor,2020/12/17 3:45 AM,35.6,99.0,35.3,35.6,,,29.92,,,,,,,,,,,,,
Back Fence,Temp & Humidity Sensor,2020/12/17 3:50 AM,35.6,99.0,35.3,35.6,,,29.92,,,,,,,,,,,,,
Back Fence,Temp & Humidity Sensor,2020/12/17 3:55 AM,35.6,99.0,35.3,35.6,,,29.93,,,,,,,,,,,,,
Back Fence,Temp & Humidity Sensor,2020/12/17 4:00 AM,35.4,99.0,35.1,35.4,,,29.93,,,,,,,,,,,,,
Back Fence,Temp & Humidity Sensor,2020/12/17 4:05 AM,35.4,99.0,35.1,35.4,,,29.93,,,,,,,,,,,,,
Back Fence,Temp & Humidity Sensor,2020/12/17 4:10 AM,35.4,99.0,35.1,35.4,,,29.93,,,,,,,,,,,,,
Back Fence,Temp & Humidity Sensor,2020/12/17 4:15 AM,35.4,99.0,35.1,35.4,,,29.93,,,,,,,,,,,,,
Back Fence,Temp & Humidity Sensor,2020/12/17 4:20 AM,35.4,99.0,35.1,35.4,,,29.93,,,,,,,,,,,,,
Back Fence,Temp & Humidity Sensor,2020/12/17 4:25 AM,35.4,99.0,35.1,35.4,,,29.93,,,,,,,,,,,,,
Back Fence,Temp & Humidity Sensor,2020/12/17 4:30 AM,35.4,99.0,35.1,35.4,,,29.93,,,,,,,,,,,,,
Back Fence,Temp & Humidity Sensor,2020/12/17 4:35 AM,35.4,99.0,35.1,35.4,,,29.93,,,,,,,,,,,,,
Back Fence,Temp & Humidity Sensor,2020/12/17 4:40 AM,35.6,99.0,35.3,35.6,,,29.94,,,,,,,,,,,,,
Back Fence,Temp & Humidity Sensor,2020/12/17 4:45 AM,35.4,99.0,35.1,35.4,,,29.94,,,,,,,,,,,,,
Back Fence,Temp & Humidity Sensor,2020/12/17 4:50 AM,35.4,99.0,35.1,35.4,,,29.94,,,,,,,,,,,,,
Back Fence,Temp & Humidity Sensor,2020/12/17 4:55 AM,35.4,99.0,35.1,35.4,,,29.94,,,,,,,,,,,,,
Back Fence,Temp & Humidity Sensor,2020/12/17 5:00 AM,35.6,99.0,35.3,35.6,,,29.95,,,,,,,,,,,,,
Back Fence,Temp & Humidity Sensor,2020/12/17 5:05 AM,35.6,99.0,35.3,35.6,,,29.95,,,,,,,,,,,,,
Back Fence,Temp & Humidity Sensor,2020/12/17 5:10 AM,35.4,99.0,35.1,35.4,,,29.95,,,,,,,,,,,,,
Back Fence,Temp & Humidity Sensor,2020/12/17 5:15 AM,35.4,99.0,35.1,35.4,,,29.95,,,,,,,,,,,,,
Back Fence,Temp & Humidity Sensor,2020/12/17 5:20 AM,35.4,99.0,35.1,35.4,,,29.95,,,,,,,,,,,,,
Back Fence,Temp & Humidity Sensor,2020/12/17 5:25 AM,35.2,99.0,34.9,35.2,,,29.95,,,,,,,,,,,,,
Back Fence,Temp & Humidity Sensor,2020/12/17 5:30 AM,35.0,99.0,34.7,35.0,,,29.96,,,,,,,,,,,,,
Back Fence,Temp & Humidity Sensor,2020/12/17 5:35 AM,35.0,99.0,34.7,35.0,,,29.96,,,,,,,,,,,,,
Back Fence,Temp & Humidity Sensor,2020/12/17 5:40 AM,35.0,99.0,34.7,35.0,,,29.96,,,,,,,,,,,,,
Back Fence,Temp & Humidity Sensor,2020/12/17 5:45 AM,35.0,99.0,34.7,35.0,,,29.97,,,,,,,,,,,,,
Back Fence,Temp & Humidity Sensor,2020/12/17 5:50 AM,34.7,99.0,34.4,34.7,,,29.97,,,,,,,,,,,,,
Back Fence,Temp & Humidity Sensor,2020/12/17 5:55 AM,34.3,99.0,34.0,34.3,,,29.97,,,,,,,,,,,,,
Back Fence,Temp & Humidity Sensor,2020/12/17 6:00 AM,34.1,99.0,33.8,34.1,,,29.97,,,,,,,,,,,,,
Back Fence,Temp & Humidity Sensor,2020/12/17 6:05 AM,34.1,99.0,33.8,34.1,,,29.97,,,,,,,,,,,,,
Back Fence,Temp & Humidity Sensor,2020/12/17 6:10 AM,34.1,99.0,33.8,34.1,,,29.97,,,,,,,,,,,,,
Back Fence,Temp & Humidity Sensor,2020/12/17 6:15 AM,34.3,99.0,34.0,34.3,,,29.97,,,,,,,,,,,,,
Back Fence,Temp & Humidity Sensor,2020/12/17 6:20 AM,34.1,99.0,33.8,34.1,,,29.98,,,,,,,,,,,,,
Back Fence,Temp & Humidity Sensor,2020/12/17 6:25 AM,34.1,99.0,33.8,34.1,,,29.98,,,,,,,,,,,,,
Back Fence,Temp & Humidity Sensor,2020/12/17 6:30 AM,34.1,99.0,33.8,34.1,,,29.98,,,,,,,,,,,,,
Back Fence,Temp & Humidity Sensor,2020/12/17 6:35 AM,34.3,99.0,34.0,34.3,,,29.98,,,,,,,,,,,,,
Back Fence,Temp & Humidity Sensor,2020/12/17 6:40 AM,34.3,99.0,34.0,34.3,,,29.99,,,,,,,,,,,,,
Back Fence,Temp & Humidity Sensor,2020/12/17 6:45 AM,34.3,99.0,34.0,34.3,,,29.99,,,,,,,,,,,,,
Back Fence,Temp & Humidity Sensor,2020/12/17 6:50 AM,34.1,99.0,33.8,34.1,,,29.99,,,,,,,,,,,,,
Back Fence,Temp & Humidity Sensor,2020/12/17 6:55 AM,34.3,99.0,34.0,34.3,,,30.0,,,,,,,,,,,,,
Back Fence,Temp & Humidity Sensor,2020/12/17 7:00 AM,34.3,99.0,34.0,34.3,,,30.0,,,,,,,,,,,,,
Back Fence,Temp & Humidity Sensor,2020/12/17 7:05 AM,34.3,99.0,34.0,34.3,,,30.0,,,,,,,,,,,,,
Back Fence,Temp & Humidity Sensor,2020/12/17 7:10 AM,34.3,99.0,34.0,34.3,,,30.0,,,,,,,,,,,,,
Back Fence,Temp & Humidity Sensor,2020/12/17 7:15 AM,34.3,99.0,34.0,34.3,,,30.0,,,,,,,,,,,,,
Back Fence,Temp & Humidity Sensor,2020/12/17 7:20 AM,34.5,99.0,34.2,34.5,,,30.0,,,,,,,,,,,,,
Back Fence,Temp & Humidity Sensor,2020/12/17 7:25 AM,34.5,99.0,34.2,34.5,,,30.01,,,,,,,,,,,,,
Back Fence,Temp & Humidity Sensor,2020/12/17 7:30 AM,34.5,99.0,34.2,34.5,,,30.01,,,,,,,,,,,,,
Back Fence,Temp & Humidity Sensor,2020/12/17 7:35 AM,34.5,99.0,34.2,34.5,,,30.01,,,,,,,,,,,,,
Back Fence,Temp & Humidity Sensor,2020/12/17 7:40 AM,34.7,99.0,34.4,34.7,,,30.01,,,,,,,,,,,,,
Back Fence,Temp & Humidity Sensor,2020/12/17 7:45 AM,34.7,99.0,34.4,34.7,,,30.02,,,,,,,,,,,,,
Back Fence,Temp & Humidity Sensor,2020/12/17 7:50 AM,34.8,99.0,34.5,34.8,,,30.02,,,,,,,,,,,,,
Back Fence,Temp & Humidity Sensor,2020/12/17 7:55 AM,34.8,99.0,34.5,34.8,,,30.02,,,,,,,,,,,,,
Back Fence,Temp & Humidity Sensor,2020/12/17 8:00 AM,35.0,99.0,34.7,35.0,,,30.02,,,,,,,,,,,,,
Back Fence,Temp & Humidity Sensor,2020/12/17 8:05 AM,35.2,99.0,34.9,35.2,,,30.02,,,,,,,,,,,,,
Back Fence,Temp & Humidity Sensor,2020/12/17 8:10 AM,35.2,99.0,34.9,35.2,,,30.03,,,,,,,,,,,,,
Back Fence,Temp & Humidity Sensor,2020/12/17 8:15 AM,35.4,99.0,35.1,35.4,,,30.03,,,,,,,,,,,,,
Back Fence,Temp & Humidity Sensor,2020/12/17 8:20 AM,35.4,99.0,35.1,35.4,,,30.03,,,,,,,,,,,,,
Back Fence,Temp & Humidity Sensor,2020/12/17 8:25 AM,35.6,99.0,35.3,35.6,,,30.04,,,,,,,,,,,,,
Back Fence,Temp & Humidity Sensor,2020/12/17 8:30 AM,35.6,99.0,35.3,35.6,,,30.04,,,,,,,,,,,,,
Back Fence,Temp & Humidity Sensor,2020/12/17 8:35 AM,35.6,99.0,35.3,35.6,,,30.04,,,,,,,,,,,,,
Back Fence,Temp & Humidity Sensor,2020/12/17 8:40 AM,35.7,99.0,35.4,35.7,,,30.04,,,,,,,,,,,,,
Back Fence,Temp & Humidity Sensor,2020/12/17 8:45 AM,35.9,99.0,35.6,35.9,,,30.04,,,,,,,,,,,,,
Back Fence,Temp & Humidity Sensor,2020/12/17 8:50 AM,35.9,99.0,35.6,35.9,,,30.04,,,,,,,,,,,,,
Back Fence,Temp & Humidity Sensor,2020/12/17 8:55 AM,35.9,99.0,35.6,35.9,,,30.05,,,,,,,,,,,,,
Back Fence,Temp & Humidity Sensor,2020/12/17 9:00 AM,36.3,99.0,36.0,36.3,,,30.05,,,,,,,,,,,,,
Back Fence,Temp & Humidity Sensor,2020/12/17 9:05 AM,36.6,99.0,36.3,36.6,,,30.05,,,,,,,,,,,,,
Back Fence,Temp & Humidity Sensor,2020/12/17 9:10 AM,36.6,99.0,36.3,36.6,,,30.05,,,,,,,,,,,,,
Back Fence,Temp & Humidity Sensor,2020/12/17 9:15 AM,37.0,99.0,36.7,37.0,,,30.05,,,,,,,,,,,,,
Back Fence,Temp & Humidity Sensor,2020/12/17 9:20 AM,37.2,99.0,36.9,37.2,,,30.06,,,,,,,,,,,,,
Back Fence,Temp & Humidity Sensor,2020/12/17 9:25 AM,37.7,99.0,37.4,37.7,,,30.05,,,,,,,,,,,,,
Back Fence,Temp & Humidity Sensor,2020/12/17 9:30 AM,37.7,99.0,37.4,37.7,,,30.06,,,,,,,,,,,,,
Back Fence,Temp & Humidity Sensor,2020/12/17 9:35 AM,37.9,99.0,37.6,37.9,,,30.06,,,,,,,,,,,,,
Back Fence,Temp & Humidity Sensor,2020/12/17 9:40 AM,38.3,99.0,38.0,38.3,,,30.06,,,,,,,,,,,,,
Back Fence,Temp & Humidity Sensor,2020/12/17 9:45 AM,38.3,99.0,38.0,38.3,,,30.06,,,,,,,,,,,,,
Back Fence,Temp & Humidity Sensor,2020/12/17 9:50 AM,38.4,99.0,38.1,38.4,,,30.07,,,,,,,,,,,,,
Back Fence,Temp & Humidity Sensor,2020/12/17 9:55 AM,38.8,99.0,38.5,38.8,,,30.07,,,,,,,,,,,,,
Back Fence,Temp & Humidity Sensor,2020/12/17 10:00 AM,39.2,98.0,38.7,39.2,,,30.07,,,,,,,,,,,,,
Back Fence,Temp & Humidity Sensor,2020/12/17 10:05 AM,39.3,98.0,38.8,39.3,,,30.07,,,,,,,,,,,,,
Back Fence,Temp & Humidity Sensor,2020/12/17 10:10 AM,39.5,98.0,39.0,39.5,,,30.07,,,,,,,,,,,,,
Back Fence,Temp & Humidity Sensor,2020/12/17 10:15 AM,39.7,98.0,39.2,39.7,,,30.07,,,,,,,,,,,,,
Back Fence,Temp & Humidity Sensor,2020/12/17 10:20 AM,39.2,97.0,38.4,39.2,,,30.07,,,,,,,,,,,,,
Back Fence,Temp & Humidity Sensor,2020/12/17 10:25 AM,39.5,96.0,38.5,39.5,,,30.07,,,,,,,,,,,,,
Back Fence,Temp & Humidity Sensor,2020/12/17 10:30 AM,39.7,95.0,38.4,39.7,,,30.07,,,,,,,,,,,,,
Back Fence,Temp & Humidity Sensor,2020/12/17 10:35 AM,39.7,95.0,38.4,39.7,,,30.07,,,,,,,,,,,,,
Back Fence,Temp & Humidity Sensor,2020/12/17 10:40 AM,39.9,95.0,38.6,39.9,,,30.07,,,,,,,,,,,,,
Back Fence,Temp & Humidity Sensor,2020/12/17 10:45 AM,40.4,93.0,38.5,38.5,,,30.07,,,,,,,,,,,,,
Back Fence,Temp & Humidity Sensor,2020/12/17 10:50 AM,41.0,93.0,39.1,39.2,,,30.07,,,,,,,,,,,,,
Back Fence,Temp & Humidity Sensor,2020/12/17 10:55 AM,41.3,94.0,39.7,39.5,,,30.07,,,,,,,,,,,,,
Back Fence,Temp & Humidity Sensor,2020/12/17 11:00 AM,41.5,95.0,40.2,39.8,,,30.07,,,,,,,,,,,,,
Back Fence,Temp & Humidity Sensor,2020/12/17 11:05 AM,41.5,94.0,39.9,39.8,,,30.07,,,,,,,,,,,,,
Back Fence,Temp & Humidity Sensor,2020/12/17 11:10 AM,41.3,89.0,38.3,39.3,,,30.07,,,,,,,,,,,,,
Back Fence,Temp & Humidity Sensor,2020/12/17 11:15 AM,41.1,91.0,38.7,39.2,,,30.06,,,,,,,,,,,,,
Back Fence,Temp & Humidity Sensor,2020/12/17 11:20 AM,41.3,92.0,39.2,39.5,,,30.06,,,,,,,,,,,,,
Back Fence,Temp & Humidity Sensor,2020/12/17 11:25 AM,41.3,92.0,39.2,39.5,,,30.06,,,,,,,,,,,,,
Back Fence,Temp & Humidity Sensor,2020/12/17 11:30 AM,42.2,93.0,40.3,40.5,,,30.06,,,,,,,,,,,,,
Back Fence,Temp & Humidity Sensor,2020/12/17 11:35 AM,43.5,93.0,41.6,41.9,,,30.05,,,,,,,,,,,,,
Back Fence,Temp & Humidity Sensor,2020/12/17 11:40 AM,43.8,92.0,41.6,42.2,,,30.06,,,,,,,,,,,,,
Back Fence,Temp & Humidity Sensor,2020/12/17 11:45 AM,42.8,88.0,39.5,40.9,,,30.05,,,,,,,,,,,,,
Back Fence,Temp & Humidity Sensor,2020/12/17 11:50 AM,42.6,85.0,38.4,40.6,,,30.05,,,,,,,,,,,,,
Back Fence,Temp & Humidity Sensor,2020/12/17 11:55 AM,43.7,86.0,39.8,41.8,,,30.05,,,,,,,,,,,,,
Back Fence,Temp & Humidity Sensor,2020/12/17 12:00 PM,44.7,81.0,39.2,42.7,,,30.05,,,,,,,,,,,,,
Back Fence,Temp & Humidity Sensor,2020/12/17 12:05 PM,46.4,79.0,40.2,44.5,,,30.05,,,,,,,,,,,,,
Back Fence,Temp & Humidity Sensor,2020/12/17 12:10 PM,46.5,75.0,39.0,44.4,,,30.04,,,,,,,,,,,,,
Back Fence,Temp & Humidity Sensor,2020/12/17 12:15 PM,48.0,72.0,39.4,45.9,,,30.04,,,,,,,,,,,,,
Back Fence,Temp & Humidity Sensor,2020/12/17 12:20 PM,51.2,75.0,43.6,49.5,,,30.04,,,,,,,,,,,,,
Back Fence,Temp & Humidity Sensor,2020/12/17 12:25 PM,51.9,67.0,41.3,49.9,,,30.04,,,,,,,,,,,,,
Back Fence,Temp & Humidity Sensor,2020/12/17 12:30 PM,50.3,61.0,37.4,47.9,,,30.04,,,,,,,,,,,,,
Back Fence,Temp & Humidity Sensor,2020/12/17 12:35 PM,51.0,74.0,43.0,49.3,,,30.03,,,,,,,,,,,,,
Back Fence,Temp & Humidity Sensor,2020/12/17 12:40 PM,51.4,68.0,41.2,49.4,,,30.04,,,,,,,,,,,,,
Back Fence,Temp & Humidity Sensor,2020/12/17 12:45 PM,51.0,60.0,37.6,48.6,,,30.04,,,,,,,,,,,,,
Back Fence,Temp & Humidity Sensor,2020/12/17 12:50 PM,49.2,70.0,39.8,47.1,,,30.03,,,,,,,,,,,,,
Back Fence,Temp & Humidity Sensor,2020/12/17 12:55 PM,48.9,69.0,39.2,46.7,,,30.03,,,,,,,,,,,,,
Back Fence,Temp & Humidity Sensor,2020/12/17 1:00 PM,49.2,67.0,38.7,47.0,,,30.03,,,,,,,,,,,,,
Back Fence,Temp & Humidity Sensor,2020/12/17 1:05 PM,53.0,73.0,44.6,51.4,,,30.03,,,,,,,,,,,,,
Back Fence,Temp & Humidity Sensor,2020/12/17 1:10 PM,51.9,65.0,40.5,49.8,,,30.03,,,,,,,,,,,,,
Back Fence,Temp & Humidity Sensor,2020/12/17 1:15 PM,52.5,63.0,40.3,50.4,,,30.03,,,,,,,,,,,,,
Back Fence,Temp & Humidity Sensor,2020/12/17 1:20 PM,55.0,61.0,41.8,53.1,,,30.03,,,,,,,,,,,,,
Back Fence,Temp & Humidity Sensor,2020/12/17 1:25 PM,51.9,67.0,41.3,49.9,,,30.02,,,,,,,,,,,,,
Back Fence,Temp & Humidity Sensor,2020/12/17 1:30 PM,49.2,62.0,36.7,46.7,,,30.02,,,,,,,,,,,,,
Back Fence,Temp & Humidity Sensor,2020/12/17 1:35 PM,49.2,74.0,41.3,47.3,,,30.03,,,,,,,,,,,,,
Back Fence,Temp & Humidity Sensor,2020/12/17 1:40 PM,51.2,69.0,41.4,49.3,,,30.02,,,,,,,,,,,,,
Back Fence,Temp & Humidity Sensor,2020/12/17 1:45 PM,50.5,59.0,36.7,48.0,,,30.02,,,,,,,,,,,,,
Back Fence,Temp & Humidity Sensor,2020/12/17 1:50 PM,49.8,61.0,36.9,47.3,,,30.03,,,,,,,,,,,,,
Back Fence,Temp & Humidity Sensor,2020/12/17 1:55 PM,51.4,63.0,39.2,49.2,,,30.03,,,,,,,,,,,,,
Back Fence,Temp & Humidity Sensor,2020/12/17 2:00 PM,51.0,60.0,37.6,48.6,,,30.02,,,,,,,,,,,,,
Back Fence,Temp & Humidity Sensor,2020/12/17 2:05 PM,50.5,58.0,36.3,48.0,,,30.02,,,,,,,,,,,,,
Back Fence,Temp & Humidity Sensor,2020/12/17 2:10 PM,50.1,57.0,35.5,47.5,,,30.02,,,,,,,,,,,,,
Back Fence,Temp & Humidity Sensor,2020/12/17 2:15 PM,52.5,61.0,39.4,50.3,,,30.03,,,,,,,,,,,,,
Back Fence,Temp & Humidity Sensor,2020/12/17 2:20 PM,50.3,56.0,35.2,47.7,,,30.03,,,,,,,,,,,,,
Back Fence,Temp & Humidity Sensor,2020/12/17 2:25 PM,49.6,57.0,35.0,46.9,,,30.03,,,,,,,,,,,,,
Back Fence,Temp & Humidity Sensor,2020/12/17 2:30 PM,48.9,56.0,33.9,46.1,,,30.03,,,,,,,,,,,,,
Back Fence,Temp & Humidity Sensor,2020/12/17 2:35 PM,48.2,59.0,34.6,45.5,,,30.03,,,,,,,,,,,,,
Back Fence,Temp & Humidity Sensor,2020/12/17 2:40 PM,48.5,60.0,35.3,45.9,,,30.03,,,,,,,,,,,,,
Back Fence,Temp & Humidity Sensor,2020/12/17 2:45 PM,48.9,60.0,35.6,46.3,,,30.03,,,,,,,,,,,,,
Back Fence,Temp & Humidity Sensor,2020/12/17 2:50 PM,48.9,61.0,36.0,46.4,,,30.03,,,,,,,,,,,,,
Back Fence,Temp & Humidity Sensor,2020/12/17 2:55 PM,48.5,59.0,34.8,45.8,,,30.03,,,,,,,,,,,,,
Back Fence,Temp & Humidity Sensor,2020/12/17 3:00 PM,48.2,60.0,35.0,45.5,,,30.03,,,,,,,,,,,,,
Back Fence,Temp & Humidity Sensor,2020/12/17 3:05 PM,48.2,61.0,35.4,45.6,,,30.03,,,,,,,,,,,,,
Back Fence,Temp & Humidity Sensor,2020/12/17 3:10 PM,48.0,63.0,36.0,45.5,,,30.03,,,,,,,,,,,,,
Back Fence,Temp & Humidity Sensor,2020/12/17 3:15 PM,48.0,63.0,36.0,45.5,,,30.03,,,,,,,,,,,,,
Back Fence,Temp & Humidity Sensor,2020/12/17 3:20 PM,48.2,62.0,35.8,45.6,,,30.03,,,,,,,,,,,,,
Back Fence,Temp & Humidity Sensor,2020/12/17 3:25 PM,48.2,61.0,35.4,45.6,,,30.03,,,,,,,,,,,,,
Back Fence,Temp & Humidity Sensor,2020/12/17 3:30 PM,48.2,61.0,35.4,45.6,,,30.03,,,,,,,,,,,,,
Back Fence,Temp & Humidity Sensor,2020/12/17 3:35 PM,48.2,61.0,35.4,45.6,,,30.03,,,,,,,,,,,,,
Back Fence,Temp & Humidity Sensor,2020/12/17 3:40 PM,48.0,64.0,36.4,45.5,,,30.03,,,,,,,,,,,,,
Back Fence,Temp & Humidity Sensor,2020/12/17 3:45 PM,48.0,66.0,37.2,45.6,,,30.03,,,,,,,,,,,,,
Back Fence,Temp & Humidity Sensor,2020/12/17 3:50 PM,48.0,67.0,37.6,45.6,,,30.04,,,,,,,,,,,,,
Back Fence,Temp & Humidity Sensor,2020/12/17 3:55 PM,47.8,68.0,37.8,45.5,,,30.04,,,,,,,,,,,,,
Back Fence,Temp & Humidity Sensor,2020/12/17 4:00 PM,47.8,69.0,38.1,45.5,,,30.04,,,,,,,,,,,,,
Back Fence,Temp & Humidity Sensor,2020/12/17 4:05 PM,47.6,70.0,38.3,45.4,,,30.04,,,,,,,,,,,,,
Back Fence,Temp & Humidity Sensor,2020/12/17 4:10 PM,47.4,65.0,36.2,44.9,,,30.04,,,,,,,,,,,,,
Back Fence,Temp & Humidity Sensor,2020/12/17 4:15 PM,47.3,68.0,37.3,44.9,,,30.04,,,,,,,,,,,,,
Back Fence,Temp & Humidity Sensor,2020/12/17 4:20 PM,47.1,68.0,37.1,44.7,,,30.04,,,,,,,,,,,,,
Back Fence,Temp & Humidity Sensor,2020/12/17 4:25 PM,46.9,68.0,36.9,44.5,,,30.04,,,,,,,,,,,,,
Back Fence,Temp & Humidity Sensor,2020/12/17 4:30 PM,46.7,70.0,37.4,44.4,,,30.04,,,,,,,,,,,,,
Back Fence,Temp & Humidity Sensor,2020/12/17 4:35 PM,46.5,70.0,37.3,44.1,,,30.05,,,,,,,,,,,,,
Back Fence,Temp & Humidity Sensor,2020/12/17 4:40 PM,46.2,71.0,37.3,43.9,,,30.05,,,,,,,,,,,,,
Back Fence,Temp & Humidity Sensor,2020/12/17 4:45 PM,45.8,71.0,36.9,43.4,,,30.05,,,,,,,,,,,,,
Back Fence,Temp & Humidity Sensor,2020/12/17 4:50 PM,45.3,72.0,36.8,42.9,,,30.05,,,,,,,,,,,,,
Back Fence,Temp & Humidity Sensor,2020/12/17 4:55 PM,44.9,73.0,36.8,42.5,,,30.05,,,,,,,,,,,,,
Back Fence,Temp & Humidity Sensor,2020/12/17 5:00 PM,44.7,74.0,36.9,42.3,,,30.06,,,,,,,,,,,,,
Back Fence,Temp & Humidity Sensor,2020/12/17 5:05 PM,44.7,75.0,37.3,42.4,,,30.06,,,,,,,,,,,,,
Back Fence,Temp & Humidity Sensor,2020/12/17 5:10 PM,44.6,75.0,37.2,42.3,,,30.06,,,,,,,,,,,,,
Back Fence,Temp & Humidity Sensor,2020/12/17 5:15 PM,44.6,76.0,37.5,42.3,,,30.07,,,,,,,,,,,,,
Back Fence,Temp & Humidity Sensor,2020/12/17 5:20 PM,44.4,77.0,37.6,42.2,,,30.07,,,,,,,,,,,,,
Back Fence,Temp & Humidity Sensor,2020/12/17 5:25 PM,44.2,80.0,38.4,42.1,,,30.07,,,,,,,,,,,,,
Back Fence,Temp & Humidity Sensor,2020/12/17 5:30 PM,44.2,81.0,38.7,42.1,,,30.07,,,,,,,,,,,,,
Back Fence,Temp & Humidity Sensor,2020/12/17 5:35 PM,44.0,83.0,39.2,42.0,,,30.07,,,,,,,,,,,,,
Back Fence,Temp & Humidity Sensor,2020/12/17 5:40 PM,44.0,82.0,38.9,42.0,,,30.07,,,,,,,,,,,,,
Back Fence,Temp & Humidity Sensor,2020/12/17 5:45 PM,43.8,81.0,38.4,41.7,,,30.07,,,,,,,,,,,,,
Back Fence,Temp & Humidity Sensor,2020/12/17 5:50 PM,43.7,82.0,38.6,41.6,,,30.08,,,,,,,,,,,,,
Back Fence,Temp & Humidity Sensor,2020/12/17 5:55 PM,43.5,82.0,38.4,41.4,,,30.08,,,,,,,,,,,,,
Back Fence,Temp & Humidity Sensor,2020/12/17 6:00 PM,43.5,83.0,38.7,41.5,,,30.08,,,,,,,,,,,,,
Back Fence,Temp & Humidity Sensor,2020/12/17 6:05 PM,43.3,82.0,38.2,41.2,,,30.08,,,,,,,,,,,,,
Back Fence,Temp & Humidity Sensor,2020/12/17 6:10 PM,43.1,82.0,38.0,41.0,,,30.08,,,,,,,,,,,,,
Back Fence,Temp & Humidity Sensor,2020/12/17 6:15 PM,42.9,82.0,37.8,40.7,,,30.08,,,,,,,,,,,,,
Back Fence,Temp & Humidity Sensor,2020/12/17 6:20 PM,42.9,83.0,38.1,40.8,,,30.08,,,,,,,,,,,,,
Back Fence,Temp & Humidity Sensor,2020/12/17 6:25 PM,42.8,83.0,38.0,40.7,,,30.09,,,,,,,,,,,,,
Back Fence,Temp & Humidity Sensor,2020/12/17 6:30 PM,42.8,83.0,38.0,40.7,,,30.09,,,,,,,,,,,,,
Back Fence,Temp & Humidity Sensor,2020/12/17 6:35 PM,42.8,84.0,38.3,40.7,,,30.09,,,,,,,,,,,,,
Back Fence,Temp & Humidity Sensor,2020/12/17 6:40 PM,42.8,84.0,38.3,40.7,,,30.09,,,,,,,,,,,,,
Back Fence,Temp & Humidity Sensor,2020/12/17 6:45 PM,42.8,84.0,38.3,40.7,,,30.09,,,,,,,,,,,,,
Back Fence,Temp & Humidity Sensor,2020/12/17 6:50 PM,42.8,84.0,38.3,40.7,,,30.09,,,,,,,,,,,,,
Back Fence,Temp & Humidity Sensor,2020/12/17 6:55 PM,42.8,84.0,38.3,40.7,,,30.1,,,,,,,,,,,,,
Back Fence,Temp & Humidity Sensor,2020/12/17 7:00 PM,42.6,86.0,38.7,40.6,,,30.1,,,,,,,,,,,,,
Back Fence,Temp & Humidity Sensor,2020/12/17 7:05 PM,42.6,86.0,38.7,40.6,,,30.1,,,,,,,,,,,,,
Back Fence,Temp & Humidity Sensor,2020/12/17 7:10 PM,42.6,88.0,39.3,40.7,,,30.11,,,,,,,,,,,,,
Back Fence,Temp & Humidity Sensor,2020/12/17 7:15 PM,42.4,87.0,38.8,40.4,,,30.1,,,,,,,,,,,,,
Back Fence,Temp & Humidity Sensor,2020/12/17 7:20 PM,42.4,87.0,38.8,40.4,,,30.11,,,,,,,,,,,,,
Back Fence,Temp & Humidity Sensor,2020/12/17 7:25 PM,42.2,87.0,38.6,40.2,,,30.11,,,,,,,,,,,,,
Back Fence,Temp & Humidity Sensor,2020/12/17 7:30 PM,42.2,87.0,38.6,40.2,,,30.11,,,,,,,,,,,,,
Back Fence,Temp & Humidity Sensor,2020/12/17 7:35 PM,42.0,87.0,38.4,40.0,,,30.11,,,,,,,,,,,,,
Back Fence,Temp & Humidity Sensor,2020/12/17 7:40 PM,42.0,87.0,38.4,40.0,,,30.11,,,,,,,,,,,,,
Back Fence,Temp & Humidity Sensor,2020/12/17 7:45 PM,42.0,87.0,38.4,40.0,,,30.11,,,,,,,,,,,,,
Back Fence,Temp & Humidity Sensor,2020/12/17 7:50 PM,41.9,87.0,38.3,39.9,,,30.11,,,,,,,,,,,,,
Back Fence,Temp & Humidity Sensor,2020/12/17 7:55 PM,41.9,88.0,38.6,39.9,,,30.11,,,,,,,,,,,,,
Back Fence,Temp & Humidity Sensor,2020/12/17 8:00 PM,41.9,88.0,38.6,39.9,,,30.11,,,,,,,,,,,,,
Back Fence,Temp & Humidity Sensor,2020/12/17 8:05 PM,41.9,88.0,38.6,39.9,,,30.12,,,,,,,,,,,,,
Back Fence,Temp & Humidity Sensor,2020/12/17 8:10 PM,41.9,89.0,38.9,40.0,,,30.12,,,,,,,,,,,,,
Back Fence,Temp & Humidity Sensor,2020/12/17 8:15 PM,41.7,89.0,38.7,39.8,,,30.12,,,,,,,,,,,,,
Back Fence,Temp & Humidity Sensor,2020/12/17 8:20 PM,41.7,89.0,38.7,39.8,,,30.12,,,,,,,,,,,,,
Back Fence,Temp & Humidity Sensor,2020/12/17 8:25 PM,41.7,89.0,38.7,39.8,,,30.12,,,,,,,,,,,,,
Back Fence,Temp & Humidity Sensor,2020/12/17 8:30 PM,41.7,89.0,38.7,39.8,,,30.12,,,,,,,,,,,,,
Back Fence,Temp & Humidity Sensor,2020/12/17 8:35 PM,41.5,89.0,38.5,39.5,,,30.13,,,,,,,,,,,,,
Back Fence,Temp & Humidity Sensor,2020/12/17 8:40 PM,41.5,90.0,38.8,39.6,,,30.13,,,,,,,,,,,,,
Back Fence,Temp & Humidity Sensor,2020/12/17 8:45 PM,41.5,91.0,39.1,39.6,,,30.13,,,,,,,,,,,,,
Back Fence,Temp & Humidity Sensor,2020/12/17 8:50 PM,41.3,90.0,38.6,39.4,,,30.13,,,,,,,,,,,,,
Back Fence,Temp & Humidity Sensor,2020/12/17 8:55 PM,41.3,90.0,38.6,39.4,,,30.13,,,,,,,,,,,,,
Back Fence,Temp & Humidity Sensor,2020/12/17 9:00 PM,41.3,89.0,38.3,39.3,,,30.13,,,,,,,,,,,,,
Back Fence,Temp & Humidity Sensor,2020/12/17 9:05 PM,41.3,89.0,38.3,39.3,,,30.13,,,,,,,,,,,,,
Back Fence,Temp & Humidity Sensor,2020/12/17 9:10 PM,41.3,89.0,38.3,39.3,,,30.14,,,,,,,,,,,,,
Back Fence,Temp & Humidity Sensor,2020/12/17 9:15 PM,41.1,89.0,38.1,39.1,,,30.14,,,,,,,,,,,,,
Back Fence,Temp & Humidity Sensor,2020/12/17 9:20 PM,41.1,90.0,38.4,39.1,,,30.14,,,,,,,,,,,,,
Back Fence,Temp & Humidity Sensor,2020/12/17 9:25 PM,41.1,90.0,38.4,39.1,,,30.14,,,,,,,,,,,,,
Back Fence,Temp & Humidity Sensor,2020/12/17 9:30 PM,41.1,90.0,38.4,39.1,,,30.14,,,,,,,,,,,,,
Back Fence,Temp & Humidity Sensor,2020/12/17 9:35 PM,41.1,90.0,38.4,39.1,,,30.14,,,,,,,,,,,,,
Back Fence,Temp & Humidity Sensor,2020/12/17 9:40 PM,41.1,89.0,38.1,39.1,,,30.14,,,,,,,,,,,,,
Back Fence,Temp & Humidity Sensor,2020/12/17 9:45 PM,41.0,89.0,38.0,39.0,,,30.15,,,,,,,,,,,,,
Back Fence,Temp & Humidity Sensor,2020/12/17 9:50 PM,41.0,89.0,38.0,39.0,,,30.15,,,,,,,,,,,,,
Back Fence,Temp & Humidity Sensor,2020/12/17 9:55 PM,41.0,90.0,38.3,39.0,,,30.15,,,,,,,,,,,,,
Back Fence,Temp & Humidity Sensor,2020/12/17 10:00 PM,41.0,91.0,38.6,39.1,,,30.15,,,,,,,,,,,,,
Back Fence,Temp & Humidity Sensor,2020/12/17 10:05 PM,41.1,91.0,38.7,39.2,,,30.15,,,,,,,,,,,,,
Back Fence,Temp & Humidity Sensor,2020/12/17 10:10 PM,41.1,91.0,38.7,39.2,,,30.15,,,,,,,,,,,,,
Back Fence,Temp & Humidity Sensor,2020/12/17 10:15 PM,41.1,92.0,39.0,39.2,,,30.15,,,,,,,,,,,,,
Back Fence,Temp & Humidity Sensor,2020/12/17 10:20 PM,41.1,91.0,38.7,39.2,,,30.15,,,,,,,,,,,,,
Back Fence,Temp & Humidity Sensor,2020/12/17 10:25 PM,41.1,89.0,38.1,39.1,,,30.15,,,,,,,,,,,,,
Back Fence,Temp & Humidity Sensor,2020/12/17 10:30 PM,41.1,89.0,38.1,39.1,,,30.16,,,,,,,,,,,,,
Back Fence,Temp & Humidity Sensor,2020/12/17 10:35 PM,41.1,89.0,38.1,39.1,,,30.16,,,,,,,,,,,,,
Back Fence,Temp & Humidity Sensor,2020/12/17 10:40 PM,41.1,89.0,38.1,39.1,,,30.16,,,,,,,,,,,,,
Back Fence,Temp & Humidity Sensor,2020/12/17 10:45 PM,41.1,89.0,38.1,39.1,,,30.16,,,,,,,,,,,,,
Back Fence,Temp & Humidity Sensor,2020/12/17 10:50 PM,41.3,88.0,38.0,39.3,,,30.16,,,,,,,,,,,,,
Back Fence,Temp & Humidity Sensor,2020/12/17 10:55 PM,41.9,80.0,36.2,39.6,,,30.16,,,,,,,,,,,,,
Back Fence,Temp & Humidity Sensor,2020/12/17 11:00 PM,42.2,78.0,35.8,39.8,,,30.16,,,,,,,,,,,,,
Back Fence,Temp & Humidity Sensor,2020/12/17 11:05 PM,42.4,76.0,35.4,39.9,,,30.16,,,,,,,,,,,,,
Back Fence,Temp & Humidity Sensor,2020/12/17 11:10 PM,42.6,74.0,34.9,40.0,,,30.16,,,,,,,,,,,,,
Back Fence,Temp & Humidity Sensor,2020/12/17 11:15 PM,42.6,72.0,34.2,39.9,,,30.17,,,,,,,,,,,,,
Back Fence,Temp & Humidity Sensor,2020/12/17 11:20 PM,42.6,70.0,33.5,39.9,,,30.17,,,,,,,,,,,,,
Back Fence,Temp & Humidity Sensor,2020/12/17 11:25 PM,42.8,70.0,33.7,40.1,,,30.16,,,,,,,,,,,,,
Back Fence,Temp & Humidity Sensor,2020/12/17 11:30 PM,42.6,70.0,33.5,39.9,,,30.17,,,,,,,,,,,,,
Back Fence,Temp & Humidity Sensor,2020/12/17 11:35 PM,42.6,68.0,32.8,39.8,,,30.17,,,,,,,,,,,,,
Back Fence,Temp & Humidity Sensor,2020/12/17 11:40 PM,42.6,68.0,32.8,39.8,,,30.17,,,,,,,,,,,,,
Back Fence,Temp & Humidity Sensor,2020/12/17 11:45 PM,42.6,68.0,32.8,39.8,,,30.17,,,,,,,,,,,,,
Back Fence,Temp & Humidity Sensor,2020/12/17 11:50 PM,42.6,68.0,32.8,39.8,,,30.17,,,,,,,,,,,,,
Back Fence,Temp & Humidity Sensor,2020/12/17 11:55 PM,42.4,69.0,33.0,39.6,,,30.17,,,,,,,,,,,,,
Back Fence,Temp & Humidity Sensor,2020/12/18 12:00 AM,42.4,68.0,32.6,39.5,,,30.17,,,,,,,,,,,,,
Back Fence,Temp & Humidity Sensor,2020/12/18 12:05 AM,42.2,69.0,32.8,39.4,,,30.18,,,,,,,,,,,,,
Back Fence,Temp & Humidity Sensor,2020/12/18 12:10 AM,42.2,68.0,32.4,39.3,,,30.17,,,,,,,,,,,,,
Back Fence,Temp & Humidity Sensor,2020/12/18 12:15 AM,42.0,68.0,32.2,39.1,,,30.17,,,,,,,,,,,,,
Back Fence,Temp & Humidity Sensor,2020/12/18 12:20 AM,42.0,67.0,31.8,39.0,,,30.18,,,,,,,,,,,,,
Back Fence,Temp & Humidity Sensor,2020/12/18 12:25 AM,42.0,68.0,32.2,39.1,,,30.18,,,,,,,,,,,,,
Back Fence,Temp & Humidity Sensor,2020/12/18 12:30 AM,41.9,69.0,32.5,39.0,,,30.17,,,,,,,,,,,,,
Back Fence,Temp & Humidity Sensor,2020/12/18 12:35 AM,41.9,68.0,32.1,39.0,,,30.18,,,,,,,,,,,,,
Back Fence,Temp & Humidity Sensor,2020/12/18 12:40 AM,41.9,68.0,32.1,39.0,,,30.18,,,,,,,,,,,,,
Back Fence,Temp & Humidity Sensor,2020/12/18 12:45 AM,41.7,68.0,31.9,38.8,,,30.18,,,,,,,,,,,,,
Back Fence,Temp & Humidity Sensor,2020/12/18 12:50 AM,41.7,67.0,31.6,38.7,,,30.18,,,,,,,,,,,,,
Back Fence,Temp & Humidity Sensor,2020/12/18 12:55 AM,41.7,67.0,31.6,38.7,,,30.18,,,,,,,,,,,,,
Back Fence,Temp & Humidity Sensor,2020/12/18 1:00 AM,41.9,66.0,31.4,38.9,,,30.18,,,,,,,,,,,,,
Back Fence,Temp & Humidity Sensor,2020/12/18 1:05 AM,41.7,67.0,31.6,38.7,,,30.18,,,,,,,,,,,,,
Back Fence,Temp & Humidity Sensor,2020/12/18 1:10 AM,41.5,67.0,31.4,38.5,,,30.18,,,,,,,,,,,,,
Back Fence,Temp & Humidity Sensor,2020/12/18 1:15 AM,41.5,66.0,31.0,38.5,,,30.18,,,,,,,,,,,,,
Back Fence,Temp & Humidity Sensor,2020/12/18 1:20 AM,41.5,68.0,31.7,38.5,,,30.19,,,,,,,,,,,,,
Back Fence,Temp & Humidity Sensor,2020/12/18 1:25 AM,41.1,69.0,31.7,38.2,,,30.19,,,,,,,,,,,,,
Back Fence,Temp & Humidity Sensor,2020/12/18 1:30 AM,41.1,69.0,31.7,38.2,,,30.19,,,,,,,,,,,,,
Back Fence,Temp & Humidity Sensor,2020/12/18 1:35 AM,41.1,68.0,31.4,38.1,,,30.19,,,,,,,,,,,,,
Back Fence,Temp & Humidity Sensor,2020/12/18 1:40 AM,41.1,68.0,31.4,38.1,,,30.19,,,,,,,,,,,,,
Back Fence,Temp & Humidity Sensor,2020/12/18 1:45 AM,41.1,66.0,30.6,38.0,,,30.19,,,,,,,,,,,,,
Back Fence,Temp & Humidity Sensor,2020/12/18 1:50 AM,41.1,67.0,31.0,38.1,,,30.19,,,,,,,,,,,,,
Back Fence,Temp & Humidity Sensor,2020/12/18 1:55 AM,41.3,63.0,29.7,38.1,,,30.2,,,,,,,,,,,,,
Back Fence,Temp & Humidity Sensor,2020/12/18 2:00 AM,41.1,64.0,29.9,37.9,,,30.2,,,,,,,,,,,,,
Back Fence,Temp & Humidity Sensor,2020/12/18 2:05 AM,41.0,64.0,29.8,37.8,,,30.2,,,,,,,,,,,,,
Back Fence,Temp & Humidity Sensor,2020/12/18 2:10 AM,41.0,64.0,29.8,37.8,,,30.2,,,,,,,,,,,,,
Back Fence,Temp & Humidity Sensor,2020/12/18 2:15 AM,40.8,65.0,30.0,37.6,,,30.21,,,,,,,,,,,,,
Back Fence,Temp & Humidity Sensor,2020/12/18 2:20 AM,40.8,64.0,29.6,37.6,,,30.21,,,,,,,,,,,,,
Back Fence,Temp & Humidity Sensor,2020/12/18 2:25 AM,40.6,64.0,29.4,37.4,,,30.21,,,,,,,,,,,,,
Back Fence,Temp & Humidity Sensor,2020/12/18 2:30 AM,40.8,63.0,29.2,37.5,,,30.21,,,,,,,,,,,,,
Back Fence,Temp & Humidity Sensor,2020/12/18 2:35 AM,40.6,64.0,29.4,37.4,,,30.22,,,,,,,,,,,,,
Back Fence,Temp & Humidity Sensor,2020/12/18 2:40 AM,40.6,64.0,29.4,37.4,,,30.22,,,,,,,,,,,,,
Back Fence,Temp & Humidity Sensor,2020/12/18 2:45 AM,40.4,64.0,29.2,37.1,,,30.22,,,,,,,,,,,,,
Back Fence,Temp & Humidity Sensor,2020/12/18 2:50 AM,40.4,65.0,29.6,37.2,,,30.22,,,,,,,,,,,,,
Back Fence,Temp & Humidity Sensor,2020/12/18 2:55 AM,40.4,63.0,28.8,37.1,,,30.22,,,,,,,,,,,,,
Back Fence,Temp & Humidity Sensor,2020/12/18 3:00 AM,40.2,64.0,29.0,36.9,,,30.22,,,,,,,,,,,,,
Back Fence,Temp & Humidity Sensor,2020/12/18 3:05 AM,40.2,63.0,28.6,36.9,,,30.22,,,,,,,,,,,,,
Back Fence,Temp & Humidity Sensor,2020/12/18 3:10 AM,40.2,63.0,28.6,36.9,,,30.23,,,,,,,,,,,,,
Back Fence,Temp & Humidity Sensor,2020/12/18 3:15 AM,40.2,64.0,29.0,36.9,,,30.23,,,,,,,,,,,,,
Back Fence,Temp & Humidity Sensor,2020/12/18 3:20 AM,40.1,65.0,29.3,36.9,,,30.23,,,,,,,,,,,,,
Back Fence,Temp & Humidity Sensor,2020/12/18 3:25 AM,40.1,64.0,28.9,36.8,,,30.24,,,,,,,,,,,,,
Back Fence,Temp & Humidity Sensor,2020/12/18 3:30 AM,40.1,64.0,28.9,36.8,,,30.24,,,,,,,,,,,,,
Back Fence,Temp & Humidity Sensor,2020/12/18 3:35 AM,40.1,64.0,28.9,36.8,,,30.24,,,,,,,,,,,,,
Back Fence,Temp & Humidity Sensor,2020/12/18 3:40 AM,40.1,63.0,28.5,36.8,,,30.24,,,,,,,,,,,,,
Back Fence,Temp & Humidity Sensor,2020/12/18 3:45 AM,39.9,64.0,28.7,39.9,,,30.24,,,,,,,,,,,,,
Back Fence,Temp & Humidity Sensor,2020/12/18 3:50 AM,39.9,64.0,28.7,39.9,,,30.24,,,,,,,,,,,,,
Back Fence,Temp & Humidity Sensor,2020/12/18 3:55 AM,39.9,65.0,29.1,39.9,,,30.24,,,,,,,,,,,,,
Back Fence,Temp & Humidity Sensor,2020/12/18 4:00 AM,39.9,64.0,28.7,39.9,,,30.24,,,,,,,,,,,,,
Back Fence,Temp & Humidity Sensor,2020/12/18 4:05 AM,39.9,64.0,28.7,39.9,,,30.24,,,,,,,,,,,,,
Back Fence,Temp & Humidity Sensor,2020/12/18 4:10 AM,39.9,64.0,28.7,39.9,,,30.24,,,,,,,,,,,,,
Back Fence,Temp & Humidity Sensor,2020/12/18 4:15 AM,39.7,64.0,28.5,39.7,,,30.24,,,,,,,,,,,,,
Back Fence,Temp & Humidity Sensor,2020/12/18 4:20 AM,39.7,64.0,28.5,39.7,,,30.25,,,,,,,,,,,,,
Back Fence,Temp & Humidity Sensor,2020/12/18 4:25 AM,39.7,63.0,28.2,39.7,,,30.24,,,,,,,,,,,,,
Back Fence,Temp & Humidity Sensor,2020/12/18 4:30 AM,39.5,63.0,28.0,39.5,,,30.24,,,,,,,,,,,,,
Back Fence,Temp & Humidity Sensor,2020/12/18 4:35 AM,39.2,64.0,28.1,39.2,,,30.24,,,,,,,,,,,,,
Back Fence,Temp & Humidity Sensor,2020/12/18 4:40 AM,38.8,66.0,28.4,38.8,,,30.24,,,,,,,,,,,,,
Back Fence,Temp & Humidity Sensor,2020/12/18 4:45 AM,38.8,67.0,28.8,38.8,,,30.25,,,,,,,,,,,,,
Back Fence,Temp & Humidity Sensor,2020/12/18 4:50 AM,38.8,68.0,29.2,38.8,,,30.25,,,,,,,,,,,,,
Back Fence,Temp & Humidity Sensor,2020/12/18 4:55 AM,38.6,69.0,29.3,38.6,,,30.25,,,,,,,,,,,,,
Back Fence,Temp & Humidity Sensor,2020/12/18 5:00 AM,38.8,68.0,29.2,38.8,,,30.25,,,,,,,,,,,,,
Back Fence,Temp & Humidity Sensor,2020/12/18 5:05 AM,38.8,67.0,28.8,38.8,,,30.25,,,,,,,,,,,,,
Back Fence,Temp & Humidity Sensor,2020/12/18 5:10 AM,38.4,68.0,28.8,38.4,,,30.25,,,,,,,,,,,,,
Back Fence,Temp & Humidity Sensor,2020/12/18 5:15 AM,38.1,68.0,28.5,38.1,,,30.26,,,,,,,,,,,,,
Back Fence,Temp & Humidity Sensor,2020/12/18 5:20 AM,37.7,70.0,28.8,37.7,,,30.26,,,,,,,,,,,,,
Back Fence,Temp & Humidity Sensor,2020/12/18 5:25 AM,37.7,71.0,29.2,37.7,,,30.26,,,,,,,,,,,,,
Back Fence,Temp & Humidity Sensor,2020/12/18 5:30 AM,37.7,71.0,29.2,37.7,,,30.27,,,,,,,,,,,,,
Back Fence,Temp & Humidity Sensor,2020/12/18 5:35 AM,38.1,69.0,28.8,38.1,,,30.27,,,,,,,,,,,,,
Back Fence,Temp & Humidity Sensor,2020/12/18 5:40 AM,38.1,69.0,28.8,38.1,,,30.28,,,,,,,,,,,,,
Back Fence,Temp & Humidity Sensor,2020/12/18 5:45 AM,37.7,70.0,28.8,37.7,,,30.28,,,,,,,,,,,,,
Back Fence,Temp & Humidity Sensor,2020/12/18 5:50 AM,37.4,69.0,28.2,37.4,,,30.28,,,,,,,,,,,,,
Back Fence,Temp & Humidity Sensor,2020/12/18 5:55 AM,37.4,70.0,28.5,37.4,,,30.29,,,,,,,,,,,,,
Back Fence,Temp & Humidity Sensor,2020/12/18 6:00 AM,37.4,69.0,28.2,37.4,,,30.29,,,,,,,,,,,,,
Back Fence,Temp & Humidity Sensor,2020/12/18 6:05 AM,37.0,70.0,28.1,37.0,,,30.29,,,,,,,,,,,,,
Back Fence,Temp & Humidity Sensor,2020/12/18 6:10 AM,36.6,70.0,27.8,36.6,,,30.29,,,,,,,,,,,,,
Back Fence,Temp & Humidity Sensor,2020/12/18 6:15 AM,36.3,71.0,27.8,36.3,,,30.3,,,,,,,,,,,,,
Back Fence,Temp & Humidity Sensor,2020/12/18 6:20 AM,36.6,72.0,28.4,36.6,,,30.3,,,,,,,,,,,,,
Back Fence,Temp & Humidity Sensor,2020/12/18 6:25 AM,36.6,73.0,28.8,36.6,,,30.3,,,,,,,,,,,,,
Back Fence,Temp & Humidity Sensor,2020/12/18 6:30 AM,36.6,73.0,28.8,36.6,,,30.3,,,,,,,,,,,,,
Back Fence,Temp & Humidity Sensor,2020/12/18 6:35 AM,36.8,74.0,29.3,36.8,,,30.31,,,,,,,,,,,,,
Back Fence,Temp & Humidity Sensor,2020/12/18 6:40 AM,37.0,73.0,29.2,37.0,,,30.31,,,,,,,,,,,,,
Back Fence,Temp & Humidity Sensor,2020/12/18 6:45 AM,37.0,71.0,28.5,37.0,,,30.31,,,,,,,,,,,,,
Back Fence,Temp & Humidity Sensor,2020/12/18 6:50 AM,37.2,71.0,28.7,37.2,,,30.31,,,,,,,,,,,,,
Back Fence,Temp & Humidity Sensor,2020/12/18 6:55 AM,37.0,72.0,28.8,37.0,,,30.31,,,,,,,,,,,,,
Back Fence,Temp & Humidity Sensor,2020/12/18 7:00 AM,36.8,71.0,28.3,36.8,,,30.31,,,,,,,,,,,,,
Back Fence,Temp & Humidity Sensor,2020/12/18 7:05 AM,36.8,70.0,27.9,36.8,,,30.32,,,,,,,,,,,,,
Back Fence,Temp & Humidity Sensor,2020/12/18 7:10 AM,36.6,70.0,27.8,36.6,,,30.32,,,,,,,,,,,,,
Back Fence,Temp & Humidity Sensor,2020/12/18 7:15 AM,36.5,71.0,28.0,36.5,,,30.32,,,,,,,,,,,,,
Back Fence,Temp & Humidity Sensor,2020/12/18 7:20 AM,36.1,71.0,27.6,36.1,,,30.32,,,,,,,,,,,,,
Back Fence,Temp & Humidity Sensor,2020/12/18 7:25 AM,35.9,71.0,27.4,35.9,,,30.32,,,,,,,,,,,,,
Back Fence,Temp & Humidity Sensor,2020/12/18 7:30 AM,35.6,73.0,27.8,35.6,,,30.32,,,,,,,,,,,,,
Back Fence,Temp & Humidity Sensor,2020/12/18 7:35 AM,35.6,71.0,27.1,35.6,,,30.32,,,,,,,,,,,,,
Back Fence,Temp & Humidity Sensor,2020/12/18 7:40 AM,35.6,69.0,26.4,35.6,,,30.33,,,,,,,,,,,,,
Back Fence,Temp & Humidity Sensor,2020/12/18 7:45 AM,35.2,71.0,26.8,35.2,,,30.33,,,,,,,,,,,,,
Back Fence,Temp & Humidity Sensor,2020/12/18 7:50 AM,35.0,71.0,26.6,35.0,,,30.33,,,,,,,,,,,,,
Back Fence,Temp & Humidity Sensor,2020/12/18 7:55 AM,34.7,71.0,26.3,34.7,,,30.33,,,,,,,,,,,,,
Back Fence,Temp & Humidity Sensor,2020/12/18 8:00 AM,34.5,72.0,26.4,34.5,,,30.33,,,,,,,,,,,,,
Back Fence,Temp & Humidity Sensor,2020/12/18 8:05 AM,34.5,72.0,26.4,34.5,,,30.33,,,,,,,,,,,,,
Back Fence,Temp & Humidity Sensor,2020/12/18 8:10 AM,35.0,69.0,25.9,35.0,,,30.33,,,,,,,,,,,,,
Back Fence,Temp & Humidity Sensor,2020/12/18 8:15 AM,35.2,70.0,26.4,35.2,,,30.33,,,,,,,,,,,,,
Back Fence,Temp & Humidity Sensor,2020/12/18 8:20 AM,35.4,70.0,26.6,35.4,,,30.34,,,,,,,,,,,,,
Back Fence,Temp & Humidity Sensor,2020/12/18 8:25 AM,35.6,68.0,26.1,35.6,,,30.34,,,,,,,,,,,,,
Back Fence,Temp & Humidity Sensor,2020/12/18 8:30 AM,35.9,67.0,26.0,35.9,,,30.34,,,,,,,,,,,,,
Back Fence,Temp & Humidity Sensor,2020/12/18 8:35 AM,36.5,65.0,25.9,36.5,,,30.34,,,,,,,,,,,,,
Back Fence,Temp & Humidity Sensor,2020/12/18 8:40 AM,36.6,65.0,26.0,36.6,,,30.34,,,,,,,,,,,,,
Back Fence,Temp & Humidity Sensor,2020/12/18 8:45 AM,36.8,63.0,25.4,36.8,,,30.35,,,,,,,,,,,,,
Back Fence,Temp & Humidity Sensor,2020/12/18 8:50 AM,37.0,63.0,25.6,37.0,,,30.35,,,,,,,,,,,,,
Back Fence,Temp & Humidity Sensor,2020/12/18 8:55 AM,37.9,61.0,25.7,37.9,,,30.35,,,,,,,,,,,,,
Back Fence,Temp & Humidity Sensor,2020/12/18 9:00 AM,38.4,61.0,26.1,38.4,,,30.35,,,,,,,,,,,,,
Back Fence,Temp & Humidity Sensor,2020/12/18 9:05 AM,39.0,60.0,26.3,39.0,,,30.36,,,,,,,,,,,,,
Back Fence,Temp & Humidity Sensor,2020/12/18 9:10 AM,38.3,60.0,25.6,38.3,,,30.36,,,,,,,,,,,,,
Back Fence,Temp & Humidity Sensor,2020/12/18 9:15 AM,38.6,60.0,25.9,38.6,,,30.36,,,,,,,,,,,,,
Back Fence,Temp & Humidity Sensor,2020/12/18 9:20 AM,38.8,60.0,26.1,38.8,,,30.36,,,,,,,,,,,,,
Back Fence,Temp & Humidity Sensor,2020/12/18 9:25 AM,39.0,57.0,25.1,39.0,,,30.36,,,,,,,,,,,,,
Back Fence,Temp & Humidity Sensor,2020/12/18 9:30 AM,39.0,57.0,25.1,39.0,,,30.36,,,,,,,,,,,,,
Back Fence,Temp & Humidity Sensor,2020/12/18 9:35 AM,39.2,57.0,25.3,39.2,,,30.36,,,,,,,,,,,,,
Back Fence,Temp & Humidity Sensor,2020/12/18 9:40 AM,39.2,58.0,25.7,39.2,,,30.37,,,,,,,,,,,,,
Back Fence,Temp & Humidity Sensor,2020/12/18 9:45 AM,39.5,59.0,26.4,39.5,,,30.37,,,,,,,,,,,,,
Back Fence,Temp & Humidity Sensor,2020/12/18 9:50 AM,41.0,54.0,25.6,37.3,,,30.37,,,,,,,,,,,,,
Back Fence,Temp & Humidity Sensor,2020/12/18 9:55 AM,41.5,53.0,25.7,37.8,,,30.37,,,,,,,,,,,,,
Back Fence,Temp & Humidity Sensor,2020/12/18 10:00 AM,41.0,54.0,25.6,37.3,,,30.37,,,,,,,,,,,,,
Back Fence,Temp & Humidity Sensor,2020/12/18 10:05 AM,41.0,54.0,25.6,37.3,,,30.37,,,,,,,,,,,,,
Back Fence,Temp & Humidity Sensor,2020/12/18 10:10 AM,41.0,54.0,25.6,37.3,,,30.37,,,,,,,,,,,,,
Back Fence,Temp & Humidity Sensor,2020/12/18 10:15 AM,43.8,56.0,29.1,40.5,,,30.38,,,,,,,,,,,,,
Back Fence,Temp & Humidity Sensor,2020/12/18 10:20 AM,43.3,53.0,27.3,39.8,,,30.38,,,,,,,,,,,,,
Back Fence,Temp & Humidity Sensor,2020/12/18 10:25 AM,42.6,52.0,26.2,39.0,,,30.38,,,,,,,,,,,,,
Back Fence,Temp & Humidity Sensor,2020/12/18 10:30 AM,42.4,53.0,26.5,38.8,,,30.38,,,,,,,,,,,,,
Back Fence,Temp & Humidity Sensor,2020/12/18 10:35 AM,43.3,53.0,27.3,39.8,,,30.39,,,,,,,,,,,,,
Back Fence,Temp & Humidity Sensor,2020/12/18 10:40 AM,43.5,51.0,26.6,39.9,,,30.39,,,,,,,,,,,,,
Back Fence,Temp & Humidity Sensor,2020/12/18 10:45 AM,42.6,51.0,25.8,39.0,,,30.38,,,,,,,,,,,,,
Back Fence,Temp & Humidity Sensor,2020/12/18 10:50 AM,42.2,52.0,25.9,38.6,,,30.39,,,,,,,,,,,,,
Back Fence,Temp & Humidity Sensor,2020/12/18 10:55 AM,42.0,52.0,25.7,38.3,,,30.39,,,,,,,,,,,,,
Back Fence,Temp & Humidity Sensor,2020/12/18 11:00 AM,42.2,52.0,25.9,38.6,,,30.39,,,,,,,,,,,,,
Back Fence,Temp & Humidity Sensor,2020/12/18 11:05 AM,42.6,51.0,25.8,39.0,,,30.39,,,,,,,,,,,,,
Back Fence,Temp & Humidity Sensor,2020/12/18 11:10 AM,42.2,52.0,25.9,38.6,,,30.39,,,,,,,,,,,,,
Back Fence,Temp & Humidity Sensor,2020/12/18 11:15 AM,42.4,52.0,26.0,38.8,,,30.39,,,,,,,,,,,,,
Back Fence,Temp & Humidity Sensor,2020/12/18 11:20 AM,42.6,51.0,25.8,39.0,,,30.39,,,,,,,,,,,,,
Back Fence,Temp & Humidity Sensor,2020/12/18 11:25 AM,42.8,52.0,26.4,39.2,,,30.39,,,,,,,,,,,,,
Back Fence,Temp & Humidity Sensor,2020/12/18 11:30 AM,42.9,52.0,26.5,39.3,,,30.39,,,,,,,,,,,,,
Back Fence,Temp & Humidity Sensor,2020/12/18 11:35 AM,43.7,52.0,27.2,40.2,,,30.39,,,,,,,,,,,,,
Back Fence,Temp & Humidity Sensor,2020/12/18 11:40 AM,43.7,51.0,26.8,40.2,,,30.38,,,,,,,,,,,,,
Back Fence,Temp & Humidity Sensor,2020/12/18 11:45 AM,43.1,51.0,26.2,39.5,,,30.38,,,,,,,,,,,,,
Back Fence,Temp & Humidity Sensor,2020/12/18 11:50 AM,42.9,51.0,26.0,39.3,,,30.38,,,,,,,,,,,,,
Back Fence,Temp & Humidity Sensor,2020/12/18 11:55 AM,42.8,52.0,26.4,39.2,,,30.38,,,,,,,,,,,,,
Back Fence,Temp & Humidity Sensor,2020/12/18 12:00 PM,44.7,50.0,27.2,41.2,,,30.38,,,,,,,,,,,,,
Back Fence,Temp & Humidity Sensor,2020/12/18 12:05 PM,46.9,49.0,28.8,43.6,,,30.38,,,,,,,,,,,,,
Back Fence,Temp & Humidity Sensor,2020/12/18 12:10 PM,45.3,48.0,26.8,41.8,,,30.38,,,,,,,,,,,,,
Back Fence,Temp & Humidity Sensor,2020/12/18 12:15 PM,45.3,47.0,26.3,41.7,,,30.38,,,,,,,,,,,,,
Back Fence,Temp & Humidity Sensor,2020/12/18 12:20 PM,44.9,47.0,25.9,41.3,,,30.38,,,,,,,,,,,,,
Back Fence,Temp & Humidity Sensor,2020/12/18 12:25 PM,48.7,44.0,27.8,45.3,,,30.37,,,,,,,,,,,,,
Back Fence,Temp & Humidity Sensor,2020/12/18 12:30 PM,49.8,43.0,28.2,46.5,,,30.37,,,,,,,,,,,,,
Back Fence,Temp & Humidity Sensor,2020/12/18 12:35 PM,47.8,44.0,27.0,44.3,,,30.37,,,,,,,,,,,,,
Back Fence,Temp & Humidity Sensor,2020/12/18 12:40 PM,48.7,44.0,27.8,45.3,,,30.37,,,,,,,,,,,,,
Back Fence,Temp & Humidity Sensor,2020/12/18 12:45 PM,46.7,44.0,26.0,43.1,,,30.37,,,,,,,,,,,,,
Back Fence,Temp & Humidity Sensor,2020/12/18 12:50 PM,45.1,47.0,26.1,41.5,,,30.37,,,,,,,,,,,,,
Back Fence,Temp & Humidity Sensor,2020/12/18 12:55 PM,45.1,47.0,26.1,41.5,,,30.37,,,,,,,,,,,,,
Back Fence,Temp & Humidity Sensor,2020/12/18 1:00 PM,46.5,47.0,27.4,43.1,,,30.37,,,,,,,,,,,,,
Back Fence,Temp & Humidity Sensor,2020/12/18 1:05 PM,50.0,43.0,28.4,46.7,,,30.36,,,,,,,,,,,,,
Back Fence,Temp & Humidity Sensor,2020/12/18 1:10 PM,47.4,45.0,27.1,44.0,,,30.37,,,,,,,,,,,,,
Back Fence,Temp & Humidity Sensor,2020/12/18 1:15 PM,49.4,47.0,30.0,46.2,,,30.37,,,,,,,,,,,,,
Back Fence,Temp & Humidity Sensor,2020/12/18 1:20 PM,47.8,43.0,26.4,44.3,,,30.37,,,,,,,,,,,,,
Back Fence,Temp & Humidity Sensor,2020/12/18 1:25 PM,45.8,45.0,25.7,42.2,,,30.37,,,,,,,,,,,,,
Back Fence,Temp & Humidity Sensor,2020/12/18 1:30 PM,45.6,45.0,25.5,42.0,,,30.37,,,,,,,,,,,,,
Back Fence,Temp & Humidity Sensor,2020/12/18 1:35 PM,46.5,46.0,26.8,43.0,,,30.36,,,,,,,,,,,,,
Back Fence,Temp & Humidity Sensor,2020/12/18 1:40 PM,47.3,45.0,27.0,43.8,,,30.36,,,,,,,,,,,,,
Back Fence,Temp & Humidity Sensor,2020/12/18 1:45 PM,44.9,46.0,25.4,41.3,,,30.36,,,,,,,,,,,,,
Back Fence,Temp & Humidity Sensor,2020/12/18 1:50 PM,43.5,47.0,24.6,39.8,,,30.36,,,,,,,,,,,,,
Back Fence,Temp & Humidity Sensor,2020/12/18 1:55 PM,44.6,48.0,26.1,41.0,,,30.36,,,,,,,,,,,,,
Back Fence,Temp & Humidity Sensor,2020/12/18 2:00 PM,45.8,46.0,26.2,42.2,,,30.37,,,,,,,,,,,,,
Back Fence,Temp & Humidity Sensor,2020/12/18 2:05 PM,46.9,47.0,27.7,43.5,,,30.36,,,,,,,,,,,,,
Back Fence,Temp & Humidity Sensor,2020/12/18 2:10 PM,46.5,45.0,26.3,43.0,,,30.36,,,,,,,,,,,,,
Back Fence,Temp & Humidity Sensor,2020/12/18 2:15 PM,47.8,44.0,27.0,44.3,,,30.36,,,,,,,,,,,,,
Back Fence,Temp & Humidity Sensor,2020/12/18 2:20 PM,46.0,45.0,25.9,42.4,,,30.37,,,,,,,,,,,,,
Back Fence,Temp & Humidity Sensor,2020/12/18 2:25 PM,45.8,46.0,26.2,42.2,,,30.36,,,,,,,,,,,,,
Back Fence,Temp & Humidity Sensor,2020/12/18 2:30 PM,45.6,46.0,26.0,42.0,,,30.36,,,,,,,,,,,,,
Back Fence,Temp & Humidity Sensor,2020/12/18 2:35 PM,44.9,46.0,25.4,41.3,,,30.37,,,,,,,,,,,,,
Back Fence,Temp & Humidity Sensor,2020/12/18 2:40 PM,44.0,48.0,25.6,40.4,,,30.37,,,,,,,,,,,,,
Back Fence,Temp & Humidity Sensor,2020/12/18 2:45 PM,43.3,48.0,24.9,39.6,,,30.37,,,,,,,,,,,,,
Back Fence,Temp & Humidity Sensor,2020/12/18 2:50 PM,42.8,49.0,25.0,39.1,,,30.37,,,,,,,,,,,,,
Back Fence,Temp & Humidity Sensor,2020/12/18 2:55 PM,43.1,50.0,25.7,39.5,,,30.37,,,,,,,,,,,,,
Back Fence,Temp & Humidity Sensor,2020/12/18 3:00 PM,44.2,49.0,26.3,40.6,,,30.37,,,,,,,,,,,,,
Back Fence,Temp & Humidity Sensor,2020/12/18 3:05 PM,44.6,47.0,25.6,41.0,,,30.38,,,,,,,,,,,,,
Back Fence,Temp & Humidity Sensor,2020/12/18 3:10 PM,44.6,47.0,25.6,41.0,,,30.38,,,,,,,,,,,,,
Back Fence,Temp & Humidity Sensor,2020/12/18 3:15 PM,44.2,48.0,25.8,40.6,,,30.38,,,,,,,,,,,,,
Back Fence,Temp & Humidity Sensor,2020/12/18 3:20 PM,44.0,48.0,25.6,40.4,,,30.38,,,,,,,,,,,,,
Back Fence,Temp & Humidity Sensor,2020/12/18 3:25 PM,43.7,50.0,26.3,40.1,,,30.38,,,,,,,,,,,,,
Back Fence,Temp & Humidity Sensor,2020/12/18 3:30 PM,43.7,50.0,26.3,40.1,,,30.38,,,,,,,,,,,,,
Back Fence,Temp & Humidity Sensor,2020/12/18 3:35 PM,43.8,50.0,26.4,40.2,,,30.38,,,,,,,,,,,,,
Back Fence,Temp & Humidity Sensor,2020/12/18 3:40 PM,43.7,50.0,26.3,40.1,,,30.38,,,,,,,,,,,,,
Back Fence,Temp & Humidity Sensor,2020/12/18 3:45 PM,43.5,51.0,26.6,39.9,,,30.38,,,,,,,,,,,,,
Back Fence,Temp & Humidity Sensor,2020/12/18 3:50 PM,43.3,51.0,26.4,39.7,,,30.39,,,,,,,,,,,,,
Back Fence,Temp & Humidity Sensor,2020/12/18 3:55 PM,43.3,50.0,25.9,39.7,,,30.39,,,,,,,,,,,,,
Back Fence,Temp & Humidity Sensor,2020/12/18 4:00 PM,42.9,50.0,25.6,39.2,,,30.39,,,,,,,,,,,,,
Back Fence,Temp & Humidity Sensor,2020/12/18 4:05 PM,42.8,51.0,25.9,39.2,,,30.39,,,,,,,,,,,,,
Back Fence,Temp & Humidity Sensor,2020/12/18 4:10 PM,42.8,51.0,25.9,39.2,,,30.39,,,,,,,,,,,,,
Back Fence,Temp & Humidity Sensor,2020/12/18 4:15 PM,42.8,51.0,25.9,39.2,,,30.39,,,,,,,,,,,,,
Back Fence,Temp & Humidity Sensor,2020/12/18 4:20 PM,42.6,53.0,26.7,39.1,,,30.4,,,,,,,,,,,,,
Back Fence,Temp & Humidity Sensor,2020/12/18 4:25 PM,42.4,52.0,26.0,38.8,,,30.4,,,,,,,,,,,,,
Back Fence,Temp & Humidity Sensor,2020/12/18 4:30 PM,42.0,52.0,25.7,38.3,,,30.4,,,,,,,,,,,,,
Back Fence,Temp & Humidity Sensor,2020/12/18 4:35 PM,41.5,52.0,25.2,37.8,,,30.41,,,,,,,,,,,,,
Back Fence,Temp & Humidity Sensor,2020/12/18 4:40 PM,41.0,52.0,24.7,37.2,,,30.41,,,,,,,,,,,,,
Back Fence,Temp & Humidity Sensor,2020/12/18 4:45 PM,40.8,53.0,25.0,37.1,,,30.41,,,,,,,,,,,,,
Back Fence,Temp & Humidity Sensor,2020/12/18 4:50 PM,40.6,54.0,25.3,36.9,,,30.41,,,,,,,,,,,,,
Back Fence,Temp & Humidity Sensor,2020/12/18 4:55 PM,40.2,55.0,25.3,36.5,,,30.41,,,,,,,,,,,,,
Back Fence,Temp & Humidity Sensor,2020/12/18 5:00 PM,40.1,55.0,25.2,36.4,,,30.41,,,,,,,,,,,,,
Back Fence,Temp & Humidity Sensor,2020/12/18 5:05 PM,39.3,55.0,24.5,39.3,,,30.41,,,,,,,,,,,,,
Back Fence,Temp & Humidity Sensor,2020/12/18 5:10 PM,38.8,60.0,26.1,38.8,,,30.41,,,,,,,,,,,,,
Back Fence,Temp & Humidity Sensor,2020/12/18 5:15 PM,37.9,59.0,24.9,37.9,,,30.41,,,,,,,,,,,,,
Back Fence,Temp & Humidity Sensor,2020/12/18 5:20 PM,37.4,59.0,24.4,37.4,,,30.41,,,,,,,,,,,,,
Back Fence,Temp & Humidity Sensor,2020/12/18 5:25 PM,37.4,64.0,26.4,37.4,,,30.41,,,,,,,,,,,,,
Back Fence,Temp & Humidity Sensor,2020/12/18 5:30 PM,36.6,65.0,26.0,36.6,,,30.41,,,,,,,,,,,,,
Back Fence,Temp & Humidity Sensor,2020/12/18 5:35 PM,36.8,70.0,27.9,36.8,,,30.41,,,,,,,,,,,,,
Back Fence,Temp & Humidity Sensor,2020/12/18 5:40 PM,36.5,71.0,28.0,36.5,,,30.4,,,,,,,,,,,,,
Back Fence,Temp & Humidity Sensor,2020/12/18 5:45 PM,35.9,70.0,27.1,35.9,,,30.4,,,,,,,,,,,,,
Back Fence,Temp & Humidity Sensor,2020/12/18 5:50 PM,35.4,70.0,26.6,35.4,,,30.41,,,,,,,,,,,,,
Back Fence,Temp & Humidity Sensor,2020/12/18 5:55 PM,35.0,72.0,26.9,35.0,,,30.41,,,,,,,,,,,,,
Back Fence,Temp & Humidity Sensor,2020/12/18 6:00 PM,34.5,70.0,25.7,34.5,,,30.41,,,,,,,,,,,,,
Back Fence,Temp & Humidity Sensor,2020/12/18 6:05 PM,34.3,70.0,25.5,34.3,,,30.41,,,,,,,,,,,,,
Back Fence,Temp & Humidity Sensor,2020/12/18 6:10 PM,34.1,70.0,25.4,34.1,,,30.41,,,,,,,,,,,,,
Back Fence,Temp & Humidity Sensor,2020/12/18 6:15 PM,33.8,69.0,24.7,33.8,,,30.42,,,,,,,,,,,,,
Back Fence,Temp & Humidity Sensor,2020/12/18 6:20 PM,33.6,70.0,24.9,33.6,,,30.42,,,,,,,,,,,,,
Back Fence,Temp & Humidity Sensor,2020/12/18 6:25 PM,33.8,75.0,26.7,33.8,,,30.42,,,,,,,,,,,,,
Back Fence,Temp & Humidity Sensor,2020/12/18 6:30 PM,33.8,82.0,28.9,33.8,,,30.41,,,,,,,,,,,,,
Back Fence,Temp & Humidity Sensor,2020/12/18 6:35 PM,33.8,82.0,28.9,33.8,,,30.41,,,,,,,,,,,,,
Back Fence,Temp & Humidity Sensor,2020/12/18 6:40 PM,33.0,78.0,26.9,33.0,,,30.41,,,,,,,,,,,,,
Back Fence,Temp & Humidity Sensor,2020/12/18 6:45 PM,32.7,77.0,26.3,32.7,,,30.42,,,,,,,,,,,,,
Back Fence,Temp & Humidity Sensor,2020/12/18 6:50 PM,32.5,76.0,25.8,32.5,,,30.42,,,,,,,,,,,,,
Back Fence,Temp & Humidity Sensor,2020/12/18 6:55 PM,32.1,76.0,25.4,32.1,,,30.42,,,,,,,,,,,,,
Back Fence,Temp & Humidity Sensor,2020/12/18 7:00 PM,32.1,78.0,26.0,32.1,,,30.43,,,,,,,,,,,,,
Back Fence,Temp & Humidity Sensor,2020/12/18 7:05 PM,32.5,86.0,28.8,32.5,,,30.42,,,,,,,,,,,,,
Back Fence,Temp & Humidity Sensor,2020/12/18 7:10 PM,32.5,87.0,29.1,32.5,,,30.42,,,,,,,,,,,,,
Back Fence,Temp & Humidity Sensor,2020/12/18 7:15 PM,32.3,86.0,28.6,32.3,,,30.42,,,,,,,,,,,,,
Back Fence,Temp & Humidity Sensor,2020/12/18 7:20 PM,32.1,85.0,28.1,32.1,,,30.42,,,,,,,,,,,,,
Back Fence,Temp & Humidity Sensor,2020/12/18 7:25 PM,32.0,84.0,27.7,32.0,,,30.42,,,,,,,,,,,,,
Back Fence,Temp & Humidity Sensor,2020/12/18 7:30 PM,31.6,84.0,27.3,31.6,,,30.42,,,,,,,,,,,,,
Back Fence,Temp & Humidity Sensor,2020/12/18 7:35 PM,31.4,84.0,27.1,31.4,,,30.42,,,,,,,,,,,,,
Back Fence,Temp & Humidity Sensor,2020/12/18 7:40 PM,31.2,84.0,26.9,31.2,,,30.42,,,,,,,,,,,,,
Back Fence,Temp & Humidity Sensor,2020/12/18 7:45 PM,30.9,83.0,26.4,30.9,,,30.42,,,,,,,,,,,,,
Back Fence,Temp & Humidity Sensor,2020/12/18 7:50 PM,30.7,83.0,26.2,30.7,,,30.42,,,,,,,,,,,,,
Back Fence,Temp & Humidity Sensor,2020/12/18 7:55 PM,30.7,85.0,26.7,30.7,,,30.42,,,,,,,,,,,,,
Back Fence,Temp & Humidity Sensor,2020/12/18 8:00 PM,30.7,87.0,27.3,30.7,,,30.42,,,,,,,,,,,,,
Back Fence,Temp & Humidity Sensor,2020/12/18 8:05 PM,30.5,86.0,26.8,30.5,,,30.42,,,,,,,,,,,,,
Back Fence,Temp & Humidity Sensor,2020/12/18 8:10 PM,30.2,84.0,26.0,30.2,,,30.42,,,,,,,,,,,,,
Back Fence,Temp & Humidity Sensor,2020/12/18 8:15 PM,30.0,85.0,26.0,30.0,,,30.42,,,,,,,,,,,,,
Back Fence,Temp & Humidity Sensor,2020/12/18 8:20 PM,30.0,85.0,26.0,30.0,,,30.42,,,,,,,,,,,,,
Back Fence,Temp & Humidity Sensor,2020/12/18 8:25 PM,30.2,84.0,26.0,30.2,,,30.42,,,,,,,,,,,,,
Back Fence,Temp & Humidity Sensor,2020/12/18 8:30 PM,30.2,84.0,26.0,30.2,,,30.42,,,,,,,,,,,,,
Back Fence,Temp & Humidity Sensor,2020/12/18 8:35 PM,30.0,85.0,26.0,30.0,,,30.42,,,,,,,,,,,,,
Back Fence,Temp & Humidity Sensor,2020/12/18 8:40 PM,30.0,86.0,26.3,30.0,,,30.43,,,,,,,,,,,,,
Back Fence,Temp & Humidity Sensor,2020/12/18 8:45 PM,29.8,85.0,25.9,29.8,,,30.42,,,,,,,,,,,,,
Back Fence,Temp & Humidity Sensor,2020/12/18 8:50 PM,29.6,84.0,25.4,29.6,,,30.43,,,,,,,,,,,,,
Back Fence,Temp & Humidity Sensor,2020/12/18 8:55 PM,29.4,84.0,25.2,29.4,,,30.42,,,,,,,,,,,,,
Back Fence,Temp & Humidity Sensor,2020/12/18 9:00 PM,29.4,84.0,25.2,29.4,,,30.42,,,,,,,,,,,,,
Back Fence,Temp & Humidity Sensor,2020/12/18 9:05 PM,29.3,84.0,25.1,29.3,,,30.42,,,,,,,,,,,,,
Back Fence,Temp & Humidity Sensor,2020/12/18 9:10 PM,29.1,83.0,24.6,29.1,,,30.42,,,,,,,,,,,,,
Back Fence,Temp & Humidity Sensor,2020/12/18 9:15 PM,29.3,89.0,26.5,29.3,,,30.42,,,,,,,,,,,,,
Back Fence,Temp & Humidity Sensor,2020/12/18 9:20 PM,29.1,88.0,26.0,29.1,,,30.42,,,,,,,,,,,,,
Back Fence,Temp & Humidity Sensor,2020/12/18 9:25 PM,29.1,91.0,26.8,29.1,,,30.42,,,,,,,,,,,,,
Back Fence,Temp & Humidity Sensor,2020/12/18 9:30 PM,28.7,90.0,26.1,28.7,,,30.42,,,,,,,,,,,,,
Back Fence,Temp & Humidity Sensor,2020/12/18 9:35 PM,28.5,88.0,25.4,28.5,,,30.43,,,,,,,,,,,,,
Back Fence,Temp & Humidity Sensor,2020/12/18 9:40 PM,28.4,88.0,25.3,28.4,,,30.43,,,,,,,,,,,,,
Back Fence,Temp & Humidity Sensor,2020/12/18 9:45 PM,28.4,87.0,25.0,28.4,,,30.42,,,,,,,,,,,,,
Back Fence,Temp & Humidity Sensor,2020/12/18 9:50 PM,28.4,88.0,25.3,28.4,,,30.43,,,,,,,,,,,,,
Back Fence,Temp & Humidity Sensor,2020/12/18 9:55 PM,28.4,88.0,25.3,28.4,,,30.43,,,,,,,,,,,,,
Back Fence,Temp & Humidity Sensor,2020/12/18 10:00 PM,28.4,91.0,26.1,28.4,,,30.43,,,,,,,,,,,,,
Back Fence,Temp & Humidity Sensor,2020/12/18 10:05 PM,28.4,91.0,26.1,28.4,,,30.42,,,,,,,,,,,,,
Back Fence,Temp & Humidity Sensor,2020/12/18 10:10 PM,28.2,91.0,25.9,28.2,,,30.44,,,,,,,,,,,,,
Back Fence,Temp & Humidity Sensor,2020/12/18 10:15 PM,28.2,90.0,25.7,28.2,,,30.44,,,,,,,,,,,,,
Back Fence,Temp & Humidity Sensor,2020/12/18 10:20 PM,28.0,90.0,25.5,28.0,,,30.43,,,,,,,,,,,,,
Back Fence,Temp & Humidity Sensor,2020/12/18 10:25 PM,28.0,90.0,25.5,28.0,,,30.44,,,,,,,,,,,,,
Back Fence,Temp & Humidity Sensor,2020/12/18 10:30 PM,28.0,89.0,25.2,28.0,,,30.44,,,,,,,,,,,,,
Back Fence,Temp & Humidity Sensor,2020/12/18 10:35 PM,28.0,89.0,25.2,28.0,,,30.44,,,,,,,,,,,,,
Back Fence,Temp & Humidity Sensor,2020/12/18 10:40 PM,27.8,88.0,24.7,27.8,,,30.44,,,,,,,,,,,,,
Back Fence,Temp & Humidity Sensor,2020/12/18 10:45 PM,27.8,88.0,24.7,27.8,,,30.44,,,,,,,,,,,,,
Back Fence,Temp & Humidity Sensor,2020/12/18 10:50 PM,27.6,88.0,24.5,27.6,,,30.43,,,,,,,,,,,,,
Back Fence,Temp & Humidity Sensor,2020/12/18 10:55 PM,27.6,87.0,24.2,27.6,,,30.44,,,,,,,,,,,,,
Back Fence,Temp & Humidity Sensor,2020/12/18 11:00 PM,27.6,87.0,24.2,27.6,,,30.44,,,,,,,,,,,,,
Back Fence,Temp & Humidity Sensor,2020/12/18 11:05 PM,27.6,89.0,24.8,27.6,,,30.44,,,,,,,,,,,,,
Back Fence,Temp & Humidity Sensor,2020/12/18 11:10 PM,27.5,92.0,25.5,27.5,,,30.44,,,,,,,,,,,,,
Back Fence,Temp & Humidity Sensor,2020/12/18 11:15 PM,27.3,91.0,25.0,27.3,,,30.44,,,,,,,,,,,,,
Back Fence,Temp & Humidity Sensor,2020/12/18 11:20 PM,27.1,91.0,24.8,27.1,,,30.44,,,,,,,,,,,,,
Back Fence,Temp & Humidity Sensor,2020/12/18 11:25 PM,27.1,90.0,24.6,27.1,,,30.44,,,,,,,,,,,,,
Back Fence,Temp & Humidity Sensor,2020/12/18 11:30 PM,27.3,90.0,24.8,27.3,,,30.45,,,,,,,,,,,,,
Back Fence,Temp & Humidity Sensor,2020/12/18 11:35 PM,27.1,90.0,24.6,27.1,,,30.44,,,,,,,,,,,,,
Back Fence,Temp & Humidity Sensor,2020/12/18 11:40 PM,27.1,91.0,24.8,27.1,,,30.44,,,,,,,,,,,,,
Back Fence,Temp & Humidity Sensor,2020/12/18 11:45 PM,27.3,94.0,25.8,27.3,,,30.44,,,,,,,,,,,,,
Back Fence,Temp & Humidity Sensor,2020/12/18 11:50 PM,27.1,96.0,26.1,27.1,,,30.44,,,,,,,,,,,,,
Back Fence,Temp & Humidity Sensor,2020/12/18 11:55 PM,27.1,97.0,26.4,27.1,,,30.44,,,,,,,,,,,,,
Back Fence,Temp & Humidity Sensor,2020/12/19 12:00 AM,26.9,97.0,26.2,26.9,,,30.44,,,,,,,,,,,,,
Back Fence,Temp & Humidity Sensor,2020/12/19 12:05 AM,26.7,97.0,26.0,26.7,,,30.44,,,,,,,,,,,,,
Back Fence,Temp & Humidity Sensor,2020/12/19 12:10 AM,26.7,96.0,25.7,26.7,,,30.44,,,,,,,,,,,,,
Back Fence,Temp & Humidity Sensor,2020/12/19 12:15 AM,26.7,96.0,25.7,26.7,,,30.44,,,,,,,,,,,,,
Back Fence,Temp & Humidity Sensor,2020/12/19 12:20 AM,26.7,96.0,25.7,26.7,,,30.44,,,,,,,,,,,,,
Back Fence,Temp & Humidity Sensor,2020/12/19 12:25 AM,26.7,96.0,25.7,26.7,,,30.44,,,,,,,,,,,,,
Back Fence,Temp & Humidity Sensor,2020/12/19 12:30 AM,26.7,96.0,25.7,26.7,,,30.44,,,,,,,,,,,,,
Back Fence,Temp & Humidity Sensor,2020/12/19 12:35 AM,26.6,96.0,25.6,26.6,,,30.44,,,,,,,,,,,,,
Back Fence,Temp & Humidity Sensor,2020/12/19 12:40 AM,26.6,96.0,25.6,26.6,,,30.44,,,,,,,,,,,,,
Back Fence,Temp & Humidity Sensor,2020/12/19 12:45 AM,26.6,96.0,25.6,26.6,,,30.44,,,,,,,,,,,,,
Back Fence,Temp & Humidity Sensor,2020/12/19 12:50 AM,26.6,95.0,25.4,26.6,,,30.44,,,,,,,,,,,,,
Back Fence,Temp & Humidity Sensor,2020/12/19 12:55 AM,26.6,95.0,25.4,26.6,,,30.44,,,,,,,,,,,,,
Back Fence,Temp & Humidity Sensor,2020/12/19 1:00 AM,26.6,96.0,25.6,26.6,,,30.43,,,,,,,,,,,,,
Back Fence,Temp & Humidity Sensor,2020/12/19 1:05 AM,26.6,97.0,25.9,26.6,,,30.43,,,,,,,,,,,,,
Back Fence,Temp & Humidity Sensor,2020/12/19 1:10 AM,26.6,97.0,25.9,26.6,,,30.43,,,,,,,,,,,,,
Back Fence,Temp & Humidity Sensor,2020/12/19 1:15 AM,26.6,97.0,25.9,26.6,,,30.43,,,,,,,,,,,,,
Back Fence,Temp & Humidity Sensor,2020/12/19 1:20 AM,26.6,98.0,26.1,26.6,,,30.43,,,,,,,,,,,,,
Back Fence,Temp & Humidity Sensor,2020/12/19 1:25 AM,26.6,98.0,26.1,26.6,,,30.43,,,,,,,,,,,,,
Back Fence,Temp & Humidity Sensor,2020/12/19 1:30 AM,26.6,98.0,26.1,26.6,,,30.43,,,,,,,,,,,,,
Back Fence,Temp & Humidity Sensor,2020/12/19 1:35 AM,26.4,99.0,26.2,26.4,,,30.42,,,,,,,,,,,,,
Back Fence,Temp & Humidity Sensor,2020/12/19 1:40 AM,26.4,99.0,26.2,26.4,,,30.43,,,,,,,,,,,,,
Back Fence,Temp & Humidity Sensor,2020/12/19 1:45 AM,26.4,99.0,26.2,26.4,,,30.42,,,,,,,,,,,,,
Back Fence,Temp & Humidity Sensor,2020/12/19 1:50 AM,26.4,99.0,26.2,26.4,,,30.43,,,,,,,,,,,,,
Back Fence,Temp & Humidity Sensor,2020/12/19 1:55 AM,26.4,99.0,26.2,26.4,,,30.43,,,,,,,,,,,,,
Back Fence,Temp & Humidity Sensor,2020/12/19 2:00 AM,26.4,99.0,26.2,26.4,,,30.43,,,,,,,,,,,,,
Back Fence,Temp & Humidity Sensor,2020/12/19 2:05 AM,26.2,99.0,26.0,26.2,,,30.44,,,,,,,,,,,,,
Back Fence,Temp & Humidity Sensor,2020/12/19 2:10 AM,26.2,98.0,25.7,26.2,,,30.44,,,,,,,,,,,,,
Back Fence,Temp & Humidity Sensor,2020/12/19 2:15 AM,26.2,98.0,25.7,26.2,,,30.44,,,,,,,,,,,,,
Back Fence,Temp & Humidity Sensor,2020/12/19 2:20 AM,26.0,98.0,25.5,26.0,,,30.44,,,,,,,,,,,,,
Back Fence,Temp & Humidity Sensor,2020/12/19 2:25 AM,26.0,98.0,25.5,26.0,,,30.44,,,,,,,,,,,,,
Back Fence,Temp & Humidity Sensor,2020/12/19 2:30 AM,26.0,99.0,25.8,26.0,,,30.44,,,,,,,,,,,,,
Back Fence,Temp & Humidity Sensor,2020/12/19 2:35 AM,25.8,99.0,25.6,25.8,,,30.44,,,,,,,,,,,,,
Back Fence,Temp & Humidity Sensor,2020/12/19 2:40 AM,25.8,99.0,25.6,25.8,,,30.44,,,,,,,,,,,,,
Back Fence,Temp & Humidity Sensor,2020/12/19 2:45 AM,25.7,99.0,25.5,25.7,,,30.45,,,,,,,,,,,,,
Back Fence,Temp & Humidity Sensor,2020/12/19 2:50 AM,25.7,99.0,25.5,25.7,,,30.45,,,,,,,,,,,,,
Back Fence,Temp & Humidity Sensor,2020/12/19 2:55 AM,25.7,99.0,25.5,25.7,,,30.45,,,,,,,,,,,,,
Back Fence,Temp & Humidity Sensor,2020/12/19 3:00 AM,25.8,99.0,25.6,25.8,,,30.45,,,,,,,,,,,,,
Back Fence,Temp & Humidity Sensor,2020/12/19 3:05 AM,25.7,99.0,25.5,25.7,,,30.45,,,,,,,,,,,,,
Back Fence,Temp & Humidity Sensor,2020/12/19 3:10 AM,25.5,99.0,25.3,25.5,,,30.45,,,,,,,,,,,,,
Back Fence,Temp & Humidity Sensor,2020/12/19 3:15 AM,25.5,99.0,25.3,25.5,,,30.45,,,,,,,,,,,,,
Back Fence,Temp & Humidity Sensor,2020/12/19 3:20 AM,25.5,99.0,25.3,25.5,,,30.45,,,,,,,,,,,,,
Back Fence,Temp & Humidity Sensor,2020/12/19 3:25 AM,25.3,99.0,25.1,25.3,,,30.45,,,,,,,,,,,,,
Back Fence,Temp & Humidity Sensor,2020/12/19 3:30 AM,25.3,99.0,25.1,25.3,,,30.45,,,,,,,,,,,,,
Back Fence,Temp & Humidity Sensor,2020/12/19 3:35 AM,25.3,99.0,25.1,25.3,,,30.45,,,,,,,,,,,,,
Back Fence,Temp & Humidity Sensor,2020/12/19 3:40 AM,25.3,99.0,25.1,25.3,,,30.45,,,,,,,,,,,,,
Back Fence,Temp & Humidity Sensor,2020/12/19 3:45 AM,25.1,99.0,24.9,25.1,,,30.45,,,,,,,,,,,,,
Back Fence,Temp & Humidity Sensor,2020/12/19 3:50 AM,25.1,99.0,24.9,25.1,,,30.45,,,,,,,,,,,,,
Back Fence,Temp & Humidity Sensor,2020/12/19 3:55 AM,25.1,99.0,24.9,25.1,,,30.45,,,,,,,,,,,,,
Back Fence,Temp & Humidity Sensor,2020/12/19 4:00 AM,25.1,99.0,24.9,25.1,,,30.46,,,,,,,,,,,,,
Back Fence,Temp & Humidity Sensor,2020/12/19 4:05 AM,24.9,99.0,24.7,24.9,,,30.46,,,,,,,,,,,,,
Back Fence,Temp & Humidity Sensor,2020/12/19 4:10 AM,24.9,99.0,24.7,24.9,,,30.45,,,,,,,,,,,,,
Back Fence,Temp & Humidity Sensor,2020/12/19 4:15 AM,24.9,99.0,24.7,24.9,,,30.45,,,,,,,,,,,,,
Back Fence,Temp & Humidity Sensor,2020/12/19 4:20 AM,24.9,99.0,24.7,24.9,,,30.45,,,,,,,,,,,,,
Back Fence,Temp & Humidity Sensor,2020/12/19 4:25 AM,24.9,99.0,24.7,24.9,,,30.45,,,,,,,,,,,,,
Back Fence,Temp & Humidity Sensor,2020/12/19 4:30 AM,24.9,99.0,24.7,24.9,,,30.44,,,,,,,,,,,,,
Back Fence,Temp & Humidity Sensor,2020/12/19 4:35 AM,24.9,99.0,24.7,24.9,,,30.44,,,,,,,,,,,,,
Back Fence,Temp & Humidity Sensor,2020/12/19 4:40 AM,24.8,99.0,24.6,24.8,,,30.45,,,,,,,,,,,,,
Back Fence,Temp & Humidity Sensor,2020/12/19 4:45 AM,24.8,99.0,24.6,24.8,,,30.44,,,,,,,,,,,,,
Back Fence,Temp & Humidity Sensor,2020/12/19 4:50 AM,24.8,99.0,24.6,24.8,,,30.44,,,,,,,,,,,,,
Back Fence,Temp & Humidity Sensor,2020/12/19 4:55 AM,24.8,99.0,24.6,24.8,,,30.44,,,,,,,,,,,,,
Back Fence,Temp & Humidity Sensor,2020/12/19 5:00 AM,24.8,99.0,24.6,24.8,,,30.44,,,,,,,,,,,,,
Back Fence,Temp & Humidity Sensor,2020/12/19 5:05 AM,24.8,99.0,24.6,24.8,,,30.44,,,,,,,,,,,,,
Back Fence,Temp & Humidity Sensor,2020/12/19 5:10 AM,24.8,99.0,24.6,24.8,,,30.44,,,,,,,,,,,,,
Back Fence,Temp & Humidity Sensor,2020/12/19 5:15 AM,24.8,99.0,24.6,24.8,,,30.44,,,,,,,,,,,,,
Back Fence,Temp & Humidity Sensor,2020/12/19 5:20 AM,24.8,99.0,24.6,24.8,,,30.45,,,,,,,,,,,,,
Back Fence,Temp & Humidity Sensor,2020/12/19 5:25 AM,24.8,99.0,24.6,24.8,,,30.45,,,,,,,,,,,,,
Back Fence,Temp & Humidity Sensor,2020/12/19 5:30 AM,24.6,99.0,24.4,24.6,,,30.45,,,,,,,,,,,,,
Back Fence,Temp & Humidity Sensor,2020/12/19 5:35 AM,24.6,99.0,24.4,24.6,,,30.45,,,,,,,,,,,,,
Back Fence,Temp & Humidity Sensor,2020/12/19 5:40 AM,24.6,99.0,24.4,24.6,,,30.45,,,,,,,,,,,,,
Back Fence,Temp & Humidity Sensor,2020/12/19 5:45 AM,24.4,99.0,24.2,24.4,,,30.45,,,,,,,,,,,,,
Back Fence,Temp & Humidity Sensor,2020/12/19 5:50 AM,24.4,99.0,24.2,24.4,,,30.45,,,,,,,,,,,,,
Back Fence,Temp & Humidity Sensor,2020/12/19 5:55 AM,24.4,99.0,24.2,24.4,,,30.45,,,,,,,,,,,,,
Back Fence,Temp & Humidity Sensor,2020/12/19 6:05 AM,24.0,99.0,23.8,24.0,,,30.45,,,,,,,,,,,,,
Back Fence,Temp & Humidity Sensor,2020/12/19 6:10 AM,24.0,99.0,23.8,24.0,,,30.45,,,,,,,,,,,,,
Back Fence,Temp & Humidity Sensor,2020/12/19 6:15 AM,24.0,99.0,23.8,24.0,,,30.45,,,,,,,,,,,,,
Back Fence,Temp & Humidity Sensor,2020/12/19 6:20 AM,24.0,99.0,23.8,24.0,,,30.45,,,,,,,,,,,,,
Back Fence,Temp & Humidity Sensor,2020/12/19 6:25 AM,24.0,99.0,23.8,24.0,,,30.45,,,,,,,,,,,,,
Back Fence,Temp & Humidity Sensor,2020/12/19 6:30 AM,24.0,99.0,23.8,24.0,,,30.45,,,,,,,,,,,,,
Back Fence,Temp & Humidity Sensor,2020/12/19 6:35 AM,24.0,99.0,23.8,24.0,,,30.45,,,,,,,,,,,,,
Back Fence,Temp & Humidity Sensor,2020/12/19 6:40 AM,24.0,99.0,23.8,24.0,,,30.44,,,,,,,,,,,,,
Back Fence,Temp & Humidity Sensor,2020/12/19 6:45 AM,24.0,99.0,23.8,24.0,,,30.45,,,,,,,,,,,,,
Back Fence,Temp & Humidity Sensor,2020/12/19 6:50 AM,23.9,99.0,23.7,23.9,,,30.45,,,,,,,,,,,,,
Back Fence,Temp & Humidity Sensor,2020/12/19 6:55 AM,23.9,99.0,23.7,23.9,,,30.45,,,,,,,,,,,,,
Back Fence,Temp & Humidity Sensor,2020/12/19 7:00 AM,23.9,99.0,23.7,23.9,,,30.45,,,,,,,,,,,,,
Back Fence,Temp & Humidity Sensor,2020/12/19 7:05 AM,23.9,99.0,23.7,23.9,,,30.45,,,,,,,,,,,,,
Back Fence,Temp & Humidity Sensor,2020/12/19 7:10 AM,23.9,99.0,23.7,23.9,,,30.46,,,,,,,,,,,,,
Back Fence,Temp & Humidity Sensor,2020/12/19 7:15 AM,23.9,99.0,23.7,23.9,,,30.46,,,,,,,,,,,,,
Back Fence,Temp & Humidity Sensor,2020/12/19 7:20 AM,23.9,99.0,23.7,23.9,,,30.46,,,,,,,,,,,,,
Back Fence,Temp & Humidity Sensor,2020/12/19 7:25 AM,23.9,99.0,23.7,23.9,,,30.46,,,,,,,,,,,,,
Back Fence,Temp & Humidity Sensor,2020/12/19 7:30 AM,23.9,99.0,23.7,23.9,,,30.46,,,,,,,,,,,,,
Back Fence,Temp & Humidity Sensor,2020/12/19 7:35 AM,23.9,99.0,23.7,23.9,,,30.46,,,,,,,,,,,,,
Back Fence,Temp & Humidity Sensor,2020/12/19 7:40 AM,24.0,99.0,23.8,24.0,,,30.46,,,,,,,,,,,,,
Back Fence,Temp & Humidity Sensor,2020/12/19 7:45 AM,24.2,99.0,24.0,24.2,,,30.46,,,,,,,,,,,,,
Back Fence,Temp & Humidity Sensor,2020/12/19 7:50 AM,24.6,99.0,24.4,24.6,,,30.46,,,,,,,,,,,,,
Back Fence,Temp & Humidity Sensor,2020/12/19 7:55 AM,24.6,99.0,24.4,24.6,,,30.46,,,,,,,,,,,,,
Back Fence,Temp & Humidity Sensor,2020/12/19 8:00 AM,24.8,99.0,24.6,24.8,,,30.46,,,,,,,,,,,,,
Back Fence,Temp & Humidity Sensor,2020/12/19 8:05 AM,24.8,99.0,24.6,24.8,,,30.46,,,,,,,,,,,,,
Back Fence,Temp & Humidity Sensor,2020/12/19 8:10 AM,24.8,99.0,24.6,24.8,,,30.45,,,,,,,,,,,,,
Back Fence,Temp & Humidity Sensor,2020/12/19 8:15 AM,25.1,99.0,24.9,25.1,,,30.46,,,,,,,,,,,,,
Back Fence,Temp & Humidity Sensor,2020/12/19 8:20 AM,25.5,99.0,25.3,25.5,,,30.45,,,,,,,,,,,,,
Back Fence,Temp & Humidity Sensor,2020/12/19 8:25 AM,25.5,99.0,25.3,25.5,,,30.45,,,,,,,,,,,,,
Back Fence,Temp & Humidity Sensor,2020/12/19 8:30 AM,25.8,99.0,25.6,25.8,,,30.45,,,,,,,,,,,,,
Back Fence,Temp & Humidity Sensor,2020/12/19 8:35 AM,26.2,99.0,26.0,26.2,,,30.46,,,,,,,,,,,,,
Back Fence,Temp & Humidity Sensor,2020/12/19 8:40 AM,26.4,99.0,26.2,26.4,,,30.46,,,,,,,,,,,,,
Back Fence,Temp & Humidity Sensor,2020/12/19 8:45 AM,26.6,99.0,26.4,26.6,,,30.46,,,,,,,,,,,,,
Back Fence,Temp & Humidity Sensor,2020/12/19 8:50 AM,27.1,99.0,26.9,27.1,,,30.46,,,,,,,,,,,,,
Back Fence,Temp & Humidity Sensor,2020/12/19 8:55 AM,27.8,99.0,27.6,27.8,,,30.46,,,,,,,,,,,,,
Back Fence,Temp & Humidity Sensor,2020/12/19 9:00 AM,28.4,98.0,27.9,28.4,,,30.46,,,,,,,,,,,,,
Back Fence,Temp & Humidity Sensor,2020/12/19 9:05 AM,28.7,97.0,28.0,28.7,,,30.46,,,,,,,,,,,,,
Back Fence,Temp & Humidity Sensor,2020/12/19 9:10 AM,28.9,97.0,28.2,28.9,,,30.47,,,,,,,,,,,,,
Back Fence,Temp & Humidity Sensor,2020/12/19 9:15 AM,29.4,97.0,28.7,29.4,,,30.46,,,,,,,,,,,,,
Back Fence,Temp & Humidity Sensor,2020/12/19 9:20 AM,29.8,97.0,29.1,29.8,,,30.47,,,,,,,,,,,,,
Back Fence,Temp & Humidity Sensor,2020/12/19 9:25 AM,30.2,95.0,28.9,30.2,,,30.46,,,,,,,,,,,,,
Back Fence,Temp & Humidity Sensor,2020/12/19 9:30 AM,30.7,94.0,29.2,30.7,,,30.46,,,,,,,,,,,,,
Back Fence,Temp & Humidity Sensor,2020/12/19 9:35 AM,31.1,94.0,29.6,31.1,,,30.47,,,,,,,,,,,,,
Back Fence,Temp & Humidity Sensor,2020/12/19 9:40 AM,31.4,94.0,29.9,31.4,,,30.47,,,,,,,,,,,,,
Back Fence,Temp & Humidity Sensor,2020/12/19 9:45 AM,32.0,92.0,29.9,32.0,,,30.47,,,,,,,,,,,,,
Back Fence,Temp & Humidity Sensor,2020/12/19 9:50 AM,33.0,92.0,30.9,33.0,,,30.47,,,,,,,,,,,,,
Back Fence,Temp & Humidity Sensor,2020/12/19 9:55 AM,34.3,92.0,32.2,34.3,,,30.47,,,,,,,,,,,,,
Back Fence,Temp & Humidity Sensor,2020/12/19 10:00 AM,34.5,88.0,31.3,34.5,,,30.47,,,,,,,,,,,,,
Back Fence,Temp & Humidity Sensor,2020/12/19 10:05 AM,34.7,84.0,30.4,34.7,,,30.47,,,,,,,,,,,,,
Back Fence,Temp & Humidity Sensor,2020/12/19 10:10 AM,35.2,85.0,31.2,35.2,,,30.47,,,,,,,,,,,,,
Back Fence,Temp & Humidity Sensor,2020/12/19 10:15 AM,37.4,85.0,33.3,37.4,,,30.47,,,,,,,,,,,,,
Back Fence,Temp & Humidity Sensor,2020/12/19 10:20 AM,38.3,82.0,33.3,38.3,,,30.47,,,,,,,,,,,,,
Back Fence,Temp & Humidity Sensor,2020/12/19 10:25 AM,38.3,78.0,32.1,38.3,,,30.46,,,,,,,,,,,,,
Back Fence,Temp & Humidity Sensor,2020/12/19 10:30 AM,37.9,73.0,30.0,37.9,,,30.46,,,,,,,,,,,,,
Back Fence,Temp & Humidity Sensor,2020/12/19 10:35 AM,38.6,71.0,30.0,38.6,,,30.46,,,,,,,,,,,,,
Back Fence,Temp & Humidity Sensor,2020/12/19 10:40 AM,40.4,74.0,32.8,37.6,,,30.46,,,,,,,,,,,,,
Back Fence,Temp & Humidity Sensor,2020/12/19 10:45 AM,40.4,65.0,29.6,37.2,,,30.46,,,,,,,,,,,,,
Back Fence,Temp & Humidity Sensor,2020/12/19 10:50 AM,40.2,67.0,30.1,37.1,,,30.46,,,,,,,,,,,,,
Back Fence,Temp & Humidity Sensor,2020/12/19 10:55 AM,40.4,67.0,30.3,37.3,,,30.46,,,,,,,,,,,,,
Back Fence,Temp & Humidity Sensor,2020/12/19 11:00 AM,41.1,67.0,31.0,38.1,,,30.45,,,,,,,,,,,,,
Back Fence,Temp & Humidity Sensor,2020/12/19 11:05 AM,41.9,66.0,31.4,38.9,,,30.45,,,,,,,,,,,,,
Back Fence,Temp & Humidity Sensor,2020/12/19 11:10 AM,42.0,67.0,31.8,39.0,,,30.45,,,,,,,,,,,,,
Back Fence,Temp & Humidity Sensor,2020/12/19 11:15 AM,41.9,64.0,30.6,38.8,,,30.45,,,,,,,,,,,,,
Back Fence,Temp & Humidity Sensor,2020/12/19 11:20 AM,42.2,65.0,31.3,39.2,,,30.44,,,,,,,,,,,,,
Back Fence,Temp & Humidity Sensor,2020/12/19 11:25 AM,42.8,65.0,31.9,39.8,,,30.44,,,,,,,,,,,,,
Back Fence,Temp & Humidity Sensor,2020/12/19 11:30 AM,43.5,65.0,32.5,40.6,,,30.44,,,,,,,,,,,,,
Back Fence,Temp & Humidity Sensor,2020/12/19 11:35 AM,43.5,60.0,30.5,40.4,,,30.44,,,,,,,,,,,,,
Back Fence,Temp & Humidity Sensor,2020/12/19 11:40 AM,44.4,61.0,31.8,41.4,,,30.43,,,,,,,,,,,,,
Back Fence,Temp & Humidity Sensor,2020/12/19 11:45 AM,44.4,60.0,31.4,41.4,,,30.43,,,,,,,,,,,,,
Back Fence,Temp & Humidity Sensor,2020/12/19 11:50 AM,44.6,60.0,31.6,41.6,,,30.42,,,,,,,,,,,,,
Back Fence,Temp & Humidity Sensor,2020/12/19 11:55 AM,44.7,57.0,30.4,41.5,,,30.42,,,,,,,,,,,,,
Back Fence,Temp & Humidity Sensor,2020/12/19 12:00 PM,46.2,60.0,33.1,43.3,,,30.42,,,,,,,,,,,,,
Back Fence,Temp & Humidity Sensor,2020/12/19 12:05 PM,47.3,59.0,33.7,44.5,,,30.42,,,,,,,,,,,,,
Back Fence,Temp & Humidity Sensor,2020/12/19 12:10 PM,47.4,55.0,32.1,44.4,,,30.42,,,,,,,,,,,,,
Back Fence,Temp & Humidity Sensor,2020/12/19 12:15 PM,49.4,55.0,33.9,46.6,,,30.41,,,,,,,,,,,,,
Back Fence,Temp & Humidity Sensor,2020/12/19 12:20 PM,50.0,55.0,34.5,47.3,,,30.41,,,,,,,,,,,,,
Back Fence,Temp & Humidity Sensor,2020/12/19 12:25 PM,50.3,53.0,33.8,47.5,,,30.41,,,,,,,,,,,,,
Back Fence,Temp & Humidity Sensor,2020/12/19 12:30 PM,51.8,52.0,34.7,49.1,,,30.41,,,,,,,,,,,,,
Back Fence,Temp & Humidity Sensor,2020/12/19 12:35 PM,52.1,52.0,35.0,49.5,,,30.41,,,,,,,,,,,,,
Back Fence,Temp & Humidity Sensor,2020/12/19 12:40 PM,50.5,50.0,32.6,47.6,,,30.41,,,,,,,,,,,,,
Back Fence,Temp & Humidity Sensor,2020/12/19 12:45 PM,51.2,52.0,34.2,48.5,,,30.41,,,,,,,,,,,,,
Back Fence,Temp & Humidity Sensor,2020/12/19 12:50 PM,49.1,50.0,31.3,46.1,,,30.4,,,,,,,,,,,,,
Back Fence,Temp & Humidity Sensor,2020/12/19 12:55 PM,48.0,50.0,30.3,44.9,,,30.4,,,,,,,,,,,,,
Back Fence,Temp & Humidity Sensor,2020/12/19 1:00 PM,48.5,50.0,30.7,45.4,,,30.39,,,,,,,,,,,,,
Back Fence,Temp & Humidity Sensor,2020/12/19 1:05 PM,51.2,50.0,33.2,48.4,,,30.39,,,,,,,,,,,,,
Back Fence,Temp & Humidity Sensor,2020/12/19 1:10 PM,52.3,49.0,33.7,49.5,,,30.39,,,,,,,,,,,,,
Back Fence,Temp & Humidity Sensor,2020/12/19 1:15 PM,51.6,50.0,33.6,48.8,,,30.39,,,,,,,,,,,,,
Back Fence,Temp & Humidity Sensor,2020/12/19 1:20 PM,54.5,49.0,35.7,52.0,,,30.39,,,,,,,,,,,,,
Back Fence,Temp & Humidity Sensor,2020/12/19 1:25 PM,51.9,48.0,32.8,49.0,,,30.38,,,,,,,,,,,,,
Back Fence,Temp & Humidity Sensor,2020/12/19 1:30 PM,48.9,48.0,30.1,45.7,,,30.37,,,,,,,,,,,,,
Back Fence,Temp & Humidity Sensor,2020/12/19 1:35 PM,48.0,50.0,30.3,44.9,,,30.37,,,,,,,,,,,,,
Back Fence,Temp & Humidity Sensor,2020/12/19 1:40 PM,50.0,50.0,32.1,47.1,,,30.37,,,,,,,,,,,,,
Back Fence,Temp & Humidity Sensor,2020/12/19 1:45 PM,50.7,50.0,32.7,47.8,,,30.37,,,,,,,,,,,,,
Back Fence,Temp & Humidity Sensor,2020/12/19 1:50 PM,48.9,50.0,31.1,45.8,,,30.37,,,,,,,,,,,,,
Back Fence,Temp & Humidity Sensor,2020/12/19 1:55 PM,50.0,50.0,32.1,47.1,,,30.37,,,,,,,,,,,,,
Back Fence,Temp & Humidity Sensor,2020/12/19 2:00 PM,50.0,50.0,32.1,47.1,,,30.37,,,,,,,,,,,,,
Back Fence,Temp & Humidity Sensor,2020/12/19 2:05 PM,48.9,48.0,30.1,45.7,,,30.37,,,,,,,,,,,,,
Back Fence,Temp & Humidity Sensor,2020/12/19 2:10 PM,48.5,48.0,29.7,45.3,,,30.36,,,,,,,,,,,,,
Back Fence,Temp & Humidity Sensor,2020/12/19 2:15 PM,50.7,50.0,32.7,47.8,,,30.36,,,,,,,,,,,,,
Back Fence,Temp & Humidity Sensor,2020/12/19 2:20 PM,49.2,48.0,30.4,46.1,,,30.36,,,,,,,,,,,,,
Back Fence,Temp & Humidity Sensor,2020/12/19 2:25 PM,48.7,50.0,30.9,45.6,,,30.35,,,,,,,,,,,,,
Back Fence,Temp & Humidity Sensor,2020/12/19 2:30 PM,49.4,50.0,31.5,46.4,,,30.35,,,,,,,,,,,,,
Back Fence,Temp & Humidity Sensor,2020/12/19 2:35 PM,48.2,50.0,30.4,45.1,,,30.35,,,,,,,,,,,,,
Back Fence,Temp & Humidity Sensor,2020/12/19 2:40 PM,47.4,50.0,29.7,44.2,,,30.35,,,,,,,,,,,,,
Back Fence,Temp & Humidity Sensor,2020/12/19 2:45 PM,47.4,50.0,29.7,44.2,,,30.34,,,,,,,,,,,,,
Back Fence,Temp & Humidity Sensor,2020/12/19 2:50 PM,47.3,50.0,29.6,44.1,,,30.35,,,,,,,,,,,,,
Back Fence,Temp & Humidity Sensor,2020/12/19 2:55 PM,47.1,51.0,29.9,43.9,,,30.35,,,,,,,,,,,,,
Back Fence,Temp & Humidity Sensor,2020/12/19 3:00 PM,47.6,51.0,30.4,44.5,,,30.35,,,,,,,,,,,,,
Back Fence,Temp & Humidity Sensor,2020/12/19 3:05 PM,47.4,51.0,30.2,44.2,,,30.35,,,,,,,,,,,,,
Back Fence,Temp & Humidity Sensor,2020/12/19 3:10 PM,47.1,51.0,29.9,43.9,,,30.34,,,,,,,,,,,,,
Back Fence,Temp & Humidity Sensor,2020/12/19 3:15 PM,46.7,51.0,29.5,43.5,,,30.35,,,,,,,,,,,,,
Back Fence,Temp & Humidity Sensor,2020/12/19 3:20 PM,46.4,52.0,29.7,43.2,,,30.34,,,,,,,,,,,,,
Back Fence,Temp & Humidity Sensor,2020/12/19 3:25 PM,46.2,52.0,29.6,43.0,,,30.34,,,,,,,,,,,,,
Back Fence,Temp & Humidity Sensor,2020/12/19 3:30 PM,46.2,53.0,30.0,43.0,,,30.34,,,,,,,,,,,,,
Back Fence,Temp & Humidity Sensor,2020/12/19 3:35 PM,46.4,52.0,29.7,43.2,,,30.34,,,,,,,,,,,,,
Back Fence,Temp & Humidity Sensor,2020/12/19 3:40 PM,46.2,53.0,30.0,43.0,,,30.34,,,,,,,,,,,,,
Back Fence,Temp & Humidity Sensor,2020/12/19 3:45 PM,46.2,53.0,30.0,43.0,,,30.34,,,,,,,,,,,,,
Back Fence,Temp & Humidity Sensor,2020/12/19 3:50 PM,46.0,54.0,30.3,42.8,,,30.34,,,,,,,,,,,,,
Back Fence,Temp & Humidity Sensor,2020/12/19 3:55 PM,45.6,54.0,29.9,42.4,,,30.35,,,,,,,,,,,,,
Back Fence,Temp & Humidity Sensor,2020/12/19 4:00 PM,45.5,54.0,29.8,42.3,,,30.35,,,,,,,,,,,,,
Back Fence,Temp & Humidity Sensor,2020/12/19 4:05 PM,45.5,54.0,29.8,42.3,,,30.35,,,,,,,,,,,,,
Back Fence,Temp & Humidity Sensor,2020/12/19 4:10 PM,45.3,54.0,29.6,42.1,,,30.34,,,,,,,,,,,,,
Back Fence,Temp & Humidity Sensor,2020/12/19 4:15 PM,44.9,54.0,29.3,41.6,,,30.34,,,,,,,,,,,,,
Back Fence,Temp & Humidity Sensor,2020/12/19 4:20 PM,44.6,55.0,29.4,41.3,,,30.34,,,,,,,,,,,,,
Back Fence,Temp & Humidity Sensor,2020/12/19 4:25 PM,44.4,56.0,29.7,41.2,,,30.34,,,,,,,,,,,,,
Back Fence,Temp & Humidity Sensor,2020/12/19 4:30 PM,44.0,56.0,29.3,40.7,,,30.34,,,,,,,,,,,,,
Back Fence,Temp & Humidity Sensor,2020/12/19 4:35 PM,43.7,56.0,29.0,40.4,,,30.34,,,,,,,,,,,,,
Back Fence,Temp & Humidity Sensor,2020/12/19 4:40 PM,43.3,57.0,29.1,40.0,,,30.34,,,,,,,,,,,,,
Back Fence,Temp & Humidity Sensor,2020/12/19 4:45 PM,42.8,57.0,28.6,39.5,,,30.34,,,,,,,,,,,,,
Back Fence,Temp & Humidity Sensor,2020/12/19 4:50 PM,42.4,58.0,28.7,39.1,,,30.34,,,,,,,,,,,,,
Back Fence,Temp & Humidity Sensor,2020/12/19 4:55 PM,41.9,59.0,28.6,38.6,,,30.34,,,,,,,,,,,,,
Back Fence,Temp & Humidity Sensor,2020/12/19 5:00 PM,41.3,59.0,28.1,37.9,,,30.34,,,,,,,,,,,,,
Back Fence,Temp & Humidity Sensor,2020/12/19 5:05 PM,40.8,60.0,28.0,37.4,,,30.33,,,,,,,,,,,,,
Back Fence,Temp & Humidity Sensor,2020/12/19 5:10 PM,40.2,60.0,27.4,36.7,,,30.33,,,,,,,,,,,,,
Back Fence,Temp & Humidity Sensor,2020/12/19 5:20 PM,39.5,62.0,27.6,39.5,,,30.33,,,,,,,,,,,,,
Back Fence,Temp & Humidity Sensor,2020/12/19 5:25 PM,39.2,62.0,27.3,39.2,,,30.33,,,,,,,,,,,,,
Back Fence,Temp & Humidity Sensor,2020/12/19 5:30 PM,38.8,63.0,27.3,38.8,,,30.33,,,,,,,,,,,,,
Back Fence,Temp & Humidity Sensor,2020/12/19 5:35 PM,38.4,63.0,26.9,38.4,,,30.32,,,,,,,,,,,,,
Back Fence,Temp & Humidity Sensor,2020/12/19 5:40 PM,38.1,64.0,27.0,38.1,,,30.33,,,,,,,,,,,,,
Back Fence,Temp & Humidity Sensor,2020/12/19 5:45 PM,37.9,64.0,26.8,37.9,,,30.32,,,,,,,,,,,,,
Back Fence,Temp & Humidity Sensor,2020/12/19 5:50 PM,37.4,64.0,26.4,37.4,,,30.32,,,,,,,,,,,,,
Back Fence,Temp & Humidity Sensor,2020/12/19 5:55 PM,37.7,68.0,28.1,37.7,,,30.32,,,,,,,,,,,,,
Back Fence,Temp & Humidity Sensor,2020/12/19 6:00 PM,37.4,68.0,27.8,37.4,,,30.32,,,,,,,,,,,,,
Back Fence,Temp & Humidity Sensor,2020/12/19 6:05 PM,37.2,68.0,27.6,37.2,,,30.32,,,,,,,,,,,,,
Back Fence,Temp & Humidity Sensor,2020/12/19 6:10 PM,37.0,69.0,27.8,37.0,,,30.31,,,,,,,,,,,,,
Back Fence,Temp & Humidity Sensor,2020/12/19 6:15 PM,37.2,76.0,30.3,37.2,,,30.32,,,,,,,,,,,,,
Back Fence,Temp & Humidity Sensor,2020/12/19 6:20 PM,36.8,75.0,29.6,36.8,,,30.32,,,,,,,,,,,,,
Back Fence,Temp & Humidity Sensor,2020/12/19 6:25 PM,36.5,73.0,28.7,36.5,,,30.32,,,,,,,,,,,,,
Back Fence,Temp & Humidity Sensor,2020/12/19 6:30 PM,36.3,72.0,28.2,36.3,,,30.32,,,,,,,,,,,,,
Back Fence,Temp & Humidity Sensor,2020/12/19 6:35 PM,36.1,72.0,28.0,36.1,,,30.31,,,,,,,,,,,,,
Back Fence,Temp & Humidity Sensor,2020/12/19 6:40 PM,35.9,74.0,28.4,35.9,,,30.32,,,,,,,,,,,,,
Back Fence,Temp & Humidity Sensor,2020/12/19 6:45 PM,35.7,73.0,27.9,35.7,,,30.32,,,,,,,,,,,,,
Back Fence,Temp & Humidity Sensor,2020/12/19 6:50 PM,35.6,73.0,27.8,35.6,,,30.31,,,,,,,,,,,,,
Back Fence,Temp & Humidity Sensor,2020/12/19 6:55 PM,35.4,73.0,27.6,35.4,,,30.32,,,,,,,,,,,,,
Back Fence,Temp & Humidity Sensor,2020/12/19 7:00 PM,35.4,75.0,28.3,35.4,,,30.32,,,,,,,,,,,,,
Back Fence,Temp & Humidity Sensor,2020/12/19 7:05 PM,35.4,78.0,29.2,35.4,,,30.31,,,,,,,,,,,,,
Back Fence,Temp & Humidity Sensor,2020/12/19 7:10 PM,35.2,78.0,29.0,35.2,,,30.32,,,,,,,,,,,,,
Back Fence,Temp & Humidity Sensor,2020/12/19 7:15 PM,34.8,77.0,28.3,34.8,,,30.32,,,,,,,,,,,,,
Back Fence,Temp & Humidity Sensor,2020/12/19 7:20 PM,34.7,76.0,27.9,34.7,,,30.32,,,,,,,,,,,,,
Back Fence,Temp & Humidity Sensor,2020/12/19 7:25 PM,34.3,76.0,27.5,34.3,,,30.32,,,,,,,,,,,,,
Back Fence,Temp & Humidity Sensor,2020/12/19 7:30 PM,33.9,75.0,26.8,33.9,,,30.32,,,,,,,,,,,,,
Back Fence,Temp & Humidity Sensor,2020/12/19 7:35 PM,33.6,76.0,26.9,33.6,,,30.32,,,,,,,,,,,,,
Back Fence,Temp & Humidity Sensor,2020/12/19 7:40 PM,33.0,76.0,26.3,33.0,,,30.32,,,,,,,,,,,,,
Back Fence,Temp & Humidity Sensor,2020/12/19 7:45 PM,32.9,76.0,26.2,32.9,,,30.32,,,,,,,,,,,,,
Back Fence,Temp & Humidity Sensor,2020/12/19 7:50 PM,33.0,81.0,27.8,33.0,,,30.32,,,,,,,,,,,,,
Back Fence,Temp & Humidity Sensor,2020/12/19 7:55 PM,32.9,82.0,28.0,32.9,,,30.33,,,,,,,,,,,,,
Back Fence,Temp & Humidity Sensor,2020/12/19 8:00 PM,32.7,81.0,27.5,32.7,,,30.33,,,,,,,,,,,,,
Back Fence,Temp & Humidity Sensor,2020/12/19 8:05 PM,32.3,80.0,26.8,32.3,,,30.33,,,,,,,,,,,,,
Back Fence,Temp & Humidity Sensor,2020/12/19 8:10 PM,32.1,81.0,26.9,32.1,,,30.32,,,,,,,,,,,,,
Back Fence,Temp & Humidity Sensor,2020/12/19 8:15 PM,32.3,85.0,28.3,32.3,,,30.32,,,,,,,,,,,,,
Back Fence,Temp & Humidity Sensor,2020/12/19 8:20 PM,32.7,87.0,29.3,32.7,,,30.32,,,,,,,,,,,,,
Back Fence,Temp & Humidity Sensor,2020/12/19 8:25 PM,32.7,86.0,29.0,32.7,,,30.32,,,,,,,,,,,,,
Back Fence,Temp & Humidity Sensor,2020/12/19 8:30 PM,32.7,85.0,28.7,32.7,,,30.31,,,,,,,,,,,,,
Back Fence,Temp & Humidity Sensor,2020/12/19 8:35 PM,32.7,84.0,28.4,32.7,,,30.31,,,,,,,,,,,,,
Back Fence,Temp & Humidity Sensor,2020/12/19 8:40 PM,32.7,84.0,28.4,32.7,,,30.31,,,,,,,,,,,,,
Back Fence,Temp & Humidity Sensor,2020/12/19 8:45 PM,32.7,86.0,29.0,32.7,,,30.31,,,,,,,,,,,,,
Back Fence,Temp & Humidity Sensor,2020/12/19 8:50 PM,32.5,88.0,29.3,32.5,,,30.31,,,,,,,,,,,,,
Back Fence,Temp & Humidity Sensor,2020/12/19 8:55 PM,32.1,87.0,28.7,32.1,,,30.31,,,,,,,,,,,,,
Back Fence,Temp & Humidity Sensor,2020/12/19 9:00 PM,32.0,86.0,28.3,32.0,,,30.31,,,,,,,,,,,,,
Back Fence,Temp & Humidity Sensor,2020/12/19 9:05 PM,32.0,85.0,28.0,32.0,,,30.3,,,,,,,,,,,,,
Back Fence,Temp & Humidity Sensor,2020/12/19 9:10 PM,32.0,84.0,27.7,32.0,,,30.3,,,,,,,,,,,,,
Back Fence,Temp & Humidity Sensor,2020/12/19 9:15 PM,32.1,87.0,28.7,32.1,,,30.3,,,,,,,,,,,,,
Back Fence,Temp & Humidity Sensor,2020/12/19 9:20 PM,32.1,86.0,28.4,32.1,,,30.3,,,,,,,,,,,,,
Back Fence,Temp & Humidity Sensor,2020/12/19 9:25 PM,32.1,86.0,28.4,32.1,,,30.3,,,,,,,,,,,,,
Back Fence,Temp & Humidity Sensor,2020/12/19 9:30 PM,32.3,86.0,28.6,32.3,,,30.29,,,,,,,,,,,,,
Back Fence,Temp & Humidity Sensor,2020/12/19 9:35 PM,32.5,88.0,29.3,32.5,,,30.29,,,,,,,,,,,,,
Back Fence,Temp & Humidity Sensor,2020/12/19 9:40 PM,32.7,89.0,29.8,32.7,,,30.29,,,,,,,,,,,,,
Back Fence,Temp & Humidity Sensor,2020/12/19 9:45 PM,32.7,89.0,29.8,32.7,,,30.29,,,,,,,,,,,,,
Back Fence,Temp & Humidity Sensor,2020/12/19 9:50 PM,32.7,88.0,29.5,32.7,,,30.29,,,,,,,,,,,,,
Back Fence,Temp & Humidity Sensor,2020/12/19 9:55 PM,32.7,88.0,29.5,32.7,,,30.3,,,,,,,,,,,,,
Back Fence,Temp & Humidity Sensor,2020/12/19 10:00 PM,32.7,88.0,29.5,32.7,,,30.3,,,,,,,,,,,,,
Back Fence,Temp & Humidity Sensor,2020/12/19 10:05 PM,32.9,87.0,29.5,32.9,,,30.3,,,,,,,,,,,,,
Back Fence,Temp & Humidity Sensor,2020/12/19 10:10 PM,32.7,87.0,29.3,32.7,,,30.3,,,,,,,,,,,,,
Back Fence,Temp & Humidity Sensor,2020/12/19 10:15 PM,32.7,88.0,29.5,32.7,,,30.28,,,,,,,,,,,,,
Back Fence,Temp & Humidity Sensor,2020/12/19 10:20 PM,32.5,87.0,29.1,32.5,,,30.29,,,,,,,,,,,,,
Back Fence,Temp & Humidity Sensor,2020/12/19 10:25 PM,32.1,89.0,29.2,32.1,,,30.29,,,,,,,,,,,,,
Back Fence,Temp & Humidity Sensor,2020/12/19 10:30 PM,31.8,90.0,29.2,31.8,,,30.29,,,,,,,,,,,,,
Back Fence,Temp & Humidity Sensor,2020/12/19 10:35 PM,31.8,89.0,28.9,31.8,,,30.28,,,,,,,,,,,,,
Back Fence,Temp & Humidity Sensor,2020/12/19 10:40 PM,31.6,89.0,28.7,31.6,,,30.28,,,,,,,,,,,,,
Back Fence,Temp & Humidity Sensor,2020/12/19 10:45 PM,31.2,89.0,28.3,31.2,,,30.29,,,,,,,,,,,,,
Back Fence,Temp & Humidity Sensor,2020/12/19 10:50 PM,31.4,89.0,28.5,31.4,,,30.28,,,,,,,,,,,,,
Back Fence,Temp & Humidity Sensor,2020/12/19 10:55 PM,31.4,89.0,28.5,31.4,,,30.29,,,,,,,,,,,,,
Back Fence,Temp & Humidity Sensor,2020/12/19 11:00 PM,31.4,88.0,28.3,31.4,,,30.29,,,,,,,,,,,,,
Back Fence,Temp & Humidity Sensor,2020/12/19 11:05 PM,31.2,88.0,28.1,31.2,,,30.29,,,,,,,,,,,,,
Back Fence,Temp & Humidity Sensor,2020/12/19 11:10 PM,31.1,89.0,28.2,31.1,,,30.29,,,,,,,,,,,,,
Back Fence,Temp & Humidity Sensor,2020/12/19 11:15 PM,30.9,89.0,28.0,30.9,,,30.28,,,,,,,,,,,,,
Back Fence,Temp & Humidity Sensor,2020/12/19 11:20 PM,30.7,89.0,27.8,30.7,,,30.28,,,,,,,,,,,,,
Back Fence,Temp & Humidity Sensor,2020/12/19 11:25 PM,30.9,89.0,28.0,30.9,,,30.29,,,,,,,,,,,,,
Back Fence,Temp & Humidity Sensor,2020/12/19 11:30 PM,30.9,90.0,28.3,30.9,,,30.29,,,,,,,,,,,,,
Back Fence,Temp & Humidity Sensor,2020/12/19 11:35 PM,31.1,93.0,29.3,31.1,,,30.28,,,,,,,,,,,,,
Back Fence,Temp & Humidity Sensor,2020/12/19 11:40 PM,31.2,92.0,29.2,31.2,,,30.29,,,,,,,,,,,,,
Back Fence,Temp & Humidity Sensor,2020/12/19 11:45 PM,31.4,92.0,29.3,31.4,,,30.28,,,,,,,,,,,,,
Back Fence,Temp & Humidity Sensor,2020/12/19 11:50 PM,31.4,91.0,29.1,31.4,,,30.28,,,,,,,,,,,,,
Back Fence,Temp & Humidity Sensor,2020/12/19 11:55 PM,31.2,92.0,29.2,31.2,,,30.28,,,,,,,,,,,,,
Back Fence,Temp & Humidity Sensor,2020/12/20 12:00 AM,31.2,92.0,29.2,31.2,,,30.27,,,,,,,,,,,,,
Back Fence,Temp & Humidity Sensor,2020/12/20 12:05 AM,31.4,92.0,29.3,31.4,,,30.28,,,,,,,,,,,,,
Back Fence,Temp & Humidity Sensor,2020/12/20 12:10 AM,31.6,91.0,29.3,31.6,,,30.28,,,,,,,,,,,,,
Back Fence,Temp & Humidity Sensor,2020/12/20 12:15 AM,31.4,90.0,28.8,31.4,,,30.28,,,,,,,,,,,,,
Back Fence,Temp & Humidity Sensor,2020/12/20 12:20 AM,31.4,90.0,28.8,31.4,,,30.28,,,,,,,,,,,,,
Back Fence,Temp & Humidity Sensor,2020/12/20 12:25 AM,31.4,90.0,28.8,31.4,,,30.27,,,,,,,,,,,,,
Back Fence,Temp & Humidity Sensor,2020/12/20 12:30 AM,31.4,92.0,29.3,31.4,,,30.26,,,,,,,,,,,,,
Back Fence,Temp & Humidity Sensor,2020/12/20 12:35 AM,31.4,91.0,29.1,31.4,,,30.26,,,,,,,,,,,,,
Back Fence,Temp & Humidity Sensor,2020/12/20 12:40 AM,31.4,93.0,29.6,31.4,,,30.25,,,,,,,,,,,,,
Back Fence,Temp & Humidity Sensor,2020/12/20 12:45 AM,31.6,93.0,29.8,31.6,,,30.25,,,,,,,,,,,,,
Back Fence,Temp & Humidity Sensor,2020/12/20 12:50 AM,31.6,93.0,29.8,31.6,,,30.25,,,,,,,,,,,,,
Back Fence,Temp & Humidity Sensor,2020/12/20 12:55 AM,31.6,94.0,30.1,31.6,,,30.25,,,,,,,,,,,,,
Back Fence,Temp & Humidity Sensor,2020/12/20 1:00 AM,31.8,93.0,30.0,31.8,,,30.24,,,,,,,,,,,,,
Back Fence,Temp & Humidity Sensor,2020/12/20 1:05 AM,32.0,90.0,29.4,32.0,,,30.24,,,,,,,,,,,,,
Back Fence,Temp & Humidity Sensor,2020/12/20 1:10 AM,32.0,90.0,29.4,32.0,,,30.24,,,,,,,,,,,,,
Back Fence,Temp & Humidity Sensor,2020/12/20 1:15 AM,32.0,91.0,29.7,32.0,,,30.25,,,,,,,,,,,,,
Back Fence,Temp & Humidity Sensor,2020/12/20 1:20 AM,32.0,91.0,29.7,32.0,,,30.25,,,,,,,,,,,,,
Back Fence,Temp & Humidity Sensor,2020/12/20 1:25 AM,32.0,90.0,29.4,32.0,,,30.25,,,,,,,,,,,,,
Back Fence,Temp & Humidity Sensor,2020/12/20 1:30 AM,32.1,91.0,29.8,32.1,,,30.25,,,,,,,,,,,,,
Back Fence,Temp & Humidity Sensor,2020/12/20 1:35 AM,32.3,91.0,30.0,32.3,,,30.25,,,,,,,,,,,,,
Back Fence,Temp & Humidity Sensor,2020/12/20 1:40 AM,32.3,90.0,29.7,32.3,,,30.25,,,,,,,,,,,,,
Back Fence,Temp & Humidity Sensor,2020/12/20 1:45 AM,32.3,90.0,29.7,32.3,,,30.24,,,,,,,,,,,,,
Back Fence,Temp & Humidity Sensor,2020/12/20 1:50 AM,32.5,90.0,29.9,32.5,,,30.25,,,,,,,,,,,,,
Back Fence,Temp & Humidity Sensor,2020/12/20 1:55 AM,32.3,90.0,29.7,32.3,,,30.24,,,,,,,,,,,,,
Back Fence,Temp & Humidity Sensor,2020/12/20 2:00 AM,32.3,90.0,29.7,32.3,,,30.24,,,,,,,,,,,,,
Back Fence,Temp & Humidity Sensor,2020/12/20 2:05 AM,32.5,90.0,29.9,32.5,,,30.24,,,,,,,,,,,,,
Back Fence,Temp & Humidity Sensor,2020/12/20 2:10 AM,32.5,89.0,29.6,32.5,,,30.24,,,,,,,,,,,,,
Back Fence,Temp & Humidity Sensor,2020/12/20 2:15 AM,32.7,89.0,29.8,32.7,,,30.23,,,,,,,,,,,,,
Back Fence,Temp & Humidity Sensor,2020/12/20 2:20 AM,32.7,89.0,29.8,32.7,,,30.24,,,,,,,,,,,,,
Back Fence,Temp & Humidity Sensor,2020/12/20 2:25 AM,32.9,89.0,30.0,32.9,,,30.23,,,,,,,,,,,,,
Back Fence,Temp & Humidity Sensor,2020/12/20 2:30 AM,32.9,89.0,30.0,32.9,,,30.23,,,,,,,,,,,,,
Back Fence,Temp & Humidity Sensor,2020/12/20 2:35 AM,32.9,89.0,30.0,32.9,,,30.23,,,,,,,,,,,,,
Back Fence,Temp & Humidity Sensor,2020/12/20 2:40 AM,32.9,89.0,30.0,32.9,,,30.23,,,,,,,,,,,,,
Back Fence,Temp & Humidity Sensor,2020/12/20 2:45 AM,33.0,89.0,30.1,33.0,,,30.23,,,,,,,,,,,,,
Back Fence,Temp & Humidity Sensor,2020/12/20 2:50 AM,33.2,91.0,30.9,33.2,,,30.23,,,,,,,,,,,,,
Back Fence,Temp & Humidity Sensor,2020/12/20 2:55 AM,33.0,92.0,30.9,33.0,,,30.22,,,,,,,,,,,,,
Back Fence,Temp & Humidity Sensor,2020/12/20 3:00 AM,33.2,92.0,31.1,33.2,,,30.22,,,,,,,,,,,,,
Back Fence,Temp & Humidity Sensor,2020/12/20 3:05 AM,33.2,91.0,30.9,33.2,,,30.22,,,,,,,,,,,,,
Back Fence,Temp & Humidity Sensor,2020/12/20 3:10 AM,33.4,91.0,31.1,33.4,,,30.21,,,,,,,,,,,,,
Back Fence,Temp & Humidity Sensor,2020/12/20 3:15 AM,33.6,91.0,31.3,33.6,,,30.21,,,,,,,,,,,,,
Back Fence,Temp & Humidity Sensor,2020/12/20 3:20 AM,33.8,90.0,31.2,33.8,,,30.22,,,,,,,,,,,,,
Back Fence,Temp & Humidity Sensor,2020/12/20 3:25 AM,33.8,91.0,31.5,33.8,,,30.22,,,,,,,,,,,,,
Back Fence,Temp & Humidity Sensor,2020/12/20 3:30 AM,33.8,91.0,31.5,33.8,,,30.21,,,,,,,,,,,,,
Back Fence,Temp & Humidity Sensor,2020/12/20 3:35 AM,33.9,91.0,31.6,33.9,,,30.21,,,,,,,,,,,,,
Back Fence,Temp & Humidity Sensor,2020/12/20 3:40 AM,34.3,90.0,31.7,34.3,,,30.21,,,,,,,,,,,,,
Back Fence,Temp & Humidity Sensor,2020/12/20 3:45 AM,34.5,90.0,31.9,34.5,,,30.2,,,,,,,,,,,,,
Back Fence,Temp & Humidity Sensor,2020/12/20 3:50 AM,34.7,90.0,32.1,34.7,,,30.2,,,,,,,,,,,,,
Back Fence,Temp & Humidity Sensor,2020/12/20 3:55 AM,34.8,90.0,32.2,34.8,,,30.21,,,,,,,,,,,,,
Back Fence,Temp & Humidity Sensor,2020/12/20 4:00 AM,34.8,89.0,31.9,34.8,,,30.2,,,,,,,,,,,,,
Back Fence,Temp & Humidity Sensor,2020/12/20 4:05 AM,35.0,89.0,32.1,35.0,,,30.2,,,,,,,,,,,,,
Back Fence,Temp & Humidity Sensor,2020/12/20 4:10 AM,35.2,89.0,32.3,35.2,,,30.2,,,,,,,,,,,,,
Back Fence,Temp & Humidity Sensor,2020/12/20 4:15 AM,35.2,90.0,32.6,35.2,,,30.19,,,,,,,,,,,,,
Back Fence,Temp & Humidity Sensor,2020/12/20 4:20 AM,35.2,91.0,32.8,35.2,,,30.19,,,,,,,,,,,,,
Back Fence,Temp & Humidity Sensor,2020/12/20 4:25 AM,35.2,90.0,32.6,35.2,,,30.19,,,,,,,,,,,,,
Back Fence,Temp & Humidity Sensor,2020/12/20 4:30 AM,35.4,90.0,32.8,35.4,,,30.19,,,,,,,,,,,,,
Back Fence,Temp & Humidity Sensor,2020/12/20 4:35 AM,35.6,89.0,32.7,35.6,,,30.18,,,,,,,,,,,,,
Back Fence,Temp & Humidity Sensor,2020/12/20 4:40 AM,35.6,89.0,32.7,35.6,,,30.18,,,,,,,,,,,,,
Back Fence,Temp & Humidity Sensor,2020/12/20 4:45 AM,35.6,89.0,32.7,35.6,,,30.17,,,,,,,,,,,,,
Back Fence,Temp & Humidity Sensor,2020/12/20 4:50 AM,35.6,89.0,32.7,35.6,,,30.17,,,,,,,,,,,,,
Back Fence,Temp & Humidity Sensor,2020/12/20 4:55 AM,35.6,89.0,32.7,35.6,,,30.17,,,,,,,,,,,,,
Back Fence,Temp & Humidity Sensor,2020/12/20 5:00 AM,35.6,91.0,33.2,35.6,,,30.17,,,,,,,,,,,,,
Back Fence,Temp & Humidity Sensor,2020/12/20 5:05 AM,35.6,92.0,33.5,35.6,,,30.17,,,,,,,,,,,,,
Back Fence,Temp & Humidity Sensor,2020/12/20 5:10 AM,35.7,92.0,33.6,35.7,,,30.18,,,,,,,,,,,,,
Back Fence,Temp & Humidity Sensor,2020/12/20 5:15 AM,35.7,92.0,33.6,35.7,,,30.18,,,,,,,,,,,,,
Back Fence,Temp & Humidity Sensor,2020/12/20 5:20 AM,35.9,93.0,34.1,35.9,,,30.17,,,,,,,,,,,,,
Back Fence,Temp & Humidity Sensor,2020/12/20 5:25 AM,35.9,92.0,33.8,35.9,,,30.17,,,,,,,,,,,,,
Back Fence,Temp & Humidity Sensor,2020/12/20 5:30 AM,36.1,92.0,34.0,36.1,,,30.17,,,,,,,,,,,,,
Back Fence,Temp & Humidity Sensor,2020/12/20 5:35 AM,36.1,92.0,34.0,36.1,,,30.17,,,,,,,,,,,,,
Back Fence,Temp & Humidity Sensor,2020/12/20 5:40 AM,36.3,92.0,34.2,36.3,,,30.16,,,,,,,,,,,,,
Back Fence,Temp & Humidity Sensor,2020/12/20 5:45 AM,36.5,91.0,34.1,36.5,,,30.16,,,,,,,,,,,,,
Back Fence,Temp & Humidity Sensor,2020/12/20 5:50 AM,36.5,91.0,34.1,36.5,,,30.16,,,,,,,,,,,,,
Back Fence,Temp & Humidity Sensor,2020/12/20 5:55 AM,36.5,92.0,34.4,36.5,,,30.16,,,,,,,,,,,,,
Back Fence,Temp & Humidity Sensor,2020/12/20 6:00 AM,36.5,91.0,34.1,36.5,,,30.17,,,,,,,,,,,,,
Back Fence,Temp & Humidity Sensor,2020/12/20 6:05 AM,36.5,92.0,34.4,36.5,,,30.19,,,,,,,,,,,,,
Back Fence,Temp & Humidity Sensor,2020/12/20 6:10 AM,36.3,92.0,34.2,36.3,,,30.19,,,,,,,,,,,,,
Back Fence,Temp & Humidity Sensor,2020/12/20 6:15 AM,36.5,92.0,34.4,36.5,,,30.2,,,,,,,,,,,,,
Back Fence,Temp & Humidity Sensor,2020/12/20 6:20 AM,36.3,94.0,34.7,36.3,,,30.2,,,,,,,,,,,,,
Back Fence,Temp & Humidity Sensor,2020/12/20 6:25 AM,36.5,95.0,35.2,36.5,,,30.21,,,,,,,,,,,,,
Back Fence,Temp & Humidity Sensor,2020/12/20 6:30 AM,36.5,96.0,35.5,36.5,,,30.2,,,,,,,,,,,,,
Back Fence,Temp & Humidity Sensor,2020/12/20 6:35 AM,36.5,96.0,35.5,36.5,,,30.2,,,,,,,,,,,,,
Back Fence,Temp & Humidity Sensor,2020/12/20 6:40 AM,36.6,96.0,35.6,36.6,,,30.21,,,,,,,,,,,,,
Back Fence,Temp & Humidity Sensor,2020/12/20 6:45 AM,36.6,96.0,35.6,36.6,,,30.21,,,,,,,,,,,,,
Back Fence,Temp & Humidity Sensor,2020/12/20 6:50 AM,36.6,97.0,35.8,36.6,,,30.2,,,,,,,,,,,,,
Back Fence,Temp & Humidity Sensor,2020/12/20 6:55 AM,36.6,97.0,35.8,36.6,,,30.2,,,,,,,,,,,,,
Back Fence,Temp & Humidity Sensor,2020/12/20 7:00 AM,36.8,97.0,36.0,36.8,,,30.21,,,,,,,,,,,,,
Back Fence,Temp & Humidity Sensor,2020/12/20 7:05 AM,36.8,97.0,36.0,36.8,,,30.21,,,,,,,,,,,,,
Back Fence,Temp & Humidity Sensor,2020/12/20 7:10 AM,36.8,97.0,36.0,36.8,,,30.21,,,,,,,,,,,,,
Back Fence,Temp & Humidity Sensor,2020/12/20 7:15 AM,36.8,97.0,36.0,36.8,,,30.21,,,,,,,,,,,,,
Back Fence,Temp & Humidity Sensor,2020/12/20 7:20 AM,36.8,97.0,36.0,36.8,,,30.21,,,,,,,,,,,,,
Back Fence,Temp & Humidity Sensor,2020/12/20 7:25 AM,36.8,97.0,36.0,36.8,,,30.21,,,,,,,,,,,,,
Back Fence,Temp & Humidity Sensor,2020/12/20 7:30 AM,37.0,96.0,36.0,37.0,,,30.22,,,,,,,,,,,,,
Back Fence,Temp & Humidity Sensor,2020/12/20 7:35 AM,37.0,97.0,36.2,37.0,,,30.21,,,,,,,,,,,,,
Back Fence,Temp & Humidity Sensor,2020/12/20 7:40 AM,36.8,97.0,36.0,36.8,,,30.21,,,,,,,,,,,,,
Back Fence,Temp & Humidity Sensor,2020/12/20 7:45 AM,36.8,97.0,36.0,36.8,,,30.22,,,,,,,,,,,,,
Back Fence,Temp & Humidity Sensor,2020/12/20 7:50 AM,36.8,97.0,36.0,36.8,,,30.21,,,,,,,,,,,,,
Back Fence,Temp & Humidity Sensor,2020/12/20 7:55 AM,37.0,97.0,36.2,37.0,,,30.21,,,,,,,,,,,,,
Back Fence,Temp & Humidity Sensor,2020/12/20 8:00 AM,37.0,98.0,36.5,37.0,,,30.2,,,,,,,,,,,,,
Back Fence,Temp & Humidity Sensor,2020/12/20 8:05 AM,37.0,98.0,36.5,37.0,,,30.2,,,,,,,,,,,,,
Back Fence,Temp & Humidity Sensor,2020/12/20 8:10 AM,37.2,97.0,36.4,37.2,,,30.2,,,,,,,,,,,,,
Back Fence,Temp & Humidity Sensor,2020/12/20 8:15 AM,37.2,97.0,36.4,37.2,,,30.19,,,,,,,,,,,,,
Back Fence,Temp & Humidity Sensor,2020/12/20 8:20 AM,37.2,97.0,36.4,37.2,,,30.19,,,,,,,,,,,,,
Back Fence,Temp & Humidity Sensor,2020/12/20 8:25 AM,37.2,97.0,36.4,37.2,,,30.19,,,,,,,,,,,,,
Back Fence,Temp & Humidity Sensor,2020/12/20 8:30 AM,37.4,97.0,36.6,37.4,,,30.19,,,,,,,,,,,,,
Back Fence,Temp & Humidity Sensor,2020/12/20 8:35 AM,37.4,97.0,36.6,37.4,,,30.19,,,,,,,,,,,,,
Back Fence,Temp & Humidity Sensor,2020/12/20 8:40 AM,37.4,97.0,36.6,37.4,,,30.19,,,,,,,,,,,,,
Back Fence,Temp & Humidity Sensor,2020/12/20 8:45 AM,37.4,97.0,36.6,37.4,,,30.19,,,,,,,,,,,,,
Back Fence,Temp & Humidity Sensor,2020/12/20 8:50 AM,37.7,97.0,36.9,37.7,,,30.2,,,,,,,,,,,,,
Back Fence,Temp & Humidity Sensor,2020/12/20 8:55 AM,37.7,97.0,36.9,37.7,,,30.19,,,,,,,,,,,,,
Back Fence,Temp & Humidity Sensor,2020/12/20 9:00 AM,37.7,97.0,36.9,37.7,,,30.18,,,,,,,,,,,,,
Back Fence,Temp & Humidity Sensor,2020/12/20 9:05 AM,37.9,97.0,37.1,37.9,,,30.19,,,,,,,,,,,,,
Back Fence,Temp & Humidity Sensor,2020/12/20 9:10 AM,38.1,97.0,37.3,38.1,,,30.19,,,,,,,,,,,,,
Back Fence,Temp & Humidity Sensor,2020/12/20 9:15 AM,38.3,97.0,37.5,38.3,,,30.19,,,,,,,,,,,,,
Back Fence,Temp & Humidity Sensor,2020/12/20 9:20 AM,38.4,97.0,37.6,38.4,,,30.19,,,,,,,,,,,,,
Back Fence,Temp & Humidity Sensor,2020/12/20 9:25 AM,38.6,97.0,37.8,38.6,,,30.2,,,,,,,,,,,,,
Back Fence,Temp & Humidity Sensor,2020/12/20 9:30 AM,38.6,97.0,37.8,38.6,,,30.19,,,,,,,,,,,,,
Back Fence,Temp & Humidity Sensor,2020/12/20 9:35 AM,38.6,97.0,37.8,38.6,,,30.19,,,,,,,,,,,,,
Back Fence,Temp & Humidity Sensor,2020/12/20 9:40 AM,38.8,97.0,38.0,38.8,,,30.2,,,,,,,,,,,,,
Back Fence,Temp & Humidity Sensor,2020/12/20 9:45 AM,39.0,97.0,38.2,39.0,,,30.19,,,,,,,,,,,,,
Back Fence,Temp & Humidity Sensor,2020/12/20 9:50 AM,39.2,97.0,38.4,39.2,,,30.18,,,,,,,,,,,,,
Back Fence,Temp & Humidity Sensor,2020/12/20 9:55 AM,39.3,97.0,38.5,39.3,,,30.18,,,,,,,,,,,,,
Back Fence,Temp & Humidity Sensor,2020/12/20 10:00 AM,39.5,97.0,38.7,39.5,,,30.17,,,,,,,,,,,,,
Back Fence,Temp & Humidity Sensor,2020/12/20 10:05 AM,39.7,97.0,38.9,39.7,,,30.17,,,,,,,,,,,,,
Back Fence,Temp & Humidity Sensor,2020/12/20 10:10 AM,39.7,97.0,38.9,39.7,,,30.17,,,,,,,,,,,,,
Back Fence,Temp & Humidity Sensor,2020/12/20 10:15 AM,39.7,97.0,38.9,39.7,,,30.17,,,,,,,,,,,,,
Back Fence,Temp & Humidity Sensor,2020/12/20 10:20 AM,39.9,97.0,39.1,39.9,,,30.17,,,,,,,,,,,,,
Back Fence,Temp & Humidity Sensor,2020/12/20 10:25 AM,40.2,97.0,39.4,38.5,,,30.16,,,,,,,,,,,,,
Back Fence,Temp & Humidity Sensor,2020/12/20 10:30 AM,40.1,97.0,39.3,38.4,,,30.16,,,,,,,,,,,,,
Back Fence,Temp & Humidity Sensor,2020/12/20 10:35 AM,40.2,97.0,39.4,38.5,,,30.16,,,,,,,,,,,,,
Back Fence,Temp & Humidity Sensor,2020/12/20 10:40 AM,40.4,97.0,39.6,38.7,,,30.16,,,,,,,,,,,,,
Back Fence,Temp & Humidity Sensor,2020/12/20 10:45 AM,40.6,97.0,39.8,38.9,,,30.15,,,,,,,,,,,,,
Back Fence,Temp & Humidity Sensor,2020/12/20 10:50 AM,40.6,97.0,39.8,38.9,,,30.15,,,,,,,,,,,,,
Back Fence,Temp & Humidity Sensor,2020/12/20 10:55 AM,41.0,96.0,39.9,39.3,,,30.15,,,,,,,,,,,,,
Back Fence,Temp & Humidity Sensor,2020/12/20 11:00 AM,41.0,96.0,39.9,39.3,,,30.15,,,,,,,,,,,,,
Back Fence,Temp & Humidity Sensor,2020/12/20 11:05 AM,41.3,96.0,40.2,39.6,,,30.14,,,,,,,,,,,,,
Back Fence,Temp & Humidity Sensor,2020/12/20 11:10 AM,41.3,96.0,40.2,39.6,,,30.14,,,,,,,,,,,,,
Back Fence,Temp & Humidity Sensor,2020/12/20 11:15 AM,41.7,96.0,40.6,40.1,,,30.14,,,,,,,,,,,,,
Back Fence,Temp & Humidity Sensor,2020/12/20 11:20 AM,41.9,96.0,40.8,40.3,,,30.13,,,,,,,,,,,,,
Back Fence,Temp & Humidity Sensor,2020/12/20 11:25 AM,42.2,96.0,41.1,40.6,,,30.13,,,,,,,,,,,,,
Back Fence,Temp & Humidity Sensor,2020/12/20 11:30 AM,42.4,96.0,41.3,40.9,,,30.12,,,,,,,,,,,,,
Back Fence,Temp & Humidity Sensor,2020/12/20 11:35 AM,42.6,96.0,41.5,41.1,,,30.12,,,,,,,,,,,,,
Back Fence,Temp & Humidity Sensor,2020/12/20 11:40 AM,42.4,96.0,41.3,40.9,,,30.12,,,,,,,,,,,,,
Back Fence,Temp & Humidity Sensor,2020/12/20 11:45 AM,42.6,96.0,41.5,41.1,,,30.11,,,,,,,,,,,,,
Back Fence,Temp & Humidity Sensor,2020/12/20 11:50 AM,42.8,95.0,41.5,41.2,,,30.1,,,,,,,,,,,,,
Back Fence,Temp & Humidity Sensor,2020/12/20 11:55 AM,42.8,95.0,41.5,41.2,,,30.1,,,,,,,,,,,,,
Back Fence,Temp & Humidity Sensor,2020/12/20 12:00 PM,42.8,95.0,41.5,41.2,,,30.1,,,,,,,,,,,,,
Back Fence,Temp & Humidity Sensor,2020/12/20 12:05 PM,42.9,95.0,41.6,41.4,,,30.09,,,,,,,,,,,,,
Back Fence,Temp & Humidity Sensor,2020/12/20 12:10 PM,43.3,96.0,42.2,41.8,,,30.09,,,,,,,,,,,,,
Back Fence,Temp & Humidity Sensor,2020/12/20 12:15 PM,43.5,96.0,42.4,42.1,,,30.09,,,,,,,,,,,,,
Back Fence,Temp & Humidity Sensor,2020/12/20 12:20 PM,43.7,96.0,42.6,42.3,,,30.08,,,,,,,,,,,,,
Back Fence,Temp & Humidity Sensor,2020/12/20 12:25 PM,43.8,96.0,42.7,42.4,,,30.08,,,,,,,,,,,,,
Back Fence,Temp & Humidity Sensor,2020/12/20 12:30 PM,43.8,96.0,42.7,42.4,,,30.08,,,,,,,,,,,,,
Back Fence,Temp & Humidity Sensor,2020/12/20 12:35 PM,44.0,96.0,42.9,42.6,,,30.07,,,,,,,,,,,,,
Back Fence,Temp & Humidity Sensor,2020/12/20 12:40 PM,44.0,96.0,42.9,42.6,,,30.06,,,,,,,,,,,,,
Back Fence,Temp & Humidity Sensor,2020/12/20 12:45 PM,45.1,96.0,44.0,43.8,,,30.06,,,,,,,,,,,,,
Back Fence,Temp & Humidity Sensor,2020/12/20 12:50 PM,45.6,96.0,44.5,44.4,,,30.06,,,,,,,,,,,,,
Back Fence,Temp & Humidity Sensor,2020/12/20 12:55 PM,44.7,96.0,43.6,43.4,,,30.05,,,,,,,,,,,,,
Back Fence,Temp & Humidity Sensor,2020/12/20 1:00 PM,44.6,96.0,43.5,43.3,,,30.05,,,,,,,,,,,,,
Back Fence,Temp & Humidity Sensor,2020/12/20 1:05 PM,44.6,96.0,43.5,43.3,,,30.05,,,,,,,,,,,,,
Back Fence,Temp & Humidity Sensor,2020/12/20 1:10 PM,44.6,96.0,43.5,43.3,,,30.05,,,,,,,,,,,,,
Back Fence,Temp & Humidity Sensor,2020/12/20 1:15 PM,44.6,96.0,43.5,43.3,,,30.05,,,,,,,,,,,,,
Back Fence,Temp & Humidity Sensor,2020/12/20 1:20 PM,44.6,96.0,43.5,43.3,,,30.05,,,,,,,,,,,,,
Back Fence,Temp & Humidity Sensor,2020/12/20 1:25 PM,44.7,96.0,43.6,43.4,,,30.04,,,,,,,,,,,,,
Back Fence,Temp & Humidity Sensor,2020/12/20 1:30 PM,44.6,96.0,43.5,43.3,,,30.04,,,,,,,,,,,,,
Back Fence,Temp & Humidity Sensor,2020/12/20 1:35 PM,44.7,96.0,43.6,43.4,,,30.04,,,,,,,,,,,,,
Back Fence,Temp & Humidity Sensor,2020/12/20 1:40 PM,44.6,96.0,43.5,43.3,,,30.03,,,,,,,,,,,,,
Back Fence,Temp & Humidity Sensor,2020/12/20 1:45 PM,44.6,97.0,43.8,43.3,,,30.03,,,,,,,,,,,,,
Back Fence,Temp & Humidity Sensor,2020/12/20 1:50 PM,44.6,97.0,43.8,43.3,,,30.03,,,,,,,,,,,,,
Back Fence,Temp & Humidity Sensor,2020/12/20 1:55 PM,44.6,97.0,43.8,43.3,,,30.03,,,,,,,,,,,,,
Back Fence,Temp & Humidity Sensor,2020/12/20 2:00 PM,44.7,97.0,43.9,43.4,,,30.03,,,,,,,,,,,,,
Back Fence,Temp & Humidity Sensor,2020/12/20 2:05 PM,44.7,97.0,43.9,43.4,,,30.03,,,,,,,,,,,,,
Back Fence,Temp & Humidity Sensor,2020/12/20 2:10 PM,44.9,97.0,44.1,43.6,,,30.03,,,,,,,,,,,,,
Back Fence,Temp & Humidity Sensor,2020/12/20 2:15 PM,44.7,97.0,43.9,43.4,,,30.02,,,,,,,,,,,,,
Back Fence,Temp & Humidity Sensor,2020/12/20 2:20 PM,44.7,97.0,43.9,43.4,,,30.02,,,,,,,,,,,,,
Back Fence,Temp & Humidity Sensor,2020/12/20 2:25 PM,44.7,97.0,43.9,43.4,,,30.02,,,,,,,,,,,,,
Back Fence,Temp & Humidity Sensor,2020/12/20 2:30 PM,44.6,97.0,43.8,43.3,,,30.03,,,,,,,,,,,,,
Back Fence,Temp & Humidity Sensor,2020/12/20 2:35 PM,44.7,97.0,43.9,43.4,,,30.03,,,,,,,,,,,,,
Back Fence,Temp & Humidity Sensor,2020/12/20 2:40 PM,44.6,97.0,43.8,43.3,,,30.03,,,,,,,,,,,,,
Back Fence,Temp & Humidity Sensor,2020/12/20 2:45 PM,44.7,97.0,43.9,43.4,,,30.03,,,,,,,,,,,,,
Back Fence,Temp & Humidity Sensor,2020/12/20 2:50 PM,44.7,97.0,43.9,43.4,,,30.03,,,,,,,,,,,,,
Back Fence,Temp & Humidity Sensor,2020/12/20 2:55 PM,44.7,97.0,43.9,43.4,,,30.03,,,,,,,,,,,,,
Back Fence,Temp & Humidity Sensor,2020/12/20 3:00 PM,44.7,97.0,43.9,43.4,,,30.03,,,,,,,,,,,,,
Back Fence,Temp & Humidity Sensor,2020/12/20 3:05 PM,44.7,97.0,43.9,43.4,,,30.03,,,,,,,,,,,,,
Back Fence,Temp & Humidity Sensor,2020/12/20 3:10 PM,44.7,97.0,43.9,43.4,,,30.03,,,,,,,,,,,,,
Back Fence,Temp & Humidity Sensor,2020/12/20 3:15 PM,44.9,97.0,44.1,43.6,,,30.03,,,,,,,,,,,,,
Back Fence,Temp & Humidity Sensor,2020/12/20 3:20 PM,44.7,97.0,43.9,43.4,,,30.03,,,,,,,,,,,,,
Back Fence,Temp & Humidity Sensor,2020/12/20 3:25 PM,44.7,97.0,43.9,43.4,,,30.03,,,,,,,,,,,,,
Back Fence,Temp & Humidity Sensor,2020/12/20 3:30 PM,44.9,97.0,44.1,43.6,,,30.03,,,,,,,,,,,,,
Back Fence,Temp & Humidity Sensor,2020/12/20 3:35 PM,44.9,97.0,44.1,43.6,,,30.03,,,,,,,,,,,,,
Back Fence,Temp & Humidity Sensor,2020/12/20 3:40 PM,44.9,97.0,44.1,43.6,,,30.02,,,,,,,,,,,,,
Back Fence,Temp & Humidity Sensor,2020/12/20 3:45 PM,45.1,97.0,44.3,43.9,,,30.02,,,,,,,,,,,,,
Back Fence,Temp & Humidity Sensor,2020/12/20 3:50 PM,45.1,97.0,44.3,43.9,,,30.02,,,,,,,,,,,,,
Back Fence,Temp & Humidity Sensor,2020/12/20 3:55 PM,44.9,96.0,43.8,43.6,,,30.02,,,,,,,,,,,,,
Back Fence,Temp & Humidity Sensor,2020/12/20 4:00 PM,44.9,96.0,43.8,43.6,,,30.02,,,,,,,,,,,,,
Back Fence,Temp & Humidity Sensor,2020/12/20 4:05 PM,44.7,96.0,43.6,43.4,,,30.02,,,,,,,,,,,,,
Back Fence,Temp & Humidity Sensor,2020/12/20 4:10 PM,44.7,96.0,43.6,43.4,,,30.02,,,,,,,,,,,,,
Back Fence,Temp & Humidity Sensor,2020/12/20 4:15 PM,44.7,96.0,43.6,43.4,,,30.02,,,,,,,,,,,,,
Back Fence,Temp & Humidity Sensor,2020/12/20 4:20 PM,44.7,96.0,43.6,43.4,,,30.02,,,,,,,,,,,,,
Back Fence,Temp & Humidity Sensor,2020/12/20 4:25 PM,44.6,97.0,43.8,43.3,,,30.02,,,,,,,,,,,,,
Back Fence,Temp & Humidity Sensor,2020/12/20 4:30 PM,44.6,97.0,43.8,43.3,,,30.02,,,,,,,,,,,,,
Back Fence,Temp & Humidity Sensor,2020/12/20 4:35 PM,44.6,97.0,43.8,43.3,,,30.02,,,,,,,,,,,,,
Back Fence,Temp & Humidity Sensor,2020/12/20 4:40 PM,44.6,97.0,43.8,43.3,,,30.03,,,,,,,,,,,,,
Back Fence,Temp & Humidity Sensor,2020/12/20 4:45 PM,44.6,97.0,43.8,43.3,,,30.03,,,,,,,,,,,,,
Back Fence,Temp & Humidity Sensor,2020/12/20 4:50 PM,44.6,97.0,43.8,43.3,,,30.03,,,,,,,,,,,,,
Back Fence,Temp & Humidity Sensor,2020/12/20 4:55 PM,44.6,97.0,43.8,43.3,,,30.03,,,,,,,,,,,,,
Back Fence,Temp & Humidity Sensor,2020/12/20 5:00 PM,44.6,97.0,43.8,43.3,,,30.04,,,,,,,,,,,,,
Back Fence,Temp & Humidity Sensor,2020/12/20 5:05 PM,44.4,98.0,43.9,43.1,,,30.04,,,,,,,,,,,,,
Back Fence,Temp & Humidity Sensor,2020/12/20 5:10 PM,44.4,98.0,43.9,43.1,,,30.04,,,,,,,,,,,,,
Back Fence,Temp & Humidity Sensor,2020/12/20 5:15 PM,44.6,97.0,43.8,43.3,,,30.04,,,,,,,,,,,,,
Back Fence,Temp & Humidity Sensor,2020/12/20 5:20 PM,44.6,97.0,43.8,43.3,,,30.04,,,,,,,,,,,,,
Back Fence,Temp & Humidity Sensor,2020/12/20 5:25 PM,44.4,98.0,43.9,43.1,,,30.04,,,,,,,,,,,,,
Back Fence,Temp & Humidity Sensor,2020/12/20 5:30 PM,44.4,98.0,43.9,43.1,,,30.04,,,,,,,,,,,,,
Back Fence,Temp & Humidity Sensor,2020/12/20 5:35 PM,44.4,98.0,43.9,43.1,,,30.04,,,,,,,,,,,,,
Back Fence,Temp & Humidity Sensor,2020/12/20 5:40 PM,44.4,98.0,43.9,43.1,,,30.04,,,,,,,,,,,,,
Back Fence,Temp & Humidity Sensor,2020/12/20 5:45 PM,44.4,98.0,43.9,43.1,,,30.04,,,,,,,,,,,,,
Back Fence,Temp & Humidity Sensor,2020/12/20 5:50 PM,44.4,98.0,43.9,43.1,,,30.04,,,,,,,,,,,,,
Back Fence,Temp & Humidity Sensor,2020/12/20 5:55 PM,44.4,98.0,43.9,43.1,,,30.04,,,,,,,,,,,,,
Back Fence,Temp & Humidity Sensor,2020/12/20 6:00 PM,44.4,98.0,43.9,43.1,,,30.04,,,,,,,,,,,,,
Back Fence,Temp & Humidity Sensor,2020/12/20 6:05 PM,44.4,98.0,43.9,43.1,,,30.04,,,,,,,,,,,,,
Back Fence,Temp & Humidity Sensor,2020/12/20 6:10 PM,44.4,98.0,43.9,43.1,,,30.04,,,,,,,,,,,,,
Back Fence,Temp & Humidity Sensor,2020/12/20 6:15 PM,44.2,98.0,43.7,42.9,,,30.04,,,,,,,,,,,,,
Back Fence,Temp & Humidity Sensor,2020/12/20 6:20 PM,44.2,98.0,43.7,42.9,,,30.04,,,,,,,,,,,,,
Back Fence,Temp & Humidity Sensor,2020/12/20 6:25 PM,44.2,98.0,43.7,42.9,,,30.04,,,,,,,,,,,,,
Back Fence,Temp & Humidity Sensor,2020/12/20 6:30 PM,44.2,98.0,43.7,42.9,,,30.04,,,,,,,,,,,,,
Back Fence,Temp & Humidity Sensor,2020/12/20 6:35 PM,44.2,98.0,43.7,42.9,,,30.04,,,,,,,,,,,,,
Back Fence,Temp & Humidity Sensor,2020/12/20 6:40 PM,44.2,98.0,43.7,42.9,,,30.04,,,,,,,,,,,,,
Back Fence,Temp & Humidity Sensor,2020/12/20 6:45 PM,44.2,98.0,43.7,42.9,,,30.04,,,,,,,,,,,,,
Back Fence,Temp & Humidity Sensor,2020/12/20 6:50 PM,44.2,98.0,43.7,42.9,,,30.04,,,,,,,,,,,,,
Back Fence,Temp & Humidity Sensor,2020/12/20 6:55 PM,44.0,98.0,43.5,42.7,,,30.04,,,,,,,,,,,,,
Back Fence,Temp & Humidity Sensor,2020/12/20 7:00 PM,44.0,98.0,43.5,42.7,,,30.04,,,,,,,,,,,,,
Back Fence,Temp & Humidity Sensor,2020/12/20 7:05 PM,44.0,98.0,43.5,42.7,,,30.04,,,,,,,,,,,,,
Back Fence,Temp & Humidity Sensor,2020/12/20 7:10 PM,44.0,98.0,43.5,42.7,,,30.03,,,,,,,,,,,,,
Back Fence,Temp & Humidity Sensor,2020/12/20 7:15 PM,44.0,98.0,43.5,42.7,,,30.03,,,,,,,,,,,,,
Back Fence,Temp & Humidity Sensor,2020/12/20 7:20 PM,44.0,98.0,43.5,42.7,,,30.04,,,,,,,,,,,,,
Back Fence,Temp & Humidity Sensor,2020/12/20 7:25 PM,43.8,98.0,43.3,42.5,,,30.04,,,,,,,,,,,,,
Back Fence,Temp & Humidity Sensor,2020/12/20 7:30 PM,43.8,98.0,43.3,42.5,,,30.03,,,,,,,,,,,,,
Back Fence,Temp & Humidity Sensor,2020/12/20 7:35 PM,43.8,98.0,43.3,42.5,,,30.03,,,,,,,,,,,,,
Back Fence,Temp & Humidity Sensor,2020/12/20 7:40 PM,43.8,98.0,43.3,42.5,,,30.03,,,,,,,,,,,,,
Back Fence,Temp & Humidity Sensor,2020/12/20 7:45 PM,43.8,98.0,43.3,42.5,,,30.03,,,,,,,,,,,,,
Back Fence,Temp & Humidity Sensor,2020/12/20 7:50 PM,43.8,98.0,43.3,42.5,,,30.03,,,,,,,,,,,,,
Back Fence,Temp & Humidity Sensor,2020/12/20 7:55 PM,43.8,98.0,43.3,42.5,,,30.03,,,,,,,,,,,,,
Back Fence,Temp & Humidity Sensor,2020/12/20 8:00 PM,43.8,98.0,43.3,42.5,,,30.03,,,,,,,,,,,,,
Back Fence,Temp & Humidity Sensor,2020/12/20 8:05 PM,43.8,98.0,43.3,42.5,,,30.03,,,,,,,,,,,,,
Back Fence,Temp & Humidity Sensor,2020/12/20 8:10 PM,43.8,98.0,43.3,42.5,,,30.03,,,,,,,,,,,,,
Back Fence,Temp & Humidity Sensor,2020/12/20 8:15 PM,43.8,98.0,43.3,42.5,,,30.03,,,,,,,,,,,,,
Back Fence,Temp & Humidity Sensor,2020/12/20 8:20 PM,43.8,98.0,43.3,42.5,,,30.02,,,,,,,,,,,,,
Back Fence,Temp & Humidity Sensor,2020/12/20 8:25 PM,43.7,98.0,43.2,42.4,,,30.02,,,,,,,,,,,,,
Back Fence,Temp & Humidity Sensor,2020/12/20 8:30 PM,43.7,98.0,43.2,42.4,,,30.02,,,,,,,,,,,,,
Back Fence,Temp & Humidity Sensor,2020/12/20 8:35 PM,43.7,98.0,43.2,42.4,,,30.02,,,,,,,,,,,,,
Back Fence,Temp & Humidity Sensor,2020/12/20 8:40 PM,43.7,98.0,43.2,42.4,,,30.02,,,,,,,,,,,,,
Back Fence,Temp & Humidity Sensor,2020/12/20 8:45 PM,43.7,98.0,43.2,42.4,,,30.01,,,,,,,,,,,,,
Back Fence,Temp & Humidity Sensor,2020/12/20 8:50 PM,43.7,98.0,43.2,42.4,,,30.01,,,,,,,,,,,,,
Back Fence,Temp & Humidity Sensor,2020/12/20 8:55 PM,43.7,98.0,43.2,42.4,,,30.01,,,,,,,,,,,,,
Back Fence,Temp & Humidity Sensor,2020/12/20 9:00 PM,43.5,98.0,43.0,42.2,,,30.01,,,,,,,,,,,,,
Back Fence,Temp & Humidity Sensor,2020/12/20 9:05 PM,43.5,98.0,43.0,42.2,,,30.0,,,,,,,,,,,,,
Back Fence,Temp & Humidity Sensor,2020/12/20 9:10 PM,43.5,98.0,43.0,42.2,,,30.0,,,,,,,,,,,,,
Back Fence,Temp & Humidity Sensor,2020/12/20 9:15 PM,43.5,98.0,43.0,42.2,,,30.0,,,,,,,,,,,,,
Back Fence,Temp & Humidity Sensor,2020/12/20 9:20 PM,43.5,98.0,43.0,42.2,,,30.0,,,,,,,,,,,,,
Back Fence,Temp & Humidity Sensor,2020/12/20 9:25 PM,43.5,98.0,43.0,42.2,,,30.0,,,,,,,,,,,,,
Back Fence,Temp & Humidity Sensor,2020/12/20 9:30 PM,43.5,98.0,43.0,42.2,,,30.0,,,,,,,,,,,,,
Back Fence,Temp & Humidity Sensor,2020/12/20 9:35 PM,43.5,98.0,43.0,42.2,,,30.0,,,,,,,,,,,,,
Back Fence,Temp & Humidity Sensor,2020/12/20 9:40 PM,43.5,98.0,43.0,42.2,,,29.99,,,,,,,,,,,,,
Back Fence,Temp & Humidity Sensor,2020/12/20 9:45 PM,43.5,98.0,43.0,42.2,,,29.99,,,,,,,,,,,,,
Back Fence,Temp & Humidity Sensor,2020/12/20 9:50 PM,43.5,98.0,43.0,42.2,,,29.99,,,,,,,,,,,,,
Back Fence,Temp & Humidity Sensor,2020/12/20 9:55 PM,43.5,98.0,43.0,42.2,,,29.99,,,,,,,,,,,,,
Back Fence,Temp & Humidity Sensor,2020/12/20 10:00 PM,43.5,98.0,43.0,42.2,,,30.0,,,,,,,,,,,,,
Back Fence,Temp & Humidity Sensor,2020/12/20 10:05 PM,43.7,98.0,43.2,42.4,,,30.0,,,,,,,,,,,,,
Back Fence,Temp & Humidity Sensor,2020/12/20 10:10 PM,43.7,98.0,43.2,42.4,,,30.01,,,,,,,,,,,,,
Back Fence,Temp & Humidity Sensor,2020/12/20 10:15 PM,43.7,98.0,43.2,42.4,,,30.0,,,,,,,,,,,,,
Back Fence,Temp & Humidity Sensor,2020/12/20 10:20 PM,43.5,98.0,43.0,42.2,,,30.0,,,,,,,,,,,,,
Back Fence,Temp & Humidity Sensor,2020/12/20 10:25 PM,43.5,98.0,43.0,42.2,,,30.0,,,,,,,,,,,,,
Back Fence,Temp & Humidity Sensor,2020/12/20 10:30 PM,43.5,98.0,43.0,42.2,,,30.0,,,,,,,,,,,,,
Back Fence,Temp & Humidity Sensor,2020/12/20 10:35 PM,43.5,98.0,43.0,42.2,,,30.0,,,,,,,,,,,,,
Back Fence,Temp & Humidity Sensor,2020/12/20 10:40 PM,43.5,98.0,43.0,42.2,,,30.0,,,,,,,,,,,,,
Back Fence,Temp & Humidity Sensor,2020/12/20 10:45 PM,43.5,98.0,43.0,42.2,,,30.0,,,,,,,,,,,,,
Back Fence,Temp & Humidity Sensor,2020/12/20 10:50 PM,43.5,98.0,43.0,42.2,,,30.0,,,,,,,,,,,,,
Back Fence,Temp & Humidity Sensor,2020/12/20 10:55 PM,43.5,98.0,43.0,42.2,,,30.0,,,,,,,,,,,,,
Back Fence,Temp & Humidity Sensor,2020/12/20 11:00 PM,43.5,98.0,43.0,42.2,,,30.0,,,,,,,,,,,,,
Back Fence,Temp & Humidity Sensor,2020/12/20 11:05 PM,43.5,99.0,43.2,42.2,,,29.99,,,,,,,,,,,,,
Back Fence,Temp & Humidity Sensor,2020/12/20 11:10 PM,43.5,99.0,43.2,42.2,,,29.99,,,,,,,,,,,,,
Back Fence,Temp & Humidity Sensor,2020/12/20 11:15 PM,43.5,99.0,43.2,42.2,,,29.99,,,,,,,,,,,,,
Back Fence,Temp & Humidity Sensor,2020/12/20 11:20 PM,43.5,99.0,43.2,42.2,,,29.98,,,,,,,,,,,,,
Back Fence,Temp & Humidity Sensor,2020/12/20 11:25 PM,43.3,99.0,43.0,42.0,,,29.98,,,,,,,,,,,,,
Back Fence,Temp & Humidity Sensor,2020/12/20 11:30 PM,43.3,99.0,43.0,42.0,,,29.99,,,,,,,,,,,,,
Back Fence,Temp & Humidity Sensor,2020/12/20 11:35 PM,43.3,99.0,43.0,42.0,,,29.98,,,,,,,,,,,,,
Back Fence,Temp & Humidity Sensor,2020/12/20 11:40 PM,43.3,99.0,43.0,42.0,,,29.98,,,,,,,,,,,,,
Back Fence,Temp & Humidity Sensor,2020/12/20 11:45 PM,43.3,99.0,43.0,42.0,,,29.97,,,,,,,,,,,,,
Back Fence,Temp & Humidity Sensor,2020/12/20 11:50 PM,43.3,99.0,43.0,42.0,,,29.97,,,,,,,,,,,,,
Back Fence,Temp & Humidity Sensor,2020/12/20 11:55 PM,43.3,99.0,43.0,42.0,,,29.97,,,,,,,,,,,,,
Back Fence,Temp & Humidity Sensor,2020/12/21 12:00 AM,43.3,99.0,43.0,42.0,,,29.97,,,,,,,,,,,,,
Back Fence,Temp & Humidity Sensor,2020/12/21 12:05 AM,43.3,99.0,43.0,42.0,,,29.97,,,,,,,,,,,,,
Back Fence,Temp & Humidity Sensor,2020/12/21 12:10 AM,43.3,99.0,43.0,42.0,,,29.97,,,,,,,,,,,,,
Back Fence,Temp & Humidity Sensor,2020/12/21 12:15 AM,43.3,99.0,43.0,42.0,,,29.96,,,,,,,,,,,,,
Back Fence,Temp & Humidity Sensor,2020/12/21 12:20 AM,43.3,99.0,43.0,42.0,,,29.96,,,,,,,,,,,,,
Back Fence,Temp & Humidity Sensor,2020/12/21 12:25 AM,43.3,99.0,43.0,42.0,,,29.97,,,,,,,,,,,,,
Back Fence,Temp & Humidity Sensor,2020/12/21 12:30 AM,43.3,99.0,43.0,42.0,,,29.97,,,,,,,,,,,,,
Back Fence,Temp & Humidity Sensor,2020/12/21 12:35 AM,43.3,99.0,43.0,42.0,,,29.96,,,,,,,,,,,,,
Back Fence,Temp & Humidity Sensor,2020/12/21 12:40 AM,43.3,99.0,43.0,42.0,,,29.97,,,,,,,,,,,,,
Back Fence,Temp & Humidity Sensor,2020/12/21 12:45 AM,43.3,99.0,43.0,42.0,,,29.96,,,,,,,,,,,,,
Back Fence,Temp & Humidity Sensor,2020/12/21 12:50 AM,43.3,99.0,43.0,42.0,,,29.96,,,,,,,,,,,,,
Back Fence,Temp & Humidity Sensor,2020/12/21 12:55 AM,43.3,99.0,43.0,42.0,,,29.96,,,,,,,,,,,,,
Back Fence,Temp & Humidity Sensor,2020/12/21 1:00 AM,43.3,99.0,43.0,42.0,,,29.96,,,,,,,,,,,,,
Back Fence,Temp & Humidity Sensor,2020/12/21 1:05 AM,43.3,99.0,43.0,42.0,,,29.95,,,,,,,,,,,,,
Back Fence,Temp & Humidity Sensor,2020/12/21 1:10 AM,43.3,99.0,43.0,42.0,,,29.95,,,,,,,,,,,,,
Back Fence,Temp & Humidity Sensor,2020/12/21 1:15 AM,43.3,99.0,43.0,42.0,,,29.95,,,,,,,,,,,,,
Back Fence,Temp & Humidity Sensor,2020/12/21 1:20 AM,43.3,99.0,43.0,42.0,,,29.95,,,,,,,,,,,,,
Back Fence,Temp & Humidity Sensor,2020/12/21 1:25 AM,43.3,99.0,43.0,42.0,,,29.95,,,,,,,,,,,,,
Back Fence,Temp & Humidity Sensor,2020/12/21 1:30 AM,43.5,99.0,43.2,42.2,,,29.95,,,,,,,,,,,,,
Back Fence,Temp & Humidity Sensor,2020/12/21 1:35 AM,43.5,99.0,43.2,42.2,,,29.96,,,,,,,,,,,,,
Back Fence,Temp & Humidity Sensor,2020/12/21 1:40 AM,43.5,99.0,43.2,42.2,,,29.95,,,,,,,,,,,,,
Back Fence,Temp & Humidity Sensor,2020/12/21 1:45 AM,43.5,99.0,43.2,42.2,,,29.95,,,,,,,,,,,,,
Back Fence,Temp & Humidity Sensor,2020/12/21 1:50 AM,43.5,99.0,43.2,42.2,,,29.95,,,,,,,,,,,,,
Back Fence,Temp & Humidity Sensor,2020/12/21 1:55 AM,43.5,99.0,43.2,42.2,,,29.95,,,,,,,,,,,,,
Back Fence,Temp & Humidity Sensor,2020/12/21 2:00 AM,43.5,99.0,43.2,42.2,,,29.95,,,,,,,,,,,,,
Back Fence,Temp & Humidity Sensor,2020/12/21 2:05 AM,43.5,99.0,43.2,42.2,,,29.95,,,,,,,,,,,,,
Back Fence,Temp & Humidity Sensor,2020/12/21 2:10 AM,43.5,99.0,43.2,42.2,,,29.95,,,,,,,,,,,,,
Back Fence,Temp & Humidity Sensor,2020/12/21 2:15 AM,43.5,99.0,43.2,42.2,,,29.95,,,,,,,,,,,,,
Back Fence,Temp & Humidity Sensor,2020/12/21 2:20 AM,43.5,99.0,43.2,42.2,,,29.95,,,,,,,,,,,,,
Back Fence,Temp & Humidity Sensor,2020/12/21 2:25 AM,43.3,99.0,43.0,42.0,,,29.95,,,,,,,,,,,,,
Back Fence,Temp & Humidity Sensor,2020/12/21 2:30 AM,43.3,99.0,43.0,42.0,,,29.94,,,,,,,,,,,,,
Back Fence,Temp & Humidity Sensor,2020/12/21 2:35 AM,43.3,99.0,43.0,42.0,,,29.95,,,,,,,,,,,,,
Back Fence,Temp & Humidity Sensor,2020/12/21 2:40 AM,43.5,99.0,43.2,42.2,,,29.96,,,,,,,,,,,,,
Back Fence,Temp & Humidity Sensor,2020/12/21 2:45 AM,43.5,99.0,43.2,42.2,,,29.96,,,,,,,,,,,,,
Back Fence,Temp & Humidity Sensor,2020/12/21 2:50 AM,43.3,99.0,43.0,42.0,,,29.96,,,,,,,,,,,,,
Back Fence,Temp & Humidity Sensor,2020/12/21 2:55 AM,43.3,99.0,43.0,42.0,,,29.96,,,,,,,,,,,,,
Back Fence,Temp & Humidity Sensor,2020/12/21 3:00 AM,43.3,99.0,43.0,42.0,,,29.96,,,,,,,,,,,,,
Back Fence,Temp & Humidity Sensor,2020/12/21 3:05 AM,43.3,99.0,43.0,42.0,,,29.96,,,,,,,,,,,,,
Back Fence,Temp & Humidity Sensor,2020/12/21 3:10 AM,43.3,99.0,43.0,42.0,,,29.96,,,,,,,,,,,,,
Back Fence,Temp & Humidity Sensor,2020/12/21 3:15 AM,43.3,99.0,43.0,42.0,,,29.96,,,,,,,,,,,,,
Back Fence,Temp & Humidity Sensor,2020/12/21 3:20 AM,43.3,99.0,43.0,42.0,,,29.96,,,,,,,,,,,,,
Back Fence,Temp & Humidity Sensor,2020/12/21 3:25 AM,43.1,99.0,42.8,41.8,,,29.96,,,,,,,,,,,,,
Back Fence,Temp & Humidity Sensor,2020/12/21 3:30 AM,43.1,99.0,42.8,41.8,,,29.96,,,,,,,,,,,,,
Back Fence,Temp & Humidity Sensor,2020/12/21 3:35 AM,43.1,99.0,42.8,41.8,,,29.96,,,,,,,,,,,,,
Back Fence,Temp & Humidity Sensor,2020/12/21 3:40 AM,43.1,99.0,42.8,41.8,,,29.96,,,,,,,,,,,,,
Back Fence,Temp & Humidity Sensor,2020/12/21 3:45 AM,43.1,99.0,42.8,41.8,,,29.96,,,,,,,,,,,,,
Back Fence,Temp & Humidity Sensor,2020/12/21 3:50 AM,43.1,99.0,42.8,41.8,,,29.97,,,,,,,,,,,,,
Back Fence,Temp & Humidity Sensor,2020/12/21 3:55 AM,42.9,99.0,42.6,41.5,,,29.96,,,,,,,,,,,,,
Back Fence,Temp & Humidity Sensor,2020/12/21 4:00 AM,42.9,99.0,42.6,41.5,,,29.96,,,,,,,,,,,,,
Back Fence,Temp & Humidity Sensor,2020/12/21 4:05 AM,42.8,99.0,42.5,41.4,,,29.96,,,,,,,,,,,,,
Back Fence,Temp & Humidity Sensor,2020/12/21 4:10 AM,42.8,99.0,42.5,41.4,,,29.96,,,,,,,,,,,,,
Back Fence,Temp & Humidity Sensor,2020/12/21 4:15 AM,42.8,99.0,42.5,41.4,,,29.96,,,,,,,,,,,,,
Back Fence,Temp & Humidity Sensor,2020/12/21 4:20 AM,42.8,99.0,42.5,41.4,,,29.95,,,,,,,,,,,,,
Back Fence,Temp & Humidity Sensor,2020/12/21 4:25 AM,42.8,99.0,42.5,41.4,,,29.95,,,,,,,,,,,,,
Back Fence,Temp & Humidity Sensor,2020/12/21 4:30 AM,42.8,99.0,42.5,41.4,,,29.95,,,,,,,,,,,,,
Back Fence,Temp & Humidity Sensor,2020/12/21 4:35 AM,42.8,99.0,42.5,41.4,,,29.95,,,,,,,,,,,,,
Back Fence,Temp & Humidity Sensor,2020/12/21 4:40 AM,42.8,99.0,42.5,41.4,,,29.95,,,,,,,,,,,,,
Back Fence,Temp & Humidity Sensor,2020/12/21 4:45 AM,42.8,99.0,42.5,41.4,,,29.95,,,,,,,,,,,,,
Back Fence,Temp & Humidity Sensor,2020/12/21 4:50 AM,42.8,99.0,42.5,41.4,,,29.95,,,,,,,,,,,,,
Back Fence,Temp & Humidity Sensor,2020/12/21 4:55 AM,42.8,99.0,42.5,41.4,,,29.95,,,,,,,,,,,,,
Back Fence,Temp & Humidity Sensor,2020/12/21 5:00 AM,42.8,99.0,42.5,41.4,,,29.95,,,,,,,,,,,,,
Back Fence,Temp & Humidity Sensor,2020/12/21 5:05 AM,42.8,99.0,42.5,41.4,,,29.95,,,,,,,,,,,,,
Back Fence,Temp & Humidity Sensor,2020/12/21 5:10 AM,42.8,99.0,42.5,41.4,,,29.95,,,,,,,,,,,,,
Back Fence,Temp & Humidity Sensor,2020/12/21 5:15 AM,42.8,99.0,42.5,41.4,,,29.95,,,,,,,,,,,,,
Back Fence,Temp & Humidity Sensor,2020/12/21 5:20 AM,42.8,99.0,42.5,41.4,,,29.95,,,,,,,,,,,,,
Back Fence,Temp & Humidity Sensor,2020/12/21 5:25 AM,42.8,99.0,42.5,41.4,,,29.95,,,,,,,,,,,,,
Back Fence,Temp & Humidity Sensor,2020/12/21 5:30 AM,42.8,99.0,42.5,41.4,,,29.95,,,,,,,,,,,,,
Back Fence,Temp & Humidity Sensor,2020/12/21 5:35 AM,42.8,99.0,42.5,41.4,,,29.96,,,,,,,,,,,,,
Back Fence,Temp & Humidity Sensor,2020/12/21 5:40 AM,42.8,99.0,42.5,41.4,,,29.95,,,,,,,,,,,,,
Back Fence,Temp & Humidity Sensor,2020/12/21 5:45 AM,42.8,99.0,42.5,41.4,,,29.95,,,,,,,,,,,,,
Back Fence,Temp & Humidity Sensor,2020/12/21 5:50 AM,42.8,99.0,42.5,41.4,,,29.96,,,,,,,,,,,,,
Back Fence,Temp & Humidity Sensor,2020/12/21 5:55 AM,42.8,99.0,42.5,41.4,,,29.96,,,,,,,,,,,,,
Back Fence,Temp & Humidity Sensor,2020/12/21 6:00 AM,42.6,99.0,42.3,41.2,,,29.96,,,,,,,,,,,,,
Back Fence,Temp & Humidity Sensor,2020/12/21 6:05 AM,42.6,99.0,42.3,41.2,,,29.96,,,,,,,,,,,,,
Back Fence,Temp & Humidity Sensor,2020/12/21 6:10 AM,42.8,99.0,42.5,41.4,,,29.96,,,,,,,,,,,,,
Back Fence,Temp & Humidity Sensor,2020/12/21 6:15 AM,42.6,99.0,42.3,41.2,,,29.96,,,,,,,,,,,,,
Back Fence,Temp & Humidity Sensor,2020/12/21 6:20 AM,42.8,99.0,42.5,41.4,,,29.96,,,,,,,,,,,,,
Back Fence,Temp & Humidity Sensor,2020/12/21 6:25 AM,42.8,99.0,42.5,41.4,,,29.96,,,,,,,,,,,,,
Back Fence,Temp & Humidity Sensor,2020/12/21 6:30 AM,42.8,99.0,42.5,41.4,,,29.96,,,,,,,,,,,,,
Back Fence,Temp & Humidity Sensor,2020/12/21 6:35 AM,42.8,99.0,42.5,41.4,,,29.96,,,,,,,,,,,,,
Back Fence,Temp & Humidity Sensor,2020/12/21 6:40 AM,42.8,99.0,42.5,41.4,,,29.96,,,,,,,,,,,,,
Back Fence,Temp & Humidity Sensor,2020/12/21 6:45 AM,42.8,99.0,42.5,41.4,,,29.96,,,,,,,,,,,,,
Back Fence,Temp & Humidity Sensor,2020/12/21 6:50 AM,42.8,99.0,42.5,41.4,,,29.96,,,,,,,,,,,,,
Back Fence,Temp & Humidity Sensor,2020/12/21 6:55 AM,42.8,99.0,42.5,41.4,,,29.96,,,,,,,,,,,,,
Back Fence,Temp & Humidity Sensor,2020/12/21 7:00 AM,42.8,99.0,42.5,41.4,,,29.96,,,,,,,,,,,,,
Back Fence,Temp & Humidity Sensor,2020/12/21 7:05 AM,42.8,99.0,42.5,41.4,,,29.96,,,,,,,,,,,,,
Back Fence,Temp & Humidity Sensor,2020/12/21 7:10 AM,42.8,99.0,42.5,41.4,,,29.97,,,,,,,,,,,,,
Back Fence,Temp & Humidity Sensor,2020/12/21 7:15 AM,42.8,99.0,42.5,41.4,,,29.97,,,,,,,,,,,,,
Back Fence,Temp & Humidity Sensor,2020/12/21 7:20 AM,42.8,99.0,42.5,41.4,,,29.97,,,,,,,,,,,,,
Back Fence,Temp & Humidity Sensor,2020/12/21 7:25 AM,42.6,99.0,42.3,41.2,,,29.97,,,,,,,,,,,,,
Back Fence,Temp & Humidity Sensor,2020/12/21 7:30 AM,42.6,99.0,42.3,41.2,,,29.97,,,,,,,,,,,,,
Back Fence,Temp & Humidity Sensor,2020/12/21 7:35 AM,42.6,99.0,42.3,41.2,,,29.97,,,,,,,,,,,,,
Back Fence,Temp & Humidity Sensor,2020/12/21 7:40 AM,42.8,99.0,42.5,41.4,,,29.98,,,,,,,,,,,,,
Back Fence,Temp & Humidity Sensor,2020/12/21 7:45 AM,42.8,99.0,42.5,41.4,,,29.98,,,,,,,,,,,,,
Back Fence,Temp & Humidity Sensor,2020/12/21 7:50 AM,42.6,99.0,42.3,41.2,,,29.97,,,,,,,,,,,,,
Back Fence,Temp & Humidity Sensor,2020/12/21 7:55 AM,42.8,99.0,42.5,41.4,,,29.97,,,,,,,,,,,,,
Back Fence,Temp & Humidity Sensor,2020/12/21 8:00 AM,42.8,99.0,42.5,41.4,,,29.97,,,,,,,,,,,,,
Back Fence,Temp & Humidity Sensor,2020/12/21 8:05 AM,42.6,99.0,42.3,41.2,,,29.97,,,,,,,,,,,,,
Back Fence,Temp & Humidity Sensor,2020/12/21 8:10 AM,42.6,99.0,42.3,41.2,,,29.97,,,,,,,,,,,,,
Back Fence,Temp & Humidity Sensor,2020/12/21 8:15 AM,42.6,99.0,42.3,41.2,,,29.97,,,,,,,,,,,,,
Back Fence,Temp & Humidity Sensor,2020/12/21 8:20 AM,42.8,99.0,42.5,41.4,,,29.97,,,,,,,,,,,,,
Back Fence,Temp & Humidity Sensor,2020/12/21 8:25 AM,42.8,99.0,42.5,41.4,,,29.97,,,,,,,,,,,,,
Back Fence,Temp & Humidity Sensor,2020/12/21 8:30 AM,42.8,99.0,42.5,41.4,,,29.97,,,,,,,,,,,,,
Back Fence,Temp & Humidity Sensor,2020/12/21 8:35 AM,42.9,99.0,42.6,41.5,,,29.97,,,,,,,,,,,,,
Back Fence,Temp & Humidity Sensor,2020/12/21 8:40 AM,43.1,99.0,42.8,41.8,,,29.97,,,,,,,,,,,,,
Back Fence,Temp & Humidity Sensor,2020/12/21 8:45 AM,43.3,99.0,43.0,42.0,,,29.98,,,,,,,,,,,,,
Back Fence,Temp & Humidity Sensor,2020/12/21 8:50 AM,43.1,99.0,42.8,41.8,,,29.98,,,,,,,,,,,,,
Back Fence,Temp & Humidity Sensor,2020/12/21 8:55 AM,43.1,99.0,42.8,41.8,,,29.98,,,,,,,,,,,,,
Back Fence,Temp & Humidity Sensor,2020/12/21 9:00 AM,43.1,99.0,42.8,41.8,,,29.97,,,,,,,,,,,,,
Back Fence,Temp & Humidity Sensor,2020/12/21 9:05 AM,43.1,98.0,42.6,41.7,,,29.98,,,,,,,,,,,,,
Back Fence,Temp & Humidity Sensor,2020/12/21 9:10 AM,42.9,98.0,42.4,41.5,,,29.98,,,,,,,,,,,,,
Back Fence,Temp & Humidity Sensor,2020/12/21 9:15 AM,43.3,98.0,42.8,41.9,,,29.98,,,,,,,,,,,,,
Back Fence,Temp & Humidity Sensor,2020/12/21 9:20 AM,43.5,97.0,42.7,42.1,,,29.98,,,,,,,,,,,,,
Back Fence,Temp & Humidity Sensor,2020/12/21 9:25 AM,43.8,97.0,43.0,42.4,,,29.98,,,,,,,,,,,,,
Back Fence,Temp & Humidity Sensor,2020/12/21 9:30 AM,44.0,97.0,43.2,42.7,,,29.99,,,,,,,,,,,,,
Back Fence,Temp & Humidity Sensor,2020/12/21 9:35 AM,44.0,97.0,43.2,42.7,,,29.99,,,,,,,,,,,,,
Back Fence,Temp & Humidity Sensor,2020/12/21 9:40 AM,44.0,97.0,43.2,42.7,,,29.99,,,,,,,,,,,,,
Back Fence,Temp & Humidity Sensor,2020/12/21 9:45 AM,44.0,97.0,43.2,42.7,,,30.0,,,,,,,,,,,,,
Back Fence,Temp & Humidity Sensor,2020/12/21 9:50 AM,44.2,96.0,43.1,42.8,,,30.0,,,,,,,,,,,,,
Back Fence,Temp & Humidity Sensor,2020/12/21 9:55 AM,44.6,95.0,43.3,43.2,,,29.99,,,,,,,,,,,,,
Back Fence,Temp & Humidity Sensor,2020/12/21 10:00 AM,44.6,94.0,43.0,43.2,,,29.99,,,,,,,,,,,,,
Back Fence,Temp & Humidity Sensor,2020/12/21 10:05 AM,44.7,95.0,43.4,43.3,,,29.99,,,,,,,,,,,,,
Back Fence,Temp & Humidity Sensor,2020/12/21 10:10 AM,44.9,95.0,43.6,43.6,,,30.0,,,,,,,,,,,,,
Back Fence,Temp & Humidity Sensor,2020/12/21 10:15 AM,45.1,95.0,43.8,43.8,,,30.0,,,,,,,,,,,,,
Back Fence,Temp & Humidity Sensor,2020/12/21 10:20 AM,44.9,94.0,43.3,43.5,,,30.0,,,,,,,,,,,,,
Back Fence,Temp & Humidity Sensor,2020/12/21 10:25 AM,45.1,94.0,43.5,43.7,,,30.0,,,,,,,,,,,,,
Back Fence,Temp & Humidity Sensor,2020/12/21 10:30 AM,45.3,94.0,43.7,43.9,,,30.01,,,,,,,,,,,,,
Back Fence,Temp & Humidity Sensor,2020/12/21 10:35 AM,45.6,94.0,44.0,44.3,,,30.01,,,,,,,,,,,,,
Back Fence,Temp & Humidity Sensor,2020/12/21 10:40 AM,45.6,95.0,44.3,44.3,,,30.0,,,,,,,,,,,,,
Back Fence,Temp & Humidity Sensor,2020/12/21 10:45 AM,45.1,91.0,42.6,43.6,,,30.0,,,,,,,,,,,,,
Back Fence,Temp & Humidity Sensor,2020/12/21 10:50 AM,45.5,89.0,42.4,43.9,,,30.0,,,,,,,,,,,,,
Back Fence,Temp & Humidity Sensor,2020/12/21 10:55 AM,45.8,90.0,43.0,44.3,,,30.0,,,,,,,,,,,,,
Back Fence,Temp & Humidity Sensor,2020/12/21 11:00 AM,46.5,90.0,43.7,45.1,,,30.0,,,,,,,,,,,,,
Back Fence,Temp & Humidity Sensor,2020/12/21 11:05 AM,46.9,89.0,43.8,45.5,,,29.99,,,,,,,,,,,,,
Back Fence,Temp & Humidity Sensor,2020/12/21 11:10 AM,46.5,86.0,42.5,44.9,,,29.99,,,,,,,,,,,,,
Back Fence,Temp & Humidity Sensor,2020/12/21 11:15 AM,46.7,85.0,42.4,45.1,,,29.99,,,,,,,,,,,,,
Back Fence,Temp & Humidity Sensor,2020/12/21 11:20 AM,46.9,85.0,42.6,45.3,,,29.99,,,,,,,,,,,,,
Back Fence,Temp & Humidity Sensor,2020/12/21 11:25 AM,47.1,85.0,42.8,45.5,,,29.98,,,,,,,,,,,,,
Back Fence,Temp & Humidity Sensor,2020/12/21 11:30 AM,47.4,85.0,43.1,45.8,,,29.98,,,,,,,,,,,,,
Back Fence,Temp & Humidity Sensor,2020/12/21 11:35 AM,48.0,79.0,41.8,46.2,,,29.98,,,,,,,,,,,,,
Back Fence,Temp & Humidity Sensor,2020/12/21 11:40 AM,48.5,80.0,42.6,46.8,,,29.98,,,,,,,,,,,,,
Back Fence,Temp & Humidity Sensor,2020/12/21 11:45 AM,48.2,76.0,41.0,46.3,,,29.97,,,,,,,,,,,,,
Back Fence,Temp & Humidity Sensor,2020/12/21 11:50 AM,48.5,79.0,42.3,46.8,,,29.97,,,,,,,,,,,,,
Back Fence,Temp & Humidity Sensor,2020/12/21 11:55 AM,49.2,78.0,42.6,47.5,,,29.97,,,,,,,,,,,,,
Back Fence,Temp & Humidity Sensor,2020/12/21 12:00 PM,51.4,82.0,46.1,50.1,,,29.97,,,,,,,,,,,,,
Back Fence,Temp & Humidity Sensor,2020/12/21 12:05 PM,52.1,74.0,44.1,50.5,,,29.97,,,,,,,,,,,,,
Back Fence,Temp & Humidity Sensor,2020/12/21 12:10 PM,52.8,72.0,44.0,51.2,,,29.96,,,,,,,,,,,,,
Back Fence,Temp & Humidity Sensor,2020/12/21 12:15 PM,54.1,76.0,46.7,52.8,,,29.96,,,,,,,,,,,,,
Back Fence,Temp & Humidity Sensor,2020/12/21 12:20 PM,56.1,67.0,45.3,54.6,,,29.96,,,,,,,,,,,,,
Back Fence,Temp & Humidity Sensor,2020/12/21 12:25 PM,57.0,65.0,45.4,55.5,,,29.95,,,,,,,,,,,,,
Back Fence,Temp & Humidity Sensor,2020/12/21 12:30 PM,57.7,73.0,49.1,56.6,,,29.95,,,,,,,,,,,,,
Back Fence,Temp & Humidity Sensor,2020/12/21 12:35 PM,57.5,72.0,48.5,56.3,,,29.95,,,,,,,,,,,,,
Back Fence,Temp & Humidity Sensor,2020/12/21 12:40 PM,56.6,72.0,47.7,55.3,,,29.95,,,,,,,,,,,,,
Back Fence,Temp & Humidity Sensor,2020/12/21 12:45 PM,57.9,70.0,48.2,56.7,,,29.94,,,,,,,,,,,,,
Back Fence,Temp & Humidity Sensor,2020/12/21 12:50 PM,55.9,60.0,42.2,54.0,,,29.94,,,,,,,,,,,,,
Back Fence,Temp & Humidity Sensor,2020/12/21 12:55 PM,54.6,61.0,41.4,52.6,,,29.94,,,,,,,,,,,,,
Back Fence,Temp & Humidity Sensor,2020/12/21 1:00 PM,54.6,68.0,44.3,53.0,,,29.93,,,,,,,,,,,,,
Back Fence,Temp & Humidity Sensor,2020/12/21 1:05 PM,56.8,62.0,43.9,55.1,,,29.93,,,,,,,,,,,,,
Back Fence,Temp & Humidity Sensor,2020/12/21 1:10 PM,57.9,52.0,40.4,55.8,,,29.93,,,,,,,,,,,,,
Back Fence,Temp & Humidity Sensor,2020/12/21 1:15 PM,56.1,54.0,39.7,53.9,,,29.92,,,,,,,,,,,,,
Back Fence,Temp & Humidity Sensor,2020/12/21 1:20 PM,59.1,56.0,43.4,57.3,,,29.92,,,,,,,,,,,,,
Back Fence,Temp & Humidity Sensor,2020/12/21 1:25 PM,58.8,55.0,42.7,57.0,,,29.92,,,,,,,,,,,,,
Back Fence,Temp & Humidity Sensor,2020/12/21 1:30 PM,56.1,55.0,40.2,54.0,,,29.92,,,,,,,,,,,,,
Back Fence,Temp & Humidity Sensor,2020/12/21 1:35 PM,54.8,61.0,41.6,52.8,,,29.91,,,,,,,,,,,,,
Back Fence,Temp & Humidity Sensor,2020/12/21 1:40 PM,55.9,62.0,43.1,54.1,,,29.92,,,,,,,,,,,,,
Back Fence,Temp & Humidity Sensor,2020/12/21 1:45 PM,56.8,62.0,43.9,55.1,,,29.91,,,,,,,,,,,,,
Back Fence,Temp & Humidity Sensor,2020/12/21 1:50 PM,55.4,57.0,40.4,53.3,,,29.92,,,,,,,,,,,,,
Back Fence,Temp & Humidity Sensor,2020/12/21 1:55 PM,56.3,58.0,41.7,54.4,,,29.91,,,,,,,,,,,,,
Back Fence,Temp & Humidity Sensor,2020/12/21 2:00 PM,56.4,57.0,41.4,54.4,,,29.91,,,,,,,,,,,,,
Back Fence,Temp & Humidity Sensor,2020/12/21 2:05 PM,55.5,57.0,40.5,53.4,,,29.9,,,,,,,,,,,,,
Back Fence,Temp & Humidity Sensor,2020/12/21 2:10 PM,55.9,57.0,40.9,53.9,,,29.9,,,,,,,,,,,,,
Back Fence,Temp & Humidity Sensor,2020/12/21 2:15 PM,57.2,56.0,41.6,55.3,,,29.9,,,,,,,,,,,,,
Back Fence,Temp & Humidity Sensor,2020/12/21 2:20 PM,56.3,57.0,41.3,54.3,,,29.9,,,,,,,,,,,,,
Back Fence,Temp & Humidity Sensor,2020/12/21 2:25 PM,55.4,55.0,39.5,53.2,,,29.9,,,,,,,,,,,,,
Back Fence,Temp & Humidity Sensor,2020/12/21 2:30 PM,55.9,57.0,40.9,53.9,,,29.9,,,,,,,,,,,,,
Back Fence,Temp & Humidity Sensor,2020/12/21 2:35 PM,55.0,54.0,38.7,52.7,,,29.9,,,,,,,,,,,,,
Back Fence,Temp & Humidity Sensor,2020/12/21 2:40 PM,54.5,54.0,38.2,52.2,,,29.9,,,,,,,,,,,,,
Back Fence,Temp & Humidity Sensor,2020/12/21 2:45 PM,54.1,55.0,38.3,51.8,,,29.89,,,,,,,,,,,,,
Back Fence,Temp & Humidity Sensor,2020/12/21 2:50 PM,53.9,56.0,38.6,51.6,,,29.89,,,,,,,,,,,,,
Back Fence,Temp & Humidity Sensor,2020/12/21 2:55 PM,53.9,56.0,38.6,51.6,,,29.89,,,,,,,,,,,,,
Back Fence,Temp & Humidity Sensor,2020/12/21 3:00 PM,54.3,55.0,38.5,52.0,,,29.89,,,,,,,,,,,,,
Back Fence,Temp & Humidity Sensor,2020/12/21 3:05 PM,54.5,58.0,40.0,52.4,,,29.89,,,,,,,,,,,,,
Back Fence,Temp & Humidity Sensor,2020/12/21 3:10 PM,53.9,56.0,38.6,51.6,,,29.89,,,,,,,,,,,,,
Back Fence,Temp & Humidity Sensor,2020/12/21 3:15 PM,53.6,55.0,37.8,51.2,,,29.89,,,,,,,,,,,,,
Back Fence,Temp & Humidity Sensor,2020/12/21 3:20 PM,53.4,57.0,38.6,51.1,,,29.89,,,,,,,,,,,,,
Back Fence,Temp & Humidity Sensor,2020/12/21 3:25 PM,52.8,58.0,38.4,50.5,,,29.89,,,,,,,,,,,,,
Back Fence,Temp & Humidity Sensor,2020/12/21 3:30 PM,52.7,59.0,38.8,50.4,,,29.89,,,,,,,,,,,,,
Back Fence,Temp & Humidity Sensor,2020/12/21 3:35 PM,52.5,60.0,39.0,50.3,,,29.89,,,,,,,,,,,,,
Back Fence,Temp & Humidity Sensor,2020/12/21 3:40 PM,52.3,61.0,39.3,50.1,,,29.89,,,,,,,,,,,,,
Back Fence,Temp & Humidity Sensor,2020/12/21 3:45 PM,52.3,61.0,39.3,50.1,,,29.89,,,,,,,,,,,,,
Back Fence,Temp & Humidity Sensor,2020/12/21 3:50 PM,51.8,61.0,38.8,49.5,,,29.88,,,,,,,,,,,,,
Back Fence,Temp & Humidity Sensor,2020/12/21 3:55 PM,51.2,62.0,38.6,48.9,,,29.88,,,,,,,,,,,,,
Back Fence,Temp & Humidity Sensor,2020/12/21 4:00 PM,51.0,63.0,38.9,48.8,,,29.88,,,,,,,,,,,,,
Back Fence,Temp & Humidity Sensor,2020/12/21 4:05 PM,50.7,63.0,38.6,48.4,,,29.89,,,,,,,,,,,,,
Back Fence,Temp & Humidity Sensor,2020/12/21 4:10 PM,50.7,64.0,39.0,48.5,,,29.89,,,,,,,,,,,,,
Back Fence,Temp & Humidity Sensor,2020/12/21 4:15 PM,50.3,64.0,38.6,48.0,,,29.89,,,,,,,,,,,,,
Back Fence,Temp & Humidity Sensor,2020/12/21 4:20 PM,49.8,65.0,38.5,47.5,,,29.89,,,,,,,,,,,,,
Back Fence,Temp & Humidity Sensor,2020/12/21 4:25 PM,50.0,66.0,39.1,47.8,,,29.89,,,,,,,,,,,,,
Back Fence,Temp & Humidity Sensor,2020/12/21 4:30 PM,50.1,66.0,39.2,47.9,,,29.89,,,,,,,,,,,,,
Back Fence,Temp & Humidity Sensor,2020/12/21 4:35 PM,49.6,66.0,38.7,47.4,,,29.89,,,,,,,,,,,,,
Back Fence,Temp & Humidity Sensor,2020/12/21 4:40 PM,48.9,67.0,38.4,46.6,,,29.88,,,,,,,,,,,,,
Back Fence,Temp & Humidity Sensor,2020/12/21 4:45 PM,48.5,67.0,38.0,46.2,,,29.89,,,,,,,,,,,,,
Back Fence,Temp & Humidity Sensor,2020/12/21 4:50 PM,48.0,68.0,38.0,45.7,,,29.89,,,,,,,,,,,,,
Back Fence,Temp & Humidity Sensor,2020/12/21 4:55 PM,48.0,69.0,38.3,45.7,,,29.89,,,,,,,,,,,,,
Back Fence,Temp & Humidity Sensor,2020/12/21 5:00 PM,47.3,70.0,38.0,45.0,,,29.88,,,,,,,,,,,,,
Back Fence,Temp & Humidity Sensor,2020/12/21 5:05 PM,46.7,71.0,37.8,44.4,,,29.89,,,,,,,,,,,,,
Back Fence,Temp & Humidity Sensor,2020/12/21 5:10 PM,46.5,72.0,38.0,44.2,,,29.89,,,,,,,,,,,,,
Back Fence,Temp & Humidity Sensor,2020/12/21 5:15 PM,45.8,73.0,37.6,43.5,,,29.89,,,,,,,,,,,,,
Back Fence,Temp & Humidity Sensor,2020/12/21 5:20 PM,45.3,74.0,37.5,43.0,,,29.89,,,,,,,,,,,,,
Back Fence,Temp & Humidity Sensor,2020/12/21 5:25 PM,44.9,74.0,37.1,42.6,,,29.89,,,,,,,,,,,,,
Back Fence,Temp & Humidity Sensor,2020/12/21 5:30 PM,44.6,75.0,37.2,42.3,,,29.89,,,,,,,,,,,,,
Back Fence,Temp & Humidity Sensor,2020/12/21 5:35 PM,44.4,76.0,37.3,42.1,,,29.89,,,,,,,,,,,,,
Back Fence,Temp & Humidity Sensor,2020/12/21 5:40 PM,44.2,77.0,37.5,41.9,,,29.89,,,,,,,,,,,,,
Back Fence,Temp & Humidity Sensor,2020/12/21 5:45 PM,44.0,78.0,37.6,41.8,,,29.89,,,,,,,,,,,,,
Back Fence,Temp & Humidity Sensor,2020/12/21 5:50 PM,43.8,78.0,37.4,41.5,,,29.89,,,,,,,,,,,,,
Back Fence,Temp & Humidity Sensor,2020/12/21 5:55 PM,43.8,78.0,37.4,41.5,,,29.89,,,,,,,,,,,,,
Back Fence,Temp & Humidity Sensor,2020/12/21 6:00 PM,43.3,79.0,37.2,41.0,,,29.88,,,,,,,,,,,,,
Back Fence,Temp & Humidity Sensor,2020/12/21 6:05 PM,43.1,80.0,37.4,40.9,,,29.88,,,,,,,,,,,,,
Back Fence,Temp & Humidity Sensor,2020/12/21 6:10 PM,42.9,82.0,37.8,40.7,,,29.88,,,,,,,,,,,,,
Back Fence,Temp & Humidity Sensor,2020/12/21 6:15 PM,42.8,81.0,37.4,40.6,,,29.88,,,,,,,,,,,,,
Back Fence,Temp & Humidity Sensor,2020/12/21 6:20 PM,42.8,81.0,37.4,40.6,,,29.89,,,,,,,,,,,,,
Back Fence,Temp & Humidity Sensor,2020/12/21 6:25 PM,42.2,82.0,37.1,40.0,,,29.88,,,,,,,,,,,,,
Back Fence,Temp & Humidity Sensor,2020/12/21 6:30 PM,42.0,83.0,37.2,39.8,,,29.88,,,,,,,,,,,,,
Back Fence,Temp & Humidity Sensor,2020/12/21 6:35 PM,41.9,83.0,37.1,39.7,,,29.87,,,,,,,,,,,,,
Back Fence,Temp & Humidity Sensor,2020/12/21 6:40 PM,42.0,86.0,38.1,39.9,,,29.87,,,,,,,,,,,,,
Back Fence,Temp & Humidity Sensor,2020/12/21 6:45 PM,42.0,86.0,38.1,39.9,,,29.88,,,,,,,,,,,,,
Back Fence,Temp & Humidity Sensor,2020/12/21 6:50 PM,42.0,86.0,38.1,39.9,,,29.88,,,,,,,,,,,,,
Back Fence,Temp & Humidity Sensor,2020/12/21 6:55 PM,42.0,88.0,38.7,40.0,,,29.89,,,,,,,,,,,,,
Back Fence,Temp & Humidity Sensor,2020/12/21 7:00 PM,41.9,87.0,38.3,39.9,,,29.89,,,,,,,,,,,,,
Back Fence,Temp & Humidity Sensor,2020/12/21 7:05 PM,41.7,87.0,38.1,39.7,,,29.89,,,,,,,,,,,,,
Back Fence,Temp & Humidity Sensor,2020/12/21 7:10 PM,41.5,87.0,37.9,39.4,,,29.89,,,,,,,,,,,,,
Back Fence,Temp & Humidity Sensor,2020/12/21 7:15 PM,41.3,86.0,37.4,39.2,,,29.89,,,,,,,,,,,,,
Back Fence,Temp & Humidity Sensor,2020/12/21 7:20 PM,41.3,87.0,37.7,39.2,,,29.89,,,,,,,,,,,,,
Back Fence,Temp & Humidity Sensor,2020/12/21 7:25 PM,41.3,87.0,37.7,39.2,,,29.89,,,,,,,,,,,,,
Back Fence,Temp & Humidity Sensor,2020/12/21 7:30 PM,41.5,88.0,38.2,39.5,,,29.89,,,,,,,,,,,,,
Back Fence,Temp & Humidity Sensor,2020/12/21 7:35 PM,41.1,88.0,37.8,39.0,,,29.89,,,,,,,,,,,,,
Back Fence,Temp & Humidity Sensor,2020/12/21 7:40 PM,41.1,88.0,37.8,39.0,,,29.9,,,,,,,,,,,,,
Back Fence,Temp & Humidity Sensor,2020/12/21 7:45 PM,41.1,88.0,37.8,39.0,,,29.89,,,,,,,,,,,,,
Back Fence,Temp & Humidity Sensor,2020/12/21 7:50 PM,41.1,88.0,37.8,39.0,,,29.89,,,,,,,,,,,,,
Back Fence,Temp & Humidity Sensor,2020/12/21 7:55 PM,41.3,89.0,38.3,39.3,,,29.89,,,,,,,,,,,,,
Back Fence,Temp & Humidity Sensor,2020/12/21 8:00 PM,41.5,89.0,38.5,39.5,,,29.89,,,,,,,,,,,,,
Back Fence,Temp & Humidity Sensor,2020/12/21 8:05 PM,42.0,90.0,39.3,40.1,,,29.89,,,,,,,,,,,,,
Back Fence,Temp & Humidity Sensor,2020/12/21 8:10 PM,42.0,90.0,39.3,40.1,,,29.89,,,,,,,,,,,,,
Back Fence,Temp & Humidity Sensor,2020/12/21 8:15 PM,42.2,90.0,39.5,40.4,,,29.89,,,,,,,,,,,,,
Back Fence,Temp & Humidity Sensor,2020/12/21 8:20 PM,42.0,90.0,39.3,40.1,,,29.9,,,,,,,,,,,,,
Back Fence,Temp & Humidity Sensor,2020/12/21 8:25 PM,42.2,90.0,39.5,40.4,,,29.9,,,,,,,,,,,,,
Back Fence,Temp & Humidity Sensor,2020/12/21 8:30 PM,42.2,89.0,39.2,40.3,,,29.9,,,,,,,,,,,,,
Back Fence,Temp & Humidity Sensor,2020/12/21 8:35 PM,42.6,89.0,39.6,40.7,,,29.9,,,,,,,,,,,,,
Back Fence,Temp & Humidity Sensor,2020/12/21 8:40 PM,42.6,89.0,39.6,40.7,,,29.9,,,,,,,,,,,,,
Back Fence,Temp & Humidity Sensor,2020/12/21 8:45 PM,42.4,89.0,39.4,40.5,,,29.9,,,,,,,,,,,,,
Back Fence,Temp & Humidity Sensor,2020/12/21 8:50 PM,42.4,89.0,39.4,40.5,,,29.9,,,,,,,,,,,,,
Back Fence,Temp & Humidity Sensor,2020/12/21 8:55 PM,42.2,89.0,39.2,40.3,,,29.89,,,,,,,,,,,,,
Back Fence,Temp & Humidity Sensor,2020/12/21 9:00 PM,42.2,89.0,39.2,40.3,,,29.89,,,,,,,,,,,,,
Back Fence,Temp & Humidity Sensor,2020/12/21 9:05 PM,42.0,90.0,39.3,40.1,,,29.9,,,,,,,,,,,,,
Back Fence,Temp & Humidity Sensor,2020/12/21 9:10 PM,41.9,90.0,39.2,40.0,,,29.9,,,,,,,,,,,,,
Back Fence,Temp & Humidity Sensor,2020/12/21 9:15 PM,41.9,91.0,39.5,40.1,,,29.9,,,,,,,,,,,,,
Back Fence,Temp & Humidity Sensor,2020/12/21 9:20 PM,41.7,91.0,39.3,39.8,,,29.9,,,,,,,,,,,,,
Back Fence,Temp & Humidity Sensor,2020/12/21 9:25 PM,41.3,90.0,38.6,39.4,,,29.91,,,,,,,,,,,,,
Back Fence,Temp & Humidity Sensor,2020/12/21 9:30 PM,41.1,90.0,38.4,39.1,,,29.91,,,,,,,,,,,,,
Back Fence,Temp & Humidity Sensor,2020/12/21 9:35 PM,40.8,91.0,38.4,38.9,,,29.9,,,,,,,,,,,,,
Back Fence,Temp & Humidity Sensor,2020/12/21 9:40 PM,40.8,92.0,38.7,38.9,,,29.91,,,,,,,,,,,,,
Back Fence,Temp & Humidity Sensor,2020/12/21 9:45 PM,40.8,92.0,38.7,38.9,,,29.9,,,,,,,,,,,,,
Back Fence,Temp & Humidity Sensor,2020/12/21 9:50 PM,40.6,92.0,38.5,38.7,,,29.9,,,,,,,,,,,,,
Back Fence,Temp & Humidity Sensor,2020/12/21 9:55 PM,41.1,92.0,39.0,39.2,,,29.91,,,,,,,,,,,,,
Back Fence,Temp & Humidity Sensor,2020/12/21 10:00 PM,41.3,92.0,39.2,39.5,,,29.9,,,,,,,,,,,,,
Back Fence,Temp & Humidity Sensor,2020/12/21 10:05 PM,41.5,92.0,39.4,39.7,,,29.9,,,,,,,,,,,,,
Back Fence,Temp & Humidity Sensor,2020/12/21 10:10 PM,41.9,92.0,39.7,40.1,,,29.9,,,,,,,,,,,,,
Back Fence,Temp & Humidity Sensor,2020/12/21 10:15 PM,41.9,91.0,39.5,40.1,,,29.9,,,,,,,,,,,,,
Back Fence,Temp & Humidity Sensor,2020/12/21 10:20 PM,42.4,91.0,40.0,40.6,,,29.91,,,,,,,,,,,,,
Back Fence,Temp & Humidity Sensor,2020/12/21 10:25 PM,42.4,91.0,40.0,40.6,,,29.91,,,,,,,,,,,,,
Back Fence,Temp & Humidity Sensor,2020/12/21 10:30 PM,42.6,91.0,40.2,40.8,,,29.91,,,,,,,,,,,,,
Back Fence,Temp & Humidity Sensor,2020/12/21 10:35 PM,42.4,91.0,40.0,40.6,,,29.91,,,,,,,,,,,,,
Back Fence,Temp & Humidity Sensor,2020/12/21 10:40 PM,42.6,91.0,40.2,40.8,,,29.91,,,,,,,,,,,,,
Back Fence,Temp & Humidity Sensor,2020/12/21 10:45 PM,42.8,90.0,40.1,41.0,,,29.91,,,,,,,,,,,,,
Back Fence,Temp & Humidity Sensor,2020/12/21 10:50 PM,42.6,91.0,40.2,40.8,,,29.91,,,,,,,,,,,,,
Back Fence,Temp & Humidity Sensor,2020/12/21 10:55 PM,43.3,89.0,40.3,41.5,,,29.91,,,,,,,,,,,,,
Back Fence,Temp & Humidity Sensor,2020/12/21 11:00 PM,43.3,89.0,40.3,41.5,,,29.91,,,,,,,,,,,,,
Back Fence,Temp & Humidity Sensor,2020/12/21 11:05 PM,42.9,89.0,39.9,41.1,,,29.91,,,,,,,,,,,,,
Back Fence,Temp & Humidity Sensor,2020/12/21 11:10 PM,43.1,89.0,40.1,41.3,,,29.91,,,,,,,,,,,,,
Back Fence,Temp & Humidity Sensor,2020/12/21 11:15 PM,43.3,89.0,40.3,41.5,,,29.92,,,,,,,,,,,,,
Back Fence,Temp & Humidity Sensor,2020/12/21 11:20 PM,42.9,89.0,39.9,41.1,,,29.92,,,,,,,,,,,,,
Back Fence,Temp & Humidity Sensor,2020/12/21 11:25 PM,42.8,89.0,39.8,41.0,,,29.92,,,,,,,,,,,,,
Back Fence,Temp & Humidity Sensor,2020/12/21 11:30 PM,42.8,89.0,39.8,41.0,,,29.92,,,,,,,,,,,,,
Back Fence,Temp & Humidity Sensor,2020/12/21 11:35 PM,42.4,89.0,39.4,40.5,,,29.92,,,,,,,,,,,,,
Back Fence,Temp & Humidity Sensor,2020/12/21 11:40 PM,42.4,89.0,39.4,40.5,,,29.92,,,,,,,,,,,,,
Back Fence,Temp & Humidity Sensor,2020/12/21 11:45 PM,42.8,89.0,39.8,41.0,,,29.93,,,,,,,,,,,,,
Back Fence,Temp & Humidity Sensor,2020/12/21 11:50 PM,42.2,89.0,39.2,40.3,,,29.93,,,,,,,,,,,,,
Back Fence,Temp & Humidity Sensor,2020/12/21 11:55 PM,42.2,89.0,39.2,40.3,,,29.93,,,,,,,,,,,,,
Back Fence,Temp & Humidity Sensor,2020/12/22 12:00 AM,41.5,89.0,38.5,39.5,,,29.93,,,,,,,,,,,,,
Back Fence,Temp & Humidity Sensor,2020/12/22 12:05 AM,41.5,89.0,38.5,39.5,,,29.94,,,,,,,,,,,,,
Back Fence,Temp & Humidity Sensor,2020/12/22 12:10 AM,41.3,90.0,38.6,39.4,,,29.93,,,,,,,,,,,,,
Back Fence,Temp & Humidity Sensor,2020/12/22 12:15 AM,41.1,90.0,38.4,39.1,,,29.94,,,,,,,,,,,,,
Back Fence,Temp & Humidity Sensor,2020/12/22 12:20 AM,41.1,90.0,38.4,39.1,,,29.94,,,,,,,,,,,,,
Back Fence,Temp & Humidity Sensor,2020/12/22 12:25 AM,41.0,90.0,38.3,39.0,,,29.94,,,,,,,,,,,,,
Back Fence,Temp & Humidity Sensor,2020/12/22 12:30 AM,40.4,91.0,38.0,38.4,,,29.94,,,,,,,,,,,,,
Back Fence,Temp & Humidity Sensor,2020/12/22 12:35 AM,40.4,91.0,38.0,38.4,,,29.94,,,,,,,,,,,,,
Back Fence,Temp & Humidity Sensor,2020/12/22 12:40 AM,40.4,92.0,38.3,38.5,,,29.94,,,,,,,,,,,,,
Back Fence,Temp & Humidity Sensor,2020/12/22 12:45 AM,40.2,92.0,38.1,38.2,,,29.95,,,,,,,,,,,,,
Back Fence,Temp & Humidity Sensor,2020/12/22 12:50 AM,40.1,92.0,38.0,38.1,,,29.95,,,,,,,,,,,,,
Back Fence,Temp & Humidity Sensor,2020/12/22 12:55 AM,39.9,92.0,37.8,39.9,,,29.95,,,,,,,,,,,,,
Back Fence,Temp & Humidity Sensor,2020/12/22 1:00 AM,39.7,92.0,37.6,39.7,,,29.95,,,,,,,,,,,,,
Back Fence,Temp & Humidity Sensor,2020/12/22 1:05 AM,39.7,92.0,37.6,39.7,,,29.95,,,,,,,,,,,,,
Back Fence,Temp & Humidity Sensor,2020/12/22 1:10 AM,39.5,93.0,37.6,39.5,,,29.95,,,,,,,,,,,,,
Back Fence,Temp & Humidity Sensor,2020/12/22 1:15 AM,39.5,93.0,37.6,39.5,,,29.95,,,,,,,,,,,,,
Back Fence,Temp & Humidity Sensor,2020/12/22 1:20 AM,39.3,93.0,37.4,39.3,,,29.96,,,,,,,,,,,,,
Back Fence,Temp & Humidity Sensor,2020/12/22 1:25 AM,39.2,93.0,37.3,39.2,,,29.96,,,,,,,,,,,,,
Back Fence,Temp & Humidity Sensor,2020/12/22 1:30 AM,39.3,93.0,37.4,39.3,,,29.96,,,,,,,,,,,,,
Back Fence,Temp & Humidity Sensor,2020/12/22 1:35 AM,39.2,93.0,37.3,39.2,,,29.96,,,,,,,,,,,,,
Back Fence,Temp & Humidity Sensor,2020/12/22 1:40 AM,39.2,94.0,37.6,39.2,,,29.96,,,,,,,,,,,,,
Back Fence,Temp & Humidity Sensor,2020/12/22 1:45 AM,39.2,94.0,37.6,39.2,,,29.97,,,,,,,,,,,,,
Back Fence,Temp & Humidity Sensor,2020/12/22 1:50 AM,39.2,94.0,37.6,39.2,,,29.97,,,,,,,,,,,,,
Back Fence,Temp & Humidity Sensor,2020/12/22 1:55 AM,39.0,95.0,37.7,39.0,,,29.97,,,,,,,,,,,,,
Back Fence,Temp & Humidity Sensor,2020/12/22 2:00 AM,39.0,95.0,37.7,39.0,,,29.97,,,,,,,,,,,,,
Back Fence,Temp & Humidity Sensor,2020/12/22 2:05 AM,39.0,95.0,37.7,39.0,,,29.97,,,,,,,,,,,,,
Back Fence,Temp & Humidity Sensor,2020/12/22 2:10 AM,38.8,95.0,37.5,38.8,,,29.97,,,,,,,,,,,,,
Back Fence,Temp & Humidity Sensor,2020/12/22 2:15 AM,38.8,95.0,37.5,38.8,,,29.97,,,,,,,,,,,,,
Back Fence,Temp & Humidity Sensor,2020/12/22 2:20 AM,38.6,95.0,37.3,38.6,,,29.97,,,,,,,,,,,,,
Back Fence,Temp & Humidity Sensor,2020/12/22 2:25 AM,38.6,95.0,37.3,38.6,,,29.97,,,,,,,,,,,,,
Back Fence,Temp & Humidity Sensor,2020/12/22 2:30 AM,38.3,95.0,37.0,38.3,,,29.97,,,,,,,,,,,,,
Back Fence,Temp & Humidity Sensor,2020/12/22 2:35 AM,38.3,95.0,37.0,38.3,,,29.97,,,,,,,,,,,,,
Back Fence,Temp & Humidity Sensor,2020/12/22 2:40 AM,37.9,95.0,36.6,37.9,,,29.97,,,,,,,,,,,,,
Back Fence,Temp & Humidity Sensor,2020/12/22 2:45 AM,37.7,95.0,36.4,37.7,,,29.97,,,,,,,,,,,,,
Back Fence,Temp & Humidity Sensor,2020/12/22 2:50 AM,37.4,94.0,35.8,37.4,,,29.97,,,,,,,,,,,,,
Back Fence,Temp & Humidity Sensor,2020/12/22 2:55 AM,37.4,95.0,36.1,37.4,,,29.97,,,,,,,,,,,,,
Back Fence,Temp & Humidity Sensor,2020/12/22 3:00 AM,37.4,95.0,36.1,37.4,,,29.97,,,,,,,,,,,,,
Back Fence,Temp & Humidity Sensor,2020/12/22 3:05 AM,37.2,95.0,35.9,37.2,,,29.97,,,,,,,,,,,,,
Back Fence,Temp & Humidity Sensor,2020/12/22 3:10 AM,36.8,95.0,35.5,36.8,,,29.97,,,,,,,,,,,,,
Back Fence,Temp & Humidity Sensor,2020/12/22 3:15 AM,36.6,95.0,35.3,36.6,,,29.97,,,,,,,,,,,,,
Back Fence,Temp & Humidity Sensor,2020/12/22 3:20 AM,36.8,95.0,35.5,36.8,,,29.97,,,,,,,,,,,,,
Back Fence,Temp & Humidity Sensor,2020/12/22 3:25 AM,36.5,96.0,35.5,36.5,,,29.97,,,,,,,,,,,,,
Back Fence,Temp & Humidity Sensor,2020/12/22 3:30 AM,36.5,96.0,35.5,36.5,,,29.97,,,,,,,,,,,,,
Back Fence,Temp & Humidity Sensor,2020/12/22 3:35 AM,36.3,96.0,35.3,36.3,,,29.97,,,,,,,,,,,,,
Back Fence,Temp & Humidity Sensor,2020/12/22 3:40 AM,36.1,96.0,35.1,36.1,,,29.97,,,,,,,,,,,,,
Back Fence,Temp & Humidity Sensor,2020/12/22 3:45 AM,35.9,96.0,34.9,35.9,,,29.97,,,,,,,,,,,,,
Back Fence,Temp & Humidity Sensor,2020/12/22 3:50 AM,35.6,96.0,34.6,35.6,,,29.97,,,,,,,,,,,,,
Back Fence,Temp & Humidity Sensor,2020/12/22 3:55 AM,35.7,96.0,34.7,35.7,,,29.97,,,,,,,,,,,,,
Back Fence,Temp & Humidity Sensor,2020/12/22 4:00 AM,35.6,96.0,34.6,35.6,,,29.97,,,,,,,,,,,,,
Back Fence,Temp & Humidity Sensor,2020/12/22 4:05 AM,35.6,96.0,34.6,35.6,,,29.97,,,,,,,,,,,,,
Back Fence,Temp & Humidity Sensor,2020/12/22 4:10 AM,35.4,97.0,34.6,35.4,,,29.97,,,,,,,,,,,,,
Back Fence,Temp & Humidity Sensor,2020/12/22 4:15 AM,35.4,97.0,34.6,35.4,,,29.97,,,,,,,,,,,,,
Back Fence,Temp & Humidity Sensor,2020/12/22 4:20 AM,35.2,97.0,34.4,35.2,,,29.97,,,,,,,,,,,,,
Back Fence,Temp & Humidity Sensor,2020/12/22 4:25 AM,35.2,96.0,34.2,35.2,,,29.97,,,,,,,,,,,,,
Back Fence,Temp & Humidity Sensor,2020/12/22 4:30 AM,35.2,96.0,34.2,35.2,,,29.97,,,,,,,,,,,,,
Back Fence,Temp & Humidity Sensor,2020/12/22 4:35 AM,35.0,96.0,34.0,35.0,,,29.97,,,,,,,,,,,,,
Back Fence,Temp & Humidity Sensor,2020/12/22 4:40 AM,34.8,96.0,33.8,34.8,,,29.97,,,,,,,,,,,,,
Back Fence,Temp & Humidity Sensor,2020/12/22 4:45 AM,34.7,96.0,33.7,34.7,,,29.97,,,,,,,,,,,,,
Back Fence,Temp & Humidity Sensor,2020/12/22 4:50 AM,34.7,96.0,33.7,34.7,,,29.97,,,,,,,,,,,,,
Back Fence,Temp & Humidity Sensor,2020/12/22 4:55 AM,34.7,96.0,33.7,34.7,,,29.97,,,,,,,,,,,,,
Back Fence,Temp & Humidity Sensor,2020/12/22 5:00 AM,34.5,96.0,33.5,34.5,,,29.97,,,,,,,,,,,,,
Back Fence,Temp & Humidity Sensor,2020/12/22 5:05 AM,34.5,96.0,33.5,34.5,,,29.97,,,,,,,,,,,,,
Back Fence,Temp & Humidity Sensor,2020/12/22 5:10 AM,34.5,96.0,33.5,34.5,,,29.98,,,,,,,,,,,,,
Back Fence,Temp & Humidity Sensor,2020/12/22 5:15 AM,34.3,96.0,33.3,34.3,,,29.98,,,,,,,,,,,,,
Back Fence,Temp & Humidity Sensor,2020/12/22 5:20 AM,34.1,96.0,33.1,34.1,,,29.98,,,,,,,,,,,,,
Back Fence,Temp & Humidity Sensor,2020/12/22 5:25 AM,34.3,96.0,33.3,34.3,,,29.98,,,,,,,,,,,,,
Back Fence,Temp & Humidity Sensor,2020/12/22 5:30 AM,33.9,96.0,32.9,33.9,,,29.98,,,,,,,,,,,,,
Back Fence,Temp & Humidity Sensor,2020/12/22 5:35 AM,34.1,96.0,33.1,34.1,,,29.98,,,,,,,,,,,,,
Back Fence,Temp & Humidity Sensor,2020/12/22 5:40 AM,34.3,96.0,33.3,34.3,,,29.99,,,,,,,,,,,,,
Back Fence,Temp & Humidity Sensor,2020/12/22 5:45 AM,34.3,96.0,33.3,34.3,,,29.99,,,,,,,,,,,,,
Back Fence,Temp & Humidity Sensor,2020/12/22 5:50 AM,34.5,96.0,33.5,34.5,,,29.99,,,,,,,,,,,,,
Back Fence,Temp & Humidity Sensor,2020/12/22 5:55 AM,34.5,96.0,33.5,34.5,,,29.98,,,,,,,,,,,,,
Back Fence,Temp & Humidity Sensor,2020/12/22 6:00 AM,34.7,96.0,33.7,34.7,,,29.99,,,,,,,,,,,,,
Back Fence,Temp & Humidity Sensor,2020/12/22 6:05 AM,34.7,96.0,33.7,34.7,,,29.99,,,,,,,,,,,,,
Back Fence,Temp & Humidity Sensor,2020/12/22 6:10 AM,35.0,96.0,34.0,35.0,,,30.0,,,,,,,,,,,,,
Back Fence,Temp & Humidity Sensor,2020/12/22 6:15 AM,34.8,96.0,33.8,34.8,,,30.0,,,,,,,,,,,,,
Back Fence,Temp & Humidity Sensor,2020/12/22 6:20 AM,35.0,96.0,34.0,35.0,,,30.0,,,,,,,,,,,,,
Back Fence,Temp & Humidity Sensor,2020/12/22 6:25 AM,35.2,96.0,34.2,35.2,,,30.0,,,,,,,,,,,,,
Back Fence,Temp & Humidity Sensor,2020/12/22 6:30 AM,35.0,96.0,34.0,35.0,,,30.01,,,,,,,,,,,,,
Back Fence,Temp & Humidity Sensor,2020/12/22 6:35 AM,35.0,96.0,34.0,35.0,,,30.01,,,,,,,,,,,,,
Back Fence,Temp & Humidity Sensor,2020/12/22 6:40 AM,35.0,96.0,34.0,35.0,,,30.02,,,,,,,,,,,,,
Back Fence,Temp & Humidity Sensor,2020/12/22 6:45 AM,35.0,96.0,34.0,35.0,,,30.02,,,,,,,,,,,,,
Back Fence,Temp & Humidity Sensor,2020/12/22 6:50 AM,34.8,96.0,33.8,34.8,,,30.02,,,,,,,,,,,,,
Back Fence,Temp & Humidity Sensor,2020/12/22 6:55 AM,34.8,96.0,33.8,34.8,,,30.02,,,,,,,,,,,,,
Back Fence,Temp & Humidity Sensor,2020/12/22 7:00 AM,34.7,96.0,33.7,34.7,,,30.02,,,,,,,,,,,,,
Back Fence,Temp & Humidity Sensor,2020/12/22 7:05 AM,34.7,96.0,33.7,34.7,,,30.02,,,,,,,,,,,,,
Back Fence,Temp & Humidity Sensor,2020/12/22 7:10 AM,34.7,97.0,33.9,34.7,,,30.03,,,,,,,,,,,,,
Back Fence,Temp & Humidity Sensor,2020/12/22 7:15 AM,34.1,97.0,33.3,34.1,,,30.03,,,,,,,,,,,,,
Back Fence,Temp & Humidity Sensor,2020/12/22 7:20 AM,33.8,97.0,33.0,33.8,,,30.03,,,,,,,,,,,,,
Back Fence,Temp & Humidity Sensor,2020/12/22 7:25 AM,33.9,97.0,33.1,33.9,,,30.03,,,,,,,,,,,,,
Back Fence,Temp & Humidity Sensor,2020/12/22 7:30 AM,33.8,97.0,33.0,33.8,,,30.03,,,,,,,,,,,,,
Back Fence,Temp & Humidity Sensor,2020/12/22 7:35 AM,33.6,98.0,33.1,33.6,,,30.03,,,,,,,,,,,,,
Back Fence,Temp & Humidity Sensor,2020/12/22 7:40 AM,33.8,98.0,33.3,33.8,,,30.04,,,,,,,,,,,,,
Back Fence,Temp & Humidity Sensor,2020/12/22 7:45 AM,33.6,98.0,33.1,33.6,,,30.04,,,,,,,,,,,,,
Back Fence,Temp & Humidity Sensor,2020/12/22 7:50 AM,33.6,98.0,33.1,33.6,,,30.04,,,,,,,,,,,,,
Back Fence,Temp & Humidity Sensor,2020/12/22 7:55 AM,33.6,98.0,33.1,33.6,,,30.05,,,,,,,,,,,,,
Back Fence,Temp & Humidity Sensor,2020/12/22 8:00 AM,33.6,98.0,33.1,33.6,,,30.05,,,,,,,,,,,,,
Back Fence,Temp & Humidity Sensor,2020/12/22 8:05 AM,33.8,98.0,33.3,33.8,,,30.05,,,,,,,,,,,,,
Back Fence,Temp & Humidity Sensor,2020/12/22 8:10 AM,33.9,98.0,33.4,33.9,,,30.06,,,,,,,,,,,,,
Back Fence,Temp & Humidity Sensor,2020/12/22 8:15 AM,34.3,98.0,33.8,34.3,,,30.06,,,,,,,,,,,,,
Back Fence,Temp & Humidity Sensor,2020/12/22 8:20 AM,34.5,98.0,34.0,34.5,,,30.06,,,,,,,,,,,,,
Back Fence,Temp & Humidity Sensor,2020/12/22 8:25 AM,34.5,98.0,34.0,34.5,,,30.07,,,,,,,,,,,,,
Back Fence,Temp & Humidity Sensor,2020/12/22 8:30 AM,34.7,98.0,34.2,34.7,,,30.07,,,,,,,,,,,,,
Back Fence,Temp & Humidity Sensor,2020/12/22 8:35 AM,35.0,98.0,34.5,35.0,,,30.07,,,,,,,,,,,,,
Back Fence,Temp & Humidity Sensor,2020/12/22 8:40 AM,35.4,98.0,34.9,35.4,,,30.08,,,,,,,,,,,,,
Back Fence,Temp & Humidity Sensor,2020/12/22 8:45 AM,35.7,97.0,34.9,35.7,,,30.08,,,,,,,,,,,,,
Back Fence,Temp & Humidity Sensor,2020/12/22 8:50 AM,36.1,97.0,35.3,36.1,,,30.08,,,,,,,,,,,,,
Back Fence,Temp & Humidity Sensor,2020/12/22 8:55 AM,37.0,98.0,36.5,37.0,,,30.08,,,,,,,,,,,,,
Back Fence,Temp & Humidity Sensor,2020/12/22 9:00 AM,37.9,97.0,37.1,37.9,,,30.09,,,,,,,,,,,,,
Back Fence,Temp & Humidity Sensor,2020/12/22 9:05 AM,39.3,97.0,38.5,39.3,,,30.09,,,,,,,,,,,,,
Back Fence,Temp & Humidity Sensor,2020/12/22 9:10 AM,39.5,97.0,38.7,39.5,,,30.09,,,,,,,,,,,,,
Back Fence,Temp & Humidity Sensor,2020/12/22 9:15 AM,40.1,97.0,39.3,38.4,,,30.1,,,,,,,,,,,,,
Back Fence,Temp & Humidity Sensor,2020/12/22 9:20 AM,40.6,97.0,39.8,38.9,,,30.1,,,,,,,,,,,,,
Back Fence,Temp & Humidity Sensor,2020/12/22 9:25 AM,41.1,96.0,40.0,39.4,,,30.1,,,,,,,,,,,,,
Back Fence,Temp & Humidity Sensor,2020/12/22 9:30 AM,42.0,96.0,40.9,40.4,,,30.11,,,,,,,,,,,,,
Back Fence,Temp & Humidity Sensor,2020/12/22 9:35 AM,42.8,93.0,40.9,41.2,,,30.11,,,,,,,,,,,,,
Back Fence,Temp & Humidity Sensor,2020/12/22 9:40 AM,43.1,92.0,40.9,41.4,,,30.11,,,,,,,,,,,,,
Back Fence,Temp & Humidity Sensor,2020/12/22 9:45 AM,44.0,89.0,41.0,42.3,,,30.11,,,,,,,,,,,,,
Back Fence,Temp & Humidity Sensor,2020/12/22 9:50 AM,45.5,87.0,41.9,43.8,,,30.11,,,,,,,,,,,,,
Back Fence,Temp & Humidity Sensor,2020/12/22 9:55 AM,48.2,77.0,41.3,46.3,,,30.12,,,,,,,,,,,,,
Back Fence,Temp & Humidity Sensor,2020/12/22 10:00 AM,48.5,61.0,35.7,45.9,,,30.12,,,,,,,,,,,,,
Back Fence,Temp & Humidity Sensor,2020/12/22 10:05 AM,48.5,66.0,37.7,46.2,,,30.12,,,,,,,,,,,,,
Back Fence,Temp & Humidity Sensor,2020/12/22 10:10 AM,48.9,62.0,36.5,46.4,,,30.13,,,,,,,,,,,,,
Back Fence,Temp & Humidity Sensor,2020/12/22 10:15 AM,51.0,62.0,38.4,48.7,,,30.12,,,,,,,,,,,,,
Back Fence,Temp & Humidity Sensor,2020/12/22 10:20 AM,52.8,58.0,38.4,50.5,,,30.13,,,,,,,,,,,,,
Back Fence,Temp & Humidity Sensor,2020/12/22 10:25 AM,52.5,50.0,34.4,49.8,,,30.13,,,,,,,,,,,,,
Back Fence,Temp & Humidity Sensor,2020/12/22 10:30 AM,51.4,52.0,34.4,48.7,,,30.13,,,,,,,,,,,,,
Back Fence,Temp & Humidity Sensor,2020/12/22 10:35 AM,52.1,50.0,34.0,49.4,,,30.13,,,,,,,,,,,,,
Back Fence,Temp & Humidity Sensor,2020/12/22 10:40 AM,53.2,49.0,34.5,50.5,,,30.14,,,,,,,,,,,,,
Back Fence,Temp & Humidity Sensor,2020/12/22 10:45 AM,53.2,47.0,33.5,50.4,,,30.13,,,,,,,,,,,,,
Back Fence,Temp & Humidity Sensor,2020/12/22 10:50 AM,52.7,47.0,33.0,49.9,,,30.14,,,,,,,,,,,,,
Back Fence,Temp & Humidity Sensor,2020/12/22 10:55 AM,52.1,43.0,30.3,49.0,,,30.15,,,,,,,,,,,,,
Back Fence,Temp & Humidity Sensor,2020/12/22 11:00 AM,51.8,44.0,30.6,48.7,,,30.15,,,,,,,,,,,,,
Back Fence,Temp & Humidity Sensor,2020/12/22 11:05 AM,52.5,43.0,30.7,49.5,,,30.15,,,,,,,,,,,,,
Back Fence,Temp & Humidity Sensor,2020/12/22 11:10 AM,52.3,44.0,31.0,49.3,,,30.15,,,,,,,,,,,,,
Back Fence,Temp & Humidity Sensor,2020/12/22 11:15 AM,52.1,44.0,30.9,49.1,,,30.15,,,,,,,,,,,,,
Back Fence,Temp & Humidity Sensor,2020/12/22 11:20 AM,52.3,43.0,30.5,49.3,,,30.15,,,,,,,,,,,,,
Back Fence,Temp & Humidity Sensor,2020/12/22 11:25 AM,52.3,43.0,30.5,49.3,,,30.15,,,,,,,,,,,,,
Back Fence,Temp & Humidity Sensor,2020/12/22 11:30 AM,52.5,44.0,31.2,49.5,,,30.14,,,,,,,,,,,,,
Back Fence,Temp & Humidity Sensor,2020/12/22 11:35 AM,53.0,42.0,30.5,50.0,,,30.15,,,,,,,,,,,,,
Back Fence,Temp & Humidity Sensor,2020/12/22 11:40 AM,53.4,42.0,30.9,50.4,,,30.15,,,,,,,,,,,,,
Back Fence,Temp & Humidity Sensor,2020/12/22 11:45 AM,52.8,42.0,30.3,49.8,,,30.15,,,,,,,,,,,,,
Back Fence,Temp & Humidity Sensor,2020/12/22 11:50 AM,52.8,42.0,30.3,49.8,,,30.15,,,,,,,,,,,,,
Back Fence,Temp & Humidity Sensor,2020/12/22 11:55 AM,53.4,41.0,30.3,50.4,,,30.15,,,,,,,,,,,,,
Back Fence,Temp & Humidity Sensor,2020/12/22 12:00 PM,54.3,41.0,31.1,51.4,,,30.15,,,,,,,,,,,,,
Back Fence,Temp & Humidity Sensor,2020/12/22 12:05 PM,55.5,42.0,32.8,52.7,,,30.15,,,,,,,,,,,,,
Back Fence,Temp & Humidity Sensor,2020/12/22 12:10 PM,56.3,39.0,31.7,53.5,,,30.15,,,,,,,,,,,,,
Back Fence,Temp & Humidity Sensor,2020/12/22 12:15 PM,55.9,40.0,31.9,53.1,,,30.15,,,,,,,,,,,,,
Back Fence,Temp & Humidity Sensor,2020/12/22 12:20 PM,58.4,38.0,32.9,55.7,,,30.15,,,,,,,,,,,,,
Back Fence,Temp & Humidity Sensor,2020/12/22 12:25 PM,59.3,34.0,30.9,56.5,,,30.15,,,,,,,,,,,,,
Back Fence,Temp & Humidity Sensor,2020/12/22 12:30 PM,58.6,37.0,32.4,55.9,,,30.16,,,,,,,,,,,,,
Back Fence,Temp & Humidity Sensor,2020/12/22 12:35 PM,59.5,40.0,35.2,57.0,,,30.16,,,,,,,,,,,,,
Back Fence,Temp & Humidity Sensor,2020/12/22 12:40 PM,57.7,39.0,32.9,55.0,,,30.16,,,,,,,,,,,,,
Back Fence,Temp & Humidity Sensor,2020/12/22 12:45 PM,58.1,35.0,30.6,55.3,,,30.16,,,,,,,,,,,,,
Back Fence,Temp & Humidity Sensor,2020/12/22 12:50 PM,57.3,36.0,30.6,54.4,,,30.16,,,,,,,,,,,,,
Back Fence,Temp & Humidity Sensor,2020/12/22 12:55 PM,55.9,35.0,28.7,52.8,,,30.16,,,,,,,,,,,,,
Back Fence,Temp & Humidity Sensor,2020/12/22 1:00 PM,55.5,35.0,28.3,52.4,,,30.16,,,,,,,,,,,,,
Back Fence,Temp & Humidity Sensor,2020/12/22 1:05 PM,57.7,36.0,30.9,54.9,,,30.16,,,,,,,,,,,,,
Back Fence,Temp & Humidity Sensor,2020/12/22 1:10 PM,59.5,36.0,32.5,56.8,,,30.16,,,,,,,,,,,,,
Back Fence,Temp & Humidity Sensor,2020/12/22 1:15 PM,56.8,36.0,30.1,53.9,,,30.17,,,,,,,,,,,,,
Back Fence,Temp & Humidity Sensor,2020/12/22 1:20 PM,59.9,34.0,31.5,57.2,,,30.16,,,,,,,,,,,,,
Back Fence,Temp & Humidity Sensor,2020/12/22 1:25 PM,57.7,32.0,28.1,54.7,,,30.16,,,,,,,,,,,,,
Back Fence,Temp & Humidity Sensor,2020/12/22 1:30 PM,55.5,35.0,28.3,52.4,,,30.16,,,,,,,,,,,,,
Back Fence,Temp & Humidity Sensor,2020/12/22 1:35 PM,54.6,36.0,28.2,51.5,,,30.16,,,,,,,,,,,,,
Back Fence,Temp & Humidity Sensor,2020/12/22 1:40 PM,55.2,33.0,26.6,52.0,,,30.16,,,,,,,,,,,,,
Back Fence,Temp & Humidity Sensor,2020/12/22 1:45 PM,56.3,33.0,27.6,53.2,,,30.16,,,,,,,,,,,,,
Back Fence,Temp & Humidity Sensor,2020/12/22 1:50 PM,55.2,33.0,26.6,52.0,,,30.17,,,,,,,,,,,,,
Back Fence,Temp & Humidity Sensor,2020/12/22 1:55 PM,55.7,33.0,27.0,52.5,,,30.16,,,,,,,,,,,,,
Back Fence,Temp & Humidity Sensor,2020/12/22 2:00 PM,56.4,35.0,29.1,53.4,,,30.16,,,,,,,,,,,,,
Back Fence,Temp & Humidity Sensor,2020/12/22 2:05 PM,55.5,33.0,26.9,52.3,,,30.17,,,,,,,,,,,,,
Back Fence,Temp & Humidity Sensor,2020/12/22 2:10 PM,56.1,34.0,28.1,53.0,,,30.17,,,,,,,,,,,,,
Back Fence,Temp & Humidity Sensor,2020/12/22 2:15 PM,56.8,33.0,28.0,53.7,,,30.17,,,,,,,,,,,,,
Back Fence,Temp & Humidity Sensor,2020/12/22 2:20 PM,56.3,35.0,29.0,53.3,,,30.17,,,,,,,,,,,,,
Back Fence,Temp & Humidity Sensor,2020/12/22 2:25 PM,55.2,33.0,26.6,52.0,,,30.17,,,,,,,,,,,,,
Back Fence,Temp & Humidity Sensor,2020/12/22 2:30 PM,55.7,35.0,28.5,52.6,,,30.17,,,,,,,,,,,,,
Back Fence,Temp & Humidity Sensor,2020/12/22 2:35 PM,54.8,37.0,29.0,51.7,,,30.17,,,,,,,,,,,,,
Back Fence,Temp & Humidity Sensor,2020/12/22 2:40 PM,54.5,36.0,28.1,51.3,,,30.17,,,,,,,,,,,,,
Back Fence,Temp & Humidity Sensor,2020/12/22 2:45 PM,54.1,38.0,29.1,51.0,,,30.18,,,,,,,,,,,,,
Back Fence,Temp & Humidity Sensor,2020/12/22 2:50 PM,53.7,38.0,28.7,50.6,,,30.18,,,,,,,,,,,,,
Back Fence,Temp & Humidity Sensor,2020/12/22 2:55 PM,53.6,35.0,26.6,50.3,,,30.18,,,,,,,,,,,,,
Back Fence,Temp & Humidity Sensor,2020/12/22 3:00 PM,53.6,36.0,27.3,50.4,,,30.19,,,,,,,,,,,,,
Back Fence,Temp & Humidity Sensor,2020/12/22 3:05 PM,53.9,34.0,26.2,50.6,,,30.18,,,,,,,,,,,,,
Back Fence,Temp & Humidity Sensor,2020/12/22 3:10 PM,53.6,37.0,28.0,50.4,,,30.18,,,,,,,,,,,,,
Back Fence,Temp & Humidity Sensor,2020/12/22 3:15 PM,53.2,38.0,28.3,50.0,,,30.19,,,,,,,,,,,,,
Back Fence,Temp & Humidity Sensor,2020/12/22 3:20 PM,53.2,37.0,27.6,50.0,,,30.19,,,,,,,,,,,,,
Back Fence,Temp & Humidity Sensor,2020/12/22 3:25 PM,53.0,39.0,28.7,49.8,,,30.19,,,,,,,,,,,,,
Back Fence,Temp & Humidity Sensor,2020/12/22 3:30 PM,53.2,37.0,27.6,50.0,,,30.19,,,,,,,,,,,,,
Back Fence,Temp & Humidity Sensor,2020/12/22 3:35 PM,52.8,39.0,28.5,49.6,,,30.19,,,,,,,,,,,,,
Back Fence,Temp & Humidity Sensor,2020/12/22 3:40 PM,52.3,38.0,27.5,49.0,,,30.2,,,,,,,,,,,,,
Back Fence,Temp & Humidity Sensor,2020/12/22 3:45 PM,51.8,40.0,28.3,48.6,,,30.2,,,,,,,,,,,,,
Back Fence,Temp & Humidity Sensor,2020/12/22 3:50 PM,51.0,40.0,27.5,47.7,,,30.2,,,,,,,,,,,,,
Back Fence,Temp & Humidity Sensor,2020/12/22 3:55 PM,50.5,41.0,27.7,47.2,,,30.21,,,,,,,,,,,,,
Back Fence,Temp & Humidity Sensor,2020/12/22 4:00 PM,51.0,41.0,28.1,47.7,,,30.21,,,,,,,,,,,,,
Back Fence,Temp & Humidity Sensor,2020/12/22 4:05 PM,51.4,40.0,27.9,48.1,,,30.21,,,,,,,,,,,,,
Back Fence,Temp & Humidity Sensor,2020/12/22 4:10 PM,51.0,40.0,27.5,47.7,,,30.21,,,,,,,,,,,,,
Back Fence,Temp & Humidity Sensor,2020/12/22 4:15 PM,51.2,40.0,27.7,47.9,,,30.21,,,,,,,,,,,,,
Back Fence,Temp & Humidity Sensor,2020/12/22 4:20 PM,50.1,41.0,27.3,46.7,,,30.21,,,,,,,,,,,,,
Back Fence,Temp & Humidity Sensor,2020/12/22 4:25 PM,49.2,41.0,26.5,45.7,,,30.22,,,,,,,,,,,,,
Back Fence,Temp & Humidity Sensor,2020/12/22 4:30 PM,49.1,42.0,27.0,45.7,,,30.22,,,,,,,,,,,,,
Back Fence,Temp & Humidity Sensor,2020/12/22 4:35 PM,48.5,48.0,29.7,45.3,,,30.22,,,,,,,,,,,,,
Back Fence,Temp & Humidity Sensor,2020/12/22 4:40 PM,48.2,48.0,29.4,45.0,,,30.21,,,,,,,,,,,,,
Back Fence,Temp & Humidity Sensor,2020/12/22 4:45 PM,47.4,49.0,29.2,44.1,,,30.22,,,,,,,,,,,,,
Back Fence,Temp & Humidity Sensor,2020/12/22 4:50 PM,47.3,49.0,29.1,44.0,,,30.23,,,,,,,,,,,,,
Back Fence,Temp & Humidity Sensor,2020/12/22 4:55 PM,46.5,51.0,29.4,43.2,,,30.23,,,,,,,,,,,,,
Back Fence,Temp & Humidity Sensor,2020/12/22 5:00 PM,46.0,56.0,31.2,42.9,,,30.23,,,,,,,,,,,,,
Back Fence,Temp & Humidity Sensor,2020/12/22 5:05 PM,45.3,58.0,31.4,42.3,,,30.22,,,,,,,,,,,,,
Back Fence,Temp & Humidity Sensor,2020/12/22 5:10 PM,44.6,56.0,29.9,41.4,,,30.22,,,,,,,,,,,,,
Back Fence,Temp & Humidity Sensor,2020/12/22 5:15 PM,44.2,59.0,30.8,41.1,,,30.23,,,,,,,,,,,,,
Back Fence,Temp & Humidity Sensor,2020/12/22 5:20 PM,43.8,59.0,30.4,40.7,,,30.23,,,,,,,,,,,,,
Back Fence,Temp & Humidity Sensor,2020/12/22 5:25 PM,43.7,63.0,31.9,40.7,,,30.24,,,,,,,,,,,,,
Back Fence,Temp & Humidity Sensor,2020/12/22 5:30 PM,42.9,63.0,31.2,39.9,,,30.23,,,,,,,,,,,,,
Back Fence,Temp & Humidity Sensor,2020/12/22 5:35 PM,42.4,62.0,30.3,39.3,,,30.23,,,,,,,,,,,,,
Back Fence,Temp & Humidity Sensor,2020/12/22 5:40 PM,42.0,62.0,29.9,38.8,,,30.24,,,,,,,,,,,,,
Back Fence,Temp & Humidity Sensor,2020/12/22 5:45 PM,41.7,62.0,29.7,38.5,,,30.25,,,,,,,,,,,,,
Back Fence,Temp & Humidity Sensor,2020/12/22 5:50 PM,41.3,66.0,30.8,38.2,,,30.25,,,,,,,,,,,,,
Back Fence,Temp & Humidity Sensor,2020/12/22 5:55 PM,41.5,73.0,33.5,38.8,,,30.24,,,,,,,,,,,,,
Back Fence,Temp & Humidity Sensor,2020/12/22 6:00 PM,40.6,69.0,31.2,37.6,,,30.24,,,,,,,,,,,,,
Back Fence,Temp & Humidity Sensor,2020/12/22 6:05 PM,40.4,69.0,31.0,37.4,,,30.25,,,,,,,,,,,,,
Back Fence,Temp & Humidity Sensor,2020/12/22 6:10 PM,40.1,67.0,30.0,37.0,,,30.25,,,,,,,,,,,,,
Back Fence,Temp & Humidity Sensor,2020/12/22 6:15 PM,39.9,71.0,31.3,39.9,,,30.26,,,,,,,,,,,,,
Back Fence,Temp & Humidity Sensor,2020/12/22 6:20 PM,39.2,67.0,29.2,39.2,,,30.26,,,,,,,,,,,,,
Back Fence,Temp & Humidity Sensor,2020/12/22 6:25 PM,39.0,70.0,30.1,39.0,,,30.25,,,,,,,,,,,,,
Back Fence,Temp & Humidity Sensor,2020/12/22 6:30 PM,39.0,71.0,30.4,39.0,,,30.26,,,,,,,,,,,,,
Back Fence,Temp & Humidity Sensor,2020/12/22 6:35 PM,38.6,71.0,30.0,38.6,,,30.27,,,,,,,,,,,,,
Back Fence,Temp & Humidity Sensor,2020/12/22 6:40 PM,38.6,71.0,30.0,38.6,,,30.27,,,,,,,,,,,,,
Back Fence,Temp & Humidity Sensor,2020/12/22 6:45 PM,38.1,70.0,29.2,38.1,,,30.27,,,,,,,,,,,,,
Back Fence,Temp & Humidity Sensor,2020/12/22 6:50 PM,37.4,71.0,28.9,37.4,,,30.27,,,,,,,,,,,,,
Back Fence,Temp & Humidity Sensor,2020/12/22 6:55 PM,37.4,72.0,29.2,37.4,,,30.27,,,,,,,,,,,,,
Back Fence,Temp & Humidity Sensor,2020/12/22 7:00 PM,37.2,74.0,29.7,37.2,,,30.28,,,,,,,,,,,,,
Back Fence,Temp & Humidity Sensor,2020/12/22 7:05 PM,37.4,81.0,32.1,37.4,,,30.28,,,,,,,,,,,,,
Back Fence,Temp & Humidity Sensor,2020/12/22 7:10 PM,37.0,79.0,31.1,37.0,,,30.28,,,,,,,,,,,,,
Back Fence,Temp & Humidity Sensor,2020/12/22 7:15 PM,36.1,76.0,29.3,36.1,,,30.29,,,,,,,,,,,,,
Back Fence,Temp & Humidity Sensor,2020/12/22 7:20 PM,35.9,76.0,29.1,35.9,,,30.29,,,,,,,,,,,,,
Back Fence,Temp & Humidity Sensor,2020/12/22 7:25 PM,35.6,75.0,28.5,35.6,,,30.3,,,,,,,,,,,,,
Back Fence,Temp & Humidity Sensor,2020/12/22 7:30 PM,35.7,79.0,29.8,35.7,,,30.29,,,,,,,,,,,,,
Back Fence,Temp & Humidity Sensor,2020/12/22 7:35 PM,35.6,84.0,31.3,35.6,,,30.29,,,,,,,,,,,,,
Back Fence,Temp & Humidity Sensor,2020/12/22 7:40 PM,35.2,83.0,30.6,35.2,,,30.29,,,,,,,,,,,,,
Back Fence,Temp & Humidity Sensor,2020/12/22 7:45 PM,34.8,81.0,29.6,34.8,,,30.3,,,,,,,,,,,,,
Back Fence,Temp & Humidity Sensor,2020/12/22 7:50 PM,34.3,80.0,28.8,34.3,,,30.29,,,,,,,,,,,,,
Back Fence,Temp & Humidity Sensor,2020/12/22 7:55 PM,34.3,80.0,28.8,34.3,,,30.3,,,,,,,,,,,,,
Back Fence,Temp & Humidity Sensor,2020/12/22 8:00 PM,34.7,85.0,30.7,34.7,,,30.3,,,,,,,,,,,,,
Back Fence,Temp & Humidity Sensor,2020/12/22 8:05 PM,34.5,83.0,29.9,34.5,,,30.3,,,,,,,,,,,,,
Back Fence,Temp & Humidity Sensor,2020/12/22 8:10 PM,33.9,82.0,29.0,33.9,,,30.3,,,,,,,,,,,,,
Back Fence,Temp & Humidity Sensor,2020/12/22 8:15 PM,33.9,82.0,29.0,33.9,,,30.31,,,,,,,,,,,,,
Back Fence,Temp & Humidity Sensor,2020/12/22 8:20 PM,34.1,87.0,30.6,34.1,,,30.31,,,,,,,,,,,,,
Back Fence,Temp & Humidity Sensor,2020/12/22 8:25 PM,34.1,88.0,30.9,34.1,,,30.31,,,,,,,,,,,,,
Back Fence,Temp & Humidity Sensor,2020/12/22 8:30 PM,33.8,87.0,30.3,33.8,,,30.31,,,,,,,,,,,,,
Back Fence,Temp & Humidity Sensor,2020/12/22 8:35 PM,33.4,86.0,29.7,33.4,,,30.32,,,,,,,,,,,,,
Back Fence,Temp & Humidity Sensor,2020/12/22 8:40 PM,33.6,87.0,30.2,33.6,,,30.32,,,,,,,,,,,,,
Back Fence,Temp & Humidity Sensor,2020/12/22 8:45 PM,33.4,88.0,30.2,33.4,,,30.32,,,,,,,,,,,,,
Back Fence,Temp & Humidity Sensor,2020/12/22 8:50 PM,33.0,87.0,29.6,33.0,,,30.32,,,,,,,,,,,,,
Back Fence,Temp & Humidity Sensor,2020/12/22 8:55 PM,33.0,87.0,29.6,33.0,,,30.32,,,,,,,,,,,,,
Back Fence,Temp & Humidity Sensor,2020/12/22 9:00 PM,33.2,89.0,30.3,33.2,,,30.32,,,,,,,,,,,,,
Back Fence,Temp & Humidity Sensor,2020/12/22 9:05 PM,32.9,89.0,30.0,32.9,,,30.32,,,,,,,,,,,,,
Back Fence,Temp & Humidity Sensor,2020/12/22 9:10 PM,32.7,89.0,29.8,32.7,,,30.32,,,,,,,,,,,,,
Back Fence,Temp & Humidity Sensor,2020/12/22 9:15 PM,32.7,90.0,30.1,32.7,,,30.33,,,,,,,,,,,,,
Back Fence,Temp & Humidity Sensor,2020/12/22 9:20 PM,32.5,92.0,30.4,32.5,,,30.33,,,,,,,,,,,,,
Back Fence,Temp & Humidity Sensor,2020/12/22 9:25 PM,32.0,90.0,29.4,32.0,,,30.32,,,,,,,,,,,,,
Back Fence,Temp & Humidity Sensor,2020/12/22 9:30 PM,32.1,90.0,29.5,32.1,,,30.33,,,,,,,,,,,,,
Back Fence,Temp & Humidity Sensor,2020/12/22 9:35 PM,32.0,90.0,29.4,32.0,,,30.33,,,,,,,,,,,,,
Back Fence,Temp & Humidity Sensor,2020/12/22 9:40 PM,31.8,91.0,29.5,31.8,,,30.33,,,,,,,,,,,,,
Back Fence,Temp & Humidity Sensor,2020/12/22 9:45 PM,32.0,91.0,29.7,32.0,,,30.33,,,,,,,,,,,,,
Back Fence,Temp & Humidity Sensor,2020/12/22 9:50 PM,32.0,93.0,30.2,32.0,,,30.33,,,,,,,,,,,,,
Back Fence,Temp & Humidity Sensor,2020/12/22 9:55 PM,31.6,94.0,30.1,31.6,,,30.33,,,,,,,,,,,,,
Back Fence,Temp & Humidity Sensor,2020/12/22 10:00 PM,31.6,94.0,30.1,31.6,,,30.34,,,,,,,,,,,,,
Back Fence,Temp & Humidity Sensor,2020/12/22 10:05 PM,31.4,96.0,30.4,31.4,,,30.33,,,,,,,,,,,,,
Back Fence,Temp & Humidity Sensor,2020/12/22 10:10 PM,31.1,95.0,29.8,31.1,,,30.33,,,,,,,,,,,,,
Back Fence,Temp & Humidity Sensor,2020/12/22 10:15 PM,31.2,95.0,29.9,31.2,,,30.34,,,,,,,,,,,,,
Back Fence,Temp & Humidity Sensor,2020/12/22 10:20 PM,30.9,96.0,29.9,30.9,,,30.33,,,,,,,,,,,,,
Back Fence,Temp & Humidity Sensor,2020/12/22 10:25 PM,30.7,95.0,29.4,30.7,,,30.34,,,,,,,,,,,,,
Back Fence,Temp & Humidity Sensor,2020/12/22 10:30 PM,30.7,96.0,29.7,30.7,,,30.34,,,,,,,,,,,,,
Back Fence,Temp & Humidity Sensor,2020/12/22 10:35 PM,30.3,96.0,29.3,30.3,,,30.34,,,,,,,,,,,,,
Back Fence,Temp & Humidity Sensor,2020/12/22 10:40 PM,30.2,95.0,28.9,30.2,,,30.34,,,,,,,,,,,,,
Back Fence,Temp & Humidity Sensor,2020/12/22 10:45 PM,30.2,95.0,28.9,30.2,,,30.34,,,,,,,,,,,,,
Back Fence,Temp & Humidity Sensor,2020/12/22 10:50 PM,30.2,95.0,28.9,30.2,,,30.34,,,,,,,,,,,,,
Back Fence,Temp & Humidity Sensor,2020/12/22 10:55 PM,30.2,96.0,29.2,30.2,,,30.34,,,,,,,,,,,,,
Back Fence,Temp & Humidity Sensor,2020/12/22 11:00 PM,29.8,98.0,29.3,29.8,,,30.34,,,,,,,,,,,,,
Back Fence,Temp & Humidity Sensor,2020/12/22 11:05 PM,29.8,97.0,29.1,29.8,,,30.34,,,,,,,,,,,,,
Back Fence,Temp & Humidity Sensor,2020/12/22 11:10 PM,30.0,98.0,29.5,30.0,,,30.34,,,,,,,,,,,,,
Back Fence,Temp & Humidity Sensor,2020/12/22 11:15 PM,29.8,98.0,29.3,29.8,,,30.34,,,,,,,,,,,,,
Back Fence,Temp & Humidity Sensor,2020/12/22 11:20 PM,29.6,98.0,29.1,29.6,,,30.34,,,,,,,,,,,,,
Back Fence,Temp & Humidity Sensor,2020/12/22 11:25 PM,29.8,98.0,29.3,29.8,,,30.34,,,,,,,,,,,,,
Back Fence,Temp & Humidity Sensor,2020/12/22 11:30 PM,29.4,98.0,28.9,29.4,,,30.34,,,,,,,,,,,,,
Back Fence,Temp & Humidity Sensor,2020/12/22 11:35 PM,29.4,98.0,28.9,29.4,,,30.34,,,,,,,,,,,,,
Back Fence,Temp & Humidity Sensor,2020/12/22 11:40 PM,29.6,98.0,29.1,29.6,,,30.34,,,,,,,,,,,,,
Back Fence,Temp & Humidity Sensor,2020/12/22 11:45 PM,29.3,98.0,28.8,29.3,,,30.34,,,,,,,,,,,,,
Back Fence,Temp & Humidity Sensor,2020/12/22 11:50 PM,29.4,98.0,28.9,29.4,,,30.35,,,,,,,,,,,,,
Back Fence,Temp & Humidity Sensor,2020/12/22 11:55 PM,29.3,99.0,29.1,29.3,,,30.34,,,,,,,,,,,,,
Back Fence,Temp & Humidity Sensor,2020/12/23 12:00 AM,29.1,99.0,28.9,29.1,,,30.34,,,,,,,,,,,,,
Back Fence,Temp & Humidity Sensor,2020/12/23 12:05 AM,29.3,99.0,29.1,29.3,,,30.34,,,,,,,,,,,,,
Back Fence,Temp & Humidity Sensor,2020/12/23 12:10 AM,28.9,99.0,28.7,28.9,,,30.34,,,,,,,,,,,,,
Back Fence,Temp & Humidity Sensor,2020/12/23 12:15 AM,28.9,99.0,28.7,28.9,,,30.35,,,,,,,,,,,,,
Back Fence,Temp & Humidity Sensor,2020/12/23 12:20 AM,29.1,99.0,28.9,29.1,,,30.34,,,,,,,,,,,,,
Back Fence,Temp & Humidity Sensor,2020/12/23 12:25 AM,28.9,99.0,28.7,28.9,,,30.34,,,,,,,,,,,,,
Back Fence,Temp & Humidity Sensor,2020/12/23 12:30 AM,29.1,99.0,28.9,29.1,,,30.35,,,,,,,,,,,,,
Back Fence,Temp & Humidity Sensor,2020/12/23 12:35 AM,28.9,99.0,28.7,28.9,,,30.34,,,,,,,,,,,,,
Back Fence,Temp & Humidity Sensor,2020/12/23 12:40 AM,28.9,99.0,28.7,28.9,,,30.35,,,,,,,,,,,,,
Back Fence,Temp & Humidity Sensor,2020/12/23 12:45 AM,28.7,99.0,28.5,28.7,,,30.35,,,,,,,,,,,,,
Back Fence,Temp & Humidity Sensor,2020/12/23 12:50 AM,28.7,99.0,28.5,28.7,,,30.36,,,,,,,,,,,,,
Back Fence,Temp & Humidity Sensor,2020/12/23 12:55 AM,28.5,99.0,28.3,28.5,,,30.36,,,,,,,,,,,,,
Back Fence,Temp & Humidity Sensor,2020/12/23 1:00 AM,28.5,99.0,28.3,28.5,,,30.36,,,,,,,,,,,,,
Back Fence,Temp & Humidity Sensor,2020/12/23 1:05 AM,28.4,99.0,28.2,28.4,,,30.36,,,,,,,,,,,,,
Back Fence,Temp & Humidity Sensor,2020/12/23 1:10 AM,28.4,99.0,28.2,28.4,,,30.37,,,,,,,,,,,,,
Back Fence,Temp & Humidity Sensor,2020/12/23 1:15 AM,28.4,99.0,28.2,28.4,,,30.36,,,,,,,,,,,,,
Back Fence,Temp & Humidity Sensor,2020/12/23 1:20 AM,28.4,99.0,28.2,28.4,,,30.37,,,,,,,,,,,,,
Back Fence,Temp & Humidity Sensor,2020/12/23 1:25 AM,28.4,99.0,28.2,28.4,,,30.37,,,,,,,,,,,,,
Back Fence,Temp & Humidity Sensor,2020/12/23 1:30 AM,28.4,99.0,28.2,28.4,,,30.37,,,,,,,,,,,,,
Back Fence,Temp & Humidity Sensor,2020/12/23 1:35 AM,28.4,99.0,28.2,28.4,,,30.38,,,,,,,,,,,,,
Back Fence,Temp & Humidity Sensor,2020/12/23 1:40 AM,28.4,99.0,28.2,28.4,,,30.38,,,,,,,,,,,,,
Back Fence,Temp & Humidity Sensor,2020/12/23 1:45 AM,28.2,99.0,28.0,28.2,,,30.37,,,,,,,,,,,,,
Back Fence,Temp & Humidity Sensor,2020/12/23 1:50 AM,28.2,99.0,28.0,28.2,,,30.37,,,,,,,,,,,,,
Back Fence,Temp & Humidity Sensor,2020/12/23 1:55 AM,28.0,99.0,27.8,28.0,,,30.37,,,,,,,,,,,,,
Back Fence,Temp & Humidity Sensor,2020/12/23 2:00 AM,28.0,99.0,27.8,28.0,,,30.37,,,,,,,,,,,,,
Back Fence,Temp & Humidity Sensor,2020/12/23 2:05 AM,28.0,99.0,27.8,28.0,,,30.37,,,,,,,,,,,,,
Back Fence,Temp & Humidity Sensor,2020/12/23 2:10 AM,28.0,99.0,27.8,28.0,,,30.37,,,,,,,,,,,,,
Back Fence,Temp & Humidity Sensor,2020/12/23 2:15 AM,28.2,99.0,28.0,28.2,,,30.38,,,,,,,,,,,,,
Back Fence,Temp & Humidity Sensor,2020/12/23 2:20 AM,28.0,99.0,27.8,28.0,,,30.38,,,,,,,,,,,,,
Back Fence,Temp & Humidity Sensor,2020/12/23 2:25 AM,28.0,99.0,27.8,28.0,,,30.38,,,,,,,,,,,,,
Back Fence,Temp & Humidity Sensor,2020/12/23 2:30 AM,27.6,99.0,27.4,27.6,,,30.37,,,,,,,,,,,,,
Back Fence,Temp & Humidity Sensor,2020/12/23 2:35 AM,27.8,99.0,27.6,27.8,,,30.37,,,,,,,,,,,,,
Back Fence,Temp & Humidity Sensor,2020/12/23 2:40 AM,27.8,99.0,27.6,27.8,,,30.37,,,,,,,,,,,,,
Back Fence,Temp & Humidity Sensor,2020/12/23 2:45 AM,27.6,99.0,27.4,27.6,,,30.37,,,,,,,,,,,,,
Back Fence,Temp & Humidity Sensor,2020/12/23 2:50 AM,28.0,99.0,27.8,28.0,,,30.38,,,,,,,,,,,,,
Back Fence,Temp & Humidity Sensor,2020/12/23 2:55 AM,27.8,99.0,27.6,27.8,,,30.37,,,,,,,,,,,,,
Back Fence,Temp & Humidity Sensor,2020/12/23 3:00 AM,28.0,99.0,27.8,28.0,,,30.38,,,,,,,,,,,,,
Back Fence,Temp & Humidity Sensor,2020/12/23 3:05 AM,27.8,99.0,27.6,27.8,,,30.37,,,,,,,,,,,,,
Back Fence,Temp & Humidity Sensor,2020/12/23 3:10 AM,28.0,99.0,27.8,28.0,,,30.37,,,,,,,,,,,,,
Back Fence,Temp & Humidity Sensor,2020/12/23 3:15 AM,27.6,99.0,27.4,27.6,,,30.37,,,,,,,,,,,,,
Back Fence,Temp & Humidity Sensor,2020/12/23 3:20 AM,27.8,99.0,27.6,27.8,,,30.37,,,,,,,,,,,,,
Back Fence,Temp & Humidity Sensor,2020/12/23 3:25 AM,27.6,99.0,27.4,27.6,,,30.38,,,,,,,,,,,,,
Back Fence,Temp & Humidity Sensor,2020/12/23 3:30 AM,27.5,99.0,27.3,27.5,,,30.37,,,,,,,,,,,,,
Back Fence,Temp & Humidity Sensor,2020/12/23 3:35 AM,27.6,99.0,27.4,27.6,,,30.37,,,,,,,,,,,,,
Back Fence,Temp & Humidity Sensor,2020/12/23 3:40 AM,27.5,99.0,27.3,27.5,,,30.36,,,,,,,,,,,,,
Back Fence,Temp & Humidity Sensor,2020/12/23 3:45 AM,27.1,99.0,26.9,27.1,,,30.37,,,,,,,,,,,,,
Back Fence,Temp & Humidity Sensor,2020/12/23 3:50 AM,27.1,99.0,26.9,27.1,,,30.36,,,,,,,,,,,,,
Back Fence,Temp & Humidity Sensor,2020/12/23 3:55 AM,27.5,99.0,27.3,27.5,,,30.37,,,,,,,,,,,,,
Back Fence,Temp & Humidity Sensor,2020/12/23 4:00 AM,27.1,99.0,26.9,27.1,,,30.36,,,,,,,,,,,,,
Back Fence,Temp & Humidity Sensor,2020/12/23 4:05 AM,27.3,99.0,27.1,27.3,,,30.37,,,,,,,,,,,,,
Back Fence,Temp & Humidity Sensor,2020/12/23 4:10 AM,27.1,99.0,26.9,27.1,,,30.37,,,,,,,,,,,,,
Back Fence,Temp & Humidity Sensor,2020/12/23 4:15 AM,26.9,99.0,26.7,26.9,,,30.38,,,,,,,,,,,,,
Back Fence,Temp & Humidity Sensor,2020/12/23 4:20 AM,26.7,99.0,26.5,26.7,,,30.38,,,,,,,,,,,,,
Back Fence,Temp & Humidity Sensor,2020/12/23 4:25 AM,26.9,99.0,26.7,26.9,,,30.38,,,,,,,,,,,,,
Back Fence,Temp & Humidity Sensor,2020/12/23 4:30 AM,26.7,99.0,26.5,26.7,,,30.37,,,,,,,,,,,,,
Back Fence,Temp & Humidity Sensor,2020/12/23 4:35 AM,26.7,99.0,26.5,26.7,,,30.37,,,,,,,,,,,,,
Back Fence,Temp & Humidity Sensor,2020/12/23 4:40 AM,26.7,99.0,26.5,26.7,,,30.37,,,,,,,,,,,,,
Back Fence,Temp & Humidity Sensor,2020/12/23 4:45 AM,26.6,99.0,26.4,26.6,,,30.37,,,,,,,,,,,,,
Back Fence,Temp & Humidity Sensor,2020/12/23 4:50 AM,26.6,99.0,26.4,26.6,,,30.37,,,,,,,,,,,,,
Back Fence,Temp & Humidity Sensor,2020/12/23 4:55 AM,26.6,99.0,26.4,26.6,,,30.38,,,,,,,,,,,,,
Back Fence,Temp & Humidity Sensor,2020/12/23 5:00 AM,26.6,99.0,26.4,26.6,,,30.37,,,,,,,,,,,,,
Back Fence,Temp & Humidity Sensor,2020/12/23 5:05 AM,26.6,99.0,26.4,26.6,,,30.37,,,,,,,,,,,,,
Back Fence,Temp & Humidity Sensor,2020/12/23 5:10 AM,26.6,99.0,26.4,26.6,,,30.37,,,,,,,,,,,,,
Back Fence,Temp & Humidity Sensor,2020/12/23 5:15 AM,26.6,99.0,26.4,26.6,,,30.37,,,,,,,,,,,,,
Back Fence,Temp & Humidity Sensor,2020/12/23 5:20 AM,26.6,99.0,26.4,26.6,,,30.38,,,,,,,,,,,,,
Back Fence,Temp & Humidity Sensor,2020/12/23 5:25 AM,26.6,99.0,26.4,26.6,,,30.38,,,,,,,,,,,,,
Back Fence,Temp & Humidity Sensor,2020/12/23 5:30 AM,26.6,99.0,26.4,26.6,,,30.38,,,,,,,,,,,,,
Back Fence,Temp & Humidity Sensor,2020/12/23 5:35 AM,26.6,99.0,26.4,26.6,,,30.38,,,,,,,,,,,,,
Back Fence,Temp & Humidity Sensor,2020/12/23 5:40 AM,26.4,99.0,26.2,26.4,,,30.39,,,,,,,,,,,,,
Back Fence,Temp & Humidity Sensor,2020/12/23 5:45 AM,26.4,99.0,26.2,26.4,,,30.39,,,,,,,,,,,,,
Back Fence,Temp & Humidity Sensor,2020/12/23 5:50 AM,26.4,99.0,26.2,26.4,,,30.39,,,,,,,,,,,,,
Back Fence,Temp & Humidity Sensor,2020/12/23 5:55 AM,26.4,99.0,26.2,26.4,,,30.39,,,,,,,,,,,,,
Back Fence,Temp & Humidity Sensor,2020/12/23 6:00 AM,26.2,99.0,26.0,26.2,,,30.39,,,,,,,,,,,,,
Back Fence,Temp & Humidity Sensor,2020/12/23 6:05 AM,26.4,99.0,26.2,26.4,,,30.39,,,,,,,,,,,,,
Back Fence,Temp & Humidity Sensor,2020/12/23 6:10 AM,26.4,99.0,26.2,26.4,,,30.4,,,,,,,,,,,,,
Back Fence,Temp & Humidity Sensor,2020/12/23 6:15 AM,26.2,99.0,26.0,26.2,,,30.4,,,,,,,,,,,,,
Back Fence,Temp & Humidity Sensor,2020/12/23 6:20 AM,26.2,99.0,26.0,26.2,,,30.41,,,,,,,,,,,,,
Back Fence,Temp & Humidity Sensor,2020/12/23 6:25 AM,26.0,99.0,25.8,26.0,,,30.4,,,,,,,,,,,,,
Back Fence,Temp & Humidity Sensor,2020/12/23 6:30 AM,26.0,99.0,25.8,26.0,,,30.41,,,,,,,,,,,,,
Back Fence,Temp & Humidity Sensor,2020/12/23 6:35 AM,25.8,99.0,25.6,25.8,,,30.41,,,,,,,,,,,,,
Back Fence,Temp & Humidity Sensor,2020/12/23 6:40 AM,26.0,99.0,25.8,26.0,,,30.41,,,,,,,,,,,,,
Back Fence,Temp & Humidity Sensor,2020/12/23 6:45 AM,26.0,99.0,25.8,26.0,,,30.41,,,,,,,,,,,,,
Back Fence,Temp & Humidity Sensor,2020/12/23 6:50 AM,26.0,99.0,25.8,26.0,,,30.41,,,,,,,,,,,,,
Back Fence,Temp & Humidity Sensor,2020/12/23 6:55 AM,26.0,99.0,25.8,26.0,,,30.41,,,,,,,,,,,,,
Back Fence,Temp & Humidity Sensor,2020/12/23 7:00 AM,25.8,99.0,25.6,25.8,,,30.41,,,,,,,,,,,,,
Back Fence,Temp & Humidity Sensor,2020/12/23 7:05 AM,25.8,99.0,25.6,25.8,,,30.42,,,,,,,,,,,,,
Back Fence,Temp & Humidity Sensor,2020/12/23 7:10 AM,25.8,99.0,25.6,25.8,,,30.42,,,,,,,,,,,,,
Back Fence,Temp & Humidity Sensor,2020/12/23 7:15 AM,26.0,99.0,25.8,26.0,,,30.42,,,,,,,,,,,,,
Back Fence,Temp & Humidity Sensor,2020/12/23 7:20 AM,25.8,99.0,25.6,25.8,,,30.42,,,,,,,,,,,,,
Back Fence,Temp & Humidity Sensor,2020/12/23 7:25 AM,26.0,99.0,25.8,26.0,,,30.42,,,,,,,,,,,,,
Back Fence,Temp & Humidity Sensor,2020/12/23 7:30 AM,26.0,99.0,25.8,26.0,,,30.42,,,,,,,,,,,,,
Back Fence,Temp & Humidity Sensor,2020/12/23 7:35 AM,26.2,99.0,26.0,26.2,,,30.43,,,,,,,,,,,,,
Back Fence,Temp & Humidity Sensor,2020/12/23 7:40 AM,26.4,99.0,26.2,26.4,,,30.43,,,,,,,,,,,,,
Back Fence,Temp & Humidity Sensor,2020/12/23 7:45 AM,26.4,99.0,26.2,26.4,,,30.43,,,,,,,,,,,,,
Back Fence,Temp & Humidity Sensor,2020/12/23 7:50 AM,26.6,99.0,26.4,26.6,,,30.43,,,,,,,,,,,,,
Back Fence,Temp & Humidity Sensor,2020/12/23 7:55 AM,26.6,99.0,26.4,26.6,,,30.44,,,,,,,,,,,,,
Back Fence,Temp & Humidity Sensor,2020/12/23 8:00 AM,26.7,99.0,26.5,26.7,,,30.44,,,,,,,,,,,,,
Back Fence,Temp & Humidity Sensor,2020/12/23 8:05 AM,26.9,99.0,26.7,26.9,,,30.44,,,,,,,,,,,,,
Back Fence,Temp & Humidity Sensor,2020/12/23 8:10 AM,27.1,99.0,26.9,27.1,,,30.44,,,,,,,,,,,,,
Back Fence,Temp & Humidity Sensor,2020/12/23 8:15 AM,27.6,99.0,27.4,27.6,,,30.44,,,,,,,,,,,,,
Back Fence,Temp & Humidity Sensor,2020/12/23 8:20 AM,28.0,99.0,27.8,28.0,,,30.44,,,,,,,,,,,,,
Back Fence,Temp & Humidity Sensor,2020/12/23 8:25 AM,28.4,99.0,28.2,28.4,,,30.45,,,,,,,,,,,,,
Back Fence,Temp & Humidity Sensor,2020/12/23 8:30 AM,28.9,99.0,28.7,28.9,,,30.45,,,,,,,,,,,,,
Back Fence,Temp & Humidity Sensor,2020/12/23 8:35 AM,29.3,99.0,29.1,29.3,,,30.45,,,,,,,,,,,,,
Back Fence,Temp & Humidity Sensor,2020/12/23 8:40 AM,29.6,99.0,29.4,29.6,,,30.45,,,,,,,,,,,,,
Back Fence,Temp & Humidity Sensor,2020/12/23 8:45 AM,30.2,98.0,29.7,30.2,,,30.45,,,,,,,,,,,,,
Back Fence,Temp & Humidity Sensor,2020/12/23 8:50 AM,30.5,98.0,30.0,30.5,,,30.45,,,,,,,,,,,,,
Back Fence,Temp & Humidity Sensor,2020/12/23 8:55 AM,31.1,98.0,30.6,31.1,,,30.45,,,,,,,,,,,,,
Back Fence,Temp & Humidity Sensor,2020/12/23 9:00 AM,31.4,98.0,30.9,31.4,,,30.45,,,,,,,,,,,,,
Back Fence,Temp & Humidity Sensor,2020/12/23 9:05 AM,31.8,97.0,31.0,31.8,,,30.45,,,,,,,,,,,,,
Back Fence,Temp & Humidity Sensor,2020/12/23 9:10 AM,32.1,95.0,30.8,32.1,,,30.45,,,,,,,,,,,,,
Back Fence,Temp & Humidity Sensor,2020/12/23 9:15 AM,32.7,94.0,31.2,32.7,,,30.45,,,,,,,,,,,,,
Back Fence,Temp & Humidity Sensor,2020/12/23 9:20 AM,33.0,94.0,31.5,33.0,,,30.45,,,,,,,,,,,,,
Back Fence,Temp & Humidity Sensor,2020/12/23 9:25 AM,33.8,94.0,32.3,33.8,,,30.45,,,,,,,,,,,,,
Back Fence,Temp & Humidity Sensor,2020/12/23 9:30 AM,34.5,92.0,32.4,34.5,,,30.46,,,,,,,,,,,,,
Back Fence,Temp & Humidity Sensor,2020/12/23 9:35 AM,34.8,92.0,32.7,34.8,,,30.45,,,,,,,,,,,,,
Back Fence,Temp & Humidity Sensor,2020/12/23 9:40 AM,35.6,91.0,33.2,35.6,,,30.45,,,,,,,,,,,,,
Back Fence,Temp & Humidity Sensor,2020/12/23 9:45 AM,36.1,91.0,33.7,36.1,,,30.46,,,,,,,,,,,,,
Back Fence,Temp & Humidity Sensor,2020/12/23 9:50 AM,37.7,91.0,35.3,37.7,,,30.46,,,,,,,,,,,,,
Back Fence,Temp & Humidity Sensor,2020/12/23 9:55 AM,40.4,90.0,37.7,38.4,,,30.45,,,,,,,,,,,,,
Back Fence,Temp & Humidity Sensor,2020/12/23 10:00 AM,41.9,89.0,38.9,40.0,,,30.46,,,,,,,,,,,,,
Back Fence,Temp & Humidity Sensor,2020/12/23 10:05 AM,41.7,84.0,37.2,39.5,,,30.46,,,,,,,,,,,,,
Back Fence,Temp & Humidity Sensor,2020/12/23 10:10 AM,42.2,84.0,37.7,40.1,,,30.46,,,,,,,,,,,,,
Back Fence,Temp & Humidity Sensor,2020/12/23 10:15 AM,42.9,76.0,35.9,40.5,,,30.45,,,,,,,,,,,,,
Back Fence,Temp & Humidity Sensor,2020/12/23 10:20 AM,44.6,80.0,38.8,42.5,,,30.46,,,,,,,,,,,,,
Back Fence,Temp & Humidity Sensor,2020/12/23 10:25 AM,44.7,73.0,36.6,42.3,,,30.46,,,,,,,,,,,,,
Back Fence,Temp & Humidity Sensor,2020/12/23 10:30 AM,45.3,70.0,36.1,42.8,,,30.46,,,,,,,,,,,,,
Back Fence,Temp & Humidity Sensor,2020/12/23 10:35 AM,46.5,73.0,38.3,44.3,,,30.46,,,,,,,,,,,,,
Back Fence,Temp & Humidity Sensor,2020/12/23 10:40 AM,48.0,73.0,39.8,45.9,,,30.45,,,,,,,,,,,,,
Back Fence,Temp & Humidity Sensor,2020/12/23 10:45 AM,48.2,70.0,38.9,46.0,,,30.45,,,,,,,,,,,,,
Back Fence,Temp & Humidity Sensor,2020/12/23 10:50 AM,48.0,70.0,38.7,45.8,,,30.45,,,,,,,,,,,,,
Back Fence,Temp & Humidity Sensor,2020/12/23 10:55 AM,47.8,71.0,38.9,45.6,,,30.45,,,,,,,,,,,,,
Back Fence,Temp & Humidity Sensor,2020/12/23 11:00 AM,48.2,70.0,38.9,46.0,,,30.45,,,,,,,,,,,,,
Back Fence,Temp & Humidity Sensor,2020/12/23 11:05 AM,48.9,66.0,38.0,46.6,,,30.44,,,,,,,,,,,,,
Back Fence,Temp & Humidity Sensor,2020/12/23 11:10 AM,49.1,63.0,37.1,46.7,,,30.44,,,,,,,,,,,,,
Back Fence,Temp & Humidity Sensor,2020/12/23 11:15 AM,48.7,60.0,35.4,46.1,,,30.43,,,,,,,,,,,,,
Back Fence,Temp & Humidity Sensor,2020/12/23 11:20 AM,48.7,62.0,36.3,46.2,,,30.43,,,,,,,,,,,,,
Back Fence,Temp & Humidity Sensor,2020/12/23 11:25 AM,49.1,63.0,37.1,46.7,,,30.43,,,,,,,,,,,,,
Back Fence,Temp & Humidity Sensor,2020/12/23 11:30 AM,49.4,63.0,37.3,47.0,,,30.43,,,,,,,,,,,,,
Back Fence,Temp & Humidity Sensor,2020/12/23 11:35 AM,50.1,57.0,35.5,47.5,,,30.42,,,,,,,,,,,,,
Back Fence,Temp & Humidity Sensor,2020/12/23 11:40 AM,50.7,58.0,36.5,48.2,,,30.42,,,,,,,,,,,,,
Back Fence,Temp & Humidity Sensor,2020/12/23 11:45 AM,50.3,55.0,34.8,47.6,,,30.42,,,,,,,,,,,,,
Back Fence,Temp & Humidity Sensor,2020/12/23 11:50 AM,50.3,54.0,34.3,47.6,,,30.42,,,,,,,,,,,,,
Back Fence,Temp & Humidity Sensor,2020/12/23 11:55 AM,50.9,56.0,35.8,48.3,,,30.41,,,,,,,,,,,,,
Back Fence,Temp & Humidity Sensor,2020/12/23 12:00 PM,51.8,55.0,36.2,49.3,,,30.41,,,,,,,,,,,,,
Back Fence,Temp & Humidity Sensor,2020/12/23 12:05 PM,52.8,55.0,37.1,50.4,,,30.41,,,,,,,,,,,,,
Back Fence,Temp & Humidity Sensor,2020/12/23 12:10 PM,53.9,52.0,36.7,51.4,,,30.4,,,,,,,,,,,,,
Back Fence,Temp & Humidity Sensor,2020/12/23 12:15 PM,54.6,53.0,37.8,52.3,,,30.39,,,,,,,,,,,,,
Back Fence,Temp & Humidity Sensor,2020/12/23 12:20 PM,55.7,51.0,37.9,53.4,,,30.39,,,,,,,,,,,,,
Back Fence,Temp & Humidity Sensor,2020/12/23 12:25 PM,58.1,48.0,38.5,55.9,,,30.39,,,,,,,,,,,,,
Back Fence,Temp & Humidity Sensor,2020/12/23 12:30 PM,57.5,46.0,36.9,55.1,,,30.39,,,,,,,,,,,,,
Back Fence,Temp & Humidity Sensor,2020/12/23 12:35 PM,57.7,47.0,37.6,55.4,,,30.39,,,,,,,,,,,,,
Back Fence,Temp & Humidity Sensor,2020/12/23 12:40 PM,56.6,47.0,36.6,54.2,,,30.39,,,,,,,,,,,,,
Back Fence,Temp & Humidity Sensor,2020/12/23 12:45 PM,57.3,46.0,36.7,54.9,,,30.39,,,,,,,,,,,,,
Back Fence,Temp & Humidity Sensor,2020/12/23 12:50 PM,56.4,47.0,36.4,53.9,,,30.39,,,,,,,,,,,,,
Back Fence,Temp & Humidity Sensor,2020/12/23 12:55 PM,55.7,48.0,36.3,53.2,,,30.39,,,,,,,,,,,,,
Back Fence,Temp & Humidity Sensor,2020/12/23 1:00 PM,55.2,48.0,35.9,52.7,,,30.38,,,,,,,,,,,,,
Back Fence,Temp & Humidity Sensor,2020/12/23 1:05 PM,57.7,48.0,38.1,55.4,,,30.38,,,,,,,,,,,,,
Back Fence,Temp & Humidity Sensor,2020/12/23 1:10 PM,59.0,45.0,37.7,56.7,,,30.38,,,,,,,,,,,,,
Back Fence,Temp & Humidity Sensor,2020/12/23 1:15 PM,56.6,45.0,35.5,54.1,,,30.38,,,,,,,,,,,,,
Back Fence,Temp & Humidity Sensor,2020/12/23 1:20 PM,58.6,46.0,37.9,56.3,,,30.38,,,,,,,,,,,,,
Back Fence,Temp & Humidity Sensor,2020/12/23 1:25 PM,59.3,45.0,38.0,57.0,,,30.38,,,,,,,,,,,,,
Back Fence,Temp & Humidity Sensor,2020/12/23 1:30 PM,56.4,45.0,35.3,53.9,,,30.38,,,,,,,,,,,,,
Back Fence,Temp & Humidity Sensor,2020/12/23 1:35 PM,55.0,46.0,34.6,52.4,,,30.37,,,,,,,,,,,,,
Back Fence,Temp & Humidity Sensor,2020/12/23 1:40 PM,54.8,48.0,35.5,52.2,,,30.37,,,,,,,,,,,,,
Back Fence,Temp & Humidity Sensor,2020/12/23 1:45 PM,56.8,46.0,36.2,54.3,,,30.37,,,,,,,,,,,,,
Back Fence,Temp & Humidity Sensor,2020/12/23 1:50 PM,56.6,46.0,36.1,54.1,,,30.37,,,,,,,,,,,,,
Back Fence,Temp & Humidity Sensor,2020/12/23 1:55 PM,56.8,47.0,36.8,54.4,,,30.36,,,,,,,,,,,,,
Back Fence,Temp & Humidity Sensor,2020/12/23 2:00 PM,57.9,45.0,36.7,55.5,,,30.36,,,,,,,,,,,,,
Back Fence,Temp & Humidity Sensor,2020/12/23 2:05 PM,56.4,44.0,34.8,53.8,,,30.36,,,,,,,,,,,,,
Back Fence,Temp & Humidity Sensor,2020/12/23 2:10 PM,56.4,45.0,35.3,53.9,,,30.35,,,,,,,,,,,,,
Back Fence,Temp & Humidity Sensor,2020/12/23 2:15 PM,57.0,45.0,35.9,54.5,,,30.35,,,,,,,,,,,,,
Back Fence,Temp & Humidity Sensor,2020/12/23 2:20 PM,57.3,44.0,35.6,54.8,,,30.34,,,,,,,,,,,,,
Back Fence,Temp & Humidity Sensor,2020/12/23 2:25 PM,56.4,45.0,35.3,53.9,,,30.34,,,,,,,,,,,,,
Back Fence,Temp & Humidity Sensor,2020/12/23 2:30 PM,57.0,44.0,35.3,54.5,,,30.33,,,,,,,,,,,,,
Back Fence,Temp & Humidity Sensor,2020/12/23 2:35 PM,55.7,43.0,33.6,53.0,,,30.32,,,,,,,,,,,,,
Back Fence,Temp & Humidity Sensor,2020/12/23 2:40 PM,54.8,44.0,33.3,52.0,,,30.32,,,,,,,,,,,,,
Back Fence,Temp & Humidity Sensor,2020/12/23 2:45 PM,54.6,45.0,33.7,51.9,,,30.32,,,,,,,,,,,,,
Back Fence,Temp & Humidity Sensor,2020/12/23 2:50 PM,54.5,45.0,33.6,51.8,,,30.32,,,,,,,,,,,,,
Back Fence,Temp & Humidity Sensor,2020/12/23 2:55 PM,54.3,43.0,32.3,51.5,,,30.32,,,,,,,,,,,,,
Back Fence,Temp & Humidity Sensor,2020/12/23 3:00 PM,54.8,44.0,33.3,52.0,,,30.31,,,,,,,,,,,,,
Back Fence,Temp & Humidity Sensor,2020/12/23 3:05 PM,55.2,45.0,34.2,52.5,,,30.31,,,,,,,,,,,,,
Back Fence,Temp & Humidity Sensor,2020/12/23 3:10 PM,54.8,44.0,33.3,52.0,,,30.31,,,,,,,,,,,,,
Back Fence,Temp & Humidity Sensor,2020/12/23 3:15 PM,54.3,45.0,33.4,51.5,,,30.31,,,,,,,,,,,,,
Back Fence,Temp & Humidity Sensor,2020/12/23 3:20 PM,53.7,45.0,32.9,50.9,,,30.31,,,,,,,,,,,,,
Back Fence,Temp & Humidity Sensor,2020/12/23 3:25 PM,53.4,46.0,33.1,50.6,,,30.31,,,,,,,,,,,,,
Back Fence,Temp & Humidity Sensor,2020/12/23 3:30 PM,53.2,46.0,33.0,50.4,,,30.31,,,,,,,,,,,,,
Back Fence,Temp & Humidity Sensor,2020/12/23 3:35 PM,53.2,45.0,32.4,50.3,,,30.31,,,,,,,,,,,,,
Back Fence,Temp & Humidity Sensor,2020/12/23 3:40 PM,52.7,45.0,32.0,49.8,,,30.31,,,,,,,,,,,,,
Back Fence,Temp & Humidity Sensor,2020/12/23 3:45 PM,52.1,46.0,32.0,49.2,,,30.3,,,,,,,,,,,,,
Back Fence,Temp & Humidity Sensor,2020/12/23 3:50 PM,51.9,46.0,31.8,49.0,,,30.3,,,,,,,,,,,,,
Back Fence,Temp & Humidity Sensor,2020/12/23 3:55 PM,52.1,47.0,32.5,49.2,,,30.3,,,,,,,,,,,,,
Back Fence,Temp & Humidity Sensor,2020/12/23 4:00 PM,51.9,47.0,32.3,49.0,,,30.31,,,,,,,,,,,,,
Back Fence,Temp & Humidity Sensor,2020/12/23 4:05 PM,51.6,48.0,32.6,48.7,,,30.31,,,,,,,,,,,,,
Back Fence,Temp & Humidity Sensor,2020/12/23 4:10 PM,51.4,48.0,32.4,48.5,,,30.31,,,,,,,,,,,,,
Back Fence,Temp & Humidity Sensor,2020/12/23 4:15 PM,51.2,49.0,32.7,48.3,,,30.31,,,,,,,,,,,,,
Back Fence,Temp & Humidity Sensor,2020/12/23 4:20 PM,50.9,49.0,32.4,48.0,,,30.31,,,,,,,,,,,,,
Back Fence,Temp & Humidity Sensor,2020/12/23 4:25 PM,50.3,50.0,32.4,47.4,,,30.31,,,,,,,,,,,,,
Back Fence,Temp & Humidity Sensor,2020/12/23 4:30 PM,50.1,50.0,32.2,47.2,,,30.31,,,,,,,,,,,,,
Back Fence,Temp & Humidity Sensor,2020/12/23 4:35 PM,49.8,51.0,32.4,46.9,,,30.31,,,,,,,,,,,,,
Back Fence,Temp & Humidity Sensor,2020/12/23 4:40 PM,49.6,51.0,32.2,46.7,,,30.31,,,,,,,,,,,,,
Back Fence,Temp & Humidity Sensor,2020/12/23 4:45 PM,49.2,51.0,31.9,46.2,,,30.31,,,,,,,,,,,,,
Back Fence,Temp & Humidity Sensor,2020/12/23 4:50 PM,49.1,52.0,32.2,46.2,,,30.31,,,,,,,,,,,,,
Back Fence,Temp & Humidity Sensor,2020/12/23 4:55 PM,48.5,52.0,31.7,45.5,,,30.31,,,,,,,,,,,,,
Back Fence,Temp & Humidity Sensor,2020/12/23 5:00 PM,48.0,53.0,31.7,45.0,,,30.31,,,,,,,,,,,,,
Back Fence,Temp & Humidity Sensor,2020/12/23 5:05 PM,47.4,53.0,31.1,44.3,,,30.31,,,,,,,,,,,,,
Back Fence,Temp & Humidity Sensor,2020/12/23 5:10 PM,47.1,57.0,32.7,44.2,,,30.31,,,,,,,,,,,,,
Back Fence,Temp & Humidity Sensor,2020/12/23 5:15 PM,46.4,59.0,32.9,43.5,,,30.31,,,,,,,,,,,,,
Back Fence,Temp & Humidity Sensor,2020/12/23 5:20 PM,45.8,59.0,32.3,42.9,,,30.31,,,,,,,,,,,,,
Back Fence,Temp & Humidity Sensor,2020/12/23 5:25 PM,45.5,59.0,32.0,42.5,,,30.31,,,,,,,,,,,,,
Back Fence,Temp & Humidity Sensor,2020/12/23 5:30 PM,45.5,59.0,32.0,42.5,,,30.31,,,,,,,,,,,,,
Back Fence,Temp & Humidity Sensor,2020/12/23 5:35 PM,45.3,60.0,32.2,42.4,,,30.32,,,,,,,,,,,,,
Back Fence,Temp & Humidity Sensor,2020/12/23 5:40 PM,45.5,60.0,32.4,42.6,,,30.32,,,,,,,,,,,,,
Back Fence,Temp & Humidity Sensor,2020/12/23 5:45 PM,45.5,60.0,32.4,42.6,,,30.32,,,,,,,,,,,,,
Back Fence,Temp & Humidity Sensor,2020/12/23 5:50 PM,45.3,61.0,32.7,42.4,,,30.32,,,,,,,,,,,,,
Back Fence,Temp & Humidity Sensor,2020/12/23 5:55 PM,45.1,61.0,32.5,42.2,,,30.32,,,,,,,,,,,,,
Back Fence,Temp & Humidity Sensor,2020/12/23 6:00 PM,44.7,64.0,33.3,41.9,,,30.31,,,,,,,,,,,,,
Back Fence,Temp & Humidity Sensor,2020/12/23 6:05 PM,44.4,67.0,34.1,41.7,,,30.31,,,,,,,,,,,,,
Back Fence,Temp & Humidity Sensor,2020/12/23 6:10 PM,43.8,65.0,32.8,40.9,,,30.31,,,,,,,,,,,,,
Back Fence,Temp & Humidity Sensor,2020/12/23 6:15 PM,43.5,65.0,32.5,40.6,,,30.31,,,,,,,,,,,,,
Back Fence,Temp & Humidity Sensor,2020/12/23 6:20 PM,43.7,65.0,32.7,40.8,,,30.31,,,,,,,,,,,,,
Back Fence,Temp & Humidity Sensor,2020/12/23 6:25 PM,44.2,65.0,33.2,41.4,,,30.31,,,,,,,,,,,,,
Back Fence,Temp & Humidity Sensor,2020/12/23 6:30 PM,44.2,65.0,33.2,41.4,,,30.31,,,,,,,,,,,,,
Back Fence,Temp & Humidity Sensor,2020/12/23 6:35 PM,43.8,67.0,33.6,41.0,,,30.31,,,,,,,,,,,,,
Back Fence,Temp & Humidity Sensor,2020/12/23 6:40 PM,43.5,67.0,33.3,40.7,,,30.31,,,,,,,,,,,,,
Back Fence,Temp & Humidity Sensor,2020/12/23 6:45 PM,43.3,67.0,33.1,40.5,,,30.3,,,,,,,,,,,,,
Back Fence,Temp & Humidity Sensor,2020/12/23 6:50 PM,43.5,67.0,33.3,40.7,,,30.3,,,,,,,,,,,,,
Back Fence,Temp & Humidity Sensor,2020/12/23 6:55 PM,43.5,67.0,33.3,40.7,,,30.3,,,,,,,,,,,,,
Back Fence,Temp & Humidity Sensor,2020/12/23 7:00 PM,43.8,68.0,33.9,41.1,,,30.3,,,,,,,,,,,,,
Back Fence,Temp & Humidity Sensor,2020/12/23 7:05 PM,44.0,71.0,35.2,41.4,,,30.3,,,,,,,,,,,,,
Back Fence,Temp & Humidity Sensor,2020/12/23 7:10 PM,44.2,72.0,35.8,41.7,,,30.29,,,,,,,,,,,,,
Back Fence,Temp & Humidity Sensor,2020/12/23 7:15 PM,44.4,70.0,35.2,41.8,,,30.3,,,,,,,,,,,,,
Back Fence,Temp & Humidity Sensor,2020/12/23 7:20 PM,44.4,69.0,34.9,41.8,,,30.3,,,,,,,,,,,,,
Back Fence,Temp & Humidity Sensor,2020/12/23 7:25 PM,44.6,71.0,35.8,42.1,,,30.3,,,,,,,,,,,,,
Back Fence,Temp & Humidity Sensor,2020/12/23 7:30 PM,44.4,73.0,36.3,42.0,,,30.3,,,,,,,,,,,,,
Back Fence,Temp & Humidity Sensor,2020/12/23 7:35 PM,44.6,71.0,35.8,42.1,,,30.3,,,,,,,,,,,,,
Back Fence,Temp & Humidity Sensor,2020/12/23 7:40 PM,44.9,71.0,36.1,42.4,,,30.3,,,,,,,,,,,,,
Back Fence,Temp & Humidity Sensor,2020/12/23 7:45 PM,45.1,70.0,35.9,42.6,,,30.29,,,,,,,,,,,,,
Back Fence,Temp & Humidity Sensor,2020/12/23 7:50 PM,44.9,71.0,36.1,42.4,,,30.29,,,,,,,,,,,,,
Back Fence,Temp & Humidity Sensor,2020/12/23 7:55 PM,44.9,71.0,36.1,42.4,,,30.28,,,,,,,,,,,,,
Back Fence,Temp & Humidity Sensor,2020/12/23 8:00 PM,45.1,71.0,36.3,42.6,,,30.28,,,,,,,,,,,,,
Back Fence,Temp & Humidity Sensor,2020/12/23 8:05 PM,45.3,72.0,36.8,42.9,,,30.27,,,,,,,,,,,,,
Back Fence,Temp & Humidity Sensor,2020/12/23 8:10 PM,45.3,72.0,36.8,42.9,,,30.27,,,,,,,,,,,,,
Back Fence,Temp & Humidity Sensor,2020/12/23 8:15 PM,45.3,71.0,36.5,42.9,,,30.27,,,,,,,,,,,,,
Back Fence,Temp & Humidity Sensor,2020/12/23 8:20 PM,45.3,72.0,36.8,42.9,,,30.27,,,,,,,,,,,,,
Back Fence,Temp & Humidity Sensor,2020/12/23 8:25 PM,45.5,73.0,37.4,43.2,,,30.27,,,,,,,,,,,,,
Back Fence,Temp & Humidity Sensor,2020/12/23 8:30 PM,45.3,74.0,37.5,43.0,,,30.26,,,,,,,,,,,,,
Back Fence,Temp & Humidity Sensor,2020/12/23 8:35 PM,44.9,73.0,36.8,42.5,,,30.26,,,,,,,,,,,,,
Back Fence,Temp & Humidity Sensor,2020/12/23 8:40 PM,44.9,73.0,36.8,42.5,,,30.26,,,,,,,,,,,,,
Back Fence,Temp & Humidity Sensor,2020/12/23 8:45 PM,44.9,73.0,36.8,42.5,,,30.26,,,,,,,,,,,,,
Back Fence,Temp & Humidity Sensor,2020/12/23 8:50 PM,44.7,73.0,36.6,42.3,,,30.26,,,,,,,,,,,,,
Back Fence,Temp & Humidity Sensor,2020/12/23 8:55 PM,44.7,74.0,36.9,42.3,,,30.26,,,,,,,,,,,,,
Back Fence,Temp & Humidity Sensor,2020/12/23 9:00 PM,44.6,74.0,36.8,42.2,,,30.26,,,,,,,,,,,,,
Back Fence,Temp & Humidity Sensor,2020/12/23 9:05 PM,44.6,74.0,36.8,42.2,,,30.25,,,,,,,,,,,,,
Back Fence,Temp & Humidity Sensor,2020/12/23 9:10 PM,44.4,74.0,36.6,42.0,,,30.26,,,,,,,,,,,,,
Back Fence,Temp & Humidity Sensor,2020/12/23 9:15 PM,44.2,75.0,36.8,41.8,,,30.25,,,,,,,,,,,,,
Back Fence,Temp & Humidity Sensor,2020/12/23 9:20 PM,44.2,74.0,36.4,41.8,,,30.25,,,,,,,,,,,,,
Back Fence,Temp & Humidity Sensor,2020/12/23 9:25 PM,44.2,75.0,36.8,41.8,,,30.25,,,,,,,,,,,,,
Back Fence,Temp & Humidity Sensor,2020/12/23 9:30 PM,44.2,76.0,37.1,41.9,,,30.25,,,,,,,,,,,,,
Back Fence,Temp & Humidity Sensor,2020/12/23 9:35 PM,44.0,75.0,36.6,41.6,,,30.25,,,,,,,,,,,,,
Back Fence,Temp & Humidity Sensor,2020/12/23 9:40 PM,44.0,75.0,36.6,41.6,,,30.24,,,,,,,,,,,,,
Back Fence,Temp & Humidity Sensor,2020/12/23 9:45 PM,44.0,75.0,36.6,41.6,,,30.24,,,,,,,,,,,,,
Back Fence,Temp & Humidity Sensor,2020/12/23 9:50 PM,43.8,75.0,36.4,41.4,,,30.24,,,,,,,,,,,,,
Back Fence,Temp & Humidity Sensor,2020/12/23 9:55 PM,43.8,75.0,36.4,41.4,,,30.24,,,,,,,,,,,,,
Back Fence,Temp & Humidity Sensor,2020/12/23 10:00 PM,43.7,75.0,36.3,41.3,,,30.24,,,,,,,,,,,,,
Back Fence,Temp & Humidity Sensor,2020/12/23 10:05 PM,43.7,75.0,36.3,41.3,,,30.23,,,,,,,,,,,,,
Back Fence,Temp & Humidity Sensor,2020/12/23 10:10 PM,43.7,75.0,36.3,41.3,,,30.23,,,,,,,,,,,,,
Back Fence,Temp & Humidity Sensor,2020/12/23 10:15 PM,44.0,75.0,36.6,41.6,,,30.24,,,,,,,,,,,,,
Back Fence,Temp & Humidity Sensor,2020/12/23 10:20 PM,43.8,76.0,36.7,41.5,,,30.24,,,,,,,,,,,,,
Back Fence,Temp & Humidity Sensor,2020/12/23 10:25 PM,43.8,76.0,36.7,41.5,,,30.23,,,,,,,,,,,,,
Back Fence,Temp & Humidity Sensor,2020/12/23 10:30 PM,43.8,77.0,37.1,41.5,,,30.24,,,,,,,,,,,,,
Back Fence,Temp & Humidity Sensor,2020/12/23 10:35 PM,44.2,76.0,37.1,41.9,,,30.24,,,,,,,,,,,,,
Back Fence,Temp & Humidity Sensor,2020/12/23 10:40 PM,44.6,77.0,37.8,42.4,,,30.24,,,,,,,,,,,,,
Back Fence,Temp & Humidity Sensor,2020/12/23 10:45 PM,44.6,76.0,37.5,42.3,,,30.23,,,,,,,,,,,,,
Back Fence,Temp & Humidity Sensor,2020/12/23 10:50 PM,44.7,76.0,37.6,42.4,,,30.23,,,,,,,,,,,,,
Back Fence,Temp & Humidity Sensor,2020/12/23 10:55 PM,44.9,77.0,38.1,42.7,,,30.23,,,,,,,,,,,,,
Back Fence,Temp & Humidity Sensor,2020/12/23 11:00 PM,45.1,78.0,38.7,43.0,,,30.23,,,,,,,,,,,,,
Back Fence,Temp & Humidity Sensor,2020/12/23 11:05 PM,45.3,78.0,38.9,43.2,,,30.23,,,,,,,,,,,,,
Back Fence,Temp & Humidity Sensor,2020/12/23 11:10 PM,45.6,80.0,39.8,43.6,,,30.22,,,,,,,,,,,,,
Back Fence,Temp & Humidity Sensor,2020/12/23 11:15 PM,45.6,80.0,39.8,43.6,,,30.22,,,,,,,,,,,,,
Back Fence,Temp & Humidity Sensor,2020/12/23 11:20 PM,45.8,81.0,40.3,43.9,,,30.22,,,,,,,,,,,,,
Back Fence,Temp & Humidity Sensor,2020/12/23 11:25 PM,46.0,80.0,40.2,44.1,,,30.22,,,,,,,,,,,,,
Back Fence,Temp & Humidity Sensor,2020/12/23 11:30 PM,46.4,79.0,40.2,44.5,,,30.22,,,,,,,,,,,,,
Back Fence,Temp & Humidity Sensor,2020/12/23 11:35 PM,46.5,81.0,41.0,44.7,,,30.22,,,,,,,,,,,,,
Back Fence,Temp & Humidity Sensor,2020/12/23 11:40 PM,46.9,80.0,41.1,45.1,,,30.22,,,,,,,,,,,,,
Back Fence,Temp & Humidity Sensor,2020/12/23 11:45 PM,47.1,80.0,41.3,45.3,,,30.22,,,,,,,,,,,,,
Back Fence,Temp & Humidity Sensor,2020/12/23 11:50 PM,47.3,79.0,41.1,45.4,,,30.22,,,,,,,,,,,,,
Back Fence,Temp & Humidity Sensor,2020/12/23 11:55 PM,47.3,79.0,41.1,45.4,,,30.22,,,,,,,,,,,,,
Back Fence,Temp & Humidity Sensor,2020/12/24 12:00 AM,47.4,79.0,41.2,45.6,,,30.22,,,,,,,,,,,,,
Back Fence,Temp & Humidity Sensor,2020/12/24 12:05 AM,47.8,79.0,41.6,46.0,,,30.21,,,,,,,,,,,,,
Back Fence,Temp & Humidity Sensor,2020/12/24 12:10 AM,48.0,79.0,41.8,46.2,,,30.21,,,,,,,,,,,,,
Back Fence,Temp & Humidity Sensor,2020/12/24 12:15 AM,48.2,78.0,41.7,46.4,,,30.21,,,,,,,,,,,,,
Back Fence,Temp & Humidity Sensor,2020/12/24 12:20 AM,48.2,78.0,41.7,46.4,,,30.21,,,,,,,,,,,,,
Back Fence,Temp & Humidity Sensor,2020/12/24 12:25 AM,48.2,78.0,41.7,46.4,,,30.21,,,,,,,,,,,,,
Back Fence,Temp & Humidity Sensor,2020/12/24 12:30 AM,48.2,78.0,41.7,46.4,,,30.2,,,,,,,,,,,,,
Back Fence,Temp & Humidity Sensor,2020/12/24 12:35 AM,48.2,78.0,41.7,46.4,,,30.2,,,,,,,,,,,,,
Back Fence,Temp & Humidity Sensor,2020/12/24 12:40 AM,48.3,79.0,42.1,46.5,,,30.2,,,,,,,,,,,,,
Back Fence,Temp & Humidity Sensor,2020/12/24 12:45 AM,48.5,78.0,42.0,46.7,,,30.19,,,,,,,,,,,,,
Back Fence,Temp & Humidity Sensor,2020/12/24 12:50 AM,48.7,78.0,42.2,46.9,,,30.19,,,,,,,,,,,,,
Back Fence,Temp & Humidity Sensor,2020/12/24 12:55 AM,48.9,78.0,42.3,47.2,,,30.18,,,,,,,,,,,,,
Back Fence,Temp & Humidity Sensor,2020/12/24 1:00 AM,49.1,78.0,42.5,47.4,,,30.18,,,,,,,,,,,,,
Back Fence,Temp & Humidity Sensor,2020/12/24 1:05 AM,49.2,78.0,42.6,47.5,,,30.17,,,,,,,,,,,,,
Back Fence,Temp & Humidity Sensor,2020/12/24 1:10 AM,49.4,78.0,42.8,47.7,,,30.17,,,,,,,,,,,,,
Back Fence,Temp & Humidity Sensor,2020/12/24 1:15 AM,49.2,78.0,42.6,47.5,,,30.17,,,,,,,,,,,,,
Back Fence,Temp & Humidity Sensor,2020/12/24 1:20 AM,49.4,78.0,42.8,47.7,,,30.17,,,,,,,,,,,,,
Back Fence,Temp & Humidity Sensor,2020/12/24 1:25 AM,49.4,78.0,42.8,47.7,,,30.16,,,,,,,,,,,,,
Back Fence,Temp & Humidity Sensor,2020/12/24 1:30 AM,49.4,78.0,42.8,47.7,,,30.16,,,,,,,,,,,,,
Back Fence,Temp & Humidity Sensor,2020/12/24 1:35 AM,49.4,78.0,42.8,47.7,,,30.16,,,,,,,,,,,,,
Back Fence,Temp & Humidity Sensor,2020/12/24 1:40 AM,49.6,78.0,43.0,47.9,,,30.15,,,,,,,,,,,,,
Back Fence,Temp & Humidity Sensor,2020/12/24 1:45 AM,49.6,78.0,43.0,47.9,,,30.15,,,,,,,,,,,,,
Back Fence,Temp & Humidity Sensor,2020/12/24 1:50 AM,49.6,78.0,43.0,47.9,,,30.15,,,,,,,,,,,,,
Back Fence,Temp & Humidity Sensor,2020/12/24 1:55 AM,49.4,78.0,42.8,47.7,,,30.15,,,,,,,,,,,,,
Back Fence,Temp & Humidity Sensor,2020/12/24 2:00 AM,49.4,79.0,43.2,47.8,,,30.15,,,,,,,,,,,,,
Back Fence,Temp & Humidity Sensor,2020/12/24 2:05 AM,49.2,79.0,43.0,47.5,,,30.14,,,,,,,,,,,,,
Back Fence,Temp & Humidity Sensor,2020/12/24 2:10 AM,49.4,79.0,43.2,47.8,,,30.14,,,,,,,,,,,,,
Back Fence,Temp & Humidity Sensor,2020/12/24 2:15 AM,49.4,79.0,43.2,47.8,,,30.14,,,,,,,,,,,,,
Back Fence,Temp & Humidity Sensor,2020/12/24 2:20 AM,49.6,79.0,43.4,48.0,,,30.14,,,,,,,,,,,,,
Back Fence,Temp & Humidity Sensor,2020/12/24 2:25 AM,49.6,79.0,43.4,48.0,,,30.13,,,,,,,,,,,,,
Back Fence,Temp & Humidity Sensor,2020/12/24 2:30 AM,49.6,79.0,43.4,48.0,,,30.13,,,,,,,,,,,,,
Back Fence,Temp & Humidity Sensor,2020/12/24 2:35 AM,49.8,79.0,43.6,48.2,,,30.13,,,,,,,,,,,,,
Back Fence,Temp & Humidity Sensor,2020/12/24 2:40 AM,50.1,79.0,43.8,48.5,,,30.13,,,,,,,,,,,,,
Back Fence,Temp & Humidity Sensor,2020/12/24 2:45 AM,50.3,79.0,44.0,48.7,,,30.12,,,,,,,,,,,,,
Back Fence,Temp & Humidity Sensor,2020/12/24 2:50 AM,50.3,79.0,44.0,48.7,,,30.12,,,,,,,,,,,,,
Back Fence,Temp & Humidity Sensor,2020/12/24 2:55 AM,50.3,79.0,44.0,48.7,,,30.11,,,,,,,,,,,,,
Back Fence,Temp & Humidity Sensor,2020/12/24 3:00 AM,50.3,80.0,44.4,48.8,,,30.11,,,,,,,,,,,,,
Back Fence,Temp & Humidity Sensor,2020/12/24 3:05 AM,50.7,80.0,44.8,49.2,,,30.11,,,,,,,,,,,,,
Back Fence,Temp & Humidity Sensor,2020/12/24 3:10 AM,50.9,80.0,45.0,49.5,,,30.1,,,,,,,,,,,,,
Back Fence,Temp & Humidity Sensor,2020/12/24 3:15 AM,51.0,81.0,45.4,49.6,,,30.1,,,,,,,,,,,,,
Back Fence,Temp & Humidity Sensor,2020/12/24 3:20 AM,51.2,81.0,45.6,49.8,,,30.09,,,,,,,,,,,,,
Back Fence,Temp & Humidity Sensor,2020/12/24 3:25 AM,51.2,81.0,45.6,49.8,,,30.09,,,,,,,,,,,,,
Back Fence,Temp & Humidity Sensor,2020/12/24 3:30 AM,51.4,81.0,45.8,50.0,,,30.09,,,,,,,,,,,,,
Back Fence,Temp & Humidity Sensor,2020/12/24 3:35 AM,51.6,81.0,46.0,50.3,,,30.09,,,,,,,,,,,,,
Back Fence,Temp & Humidity Sensor,2020/12/24 3:40 AM,51.8,81.0,46.2,50.5,,,30.09,,,,,,,,,,,,,
Back Fence,Temp & Humidity Sensor,2020/12/24 3:45 AM,51.8,81.0,46.2,50.5,,,30.09,,,,,,,,,,,,,
Back Fence,Temp & Humidity Sensor,2020/12/24 3:50 AM,51.8,81.0,46.2,50.5,,,30.08,,,,,,,,,,,,,
Back Fence,Temp & Humidity Sensor,2020/12/24 3:55 AM,51.8,81.0,46.2,50.5,,,30.08,,,,,,,,,,,,,
Back Fence,Temp & Humidity Sensor,2020/12/24 4:00 AM,52.1,81.0,46.4,50.8,,,30.07,,,,,,,,,,,,,
Back Fence,Temp & Humidity Sensor,2020/12/24 4:05 AM,52.1,82.0,46.8,50.9,,,30.07,,,,,,,,,,,,,
Back Fence,Temp & Humidity Sensor,2020/12/24 4:15 AM,51.9,82.0,46.6,50.6,,,30.07,,,,,,,,,,,,,
Back Fence,Temp & Humidity Sensor,2020/12/24 4:20 AM,51.8,82.0,46.5,50.5,,,30.06,,,,,,,,,,,,,
Back Fence,Temp & Humidity Sensor,2020/12/24 4:25 AM,51.9,82.0,46.6,50.6,,,30.06,,,,,,,,,,,,,
Back Fence,Temp & Humidity Sensor,2020/12/24 4:30 AM,51.9,82.0,46.6,50.6,,,30.06,,,,,,,,,,,,,
Back Fence,Temp & Humidity Sensor,2020/12/24 4:35 AM,51.8,83.0,46.8,50.6,,,30.05,,,,,,,,,,,,,
Back Fence,Temp & Humidity Sensor,2020/12/24 4:40 AM,51.6,83.0,46.6,50.4,,,30.06,,,,,,,,,,,,,
Back Fence,Temp & Humidity Sensor,2020/12/24 4:45 AM,51.8,83.0,46.8,50.6,,,30.06,,,,,,,,,,,,,
Back Fence,Temp & Humidity Sensor,2020/12/24 4:50 AM,51.8,83.0,46.8,50.6,,,30.05,,,,,,,,,,,,,
Back Fence,Temp & Humidity Sensor,2020/12/24 4:55 AM,51.9,83.0,46.9,50.7,,,30.05,,,,,,,,,,,,,
Back Fence,Temp & Humidity Sensor,2020/12/24 5:00 AM,51.9,83.0,46.9,50.7,,,30.05,,,,,,,,,,,,,
Back Fence,Temp & Humidity Sensor,2020/12/24 5:05 AM,51.6,84.0,46.9,50.4,,,30.05,,,,,,,,,,,,,
Back Fence,Temp & Humidity Sensor,2020/12/24 5:10 AM,51.6,84.0,46.9,50.4,,,30.05,,,,,,,,,,,,,
Back Fence,Temp & Humidity Sensor,2020/12/24 5:15 AM,51.8,84.0,47.1,50.6,,,30.05,,,,,,,,,,,,,
Back Fence,Temp & Humidity Sensor,2020/12/24 5:20 AM,52.1,84.0,47.4,51.0,,,30.04,,,,,,,,,,,,,
Back Fence,Temp & Humidity Sensor,2020/12/24 5:25 AM,52.1,84.0,47.4,51.0,,,30.04,,,,,,,,,,,,,
Back Fence,Temp & Humidity Sensor,2020/12/24 5:30 AM,52.1,84.0,47.4,51.0,,,30.04,,,,,,,,,,,,,
Back Fence,Temp & Humidity Sensor,2020/12/24 5:35 AM,52.1,84.0,47.4,51.0,,,30.04,,,,,,,,,,,,,
Back Fence,Temp & Humidity Sensor,2020/12/24 5:40 AM,52.1,85.0,47.7,51.0,,,30.03,,,,,,,,,,,,,
Back Fence,Temp & Humidity Sensor,2020/12/24 5:45 AM,52.3,85.0,47.9,51.2,,,30.03,,,,,,,,,,,,,
Back Fence,Temp & Humidity Sensor,2020/12/24 5:50 AM,52.3,85.0,47.9,51.2,,,30.03,,,,,,,,,,,,,
Back Fence,Temp & Humidity Sensor,2020/12/24 5:55 AM,53.0,86.0,48.9,52.0,,,30.03,,,,,,,,,,,,,
Back Fence,Temp & Humidity Sensor,2020/12/24 6:00 AM,53.4,85.0,49.0,52.4,,,30.03,,,,,,,,,,,,,
Back Fence,Temp & Humidity Sensor,2020/12/24 6:05 AM,53.4,86.0,49.3,52.5,,,30.03,,,,,,,,,,,,,
Back Fence,Temp & Humidity Sensor,2020/12/24 6:10 AM,53.9,85.0,49.5,53.0,,,30.03,,,,,,,,,,,,,
Back Fence,Temp & Humidity Sensor,2020/12/24 6:15 AM,53.4,86.0,49.3,52.5,,,30.03,,,,,,,,,,,,,
Back Fence,Temp & Humidity Sensor,2020/12/24 6:20 AM,53.2,88.0,49.7,52.4,,,30.03,,,,,,,,,,,,,
Back Fence,Temp & Humidity Sensor,2020/12/24 6:25 AM,53.0,88.0,49.5,52.1,,,30.04,,,,,,,,,,,,,
Back Fence,Temp & Humidity Sensor,2020/12/24 6:30 AM,52.7,91.0,50.1,51.9,,,30.05,,,,,,,,,,,,,
Back Fence,Temp & Humidity Sensor,2020/12/24 6:35 AM,52.7,90.0,49.8,51.9,,,30.04,,,,,,,,,,,,,
Back Fence,Temp & Humidity Sensor,2020/12/24 6:40 AM,52.8,90.0,49.9,52.0,,,30.04,,,,,,,,,,,,,
Back Fence,Temp & Humidity Sensor,2020/12/24 6:45 AM,53.2,91.0,50.6,52.5,,,30.04,,,,,,,,,,,,,
Back Fence,Temp & Humidity Sensor,2020/12/24 6:50 AM,53.6,91.0,51.0,52.9,,,30.03,,,,,,,,,,,,,
Back Fence,Temp & Humidity Sensor,2020/12/24 6:55 AM,53.7,91.0,51.1,53.0,,,30.04,,,,,,,,,,,,,
Back Fence,Temp & Humidity Sensor,2020/12/24 7:00 AM,53.9,92.0,51.6,53.3,,,30.03,,,,,,,,,,,,,
Back Fence,Temp & Humidity Sensor,2020/12/24 7:05 AM,54.1,92.0,51.8,53.5,,,30.03,,,,,,,,,,,,,
Back Fence,Temp & Humidity Sensor,2020/12/24 7:10 AM,54.1,92.0,51.8,53.5,,,30.03,,,,,,,,,,,,,
Back Fence,Temp & Humidity Sensor,2020/12/24 7:15 AM,53.9,93.0,51.9,53.4,,,30.02,,,,,,,,,,,,,
Back Fence,Temp & Humidity Sensor,2020/12/24 7:20 AM,53.9,93.0,51.9,53.4,,,30.03,,,,,,,,,,,,,
Back Fence,Temp & Humidity Sensor,2020/12/24 7:25 AM,53.9,93.0,51.9,53.4,,,30.03,,,,,,,,,,,,,
Back Fence,Temp & Humidity Sensor,2020/12/24 7:30 AM,54.3,93.0,52.3,53.8,,,30.02,,,,,,,,,,,,,
Back Fence,Temp & Humidity Sensor,2020/12/24 7:35 AM,54.5,93.0,52.5,54.0,,,30.03,,,,,,,,,,,,,
Back Fence,Temp & Humidity Sensor,2020/12/24 7:40 AM,54.6,93.0,52.6,54.1,,,30.02,,,,,,,,,,,,,
Back Fence,Temp & Humidity Sensor,2020/12/24 7:45 AM,54.6,93.0,52.6,54.1,,,30.02,,,,,,,,,,,,,
Back Fence,Temp & Humidity Sensor,2020/12/24 7:50 AM,54.6,93.0,52.6,54.1,,,30.01,,,,,,,,,,,,,
Back Fence,Temp & Humidity Sensor,2020/12/24 7:55 AM,54.6,93.0,52.6,54.1,,,30.01,,,,,,,,,,,,,
Back Fence,Temp & Humidity Sensor,2020/12/24 8:00 AM,54.5,93.0,52.5,54.0,,,30.0,,,,,,,,,,,,,
Back Fence,Temp & Humidity Sensor,2020/12/24 8:05 AM,54.6,93.0,52.6,54.1,,,30.0,,,,,,,,,,,,,
Back Fence,Temp & Humidity Sensor,2020/12/24 8:10 AM,54.5,93.0,52.5,54.0,,,30.0,,,,,,,,,,,,,
Back Fence,Temp & Humidity Sensor,2020/12/24 8:15 AM,54.3,93.0,52.3,53.8,,,30.01,,,,,,,,,,,,,
Back Fence,Temp & Humidity Sensor,2020/12/24 8:20 AM,54.5,93.0,52.5,54.0,,,30.01,,,,,,,,,,,,,
Back Fence,Temp & Humidity Sensor,2020/12/24 8:25 AM,54.5,94.0,52.8,54.1,,,30.0,,,,,,,,,,,,,
Back Fence,Temp & Humidity Sensor,2020/12/24 8:30 AM,54.5,94.0,52.8,54.1,,,30.0,,,,,,,,,,,,,
Back Fence,Temp & Humidity Sensor,2020/12/24 8:35 AM,54.5,94.0,52.8,54.1,,,29.98,,,,,,,,,,,,,
Back Fence,Temp & Humidity Sensor,2020/12/24 8:40 AM,54.5,94.0,52.8,54.1,,,29.98,,,,,,,,,,,,,
Back Fence,Temp & Humidity Sensor,2020/12/24 8:45 AM,54.6,94.0,52.9,54.2,,,29.98,,,,,,,,,,,,,
Back Fence,Temp & Humidity Sensor,2020/12/24 8:50 AM,54.6,95.0,53.2,54.2,,,29.98,,,,,,,,,,,,,
Back Fence,Temp & Humidity Sensor,2020/12/24 8:55 AM,54.8,95.0,53.4,54.4,,,30.0,,,,,,,,,,,,,
Back Fence,Temp & Humidity Sensor,2020/12/24 9:00 AM,55.0,95.0,53.6,54.7,,,29.99,,,,,,,,,,,,,
Back Fence,Temp & Humidity Sensor,2020/12/24 9:05 AM,55.0,95.0,53.6,54.7,,,29.99,,,,,,,,,,,,,
Back Fence,Temp & Humidity Sensor,2020/12/24 9:10 AM,55.0,95.0,53.6,54.7,,,29.99,,,,,,,,,,,,,
Back Fence,Temp & Humidity Sensor,2020/12/24 9:15 AM,55.0,95.0,53.6,54.7,,,29.99,,,,,,,,,,,,,
Back Fence,Temp & Humidity Sensor,2020/12/24 9:20 AM,55.0,95.0,53.6,54.7,,,29.98,,,,,,,,,,,,,
Back Fence,Temp & Humidity Sensor,2020/12/24 9:25 AM,55.0,95.0,53.6,54.7,,,29.98,,,,,,,,,,,,,
Back Fence,Temp & Humidity Sensor,2020/12/24 9:30 AM,55.2,95.0,53.8,54.9,,,29.98,,,,,,,,,,,,,
Back Fence,Temp & Humidity Sensor,2020/12/24 9:35 AM,55.2,95.0,53.8,54.9,,,29.98,,,,,,,,,,,,,
Back Fence,Temp & Humidity Sensor,2020/12/24 9:40 AM,55.2,95.0,53.8,54.9,,,29.97,,,,,,,,,,,,,
Back Fence,Temp & Humidity Sensor,2020/12/24 9:45 AM,55.4,94.0,53.7,55.1,,,29.97,,,,,,,,,,,,,
Back Fence,Temp & Humidity Sensor,2020/12/24 9:50 AM,55.4,94.0,53.7,55.1,,,29.97,,,,,,,,,,,,,
Back Fence,Temp & Humidity Sensor,2020/12/24 9:55 AM,55.5,94.0,53.8,55.2,,,29.97,,,,,,,,,,,,,
Back Fence,Temp & Humidity Sensor,2020/12/24 10:00 AM,55.7,94.0,54.0,55.4,,,29.96,,,,,,,,,,,,,
Back Fence,Temp & Humidity Sensor,2020/12/24 10:05 AM,55.9,94.0,54.2,55.6,,,29.95,,,,,,,,,,,,,
Back Fence,Temp & Humidity Sensor,2020/12/24 10:10 AM,56.1,94.0,54.4,55.8,,,29.95,,,,,,,,,,,,,
Back Fence,Temp & Humidity Sensor,2020/12/24 10:15 AM,56.1,95.0,54.7,55.9,,,29.94,,,,,,,,,,,,,
Back Fence,Temp & Humidity Sensor,2020/12/24 10:20 AM,56.4,95.0,55.0,56.2,,,29.94,,,,,,,,,,,,,
Back Fence,Temp & Humidity Sensor,2020/12/24 10:25 AM,56.6,95.0,55.2,56.4,,,29.94,,,,,,,,,,,,,
Back Fence,Temp & Humidity Sensor,2020/12/24 10:30 AM,57.0,95.0,55.6,56.9,,,29.94,,,,,,,,,,,,,
Back Fence,Temp & Humidity Sensor,2020/12/24 10:35 AM,57.2,94.0,55.5,57.0,,,29.94,,,,,,,,,,,,,
Back Fence,Temp & Humidity Sensor,2020/12/24 10:40 AM,57.2,94.0,55.5,57.0,,,29.94,,,,,,,,,,,,,
Back Fence,Temp & Humidity Sensor,2020/12/24 10:45 AM,57.3,94.0,55.6,57.1,,,29.93,,,,,,,,,,,,,
Back Fence,Temp & Humidity Sensor,2020/12/24 10:50 AM,57.9,94.0,56.2,57.8,,,29.93,,,,,,,,,,,,,
Back Fence,Temp & Humidity Sensor,2020/12/24 10:55 AM,58.2,94.0,56.5,58.1,,,29.92,,,,,,,,,,,,,
Back Fence,Temp & Humidity Sensor,2020/12/24 11:00 AM,58.2,94.0,56.5,58.1,,,29.91,,,,,,,,,,,,,
Back Fence,Temp & Humidity Sensor,2020/12/24 11:05 AM,58.4,94.0,56.7,58.4,,,29.91,,,,,,,,,,,,,
Back Fence,Temp & Humidity Sensor,2020/12/24 11:10 AM,58.6,95.0,57.2,58.6,,,29.91,,,,,,,,,,,,,
Back Fence,Temp & Humidity Sensor,2020/12/24 11:15 AM,59.1,94.0,57.4,59.1,,,29.9,,,,,,,,,,,,,
Back Fence,Temp & Humidity Sensor,2020/12/24 11:20 AM,59.3,94.0,57.6,59.3,,,29.89,,,,,,,,,,,,,
Back Fence,Temp & Humidity Sensor,2020/12/24 11:25 AM,59.3,94.0,57.6,59.3,,,29.88,,,,,,,,,,,,,
Back Fence,Temp & Humidity Sensor,2020/12/24 11:30 AM,59.1,94.0,57.4,59.1,,,29.88,,,,,,,,,,,,,
Back Fence,Temp & Humidity Sensor,2020/12/24 11:35 AM,59.3,94.0,57.6,59.3,,,29.88,,,,,,,,,,,,,
Back Fence,Temp & Humidity Sensor,2020/12/24 11:40 AM,59.1,94.0,57.4,59.1,,,29.87,,,,,,,,,,,,,
Back Fence,Temp & Humidity Sensor,2020/12/24 11:45 AM,59.1,94.0,57.4,59.1,,,29.87,,,,,,,,,,,,,
Back Fence,Temp & Humidity Sensor,2020/12/24 11:50 AM,59.0,94.0,57.3,59.0,,,29.85,,,,,,,,,,,,,
Back Fence,Temp & Humidity Sensor,2020/12/24 11:55 AM,59.1,94.0,57.4,59.1,,,29.85,,,,,,,,,,,,,
Back Fence,Temp & Humidity Sensor,2020/12/24 12:00 PM,59.0,94.0,57.3,59.0,,,29.85,,,,,,,,,,,,,
Back Fence,Temp & Humidity Sensor,2020/12/24 12:05 PM,59.3,94.0,57.6,59.3,,,29.85,,,,,,,,,,,,,
Back Fence,Temp & Humidity Sensor,2020/12/24 12:10 PM,59.3,95.0,57.9,59.4,,,29.84,,,,,,,,,,,,,
Back Fence,Temp & Humidity Sensor,2020/12/24 12:15 PM,59.3,95.0,57.9,59.4,,,29.84,,,,,,,,,,,,,
Back Fence,Temp & Humidity Sensor,2020/12/24 12:20 PM,59.7,95.0,58.3,59.8,,,29.83,,,,,,,,,,,,,
Back Fence,Temp & Humidity Sensor,2020/12/24 12:25 PM,59.7,95.0,58.3,59.8,,,29.83,,,,,,,,,,,,,
Back Fence,Temp & Humidity Sensor,2020/12/24 12:30 PM,59.7,95.0,58.3,59.8,,,29.82,,,,,,,,,,,,,
Back Fence,Temp & Humidity Sensor,2020/12/24 12:35 PM,59.7,95.0,58.3,59.8,,,29.82,,,,,,,,,,,,,
Back Fence,Temp & Humidity Sensor,2020/12/24 12:40 PM,60.0,95.0,58.6,60.2,,,29.82,,,,,,,,,,,,,
Back Fence,Temp & Humidity Sensor,2020/12/24 12:45 PM,60.2,95.0,58.8,60.4,,,29.81,,,,,,,,,,,,,
Back Fence,Temp & Humidity Sensor,2020/12/24 12:50 PM,60.4,95.0,59.0,60.6,,,29.8,,,,,,,,,,,,,
Back Fence,Temp & Humidity Sensor,2020/12/24 12:55 PM,60.4,95.0,59.0,60.6,,,29.8,,,,,,,,,,,,,
Back Fence,Temp & Humidity Sensor,2020/12/24 1:00 PM,60.4,95.0,59.0,60.6,,,29.8,,,,,,,,,,,,,
Back Fence,Temp & Humidity Sensor,2020/12/24 1:05 PM,60.4,95.0,59.0,60.6,,,29.8,,,,,,,,,,,,,
Back Fence,Temp & Humidity Sensor,2020/12/24 1:10 PM,60.2,95.0,58.8,60.4,,,29.8,,,,,,,,,,,,,
Back Fence,Temp & Humidity Sensor,2020/12/24 1:15 PM,60.0,95.0,58.6,60.2,,,29.79,,,,,,,,,,,,,
Back Fence,Temp & Humidity Sensor,2020/12/24 1:20 PM,60.2,95.0,58.8,60.4,,,29.79,,,,,,,,,,,,,
Back Fence,Temp & Humidity Sensor,2020/12/24 1:25 PM,60.4,95.0,59.0,60.6,,,29.79,,,,,,,,,,,,,
Back Fence,Temp & Humidity Sensor,2020/12/24 1:30 PM,60.8,95.0,59.4,61.0,,,29.78,,,,,,,,,,,,,
Back Fence,Temp & Humidity Sensor,2020/12/24 1:35 PM,60.8,95.0,59.4,61.0,,,29.78,,,,,,,,,,,,,
Back Fence,Temp & Humidity Sensor,2020/12/24 1:40 PM,60.8,95.0,59.4,61.0,,,29.78,,,,,,,,,,,,,
Back Fence,Temp & Humidity Sensor,2020/12/24 1:45 PM,60.8,95.0,59.4,61.0,,,29.78,,,,,,,,,,,,,
Back Fence,Temp & Humidity Sensor,2020/12/24 1:50 PM,60.8,95.0,59.4,61.0,,,29.79,,,,,,,,,,,,,
Back Fence,Temp & Humidity Sensor,2020/12/24 1:55 PM,60.9,95.0,59.5,61.2,,,29.79,,,,,,,,,,,,,
Back Fence,Temp & Humidity Sensor,2020/12/24 2:00 PM,61.1,95.0,59.7,61.4,,,29.79,,,,,,,,,,,,,
Back Fence,Temp & Humidity Sensor,2020/12/24 2:05 PM,61.3,95.0,59.9,61.6,,,29.78,,,,,,,,,,,,,
Back Fence,Temp & Humidity Sensor,2020/12/24 2:10 PM,61.5,95.0,60.1,61.8,,,29.78,,,,,,,,,,,,,
Back Fence,Temp & Humidity Sensor,2020/12/24 2:15 PM,61.7,95.0,60.3,62.0,,,29.78,,,,,,,,,,,,,
Back Fence,Temp & Humidity Sensor,2020/12/24 2:20 PM,61.8,95.0,60.4,62.1,,,29.78,,,,,,,,,,,,,
Back Fence,Temp & Humidity Sensor,2020/12/24 2:25 PM,61.8,95.0,60.4,62.1,,,29.77,,,,,,,,,,,,,
Back Fence,Temp & Humidity Sensor,2020/12/24 2:30 PM,61.8,95.0,60.4,62.1,,,29.76,,,,,,,,,,,,,
Back Fence,Temp & Humidity Sensor,2020/12/24 2:35 PM,62.0,95.0,60.5,62.4,,,29.76,,,,,,,,,,,,,
Back Fence,Temp & Humidity Sensor,2020/12/24 2:40 PM,62.0,95.0,60.5,62.4,,,29.75,,,,,,,,,,,,,
Back Fence,Temp & Humidity Sensor,2020/12/24 2:45 PM,62.0,95.0,60.5,62.4,,,29.74,,,,,,,,,,,,,
Back Fence,Temp & Humidity Sensor,2020/12/24 2:50 PM,62.0,95.0,60.5,62.4,,,29.74,,,,,,,,,,,,,
Back Fence,Temp & Humidity Sensor,2020/12/24 2:55 PM,62.2,95.0,60.7,62.6,,,29.74,,,,,,,,,,,,,
Back Fence,Temp & Humidity Sensor,2020/12/24 3:00 PM,62.0,95.0,60.5,62.4,,,29.74,,,,,,,,,,,,,
Back Fence,Temp & Humidity Sensor,2020/12/24 3:05 PM,62.0,95.0,60.5,62.4,,,29.74,,,,,,,,,,,,,
Back Fence,Temp & Humidity Sensor,2020/12/24 3:10 PM,62.4,95.0,60.9,62.8,,,29.74,,,,,,,,,,,,,
Back Fence,Temp & Humidity Sensor,2020/12/24 3:15 PM,62.4,95.0,60.9,62.8,,,29.73,,,,,,,,,,,,,
Back Fence,Temp & Humidity Sensor,2020/12/24 3:20 PM,62.4,95.0,60.9,62.8,,,29.73,,,,,,,,,,,,,
Back Fence,Temp & Humidity Sensor,2020/12/24 3:25 PM,62.2,95.0,60.7,62.6,,,29.73,,,,,,,,,,,,,
Back Fence,Temp & Humidity Sensor,2020/12/24 3:30 PM,62.2,95.0,60.7,62.6,,,29.72,,,,,,,,,,,,,
Back Fence,Temp & Humidity Sensor,2020/12/24 3:35 PM,62.2,95.0,60.7,62.6,,,29.72,,,,,,,,,,,,,
Back Fence,Temp & Humidity Sensor,2020/12/24 3:40 PM,62.0,95.0,60.5,62.4,,,29.71,,,,,,,,,,,,,
Back Fence,Temp & Humidity Sensor,2020/12/24 3:45 PM,62.0,95.0,60.5,62.4,,,29.7,,,,,,,,,,,,,
Back Fence,Temp & Humidity Sensor,2020/12/24 3:50 PM,61.8,95.0,60.4,62.1,,,29.7,,,,,,,,,,,,,
Back Fence,Temp & Humidity Sensor,2020/12/24 3:55 PM,61.8,95.0,60.4,62.1,,,29.7,,,,,,,,,,,,,
Back Fence,Temp & Humidity Sensor,2020/12/24 4:00 PM,61.7,95.0,60.3,62.0,,,29.69,,,,,,,,,,,,,
Back Fence,Temp & Humidity Sensor,2020/12/24 4:05 PM,61.7,95.0,60.3,62.0,,,29.69,,,,,,,,,,,,,
Back Fence,Temp & Humidity Sensor,2020/12/24 4:10 PM,61.7,95.0,60.3,62.0,,,29.69,,,,,,,,,,,,,
Back Fence,Temp & Humidity Sensor,2020/12/24 4:15 PM,61.7,95.0,60.3,62.0,,,29.69,,,,,,,,,,,,,
Back Fence,Temp & Humidity Sensor,2020/12/24 4:20 PM,61.7,95.0,60.3,62.0,,,29.69,,,,,,,,,,,,,
Back Fence,Temp & Humidity Sensor,2020/12/24 4:25 PM,61.7,95.0,60.3,62.0,,,29.69,,,,,,,,,,,,,
Back Fence,Temp & Humidity Sensor,2020/12/24 4:30 PM,61.5,95.0,60.1,61.8,,,29.69,,,,,,,,,,,,,
Back Fence,Temp & Humidity Sensor,2020/12/24 4:35 PM,61.3,95.0,59.9,61.6,,,29.68,,,,,,,,,,,,,
Back Fence,Temp & Humidity Sensor,2020/12/24 4:40 PM,61.5,95.0,60.1,61.8,,,29.68,,,,,,,,,,,,,
Back Fence,Temp & Humidity Sensor,2020/12/24 4:45 PM,61.5,95.0,60.1,61.8,,,29.68,,,,,,,,,,,,,
Back Fence,Temp & Humidity Sensor,2020/12/24 4:50 PM,61.5,95.0,60.1,61.8,,,29.68,,,,,,,,,,,,,
Back Fence,Temp & Humidity Sensor,2020/12/24 4:55 PM,61.8,95.0,60.4,62.1,,,29.67,,,,,,,,,,,,,
Back Fence,Temp & Humidity Sensor,2020/12/24 5:00 PM,61.5,95.0,60.1,61.8,,,29.66,,,,,,,,,,,,,
Back Fence,Temp & Humidity Sensor,2020/12/24 5:05 PM,61.1,95.0,59.7,61.4,,,29.67,,,,,,,,,,,,,
Back Fence,Temp & Humidity Sensor,2020/12/24 5:10 PM,61.5,95.0,60.1,61.8,,,29.66,,,,,,,,,,,,,
Back Fence,Temp & Humidity Sensor,2020/12/24 5:15 PM,61.7,95.0,60.3,62.0,,,29.66,,,,,,,,,,,,,
Back Fence,Temp & Humidity Sensor,2020/12/24 5:20 PM,61.3,95.0,59.9,61.6,,,29.65,,,,,,,,,,,,,
Back Fence,Temp & Humidity Sensor,2020/12/24 5:25 PM,61.1,95.0,59.7,61.4,,,29.65,,,,,,,,,,,,,
Back Fence,Temp & Humidity Sensor,2020/12/24 5:30 PM,61.3,96.0,60.1,61.6,,,29.64,,,,,,,,,,,,,
Back Fence,Temp & Humidity Sensor,2020/12/24 5:35 PM,61.3,95.0,59.9,61.6,,,29.64,,,,,,,,,,,,,
Back Fence,Temp & Humidity Sensor,2020/12/24 5:40 PM,61.5,96.0,60.3,61.9,,,29.64,,,,,,,,,,,,,
Back Fence,Temp & Humidity Sensor,2020/12/24 5:45 PM,61.5,96.0,60.3,61.9,,,29.63,,,,,,,,,,,,,
Back Fence,Temp & Humidity Sensor,2020/12/24 5:50 PM,61.7,96.0,60.5,62.1,,,29.62,,,,,,,,,,,,,
Back Fence,Temp & Humidity Sensor,2020/12/24 5:55 PM,61.7,96.0,60.5,62.1,,,29.62,,,,,,,,,,,,,
Back Fence,Temp & Humidity Sensor,2020/12/24 6:00 PM,61.7,96.0,60.5,62.1,,,29.61,,,,,,,,,,,,,
Back Fence,Temp & Humidity Sensor,2020/12/24 6:05 PM,61.3,95.0,59.9,61.6,,,29.61,,,,,,,,,,,,,
Back Fence,Temp & Humidity Sensor,2020/12/24 6:10 PM,61.5,95.0,60.1,61.8,,,29.6,,,,,,,,,,,,,
Back Fence,Temp & Humidity Sensor,2020/12/24 6:15 PM,61.5,96.0,60.3,61.9,,,29.6,,,,,,,,,,,,,
Back Fence,Temp & Humidity Sensor,2020/12/24 6:20 PM,61.3,95.0,59.9,61.6,,,29.6,,,,,,,,,,,,,
Back Fence,Temp & Humidity Sensor,2020/12/24 6:25 PM,61.3,95.0,59.9,61.6,,,29.6,,,,,,,,,,,,,
Back Fence,Temp & Humidity Sensor,2020/12/24 6:30 PM,61.5,96.0,60.3,61.9,,,29.59,,,,,,,,,,,,,
Back Fence,Temp & Humidity Sensor,2020/12/24 6:35 PM,61.5,96.0,60.3,61.9,,,29.59,,,,,,,,,,,,,
Back Fence,Temp & Humidity Sensor,2020/12/24 6:40 PM,61.1,95.0,59.7,61.4,,,29.59,,,,,,,,,,,,,
Back Fence,Temp & Humidity Sensor,2020/12/24 6:45 PM,60.8,95.0,59.4,61.0,,,29.6,,,,,,,,,,,,,
Back Fence,Temp & Humidity Sensor,2020/12/24 6:50 PM,59.3,96.0,58.2,59.4,,,29.6,,,,,,,,,,,,,
Back Fence,Temp & Humidity Sensor,2020/12/24 6:55 PM,59.1,96.0,58.0,59.2,,,29.59,,,,,,,,,,,,,
Back Fence,Temp & Humidity Sensor,2020/12/24 7:00 PM,59.1,96.0,58.0,59.2,,,29.6,,,,,,,,,,,,,
Back Fence,Temp & Humidity Sensor,2020/12/24 7:05 PM,59.1,96.0,58.0,59.2,,,29.6,,,,,,,,,,,,,
Back Fence,Temp & Humidity Sensor,2020/12/24 7:10 PM,59.1,96.0,58.0,59.2,,,29.6,,,,,,,,,,,,,
Back Fence,Temp & Humidity Sensor,2020/12/24 7:15 PM,59.1,96.0,58.0,59.2,,,29.6,,,,,,,,,,,,,
Back Fence,Temp & Humidity Sensor,2020/12/24 7:20 PM,59.1,96.0,58.0,59.2,,,29.6,,,,,,,,,,,,,
Back Fence,Temp & Humidity Sensor,2020/12/24 7:25 PM,59.1,96.0,58.0,59.2,,,29.59,,,,,,,,,,,,,
Back Fence,Temp & Humidity Sensor,2020/12/24 7:30 PM,59.0,96.0,57.9,59.1,,,29.58,,,,,,,,,,,,,
Back Fence,Temp & Humidity Sensor,2020/12/24 7:35 PM,58.8,97.0,57.9,58.9,,,29.58,,,,,,,,,,,,,
Back Fence,Temp & Humidity Sensor,2020/12/24 7:40 PM,58.6,97.0,57.8,58.7,,,29.59,,,,,,,,,,,,,
Back Fence,Temp & Humidity Sensor,2020/12/24 7:45 PM,58.6,97.0,57.8,58.7,,,29.58,,,,,,,,,,,,,
Back Fence,Temp & Humidity Sensor,2020/12/24 7:50 PM,58.6,97.0,57.8,58.7,,,29.57,,,,,,,,,,,,,
Back Fence,Temp & Humidity Sensor,2020/12/24 7:55 PM,58.4,97.0,57.6,58.5,,,29.57,,,,,,,,,,,,,
Back Fence,Temp & Humidity Sensor,2020/12/24 8:00 PM,58.4,97.0,57.6,58.5,,,29.56,,,,,,,,,,,,,
Back Fence,Temp & Humidity Sensor,2020/12/24 8:05 PM,58.4,97.0,57.6,58.5,,,29.55,,,,,,,,,,,,,
Back Fence,Temp & Humidity Sensor,2020/12/24 8:10 PM,58.6,97.0,57.8,58.7,,,29.55,,,,,,,,,,,,,
Back Fence,Temp & Humidity Sensor,2020/12/24 8:15 PM,58.6,97.0,57.8,58.7,,,29.56,,,,,,,,,,,,,
Back Fence,Temp & Humidity Sensor,2020/12/24 8:20 PM,58.4,97.0,57.6,58.5,,,29.55,,,,,,,,,,,,,
Back Fence,Temp & Humidity Sensor,2020/12/24 8:25 PM,58.6,97.0,57.8,58.7,,,29.55,,,,,,,,,,,,,
Back Fence,Temp & Humidity Sensor,2020/12/24 8:30 PM,58.8,97.0,57.9,58.9,,,29.56,,,,,,,,,,,,,
Back Fence,Temp & Humidity Sensor,2020/12/24 8:35 PM,58.8,97.0,57.9,58.9,,,29.56,,,,,,,,,,,,,
Back Fence,Temp & Humidity Sensor,2020/12/24 8:40 PM,58.6,97.0,57.8,58.7,,,29.56,,,,,,,,,,,,,
Back Fence,Temp & Humidity Sensor,2020/12/24 8:45 PM,58.4,97.0,57.6,58.5,,,29.57,,,,,,,,,,,,,
Back Fence,Temp & Humidity Sensor,2020/12/24 8:50 PM,58.4,97.0,57.6,58.5,,,29.56,,,,,,,,,,,,,
Back Fence,Temp & Humidity Sensor,2020/12/24 8:55 PM,58.4,97.0,57.6,58.5,,,29.56,,,,,,,,,,,,,
Back Fence,Temp & Humidity Sensor,2020/12/24 9:00 PM,58.2,97.0,57.4,58.3,,,29.56,,,,,,,,,,,,,
Back Fence,Temp & Humidity Sensor,2020/12/24 9:05 PM,58.1,97.0,57.3,58.2,,,29.56,,,,,,,,,,,,,
Back Fence,Temp & Humidity Sensor,2020/12/24 9:10 PM,57.9,97.0,57.1,57.9,,,29.56,,,,,,,,,,,,,
Back Fence,Temp & Humidity Sensor,2020/12/24 9:15 PM,57.9,97.0,57.1,57.9,,,29.57,,,,,,,,,,,,,
Back Fence,Temp & Humidity Sensor,2020/12/24 9:20 PM,57.7,97.0,56.9,57.7,,,29.57,,,,,,,,,,,,,
Back Fence,Temp & Humidity Sensor,2020/12/24 9:25 PM,57.5,97.0,56.7,57.5,,,29.56,,,,,,,,,,,,,
Back Fence,Temp & Humidity Sensor,2020/12/24 9:30 PM,57.5,97.0,56.7,57.5,,,29.56,,,,,,,,,,,,,
Back Fence,Temp & Humidity Sensor,2020/12/24 9:35 PM,57.5,97.0,56.7,57.5,,,29.56,,,,,,,,,,,,,
Back Fence,Temp & Humidity Sensor,2020/12/24 9:40 PM,57.3,97.0,56.5,57.3,,,29.57,,,,,,,,,,,,,
Back Fence,Temp & Humidity Sensor,2020/12/24 9:45 PM,57.3,97.0,56.5,57.3,,,29.57,,,,,,,,,,,,,
Back Fence,Temp & Humidity Sensor,2020/12/24 9:50 PM,57.2,97.0,56.4,57.2,,,29.56,,,,,,,,,,,,,
Back Fence,Temp & Humidity Sensor,2020/12/24 9:55 PM,57.2,97.0,56.4,57.2,,,29.56,,,,,,,,,,,,,
Back Fence,Temp & Humidity Sensor,2020/12/24 10:00 PM,57.0,97.0,56.2,57.0,,,29.56,,,,,,,,,,,,,
Back Fence,Temp & Humidity Sensor,2020/12/24 10:05 PM,57.0,97.0,56.2,57.0,,,29.57,,,,,,,,,,,,,
Back Fence,Temp & Humidity Sensor,2020/12/24 10:10 PM,56.8,97.0,56.0,56.7,,,29.56,,,,,,,,,,,,,
Back Fence,Temp & Humidity Sensor,2020/12/24 10:15 PM,56.6,97.0,55.8,56.5,,,29.56,,,,,,,,,,,,,
Back Fence,Temp & Humidity Sensor,2020/12/24 10:20 PM,56.6,97.0,55.8,56.5,,,29.55,,,,,,,,,,,,,
Back Fence,Temp & Humidity Sensor,2020/12/24 10:25 PM,56.6,97.0,55.8,56.5,,,29.55,,,,,,,,,,,,,
Back Fence,Temp & Humidity Sensor,2020/12/24 10:30 PM,56.8,97.0,56.0,56.7,,,29.55,,,,,,,,,,,,,
Back Fence,Temp & Humidity Sensor,2020/12/24 10:35 PM,56.6,97.0,55.8,56.5,,,29.55,,,,,,,,,,,,,
Back Fence,Temp & Humidity Sensor,2020/12/24 10:40 PM,56.4,97.0,55.6,56.3,,,29.55,,,,,,,,,,,,,
Back Fence,Temp & Humidity Sensor,2020/12/24 10:45 PM,56.4,97.0,55.6,56.3,,,29.55,,,,,,,,,,,,,
Back Fence,Temp & Humidity Sensor,2020/12/24 10:50 PM,56.3,97.0,55.5,56.2,,,29.55,,,,,,,,,,,,,
Back Fence,Temp & Humidity Sensor,2020/12/24 10:55 PM,56.3,97.0,55.5,56.2,,,29.54,,,,,,,,,,,,,
Back Fence,Temp & Humidity Sensor,2020/12/24 11:00 PM,56.1,97.0,55.3,56.0,,,29.54,,,,,,,,,,,,,
Back Fence,Temp & Humidity Sensor,2020/12/24 11:05 PM,56.1,97.0,55.3,56.0,,,29.54,,,,,,,,,,,,,
Back Fence,Temp & Humidity Sensor,2020/12/24 11:10 PM,56.1,97.0,55.3,56.0,,,29.54,,,,,,,,,,,,,
Back Fence,Temp & Humidity Sensor,2020/12/24 11:15 PM,56.1,97.0,55.3,56.0,,,29.54,,,,,,,,,,,,,
Back Fence,Temp & Humidity Sensor,2020/12/24 11:20 PM,55.9,97.0,55.1,55.7,,,29.54,,,,,,,,,,,,,
Back Fence,Temp & Humidity Sensor,2020/12/24 11:25 PM,55.9,97.0,55.1,55.7,,,29.54,,,,,,,,,,,,,
Back Fence,Temp & Humidity Sensor,2020/12/24 11:30 PM,55.7,97.0,54.9,55.5,,,29.53,,,,,,,,,,,,,
Back Fence,Temp & Humidity Sensor,2020/12/24 11:35 PM,55.5,97.0,54.7,55.3,,,29.53,,,,,,,,,,,,,
Back Fence,Temp & Humidity Sensor,2020/12/24 11:40 PM,55.4,97.0,54.6,55.2,,,29.53,,,,,,,,,,,,,
Back Fence,Temp & Humidity Sensor,2020/12/24 11:45 PM,54.8,98.0,54.2,54.6,,,29.54,,,,,,,,,,,,,
Back Fence,Temp & Humidity Sensor,2020/12/24 11:50 PM,54.6,98.0,54.0,54.4,,,29.54,,,,,,,,,,,,,
Back Fence,Temp & Humidity Sensor,2020/12/24 11:55 PM,54.5,98.0,53.9,54.3,,,29.55,,,,,,,,,,,,,
Back Fence,Temp & Humidity Sensor,2020/12/25 12:00 AM,53.2,98.0,52.6,52.8,,,29.54,,,,,,,,,,,,,
Back Fence,Temp & Humidity Sensor,2020/12/25 12:05 AM,52.1,98.0,51.6,51.6,,,29.55,,,,,,,,,,,,,
Back Fence,Temp & Humidity Sensor,2020/12/25 12:10 AM,51.6,98.0,51.1,51.1,,,29.54,,,,,,,,,,,,,
Back Fence,Temp & Humidity Sensor,2020/12/25 12:15 AM,51.2,98.0,50.7,50.6,,,29.54,,,,,,,,,,,,,
Back Fence,Temp & Humidity Sensor,2020/12/25 12:20 AM,50.9,98.0,50.4,50.3,,,29.56,,,,,,,,,,,,,
Back Fence,Temp & Humidity Sensor,2020/12/25 12:25 AM,50.9,98.0,50.4,50.3,,,29.54,,,,,,,,,,,,,
Back Fence,Temp & Humidity Sensor,2020/12/25 12:30 AM,50.9,98.0,50.4,50.3,,,29.53,,,,,,,,,,,,,
Back Fence,Temp & Humidity Sensor,2020/12/25 12:35 AM,50.7,98.0,50.2,50.1,,,29.52,,,,,,,,,,,,,
Back Fence,Temp & Humidity Sensor,2020/12/25 12:40 AM,49.6,99.0,49.3,48.9,,,29.56,,,,,,,,,,,,,
Back Fence,Temp & Humidity Sensor,2020/12/25 12:45 AM,47.4,99.0,47.1,46.5,,,29.55,,,,,,,,,,,,,
Back Fence,Temp & Humidity Sensor,2020/12/25 12:50 AM,46.5,98.0,46.0,45.5,,,29.57,,,,,,,,,,,,,
Back Fence,Temp & Humidity Sensor,2020/12/25 12:55 AM,44.7,98.0,44.2,43.5,,,29.56,,,,,,,,,,,,,
Back Fence,Temp & Humidity Sensor,2020/12/25 1:00 AM,44.2,99.0,43.9,43.0,,,29.57,,,,,,,,,,,,,
Back Fence,Temp & Humidity Sensor,2020/12/25 1:05 AM,43.8,99.0,43.5,42.5,,,29.57,,,,,,,,,,,,,
Back Fence,Temp & Humidity Sensor,2020/12/25 1:10 AM,43.7,99.0,43.4,42.4,,,29.58,,,,,,,,,,,,,
Back Fence,Temp & Humidity Sensor,2020/12/25 1:15 AM,42.8,99.0,42.5,41.4,,,29.59,,,,,,,,,,,,,
Back Fence,Temp & Humidity Sensor,2020/12/25 1:20 AM,42.8,99.0,42.5,41.4,,,29.59,,,,,,,,,,,,,
Back Fence,Temp & Humidity Sensor,2020/12/25 1:25 AM,42.6,99.0,42.3,41.2,,,29.59,,,,,,,,,,,,,
Back Fence,Temp & Humidity Sensor,2020/12/25 1:30 AM,42.2,99.0,41.9,40.8,,,29.59,,,,,,,,,,,,,
Back Fence,Temp & Humidity Sensor,2020/12/25 1:35 AM,42.0,99.0,41.7,40.6,,,29.59,,,,,,,,,,,,,
Back Fence,Temp & Humidity Sensor,2020/12/25 1:40 AM,41.9,99.0,41.6,40.4,,,29.6,,,,,,,,,,,,,
Back Fence,Temp & Humidity Sensor,2020/12/25 1:45 AM,41.3,99.0,41.0,39.8,,,29.61,,,,,,,,,,,,,
Back Fence,Temp & Humidity Sensor,2020/12/25 1:50 AM,40.8,99.0,40.5,39.2,,,29.6,,,,,,,,,,,,,
Back Fence,Temp & Humidity Sensor,2020/12/25 1:55 AM,40.4,99.0,40.1,38.8,,,29.61,,,,,,,,,,,,,
Back Fence,Temp & Humidity Sensor,2020/12/25 2:00 AM,40.2,99.0,39.9,38.6,,,29.61,,,,,,,,,,,,,
Back Fence,Temp & Humidity Sensor,2020/12/25 2:05 AM,40.2,99.0,39.9,38.6,,,29.61,,,,,,,,,,,,,
Back Fence,Temp & Humidity Sensor,2020/12/25 2:10 AM,40.1,99.0,39.8,38.5,,,29.62,,,,,,,,,,,,,
Back Fence,Temp & Humidity Sensor,2020/12/25 2:15 AM,40.1,99.0,39.8,38.5,,,29.63,,,,,,,,,,,,,
Back Fence,Temp & Humidity Sensor,2020/12/25 2:20 AM,40.1,99.0,39.8,38.5,,,29.62,,,,,,,,,,,,,
Back Fence,Temp & Humidity Sensor,2020/12/25 2:25 AM,39.7,99.0,39.4,39.7,,,29.63,,,,,,,,,,,,,
Back Fence,Temp & Humidity Sensor,2020/12/25 2:30 AM,39.7,99.0,39.4,39.7,,,29.63,,,,,,,,,,,,,
Back Fence,Temp & Humidity Sensor,2020/12/25 2:35 AM,39.3,99.0,39.0,39.3,,,29.63,,,,,,,,,,,,,
Back Fence,Temp & Humidity Sensor,2020/12/25 2:40 AM,39.2,99.0,38.9,39.2,,,29.64,,,,,,,,,,,,,
Back Fence,Temp & Humidity Sensor,2020/12/25 2:45 AM,39.2,99.0,38.9,39.2,,,29.65,,,,,,,,,,,,,
Back Fence,Temp & Humidity Sensor,2020/12/25 2:50 AM,38.8,99.0,38.5,38.8,,,29.64,,,,,,,,,,,,,
Back Fence,Temp & Humidity Sensor,2020/12/25 2:55 AM,38.6,99.0,38.3,38.6,,,29.64,,,,,,,,,,,,,
Back Fence,Temp & Humidity Sensor,2020/12/25 3:00 AM,38.4,99.0,38.1,38.4,,,29.65,,,,,,,,,,,,,
Back Fence,Temp & Humidity Sensor,2020/12/25 3:05 AM,38.3,99.0,38.0,38.3,,,29.66,,,,,,,,,,,,,
Back Fence,Temp & Humidity Sensor,2020/12/25 3:10 AM,38.3,99.0,38.0,38.3,,,29.65,,,,,,,,,,,,,
Back Fence,Temp & Humidity Sensor,2020/12/25 3:15 AM,37.9,99.0,37.6,37.9,,,29.65,,,,,,,,,,,,,
Back Fence,Temp & Humidity Sensor,2020/12/25 3:20 AM,37.9,99.0,37.6,37.9,,,29.65,,,,,,,,,,,,,
Back Fence,Temp & Humidity Sensor,2020/12/25 3:25 AM,37.7,99.0,37.4,37.7,,,29.64,,,,,,,,,,,,,
Back Fence,Temp & Humidity Sensor,2020/12/25 3:30 AM,37.7,99.0,37.4,37.7,,,29.64,,,,,,,,,,,,,
Back Fence,Temp & Humidity Sensor,2020/12/25 3:35 AM,37.4,99.0,37.1,37.4,,,29.65,,,,,,,,,,,,,
Back Fence,Temp & Humidity Sensor,2020/12/25 3:40 AM,37.4,99.0,37.1,37.4,,,29.65,,,,,,,,,,,,,
Back Fence,Temp & Humidity Sensor,2020/12/25 3:45 AM,37.2,99.0,36.9,37.2,,,29.65,,,,,,,,,,,,,
Back Fence,Temp & Humidity Sensor,2020/12/25 3:50 AM,37.2,99.0,36.9,37.2,,,29.66,,,,,,,,,,,,,
Back Fence,Temp & Humidity Sensor,2020/12/25 3:55 AM,37.2,99.0,36.9,37.2,,,29.65,,,,,,,,,,,,,
Back Fence,Temp & Humidity Sensor,2020/12/25 4:00 AM,37.2,99.0,36.9,37.2,,,29.65,,,,,,,,,,,,,
Back Fence,Temp & Humidity Sensor,2020/12/25 4:05 AM,37.2,99.0,36.9,37.2,,,29.65,,,,,,,,,,,,,
Back Fence,Temp & Humidity Sensor,2020/12/25 4:10 AM,37.0,99.0,36.7,37.0,,,29.65,,,,,,,,,,,,,
Back Fence,Temp & Humidity Sensor,2020/12/25 4:15 AM,37.0,99.0,36.7,37.0,,,29.65,,,,,,,,,,,,,
Back Fence,Temp & Humidity Sensor,2020/12/25 4:20 AM,37.0,99.0,36.7,37.0,,,29.66,,,,,,,,,,,,,
Back Fence,Temp & Humidity Sensor,2020/12/25 4:25 AM,36.8,99.0,36.5,36.8,,,29.65,,,,,,,,,,,,,
Back Fence,Temp & Humidity Sensor,2020/12/25 4:30 AM,36.8,99.0,36.5,36.8,,,29.66,,,,,,,,,,,,,
Back Fence,Temp & Humidity Sensor,2020/12/25 4:35 AM,36.8,99.0,36.5,36.8,,,29.66,,,,,,,,,,,,,
Back Fence,Temp & Humidity Sensor,2020/12/25 4:40 AM,36.6,99.0,36.3,36.6,,,29.67,,,,,,,,,,,,,
Back Fence,Temp & Humidity Sensor,2020/12/25 4:45 AM,36.6,99.0,36.3,36.6,,,29.67,,,,,,,,,,,,,
Back Fence,Temp & Humidity Sensor,2020/12/25 4:50 AM,36.6,99.0,36.3,36.6,,,29.66,,,,,,,,,,,,,
Back Fence,Temp & Humidity Sensor,2020/12/25 4:55 AM,36.6,99.0,36.3,36.6,,,29.66,,,,,,,,,,,,,
Back Fence,Temp & Humidity Sensor,2020/12/25 5:00 AM,36.5,99.0,36.2,36.5,,,29.67,,,,,,,,,,,,,
Back Fence,Temp & Humidity Sensor,2020/12/25 5:05 AM,36.5,99.0,36.2,36.5,,,29.67,,,,,,,,,,,,,
Back Fence,Temp & Humidity Sensor,2020/12/25 5:10 AM,36.5,99.0,36.2,36.5,,,29.68,,,,,,,,,,,,,
Back Fence,Temp & Humidity Sensor,2020/12/25 5:15 AM,36.3,99.0,36.0,36.3,,,29.68,,,,,,,,,,,,,
Back Fence,Temp & Humidity Sensor,2020/12/25 5:20 AM,36.1,98.0,35.6,36.1,,,29.68,,,,,,,,,,,,,
Back Fence,Temp & Humidity Sensor,2020/12/25 5:25 AM,36.1,97.0,35.3,36.1,,,29.69,,,,,,,,,,,,,
Back Fence,Temp & Humidity Sensor,2020/12/25 5:30 AM,35.9,96.0,34.9,35.9,,,29.69,,,,,,,,,,,,,
Back Fence,Temp & Humidity Sensor,2020/12/25 5:35 AM,35.7,95.0,34.4,35.7,,,29.7,,,,,,,,,,,,,
Back Fence,Temp & Humidity Sensor,2020/12/25 5:40 AM,35.7,95.0,34.4,35.7,,,29.71,,,,,,,,,,,,,
Back Fence,Temp & Humidity Sensor,2020/12/25 5:45 AM,35.6,96.0,34.6,35.6,,,29.71,,,,,,,,,,,,,
Back Fence,Temp & Humidity Sensor,2020/12/25 5:50 AM,35.6,96.0,34.6,35.6,,,29.71,,,,,,,,,,,,,
Back Fence,Temp & Humidity Sensor,2020/12/25 5:55 AM,35.4,96.0,34.4,35.4,,,29.71,,,,,,,,,,,,,
Back Fence,Temp & Humidity Sensor,2020/12/25 6:00 AM,35.2,95.0,33.9,35.2,,,29.72,,,,,,,,,,,,,
Back Fence,Temp & Humidity Sensor,2020/12/25 6:05 AM,35.2,95.0,33.9,35.2,,,29.72,,,,,,,,,,,,,
Back Fence,Temp & Humidity Sensor,2020/12/25 6:10 AM,35.2,95.0,33.9,35.2,,,29.72,,,,,,,,,,,,,
Back Fence,Temp & Humidity Sensor,2020/12/25 6:15 AM,35.0,90.0,32.4,35.0,,,29.72,,,,,,,,,,,,,
Back Fence,Temp & Humidity Sensor,2020/12/25 6:20 AM,34.8,89.0,31.9,34.8,,,29.73,,,,,,,,,,,,,
Back Fence,Temp & Humidity Sensor,2020/12/25 6:25 AM,34.8,89.0,31.9,34.8,,,29.73,,,,,,,,,,,,,
Back Fence,Temp & Humidity Sensor,2020/12/25 6:30 AM,34.8,90.0,32.2,34.8,,,29.74,,,,,,,,,,,,,
Back Fence,Temp & Humidity Sensor,2020/12/25 6:35 AM,34.7,92.0,32.6,34.7,,,29.74,,,,,,,,,,,,,
Back Fence,Temp & Humidity Sensor,2020/12/25 6:40 AM,34.5,92.0,32.4,34.5,,,29.74,,,,,,,,,,,,,
Back Fence,Temp & Humidity Sensor,2020/12/25 6:45 AM,34.5,92.0,32.4,34.5,,,29.75,,,,,,,,,,,,,
Back Fence,Temp & Humidity Sensor,2020/12/25 6:50 AM,34.3,90.0,31.7,34.3,,,29.75,,,,,,,,,,,,,
Back Fence,Temp & Humidity Sensor,2020/12/25 6:55 AM,34.3,92.0,32.2,34.3,,,29.75,,,,,,,,,,,,,
Back Fence,Temp & Humidity Sensor,2020/12/25 7:00 AM,33.9,92.0,31.8,33.9,,,29.76,,,,,,,,,,,,,
Back Fence,Temp & Humidity Sensor,2020/12/25 7:05 AM,33.8,90.0,31.2,33.8,,,29.76,,,,,,,,,,,,,
Back Fence,Temp & Humidity Sensor,2020/12/25 7:10 AM,33.6,92.0,31.5,33.6,,,29.76,,,,,,,,,,,,,
Back Fence,Temp & Humidity Sensor,2020/12/25 7:15 AM,33.2,93.0,31.4,33.2,,,29.77,,,,,,,,,,,,,
Back Fence,Temp & Humidity Sensor,2020/12/25 7:20 AM,32.9,91.0,30.6,32.9,,,29.77,,,,,,,,,,,,,
Back Fence,Temp & Humidity Sensor,2020/12/25 7:25 AM,32.7,92.0,30.6,32.7,,,29.77,,,,,,,,,,,,,
Back Fence,Temp & Humidity Sensor,2020/12/25 7:30 AM,32.1,92.0,30.0,32.1,,,29.77,,,,,,,,,,,,,
Back Fence,Temp & Humidity Sensor,2020/12/25 7:35 AM,32.0,89.0,29.1,32.0,,,29.77,,,,,,,,,,,,,
Back Fence,Temp & Humidity Sensor,2020/12/25 7:40 AM,32.0,89.0,29.1,32.0,,,29.77,,,,,,,,,,,,,
Back Fence,Temp & Humidity Sensor,2020/12/25 7:45 AM,31.8,92.0,29.7,31.8,,,29.77,,,,,,,,,,,,,
Back Fence,Temp & Humidity Sensor,2020/12/25 7:50 AM,31.6,92.0,29.5,31.6,,,29.78,,,,,,,,,,,,,
Back Fence,Temp & Humidity Sensor,2020/12/25 7:55 AM,31.4,92.0,29.3,31.4,,,29.78,,,,,,,,,,,,,
Back Fence,Temp & Humidity Sensor,2020/12/25 8:00 AM,31.2,92.0,29.2,31.2,,,29.78,,,,,,,,,,,,,
Back Fence,Temp & Humidity Sensor,2020/12/25 8:05 AM,31.1,92.0,29.1,31.1,,,29.79,,,,,,,,,,,,,
Back Fence,Temp & Humidity Sensor,2020/12/25 8:10 AM,30.9,92.0,28.9,30.9,,,29.79,,,,,,,,,,,,,
Back Fence,Temp & Humidity Sensor,2020/12/25 8:15 AM,30.9,88.0,27.8,30.9,,,29.8,,,,,,,,,,,,,
Back Fence,Temp & Humidity Sensor,2020/12/25 8:20 AM,30.9,87.0,27.5,30.9,,,29.8,,,,,,,,,,,,,
Back Fence,Temp & Humidity Sensor,2020/12/25 8:25 AM,31.2,88.0,28.1,31.2,,,29.81,,,,,,,,,,,,,
Back Fence,Temp & Humidity Sensor,2020/12/25 8:30 AM,31.8,89.0,28.9,31.8,,,29.81,,,,,,,,,,,,,
Back Fence,Temp & Humidity Sensor,2020/12/25 8:35 AM,32.0,87.0,28.6,32.0,,,29.81,,,,,,,,,,,,,
Back Fence,Temp & Humidity Sensor,2020/12/25 8:40 AM,32.1,77.0,25.7,32.1,,,29.82,,,,,,,,,,,,,
Back Fence,Temp & Humidity Sensor,2020/12/25 8:45 AM,32.3,71.0,24.0,32.3,,,29.82,,,,,,,,,,,,,
Back Fence,Temp & Humidity Sensor,2020/12/25 8:50 AM,32.5,74.0,25.2,32.5,,,29.82,,,,,,,,,,,,,
Back Fence,Temp & Humidity Sensor,2020/12/25 8:55 AM,32.9,77.0,26.5,32.9,,,29.82,,,,,,,,,,,,,
Back Fence,Temp & Humidity Sensor,2020/12/25 9:00 AM,33.6,71.0,25.2,33.6,,,29.82,,,,,,,,,,,,,
Back Fence,Temp & Humidity Sensor,2020/12/25 9:05 AM,33.2,75.0,26.2,33.2,,,29.83,,,,,,,,,,,,,
Back Fence,Temp & Humidity Sensor,2020/12/25 9:10 AM,33.2,79.0,27.4,33.2,,,29.83,,,,,,,,,,,,,
Back Fence,Temp & Humidity Sensor,2020/12/25 9:15 AM,33.0,72.0,25.0,33.0,,,29.83,,,,,,,,,,,,,
Back Fence,Temp & Humidity Sensor,2020/12/25 9:20 AM,33.0,70.0,24.3,33.0,,,29.84,,,,,,,,,,,,,
Back Fence,Temp & Humidity Sensor,2020/12/25 9:25 AM,33.0,71.0,24.6,33.0,,,29.84,,,,,,,,,,,,,
Back Fence,Temp & Humidity Sensor,2020/12/25 9:30 AM,33.6,74.0,26.2,33.6,,,29.84,,,,,,,,,,,,,
Back Fence,Temp & Humidity Sensor,2020/12/25 9:35 AM,33.2,69.0,24.2,33.2,,,29.84,,,,,,,,,,,,,
Back Fence,Temp & Humidity Sensor,2020/12/25 9:40 AM,33.4,63.0,22.2,33.4,,,29.85,,,,,,,,,,,,,
Back Fence,Temp & Humidity Sensor,2020/12/25 9:45 AM,32.9,65.0,22.4,32.9,,,29.85,,,,,,,,,,,,,
Back Fence,Temp & Humidity Sensor,2020/12/25 9:50 AM,32.7,70.0,24.0,32.7,,,29.85,,,,,,,,,,,,,
Back Fence,Temp & Humidity Sensor,2020/12/25 9:55 AM,33.8,70.0,25.1,33.8,,,29.86,,,,,,,,,,,,,
Back Fence,Temp & Humidity Sensor,2020/12/25 10:00 AM,33.8,68.0,24.4,33.8,,,29.86,,,,,,,,,,,,,
Back Fence,Temp & Humidity Sensor,2020/12/25 10:05 AM,32.7,61.0,20.8,32.7,,,29.86,,,,,,,,,,,,,
Back Fence,Temp & Humidity Sensor,2020/12/25 10:10 AM,32.7,62.0,21.1,32.7,,,29.86,,,,,,,,,,,,,
Back Fence,Temp & Humidity Sensor,2020/12/25 10:15 AM,33.4,67.0,23.6,33.4,,,29.87,,,,,,,,,,,,,
Back Fence,Temp & Humidity Sensor,2020/12/25 10:20 AM,34.8,54.0,19.9,34.8,,,29.87,,,,,,,,,,,,,
Back Fence,Temp & Humidity Sensor,2020/12/25 10:25 AM,34.5,60.0,22.1,34.5,,,29.87,,,,,,,,,,,,,
Back Fence,Temp & Humidity Sensor,2020/12/25 10:30 AM,33.2,58.0,20.0,33.2,,,29.87,,,,,,,,,,,,,
Back Fence,Temp & Humidity Sensor,2020/12/25 10:35 AM,33.6,55.0,19.2,33.6,,,29.87,,,,,,,,,,,,,
Back Fence,Temp & Humidity Sensor,2020/12/25 10:40 AM,34.3,56.0,20.3,34.3,,,29.88,,,,,,,,,,,,,
Back Fence,Temp & Humidity Sensor,2020/12/25 10:45 AM,33.4,54.0,18.6,33.4,,,29.89,,,,,,,,,,,,,
Back Fence,Temp & Humidity Sensor,2020/12/25 10:50 AM,33.2,53.0,17.9,33.2,,,29.88,,,,,,,,,,,,,
Back Fence,Temp & Humidity Sensor,2020/12/25 10:55 AM,33.0,54.0,18.2,33.0,,,29.88,,,,,,,,,,,,,
Back Fence,Temp & Humidity Sensor,2020/12/25 11:00 AM,32.3,52.0,16.7,32.3,,,29.88,,,,,,,,,,,,,
Back Fence,Temp & Humidity Sensor,2020/12/25 11:05 AM,32.7,55.0,18.3,32.7,,,29.88,,,,,,,,,,,,,
Back Fence,Temp & Humidity Sensor,2020/12/25 11:10 AM,32.7,51.0,16.6,32.7,,,29.89,,,,,,,,,,,,,
Back Fence,Temp & Humidity Sensor,2020/12/25 11:15 AM,32.5,54.0,17.7,32.5,,,29.89,,,,,,,,,,,,,
Back Fence,Temp & Humidity Sensor,2020/12/25 11:20 AM,32.5,56.0,18.6,32.5,,,29.89,,,,,,,,,,,,,
Back Fence,Temp & Humidity Sensor,2020/12/25 11:25 AM,32.3,50.0,15.8,32.3,,,29.89,,,,,,,,,,,,,
Back Fence,Temp & Humidity Sensor,2020/12/25 11:30 AM,32.0,50.0,15.5,32.0,,,29.89,,,,,,,,,,,,,
Back Fence,Temp & Humidity Sensor,2020/12/25 11:35 AM,32.9,52.0,17.2,32.9,,,29.88,,,,,,,,,,,,,
Back Fence,Temp & Humidity Sensor,2020/12/25 11:40 AM,33.6,50.0,17.0,33.6,,,29.88,,,,,,,,,,,,,
Back Fence,Temp & Humidity Sensor,2020/12/25 11:45 AM,33.4,51.0,17.2,33.4,,,29.88,,,,,,,,,,,,,
Back Fence,Temp & Humidity Sensor,2020/12/25 11:50 AM,33.6,51.0,17.4,33.6,,,29.88,,,,,,,,,,,,,
Back Fence,Temp & Humidity Sensor,2020/12/25 11:55 AM,33.6,52.0,17.9,33.6,,,29.88,,,,,,,,,,,,,
Back Fence,Temp & Humidity Sensor,2020/12/25 12:00 PM,32.9,50.0,16.3,32.9,,,29.88,,,,,,,,,,,,,
Back Fence,Temp & Humidity Sensor,2020/12/25 12:05 PM,32.9,52.0,17.2,32.9,,,29.88,,,,,,,,,,,,,
Back Fence,Temp & Humidity Sensor,2020/12/25 12:10 PM,34.8,50.0,18.1,34.8,,,29.88,,,,,,,,,,,,,
Back Fence,Temp & Humidity Sensor,2020/12/25 12:15 PM,34.3,46.0,15.7,34.3,,,29.88,,,,,,,,,,,,,
Back Fence,Temp & Humidity Sensor,2020/12/25 12:20 PM,35.4,48.0,17.7,35.4,,,29.88,,,,,,,,,,,,,
Back Fence,Temp & Humidity Sensor,2020/12/25 12:25 PM,38.8,48.0,20.8,38.8,,,29.88,,,,,,,,,,,,,
Back Fence,Temp & Humidity Sensor,2020/12/25 12:30 PM,38.6,44.0,18.6,38.6,,,29.87,,,,,,,,,,,,,
Back Fence,Temp & Humidity Sensor,2020/12/25 12:35 PM,38.1,46.0,19.2,38.1,,,29.87,,,,,,,,,,,,,
Back Fence,Temp & Humidity Sensor,2020/12/25 12:40 PM,37.0,45.0,17.7,37.0,,,29.87,,,,,,,,,,,,,
Back Fence,Temp & Humidity Sensor,2020/12/25 12:45 PM,38.8,47.0,20.3,38.8,,,29.87,,,,,,,,,,,,,
Back Fence,Temp & Humidity Sensor,2020/12/25 12:50 PM,38.8,45.0,19.3,38.8,,,29.87,,,,,,,,,,,,,
Back Fence,Temp & Humidity Sensor,2020/12/25 12:55 PM,36.8,46.0,18.0,36.8,,,29.87,,,,,,,,,,,,,
Back Fence,Temp & Humidity Sensor,2020/12/25 1:00 PM,37.2,47.0,18.8,37.2,,,29.87,,,,,,,,,,,,,
Back Fence,Temp & Humidity Sensor,2020/12/25 1:05 PM,38.8,46.0,19.8,38.8,,,29.87,,,,,,,,,,,,,
Back Fence,Temp & Humidity Sensor,2020/12/25 1:10 PM,39.5,43.0,18.9,39.5,,,29.87,,,,,,,,,,,,,
Back Fence,Temp & Humidity Sensor,2020/12/25 1:15 PM,38.1,43.0,17.6,38.1,,,29.87,,,,,,,,,,,,,
Back Fence,Temp & Humidity Sensor,2020/12/25 1:20 PM,40.2,44.0,20.0,36.0,,,29.87,,,,,,,,,,,,,
Back Fence,Temp & Humidity Sensor,2020/12/25 1:25 PM,40.8,42.0,19.5,36.6,,,29.87,,,,,,,,,,,,,
Back Fence,Temp & Humidity Sensor,2020/12/25 1:30 PM,38.6,51.0,22.1,38.6,,,29.87,,,,,,,,,,,,,
Back Fence,Temp & Humidity Sensor,2020/12/25 1:35 PM,36.1,44.0,16.3,36.1,,,29.88,,,,,,,,,,,,,
Back Fence,Temp & Humidity Sensor,2020/12/25 1:40 PM,35.4,47.0,17.2,35.4,,,29.88,,,,,,,,,,,,,
Back Fence,Temp & Humidity Sensor,2020/12/25 1:45 PM,34.3,45.0,15.2,34.3,,,29.88,,,,,,,,,,,,,
Back Fence,Temp & Humidity Sensor,2020/12/25 1:50 PM,35.2,44.0,15.5,35.2,,,29.88,,,,,,,,,,,,,
Back Fence,Temp & Humidity Sensor,2020/12/25 1:55 PM,36.1,42.0,15.3,36.1,,,29.88,,,,,,,,,,,,,
Back Fence,Temp & Humidity Sensor,2020/12/25 2:00 PM,37.0,41.0,15.5,37.0,,,29.88,,,,,,,,,,,,,
Back Fence,Temp & Humidity Sensor,2020/12/25 2:05 PM,35.7,43.0,15.4,35.7,,,29.88,,,,,,,,,,,,,
Back Fence,Temp & Humidity Sensor,2020/12/25 2:10 PM,34.3,41.0,13.1,34.3,,,29.88,,,,,,,,,,,,,
Back Fence,Temp & Humidity Sensor,2020/12/25 2:15 PM,33.2,42.0,12.6,33.2,,,29.89,,,,,,,,,,,,,
Back Fence,Temp & Humidity Sensor,2020/12/25 2:20 PM,33.2,44.0,13.7,33.2,,,29.88,,,,,,,,,,,,,
Back Fence,Temp & Humidity Sensor,2020/12/25 2:25 PM,33.0,42.0,12.4,33.0,,,29.88,,,,,,,,,,,,,
Back Fence,Temp & Humidity Sensor,2020/12/25 2:30 PM,32.9,42.0,12.4,32.9,,,29.89,,,,,,,,,,,,,
Back Fence,Temp & Humidity Sensor,2020/12/25 2:35 PM,32.9,41.0,11.8,32.9,,,29.89,,,,,,,,,,,,,
Back Fence,Temp & Humidity Sensor,2020/12/25 2:40 PM,33.0,43.0,13.0,33.0,,,29.89,,,,,,,,,,,,,
Back Fence,Temp & Humidity Sensor,2020/12/25 2:45 PM,32.9,43.0,12.9,32.9,,,29.89,,,,,,,,,,,,,
Back Fence,Temp & Humidity Sensor,2020/12/25 2:50 PM,32.9,42.0,12.4,32.9,,,29.89,,,,,,,,,,,,,
Back Fence,Temp & Humidity Sensor,2020/12/25 2:55 PM,32.9,43.0,12.9,32.9,,,29.9,,,,,,,,,,,,,
Back Fence,Temp & Humidity Sensor,2020/12/25 3:00 PM,32.9,42.0,12.4,32.9,,,29.9,,,,,,,,,,,,,
Back Fence,Temp & Humidity Sensor,2020/12/25 3:05 PM,32.7,43.0,12.7,32.7,,,29.9,,,,,,,,,,,,,
Back Fence,Temp & Humidity Sensor,2020/12/25 3:10 PM,33.0,42.0,12.4,33.0,,,29.9,,,,,,,,,,,,,
Back Fence,Temp & Humidity Sensor,2020/12/25 3:15 PM,32.9,43.0,12.9,32.9,,,29.9,,,,,,,,,,,,,
Back Fence,Temp & Humidity Sensor,2020/12/25 3:20 PM,32.9,43.0,12.9,32.9,,,29.9,,,,,,,,,,,,,
Back Fence,Temp & Humidity Sensor,2020/12/25 3:25 PM,32.3,42.0,11.8,32.3,,,29.91,,,,,,,,,,,,,
Back Fence,Temp & Humidity Sensor,2020/12/25 3:30 PM,32.9,43.0,12.9,32.9,,,29.91,,,,,,,,,,,,,
Back Fence,Temp & Humidity Sensor,2020/12/25 3:35 PM,32.9,42.0,12.4,32.9,,,29.91,,,,,,,,,,,,,
Back Fence,Temp & Humidity Sensor,2020/12/25 3:40 PM,32.9,43.0,12.9,32.9,,,29.91,,,,,,,,,,,,,
Back Fence,Temp & Humidity Sensor,2020/12/25 3:45 PM,32.9,44.0,13.4,32.9,,,29.91,,,,,,,,,,,,,
Back Fence,Temp & Humidity Sensor,2020/12/25 3:50 PM,32.9,43.0,12.9,32.9,,,29.91,,,,,,,,,,,,,
Back Fence,Temp & Humidity Sensor,2020/12/25 3:55 PM,32.9,43.0,12.9,32.9,,,29.92,,,,,,,,,,,,,
Back Fence,Temp & Humidity Sensor,2020/12/25 4:00 PM,32.7,43.0,12.7,32.7,,,29.92,,,,,,,,,,,,,
Back Fence,Temp & Humidity Sensor,2020/12/25 4:05 PM,32.7,44.0,13.2,32.7,,,29.93,,,,,,,,,,,,,
Back Fence,Temp & Humidity Sensor,2020/12/25 4:10 PM,32.3,43.0,12.3,32.3,,,29.93,,,,,,,,,,,,,
Back Fence,Temp & Humidity Sensor,2020/12/25 4:15 PM,32.0,44.0,12.6,32.0,,,29.94,,,,,,,,,,,,,
Back Fence,Temp & Humidity Sensor,2020/12/25 4:20 PM,31.8,44.0,12.4,31.8,,,29.94,,,,,,,,,,,,,
Back Fence,Temp & Humidity Sensor,2020/12/25 4:25 PM,31.4,44.0,12.0,31.4,,,29.95,,,,,,,,,,,,,
Back Fence,Temp & Humidity Sensor,2020/12/25 4:30 PM,30.9,45.0,12.1,30.9,,,29.95,,,,,,,,,,,,,
Back Fence,Temp & Humidity Sensor,2020/12/25 4:35 PM,30.7,45.0,11.9,30.7,,,29.95,,,,,,,,,,,,,
Back Fence,Temp & Humidity Sensor,2020/12/25 4:40 PM,30.5,45.0,11.7,30.5,,,29.95,,,,,,,,,,,,,
Back Fence,Temp & Humidity Sensor,2020/12/25 4:45 PM,30.3,46.0,12.0,30.3,,,29.96,,,,,,,,,,,,,
Back Fence,Temp & Humidity Sensor,2020/12/25 4:50 PM,30.2,46.0,11.9,30.2,,,29.96,,,,,,,,,,,,,
Back Fence,Temp & Humidity Sensor,2020/12/25 4:55 PM,30.0,48.0,12.7,30.0,,,29.96,,,,,,,,,,,,,
Back Fence,Temp & Humidity Sensor,2020/12/25 5:00 PM,30.2,44.0,10.9,30.2,,,29.97,,,,,,,,,,,,,
Back Fence,Temp & Humidity Sensor,2020/12/25 5:05 PM,30.0,47.0,12.2,30.0,,,29.97,,,,,,,,,,,,,
Back Fence,Temp & Humidity Sensor,2020/12/25 5:10 PM,30.0,47.0,12.2,30.0,,,29.97,,,,,,,,,,,,,
Back Fence,Temp & Humidity Sensor,2020/12/25 5:15 PM,30.0,47.0,12.2,30.0,,,29.98,,,,,,,,,,,,,
Back Fence,Temp & Humidity Sensor,2020/12/25 5:20 PM,29.6,47.0,11.9,29.6,,,29.98,,,,,,,,,,,,,
Back Fence,Temp & Humidity Sensor,2020/12/25 5:25 PM,29.3,48.0,12.1,29.3,,,29.98,,,,,,,,,,,,,
Back Fence,Temp & Humidity Sensor,2020/12/25 5:30 PM,28.9,49.0,12.2,28.9,,,29.99,,,,,,,,,,,,,
Back Fence,Temp & Humidity Sensor,2020/12/25 5:35 PM,28.7,49.0,12.0,28.7,,,29.99,,,,,,,,,,,,,
Back Fence,Temp & Humidity Sensor,2020/12/25 5:40 PM,28.7,50.0,12.4,28.7,,,30.0,,,,,,,,,,,,,
Back Fence,Temp & Humidity Sensor,2020/12/25 5:45 PM,28.4,50.0,12.2,28.4,,,30.0,,,,,,,,,,,,,
Back Fence,Temp & Humidity Sensor,2020/12/25 5:50 PM,28.4,50.0,12.2,28.4,,,30.0,,,,,,,,,,,,,
Back Fence,Temp & Humidity Sensor,2020/12/25 5:55 PM,28.4,50.0,12.2,28.4,,,30.0,,,,,,,,,,,,,
Back Fence,Temp & Humidity Sensor,2020/12/25 6:00 PM,28.2,51.0,12.4,28.2,,,30.0,,,,,,,,,,,,,
Back Fence,Temp & Humidity Sensor,2020/12/25 6:05 PM,28.2,51.0,12.4,28.2,,,30.01,,,,,,,,,,,,,
Back Fence,Temp & Humidity Sensor,2020/12/25 6:10 PM,28.4,50.0,12.2,28.4,,,30.01,,,,,,,,,,,,,
Back Fence,Temp & Humidity Sensor,2020/12/25 6:15 PM,28.4,50.0,12.2,28.4,,,30.01,,,,,,,,,,,,,
Back Fence,Temp & Humidity Sensor,2020/12/25 6:20 PM,28.4,50.0,12.2,28.4,,,30.02,,,,,,,,,,,,,
Back Fence,Temp & Humidity Sensor,2020/12/25 6:25 PM,28.0,51.0,12.2,28.0,,,30.02,,,,,,,,,,,,,
Back Fence,Temp & Humidity Sensor,2020/12/25 6:30 PM,27.8,51.0,12.1,27.8,,,30.02,,,,,,,,,,,,,
Back Fence,Temp & Humidity Sensor,2020/12/25 6:35 PM,27.8,50.0,11.6,27.8,,,30.02,,,,,,,,,,,,,
Back Fence,Temp & Humidity Sensor,2020/12/25 6:40 PM,27.6,51.0,11.9,27.6,,,30.03,,,,,,,,,,,,,
Back Fence,Temp & Humidity Sensor,2020/12/25 6:45 PM,27.5,51.0,11.8,27.5,,,30.03,,,,,,,,,,,,,
Back Fence,Temp & Humidity Sensor,2020/12/25 6:50 PM,27.3,51.0,11.6,27.3,,,30.03,,,,,,,,,,,,,
Back Fence,Temp & Humidity Sensor,2020/12/25 6:55 PM,27.1,51.0,11.4,27.1,,,30.03,,,,,,,,,,,,,
Back Fence,Temp & Humidity Sensor,2020/12/25 7:00 PM,26.9,51.0,11.2,26.9,,,30.03,,,,,,,,,,,,,
Back Fence,Temp & Humidity Sensor,2020/12/25 7:05 PM,26.9,51.0,11.2,26.9,,,30.03,,,,,,,,,,,,,
Back Fence,Temp & Humidity Sensor,2020/12/25 7:10 PM,26.9,51.0,11.2,26.9,,,30.03,,,,,,,,,,,,,
Back Fence,Temp & Humidity Sensor,2020/12/25 7:15 PM,26.6,51.0,10.9,26.6,,,30.03,,,,,,,,,,,,,
Back Fence,Temp & Humidity Sensor,2020/12/25 7:20 PM,26.4,52.0,11.2,26.4,,,30.03,,,,,,,,,,,,,
Back Fence,Temp & Humidity Sensor,2020/12/25 7:25 PM,26.4,53.0,11.6,26.4,,,30.03,,,,,,,,,,,,,
Back Fence,Temp & Humidity Sensor,2020/12/25 7:30 PM,26.2,53.0,11.4,26.2,,,30.03,,,,,,,,,,,,,
Back Fence,Temp & Humidity Sensor,2020/12/25 7:35 PM,25.8,53.0,11.1,25.8,,,30.02,,,,,,,,,,,,,
Back Fence,Temp & Humidity Sensor,2020/12/25 7:40 PM,26.0,53.0,11.2,26.0,,,30.02,,,,,,,,,,,,,
Back Fence,Temp & Humidity Sensor,2020/12/25 7:50 PM,25.3,53.0,10.6,25.3,,,30.02,,,,,,,,,,,,,
Back Fence,Temp & Humidity Sensor,2020/12/25 7:55 PM,25.1,54.0,10.8,25.1,,,30.02,,,,,,,,,,,,,
Back Fence,Temp & Humidity Sensor,2020/12/25 8:00 PM,25.1,54.0,10.8,25.1,,,30.02,,,,,,,,,,,,,
Back Fence,Temp & Humidity Sensor,2020/12/25 8:05 PM,25.3,55.0,11.4,25.3,,,30.03,,,,,,,,,,,,,
Back Fence,Temp & Humidity Sensor,2020/12/25 8:10 PM,25.3,55.0,11.4,25.3,,,30.03,,,,,,,,,,,,,
Back Fence,Temp & Humidity Sensor,2020/12/25 8:15 PM,25.1,55.0,11.2,25.1,,,30.03,,,,,,,,,,,,,
Back Fence,Temp & Humidity Sensor,2020/12/25 8:20 PM,24.9,56.0,11.5,24.9,,,30.03,,,,,,,,,,,,,
Back Fence,Temp & Humidity Sensor,2020/12/25 8:25 PM,24.9,56.0,11.5,24.9,,,30.03,,,,,,,,,,,,,
Back Fence,Temp & Humidity Sensor,2020/12/25 8:30 PM,24.8,56.0,11.4,24.8,,,30.03,,,,,,,,,,,,,
Back Fence,Temp & Humidity Sensor,2020/12/25 8:35 PM,24.8,57.0,11.8,24.8,,,30.04,,,,,,,,,,,,,
Back Fence,Temp & Humidity Sensor,2020/12/25 8:40 PM,24.8,58.0,12.1,24.8,,,30.04,,,,,,,,,,,,,
Back Fence,Temp & Humidity Sensor,2020/12/25 8:45 PM,24.6,60.0,12.7,24.6,,,30.05,,,,,,,,,,,,,
Back Fence,Temp & Humidity Sensor,2020/12/25 8:50 PM,24.4,61.0,12.9,24.4,,,30.05,,,,,,,,,,,,,
Back Fence,Temp & Humidity Sensor,2020/12/25 8:55 PM,24.4,61.0,12.9,24.4,,,30.05,,,,,,,,,,,,,
Back Fence,Temp & Humidity Sensor,2020/12/25 9:00 PM,24.4,62.0,13.3,24.4,,,30.05,,,,,,,,,,,,,
Back Fence,Temp & Humidity Sensor,2020/12/25 9:05 PM,24.2,62.0,13.1,24.2,,,30.05,,,,,,,,,,,,,
Back Fence,Temp & Humidity Sensor,2020/12/25 9:10 PM,24.2,62.0,13.1,24.2,,,30.05,,,,,,,,,,,,,
Back Fence,Temp & Humidity Sensor,2020/12/25 9:15 PM,24.2,63.0,13.4,24.2,,,30.05,,,,,,,,,,,,,
Back Fence,Temp & Humidity Sensor,2020/12/25 9:20 PM,24.2,63.0,13.4,24.2,,,30.06,,,,,,,,,,,,,
Back Fence,Temp & Humidity Sensor,2020/12/25 9:25 PM,24.4,63.0,13.6,24.4,,,30.06,,,,,,,,,,,,,
Back Fence,Temp & Humidity Sensor,2020/12/25 9:30 PM,24.4,63.0,13.6,24.4,,,30.06,,,,,,,,,,,,,
Back Fence,Temp & Humidity Sensor,2020/12/25 9:35 PM,24.4,63.0,13.6,24.4,,,30.06,,,,,,,,,,,,,
Back Fence,Temp & Humidity Sensor,2020/12/25 9:40 PM,24.4,62.0,13.3,24.4,,,30.06,,,,,,,,,,,,,
Back Fence,Temp & Humidity Sensor,2020/12/25 9:45 PM,24.4,62.0,13.3,24.4,,,30.06,,,,,,,,,,,,,
Back Fence,Temp & Humidity Sensor,2020/12/25 9:50 PM,24.4,62.0,13.3,24.4,,,30.06,,,,,,,,,,,,,
Back Fence,Temp & Humidity Sensor,2020/12/25 9:55 PM,24.6,62.0,13.5,24.6,,,30.07,,,,,,,,,,,,,
Back Fence,Temp & Humidity Sensor,2020/12/25 10:00 PM,24.4,62.0,13.3,24.4,,,30.07,,,,,,,,,,,,,
Back Fence,Temp & Humidity Sensor,2020/12/25 10:05 PM,24.4,62.0,13.3,24.4,,,30.07,,,,,,,,,,,,,
Back Fence,Temp & Humidity Sensor,2020/12/25 10:10 PM,24.6,62.0,13.5,24.6,,,30.08,,,,,,,,,,,,,
Back Fence,Temp & Humidity Sensor,2020/12/25 10:15 PM,24.4,62.0,13.3,24.4,,,30.08,,,,,,,,,,,,,
Back Fence,Temp & Humidity Sensor,2020/12/25 10:20 PM,24.2,62.0,13.1,24.2,,,30.09,,,,,,,,,,,,,
Back Fence,Temp & Humidity Sensor,2020/12/25 10:25 PM,24.2,62.0,13.1,24.2,,,30.09,,,,,,,,,,,,,
Back Fence,Temp & Humidity Sensor,2020/12/25 10:30 PM,24.0,62.0,12.9,24.0,,,30.09,,,,,,,,,,,,,
Back Fence,Temp & Humidity Sensor,2020/12/25 10:35 PM,24.0,62.0,12.9,24.0,,,30.09,,,,,,,,,,,,,
Back Fence,Temp & Humidity Sensor,2020/12/25 10:40 PM,23.9,62.0,12.8,23.9,,,30.09,,,,,,,,,,,,,
Back Fence,Temp & Humidity Sensor,2020/12/25 10:45 PM,24.0,62.0,12.9,24.0,,,30.09,,,,,,,,,,,,,
Back Fence,Temp & Humidity Sensor,2020/12/25 10:50 PM,24.0,62.0,12.9,24.0,,,30.09,,,,,,,,,,,,,
Back Fence,Temp & Humidity Sensor,2020/12/25 10:55 PM,24.0,62.0,12.9,24.0,,,30.09,,,,,,,,,,,,,
Back Fence,Temp & Humidity Sensor,2020/12/25 11:00 PM,24.0,61.0,12.5,24.0,,,30.09,,,,,,,,,,,,,
Back Fence,Temp & Humidity Sensor,2020/12/25 11:05 PM,23.9,61.0,12.4,23.9,,,30.09,,,,,,,,,,,,,
Back Fence,Temp & Humidity Sensor,2020/12/25 11:10 PM,23.9,61.0,12.4,23.9,,,30.1,,,,,,,,,,,,,
Back Fence,Temp & Humidity Sensor,2020/12/25 11:15 PM,23.9,61.0,12.4,23.9,,,30.1,,,,,,,,,,,,,
Back Fence,Temp & Humidity Sensor,2020/12/25 11:20 PM,23.9,61.0,12.4,23.9,,,30.1,,,,,,,,,,,,,
Back Fence,Temp & Humidity Sensor,2020/12/25 11:25 PM,23.9,61.0,12.4,23.9,,,30.1,,,,,,,,,,,,,
Back Fence,Temp & Humidity Sensor,2020/12/25 11:30 PM,23.7,61.0,12.2,23.7,,,30.1,,,,,,,,,,,,,
Back Fence,Temp & Humidity Sensor,2020/12/25 11:35 PM,23.7,61.0,12.2,23.7,,,30.1,,,,,,,,,,,,,
Back Fence,Temp & Humidity Sensor,2020/12/25 11:40 PM,23.5,61.0,12.1,23.5,,,30.11,,,,,,,,,,,,,
Back Fence,Temp & Humidity Sensor,2020/12/25 11:45 PM,23.5,61.0,12.1,23.5,,,30.11,,,,,,,,,,,,,
Back Fence,Temp & Humidity Sensor,2020/12/25 11:50 PM,23.3,61.0,11.9,23.3,,,30.11,,,,,,,,,,,,,
Back Fence,Temp & Humidity Sensor,2020/12/25 11:55 PM,23.1,62.0,12.0,23.1,,,30.11,,,,,,,,,,,,,
Back Fence,Temp & Humidity Sensor,2020/12/26 12:00 AM,23.1,62.0,12.0,23.1,,,30.11,,,,,,,,,,,,,
Back Fence,Temp & Humidity Sensor,2020/12/26 12:05 AM,23.0,62.0,11.9,23.0,,,30.11,,,,,,,,,,,,,
Back Fence,Temp & Humidity Sensor,2020/12/26 12:10 AM,23.0,62.0,11.9,23.0,,,30.11,,,,,,,,,,,,,
Back Fence,Temp & Humidity Sensor,2020/12/26 12:15 AM,23.0,62.0,11.9,23.0,,,30.11,,,,,,,,,,,,,
Back Fence,Temp & Humidity Sensor,2020/12/26 12:20 AM,22.8,63.0,12.1,22.8,,,30.11,,,,,,,,,,,,,
Back Fence,Temp & Humidity Sensor,2020/12/26 12:25 AM,22.8,63.0,12.1,22.8,,,30.11,,,,,,,,,,,,,
Back Fence,Temp & Humidity Sensor,2020/12/26 12:30 AM,22.8,63.0,12.1,22.8,,,30.11,,,,,,,,,,,,,
Back Fence,Temp & Humidity Sensor,2020/12/26 12:35 AM,22.6,63.0,11.9,22.6,,,30.12,,,,,,,,,,,,,
Back Fence,Temp & Humidity Sensor,2020/12/26 12:40 AM,22.6,63.0,11.9,22.6,,,30.12,,,,,,,,,,,,,
Back Fence,Temp & Humidity Sensor,2020/12/26 12:45 AM,22.4,63.0,11.7,22.4,,,30.11,,,,,,,,,,,,,
Back Fence,Temp & Humidity Sensor,2020/12/26 12:50 AM,22.2,63.0,11.5,22.2,,,30.11,,,,,,,,,,,,,
Back Fence,Temp & Humidity Sensor,2020/12/26 12:55 AM,22.2,63.0,11.5,22.2,,,30.11,,,,,,,,,,,,,
Back Fence,Temp & Humidity Sensor,2020/12/26 1:00 AM,22.1,64.0,11.8,22.1,,,30.12,,,,,,,,,,,,,
Back Fence,Temp & Humidity Sensor,2020/12/26 1:05 AM,22.1,64.0,11.8,22.1,,,30.12,,,,,,,,,,,,,
Back Fence,Temp & Humidity Sensor,2020/12/26 1:10 AM,22.2,64.0,11.9,22.2,,,30.12,,,,,,,,,,,,,
Back Fence,Temp & Humidity Sensor,2020/12/26 1:15 AM,22.1,70.0,13.8,22.1,,,30.12,,,,,,,,,,,,,
Back Fence,Temp & Humidity Sensor,2020/12/26 1:20 AM,21.9,70.0,13.6,21.9,,,30.13,,,,,,,,,,,,,
Back Fence,Temp & Humidity Sensor,2020/12/26 1:35 PM,39.5,41.0,17.8,39.5,,,30.13,,,,,,,,,,,,,
Back Fence,Temp & Humidity Sensor,2020/12/26 1:40 PM,41.9,40.0,19.4,37.7,,,30.13,,,,,,,,,,,,,
Back Fence,Temp & Humidity Sensor,2020/12/26 1:45 PM,43.8,42.0,22.2,39.9,,,30.13,,,,,,,,,,,,,
Back Fence,Temp & Humidity Sensor,2020/12/26 1:50 PM,43.1,34.0,16.7,38.7,,,30.13,,,,,,,,,,,,,
Back Fence,Temp & Humidity Sensor,2020/12/26 1:55 PM,42.4,39.0,19.2,38.2,,,30.13,,,,,,,,,,,,,
Back Fence,Temp & Humidity Sensor,2020/12/26 2:00 PM,43.5,39.0,20.2,39.4,,,30.13,,,,,,,,,,,,,
Back Fence,Temp & Humidity Sensor,2020/12/26 2:05 PM,42.6,40.0,20.0,38.4,,,30.12,,,,,,,,,,,,,
Back Fence,Temp & Humidity Sensor,2020/12/26 2:10 PM,42.8,36.0,17.7,38.5,,,30.12,,,,,,,,,,,,,
Back Fence,Temp & Humidity Sensor,2020/12/26 2:15 PM,41.7,36.0,16.7,37.3,,,30.12,,,,,,,,,,,,,
Back Fence,Temp & Humidity Sensor,2020/12/26 2:20 PM,42.4,34.0,16.0,37.9,,,30.12,,,,,,,,,,,,,
Back Fence,Temp & Humidity Sensor,2020/12/26 2:25 PM,41.1,35.0,15.6,36.6,,,30.12,,,,,,,,,,,,,
Back Fence,Temp & Humidity Sensor,2020/12/26 2:30 PM,41.1,37.0,16.8,36.6,,,30.12,,,,,,,,,,,,,
Back Fence,Temp & Humidity Sensor,2020/12/26 2:35 PM,40.6,41.0,18.8,36.3,,,30.12,,,,,,,,,,,,,
Back Fence,Temp & Humidity Sensor,2020/12/26 2:40 PM,39.5,41.0,17.8,39.5,,,30.12,,,,,,,,,,,,,
Back Fence,Temp & Humidity Sensor,2020/12/26 2:45 PM,39.3,41.0,17.6,39.3,,,30.12,,,,,,,,,,,,,
Back Fence,Temp & Humidity Sensor,2020/12/26 2:50 PM,39.3,40.0,17.0,39.3,,,30.12,,,,,,,,,,,,,
Back Fence,Temp & Humidity Sensor,2020/12/26 2:55 PM,39.2,41.0,17.5,39.2,,,30.11,,,,,,,,,,,,,
Back Fence,Temp & Humidity Sensor,2020/12/26 3:00 PM,39.2,41.0,17.5,39.2,,,30.12,,,,,,,,,,,,,
Back Fence,Temp & Humidity Sensor,2020/12/26 3:05 PM,40.1,43.0,19.4,35.8,,,30.12,,,,,,,,,,,,,
Back Fence,Temp & Humidity Sensor,2020/12/26 3:10 PM,39.7,42.0,18.5,39.7,,,30.11,,,,,,,,,,,,,
Back Fence,Temp & Humidity Sensor,2020/12/26 3:15 PM,39.2,42.0,18.1,39.2,,,30.11,,,,,,,,,,,,,
Back Fence,Temp & Humidity Sensor,2020/12/26 3:20 PM,39.0,43.0,18.4,39.0,,,30.12,,,,,,,,,,,,,
Back Fence,Temp & Humidity Sensor,2020/12/26 3:25 PM,38.6,43.0,18.1,38.6,,,30.12,,,,,,,,,,,,,
Back Fence,Temp & Humidity Sensor,2020/12/26 3:30 PM,38.8,43.0,18.2,38.8,,,30.12,,,,,,,,,,,,,
Back Fence,Temp & Humidity Sensor,2020/12/26 3:35 PM,38.6,41.0,17.0,38.6,,,30.12,,,,,,,,,,,,,
Back Fence,Temp & Humidity Sensor,2020/12/26 3:40 PM,38.3,43.0,17.8,38.3,,,30.12,,,,,,,,,,,,,
Back Fence,Temp & Humidity Sensor,2020/12/26 3:45 PM,37.7,43.0,17.2,37.7,,,30.12,,,,,,,,,,,,,
Back Fence,Temp & Humidity Sensor,2020/12/26 3:50 PM,37.7,43.0,17.2,37.7,,,30.12,,,,,,,,,,,,,
Back Fence,Temp & Humidity Sensor,2020/12/26 3:55 PM,37.4,43.0,17.0,37.4,,,30.11,,,,,,,,,,,,,
Back Fence,Temp & Humidity Sensor,2020/12/26 4:00 PM,37.4,43.0,17.0,37.4,,,30.11,,,,,,,,,,,,,
Back Fence,Temp & Humidity Sensor,2020/12/26 4:05 PM,37.2,40.0,15.1,37.2,,,30.12,,,,,,,,,,,,,
Back Fence,Temp & Humidity Sensor,2020/12/26 4:10 PM,36.8,40.0,14.8,36.8,,,30.11,,,,,,,,,,,,,
Back Fence,Temp & Humidity Sensor,2020/12/26 4:15 PM,36.5,40.0,14.5,36.5,,,30.11,,,,,,,,,,,,,
Back Fence,Temp & Humidity Sensor,2020/12/26 4:20 PM,35.9,40.0,14.0,35.9,,,30.11,,,,,,,,,,,,,
Back Fence,Temp & Humidity Sensor,2020/12/26 4:25 PM,35.7,40.0,13.8,35.7,,,30.11,,,,,,,,,,,,,
Back Fence,Temp & Humidity Sensor,2020/12/26 4:30 PM,35.6,41.0,14.2,35.6,,,30.12,,,,,,,,,,,,,
Back Fence,Temp & Humidity Sensor,2020/12/26 4:35 PM,35.4,41.0,14.1,35.4,,,30.11,,,,,,,,,,,,,
Back Fence,Temp & Humidity Sensor,2020/12/26 4:40 PM,34.8,41.0,13.5,34.8,,,30.11,,,,,,,,,,,,,
Back Fence,Temp & Humidity Sensor,2020/12/26 4:45 PM,34.5,42.0,13.8,34.5,,,30.11,,,,,,,,,,,,,
Back Fence,Temp & Humidity Sensor,2020/12/26 4:50 PM,33.9,42.0,13.3,33.9,,,30.11,,,,,,,,,,,,,
Back Fence,Temp & Humidity Sensor,2020/12/26 4:55 PM,33.8,42.0,13.2,33.8,,,30.11,,,,,,,,,,,,,
Back Fence,Temp & Humidity Sensor,2020/12/26 5:00 PM,33.6,43.0,13.5,33.6,,,30.11,,,,,,,,,,,,,
Back Fence,Temp & Humidity Sensor,2020/12/26 5:05 PM,33.4,43.0,13.3,33.4,,,30.11,,,,,,,,,,,,,
Back Fence,Temp & Humidity Sensor,2020/12/26 5:10 PM,32.9,43.0,12.9,32.9,,,30.11,,,,,,,,,,,,,
Back Fence,Temp & Humidity Sensor,2020/12/26 5:15 PM,32.5,44.0,13.0,32.5,,,30.11,,,,,,,,,,,,,
Back Fence,Temp & Humidity Sensor,2020/12/26 5:20 PM,32.0,44.0,12.6,32.0,,,30.11,,,,,,,,,,,,,
Back Fence,Temp & Humidity Sensor,2020/12/26 5:25 PM,31.8,46.0,13.4,31.8,,,30.11,,,,,,,,,,,,,
Back Fence,Temp & Humidity Sensor,2020/12/26 5:30 PM,31.4,46.0,13.0,31.4,,,30.11,,,,,,,,,,,,,
Back Fence,Temp & Humidity Sensor,2020/12/26 5:35 PM,31.2,48.0,13.8,31.2,,,30.11,,,,,,,,,,,,,
Back Fence,Temp & Humidity Sensor,2020/12/26 5:40 PM,30.9,48.0,13.5,30.9,,,30.11,,,,,,,,,,,,,
Back Fence,Temp & Humidity Sensor,2020/12/26 5:45 PM,30.3,49.0,13.5,30.3,,,30.11,,,,,,,,,,,,,
Back Fence,Temp & Humidity Sensor,2020/12/26 5:50 PM,30.2,49.0,13.4,30.2,,,30.11,,,,,,,,,,,,,
Back Fence,Temp & Humidity Sensor,2020/12/26 5:55 PM,30.0,53.0,15.0,30.0,,,30.11,,,,,,,,,,,,,
Back Fence,Temp & Humidity Sensor,2020/12/26 6:00 PM,29.8,58.0,16.8,29.8,,,30.11,,,,,,,,,,,,,
Back Fence,Temp & Humidity Sensor,2020/12/26 6:05 PM,29.6,62.0,18.2,29.6,,,30.12,,,,,,,,,,,,,
Back Fence,Temp & Humidity Sensor,2020/12/26 6:10 PM,29.4,62.0,18.0,29.4,,,30.12,,,,,,,,,,,,,
Back Fence,Temp & Humidity Sensor,2020/12/26 6:15 PM,28.9,62.0,17.5,28.9,,,30.13,,,,,,,,,,,,,
Back Fence,Temp & Humidity Sensor,2020/12/26 6:20 PM,28.5,61.0,16.8,28.5,,,30.12,,,,,,,,,,,,,
Back Fence,Temp & Humidity Sensor,2020/12/26 6:25 PM,28.4,62.0,17.1,28.4,,,30.13,,,,,,,,,,,,,
Back Fence,Temp & Humidity Sensor,2020/12/26 6:30 PM,28.2,62.0,16.9,28.2,,,30.13,,,,,,,,,,,,,
Back Fence,Temp & Humidity Sensor,2020/12/26 6:35 PM,28.2,62.0,16.9,28.2,,,30.13,,,,,,,,,,,,,
Back Fence,Temp & Humidity Sensor,2020/12/26 6:40 PM,28.0,62.0,16.7,28.0,,,30.13,,,,,,,,,,,,,
Back Fence,Temp & Humidity Sensor,2020/12/26 6:45 PM,27.8,62.0,16.5,27.8,,,30.13,,,,,,,,,,,,,
Back Fence,Temp & Humidity Sensor,2020/12/26 6:50 PM,27.6,61.0,15.9,27.6,,,30.13,,,,,,,,,,,,,
Back Fence,Temp & Humidity Sensor,2020/12/26 6:55 PM,27.8,61.0,16.1,27.8,,,30.14,,,,,,,,,,,,,
Back Fence,Temp & Humidity Sensor,2020/12/26 7:00 PM,27.6,61.0,15.9,27.6,,,30.14,,,,,,,,,,,,,
Back Fence,Temp & Humidity Sensor,2020/12/26 7:05 PM,27.5,62.0,16.2,27.5,,,30.14,,,,,,,,,,,,,
Back Fence,Temp & Humidity Sensor,2020/12/26 7:10 PM,27.6,68.0,18.4,27.6,,,30.13,,,,,,,,,,,,,
Back Fence,Temp & Humidity Sensor,2020/12/26 7:15 PM,27.5,66.0,17.7,27.5,,,30.14,,,,,,,,,,,,,
Back Fence,Temp & Humidity Sensor,2020/12/26 7:20 PM,27.1,65.0,16.9,27.1,,,30.14,,,,,,,,,,,,,
Back Fence,Temp & Humidity Sensor,2020/12/26 7:25 PM,27.1,64.0,16.6,27.1,,,30.14,,,,,,,,,,,,,
Back Fence,Temp & Humidity Sensor,2020/12/26 7:30 PM,27.1,64.0,16.6,27.1,,,30.14,,,,,,,,,,,,,
Back Fence,Temp & Humidity Sensor,2020/12/26 7:35 PM,26.9,64.0,16.4,26.9,,,30.14,,,,,,,,,,,,,
Back Fence,Temp & Humidity Sensor,2020/12/26 7:40 PM,26.9,64.0,16.4,26.9,,,30.14,,,,,,,,,,,,,
Back Fence,Temp & Humidity Sensor,2020/12/26 7:45 PM,27.1,68.0,18.0,27.1,,,30.15,,,,,,,,,,,,,
Back Fence,Temp & Humidity Sensor,2020/12/26 7:50 PM,26.9,72.0,19.1,26.9,,,30.15,,,,,,,,,,,,,
Back Fence,Temp & Humidity Sensor,2020/12/26 7:55 PM,26.7,70.0,18.3,26.7,,,30.15,,,,,,,,,,,,,
Back Fence,Temp & Humidity Sensor,2020/12/26 8:00 PM,26.7,69.0,17.9,26.7,,,30.14,,,,,,,,,,,,,
Back Fence,Temp & Humidity Sensor,2020/12/26 8:05 PM,26.7,71.0,18.6,26.7,,,30.14,,,,,,,,,,,,,
Back Fence,Temp & Humidity Sensor,2020/12/26 8:10 PM,26.7,72.0,18.9,26.7,,,30.14,,,,,,,,,,,,,
Back Fence,Temp & Humidity Sensor,2020/12/26 8:15 PM,26.6,73.0,19.1,26.6,,,30.14,,,,,,,,,,,,,
Back Fence,Temp & Humidity Sensor,2020/12/26 8:20 PM,26.6,72.0,18.8,26.6,,,30.15,,,,,,,,,,,,,
Back Fence,Temp & Humidity Sensor,2020/12/26 8:25 PM,26.6,73.0,19.1,26.6,,,30.14,,,,,,,,,,,,,
Back Fence,Temp & Humidity Sensor,2020/12/26 8:30 PM,26.6,73.0,19.1,26.6,,,30.14,,,,,,,,,,,,,
Back Fence,Temp & Humidity Sensor,2020/12/26 8:35 PM,26.6,72.0,18.8,26.6,,,30.14,,,,,,,,,,,,,
Back Fence,Temp & Humidity Sensor,2020/12/26 8:40 PM,26.6,75.0,19.8,26.6,,,30.14,,,,,,,,,,,,,
Back Fence,Temp & Humidity Sensor,2020/12/26 8:45 PM,26.4,78.0,20.5,26.4,,,30.15,,,,,,,,,,,,,
Back Fence,Temp & Humidity Sensor,2020/12/26 8:50 PM,26.2,76.0,19.7,26.2,,,30.15,,,,,,,,,,,,,
Back Fence,Temp & Humidity Sensor,2020/12/26 8:55 PM,26.2,74.0,19.1,26.2,,,30.15,,,,,,,,,,,,,
Back Fence,Temp & Humidity Sensor,2020/12/26 9:00 PM,26.4,76.0,19.9,26.4,,,30.15,,,,,,,,,,,,,
Back Fence,Temp & Humidity Sensor,2020/12/26 9:05 PM,26.4,78.0,20.5,26.4,,,30.15,,,,,,,,,,,,,
Back Fence,Temp & Humidity Sensor,2020/12/26 9:10 PM,26.2,77.0,20.0,26.2,,,30.15,,,,,,,,,,,,,
Back Fence,Temp & Humidity Sensor,2020/12/26 9:15 PM,25.8,75.0,19.0,25.8,,,30.15,,,,,,,,,,,,,
Back Fence,Temp & Humidity Sensor,2020/12/26 9:20 PM,25.8,76.0,19.3,25.8,,,30.15,,,,,,,,,,,,,
Back Fence,Temp & Humidity Sensor,2020/12/26 9:25 PM,26.0,77.0,19.8,26.0,,,30.15,,,,,,,,,,,,,
Back Fence,Temp & Humidity Sensor,2020/12/26 9:30 PM,25.8,76.0,19.3,25.8,,,30.15,,,,,,,,,,,,,
Back Fence,Temp & Humidity Sensor,2020/12/26 9:35 PM,26.0,78.0,20.1,26.0,,,30.15,,,,,,,,,,,,,
Back Fence,Temp & Humidity Sensor,2020/12/26 9:40 PM,26.0,77.0,19.8,26.0,,,30.16,,,,,,,,,,,,,
Back Fence,Temp & Humidity Sensor,2020/12/26 9:45 PM,25.7,76.0,19.2,25.7,,,30.16,,,,,,,,,,,,,
Back Fence,Temp & Humidity Sensor,2020/12/26 9:50 PM,25.7,77.0,19.5,25.7,,,30.16,,,,,,,,,,,,,
Back Fence,Temp & Humidity Sensor,2020/12/26 9:55 PM,25.8,80.0,20.5,25.8,,,30.16,,,,,,,,,,,,,
Back Fence,Temp & Humidity Sensor,2020/12/26 10:00 PM,25.7,80.0,20.4,25.7,,,30.16,,,,,,,,,,,,,
Back Fence,Temp & Humidity Sensor,2020/12/26 10:05 PM,25.5,80.0,20.2,25.5,,,30.16,,,,,,,,,,,,,
Back Fence,Temp & Humidity Sensor,2020/12/26 10:10 PM,25.5,81.0,20.5,25.5,,,30.16,,,,,,,,,,,,,
Back Fence,Temp & Humidity Sensor,2020/12/26 10:15 PM,25.3,79.0,19.7,25.3,,,30.17,,,,,,,,,,,,,
Back Fence,Temp & Humidity Sensor,2020/12/26 10:20 PM,25.1,78.0,19.2,25.1,,,30.17,,,,,,,,,,,,,
Back Fence,Temp & Humidity Sensor,2020/12/26 10:25 PM,25.1,78.0,19.2,25.1,,,30.17,,,,,,,,,,,,,
Back Fence,Temp & Humidity Sensor,2020/12/26 10:30 PM,25.1,78.0,19.2,25.1,,,30.17,,,,,,,,,,,,,
Back Fence,Temp & Humidity Sensor,2020/12/26 10:35 PM,25.3,78.0,19.4,25.3,,,30.17,,,,,,,,,,,,,
Back Fence,Temp & Humidity Sensor,2020/12/26 10:40 PM,25.3,80.0,20.0,25.3,,,30.17,,,,,,,,,,,,,
Back Fence,Temp & Humidity Sensor,2020/12/26 10:45 PM,25.3,81.0,20.3,25.3,,,30.17,,,,,,,,,,,,,
Back Fence,Temp & Humidity Sensor,2020/12/26 10:50 PM,25.3,80.0,20.0,25.3,,,30.17,,,,,,,,,,,,,
Back Fence,Temp & Humidity Sensor,2020/12/26 10:55 PM,25.1,83.0,20.7,25.1,,,30.17,,,,,,,,,,,,,
Back Fence,Temp & Humidity Sensor,2020/12/26 11:00 PM,25.1,84.0,21.0,25.1,,,30.17,,,,,,,,,,,,,
Back Fence,Temp & Humidity Sensor,2020/12/26 11:05 PM,24.9,84.0,20.8,24.9,,,30.17,,,,,,,,,,,,,
Back Fence,Temp & Humidity Sensor,2020/12/26 11:10 PM,24.8,82.0,20.1,24.8,,,30.17,,,,,,,,,,,,,
Back Fence,Temp & Humidity Sensor,2020/12/26 11:15 PM,24.8,82.0,20.1,24.8,,,30.17,,,,,,,,,,,,,
Back Fence,Temp & Humidity Sensor,2020/12/26 11:20 PM,24.8,81.0,19.8,24.8,,,30.17,,,,,,,,,,,,,
Back Fence,Temp & Humidity Sensor,2020/12/26 11:25 PM,24.8,81.0,19.8,24.8,,,30.17,,,,,,,,,,,,,
Back Fence,Temp & Humidity Sensor,2020/12/26 11:30 PM,24.6,82.0,19.9,24.6,,,30.17,,,,,,,,,,,,,
Back Fence,Temp & Humidity Sensor,2020/12/26 11:35 PM,24.8,80.0,19.5,24.8,,,30.17,,,,,,,,,,,,,
Back Fence,Temp & Humidity Sensor,2020/12/26 11:40 PM,24.8,79.0,19.2,24.8,,,30.17,,,,,,,,,,,,,
Back Fence,Temp & Humidity Sensor,2020/12/26 11:45 PM,24.6,80.0,19.3,24.6,,,30.18,,,,,,,,,,,,,
Back Fence,Temp & Humidity Sensor,2020/12/26 11:50 PM,24.6,80.0,19.3,24.6,,,30.18,,,,,,,,,,,,,
Back Fence,Temp & Humidity Sensor,2020/12/26 11:55 PM,24.6,80.0,19.3,24.6,,,30.18,,,,,,,,,,,,,
Back Fence,Temp & Humidity Sensor,2020/12/27 12:00 AM,24.6,80.0,19.3,24.6,,,30.18,,,,,,,,,,,,,
Back Fence,Temp & Humidity Sensor,2020/12/27 12:05 AM,24.4,81.0,19.4,24.4,,,30.18,,,,,,,,,,,,,
Back Fence,Temp & Humidity Sensor,2020/12/27 12:10 AM,24.6,85.0,20.7,24.6,,,30.18,,,,,,,,,,,,,
Back Fence,Temp & Humidity Sensor,2020/12/27 12:15 AM,24.4,87.0,21.1,24.4,,,30.18,,,,,,,,,,,,,
Back Fence,Temp & Humidity Sensor,2020/12/27 12:20 AM,24.4,87.0,21.1,24.4,,,30.18,,,,,,,,,,,,,
Back Fence,Temp & Humidity Sensor,2020/12/27 12:25 AM,24.2,85.0,20.4,24.2,,,30.18,,,,,,,,,,,,,
Back Fence,Temp & Humidity Sensor,2020/12/27 12:30 AM,24.0,84.0,19.9,24.0,,,30.18,,,,,,,,,,,,,
Back Fence,Temp & Humidity Sensor,2020/12/27 12:35 AM,24.0,83.0,19.6,24.0,,,30.18,,,,,,,,,,,,,
Back Fence,Temp & Humidity Sensor,2020/12/27 12:40 AM,24.2,85.0,20.4,24.2,,,30.18,,,,,,,,,,,,,
Back Fence,Temp & Humidity Sensor,2020/12/27 12:45 AM,24.0,85.0,20.2,24.0,,,30.18,,,,,,,,,,,,,
Back Fence,Temp & Humidity Sensor,2020/12/27 12:50 AM,23.9,84.0,19.8,23.9,,,30.18,,,,,,,,,,,,,
Back Fence,Temp & Humidity Sensor,2020/12/27 12:55 AM,24.0,85.0,20.2,24.0,,,30.18,,,,,,,,,,,,,
Back Fence,Temp & Humidity Sensor,2020/12/27 1:00 AM,23.9,85.0,20.1,23.9,,,30.19,,,,,,,,,,,,,
Back Fence,Temp & Humidity Sensor,2020/12/27 1:05 AM,23.9,84.0,19.8,23.9,,,30.19,,,,,,,,,,,,,
Back Fence,Temp & Humidity Sensor,2020/12/27 1:10 AM,23.9,86.0,20.3,23.9,,,30.19,,,,,,,,,,,,,
Back Fence,Temp & Humidity Sensor,2020/12/27 1:15 AM,23.9,85.0,20.1,23.9,,,30.19,,,,,,,,,,,,,
Back Fence,Temp & Humidity Sensor,2020/12/27 1:20 AM,23.9,84.0,19.8,23.9,,,30.19,,,,,,,,,,,,,
Back Fence,Temp & Humidity Sensor,2020/12/27 1:25 AM,23.9,84.0,19.8,23.9,,,30.19,,,,,,,,,,,,,
Back Fence,Temp & Humidity Sensor,2020/12/27 1:30 AM,23.7,84.0,19.6,23.7,,,30.19,,,,,,,,,,,,,
Back Fence,Temp & Humidity Sensor,2020/12/27 1:35 AM,23.7,85.0,19.9,23.7,,,30.19,,,,,,,,,,,,,
Back Fence,Temp & Humidity Sensor,2020/12/27 1:40 AM,23.7,84.0,19.6,23.7,,,30.2,,,,,,,,,,,,,
Back Fence,Temp & Humidity Sensor,2020/12/27 1:45 AM,23.5,83.0,19.1,23.5,,,30.2,,,,,,,,,,,,,
Back Fence,Temp & Humidity Sensor,2020/12/27 1:50 AM,23.5,83.0,19.1,23.5,,,30.2,,,,,,,,,,,,,
Back Fence,Temp & Humidity Sensor,2020/12/27 1:55 AM,23.5,85.0,19.7,23.5,,,30.2,,,,,,,,,,,,,
Back Fence,Temp & Humidity Sensor,2020/12/27 2:00 AM,23.5,85.0,19.7,23.5,,,30.2,,,,,,,,,,,,,
Back Fence,Temp & Humidity Sensor,2020/12/27 2:05 AM,23.5,84.0,19.4,23.5,,,30.2,,,,,,,,,,,,,
Back Fence,Temp & Humidity Sensor,2020/12/27 2:10 AM,23.3,84.0,19.2,23.3,,,30.2,,,,,,,,,,,,,
Back Fence,Temp & Humidity Sensor,2020/12/27 2:15 AM,23.3,84.0,19.2,23.3,,,30.2,,,,,,,,,,,,,
Back Fence,Temp & Humidity Sensor,2020/12/27 2:20 AM,23.3,84.0,19.2,23.3,,,30.21,,,,,,,,,,,,,
Back Fence,Temp & Humidity Sensor,2020/12/27 2:25 AM,23.3,89.0,20.5,23.3,,,30.21,,,,,,,,,,,,,
Back Fence,Temp & Humidity Sensor,2020/12/27 2:30 AM,23.1,90.0,20.6,23.1,,,30.21,,,,,,,,,,,,,
Back Fence,Temp & Humidity Sensor,2020/12/27 2:35 AM,23.1,90.0,20.6,23.1,,,30.21,,,,,,,,,,,,,
Back Fence,Temp & Humidity Sensor,2020/12/27 2:40 AM,23.1,91.0,20.9,23.1,,,30.21,,,,,,,,,,,,,
Back Fence,Temp & Humidity Sensor,2020/12/27 2:45 AM,23.1,92.0,21.1,23.1,,,30.21,,,,,,,,,,,,,
Back Fence,Temp & Humidity Sensor,2020/12/27 2:50 AM,23.0,92.0,21.0,23.0,,,30.21,,,,,,,,,,,,,
Back Fence,Temp & Humidity Sensor,2020/12/27 2:55 AM,23.0,92.0,21.0,23.0,,,30.21,,,,,,,,,,,,,
Back Fence,Temp & Humidity Sensor,2020/12/27 3:00 AM,23.0,91.0,20.8,23.0,,,30.21,,,,,,,,,,,,,
Back Fence,Temp & Humidity Sensor,2020/12/27 3:05 AM,23.0,90.0,20.5,23.0,,,30.21,,,,,,,,,,,,,
Back Fence,Temp & Humidity Sensor,2020/12/27 3:10 AM,23.0,89.0,20.3,23.0,,,30.21,,,,,,,,,,,,,
Back Fence,Temp & Humidity Sensor,2020/12/27 3:15 AM,23.0,91.0,20.8,23.0,,,30.22,,,,,,,,,,,,,
Back Fence,Temp & Humidity Sensor,2020/12/27 3:20 AM,23.0,92.0,21.0,23.0,,,30.22,,,,,,,,,,,,,
Back Fence,Temp & Humidity Sensor,2020/12/27 3:25 AM,23.0,92.0,21.0,23.0,,,30.21,,,,,,,,,,,,,
Back Fence,Temp & Humidity Sensor,2020/12/27 3:30 AM,22.8,92.0,20.8,22.8,,,30.21,,,,,,,,,,,,,
Back Fence,Temp & Humidity Sensor,2020/12/27 3:35 AM,22.8,91.0,20.6,22.8,,,30.22,,,,,,,,,,,,,
Back Fence,Temp & Humidity Sensor,2020/12/27 3:40 AM,22.8,92.0,20.8,22.8,,,30.22,,,,,,,,,,,,,
Back Fence,Temp & Humidity Sensor,2020/12/27 3:45 AM,22.8,93.0,21.1,22.8,,,30.22,,,,,,,,,,,,,
Back Fence,Temp & Humidity Sensor,2020/12/27 3:50 AM,22.8,93.0,21.1,22.8,,,30.22,,,,,,,,,,,,,
Back Fence,Temp & Humidity Sensor,2020/12/27 3:55 AM,22.8,92.0,20.8,22.8,,,30.22,,,,,,,,,,,,,
Back Fence,Temp & Humidity Sensor,2020/12/27 4:00 AM,22.6,94.0,21.1,22.6,,,30.22,,,,,,,,,,,,,
Back Fence,Temp & Humidity Sensor,2020/12/27 4:05 AM,22.4,94.0,20.9,22.4,,,30.22,,,,,,,,,,,,,
Back Fence,Temp & Humidity Sensor,2020/12/27 4:10 AM,22.4,95.0,21.2,22.4,,,30.22,,,,,,,,,,,,,
Back Fence,Temp & Humidity Sensor,2020/12/27 4:15 AM,22.2,94.0,20.7,22.2,,,30.22,,,,,,,,,,,,,
Back Fence,Temp & Humidity Sensor,2020/12/27 4:20 AM,22.2,94.0,20.7,22.2,,,30.22,,,,,,,,,,,,,
Back Fence,Temp & Humidity Sensor,2020/12/27 4:25 AM,22.2,96.0,21.2,22.2,,,30.22,,,,,,,,,,,,,
Back Fence,Temp & Humidity Sensor,2020/12/27 4:30 AM,22.1,95.0,20.9,22.1,,,30.22,,,,,,,,,,,,,
Back Fence,Temp & Humidity Sensor,2020/12/27 4:35 AM,22.2,94.0,20.7,22.2,,,30.22,,,,,,,,,,,,,
Back Fence,Temp & Humidity Sensor,2020/12/27 4:40 AM,22.1,95.0,20.9,22.1,,,30.22,,,,,,,,,,,,,
Back Fence,Temp & Humidity Sensor,2020/12/27 4:45 AM,21.9,96.0,20.9,21.9,,,30.22,,,,,,,,,,,,,
Back Fence,Temp & Humidity Sensor,2020/12/27 4:50 AM,21.7,95.0,20.5,21.7,,,30.22,,,,,,,,,,,,,
Back Fence,Temp & Humidity Sensor,2020/12/27 4:55 AM,21.9,95.0,20.7,21.9,,,30.22,,,,,,,,,,,,,
Back Fence,Temp & Humidity Sensor,2020/12/27 5:00 AM,22.1,94.0,20.6,22.1,,,30.22,,,,,,,,,,,,,
Back Fence,Temp & Humidity Sensor,2020/12/27 5:05 AM,22.1,96.0,21.1,22.1,,,30.22,,,,,,,,,,,,,
Back Fence,Temp & Humidity Sensor,2020/12/27 5:10 AM,22.1,97.0,21.4,22.1,,,30.23,,,,,,,,,,,,,
Back Fence,Temp & Humidity Sensor,2020/12/27 5:15 AM,21.7,97.0,21.0,21.7,,,30.23,,,,,,,,,,,,,
Back Fence,Temp & Humidity Sensor,2020/12/27 5:20 AM,21.7,97.0,21.0,21.7,,,30.22,,,,,,,,,,,,,
Back Fence,Temp & Humidity Sensor,2020/12/27 5:25 AM,21.7,97.0,21.0,21.7,,,30.22,,,,,,,,,,,,,
Back Fence,Temp & Humidity Sensor,2020/12/27 5:30 AM,21.7,97.0,21.0,21.7,,,30.23,,,,,,,,,,,,,
Back Fence,Temp & Humidity Sensor,2020/12/27 5:35 AM,21.7,97.0,21.0,21.7,,,30.23,,,,,,,,,,,,,
Back Fence,Temp & Humidity Sensor,2020/12/27 5:40 AM,21.5,97.0,20.8,21.5,,,30.23,,,,,,,,,,,,,
Back Fence,Temp & Humidity Sensor,2020/12/27 5:45 AM,21.5,98.0,21.0,21.5,,,30.23,,,,,,,,,,,,,
Back Fence,Temp & Humidity Sensor,2020/12/27 5:50 AM,21.5,98.0,21.0,21.5,,,30.24,,,,,,,,,,,,,
Back Fence,Temp & Humidity Sensor,2020/12/27 5:55 AM,21.3,98.0,20.8,21.3,,,30.24,,,,,,,,,,,,,
Back Fence,Temp & Humidity Sensor,2020/12/27 6:00 AM,21.3,98.0,20.8,21.3,,,30.25,,,,,,,,,,,,,
Back Fence,Temp & Humidity Sensor,2020/12/27 6:05 AM,21.3,97.0,20.6,21.3,,,30.25,,,,,,,,,,,,,
Back Fence,Temp & Humidity Sensor,2020/12/27 6:10 AM,21.3,98.0,20.8,21.3,,,30.25,,,,,,,,,,,,,
Back Fence,Temp & Humidity Sensor,2020/12/27 6:15 AM,21.2,98.0,20.7,21.2,,,30.25,,,,,,,,,,,,,
Back Fence,Temp & Humidity Sensor,2020/12/27 6:20 AM,21.2,98.0,20.7,21.2,,,30.26,,,,,,,,,,,,,
Back Fence,Temp & Humidity Sensor,2020/12/27 6:25 AM,21.2,98.0,20.7,21.2,,,30.26,,,,,,,,,,,,,
Back Fence,Temp & Humidity Sensor,2020/12/27 6:30 AM,21.2,98.0,20.7,21.2,,,30.26,,,,,,,,,,,,,
Back Fence,Temp & Humidity Sensor,2020/12/27 6:35 AM,21.2,98.0,20.7,21.2,,,30.26,,,,,,,,,,,,,
Back Fence,Temp & Humidity Sensor,2020/12/27 6:40 AM,21.2,97.0,20.5,21.2,,,30.26,,,,,,,,,,,,,
Back Fence,Temp & Humidity Sensor,2020/12/27 6:45 AM,21.2,97.0,20.5,21.2,,,30.27,,,,,,,,,,,,,
Back Fence,Temp & Humidity Sensor,2020/12/27 6:50 AM,21.3,96.0,20.3,21.3,,,30.27,,,,,,,,,,,,,
Back Fence,Temp & Humidity Sensor,2020/12/27 6:55 AM,21.2,96.0,20.2,21.2,,,30.28,,,,,,,,,,,,,
Back Fence,Temp & Humidity Sensor,2020/12/27 7:00 AM,21.2,95.0,20.0,21.2,,,30.28,,,,,,,,,,,,,
Back Fence,Temp & Humidity Sensor,2020/12/27 7:05 AM,21.2,95.0,20.0,21.2,,,30.28,,,,,,,,,,,,,
Back Fence,Temp & Humidity Sensor,2020/12/27 7:10 AM,21.2,94.0,19.7,21.2,,,30.28,,,,,,,,,,,,,
Back Fence,Temp & Humidity Sensor,2020/12/27 7:15 AM,21.2,94.0,19.7,21.2,,,30.28,,,,,,,,,,,,,
Back Fence,Temp & Humidity Sensor,2020/12/27 7:20 AM,21.2,96.0,20.2,21.2,,,30.28,,,,,,,,,,,,,
Back Fence,Temp & Humidity Sensor,2020/12/27 7:25 AM,21.2,96.0,20.2,21.2,,,30.29,,,,,,,,,,,,,
Back Fence,Temp & Humidity Sensor,2020/12/27 7:30 AM,21.2,95.0,20.0,21.2,,,30.29,,,,,,,,,,,,,
Back Fence,Temp & Humidity Sensor,2020/12/27 7:35 AM,21.0,96.0,20.0,21.0,,,30.29,,,,,,,,,,,,,
Back Fence,Temp & Humidity Sensor,2020/12/27 7:40 AM,21.2,96.0,20.2,21.2,,,30.29,,,,,,,,,,,,,
Back Fence,Temp & Humidity Sensor,2020/12/27 7:45 AM,21.2,96.0,20.2,21.2,,,30.29,,,,,,,,,,,,,
Back Fence,Temp & Humidity Sensor,2020/12/27 7:50 AM,21.2,97.0,20.5,21.2,,,30.29,,,,,,,,,,,,,
Back Fence,Temp & Humidity Sensor,2020/12/27 7:55 AM,21.2,97.0,20.5,21.2,,,30.29,,,,,,,,,,,,,
Back Fence,Temp & Humidity Sensor,2020/12/27 8:00 AM,21.3,97.0,20.6,21.3,,,30.29,,,,,,,,,,,,,
Back Fence,Temp & Humidity Sensor,2020/12/27 8:05 AM,21.5,97.0,20.8,21.5,,,30.29,,,,,,,,,,,,,
Back Fence,Temp & Humidity Sensor,2020/12/27 8:10 AM,21.9,98.0,21.4,21.9,,,30.29,,,,,,,,,,,,,
Back Fence,Temp & Humidity Sensor,2020/12/27 8:15 AM,22.2,98.0,21.7,22.2,,,30.29,,,,,,,,,,,,,
Back Fence,Temp & Humidity Sensor,2020/12/27 8:20 AM,22.4,97.0,21.7,22.4,,,30.29,,,,,,,,,,,,,
Back Fence,Temp & Humidity Sensor,2020/12/27 8:25 AM,23.0,96.0,22.0,23.0,,,30.29,,,,,,,,,,,,,
Back Fence,Temp & Humidity Sensor,2020/12/27 8:30 AM,23.1,96.0,22.1,23.1,,,30.3,,,,,,,,,,,,,
Back Fence,Temp & Humidity Sensor,2020/12/27 8:35 AM,23.7,96.0,22.7,23.7,,,30.3,,,,,,,,,,,,,
Back Fence,Temp & Humidity Sensor,2020/12/27 8:40 AM,24.0,96.0,23.0,24.0,,,30.3,,,,,,,,,,,,,
Back Fence,Temp & Humidity Sensor,2020/12/27 8:45 AM,24.4,96.0,23.4,24.4,,,30.3,,,,,,,,,,,,,
Garage,Temp & Humidity Sensor,2020/11/27 12:00 AM,57.5,73.0,48.9,56.4,,,30.09,,,,,,,,,,,,,
Garage,Temp & Humidity Sensor,2020/11/27 12:05 AM,57.5,73.0,48.9,56.4,,,30.09,,,,,,,,,,,,,
Garage,Temp & Humidity Sensor,2020/11/27 12:10 AM,57.3,73.0,48.7,56.2,,,30.09,,,,,,,,,,,,,
Garage,Temp & Humidity Sensor,2020/11/27 12:15 AM,57.3,73.0,48.7,56.2,,,30.09,,,,,,,,,,,,,
Garage,Temp & Humidity Sensor,2020/11/27 12:20 AM,57.3,73.0,48.7,56.2,,,30.09,,,,,,,,,,,,,
Garage,Temp & Humidity Sensor,2020/11/27 12:25 AM,57.3,73.0,48.7,56.2,,,30.09,,,,,,,,,,,,,
Garage,Temp & Humidity Sensor,2020/11/27 12:30 AM,57.3,73.0,48.7,56.2,,,30.09,,,,,,,,,,,,,
Garage,Temp & Humidity Sensor,2020/11/27 12:35 AM,57.3,73.0,48.7,56.2,,,30.09,,,,,,,,,,,,,
Garage,Temp & Humidity Sensor,2020/11/27 12:40 AM,57.3,73.0,48.7,56.2,,,30.08,,,,,,,,,,,,,
Garage,Temp & Humidity Sensor,2020/11/27 12:45 AM,57.3,73.0,48.7,56.2,,,30.08,,,,,,,,,,,,,
Garage,Temp & Humidity Sensor,2020/11/27 12:50 AM,57.3,73.0,48.7,56.2,,,30.09,,,,,,,,,,,,,
Garage,Temp & Humidity Sensor,2020/11/27 12:55 AM,57.3,73.0,48.7,56.2,,,30.08,,,,,,,,,,,,,
Garage,Temp & Humidity Sensor,2020/11/27 1:00 AM,57.3,73.0,48.7,56.2,,,30.08,,,,,,,,,,,,,
Garage,Temp & Humidity Sensor,2020/11/27 1:05 AM,57.3,73.0,48.7,56.2,,,30.09,,,,,,,,,,,,,
Garage,Temp & Humidity Sensor,2020/11/27 1:10 AM,57.3,73.0,48.7,56.2,,,30.09,,,,,,,,,,,,,
Garage,Temp & Humidity Sensor,2020/11/27 1:15 AM,57.3,73.0,48.7,56.2,,,30.09,,,,,,,,,,,,,
Garage,Temp & Humidity Sensor,2020/11/27 1:20 AM,57.2,73.0,48.6,56.1,,,30.09,,,,,,,,,,,,,
Garage,Temp & Humidity Sensor,2020/11/27 1:25 AM,57.2,73.0,48.6,56.1,,,30.09,,,,,,,,,,,,,
Garage,Temp & Humidity Sensor,2020/11/27 1:30 AM,57.2,73.0,48.6,56.1,,,30.09,,,,,,,,,,,,,
Garage,Temp & Humidity Sensor,2020/11/27 1:35 AM,57.2,73.0,48.6,56.1,,,30.09,,,,,,,,,,,,,
Garage,Temp & Humidity Sensor,2020/11/27 1:40 AM,57.2,73.0,48.6,56.1,,,30.09,,,,,,,,,,,,,
Garage,Temp & Humidity Sensor,2020/11/27 1:45 AM,57.2,73.0,48.6,56.1,,,30.08,,,,,,,,,,,,,
Garage,Temp & Humidity Sensor,2020/11/27 1:50 AM,57.2,73.0,48.6,56.1,,,30.08,,,,,,,,,,,,,
Garage,Temp & Humidity Sensor,2020/11/27 1:55 AM,57.2,73.0,48.6,56.1,,,30.08,,,,,,,,,,,,,
Garage,Temp & Humidity Sensor,2020/11/27 2:00 AM,57.2,73.0,48.6,56.1,,,30.08,,,,,,,,,,,,,
Garage,Temp & Humidity Sensor,2020/11/27 2:05 AM,57.2,73.0,48.6,56.1,,,30.08,,,,,,,,,,,,,
Garage,Temp & Humidity Sensor,2020/11/27 2:10 AM,57.2,73.0,48.6,56.1,,,30.08,,,,,,,,,,,,,
Garage,Temp & Humidity Sensor,2020/11/27 2:15 AM,57.2,73.0,48.6,56.1,,,30.08,,,,,,,,,,,,,
Garage,Temp & Humidity Sensor,2020/11/27 2:20 AM,57.2,73.0,48.6,56.1,,,30.08,,,,,,,,,,,,,
Garage,Temp & Humidity Sensor,2020/11/27 2:25 AM,57.2,73.0,48.6,56.1,,,30.07,,,,,,,,,,,,,
Garage,Temp & Humidity Sensor,2020/11/27 2:30 AM,57.2,73.0,48.6,56.1,,,30.08,,,,,,,,,,,,,
Garage,Temp & Humidity Sensor,2020/11/27 2:35 AM,57.2,73.0,48.6,56.1,,,30.08,,,,,,,,,,,,,
Garage,Temp & Humidity Sensor,2020/11/27 2:40 AM,57.3,73.0,48.7,56.2,,,30.08,,,,,,,,,,,,,
Garage,Temp & Humidity Sensor,2020/11/27 2:45 AM,57.2,73.0,48.6,56.1,,,30.08,,,,,,,,,,,,,
Garage,Temp & Humidity Sensor,2020/11/27 2:50 AM,57.3,73.0,48.7,56.2,,,30.08,,,,,,,,,,,,,
Garage,Temp & Humidity Sensor,2020/11/27 2:55 AM,57.3,73.0,48.7,56.2,,,30.07,,,,,,,,,,,,,
Garage,Temp & Humidity Sensor,2020/11/27 3:00 AM,57.3,73.0,48.7,56.2,,,30.08,,,,,,,,,,,,,
Garage,Temp & Humidity Sensor,2020/11/27 3:05 AM,57.3,73.0,48.7,56.2,,,30.08,,,,,,,,,,,,,
Garage,Temp & Humidity Sensor,2020/11/27 3:10 AM,57.3,73.0,48.7,56.2,,,30.08,,,,,,,,,,,,,
Garage,Temp & Humidity Sensor,2020/11/27 3:15 AM,57.3,73.0,48.7,56.2,,,30.08,,,,,,,,,,,,,
Garage,Temp & Humidity Sensor,2020/11/27 3:20 AM,57.3,73.0,48.7,56.2,,,30.07,,,,,,,,,,,,,
Garage,Temp & Humidity Sensor,2020/11/27 3:25 AM,57.3,73.0,48.7,56.2,,,30.07,,,,,,,,,,,,,
Garage,Temp & Humidity Sensor,2020/11/27 3:30 AM,57.3,73.0,48.7,56.2,,,30.07,,,,,,,,,,,,,
Garage,Temp & Humidity Sensor,2020/11/27 3:35 AM,57.3,73.0,48.7,56.2,,,30.07,,,,,,,,,,,,,
Garage,Temp & Humidity Sensor,2020/11/27 3:40 AM,57.3,73.0,48.7,56.2,,,30.07,,,,,,,,,,,,,
Garage,Temp & Humidity Sensor,2020/11/27 3:45 AM,57.3,73.0,48.7,56.2,,,30.07,,,,,,,,,,,,,
Garage,Temp & Humidity Sensor,2020/11/27 3:50 AM,57.3,74.0,49.1,56.2,,,30.07,,,,,,,,,,,,,
Garage,Temp & Humidity Sensor,2020/11/27 3:55 AM,57.3,74.0,49.1,56.2,,,30.08,,,,,,,,,,,,,
Garage,Temp & Humidity Sensor,2020/11/27 4:00 AM,57.3,74.0,49.1,56.2,,,30.07,,,,,,,,,,,,,
Garage,Temp & Humidity Sensor,2020/11/27 4:05 AM,57.3,74.0,49.1,56.2,,,30.07,,,,,,,,,,,,,
Garage,Temp & Humidity Sensor,2020/11/27 4:10 AM,57.3,74.0,49.1,56.2,,,30.07,,,,,,,,,,,,,
Garage,Temp & Humidity Sensor,2020/11/27 4:15 AM,57.3,74.0,49.1,56.2,,,30.07,,,,,,,,,,,,,
Garage,Temp & Humidity Sensor,2020/11/27 4:20 AM,57.3,74.0,49.1,56.2,,,30.07,,,,,,,,,,,,,
Garage,Temp & Humidity Sensor,2020/11/27 4:25 AM,57.3,74.0,49.1,56.2,,,30.08,,,,,,,,,,,,,
Garage,Temp & Humidity Sensor,2020/11/27 4:30 AM,57.3,74.0,49.1,56.2,,,30.08,,,,,,,,,,,,,
Garage,Temp & Humidity Sensor,2020/11/27 4:35 AM,57.3,74.0,49.1,56.2,,,30.08,,,,,,,,,,,,,
Garage,Temp & Humidity Sensor,2020/11/27 4:40 AM,57.3,74.0,49.1,56.2,,,30.08,,,,,,,,,,,,,
Garage,Temp & Humidity Sensor,2020/11/27 4:45 AM,57.5,74.0,49.3,56.4,,,30.08,,,,,,,,,,,,,
Garage,Temp & Humidity Sensor,2020/11/27 4:50 AM,57.5,74.0,49.3,56.4,,,30.08,,,,,,,,,,,,,
Garage,Temp & Humidity Sensor,2020/11/27 4:55 AM,57.5,74.0,49.3,56.4,,,30.07,,,,,,,,,,,,,
Garage,Temp & Humidity Sensor,2020/11/27 5:00 AM,57.5,74.0,49.3,56.4,,,30.07,,,,,,,,,,,,,
Garage,Temp & Humidity Sensor,2020/11/27 5:05 AM,57.5,74.0,49.3,56.4,,,30.07,,,,,,,,,,,,,
Garage,Temp & Humidity Sensor,2020/11/27 5:10 AM,57.5,74.0,49.3,56.4,,,30.07,,,,,,,,,,,,,
Garage,Temp & Humidity Sensor,2020/11/27 5:15 AM,57.5,74.0,49.3,56.4,,,30.08,,,,,,,,,,,,,
Garage,Temp & Humidity Sensor,2020/11/27 5:20 AM,57.5,74.0,49.3,56.4,,,30.07,,,,,,,,,,,,,
Garage,Temp & Humidity Sensor,2020/11/27 5:25 AM,57.5,74.0,49.3,56.4,,,30.07,,,,,,,,,,,,,
Garage,Temp & Humidity Sensor,2020/11/27 5:30 AM,57.5,74.0,49.3,56.4,,,30.08,,,,,,,,,,,,,
Garage,Temp & Humidity Sensor,2020/11/27 5:35 AM,57.5,74.0,49.3,56.4,,,30.07,,,,,,,,,,,,,
Garage,Temp & Humidity Sensor,2020/11/27 5:40 AM,57.5,74.0,49.3,56.4,,,30.07,,,,,,,,,,,,,
Garage,Temp & Humidity Sensor,2020/11/27 5:45 AM,57.5,74.0,49.3,56.4,,,30.07,,,,,,,,,,,,,
Garage,Temp & Humidity Sensor,2020/11/27 5:50 AM,57.5,74.0,49.3,56.4,,,30.07,,,,,,,,,,,,,
Garage,Temp & Humidity Sensor,2020/11/27 5:55 AM,57.5,74.0,49.3,56.4,,,30.07,,,,,,,,,,,,,
Garage,Temp & Humidity Sensor,2020/11/27 6:00 AM,57.5,74.0,49.3,56.4,,,30.08,,,,,,,,,,,,,
Garage,Temp & Humidity Sensor,2020/11/27 6:05 AM,57.5,74.0,49.3,56.4,,,30.08,,,,,,,,,,,,,
Garage,Temp & Humidity Sensor,2020/11/27 6:10 AM,57.5,74.0,49.3,56.4,,,30.07,,,,,,,,,,,,,
Garage,Temp & Humidity Sensor,2020/11/27 6:15 AM,57.5,74.0,49.3,56.4,,,30.07,,,,,,,,,,,,,
Garage,Temp & Humidity Sensor,2020/11/27 6:20 AM,57.5,74.0,49.3,56.4,,,30.08,,,,,,,,,,,,,
Garage,Temp & Humidity Sensor,2020/11/27 6:25 AM,57.5,74.0,49.3,56.4,,,30.08,,,,,,,,,,,,,
Garage,Temp & Humidity Sensor,2020/11/27 6:30 AM,57.5,74.0,49.3,56.4,,,30.08,,,,,,,,,,,,,
Garage,Temp & Humidity Sensor,2020/11/27 6:35 AM,57.5,74.0,49.3,56.4,,,30.08,,,,,,,,,,,,,
Garage,Temp & Humidity Sensor,2020/11/27 6:40 AM,57.5,74.0,49.3,56.4,,,30.08,,,,,,,,,,,,,
Garage,Temp & Humidity Sensor,2020/11/27 6:45 AM,57.5,74.0,49.3,56.4,,,30.08,,,,,,,,,,,,,
Garage,Temp & Humidity Sensor,2020/11/27 6:50 AM,57.5,74.0,49.3,56.4,,,30.09,,,,,,,,,,,,,
Garage,Temp & Humidity Sensor,2020/11/27 6:55 AM,57.5,74.0,49.3,56.4,,,30.09,,,,,,,,,,,,,
Garage,Temp & Humidity Sensor,2020/11/27 7:00 AM,57.5,74.0,49.3,56.4,,,30.09,,,,,,,,,,,,,
Garage,Temp & Humidity Sensor,2020/11/27 7:05 AM,57.5,74.0,49.3,56.4,,,30.09,,,,,,,,,,,,,
Garage,Temp & Humidity Sensor,2020/11/27 7:10 AM,57.5,74.0,49.3,56.4,,,30.09,,,,,,,,,,,,,
Garage,Temp & Humidity Sensor,2020/11/27 7:15 AM,57.5,74.0,49.3,56.4,,,30.09,,,,,,,,,,,,,
Garage,Temp & Humidity Sensor,2020/11/27 7:20 AM,57.5,74.0,49.3,56.4,,,30.09,,,,,,,,,,,,,
Garage,Temp & Humidity Sensor,2020/11/27 7:25 AM,57.5,74.0,49.3,56.4,,,30.1,,,,,,,,,,,,,
Garage,Temp & Humidity Sensor,2020/11/27 7:30 AM,57.5,74.0,49.3,56.4,,,30.1,,,,,,,,,,,,,
Garage,Temp & Humidity Sensor,2020/11/27 7:35 AM,57.5,74.0,49.3,56.4,,,30.1,,,,,,,,,,,,,
Garage,Temp & Humidity Sensor,2020/11/27 7:40 AM,57.5,74.0,49.3,56.4,,,30.1,,,,,,,,,,,,,
Garage,Temp & Humidity Sensor,2020/11/27 7:45 AM,57.5,74.0,49.3,56.4,,,30.1,,,,,,,,,,,,,
Garage,Temp & Humidity Sensor,2020/11/27 7:50 AM,57.5,74.0,49.3,56.4,,,30.1,,,,,,,,,,,,,
Garage,Temp & Humidity Sensor,2020/11/27 7:55 AM,57.5,74.0,49.3,56.4,,,30.1,,,,,,,,,,,,,
Garage,Temp & Humidity Sensor,2020/11/27 8:00 AM,57.5,74.0,49.3,56.4,,,30.1,,,,,,,,,,,,,
Garage,Temp & Humidity Sensor,2020/11/27 8:05 AM,57.5,74.0,49.3,56.4,,,30.1,,,,,,,,,,,,,
Garage,Temp & Humidity Sensor,2020/11/27 8:10 AM,57.5,74.0,49.3,56.4,,,30.1,,,,,,,,,,,,,
Garage,Temp & Humidity Sensor,2020/11/27 8:15 AM,57.5,74.0,49.3,56.4,,,30.1,,,,,,,,,,,,,
Garage,Temp & Humidity Sensor,2020/11/27 8:20 AM,57.5,74.0,49.3,56.4,,,30.1,,,,,,,,,,,,,
Garage,Temp & Humidity Sensor,2020/11/27 8:25 AM,57.5,74.0,49.3,56.4,,,30.1,,,,,,,,,,,,,
Garage,Temp & Humidity Sensor,2020/11/27 8:30 AM,57.5,74.0,49.3,56.4,,,30.1,,,,,,,,,,,,,
Garage,Temp & Humidity Sensor,2020/11/27 8:35 AM,57.5,74.0,49.3,56.4,,,30.1,,,,,,,,,,,,,
Garage,Temp & Humidity Sensor,2020/11/27 8:40 AM,57.5,74.0,49.3,56.4,,,30.11,,,,,,,,,,,,,
Garage,Temp & Humidity Sensor,2020/11/27 8:45 AM,57.5,74.0,49.3,56.4,,,30.11,,,,,,,,,,,,,
Garage,Temp & Humidity Sensor,2020/11/27 8:50 AM,57.5,74.0,49.3,56.4,,,30.11,,,,,,,,,,,,,
Garage,Temp & Humidity Sensor,2020/11/27 8:55 AM,57.5,74.0,49.3,56.4,,,30.11,,,,,,,,,,,,,
Garage,Temp & Humidity Sensor,2020/11/27 9:00 AM,57.5,74.0,49.3,56.4,,,30.11,,,,,,,,,,,,,
Garage,Temp & Humidity Sensor,2020/11/27 9:05 AM,57.7,74.0,49.5,56.6,,,30.11,,,,,,,,,,,,,
Garage,Temp & Humidity Sensor,2020/11/27 9:10 AM,57.7,74.0,49.5,56.6,,,30.11,,,,,,,,,,,,,
Garage,Temp & Humidity Sensor,2020/11/27 9:15 AM,57.7,74.0,49.5,56.6,,,30.11,,,,,,,,,,,,,
Garage,Temp & Humidity Sensor,2020/11/27 9:20 AM,57.7,74.0,49.5,56.6,,,30.11,,,,,,,,,,,,,
Garage,Temp & Humidity Sensor,2020/11/27 9:25 AM,57.7,74.0,49.5,56.6,,,30.11,,,,,,,,,,,,,
Garage,Temp & Humidity Sensor,2020/11/27 9:30 AM,57.7,74.0,49.5,56.6,,,30.11,,,,,,,,,,,,,
Garage,Temp & Humidity Sensor,2020/11/27 9:35 AM,57.7,74.0,49.5,56.6,,,30.11,,,,,,,,,,,,,
Garage,Temp & Humidity Sensor,2020/11/27 9:40 AM,57.9,74.0,49.7,56.9,,,30.11,,,,,,,,,,,,,
Garage,Temp & Humidity Sensor,2020/11/27 9:45 AM,57.9,74.0,49.7,56.9,,,30.11,,,,,,,,,,,,,
Garage,Temp & Humidity Sensor,2020/11/27 9:50 AM,57.9,74.0,49.7,56.9,,,30.12,,,,,,,,,,,,,
Garage,Temp & Humidity Sensor,2020/11/27 9:55 AM,57.9,74.0,49.7,56.9,,,30.11,,,,,,,,,,,,,
Garage,Temp & Humidity Sensor,2020/11/27 10:00 AM,58.1,74.0,49.9,57.1,,,30.11,,,,,,,,,,,,,
Garage,Temp & Humidity Sensor,2020/11/27 10:05 AM,58.1,74.0,49.9,57.1,,,30.11,,,,,,,,,,,,,
Garage,Temp & Humidity Sensor,2020/11/27 10:10 AM,58.1,74.0,49.9,57.1,,,30.11,,,,,,,,,,,,,
Garage,Temp & Humidity Sensor,2020/11/27 10:15 AM,58.2,74.0,50.0,57.2,,,30.11,,,,,,,,,,,,,
Garage,Temp & Humidity Sensor,2020/11/27 10:20 AM,58.2,75.0,50.3,57.2,,,30.11,,,,,,,,,,,,,
Garage,Temp & Humidity Sensor,2020/11/27 10:25 AM,58.4,75.0,50.5,57.5,,,30.11,,,,,,,,,,,,,
Garage,Temp & Humidity Sensor,2020/11/27 10:30 AM,58.4,75.0,50.5,57.5,,,30.11,,,,,,,,,,,,,
Garage,Temp & Humidity Sensor,2020/11/27 10:35 AM,58.6,75.0,50.7,57.7,,,30.11,,,,,,,,,,,,,
Garage,Temp & Humidity Sensor,2020/11/27 10:40 AM,58.6,75.0,50.7,57.7,,,30.11,,,,,,,,,,,,,
Garage,Temp & Humidity Sensor,2020/11/27 10:45 AM,58.6,75.0,50.7,57.7,,,30.11,,,,,,,,,,,,,
Garage,Temp & Humidity Sensor,2020/11/27 10:50 AM,58.8,75.0,50.9,57.9,,,30.11,,,,,,,,,,,,,
Garage,Temp & Humidity Sensor,2020/11/27 10:55 AM,58.8,75.0,50.9,57.9,,,30.11,,,,,,,,,,,,,
Garage,Temp & Humidity Sensor,2020/11/27 11:00 AM,59.0,74.0,50.7,58.1,,,30.11,,,,,,,,,,,,,
Garage,Temp & Humidity Sensor,2020/11/27 11:05 AM,59.0,74.0,50.7,58.1,,,30.1,,,,,,,,,,,,,
Garage,Temp & Humidity Sensor,2020/11/27 11:10 AM,59.1,74.0,50.8,58.2,,,30.1,,,,,,,,,,,,,
Garage,Temp & Humidity Sensor,2020/11/27 11:15 AM,59.1,74.0,50.8,58.2,,,30.1,,,,,,,,,,,,,
Garage,Temp & Humidity Sensor,2020/11/27 11:20 AM,59.3,74.0,51.0,58.4,,,30.1,,,,,,,,,,,,,
Garage,Temp & Humidity Sensor,2020/11/27 11:25 AM,59.3,74.0,51.0,58.4,,,30.1,,,,,,,,,,,,,
Garage,Temp & Humidity Sensor,2020/11/27 11:30 AM,59.5,74.0,51.2,58.6,,,30.09,,,,,,,,,,,,,
Garage,Temp & Humidity Sensor,2020/11/27 11:35 AM,59.5,74.0,51.2,58.6,,,30.09,,,,,,,,,,,,,
Garage,Temp & Humidity Sensor,2020/11/27 11:40 AM,59.7,75.0,51.8,58.9,,,30.09,,,,,,,,,,,,,
Garage,Temp & Humidity Sensor,2020/11/27 11:45 AM,59.7,75.0,51.8,58.9,,,30.08,,,,,,,,,,,,,
Garage,Temp & Humidity Sensor,2020/11/27 11:50 AM,59.9,75.0,52.0,59.1,,,30.08,,,,,,,,,,,,,
Garage,Temp & Humidity Sensor,2020/11/27 11:55 AM,59.9,75.0,52.0,59.1,,,30.08,,,,,,,,,,,,,
Garage,Temp & Humidity Sensor,2020/11/27 12:00 PM,60.0,75.0,52.1,59.2,,,30.08,,,,,,,,,,,,,
Garage,Temp & Humidity Sensor,2020/11/27 12:05 PM,60.0,75.0,52.1,59.2,,,30.08,,,,,,,,,,,,,
Garage,Temp & Humidity Sensor,2020/11/27 12:10 PM,60.2,75.0,52.2,59.4,,,30.08,,,,,,,,,,,,,
Garage,Temp & Humidity Sensor,2020/11/27 12:15 PM,60.2,75.0,52.2,59.4,,,30.08,,,,,,,,,,,,,
Garage,Temp & Humidity Sensor,2020/11/27 12:20 PM,60.2,75.0,52.2,59.4,,,30.08,,,,,,,,,,,,,
Garage,Temp & Humidity Sensor,2020/11/27 12:25 PM,60.4,75.0,52.4,59.7,,,30.08,,,,,,,,,,,,,
Garage,Temp & Humidity Sensor,2020/11/27 12:30 PM,60.8,74.0,52.5,60.1,,,30.07,,,,,,,,,,,,,
Garage,Temp & Humidity Sensor,2020/11/27 12:35 PM,60.8,74.0,52.5,60.1,,,30.08,,,,,,,,,,,,,
Garage,Temp & Humidity Sensor,2020/11/27 12:40 PM,60.9,74.0,52.6,60.2,,,30.08,,,,,,,,,,,,,
Garage,Temp & Humidity Sensor,2020/11/27 12:45 PM,60.9,74.0,52.6,60.2,,,30.08,,,,,,,,,,,,,
Garage,Temp & Humidity Sensor,2020/11/27 12:50 PM,61.1,74.0,52.7,60.4,,,30.08,,,,,,,,,,,,,
Garage,Temp & Humidity Sensor,2020/11/27 12:55 PM,61.1,75.0,53.1,60.4,,,30.08,,,,,,,,,,,,,
Garage,Temp & Humidity Sensor,2020/11/27 1:00 PM,61.1,74.0,52.7,60.4,,,30.08,,,,,,,,,,,,,
Garage,Temp & Humidity Sensor,2020/11/27 1:05 PM,61.1,74.0,52.7,60.4,,,30.07,,,,,,,,,,,,,
Garage,Temp & Humidity Sensor,2020/11/27 1:10 PM,61.3,74.0,52.9,60.6,,,30.08,,,,,,,,,,,,,
Garage,Temp & Humidity Sensor,2020/11/27 1:15 PM,61.3,74.0,52.9,60.6,,,30.07,,,,,,,,,,,,,
Garage,Temp & Humidity Sensor,2020/11/27 1:20 PM,61.3,74.0,52.9,60.6,,,30.07,,,,,,,,,,,,,
Garage,Temp & Humidity Sensor,2020/11/27 1:25 PM,61.3,74.0,52.9,60.6,,,30.07,,,,,,,,,,,,,
Garage,Temp & Humidity Sensor,2020/11/27 1:30 PM,61.5,74.0,53.1,60.8,,,30.07,,,,,,,,,,,,,
Garage,Temp & Humidity Sensor,2020/11/27 1:35 PM,61.3,74.0,52.9,60.6,,,30.07,,,,,,,,,,,,,
Garage,Temp & Humidity Sensor,2020/11/27 1:40 PM,61.5,74.0,53.1,60.8,,,30.06,,,,,,,,,,,,,
Garage,Temp & Humidity Sensor,2020/11/27 1:45 PM,61.5,74.0,53.1,60.8,,,30.06,,,,,,,,,,,,,
Garage,Temp & Humidity Sensor,2020/11/27 1:50 PM,61.5,74.0,53.1,60.8,,,30.06,,,,,,,,,,,,,
Garage,Temp & Humidity Sensor,2020/11/27 1:55 PM,61.5,74.0,53.1,60.8,,,30.06,,,,,,,,,,,,,
Garage,Temp & Humidity Sensor,2020/11/27 2:00 PM,61.5,74.0,53.1,60.8,,,30.06,,,,,,,,,,,,,
Garage,Temp & Humidity Sensor,2020/11/27 2:05 PM,61.5,74.0,53.1,60.8,,,30.05,,,,,,,,,,,,,
Garage,Temp & Humidity Sensor,2020/11/27 2:10 PM,61.5,73.0,52.8,60.8,,,30.05,,,,,,,,,,,,,
Garage,Temp & Humidity Sensor,2020/11/27 2:15 PM,61.5,73.0,52.8,60.8,,,30.04,,,,,,,,,,,,,
Garage,Temp & Humidity Sensor,2020/11/27 2:20 PM,61.5,73.0,52.8,60.8,,,30.03,,,,,,,,,,,,,
Garage,Temp & Humidity Sensor,2020/11/27 2:25 PM,61.5,73.0,52.8,60.8,,,30.03,,,,,,,,,,,,,
Garage,Temp & Humidity Sensor,2020/11/27 2:30 PM,61.5,73.0,52.8,60.8,,,30.03,,,,,,,,,,,,,
Garage,Temp & Humidity Sensor,2020/11/27 2:35 PM,61.5,73.0,52.8,60.8,,,30.03,,,,,,,,,,,,,
Garage,Temp & Humidity Sensor,2020/11/27 2:40 PM,61.5,73.0,52.8,60.8,,,30.04,,,,,,,,,,,,,
Garage,Temp & Humidity Sensor,2020/11/27 2:45 PM,61.5,73.0,52.8,60.8,,,30.04,,,,,,,,,,,,,
Garage,Temp & Humidity Sensor,2020/11/27 2:50 PM,61.5,73.0,52.8,60.8,,,30.04,,,,,,,,,,,,,
Garage,Temp & Humidity Sensor,2020/11/27 2:55 PM,61.5,73.0,52.8,60.8,,,30.03,,,,,,,,,,,,,
Garage,Temp & Humidity Sensor,2020/11/27 3:00 PM,61.5,73.0,52.8,60.8,,,30.03,,,,,,,,,,,,,
Garage,Temp & Humidity Sensor,2020/11/27 3:05 PM,61.7,73.0,53.0,61.0,,,30.03,,,,,,,,,,,,,
Garage,Temp & Humidity Sensor,2020/11/27 3:10 PM,61.7,73.0,53.0,61.0,,,30.04,,,,,,,,,,,,,
Garage,Temp & Humidity Sensor,2020/11/27 3:15 PM,61.7,73.0,53.0,61.0,,,30.03,,,,,,,,,,,,,
Garage,Temp & Humidity Sensor,2020/11/27 3:20 PM,61.7,73.0,53.0,61.0,,,30.04,,,,,,,,,,,,,
Garage,Temp & Humidity Sensor,2020/11/27 3:25 PM,61.7,73.0,53.0,61.0,,,30.04,,,,,,,,,,,,,
Garage,Temp & Humidity Sensor,2020/11/27 3:30 PM,61.5,73.0,52.8,60.8,,,30.03,,,,,,,,,,,,,
Garage,Temp & Humidity Sensor,2020/11/27 3:35 PM,61.7,73.0,53.0,61.0,,,30.03,,,,,,,,,,,,,
Garage,Temp & Humidity Sensor,2020/11/27 3:40 PM,61.7,73.0,53.0,61.0,,,30.03,,,,,,,,,,,,,
Garage,Temp & Humidity Sensor,2020/11/27 3:45 PM,61.7,73.0,53.0,61.0,,,30.03,,,,,,,,,,,,,
Garage,Temp & Humidity Sensor,2020/11/27 3:50 PM,61.7,73.0,53.0,61.0,,,30.03,,,,,,,,,,,,,
Garage,Temp & Humidity Sensor,2020/11/27 3:55 PM,61.7,73.0,53.0,61.0,,,30.04,,,,,,,,,,,,,
Garage,Temp & Humidity Sensor,2020/11/27 4:00 PM,61.8,73.0,53.0,61.1,,,30.04,,,,,,,,,,,,,
Garage,Temp & Humidity Sensor,2020/11/27 4:05 PM,61.8,73.0,53.0,61.1,,,30.04,,,,,,,,,,,,,
Garage,Temp & Humidity Sensor,2020/11/27 4:10 PM,61.8,73.0,53.0,61.1,,,30.05,,,,,,,,,,,,,
Garage,Temp & Humidity Sensor,2020/11/27 4:15 PM,61.8,73.0,53.0,61.1,,,30.05,,,,,,,,,,,,,
Garage,Temp & Humidity Sensor,2020/11/27 4:20 PM,61.8,73.0,53.0,61.1,,,30.05,,,,,,,,,,,,,
Garage,Temp & Humidity Sensor,2020/11/27 4:25 PM,61.8,73.0,53.0,61.1,,,30.05,,,,,,,,,,,,,
Garage,Temp & Humidity Sensor,2020/11/27 4:30 PM,61.7,73.0,53.0,61.0,,,30.05,,,,,,,,,,,,,
Garage,Temp & Humidity Sensor,2020/11/27 4:35 PM,61.7,73.0,53.0,61.0,,,30.05,,,,,,,,,,,,,
Garage,Temp & Humidity Sensor,2020/11/27 4:40 PM,61.7,73.0,53.0,61.0,,,30.04,,,,,,,,,,,,,
Garage,Temp & Humidity Sensor,2020/11/27 4:45 PM,61.7,72.0,52.6,61.0,,,30.04,,,,,,,,,,,,,
Garage,Temp & Humidity Sensor,2020/11/27 4:50 PM,61.5,72.0,52.4,60.7,,,30.04,,,,,,,,,,,,,
Garage,Temp & Humidity Sensor,2020/11/27 4:55 PM,61.5,72.0,52.4,60.7,,,30.04,,,,,,,,,,,,,
Garage,Temp & Humidity Sensor,2020/11/27 5:00 PM,61.5,72.0,52.4,60.7,,,30.04,,,,,,,,,,,,,
Garage,Temp & Humidity Sensor,2020/11/27 5:05 PM,61.3,72.0,52.2,60.5,,,30.04,,,,,,,,,,,,,
Garage,Temp & Humidity Sensor,2020/11/27 5:10 PM,61.3,72.0,52.2,60.5,,,30.04,,,,,,,,,,,,,
Garage,Temp & Humidity Sensor,2020/11/27 5:15 PM,61.1,72.0,52.0,60.3,,,30.05,,,,,,,,,,,,,
Garage,Temp & Humidity Sensor,2020/11/27 5:20 PM,61.1,72.0,52.0,60.3,,,30.05,,,,,,,,,,,,,
Garage,Temp & Humidity Sensor,2020/11/27 5:25 PM,60.9,72.0,51.8,60.1,,,30.04,,,,,,,,,,,,,
Garage,Temp & Humidity Sensor,2020/11/27 5:30 PM,60.9,72.0,51.8,60.1,,,30.05,,,,,,,,,,,,,
Garage,Temp & Humidity Sensor,2020/11/27 5:35 PM,60.8,72.0,51.7,60.0,,,30.04,,,,,,,,,,,,,
Garage,Temp & Humidity Sensor,2020/11/27 5:40 PM,60.8,72.0,51.7,60.0,,,30.05,,,,,,,,,,,,,
Garage,Temp & Humidity Sensor,2020/11/27 5:45 PM,60.4,73.0,51.7,59.6,,,30.05,,,,,,,,,,,,,
Garage,Temp & Humidity Sensor,2020/11/27 5:50 PM,60.2,73.0,51.5,59.4,,,30.05,,,,,,,,,,,,,
Garage,Temp & Humidity Sensor,2020/11/27 5:55 PM,60.2,73.0,51.5,59.4,,,30.05,,,,,,,,,,,,,
Garage,Temp & Humidity Sensor,2020/11/27 6:00 PM,60.0,73.0,51.3,59.1,,,30.05,,,,,,,,,,,,,
Garage,Temp & Humidity Sensor,2020/11/27 6:05 PM,60.0,73.0,51.3,59.1,,,30.05,,,,,,,,,,,,,
Garage,Temp & Humidity Sensor,2020/11/27 6:10 PM,59.9,73.0,51.2,59.0,,,30.05,,,,,,,,,,,,,
Garage,Temp & Humidity Sensor,2020/11/27 6:15 PM,59.7,73.0,51.0,58.8,,,30.05,,,,,,,,,,,,,
Garage,Temp & Humidity Sensor,2020/11/27 6:20 PM,59.7,73.0,51.0,58.8,,,30.05,,,,,,,,,,,,,
Garage,Temp & Humidity Sensor,2020/11/27 6:25 PM,59.5,73.0,50.8,58.6,,,30.06,,,,,,,,,,,,,
Garage,Temp & Humidity Sensor,2020/11/27 6:30 PM,59.5,73.0,50.8,58.6,,,30.06,,,,,,,,,,,,,
Garage,Temp & Humidity Sensor,2020/11/27 6:35 PM,59.3,73.0,50.6,58.4,,,30.06,,,,,,,,,,,,,
Garage,Temp & Humidity Sensor,2020/11/27 6:40 PM,59.1,73.0,50.5,58.1,,,30.06,,,,,,,,,,,,,
Garage,Temp & Humidity Sensor,2020/11/27 6:45 PM,59.1,73.0,50.5,58.1,,,30.06,,,,,,,,,,,,,
Garage,Temp & Humidity Sensor,2020/11/27 6:50 PM,59.0,73.0,50.4,58.0,,,30.06,,,,,,,,,,,,,
Garage,Temp & Humidity Sensor,2020/11/27 6:55 PM,59.0,73.0,50.4,58.0,,,30.06,,,,,,,,,,,,,
Garage,Temp & Humidity Sensor,2020/11/27 7:00 PM,58.8,73.0,50.2,57.8,,,30.06,,,,,,,,,,,,,
Garage,Temp & Humidity Sensor,2020/11/27 7:05 PM,58.8,73.0,50.2,57.8,,,30.07,,,,,,,,,,,,,
Garage,Temp & Humidity Sensor,2020/11/27 7:10 PM,58.6,73.0,50.0,57.6,,,30.06,,,,,,,,,,,,,
Garage,Temp & Humidity Sensor,2020/11/27 7:15 PM,58.6,73.0,50.0,57.6,,,30.06,,,,,,,,,,,,,
Garage,Temp & Humidity Sensor,2020/11/27 7:20 PM,58.4,73.0,49.8,57.4,,,30.06,,,,,,,,,,,,,
Garage,Temp & Humidity Sensor,2020/11/27 7:25 PM,58.4,73.0,49.8,57.4,,,30.06,,,,,,,,,,,,,
Garage,Temp & Humidity Sensor,2020/11/27 7:30 PM,58.2,73.0,49.6,57.2,,,30.06,,,,,,,,,,,,,
Garage,Temp & Humidity Sensor,2020/11/27 7:35 PM,58.2,73.0,49.6,57.2,,,30.06,,,,,,,,,,,,,
Garage,Temp & Humidity Sensor,2020/11/27 7:40 PM,58.1,73.0,49.5,57.0,,,30.05,,,,,,,,,,,,,
Garage,Temp & Humidity Sensor,2020/11/27 7:45 PM,58.1,73.0,49.5,57.0,,,30.05,,,,,,,,,,,,,
Garage,Temp & Humidity Sensor,2020/11/27 7:50 PM,57.9,73.0,49.3,56.8,,,30.05,,,,,,,,,,,,,
Garage,Temp & Humidity Sensor,2020/11/27 7:55 PM,57.9,73.0,49.3,56.8,,,30.05,,,,,,,,,,,,,
Garage,Temp & Humidity Sensor,2020/11/27 8:00 PM,57.7,73.0,49.1,56.6,,,30.05,,,,,,,,,,,,,
Garage,Temp & Humidity Sensor,2020/11/27 8:05 PM,57.7,73.0,49.1,56.6,,,30.05,,,,,,,,,,,,,
Garage,Temp & Humidity Sensor,2020/11/27 8:10 PM,57.7,73.0,49.1,56.6,,,30.05,,,,,,,,,,,,,
Garage,Temp & Humidity Sensor,2020/11/27 8:15 PM,57.5,73.0,48.9,56.4,,,30.05,,,,,,,,,,,,,
Garage,Temp & Humidity Sensor,2020/11/27 8:20 PM,57.5,73.0,48.9,56.4,,,30.06,,,,,,,,,,,,,
Garage,Temp & Humidity Sensor,2020/11/27 8:25 PM,57.3,73.0,48.7,56.2,,,30.06,,,,,,,,,,,,,
Garage,Temp & Humidity Sensor,2020/11/27 8:30 PM,57.3,73.0,48.7,56.2,,,30.06,,,,,,,,,,,,,
Garage,Temp & Humidity Sensor,2020/11/27 8:35 PM,57.3,73.0,48.7,56.2,,,30.06,,,,,,,,,,,,,
Garage,Temp & Humidity Sensor,2020/11/27 8:40 PM,57.2,73.0,48.6,56.1,,,30.06,,,,,,,,,,,,,
Garage,Temp & Humidity Sensor,2020/11/27 8:45 PM,57.2,73.0,48.6,56.1,,,30.06,,,,,,,,,,,,,
Garage,Temp & Humidity Sensor,2020/11/27 8:50 PM,57.0,74.0,48.8,55.9,,,30.06,,,,,,,,,,,,,
Garage,Temp & Humidity Sensor,2020/11/27 8:55 PM,57.0,74.0,48.8,55.9,,,30.06,,,,,,,,,,,,,
Garage,Temp & Humidity Sensor,2020/11/27 9:00 PM,56.8,74.0,48.6,55.7,,,30.06,,,,,,,,,,,,,
Garage,Temp & Humidity Sensor,2020/11/27 9:05 PM,56.8,74.0,48.6,55.7,,,30.06,,,,,,,,,,,,,
Garage,Temp & Humidity Sensor,2020/11/27 9:10 PM,56.8,74.0,48.6,55.7,,,30.06,,,,,,,,,,,,,
Garage,Temp & Humidity Sensor,2020/11/27 9:15 PM,56.6,74.0,48.4,55.4,,,30.06,,,,,,,,,,,,,
Garage,Temp & Humidity Sensor,2020/11/27 9:20 PM,56.6,74.0,48.4,55.4,,,30.06,,,,,,,,,,,,,
Garage,Temp & Humidity Sensor,2020/11/27 9:25 PM,56.4,74.0,48.2,55.2,,,30.06,,,,,,,,,,,,,
Garage,Temp & Humidity Sensor,2020/11/27 9:30 PM,56.4,74.0,48.2,55.2,,,30.06,,,,,,,,,,,,,
Garage,Temp & Humidity Sensor,2020/11/27 9:35 PM,56.4,74.0,48.2,55.2,,,30.06,,,,,,,,,,,,,
Garage,Temp & Humidity Sensor,2020/11/27 9:40 PM,56.3,74.0,48.1,55.1,,,30.05,,,,,,,,,,,,,
Garage,Temp & Humidity Sensor,2020/11/27 9:45 PM,56.3,74.0,48.1,55.1,,,30.06,,,,,,,,,,,,,
Garage,Temp & Humidity Sensor,2020/11/27 9:50 PM,56.3,74.0,48.1,55.1,,,30.06,,,,,,,,,,,,,
Garage,Temp & Humidity Sensor,2020/11/27 9:55 PM,56.1,74.0,47.9,54.9,,,30.06,,,,,,,,,,,,,
Garage,Temp & Humidity Sensor,2020/11/27 10:00 PM,56.1,74.0,47.9,54.9,,,30.06,,,,,,,,,,,,,
Garage,Temp & Humidity Sensor,2020/11/27 10:05 PM,55.9,74.0,47.7,54.7,,,30.06,,,,,,,,,,,,,
Garage,Temp & Humidity Sensor,2020/11/27 10:10 PM,55.9,74.0,47.7,54.7,,,30.05,,,,,,,,,,,,,
Garage,Temp & Humidity Sensor,2020/11/27 10:15 PM,55.7,74.0,47.5,54.4,,,30.06,,,,,,,,,,,,,
Garage,Temp & Humidity Sensor,2020/11/27 10:20 PM,55.7,74.0,47.5,54.4,,,30.06,,,,,,,,,,,,,
Garage,Temp & Humidity Sensor,2020/11/27 10:25 PM,55.7,74.0,47.5,54.4,,,30.05,,,,,,,,,,,,,
Garage,Temp & Humidity Sensor,2020/11/27 10:30 PM,55.5,74.0,47.3,54.2,,,30.05,,,,,,,,,,,,,
Garage,Temp & Humidity Sensor,2020/11/27 10:35 PM,55.5,74.0,47.3,54.2,,,30.05,,,,,,,,,,,,,
Garage,Temp & Humidity Sensor,2020/11/27 10:40 PM,55.5,74.0,47.3,54.2,,,30.05,,,,,,,,,,,,,
Garage,Temp & Humidity Sensor,2020/11/27 10:45 PM,55.4,74.0,47.3,54.1,,,30.05,,,,,,,,,,,,,
Garage,Temp & Humidity Sensor,2020/11/27 10:50 PM,55.4,74.0,47.3,54.1,,,30.05,,,,,,,,,,,,,
Garage,Temp & Humidity Sensor,2020/11/27 10:55 PM,55.4,74.0,47.3,54.1,,,30.04,,,,,,,,,,,,,
Garage,Temp & Humidity Sensor,2020/11/27 11:00 PM,55.2,74.0,47.1,53.9,,,30.05,,,,,,,,,,,,,
Garage,Temp & Humidity Sensor,2020/11/27 11:05 PM,55.2,74.0,47.1,53.9,,,30.05,,,,,,,,,,,,,
Garage,Temp & Humidity Sensor,2020/11/27 11:10 PM,55.2,74.0,47.1,53.9,,,30.05,,,,,,,,,,,,,
Garage,Temp & Humidity Sensor,2020/11/27 11:15 PM,55.0,74.0,46.9,53.7,,,30.04,,,,,,,,,,,,,
Garage,Temp & Humidity Sensor,2020/11/27 11:20 PM,55.0,74.0,46.9,53.7,,,30.04,,,,,,,,,,,,,
Garage,Temp & Humidity Sensor,2020/11/27 11:25 PM,55.0,74.0,46.9,53.7,,,30.04,,,,,,,,,,,,,
Garage,Temp & Humidity Sensor,2020/11/27 11:30 PM,55.0,74.0,46.9,53.7,,,30.05,,,,,,,,,,,,,
Garage,Temp & Humidity Sensor,2020/11/27 11:35 PM,54.8,74.0,46.7,53.5,,,30.05,,,,,,,,,,,,,
Garage,Temp & Humidity Sensor,2020/11/27 11:40 PM,54.8,74.0,46.7,53.5,,,30.05,,,,,,,,,,,,,
Garage,Temp & Humidity Sensor,2020/11/27 11:45 PM,54.8,74.0,46.7,53.5,,,30.05,,,,,,,,,,,,,
Garage,Temp & Humidity Sensor,2020/11/27 11:50 PM,54.8,74.0,46.7,53.5,,,30.05,,,,,,,,,,,,,
Garage,Temp & Humidity Sensor,2020/11/27 11:55 PM,54.6,74.0,46.5,53.2,,,30.04,,,,,,,,,,,,,
Garage,Temp & Humidity Sensor,2020/11/28 12:00 AM,54.6,74.0,46.5,53.2,,,30.04,,,,,,,,,,,,,
Garage,Temp & Humidity Sensor,2020/11/28 12:05 AM,54.6,74.0,46.5,53.2,,,30.04,,,,,,,,,,,,,
Garage,Temp & Humidity Sensor,2020/11/28 12:10 AM,54.6,74.0,46.5,53.2,,,30.04,,,,,,,,,,,,,
Garage,Temp & Humidity Sensor,2020/11/28 12:15 AM,54.5,74.0,46.4,53.1,,,30.04,,,,,,,,,,,,,
Garage,Temp & Humidity Sensor,2020/11/28 12:20 AM,54.5,74.0,46.4,53.1,,,30.04,,,,,,,,,,,,,
Garage,Temp & Humidity Sensor,2020/11/28 12:25 AM,54.5,74.0,46.4,53.1,,,30.04,,,,,,,,,,,,,
Garage,Temp & Humidity Sensor,2020/11/28 12:30 AM,54.5,74.0,46.4,53.1,,,30.04,,,,,,,,,,,,,
Garage,Temp & Humidity Sensor,2020/11/28 12:35 AM,54.5,74.0,46.4,53.1,,,30.04,,,,,,,,,,,,,
Garage,Temp & Humidity Sensor,2020/11/28 12:40 AM,54.3,74.0,46.2,52.9,,,30.04,,,,,,,,,,,,,
Garage,Temp & Humidity Sensor,2020/11/28 12:45 AM,54.3,74.0,46.2,52.9,,,30.03,,,,,,,,,,,,,
Garage,Temp & Humidity Sensor,2020/11/28 12:50 AM,54.3,74.0,46.2,52.9,,,30.03,,,,,,,,,,,,,
Garage,Temp & Humidity Sensor,2020/11/28 12:55 AM,54.3,74.0,46.2,52.9,,,30.04,,,,,,,,,,,,,
Garage,Temp & Humidity Sensor,2020/11/28 1:00 AM,54.3,74.0,46.2,52.9,,,30.04,,,,,,,,,,,,,
Garage,Temp & Humidity Sensor,2020/11/28 1:05 AM,54.3,74.0,46.2,52.9,,,30.04,,,,,,,,,,,,,
Garage,Temp & Humidity Sensor,2020/11/28 1:10 AM,54.3,74.0,46.2,52.9,,,30.04,,,,,,,,,,,,,
Garage,Temp & Humidity Sensor,2020/11/28 1:15 AM,54.1,74.0,46.0,52.7,,,30.04,,,,,,,,,,,,,
Garage,Temp & Humidity Sensor,2020/11/28 1:20 AM,54.1,74.0,46.0,52.7,,,30.04,,,,,,,,,,,,,
Garage,Temp & Humidity Sensor,2020/11/28 1:25 AM,54.1,74.0,46.0,52.7,,,30.03,,,,,,,,,,,,,
Garage,Temp & Humidity Sensor,2020/11/28 1:30 AM,54.1,74.0,46.0,52.7,,,30.03,,,,,,,,,,,,,
Garage,Temp & Humidity Sensor,2020/11/28 1:35 AM,54.1,74.0,46.0,52.7,,,30.04,,,,,,,,,,,,,
Garage,Temp & Humidity Sensor,2020/11/28 1:40 AM,54.1,74.0,46.0,52.7,,,30.04,,,,,,,,,,,,,
Garage,Temp & Humidity Sensor,2020/11/28 1:45 AM,53.9,74.0,45.8,52.5,,,30.03,,,,,,,,,,,,,
Garage,Temp & Humidity Sensor,2020/11/28 1:50 AM,53.9,74.0,45.8,52.5,,,30.03,,,,,,,,,,,,,
Garage,Temp & Humidity Sensor,2020/11/28 1:55 AM,53.9,74.0,45.8,52.5,,,30.03,,,,,,,,,,,,,
Garage,Temp & Humidity Sensor,2020/11/28 2:00 AM,53.9,74.0,45.8,52.5,,,30.03,,,,,,,,,,,,,
Garage,Temp & Humidity Sensor,2020/11/28 2:05 AM,53.9,74.0,45.8,52.5,,,30.03,,,,,,,,,,,,,
Garage,Temp & Humidity Sensor,2020/11/28 2:10 AM,53.9,74.0,45.8,52.5,,,30.03,,,,,,,,,,,,,
Garage,Temp & Humidity Sensor,2020/11/28 2:15 AM,53.9,74.0,45.8,52.5,,,30.04,,,,,,,,,,,,,
Garage,Temp & Humidity Sensor,2020/11/28 2:20 AM,53.9,74.0,45.8,52.5,,,30.04,,,,,,,,,,,,,
Garage,Temp & Humidity Sensor,2020/11/28 2:25 AM,53.9,74.0,45.8,52.5,,,30.03,,,,,,,,,,,,,
Garage,Temp & Humidity Sensor,2020/11/28 2:30 AM,53.7,74.0,45.6,52.2,,,30.03,,,,,,,,,,,,,
Garage,Temp & Humidity Sensor,2020/11/28 2:35 AM,53.7,74.0,45.6,52.2,,,30.03,,,,,,,,,,,,,
Garage,Temp & Humidity Sensor,2020/11/28 2:40 AM,53.7,74.0,45.6,52.2,,,30.03,,,,,,,,,,,,,
Garage,Temp & Humidity Sensor,2020/11/28 2:45 AM,53.7,74.0,45.6,52.2,,,30.04,,,,,,,,,,,,,
Garage,Temp & Humidity Sensor,2020/11/28 2:50 AM,53.7,74.0,45.6,52.2,,,30.03,,,,,,,,,,,,,
Garage,Temp & Humidity Sensor,2020/11/28 2:55 AM,53.7,74.0,45.6,52.2,,,30.03,,,,,,,,,,,,,
Garage,Temp & Humidity Sensor,2020/11/28 3:00 AM,53.7,74.0,45.6,52.2,,,30.04,,,,,,,,,,,,,
Garage,Temp & Humidity Sensor,2020/11/28 3:05 AM,53.7,74.0,45.6,52.2,,,30.04,,,,,,,,,,,,,
Garage,Temp & Humidity Sensor,2020/11/28 3:10 AM,53.7,74.0,45.6,52.2,,,30.04,,,,,,,,,,,,,
Garage,Temp & Humidity Sensor,2020/11/28 3:15 AM,53.7,74.0,45.6,52.2,,,30.04,,,,,,,,,,,,,
Garage,Temp & Humidity Sensor,2020/11/28 3:20 AM,53.7,74.0,45.6,52.2,,,30.04,,,,,,,,,,,,,
Garage,Temp & Humidity Sensor,2020/11/28 3:25 AM,53.7,74.0,45.6,52.2,,,30.04,,,,,,,,,,,,,
Garage,Temp & Humidity Sensor,2020/11/28 3:30 AM,53.6,74.0,45.5,52.1,,,30.04,,,,,,,,,,,,,
Garage,Temp & Humidity Sensor,2020/11/28 3:35 AM,53.6,74.0,45.5,52.1,,,30.04,,,,,,,,,,,,,
Garage,Temp & Humidity Sensor,2020/11/28 3:40 AM,53.6,74.0,45.5,52.1,,,30.04,,,,,,,,,,,,,
Garage,Temp & Humidity Sensor,2020/11/28 3:45 AM,53.6,74.0,45.5,52.1,,,30.04,,,,,,,,,,,,,
Garage,Temp & Humidity Sensor,2020/11/28 3:50 AM,53.6,74.0,45.5,52.1,,,30.04,,,,,,,,,,,,,
Garage,Temp & Humidity Sensor,2020/11/28 3:55 AM,53.6,74.0,45.5,52.1,,,30.04,,,,,,,,,,,,,
Garage,Temp & Humidity Sensor,2020/11/28 4:00 AM,53.6,74.0,45.5,52.1,,,30.04,,,,,,,,,,,,,
Garage,Temp & Humidity Sensor,2020/11/28 4:05 AM,53.6,74.0,45.5,52.1,,,30.04,,,,,,,,,,,,,
Garage,Temp & Humidity Sensor,2020/11/28 4:10 AM,53.6,74.0,45.5,52.1,,,30.03,,,,,,,,,,,,,
Garage,Temp & Humidity Sensor,2020/11/28 4:15 AM,53.6,74.0,45.5,52.1,,,30.03,,,,,,,,,,,,,
Garage,Temp & Humidity Sensor,2020/11/28 4:20 AM,53.6,74.0,45.5,52.1,,,30.03,,,,,,,,,,,,,
Garage,Temp & Humidity Sensor,2020/11/28 4:25 AM,53.6,74.0,45.5,52.1,,,30.03,,,,,,,,,,,,,
Garage,Temp & Humidity Sensor,2020/11/28 4:30 AM,53.6,74.0,45.5,52.1,,,30.03,,,,,,,,,,,,,
Garage,Temp & Humidity Sensor,2020/11/28 4:35 AM,53.6,74.0,45.5,52.1,,,30.03,,,,,,,,,,,,,
Garage,Temp & Humidity Sensor,2020/11/28 4:40 AM,53.6,74.0,45.5,52.1,,,30.02,,,,,,,,,,,,,
Garage,Temp & Humidity Sensor,2020/11/28 4:45 AM,53.6,74.0,45.5,52.1,,,30.02,,,,,,,,,,,,,
Garage,Temp & Humidity Sensor,2020/11/28 4:50 AM,53.6,74.0,45.5,52.1,,,30.02,,,,,,,,,,,,,
Garage,Temp & Humidity Sensor,2020/11/28 4:55 AM,53.6,74.0,45.5,52.1,,,30.02,,,,,,,,,,,,,
Garage,Temp & Humidity Sensor,2020/11/28 5:00 AM,53.4,75.0,45.7,52.0,,,30.02,,,,,,,,,,,,,
Garage,Temp & Humidity Sensor,2020/11/28 5:05 AM,53.4,75.0,45.7,52.0,,,30.02,,,,,,,,,,,,,
Garage,Temp & Humidity Sensor,2020/11/28 5:10 AM,53.6,74.0,45.5,52.1,,,30.03,,,,,,,,,,,,,
Garage,Temp & Humidity Sensor,2020/11/28 5:15 AM,53.6,74.0,45.5,52.1,,,30.03,,,,,,,,,,,,,
Garage,Temp & Humidity Sensor,2020/11/28 5:20 AM,53.4,75.0,45.7,52.0,,,30.03,,,,,,,,,,,,,
Garage,Temp & Humidity Sensor,2020/11/28 5:25 AM,53.4,75.0,45.7,52.0,,,30.04,,,,,,,,,,,,,
Garage,Temp & Humidity Sensor,2020/11/28 5:35 AM,53.4,75.0,45.7,52.0,,,30.03,,,,,,,,,,,,,
Garage,Temp & Humidity Sensor,2020/11/28 5:40 AM,53.4,75.0,45.7,52.0,,,30.04,,,,,,,,,,,,,
Garage,Temp & Humidity Sensor,2020/11/28 5:45 AM,53.4,75.0,45.7,52.0,,,30.04,,,,,,,,,,,,,
Garage,Temp & Humidity Sensor,2020/11/28 5:50 AM,53.4,75.0,45.7,52.0,,,30.05,,,,,,,,,,,,,
Garage,Temp & Humidity Sensor,2020/11/28 5:55 AM,53.4,75.0,45.7,52.0,,,30.05,,,,,,,,,,,,,
Garage,Temp & Humidity Sensor,2020/11/28 6:00 AM,53.4,75.0,45.7,52.0,,,30.05,,,,,,,,,,,,,
Garage,Temp & Humidity Sensor,2020/11/28 6:05 AM,53.4,75.0,45.7,52.0,,,30.06,,,,,,,,,,,,,
Garage,Temp & Humidity Sensor,2020/11/28 6:10 AM,53.4,75.0,45.7,52.0,,,30.06,,,,,,,,,,,,,
Garage,Temp & Humidity Sensor,2020/11/28 6:15 AM,53.4,75.0,45.7,52.0,,,30.06,,,,,,,,,,,,,
Garage,Temp & Humidity Sensor,2020/11/28 6:20 AM,53.4,75.0,45.7,52.0,,,30.07,,,,,,,,,,,,,
Garage,Temp & Humidity Sensor,2020/11/28 6:25 AM,53.4,75.0,45.7,52.0,,,30.07,,,,,,,,,,,,,
Garage,Temp & Humidity Sensor,2020/11/28 6:30 AM,53.4,75.0,45.7,52.0,,,30.07,,,,,,,,,,,,,
Garage,Temp & Humidity Sensor,2020/11/28 6:35 AM,53.4,75.0,45.7,52.0,,,30.07,,,,,,,,,,,,,
Garage,Temp & Humidity Sensor,2020/11/28 6:40 AM,53.4,75.0,45.7,52.0,,,30.07,,,,,,,,,,,,,
Garage,Temp & Humidity Sensor,2020/11/28 6:45 AM,53.4,75.0,45.7,52.0,,,30.07,,,,,,,,,,,,,
Garage,Temp & Humidity Sensor,2020/11/28 6:50 AM,53.4,75.0,45.7,52.0,,,30.07,,,,,,,,,,,,,
Garage,Temp & Humidity Sensor,2020/11/28 6:55 AM,53.4,75.0,45.7,52.0,,,30.08,,,,,,,,,,,,,
Garage,Temp & Humidity Sensor,2020/11/28 7:00 AM,53.4,75.0,45.7,52.0,,,30.08,,,,,,,,,,,,,
Garage,Temp & Humidity Sensor,2020/11/28 7:05 AM,53.4,75.0,45.7,52.0,,,30.08,,,,,,,,,,,,,
Garage,Temp & Humidity Sensor,2020/11/28 7:10 AM,53.4,75.0,45.7,52.0,,,30.09,,,,,,,,,,,,,
Garage,Temp & Humidity Sensor,2020/11/28 7:15 AM,53.6,75.0,45.9,52.2,,,30.09,,,,,,,,,,,,,
Garage,Temp & Humidity Sensor,2020/11/28 7:20 AM,53.6,75.0,45.9,52.2,,,30.09,,,,,,,,,,,,,
Garage,Temp & Humidity Sensor,2020/11/28 7:25 AM,53.6,75.0,45.9,52.2,,,30.09,,,,,,,,,,,,,
Garage,Temp & Humidity Sensor,2020/11/28 7:30 AM,53.6,75.0,45.9,52.2,,,30.1,,,,,,,,,,,,,
Garage,Temp & Humidity Sensor,2020/11/28 7:35 AM,53.6,75.0,45.9,52.2,,,30.09,,,,,,,,,,,,,
Garage,Temp & Humidity Sensor,2020/11/28 7:40 AM,53.6,75.0,45.9,52.2,,,30.1,,,,,,,,,,,,,
Garage,Temp & Humidity Sensor,2020/11/28 7:45 AM,53.6,75.0,45.9,52.2,,,30.1,,,,,,,,,,,,,
Garage,Temp & Humidity Sensor,2020/11/28 7:50 AM,53.6,75.0,45.9,52.2,,,30.1,,,,,,,,,,,,,
Garage,Temp & Humidity Sensor,2020/11/28 7:55 AM,53.6,75.0,45.9,52.2,,,30.1,,,,,,,,,,,,,
Garage,Temp & Humidity Sensor,2020/11/28 8:00 AM,53.6,75.0,45.9,52.2,,,30.1,,,,,,,,,,,,,
Garage,Temp & Humidity Sensor,2020/11/28 8:05 AM,53.6,75.0,45.9,52.2,,,30.1,,,,,,,,,,,,,
Garage,Temp & Humidity Sensor,2020/11/28 8:10 AM,53.6,75.0,45.9,52.2,,,30.11,,,,,,,,,,,,,
Garage,Temp & Humidity Sensor,2020/11/28 8:15 AM,53.6,75.0,45.9,52.2,,,30.11,,,,,,,,,,,,,
Garage,Temp & Humidity Sensor,2020/11/28 8:20 AM,53.6,75.0,45.9,52.2,,,30.11,,,,,,,,,,,,,
Garage,Temp & Humidity Sensor,2020/11/28 8:25 AM,53.6,75.0,45.9,52.2,,,30.11,,,,,,,,,,,,,
Garage,Temp & Humidity Sensor,2020/11/28 8:30 AM,53.6,75.0,45.9,52.2,,,30.11,,,,,,,,,,,,,
Garage,Temp & Humidity Sensor,2020/11/28 8:35 AM,53.6,75.0,45.9,52.2,,,30.11,,,,,,,,,,,,,
Garage,Temp & Humidity Sensor,2020/11/28 8:40 AM,53.6,75.0,45.9,52.2,,,30.12,,,,,,,,,,,,,
Garage,Temp & Humidity Sensor,2020/11/28 8:45 AM,53.6,75.0,45.9,52.2,,,30.11,,,,,,,,,,,,,
Garage,Temp & Humidity Sensor,2020/11/28 8:50 AM,53.6,75.0,45.9,52.2,,,30.11,,,,,,,,,,,,,
Garage,Temp & Humidity Sensor,2020/11/28 8:55 AM,53.6,75.0,45.9,52.2,,,30.12,,,,,,,,,,,,,
Garage,Temp & Humidity Sensor,2020/11/28 9:00 AM,53.7,75.0,46.0,52.3,,,30.13,,,,,,,,,,,,,
Garage,Temp & Humidity Sensor,2020/11/28 9:05 AM,53.7,75.0,46.0,52.3,,,30.13,,,,,,,,,,,,,
Garage,Temp & Humidity Sensor,2020/11/28 9:10 AM,53.7,75.0,46.0,52.3,,,30.13,,,,,,,,,,,,,
Garage,Temp & Humidity Sensor,2020/11/28 9:15 AM,53.7,75.0,46.0,52.3,,,30.13,,,,,,,,,,,,,
Garage,Temp & Humidity Sensor,2020/11/28 9:20 AM,53.7,75.0,46.0,52.3,,,30.12,,,,,,,,,,,,,
Garage,Temp & Humidity Sensor,2020/11/28 9:25 AM,53.9,75.0,46.2,52.5,,,30.13,,,,,,,,,,,,,
Garage,Temp & Humidity Sensor,2020/11/28 9:30 AM,53.9,75.0,46.2,52.5,,,30.13,,,,,,,,,,,,,
Garage,Temp & Humidity Sensor,2020/11/28 9:35 AM,53.9,75.0,46.2,52.5,,,30.13,,,,,,,,,,,,,
Garage,Temp & Humidity Sensor,2020/11/28 9:40 AM,54.1,75.0,46.4,52.7,,,30.13,,,,,,,,,,,,,
Garage,Temp & Humidity Sensor,2020/11/28 9:45 AM,54.1,75.0,46.4,52.7,,,30.13,,,,,,,,,,,,,
Garage,Temp & Humidity Sensor,2020/11/28 9:50 AM,54.3,75.0,46.5,53.0,,,30.13,,,,,,,,,,,,,
Garage,Temp & Humidity Sensor,2020/11/28 9:55 AM,54.3,75.0,46.5,53.0,,,30.13,,,,,,,,,,,,,
Garage,Temp & Humidity Sensor,2020/11/28 10:00 AM,54.5,75.0,46.7,53.2,,,30.13,,,,,,,,,,,,,
Garage,Temp & Humidity Sensor,2020/11/28 10:05 AM,54.5,75.0,46.7,53.2,,,30.13,,,,,,,,,,,,,
Garage,Temp & Humidity Sensor,2020/11/28 10:10 AM,54.6,75.0,46.8,53.3,,,30.13,,,,,,,,,,,,,
Garage,Temp & Humidity Sensor,2020/11/28 10:15 AM,54.8,75.0,47.0,53.5,,,30.13,,,,,,,,,,,,,
Garage,Temp & Humidity Sensor,2020/11/28 10:20 AM,54.8,75.0,47.0,53.5,,,30.13,,,,,,,,,,,,,
Garage,Temp & Humidity Sensor,2020/11/28 10:25 AM,55.0,75.0,47.2,53.7,,,30.13,,,,,,,,,,,,,
Garage,Temp & Humidity Sensor,2020/11/28 10:30 AM,55.0,75.0,47.2,53.7,,,30.12,,,,,,,,,,,,,
Garage,Temp & Humidity Sensor,2020/11/28 10:35 AM,55.2,75.0,47.4,53.9,,,30.12,,,,,,,,,,,,,
Garage,Temp & Humidity Sensor,2020/11/28 10:40 AM,55.2,75.0,47.4,53.9,,,30.12,,,,,,,,,,,,,
Garage,Temp & Humidity Sensor,2020/11/28 10:45 AM,55.4,74.0,47.3,54.1,,,30.12,,,,,,,,,,,,,
Garage,Temp & Humidity Sensor,2020/11/28 10:50 AM,55.4,74.0,47.3,54.1,,,30.12,,,,,,,,,,,,,
Garage,Temp & Humidity Sensor,2020/11/28 10:55 AM,55.5,74.0,47.3,54.2,,,30.12,,,,,,,,,,,,,
Garage,Temp & Humidity Sensor,2020/11/28 11:00 AM,55.5,74.0,47.3,54.2,,,30.12,,,,,,,,,,,,,
Garage,Temp & Humidity Sensor,2020/11/28 11:05 AM,55.5,74.0,47.3,54.2,,,30.11,,,,,,,,,,,,,
Garage,Temp & Humidity Sensor,2020/11/28 11:10 AM,55.7,74.0,47.5,54.4,,,30.11,,,,,,,,,,,,,
Garage,Temp & Humidity Sensor,2020/11/28 11:15 AM,55.7,74.0,47.5,54.4,,,30.11,,,,,,,,,,,,,
Garage,Temp & Humidity Sensor,2020/11/28 11:20 AM,55.9,74.0,47.7,54.7,,,30.11,,,,,,,,,,,,,
Garage,Temp & Humidity Sensor,2020/11/28 11:25 AM,55.9,74.0,47.7,54.7,,,30.1,,,,,,,,,,,,,
Garage,Temp & Humidity Sensor,2020/11/28 11:30 AM,56.1,74.0,47.9,54.9,,,30.1,,,,,,,,,,,,,
Garage,Temp & Humidity Sensor,2020/11/28 11:35 AM,56.3,74.0,48.1,55.1,,,30.09,,,,,,,,,,,,,
Garage,Temp & Humidity Sensor,2020/11/28 11:40 AM,56.6,74.0,48.4,55.4,,,30.1,,,,,,,,,,,,,
Garage,Temp & Humidity Sensor,2020/11/28 11:45 AM,57.0,73.0,48.4,55.8,,,30.09,,,,,,,,,,,,,
Garage,Temp & Humidity Sensor,2020/11/28 11:50 AM,57.2,72.0,48.3,56.0,,,30.09,,,,,,,,,,,,,
Garage,Temp & Humidity Sensor,2020/11/28 11:55 AM,57.3,72.0,48.4,56.1,,,30.09,,,,,,,,,,,,,
Garage,Temp & Humidity Sensor,2020/11/28 12:00 PM,57.7,71.0,48.4,56.5,,,30.09,,,,,,,,,,,,,
Garage,Temp & Humidity Sensor,2020/11/28 12:05 PM,57.9,71.0,48.6,56.7,,,30.09,,,,,,,,,,,,,
Garage,Temp & Humidity Sensor,2020/11/28 12:10 PM,58.1,71.0,48.7,56.9,,,30.08,,,,,,,,,,,,,
Garage,Temp & Humidity Sensor,2020/11/28 12:15 PM,58.2,70.0,48.5,57.0,,,30.08,,,,,,,,,,,,,
Garage,Temp & Humidity Sensor,2020/11/28 12:20 PM,58.4,70.0,48.7,57.2,,,30.08,,,,,,,,,,,,,
Garage,Temp & Humidity Sensor,2020/11/28 12:25 PM,58.6,69.0,48.5,57.4,,,30.08,,,,,,,,,,,,,
Garage,Temp & Humidity Sensor,2020/11/28 12:30 PM,58.6,69.0,48.5,57.4,,,30.08,,,,,,,,,,,,,
Garage,Temp & Humidity Sensor,2020/11/28 12:35 PM,59.0,68.0,48.5,57.8,,,30.08,,,,,,,,,,,,,
Garage,Temp & Humidity Sensor,2020/11/28 12:40 PM,59.1,67.0,48.2,57.9,,,30.08,,,,,,,,,,,,,
Garage,Temp & Humidity Sensor,2020/11/28 12:45 PM,59.3,67.0,48.3,58.1,,,30.08,,,,,,,,,,,,,
Garage,Temp & Humidity Sensor,2020/11/28 12:50 PM,59.3,67.0,48.3,58.1,,,30.07,,,,,,,,,,,,,
Garage,Temp & Humidity Sensor,2020/11/28 12:55 PM,59.5,67.0,48.5,58.3,,,30.08,,,,,,,,,,,,,
Garage,Temp & Humidity Sensor,2020/11/28 1:00 PM,59.9,66.0,48.5,58.7,,,30.08,,,,,,,,,,,,,
Garage,Temp & Humidity Sensor,2020/11/28 1:05 PM,60.0,66.0,48.6,58.8,,,30.08,,,,,,,,,,,,,
Garage,Temp & Humidity Sensor,2020/11/28 1:10 PM,60.2,66.0,48.8,59.0,,,30.08,,,,,,,,,,,,,
Garage,Temp & Humidity Sensor,2020/11/28 1:15 PM,60.4,65.0,48.6,59.2,,,30.08,,,,,,,,,,,,,
Garage,Temp & Humidity Sensor,2020/11/28 1:20 PM,60.8,64.0,48.5,59.6,,,30.08,,,,,,,,,,,,,
Garage,Temp & Humidity Sensor,2020/11/28 1:25 PM,60.8,64.0,48.5,59.6,,,30.08,,,,,,,,,,,,,
Garage,Temp & Humidity Sensor,2020/11/28 1:30 PM,60.9,64.0,48.6,59.7,,,30.07,,,,,,,,,,,,,
Garage,Temp & Humidity Sensor,2020/11/28 1:35 PM,61.1,64.0,48.8,59.9,,,30.07,,,,,,,,,,,,,
Garage,Temp & Humidity Sensor,2020/11/28 1:40 PM,61.1,63.0,48.4,59.9,,,30.08,,,,,,,,,,,,,
Garage,Temp & Humidity Sensor,2020/11/28 1:45 PM,61.1,63.0,48.4,59.9,,,30.07,,,,,,,,,,,,,
Garage,Temp & Humidity Sensor,2020/11/28 1:50 PM,61.1,63.0,48.4,59.9,,,30.07,,,,,,,,,,,,,
Garage,Temp & Humidity Sensor,2020/11/28 1:55 PM,61.3,63.0,48.6,60.1,,,30.07,,,,,,,,,,,,,
Garage,Temp & Humidity Sensor,2020/11/28 2:00 PM,61.3,63.0,48.6,60.1,,,30.07,,,,,,,,,,,,,
Garage,Temp & Humidity Sensor,2020/11/28 2:05 PM,61.3,62.0,48.2,60.0,,,30.07,,,,,,,,,,,,,
Garage,Temp & Humidity Sensor,2020/11/28 2:10 PM,61.3,62.0,48.2,60.0,,,30.07,,,,,,,,,,,,,
Garage,Temp & Humidity Sensor,2020/11/28 2:15 PM,61.3,62.0,48.2,60.0,,,30.07,,,,,,,,,,,,,
Garage,Temp & Humidity Sensor,2020/11/28 2:20 PM,61.3,62.0,48.2,60.0,,,30.07,,,,,,,,,,,,,
Garage,Temp & Humidity Sensor,2020/11/28 2:25 PM,61.3,62.0,48.2,60.0,,,30.07,,,,,,,,,,,,,
Garage,Temp & Humidity Sensor,2020/11/28 2:30 PM,61.3,62.0,48.2,60.0,,,30.07,,,,,,,,,,,,,
Garage,Temp & Humidity Sensor,2020/11/28 2:35 PM,61.3,62.0,48.2,60.0,,,30.07,,,,,,,,,,,,,
Garage,Temp & Humidity Sensor,2020/11/28 2:40 PM,61.3,62.0,48.2,60.0,,,30.07,,,,,,,,,,,,,
Garage,Temp & Humidity Sensor,2020/11/28 2:45 PM,61.3,61.0,47.7,60.0,,,30.07,,,,,,,,,,,,,
Garage,Temp & Humidity Sensor,2020/11/28 2:50 PM,61.3,61.0,47.7,60.0,,,30.07,,,,,,,,,,,,,
Garage,Temp & Humidity Sensor,2020/11/28 2:55 PM,61.3,61.0,47.7,60.0,,,30.07,,,,,,,,,,,,,
Garage,Temp & Humidity Sensor,2020/11/28 3:00 PM,61.3,61.0,47.7,60.0,,,30.07,,,,,,,,,,,,,
Garage,Temp & Humidity Sensor,2020/11/28 3:05 PM,61.3,61.0,47.7,60.0,,,30.07,,,,,,,,,,,,,
Garage,Temp & Humidity Sensor,2020/11/28 3:10 PM,61.3,61.0,47.7,60.0,,,30.07,,,,,,,,,,,,,
Garage,Temp & Humidity Sensor,2020/11/28 3:15 PM,61.3,61.0,47.7,60.0,,,30.07,,,,,,,,,,,,,
Garage,Temp & Humidity Sensor,2020/11/28 3:20 PM,61.3,61.0,47.7,60.0,,,30.07,,,,,,,,,,,,,
Garage,Temp & Humidity Sensor,2020/11/28 3:25 PM,61.3,61.0,47.7,60.0,,,30.07,,,,,,,,,,,,,
Garage,Temp & Humidity Sensor,2020/11/28 3:30 PM,61.3,61.0,47.7,60.0,,,30.08,,,,,,,,,,,,,
Garage,Temp & Humidity Sensor,2020/11/28 3:35 PM,61.3,60.0,47.3,59.9,,,30.08,,,,,,,,,,,,,
Garage,Temp & Humidity Sensor,2020/11/28 3:40 PM,61.3,60.0,47.3,59.9,,,30.08,,,,,,,,,,,,,
Garage,Temp & Humidity Sensor,2020/11/28 3:45 PM,61.3,60.0,47.3,59.9,,,30.08,,,,,,,,,,,,,
Garage,Temp & Humidity Sensor,2020/11/28 3:50 PM,61.3,60.0,47.3,59.9,,,30.07,,,,,,,,,,,,,
Garage,Temp & Humidity Sensor,2020/11/28 3:55 PM,61.3,60.0,47.3,59.9,,,30.07,,,,,,,,,,,,,
Garage,Temp & Humidity Sensor,2020/11/28 4:00 PM,61.3,60.0,47.3,59.9,,,30.08,,,,,,,,,,,,,
Garage,Temp & Humidity Sensor,2020/11/28 4:05 PM,61.3,60.0,47.3,59.9,,,30.08,,,,,,,,,,,,,
Garage,Temp & Humidity Sensor,2020/11/28 4:10 PM,61.3,60.0,47.3,59.9,,,30.08,,,,,,,,,,,,,
Garage,Temp & Humidity Sensor,2020/11/28 4:15 PM,61.3,60.0,47.3,59.9,,,30.08,,,,,,,,,,,,,
Garage,Temp & Humidity Sensor,2020/11/28 4:20 PM,61.3,60.0,47.3,59.9,,,30.08,,,,,,,,,,,,,
Garage,Temp & Humidity Sensor,2020/11/28 4:25 PM,61.1,60.0,47.1,59.7,,,30.08,,,,,,,,,,,,,
Garage,Temp & Humidity Sensor,2020/11/28 4:30 PM,60.9,60.0,46.9,59.5,,,30.09,,,,,,,,,,,,,
Garage,Temp & Humidity Sensor,2020/11/28 4:35 PM,60.9,60.0,46.9,59.5,,,30.09,,,,,,,,,,,,,
Garage,Temp & Humidity Sensor,2020/11/28 4:40 PM,60.8,60.0,46.8,59.4,,,30.09,,,,,,,,,,,,,
Garage,Temp & Humidity Sensor,2020/11/28 4:45 PM,60.4,61.0,46.9,59.0,,,30.08,,,,,,,,,,,,,
Garage,Temp & Humidity Sensor,2020/11/28 4:50 PM,60.2,61.0,46.7,58.8,,,30.09,,,,,,,,,,,,,
Garage,Temp & Humidity Sensor,2020/11/28 4:55 PM,60.0,61.0,46.5,58.6,,,30.09,,,,,,,,,,,,,
Garage,Temp & Humidity Sensor,2020/11/28 5:00 PM,59.9,61.0,46.4,58.5,,,30.09,,,,,,,,,,,,,
Garage,Temp & Humidity Sensor,2020/11/28 5:05 PM,59.7,61.0,46.2,58.2,,,30.09,,,,,,,,,,,,,
Garage,Temp & Humidity Sensor,2020/11/28 5:10 PM,59.5,61.0,46.0,58.0,,,30.09,,,,,,,,,,,,,
Garage,Temp & Humidity Sensor,2020/11/28 5:15 PM,59.3,61.0,45.9,57.8,,,30.09,,,,,,,,,,,,,
Garage,Temp & Humidity Sensor,2020/11/28 5:20 PM,59.1,62.0,46.1,57.6,,,30.09,,,,,,,,,,,,,
Garage,Temp & Humidity Sensor,2020/11/28 5:25 PM,58.8,62.0,45.8,57.3,,,30.09,,,,,,,,,,,,,
Garage,Temp & Humidity Sensor,2020/11/28 5:30 PM,58.6,62.0,45.6,57.1,,,30.1,,,,,,,,,,,,,
Garage,Temp & Humidity Sensor,2020/11/28 5:35 PM,58.6,63.0,46.0,57.1,,,30.1,,,,,,,,,,,,,
Garage,Temp & Humidity Sensor,2020/11/28 5:40 PM,58.6,63.0,46.0,57.1,,,30.11,,,,,,,,,,,,,
Garage,Temp & Humidity Sensor,2020/11/28 5:45 PM,58.6,63.0,46.0,57.1,,,30.11,,,,,,,,,,,,,
Garage,Temp & Humidity Sensor,2020/11/28 5:50 PM,58.6,63.0,46.0,57.1,,,30.1,,,,,,,,,,,,,
Garage,Temp & Humidity Sensor,2020/11/28 5:55 PM,58.4,63.0,45.9,56.9,,,30.11,,,,,,,,,,,,,
Garage,Temp & Humidity Sensor,2020/11/28 6:00 PM,58.4,63.0,45.9,56.9,,,30.11,,,,,,,,,,,,,
Garage,Temp & Humidity Sensor,2020/11/28 6:05 PM,58.2,63.0,45.7,56.7,,,30.11,,,,,,,,,,,,,
Garage,Temp & Humidity Sensor,2020/11/28 6:10 PM,58.2,63.0,45.7,56.7,,,30.11,,,,,,,,,,,,,
Garage,Temp & Humidity Sensor,2020/11/28 6:15 PM,58.1,63.0,45.6,56.6,,,30.11,,,,,,,,,,,,,
Garage,Temp & Humidity Sensor,2020/11/28 6:20 PM,57.9,63.0,45.4,56.4,,,30.12,,,,,,,,,,,,,
Garage,Temp & Humidity Sensor,2020/11/28 6:25 PM,57.9,63.0,45.4,56.4,,,30.12,,,,,,,,,,,,,
Garage,Temp & Humidity Sensor,2020/11/28 6:30 PM,57.7,63.0,45.2,56.1,,,30.12,,,,,,,,,,,,,
Garage,Temp & Humidity Sensor,2020/11/28 6:35 PM,57.5,63.0,45.0,55.9,,,30.12,,,,,,,,,,,,,
Garage,Temp & Humidity Sensor,2020/11/28 6:40 PM,57.5,63.0,45.0,55.9,,,30.12,,,,,,,,,,,,,
Garage,Temp & Humidity Sensor,2020/11/28 6:45 PM,57.3,63.0,44.8,55.7,,,30.12,,,,,,,,,,,,,
Garage,Temp & Humidity Sensor,2020/11/28 6:50 PM,57.2,64.0,45.1,55.6,,,30.12,,,,,,,,,,,,,
Garage,Temp & Humidity Sensor,2020/11/28 6:55 PM,57.2,64.0,45.1,55.6,,,30.12,,,,,,,,,,,,,
Garage,Temp & Humidity Sensor,2020/11/28 7:00 PM,57.0,64.0,44.9,55.4,,,30.13,,,,,,,,,,,,,
Garage,Temp & Humidity Sensor,2020/11/28 7:05 PM,57.0,64.0,44.9,55.4,,,30.13,,,,,,,,,,,,,
Garage,Temp & Humidity Sensor,2020/11/28 7:10 PM,56.8,64.0,44.8,55.2,,,30.13,,,,,,,,,,,,,
Garage,Temp & Humidity Sensor,2020/11/28 7:15 PM,56.6,64.0,44.6,55.0,,,30.13,,,,,,,,,,,,,
Garage,Temp & Humidity Sensor,2020/11/28 7:20 PM,56.4,64.0,44.4,54.7,,,30.13,,,,,,,,,,,,,
Garage,Temp & Humidity Sensor,2020/11/28 7:35 PM,56.3,64.0,44.3,54.6,,,30.13,,,,,,,,,,,,,
Garage,Temp & Humidity Sensor,2020/11/28 7:40 PM,56.1,64.0,44.1,54.4,,,30.14,,,,,,,,,,,,,
Garage,Temp & Humidity Sensor,2020/11/28 7:45 PM,55.9,64.0,43.9,54.2,,,30.14,,,,,,,,,,,,,
Garage,Temp & Humidity Sensor,2020/11/28 7:50 PM,55.9,64.0,43.9,54.2,,,30.14,,,,,,,,,,,,,
Garage,Temp & Humidity Sensor,2020/11/28 7:55 PM,55.7,64.0,43.7,54.0,,,30.14,,,,,,,,,,,,,
Garage,Temp & Humidity Sensor,2020/11/28 8:00 PM,55.7,65.0,44.1,54.0,,,30.15,,,,,,,,,,,,,
Garage,Temp & Humidity Sensor,2020/11/28 8:05 PM,55.5,65.0,43.9,53.8,,,30.15,,,,,,,,,,,,,
Garage,Temp & Humidity Sensor,2020/11/28 8:10 PM,55.4,65.0,43.8,53.7,,,30.15,,,,,,,,,,,,,
Garage,Temp & Humidity Sensor,2020/11/28 8:15 PM,55.4,65.0,43.8,53.7,,,30.15,,,,,,,,,,,,,
Garage,Temp & Humidity Sensor,2020/11/28 8:20 PM,55.2,65.0,43.6,53.5,,,30.15,,,,,,,,,,,,,
Garage,Temp & Humidity Sensor,2020/11/28 8:25 PM,55.2,65.0,43.6,53.5,,,30.16,,,,,,,,,,,,,
Garage,Temp & Humidity Sensor,2020/11/28 8:30 PM,55.0,65.0,43.5,53.3,,,30.15,,,,,,,,,,,,,
Garage,Temp & Humidity Sensor,2020/11/28 8:35 PM,55.0,65.0,43.5,53.3,,,30.15,,,,,,,,,,,,,
Garage,Temp & Humidity Sensor,2020/11/28 8:40 PM,54.8,65.0,43.3,53.0,,,30.15,,,,,,,,,,,,,
Garage,Temp & Humidity Sensor,2020/11/28 8:45 PM,54.6,65.0,43.1,52.8,,,30.15,,,,,,,,,,,,,
Garage,Temp & Humidity Sensor,2020/11/28 8:50 PM,54.6,65.0,43.1,52.8,,,30.15,,,,,,,,,,,,,
Garage,Temp & Humidity Sensor,2020/11/28 8:55 PM,54.5,65.0,43.0,52.7,,,30.15,,,,,,,,,,,,,
Garage,Temp & Humidity Sensor,2020/11/28 9:00 PM,54.5,65.0,43.0,52.7,,,30.16,,,,,,,,,,,,,
Garage,Temp & Humidity Sensor,2020/11/28 9:05 PM,54.3,65.0,42.8,52.5,,,30.16,,,,,,,,,,,,,
Garage,Temp & Humidity Sensor,2020/11/28 9:10 PM,54.3,65.0,42.8,52.5,,,30.16,,,,,,,,,,,,,
Garage,Temp & Humidity Sensor,2020/11/28 9:15 PM,54.1,65.0,42.6,52.3,,,30.16,,,,,,,,,,,,,
Garage,Temp & Humidity Sensor,2020/11/28 9:20 PM,53.9,65.0,42.4,52.0,,,30.16,,,,,,,,,,,,,
Garage,Temp & Humidity Sensor,2020/11/28 9:25 PM,53.9,65.0,42.4,52.0,,,30.16,,,,,,,,,,,,,
Garage,Temp & Humidity Sensor,2020/11/28 9:30 PM,53.7,65.0,42.2,51.8,,,30.16,,,,,,,,,,,,,
Garage,Temp & Humidity Sensor,2020/11/28 9:35 PM,53.7,65.0,42.2,51.8,,,30.17,,,,,,,,,,,,,
Garage,Temp & Humidity Sensor,2020/11/28 9:40 PM,53.6,65.0,42.1,51.7,,,30.17,,,,,,,,,,,,,
Garage,Temp & Humidity Sensor,2020/11/28 9:45 PM,53.6,65.0,42.1,51.7,,,30.17,,,,,,,,,,,,,
Garage,Temp & Humidity Sensor,2020/11/28 9:50 PM,53.4,66.0,42.3,51.5,,,30.17,,,,,,,,,,,,,
Garage,Temp & Humidity Sensor,2020/11/28 9:55 PM,53.4,66.0,42.3,51.5,,,30.16,,,,,,,,,,,,,
Garage,Temp & Humidity Sensor,2020/11/28 10:00 PM,53.2,66.0,42.1,51.3,,,30.17,,,,,,,,,,,,,
Garage,Temp & Humidity Sensor,2020/11/28 10:05 PM,53.2,66.0,42.1,51.3,,,30.16,,,,,,,,,,,,,
Garage,Temp & Humidity Sensor,2020/11/28 10:10 PM,53.0,66.0,41.9,51.1,,,30.16,,,,,,,,,,,,,
Garage,Temp & Humidity Sensor,2020/11/28 10:15 PM,53.0,66.0,41.9,51.1,,,30.16,,,,,,,,,,,,,
Garage,Temp & Humidity Sensor,2020/11/28 10:20 PM,52.8,66.0,41.8,50.9,,,30.16,,,,,,,,,,,,,
Garage,Temp & Humidity Sensor,2020/11/28 10:25 PM,52.8,66.0,41.8,50.9,,,30.16,,,,,,,,,,,,,
Garage,Temp & Humidity Sensor,2020/11/28 10:30 PM,52.7,66.0,41.7,50.8,,,30.16,,,,,,,,,,,,,
Garage,Temp & Humidity Sensor,2020/11/28 10:35 PM,52.5,66.0,41.5,50.6,,,30.17,,,,,,,,,,,,,
Garage,Temp & Humidity Sensor,2020/11/28 10:40 PM,52.5,66.0,41.5,50.6,,,30.17,,,,,,,,,,,,,
Garage,Temp & Humidity Sensor,2020/11/28 10:45 PM,52.3,66.0,41.3,50.3,,,30.17,,,,,,,,,,,,,
Garage,Temp & Humidity Sensor,2020/11/28 10:50 PM,52.3,66.0,41.3,50.3,,,30.17,,,,,,,,,,,,,
Garage,Temp & Humidity Sensor,2020/11/28 10:55 PM,52.1,66.0,41.1,50.1,,,30.18,,,,,,,,,,,,,
Garage,Temp & Humidity Sensor,2020/11/28 11:00 PM,52.1,66.0,41.1,50.1,,,30.17,,,,,,,,,,,,,
Garage,Temp & Humidity Sensor,2020/11/28 11:05 PM,52.1,66.0,41.1,50.1,,,30.17,,,,,,,,,,,,,
Garage,Temp & Humidity Sensor,2020/11/28 11:10 PM,51.9,66.0,40.9,49.9,,,30.18,,,,,,,,,,,,,
Garage,Temp & Humidity Sensor,2020/11/28 11:15 PM,51.9,66.0,40.9,49.9,,,30.18,,,,,,,,,,,,,
Garage,Temp & Humidity Sensor,2020/11/28 11:20 PM,51.8,66.0,40.8,49.8,,,30.18,,,,,,,,,,,,,
Garage,Temp & Humidity Sensor,2020/11/28 11:25 PM,51.8,66.0,40.8,49.8,,,30.18,,,,,,,,,,,,,
Garage,Temp & Humidity Sensor,2020/11/28 11:30 PM,51.6,67.0,41.0,49.6,,,30.18,,,,,,,,,,,,,
Garage,Temp & Humidity Sensor,2020/11/28 11:35 PM,51.6,67.0,41.0,49.6,,,30.18,,,,,,,,,,,,,
Garage,Temp & Humidity Sensor,2020/11/28 11:40 PM,51.4,67.0,40.8,49.4,,,30.18,,,,,,,,,,,,,
Garage,Temp & Humidity Sensor,2020/11/28 11:45 PM,51.4,67.0,40.8,49.4,,,30.19,,,,,,,,,,,,,
Garage,Temp & Humidity Sensor,2020/11/28 11:50 PM,51.2,67.0,40.6,49.2,,,30.18,,,,,,,,,,,,,
Garage,Temp & Humidity Sensor,2020/11/28 11:55 PM,51.2,67.0,40.6,49.2,,,30.19,,,,,,,,,,,,,
Garage,Temp & Humidity Sensor,2020/11/29 12:00 AM,51.0,67.0,40.4,48.9,,,30.19,,,,,,,,,,,,,
Garage,Temp & Humidity Sensor,2020/11/29 12:05 AM,51.0,67.0,40.4,48.9,,,30.19,,,,,,,,,,,,,
Garage,Temp & Humidity Sensor,2020/11/29 12:10 AM,50.9,67.0,40.3,48.8,,,30.19,,,,,,,,,,,,,
Garage,Temp & Humidity Sensor,2020/11/29 12:15 AM,50.9,67.0,40.3,48.8,,,30.19,,,,,,,,,,,,,
Garage,Temp & Humidity Sensor,2020/11/29 12:20 AM,50.9,67.0,40.3,48.8,,,30.19,,,,,,,,,,,,,
Garage,Temp & Humidity Sensor,2020/11/29 12:25 AM,50.7,67.0,40.1,48.6,,,30.19,,,,,,,,,,,,,
Garage,Temp & Humidity Sensor,2020/11/29 12:30 AM,50.7,67.0,40.1,48.6,,,30.18,,,,,,,,,,,,,
Garage,Temp & Humidity Sensor,2020/11/29 12:35 AM,50.5,67.0,40.0,48.4,,,30.18,,,,,,,,,,,,,
Garage,Temp & Humidity Sensor,2020/11/29 12:40 AM,50.5,67.0,40.0,48.4,,,30.18,,,,,,,,,,,,,
Garage,Temp & Humidity Sensor,2020/11/29 12:45 AM,50.3,67.0,39.8,48.2,,,30.18,,,,,,,,,,,,,
Garage,Temp & Humidity Sensor,2020/11/29 12:50 AM,50.3,67.0,39.8,48.2,,,30.18,,,,,,,,,,,,,
Garage,Temp & Humidity Sensor,2020/11/29 12:55 AM,50.1,67.0,39.6,48.0,,,30.18,,,,,,,,,,,,,
Garage,Temp & Humidity Sensor,2020/11/29 1:00 AM,50.1,67.0,39.6,48.0,,,30.18,,,,,,,,,,,,,
Garage,Temp & Humidity Sensor,2020/11/29 1:05 AM,50.1,67.0,39.6,48.0,,,30.18,,,,,,,,,,,,,
Garage,Temp & Humidity Sensor,2020/11/29 1:10 AM,50.0,67.0,39.5,47.8,,,30.18,,,,,,,,,,,,,
Garage,Temp & Humidity Sensor,2020/11/29 1:15 AM,50.0,67.0,39.5,47.8,,,30.18,,,,,,,,,,,,,
Garage,Temp & Humidity Sensor,2020/11/29 1:20 AM,49.8,67.0,39.3,47.6,,,30.18,,,,,,,,,,,,,
Garage,Temp & Humidity Sensor,2020/11/29 1:25 AM,49.8,67.0,39.3,47.6,,,30.18,,,,,,,,,,,,,
Garage,Temp & Humidity Sensor,2020/11/29 1:30 AM,49.8,67.0,39.3,47.6,,,30.18,,,,,,,,,,,,,
Garage,Temp & Humidity Sensor,2020/11/29 1:35 AM,49.6,67.0,39.1,47.4,,,30.18,,,,,,,,,,,,,
Garage,Temp & Humidity Sensor,2020/11/29 1:40 AM,49.6,67.0,39.1,47.4,,,30.18,,,,,,,,,,,,,
Garage,Temp & Humidity Sensor,2020/11/29 1:45 AM,49.6,67.0,39.1,47.4,,,30.18,,,,,,,,,,,,,
Garage,Temp & Humidity Sensor,2020/11/29 1:50 AM,49.4,67.0,38.9,47.2,,,30.18,,,,,,,,,,,,,
Garage,Temp & Humidity Sensor,2020/11/29 1:55 AM,49.4,67.0,38.9,47.2,,,30.18,,,,,,,,,,,,,
Garage,Temp & Humidity Sensor,2020/11/29 2:00 AM,49.4,67.0,38.9,47.2,,,30.18,,,,,,,,,,,,,
Garage,Temp & Humidity Sensor,2020/11/29 2:05 AM,49.2,67.0,38.7,47.0,,,30.18,,,,,,,,,,,,,
Garage,Temp & Humidity Sensor,2020/11/29 2:10 AM,49.2,67.0,38.7,47.0,,,30.18,,,,,,,,,,,,,
Garage,Temp & Humidity Sensor,2020/11/29 2:15 AM,49.2,67.0,38.7,47.0,,,30.18,,,,,,,,,,,,,
Garage,Temp & Humidity Sensor,2020/11/29 2:20 AM,49.1,67.0,38.6,46.9,,,30.18,,,,,,,,,,,,,
Garage,Temp & Humidity Sensor,2020/11/29 2:25 AM,49.1,67.0,38.6,46.9,,,30.18,,,,,,,,,,,,,
Garage,Temp & Humidity Sensor,2020/11/29 2:30 AM,49.1,67.0,38.6,46.9,,,30.18,,,,,,,,,,,,,
Garage,Temp & Humidity Sensor,2020/11/29 2:35 AM,48.9,67.0,38.4,46.6,,,30.18,,,,,,,,,,,,,
Garage,Temp & Humidity Sensor,2020/11/29 2:40 AM,48.9,67.0,38.4,46.6,,,30.18,,,,,,,,,,,,,
Garage,Temp & Humidity Sensor,2020/11/29 2:45 AM,48.7,67.0,38.2,46.4,,,30.18,,,,,,,,,,,,,
Garage,Temp & Humidity Sensor,2020/11/29 2:50 AM,48.7,67.0,38.2,46.4,,,30.19,,,,,,,,,,,,,
Garage,Temp & Humidity Sensor,2020/11/29 2:55 AM,48.7,67.0,38.2,46.4,,,30.19,,,,,,,,,,,,,
Garage,Temp & Humidity Sensor,2020/11/29 3:00 AM,48.5,67.0,38.0,46.2,,,30.19,,,,,,,,,,,,,
Garage,Temp & Humidity Sensor,2020/11/29 3:05 AM,48.5,67.0,38.0,46.2,,,30.19,,,,,,,,,,,,,
Garage,Temp & Humidity Sensor,2020/11/29 3:10 AM,48.5,67.0,38.0,46.2,,,30.18,,,,,,,,,,,,,
Garage,Temp & Humidity Sensor,2020/11/29 3:15 AM,48.3,67.0,37.9,46.0,,,30.19,,,,,,,,,,,,,
Garage,Temp & Humidity Sensor,2020/11/29 3:20 AM,48.2,67.0,37.8,45.9,,,30.19,,,,,,,,,,,,,
Garage,Temp & Humidity Sensor,2020/11/29 3:25 AM,48.2,67.0,37.8,45.9,,,30.19,,,,,,,,,,,,,
Garage,Temp & Humidity Sensor,2020/11/29 3:30 AM,48.2,67.0,37.8,45.9,,,30.18,,,,,,,,,,,,,
Garage,Temp & Humidity Sensor,2020/11/29 3:35 AM,48.2,67.0,37.8,45.9,,,30.18,,,,,,,,,,,,,
Garage,Temp & Humidity Sensor,2020/11/29 3:40 AM,48.2,67.0,37.8,45.9,,,30.18,,,,,,,,,,,,,
Garage,Temp & Humidity Sensor,2020/11/29 3:45 AM,48.0,68.0,38.0,45.7,,,30.18,,,,,,,,,,,,,
Garage,Temp & Humidity Sensor,2020/11/29 3:50 AM,48.0,68.0,38.0,45.7,,,30.18,,,,,,,,,,,,,
Garage,Temp & Humidity Sensor,2020/11/29 3:55 AM,48.0,68.0,38.0,45.7,,,30.18,,,,,,,,,,,,,
Garage,Temp & Humidity Sensor,2020/11/29 4:00 AM,47.8,68.0,37.8,45.5,,,30.18,,,,,,,,,,,,,
Garage,Temp & Humidity Sensor,2020/11/29 4:05 AM,47.8,68.0,37.8,45.5,,,30.18,,,,,,,,,,,,,
Garage,Temp & Humidity Sensor,2020/11/29 4:10 AM,47.8,68.0,37.8,45.5,,,30.18,,,,,,,,,,,,,
Garage,Temp & Humidity Sensor,2020/11/29 4:15 AM,47.6,68.0,37.6,45.3,,,30.17,,,,,,,,,,,,,
Garage,Temp & Humidity Sensor,2020/11/29 4:20 AM,47.6,68.0,37.6,45.3,,,30.18,,,,,,,,,,,,,
Garage,Temp & Humidity Sensor,2020/11/29 4:25 AM,47.6,68.0,37.6,45.3,,,30.18,,,,,,,,,,,,,
Garage,Temp & Humidity Sensor,2020/11/29 4:30 AM,47.4,68.0,37.4,45.0,,,30.18,,,,,,,,,,,,,
Garage,Temp & Humidity Sensor,2020/11/29 4:35 AM,47.4,68.0,37.4,45.0,,,30.18,,,,,,,,,,,,,
Garage,Temp & Humidity Sensor,2020/11/29 4:40 AM,47.4,67.0,37.0,45.0,,,30.18,,,,,,,,,,,,,
Garage,Temp & Humidity Sensor,2020/11/29 4:45 AM,47.4,67.0,37.0,45.0,,,30.18,,,,,,,,,,,,,
Garage,Temp & Humidity Sensor,2020/11/29 4:50 AM,47.3,67.0,36.9,44.9,,,30.18,,,,,,,,,,,,,
Garage,Temp & Humidity Sensor,2020/11/29 4:55 AM,47.3,67.0,36.9,44.9,,,30.18,,,,,,,,,,,,,
Garage,Temp & Humidity Sensor,2020/11/29 5:00 AM,47.1,67.0,36.7,44.7,,,30.19,,,,,,,,,,,,,
Garage,Temp & Humidity Sensor,2020/11/29 5:05 AM,47.1,67.0,36.7,44.7,,,30.19,,,,,,,,,,,,,
Garage,Temp & Humidity Sensor,2020/11/29 5:10 AM,46.9,67.0,36.5,44.4,,,30.19,,,,,,,,,,,,,
Garage,Temp & Humidity Sensor,2020/11/29 5:15 AM,46.9,67.0,36.5,44.4,,,30.19,,,,,,,,,,,,,
Garage,Temp & Humidity Sensor,2020/11/29 5:20 AM,46.9,67.0,36.5,44.4,,,30.19,,,,,,,,,,,,,
Garage,Temp & Humidity Sensor,2020/11/29 5:25 AM,46.9,67.0,36.5,44.4,,,30.19,,,,,,,,,,,,,
Garage,Temp & Humidity Sensor,2020/11/29 5:30 AM,46.7,67.0,36.3,44.2,,,30.19,,,,,,,,,,,,,
Garage,Temp & Humidity Sensor,2020/11/29 5:35 AM,46.7,67.0,36.3,44.2,,,30.2,,,,,,,,,,,,,
Garage,Temp & Humidity Sensor,2020/11/29 5:40 AM,46.7,67.0,36.3,44.2,,,30.2,,,,,,,,,,,,,
Garage,Temp & Humidity Sensor,2020/11/29 5:45 AM,46.7,67.0,36.3,44.2,,,30.2,,,,,,,,,,,,,
Garage,Temp & Humidity Sensor,2020/11/29 5:50 AM,46.5,67.0,36.1,44.0,,,30.2,,,,,,,,,,,,,
Garage,Temp & Humidity Sensor,2020/11/29 5:55 AM,46.5,67.0,36.1,44.0,,,30.2,,,,,,,,,,,,,
Garage,Temp & Humidity Sensor,2020/11/29 6:00 AM,46.5,67.0,36.1,44.0,,,30.2,,,,,,,,,,,,,
Garage,Temp & Humidity Sensor,2020/11/29 6:05 AM,46.4,67.0,36.0,43.9,,,30.2,,,,,,,,,,,,,
Garage,Temp & Humidity Sensor,2020/11/29 6:10 AM,46.4,67.0,36.0,43.9,,,30.2,,,,,,,,,,,,,
Garage,Temp & Humidity Sensor,2020/11/29 6:15 AM,46.4,67.0,36.0,43.9,,,30.2,,,,,,,,,,,,,
Garage,Temp & Humidity Sensor,2020/11/29 6:20 AM,46.4,67.0,36.0,43.9,,,30.2,,,,,,,,,,,,,
Garage,Temp & Humidity Sensor,2020/11/29 6:25 AM,46.2,68.0,36.2,43.7,,,30.2,,,,,,,,,,,,,
Garage,Temp & Humidity Sensor,2020/11/29 6:30 AM,46.2,68.0,36.2,43.7,,,30.2,,,,,,,,,,,,,
Garage,Temp & Humidity Sensor,2020/11/29 6:35 AM,46.2,68.0,36.2,43.7,,,30.21,,,,,,,,,,,,,
Garage,Temp & Humidity Sensor,2020/11/29 6:40 AM,46.0,68.0,36.0,43.5,,,30.21,,,,,,,,,,,,,
Garage,Temp & Humidity Sensor,2020/11/29 6:45 AM,46.0,68.0,36.0,43.5,,,30.21,,,,,,,,,,,,,
Garage,Temp & Humidity Sensor,2020/11/29 6:50 AM,46.0,68.0,36.0,43.5,,,30.21,,,,,,,,,,,,,
Garage,Temp & Humidity Sensor,2020/11/29 6:55 AM,45.8,68.0,35.8,43.3,,,30.21,,,,,,,,,,,,,
Garage,Temp & Humidity Sensor,2020/11/29 7:00 AM,45.8,68.0,35.8,43.3,,,30.21,,,,,,,,,,,,,
Garage,Temp & Humidity Sensor,2020/11/29 7:05 AM,45.8,68.0,35.8,43.3,,,30.21,,,,,,,,,,,,,
Garage,Temp & Humidity Sensor,2020/11/29 7:10 AM,45.8,68.0,35.8,43.3,,,30.21,,,,,,,,,,,,,
Garage,Temp & Humidity Sensor,2020/11/29 7:15 AM,45.6,68.0,35.7,43.1,,,30.21,,,,,,,,,,,,,
Garage,Temp & Humidity Sensor,2020/11/29 7:20 AM,45.6,68.0,35.7,43.1,,,30.21,,,,,,,,,,,,,
Garage,Temp & Humidity Sensor,2020/11/29 7:25 AM,45.6,68.0,35.7,43.1,,,30.21,,,,,,,,,,,,,
Garage,Temp & Humidity Sensor,2020/11/29 7:30 AM,45.6,68.0,35.7,43.1,,,30.22,,,,,,,,,,,,,
Garage,Temp & Humidity Sensor,2020/11/29 7:35 AM,45.5,68.0,35.6,42.9,,,30.22,,,,,,,,,,,,,
Garage,Temp & Humidity Sensor,2020/11/29 7:40 AM,45.5,68.0,35.6,42.9,,,30.21,,,,,,,,,,,,,
Garage,Temp & Humidity Sensor,2020/11/29 7:45 AM,45.5,68.0,35.6,42.9,,,30.22,,,,,,,,,,,,,
Garage,Temp & Humidity Sensor,2020/11/29 7:50 AM,45.3,68.0,35.4,42.7,,,30.22,,,,,,,,,,,,,
Garage,Temp & Humidity Sensor,2020/11/29 7:55 AM,45.3,68.0,35.4,42.7,,,30.22,,,,,,,,,,,,,
Garage,Temp & Humidity Sensor,2020/11/29 8:00 AM,45.3,68.0,35.4,42.7,,,30.22,,,,,,,,,,,,,
Garage,Temp & Humidity Sensor,2020/11/29 8:05 AM,45.3,68.0,35.4,42.7,,,30.22,,,,,,,,,,,,,
Garage,Temp & Humidity Sensor,2020/11/29 8:10 AM,45.3,68.0,35.4,42.7,,,30.21,,,,,,,,,,,,,
Garage,Temp & Humidity Sensor,2020/11/29 8:15 AM,45.3,68.0,35.4,42.7,,,30.22,,,,,,,,,,,,,
Garage,Temp & Humidity Sensor,2020/11/29 8:20 AM,45.3,68.0,35.4,42.7,,,30.22,,,,,,,,,,,,,
Garage,Temp & Humidity Sensor,2020/11/29 8:25 AM,45.3,68.0,35.4,42.7,,,30.21,,,,,,,,,,,,,
Garage,Temp & Humidity Sensor,2020/11/29 8:30 AM,45.3,68.0,35.4,42.7,,,30.21,,,,,,,,,,,,,
Garage,Temp & Humidity Sensor,2020/11/29 8:35 AM,45.3,68.0,35.4,42.7,,,30.21,,,,,,,,,,,,,
Garage,Temp & Humidity Sensor,2020/11/29 8:40 AM,45.3,68.0,35.4,42.7,,,30.22,,,,,,,,,,,,,
Garage,Temp & Humidity Sensor,2020/11/29 8:45 AM,45.3,68.0,35.4,42.7,,,30.21,,,,,,,,,,,,,
Garage,Temp & Humidity Sensor,2020/11/29 8:50 AM,45.3,68.0,35.4,42.7,,,30.21,,,,,,,,,,,,,
Garage,Temp & Humidity Sensor,2020/11/29 8:55 AM,45.3,68.0,35.4,42.7,,,30.21,,,,,,,,,,,,,
Garage,Temp & Humidity Sensor,2020/11/29 9:00 AM,45.3,68.0,35.4,42.7,,,30.21,,,,,,,,,,,,,
Garage,Temp & Humidity Sensor,2020/11/29 9:05 AM,45.3,68.0,35.4,42.7,,,30.21,,,,,,,,,,,,,
Garage,Temp & Humidity Sensor,2020/11/29 9:10 AM,45.5,68.0,35.6,42.9,,,30.22,,,,,,,,,,,,,
Garage,Temp & Humidity Sensor,2020/11/29 9:15 AM,45.5,68.0,35.6,42.9,,,30.22,,,,,,,,,,,,,
Garage,Temp & Humidity Sensor,2020/11/29 9:20 AM,45.5,68.0,35.6,42.9,,,30.22,,,,,,,,,,,,,
Garage,Temp & Humidity Sensor,2020/11/29 9:25 AM,45.5,68.0,35.6,42.9,,,30.22,,,,,,,,,,,,,
Garage,Temp & Humidity Sensor,2020/11/29 9:30 AM,45.6,68.0,35.7,43.1,,,30.22,,,,,,,,,,,,,
Garage,Temp & Humidity Sensor,2020/11/29 9:35 AM,45.6,68.0,35.7,43.1,,,30.22,,,,,,,,,,,,,
Garage,Temp & Humidity Sensor,2020/11/29 9:40 AM,45.8,68.0,35.8,43.3,,,30.22,,,,,,,,,,,,,
Garage,Temp & Humidity Sensor,2020/11/29 9:45 AM,45.8,68.0,35.8,43.3,,,30.22,,,,,,,,,,,,,
Garage,Temp & Humidity Sensor,2020/11/29 9:50 AM,46.0,68.0,36.0,43.5,,,30.22,,,,,,,,,,,,,
Garage,Temp & Humidity Sensor,2020/11/29 9:55 AM,46.0,68.0,36.0,43.5,,,30.22,,,,,,,,,,,,,
Garage,Temp & Humidity Sensor,2020/11/29 10:00 AM,46.2,68.0,36.2,43.7,,,30.22,,,,,,,,,,,,,
Garage,Temp & Humidity Sensor,2020/11/29 10:05 AM,46.2,68.0,36.2,43.7,,,30.22,,,,,,,,,,,,,
Garage,Temp & Humidity Sensor,2020/11/29 10:10 AM,46.4,68.0,36.4,43.9,,,30.22,,,,,,,,,,,,,
Garage,Temp & Humidity Sensor,2020/11/29 10:15 AM,46.5,68.0,36.5,44.0,,,30.21,,,,,,,,,,,,,
Garage,Temp & Humidity Sensor,2020/11/29 10:20 AM,46.5,68.0,36.5,44.0,,,30.21,,,,,,,,,,,,,
Garage,Temp & Humidity Sensor,2020/11/29 10:25 AM,46.7,68.0,36.7,44.3,,,30.21,,,,,,,,,,,,,
Garage,Temp & Humidity Sensor,2020/11/29 10:30 AM,46.9,68.0,36.9,44.5,,,30.21,,,,,,,,,,,,,
Garage,Temp & Humidity Sensor,2020/11/29 10:35 AM,47.1,68.0,37.1,44.7,,,30.22,,,,,,,,,,,,,
Garage,Temp & Humidity Sensor,2020/11/29 10:40 AM,47.3,68.0,37.3,44.9,,,30.22,,,,,,,,,,,,,
Garage,Temp & Humidity Sensor,2020/11/29 10:45 AM,47.6,68.0,37.6,45.3,,,30.22,,,,,,,,,,,,,
Garage,Temp & Humidity Sensor,2020/11/29 10:50 AM,48.2,68.0,38.1,45.9,,,30.21,,,,,,,,,,,,,
Garage,Temp & Humidity Sensor,2020/11/29 10:55 AM,48.7,69.0,39.0,46.5,,,30.21,,,,,,,,,,,,,
Garage,Temp & Humidity Sensor,2020/11/29 11:00 AM,49.2,69.0,39.5,47.1,,,30.21,,,,,,,,,,,,,
Garage,Temp & Humidity Sensor,2020/11/29 11:05 AM,49.6,69.0,39.9,47.5,,,30.21,,,,,,,,,,,,,
Garage,Temp & Humidity Sensor,2020/11/29 11:10 AM,50.0,69.0,40.2,47.9,,,30.2,,,,,,,,,,,,,
Garage,Temp & Humidity Sensor,2020/11/29 11:15 AM,50.5,69.0,40.7,48.5,,,30.2,,,,,,,,,,,,,
Garage,Temp & Humidity Sensor,2020/11/29 11:20 AM,51.0,70.0,41.6,49.1,,,30.2,,,,,,,,,,,,,
Garage,Temp & Humidity Sensor,2020/11/29 11:25 AM,51.6,70.0,42.1,49.8,,,30.2,,,,,,,,,,,,,
Garage,Temp & Humidity Sensor,2020/11/29 11:30 AM,51.9,70.0,42.4,50.1,,,30.2,,,,,,,,,,,,,
Garage,Temp & Humidity Sensor,2020/11/29 11:35 AM,52.3,70.0,42.8,50.5,,,30.2,,,,,,,,,,,,,
Garage,Temp & Humidity Sensor,2020/11/29 11:40 AM,52.7,70.0,43.2,51.0,,,30.19,,,,,,,,,,,,,
Garage,Temp & Humidity Sensor,2020/11/29 11:45 AM,53.0,70.0,43.5,51.3,,,30.19,,,,,,,,,,,,,
Garage,Temp & Humidity Sensor,2020/11/29 11:50 AM,53.2,70.0,43.7,51.5,,,30.19,,,,,,,,,,,,,
Garage,Temp & Humidity Sensor,2020/11/29 11:55 AM,53.6,70.0,44.1,51.9,,,30.19,,,,,,,,,,,,,
Garage,Temp & Humidity Sensor,2020/11/29 12:00 PM,53.9,70.0,44.3,52.3,,,30.18,,,,,,,,,,,,,
Garage,Temp & Humidity Sensor,2020/11/29 12:05 PM,54.3,70.0,44.7,52.7,,,30.18,,,,,,,,,,,,,
Garage,Temp & Humidity Sensor,2020/11/29 12:10 PM,54.6,70.0,45.0,53.0,,,30.18,,,,,,,,,,,,,
Garage,Temp & Humidity Sensor,2020/11/29 12:15 PM,54.8,70.0,45.2,53.3,,,30.18,,,,,,,,,,,,,
Garage,Temp & Humidity Sensor,2020/11/29 12:20 PM,55.2,70.0,45.6,53.7,,,30.17,,,,,,,,,,,,,
Garage,Temp & Humidity Sensor,2020/11/29 12:25 PM,55.4,69.0,45.4,53.9,,,30.17,,,,,,,,,,,,,
Garage,Temp & Humidity Sensor,2020/11/29 12:30 PM,55.5,69.0,45.5,54.0,,,30.17,,,,,,,,,,,,,
Garage,Temp & Humidity Sensor,2020/11/29 12:35 PM,55.9,69.0,45.9,54.4,,,30.17,,,,,,,,,,,,,
Garage,Temp & Humidity Sensor,2020/11/29 12:40 PM,55.9,69.0,45.9,54.4,,,30.16,,,,,,,,,,,,,
Garage,Temp & Humidity Sensor,2020/11/29 12:45 PM,56.3,69.0,46.3,54.9,,,30.16,,,,,,,,,,,,,
Garage,Temp & Humidity Sensor,2020/11/29 12:50 PM,56.6,68.0,46.2,55.2,,,30.16,,,,,,,,,,,,,
Garage,Temp & Humidity Sensor,2020/11/29 12:55 PM,56.8,68.0,46.4,55.4,,,30.15,,,,,,,,,,,,,
Garage,Temp & Humidity Sensor,2020/11/29 1:00 PM,57.0,68.0,46.5,55.6,,,30.16,,,,,,,,,,,,,
Garage,Temp & Humidity Sensor,2020/11/29 1:05 PM,57.2,67.0,46.3,55.8,,,30.15,,,,,,,,,,,,,
Garage,Temp & Humidity Sensor,2020/11/29 1:10 PM,57.5,68.0,47.0,56.1,,,30.15,,,,,,,,,,,,,
Garage,Temp & Humidity Sensor,2020/11/29 1:15 PM,57.9,68.0,47.4,56.6,,,30.16,,,,,,,,,,,,,
Garage,Temp & Humidity Sensor,2020/11/29 1:20 PM,58.1,67.0,47.2,56.8,,,30.15,,,,,,,,,,,,,
Garage,Temp & Humidity Sensor,2020/11/29 1:25 PM,58.1,67.0,47.2,56.8,,,30.15,,,,,,,,,,,,,
Garage,Temp & Humidity Sensor,2020/11/29 1:30 PM,58.4,67.0,47.5,57.1,,,30.15,,,,,,,,,,,,,
Garage,Temp & Humidity Sensor,2020/11/29 1:35 PM,58.6,67.0,47.7,57.3,,,30.15,,,,,,,,,,,,,
Garage,Temp & Humidity Sensor,2020/11/29 1:40 PM,58.6,67.0,47.7,57.3,,,30.14,,,,,,,,,,,,,
Garage,Temp & Humidity Sensor,2020/11/29 1:45 PM,58.8,66.0,47.5,57.5,,,30.14,,,,,,,,,,,,,
Garage,Temp & Humidity Sensor,2020/11/29 1:50 PM,58.8,66.0,47.5,57.5,,,30.13,,,,,,,,,,,,,
Garage,Temp & Humidity Sensor,2020/11/29 1:55 PM,59.0,66.0,47.7,57.7,,,30.13,,,,,,,,,,,,,
Garage,Temp & Humidity Sensor,2020/11/29 2:00 PM,59.0,66.0,47.7,57.7,,,30.13,,,,,,,,,,,,,
Garage,Temp & Humidity Sensor,2020/11/29 2:05 PM,59.1,66.0,47.8,57.8,,,30.13,,,,,,,,,,,,,
Garage,Temp & Humidity Sensor,2020/11/29 2:10 PM,59.1,66.0,47.8,57.8,,,30.13,,,,,,,,,,,,,
Garage,Temp & Humidity Sensor,2020/11/29 2:15 PM,59.1,66.0,47.8,57.8,,,30.12,,,,,,,,,,,,,
Garage,Temp & Humidity Sensor,2020/11/29 2:20 PM,59.1,66.0,47.8,57.8,,,30.12,,,,,,,,,,,,,
Garage,Temp & Humidity Sensor,2020/11/29 2:25 PM,59.3,66.0,47.9,58.0,,,30.12,,,,,,,,,,,,,
Garage,Temp & Humidity Sensor,2020/11/29 2:30 PM,59.3,65.0,47.5,58.0,,,30.12,,,,,,,,,,,,,
Garage,Temp & Humidity Sensor,2020/11/29 2:35 PM,59.3,65.0,47.5,58.0,,,30.12,,,,,,,,,,,,,
Garage,Temp & Humidity Sensor,2020/11/29 2:40 PM,59.5,65.0,47.7,58.2,,,30.12,,,,,,,,,,,,,
Garage,Temp & Humidity Sensor,2020/11/29 2:45 PM,59.5,65.0,47.7,58.2,,,30.12,,,,,,,,,,,,,
Garage,Temp & Humidity Sensor,2020/11/29 2:50 PM,59.5,65.0,47.7,58.2,,,30.11,,,,,,,,,,,,,
Garage,Temp & Humidity Sensor,2020/11/29 2:55 PM,59.7,65.0,47.9,58.4,,,30.11,,,,,,,,,,,,,
Garage,Temp & Humidity Sensor,2020/11/29 3:00 PM,59.7,65.0,47.9,58.4,,,30.11,,,,,,,,,,,,,
Garage,Temp & Humidity Sensor,2020/11/29 3:05 PM,59.7,65.0,47.9,58.4,,,30.11,,,,,,,,,,,,,
Garage,Temp & Humidity Sensor,2020/11/29 3:10 PM,59.7,65.0,47.9,58.4,,,30.11,,,,,,,,,,,,,
Garage,Temp & Humidity Sensor,2020/11/29 3:15 PM,59.7,65.0,47.9,58.4,,,30.11,,,,,,,,,,,,,
Garage,Temp & Humidity Sensor,2020/11/29 3:20 PM,59.9,65.0,48.1,58.6,,,30.11,,,,,,,,,,,,,
Garage,Temp & Humidity Sensor,2020/11/29 3:25 PM,59.9,65.0,48.1,58.6,,,30.11,,,,,,,,,,,,,
Garage,Temp & Humidity Sensor,2020/11/29 3:30 PM,59.9,65.0,48.1,58.6,,,30.11,,,,,,,,,,,,,
Garage,Temp & Humidity Sensor,2020/11/29 3:35 PM,59.9,65.0,48.1,58.6,,,30.11,,,,,,,,,,,,,
Garage,Temp & Humidity Sensor,2020/11/29 3:40 PM,59.9,65.0,48.1,58.6,,,30.11,,,,,,,,,,,,,
Garage,Temp & Humidity Sensor,2020/11/29 3:45 PM,59.9,65.0,48.1,58.6,,,30.1,,,,,,,,,,,,,
Garage,Temp & Humidity Sensor,2020/11/29 3:50 PM,59.7,65.0,47.9,58.4,,,30.1,,,,,,,,,,,,,
Garage,Temp & Humidity Sensor,2020/11/29 3:55 PM,59.7,65.0,47.9,58.4,,,30.1,,,,,,,,,,,,,
Garage,Temp & Humidity Sensor,2020/11/29 4:00 PM,59.7,65.0,47.9,58.4,,,30.1,,,,,,,,,,,,,
Garage,Temp & Humidity Sensor,2020/11/29 4:05 PM,59.7,65.0,47.9,58.4,,,30.09,,,,,,,,,,,,,
Garage,Temp & Humidity Sensor,2020/11/29 4:10 PM,59.7,65.0,47.9,58.4,,,30.09,,,,,,,,,,,,,
Garage,Temp & Humidity Sensor,2020/11/29 4:15 PM,59.7,65.0,47.9,58.4,,,30.09,,,,,,,,,,,,,
Garage,Temp & Humidity Sensor,2020/11/29 4:20 PM,59.7,65.0,47.9,58.4,,,30.09,,,,,,,,,,,,,
Garage,Temp & Humidity Sensor,2020/11/29 4:25 PM,59.5,65.0,47.7,58.2,,,30.09,,,,,,,,,,,,,
Garage,Temp & Humidity Sensor,2020/11/29 4:35 PM,59.5,65.0,47.7,58.2,,,30.09,,,,,,,,,,,,,
Garage,Temp & Humidity Sensor,2020/11/29 4:40 PM,59.3,65.0,47.5,58.0,,,30.08,,,,,,,,,,,,,
Garage,Temp & Humidity Sensor,2020/11/29 4:45 PM,59.3,65.0,47.5,58.0,,,30.09,,,,,,,,,,,,,
Garage,Temp & Humidity Sensor,2020/11/29 4:55 PM,59.3,65.0,47.5,58.0,,,30.08,,,,,,,,,,,,,
Garage,Temp & Humidity Sensor,2020/11/29 5:00 PM,59.3,65.0,47.5,58.0,,,30.08,,,,,,,,,,,,,
Garage,Temp & Humidity Sensor,2020/11/29 5:05 PM,59.1,65.0,47.3,57.8,,,30.07,,,,,,,,,,,,,
Garage,Temp & Humidity Sensor,2020/11/29 5:10 PM,59.1,65.0,47.3,57.8,,,30.07,,,,,,,,,,,,,
Garage,Temp & Humidity Sensor,2020/11/29 5:15 PM,59.1,65.0,47.3,57.8,,,30.07,,,,,,,,,,,,,
Garage,Temp & Humidity Sensor,2020/11/29 5:20 PM,59.1,65.0,47.3,57.8,,,30.07,,,,,,,,,,,,,
Garage,Temp & Humidity Sensor,2020/11/29 5:25 PM,59.0,65.0,47.2,57.7,,,30.06,,,,,,,,,,,,,
Garage,Temp & Humidity Sensor,2020/11/29 5:30 PM,59.0,65.0,47.2,57.7,,,30.06,,,,,,,,,,,,,
Garage,Temp & Humidity Sensor,2020/11/29 5:35 PM,59.0,65.0,47.2,57.7,,,30.06,,,,,,,,,,,,,
Garage,Temp & Humidity Sensor,2020/11/29 5:40 PM,58.8,66.0,47.5,57.5,,,30.06,,,,,,,,,,,,,
Garage,Temp & Humidity Sensor,2020/11/29 5:45 PM,58.8,66.0,47.5,57.5,,,30.06,,,,,,,,,,,,,
Garage,Temp & Humidity Sensor,2020/11/29 5:50 PM,58.8,66.0,47.5,57.5,,,30.07,,,,,,,,,,,,,
Garage,Temp & Humidity Sensor,2020/11/29 5:55 PM,58.8,66.0,47.5,57.5,,,30.06,,,,,,,,,,,,,
Garage,Temp & Humidity Sensor,2020/11/29 6:00 PM,58.6,66.0,47.3,57.3,,,30.06,,,,,,,,,,,,,
Garage,Temp & Humidity Sensor,2020/11/29 6:05 PM,58.6,66.0,47.3,57.3,,,30.06,,,,,,,,,,,,,
Garage,Temp & Humidity Sensor,2020/11/29 6:10 PM,58.6,66.0,47.3,57.3,,,30.06,,,,,,,,,,,,,
Garage,Temp & Humidity Sensor,2020/11/29 6:15 PM,58.6,66.0,47.3,57.3,,,30.06,,,,,,,,,,,,,
Garage,Temp & Humidity Sensor,2020/11/29 6:20 PM,58.4,66.0,47.1,57.0,,,30.06,,,,,,,,,,,,,
Garage,Temp & Humidity Sensor,2020/11/29 6:25 PM,58.4,66.0,47.1,57.0,,,30.06,,,,,,,,,,,,,
Garage,Temp & Humidity Sensor,2020/11/29 6:30 PM,58.4,66.0,47.1,57.0,,,30.06,,,,,,,,,,,,,
Garage,Temp & Humidity Sensor,2020/11/29 6:35 PM,58.4,66.0,47.1,57.0,,,30.06,,,,,,,,,,,,,
Garage,Temp & Humidity Sensor,2020/11/29 6:40 PM,58.2,67.0,47.3,56.9,,,30.06,,,,,,,,,,,,,
Garage,Temp & Humidity Sensor,2020/11/29 6:45 PM,58.2,67.0,47.3,56.9,,,30.06,,,,,,,,,,,,,
Garage,Temp & Humidity Sensor,2020/11/29 6:50 PM,58.2,67.0,47.3,56.9,,,30.05,,,,,,,,,,,,,
Garage,Temp & Humidity Sensor,2020/11/29 6:55 PM,58.2,67.0,47.3,56.9,,,30.05,,,,,,,,,,,,,
Garage,Temp & Humidity Sensor,2020/11/29 7:00 PM,58.1,67.0,47.2,56.8,,,30.05,,,,,,,,,,,,,
Garage,Temp & Humidity Sensor,2020/11/29 7:05 PM,58.1,67.0,47.2,56.8,,,30.05,,,,,,,,,,,,,
Garage,Temp & Humidity Sensor,2020/11/29 7:10 PM,58.1,67.0,47.2,56.8,,,30.05,,,,,,,,,,,,,
Garage,Temp & Humidity Sensor,2020/11/29 7:15 PM,58.1,67.0,47.2,56.8,,,30.04,,,,,,,,,,,,,
Garage,Temp & Humidity Sensor,2020/11/29 7:20 PM,57.9,67.0,47.0,56.5,,,30.04,,,,,,,,,,,,,
Garage,Temp & Humidity Sensor,2020/11/29 7:25 PM,57.9,67.0,47.0,56.5,,,30.04,,,,,,,,,,,,,
Garage,Temp & Humidity Sensor,2020/11/29 7:30 PM,57.9,67.0,47.0,56.5,,,30.04,,,,,,,,,,,,,
Garage,Temp & Humidity Sensor,2020/11/29 7:35 PM,57.9,67.0,47.0,56.5,,,30.03,,,,,,,,,,,,,
Garage,Temp & Humidity Sensor,2020/11/29 7:40 PM,57.9,67.0,47.0,56.5,,,30.03,,,,,,,,,,,,,
Garage,Temp & Humidity Sensor,2020/11/29 7:45 PM,57.7,67.0,46.8,56.3,,,30.03,,,,,,,,,,,,,
Garage,Temp & Humidity Sensor,2020/11/29 7:50 PM,57.7,67.0,46.8,56.3,,,30.03,,,,,,,,,,,,,
Garage,Temp & Humidity Sensor,2020/11/29 7:55 PM,57.7,67.0,46.8,56.3,,,30.03,,,,,,,,,,,,,
Garage,Temp & Humidity Sensor,2020/11/29 8:00 PM,57.5,67.0,46.6,56.1,,,30.03,,,,,,,,,,,,,
Garage,Temp & Humidity Sensor,2020/11/29 8:05 PM,57.5,67.0,46.6,56.1,,,30.03,,,,,,,,,,,,,
Garage,Temp & Humidity Sensor,2020/11/29 8:10 PM,57.5,67.0,46.6,56.1,,,30.03,,,,,,,,,,,,,
Garage,Temp & Humidity Sensor,2020/11/29 8:15 PM,57.3,67.0,46.4,55.9,,,30.03,,,,,,,,,,,,,
Garage,Temp & Humidity Sensor,2020/11/29 8:20 PM,57.3,67.0,46.4,55.9,,,30.02,,,,,,,,,,,,,
Garage,Temp & Humidity Sensor,2020/11/29 8:25 PM,57.3,67.0,46.4,55.9,,,30.02,,,,,,,,,,,,,
Garage,Temp & Humidity Sensor,2020/11/29 8:30 PM,57.2,67.0,46.3,55.8,,,30.01,,,,,,,,,,,,,
Garage,Temp & Humidity Sensor,2020/11/29 8:35 PM,57.2,67.0,46.3,55.8,,,30.01,,,,,,,,,,,,,
Garage,Temp & Humidity Sensor,2020/11/29 8:40 PM,57.2,67.0,46.3,55.8,,,30.01,,,,,,,,,,,,,
Garage,Temp & Humidity Sensor,2020/11/29 8:45 PM,57.2,67.0,46.3,55.8,,,30.0,,,,,,,,,,,,,
Garage,Temp & Humidity Sensor,2020/11/29 8:50 PM,57.0,68.0,46.5,55.6,,,30.0,,,,,,,,,,,,,
Garage,Temp & Humidity Sensor,2020/11/29 8:55 PM,57.0,68.0,46.5,55.6,,,29.99,,,,,,,,,,,,,
Garage,Temp & Humidity Sensor,2020/11/29 9:00 PM,57.0,68.0,46.5,55.6,,,29.99,,,,,,,,,,,,,
Garage,Temp & Humidity Sensor,2020/11/29 9:05 PM,56.8,68.0,46.4,55.4,,,29.99,,,,,,,,,,,,,
Garage,Temp & Humidity Sensor,2020/11/29 9:10 PM,56.8,68.0,46.4,55.4,,,29.99,,,,,,,,,,,,,
Garage,Temp & Humidity Sensor,2020/11/29 9:15 PM,56.8,68.0,46.4,55.4,,,29.99,,,,,,,,,,,,,
Garage,Temp & Humidity Sensor,2020/11/29 9:20 PM,56.8,68.0,46.4,55.4,,,29.99,,,,,,,,,,,,,
Garage,Temp & Humidity Sensor,2020/11/29 9:25 PM,56.6,68.0,46.2,55.2,,,29.99,,,,,,,,,,,,,
Garage,Temp & Humidity Sensor,2020/11/29 9:30 PM,56.6,68.0,46.2,55.2,,,29.98,,,,,,,,,,,,,
Garage,Temp & Humidity Sensor,2020/11/29 9:35 PM,56.6,68.0,46.2,55.2,,,29.98,,,,,,,,,,,,,
Garage,Temp & Humidity Sensor,2020/11/29 9:40 PM,56.4,68.0,46.0,54.9,,,29.98,,,,,,,,,,,,,
Garage,Temp & Humidity Sensor,2020/11/29 9:45 PM,56.4,68.0,46.0,54.9,,,29.98,,,,,,,,,,,,,
Garage,Temp & Humidity Sensor,2020/11/29 9:50 PM,56.4,68.0,46.0,54.9,,,29.98,,,,,,,,,,,,,
Garage,Temp & Humidity Sensor,2020/11/29 9:55 PM,56.4,68.0,46.0,54.9,,,29.97,,,,,,,,,,,,,
Garage,Temp & Humidity Sensor,2020/11/29 10:00 PM,56.3,68.0,45.9,54.8,,,29.97,,,,,,,,,,,,,
Garage,Temp & Humidity Sensor,2020/11/29 10:05 PM,56.3,68.0,45.9,54.8,,,29.97,,,,,,,,,,,,,
Garage,Temp & Humidity Sensor,2020/11/29 10:10 PM,56.3,68.0,45.9,54.8,,,29.96,,,,,,,,,,,,,
Garage,Temp & Humidity Sensor,2020/11/29 10:15 PM,56.3,68.0,45.9,54.8,,,29.96,,,,,,,,,,,,,
Garage,Temp & Humidity Sensor,2020/11/29 10:20 PM,56.1,68.0,45.7,54.6,,,29.95,,,,,,,,,,,,,
Garage,Temp & Humidity Sensor,2020/11/29 10:25 PM,56.1,68.0,45.7,54.6,,,29.95,,,,,,,,,,,,,
Garage,Temp & Humidity Sensor,2020/11/29 10:30 PM,56.1,68.0,45.7,54.6,,,29.94,,,,,,,,,,,,,
Garage,Temp & Humidity Sensor,2020/11/29 10:35 PM,56.1,68.0,45.7,54.6,,,29.93,,,,,,,,,,,,,
Garage,Temp & Humidity Sensor,2020/11/29 10:40 PM,56.1,68.0,45.7,54.6,,,29.94,,,,,,,,,,,,,
Garage,Temp & Humidity Sensor,2020/11/29 10:45 PM,55.9,68.0,45.5,54.4,,,29.92,,,,,,,,,,,,,
Garage,Temp & Humidity Sensor,2020/11/29 10:50 PM,55.9,69.0,45.9,54.4,,,29.92,,,,,,,,,,,,,
Garage,Temp & Humidity Sensor,2020/11/29 10:55 PM,55.9,69.0,45.9,54.4,,,29.92,,,,,,,,,,,,,
Garage,Temp & Humidity Sensor,2020/11/29 11:00 PM,55.9,69.0,45.9,54.4,,,29.92,,,,,,,,,,,,,
Garage,Temp & Humidity Sensor,2020/11/29 11:05 PM,55.9,69.0,45.9,54.4,,,29.91,,,,,,,,,,,,,
Garage,Temp & Humidity Sensor,2020/11/29 11:10 PM,55.9,69.0,45.9,54.4,,,29.9,,,,,,,,,,,,,
Garage,Temp & Humidity Sensor,2020/11/29 11:15 PM,55.7,69.0,45.7,54.2,,,29.9,,,,,,,,,,,,,
Garage,Temp & Humidity Sensor,2020/11/29 11:20 PM,55.7,69.0,45.7,54.2,,,29.89,,,,,,,,,,,,,
Garage,Temp & Humidity Sensor,2020/11/29 11:25 PM,55.7,69.0,45.7,54.2,,,29.88,,,,,,,,,,,,,
Garage,Temp & Humidity Sensor,2020/11/29 11:30 PM,55.7,69.0,45.7,54.2,,,29.87,,,,,,,,,,,,,
Garage,Temp & Humidity Sensor,2020/11/29 11:35 PM,55.7,69.0,45.7,54.2,,,29.87,,,,,,,,,,,,,
Garage,Temp & Humidity Sensor,2020/11/29 11:40 PM,55.7,69.0,45.7,54.2,,,29.86,,,,,,,,,,,,,
Garage,Temp & Humidity Sensor,2020/11/29 11:45 PM,55.7,69.0,45.7,54.2,,,29.85,,,,,,,,,,,,,
Garage,Temp & Humidity Sensor,2020/11/29 11:50 PM,55.7,69.0,45.7,54.2,,,29.84,,,,,,,,,,,,,
Garage,Temp & Humidity Sensor,2020/11/29 11:55 PM,55.7,69.0,45.7,54.2,,,29.84,,,,,,,,,,,,,
Garage,Temp & Humidity Sensor,2020/11/30 12:00 AM,55.5,69.0,45.5,54.0,,,29.83,,,,,,,,,,,,,
Garage,Temp & Humidity Sensor,2020/11/30 12:05 AM,55.5,69.0,45.5,54.0,,,29.82,,,,,,,,,,,,,
Garage,Temp & Humidity Sensor,2020/11/30 12:10 AM,55.5,69.0,45.5,54.0,,,29.81,,,,,,,,,,,,,
Garage,Temp & Humidity Sensor,2020/11/30 12:15 AM,55.5,69.0,45.5,54.0,,,29.81,,,,,,,,,,,,,
Garage,Temp & Humidity Sensor,2020/11/30 12:20 AM,55.5,69.0,45.5,54.0,,,29.8,,,,,,,,,,,,,
Garage,Temp & Humidity Sensor,2020/11/30 12:25 AM,55.5,69.0,45.5,54.0,,,29.8,,,,,,,,,,,,,
Garage,Temp & Humidity Sensor,2020/11/30 12:30 AM,55.5,69.0,45.5,54.0,,,29.8,,,,,,,,,,,,,
Garage,Temp & Humidity Sensor,2020/11/30 12:35 AM,55.5,69.0,45.5,54.0,,,29.8,,,,,,,,,,,,,
Garage,Temp & Humidity Sensor,2020/11/30 12:40 AM,55.5,69.0,45.5,54.0,,,29.79,,,,,,,,,,,,,
Garage,Temp & Humidity Sensor,2020/11/30 12:45 AM,55.5,69.0,45.5,54.0,,,29.78,,,,,,,,,,,,,
Garage,Temp & Humidity Sensor,2020/11/30 12:50 AM,55.5,69.0,45.5,54.0,,,29.78,,,,,,,,,,,,,
Garage,Temp & Humidity Sensor,2020/11/30 12:55 AM,55.5,69.0,45.5,54.0,,,29.77,,,,,,,,,,,,,
Garage,Temp & Humidity Sensor,2020/11/30 1:00 AM,55.5,69.0,45.5,54.0,,,29.77,,,,,,,,,,,,,
Garage,Temp & Humidity Sensor,2020/11/30 1:05 AM,55.5,69.0,45.5,54.0,,,29.76,,,,,,,,,,,,,
Garage,Temp & Humidity Sensor,2020/11/30 1:10 AM,55.7,69.0,45.7,54.2,,,29.76,,,,,,,,,,,,,
Garage,Temp & Humidity Sensor,2020/11/30 1:15 AM,55.7,69.0,45.7,54.2,,,29.75,,,,,,,,,,,,,
Garage,Temp & Humidity Sensor,2020/11/30 1:20 AM,55.7,69.0,45.7,54.2,,,29.75,,,,,,,,,,,,,
Garage,Temp & Humidity Sensor,2020/11/30 1:25 AM,55.7,69.0,45.7,54.2,,,29.75,,,,,,,,,,,,,
Garage,Temp & Humidity Sensor,2020/11/30 1:30 AM,55.9,69.0,45.9,54.4,,,29.74,,,,,,,,,,,,,
Garage,Temp & Humidity Sensor,2020/11/30 1:35 AM,55.9,69.0,45.9,54.4,,,29.74,,,,,,,,,,,,,
Garage,Temp & Humidity Sensor,2020/11/30 1:40 AM,55.9,70.0,46.3,54.5,,,29.74,,,,,,,,,,,,,
Garage,Temp & Humidity Sensor,2020/11/30 1:45 AM,56.1,70.0,46.5,54.7,,,29.74,,,,,,,,,,,,,
Garage,Temp & Humidity Sensor,2020/11/30 1:50 AM,56.1,70.0,46.5,54.7,,,29.73,,,,,,,,,,,,,
Garage,Temp & Humidity Sensor,2020/11/30 1:55 AM,56.1,70.0,46.5,54.7,,,29.73,,,,,,,,,,,,,
Garage,Temp & Humidity Sensor,2020/11/30 2:00 AM,56.3,70.0,46.6,54.9,,,29.73,,,,,,,,,,,,,
Garage,Temp & Humidity Sensor,2020/11/30 2:05 AM,56.3,70.0,46.6,54.9,,,29.74,,,,,,,,,,,,,
Garage,Temp & Humidity Sensor,2020/11/30 2:10 AM,56.4,70.0,46.7,55.0,,,29.74,,,,,,,,,,,,,
Garage,Temp & Humidity Sensor,2020/11/30 2:15 AM,56.4,70.0,46.7,55.0,,,29.74,,,,,,,,,,,,,
Garage,Temp & Humidity Sensor,2020/11/30 2:20 AM,56.4,70.0,46.7,55.0,,,29.73,,,,,,,,,,,,,
Garage,Temp & Humidity Sensor,2020/11/30 2:25 AM,56.6,70.0,46.9,55.2,,,29.73,,,,,,,,,,,,,
Garage,Temp & Humidity Sensor,2020/11/30 2:30 AM,56.6,70.0,46.9,55.2,,,29.72,,,,,,,,,,,,,
Garage,Temp & Humidity Sensor,2020/11/30 2:35 AM,56.8,70.0,47.1,55.5,,,29.71,,,,,,,,,,,,,
Garage,Temp & Humidity Sensor,2020/11/30 2:40 AM,56.8,70.0,47.1,55.5,,,29.71,,,,,,,,,,,,,
Garage,Temp & Humidity Sensor,2020/11/30 2:45 AM,56.8,70.0,47.1,55.5,,,29.71,,,,,,,,,,,,,
Garage,Temp & Humidity Sensor,2020/11/30 2:50 AM,57.0,70.0,47.3,55.7,,,29.7,,,,,,,,,,,,,
Garage,Temp & Humidity Sensor,2020/11/30 2:55 AM,57.0,70.0,47.3,55.7,,,29.69,,,,,,,,,,,,,
Garage,Temp & Humidity Sensor,2020/11/30 3:00 AM,57.0,70.0,47.3,55.7,,,29.69,,,,,,,,,,,,,
Garage,Temp & Humidity Sensor,2020/11/30 3:05 AM,57.2,70.0,47.5,55.9,,,29.68,,,,,,,,,,,,,
Garage,Temp & Humidity Sensor,2020/11/30 3:10 AM,57.2,70.0,47.5,55.9,,,29.68,,,,,,,,,,,,,
Garage,Temp & Humidity Sensor,2020/11/30 3:15 AM,57.2,70.0,47.5,55.9,,,29.68,,,,,,,,,,,,,
Garage,Temp & Humidity Sensor,2020/11/30 3:20 AM,57.3,70.0,47.6,56.0,,,29.68,,,,,,,,,,,,,
Garage,Temp & Humidity Sensor,2020/11/30 3:25 AM,57.3,70.0,47.6,56.0,,,29.67,,,,,,,,,,,,,
Garage,Temp & Humidity Sensor,2020/11/30 3:30 AM,57.3,70.0,47.6,56.0,,,29.67,,,,,,,,,,,,,
Garage,Temp & Humidity Sensor,2020/11/30 3:35 AM,57.5,70.0,47.8,56.2,,,29.67,,,,,,,,,,,,,
Garage,Temp & Humidity Sensor,2020/11/30 3:40 AM,57.5,70.0,47.8,56.2,,,29.67,,,,,,,,,,,,,
Garage,Temp & Humidity Sensor,2020/11/30 3:45 AM,57.5,70.0,47.8,56.2,,,29.66,,,,,,,,,,,,,
Garage,Temp & Humidity Sensor,2020/11/30 3:50 AM,57.7,71.0,48.4,56.5,,,29.66,,,,,,,,,,,,,
Garage,Temp & Humidity Sensor,2020/11/30 3:55 AM,57.7,71.0,48.4,56.5,,,29.66,,,,,,,,,,,,,
Garage,Temp & Humidity Sensor,2020/11/30 4:00 AM,57.7,71.0,48.4,56.5,,,29.65,,,,,,,,,,,,,
Garage,Temp & Humidity Sensor,2020/11/30 4:05 AM,57.9,71.0,48.6,56.7,,,29.65,,,,,,,,,,,,,
Garage,Temp & Humidity Sensor,2020/11/30 4:10 AM,57.9,71.0,48.6,56.7,,,29.64,,,,,,,,,,,,,
Garage,Temp & Humidity Sensor,2020/11/30 4:15 AM,57.9,71.0,48.6,56.7,,,29.64,,,,,,,,,,,,,
Garage,Temp & Humidity Sensor,2020/11/30 4:20 AM,58.1,71.0,48.7,56.9,,,29.63,,,,,,,,,,,,,
Garage,Temp & Humidity Sensor,2020/11/30 4:25 AM,58.1,71.0,48.7,56.9,,,29.63,,,,,,,,,,,,,
Garage,Temp & Humidity Sensor,2020/11/30 4:30 AM,58.1,71.0,48.7,56.9,,,29.62,,,,,,,,,,,,,
Garage,Temp & Humidity Sensor,2020/11/30 4:35 AM,58.2,71.0,48.8,57.1,,,29.62,,,,,,,,,,,,,
Garage,Temp & Humidity Sensor,2020/11/30 4:40 AM,58.2,71.0,48.8,57.1,,,29.62,,,,,,,,,,,,,
Garage,Temp & Humidity Sensor,2020/11/30 4:45 AM,58.2,71.0,48.8,57.1,,,29.61,,,,,,,,,,,,,
Garage,Temp & Humidity Sensor,2020/11/30 4:50 AM,58.4,71.0,49.0,57.3,,,29.61,,,,,,,,,,,,,
Garage,Temp & Humidity Sensor,2020/11/30 4:55 AM,58.4,71.0,49.0,57.3,,,29.61,,,,,,,,,,,,,
Garage,Temp & Humidity Sensor,2020/11/30 5:00 AM,58.4,71.0,49.0,57.3,,,29.6,,,,,,,,,,,,,
Garage,Temp & Humidity Sensor,2020/11/30 5:05 AM,58.6,71.0,49.2,57.5,,,29.6,,,,,,,,,,,,,
Garage,Temp & Humidity Sensor,2020/11/30 5:10 AM,58.6,71.0,49.2,57.5,,,29.6,,,,,,,,,,,,,
Garage,Temp & Humidity Sensor,2020/11/30 5:15 AM,58.6,71.0,49.2,57.5,,,29.6,,,,,,,,,,,,,
Garage,Temp & Humidity Sensor,2020/11/30 5:20 AM,58.6,72.0,49.6,57.5,,,29.6,,,,,,,,,,,,,
Garage,Temp & Humidity Sensor,2020/11/30 5:25 AM,58.8,72.0,49.8,57.8,,,29.61,,,,,,,,,,,,,
Garage,Temp & Humidity Sensor,2020/11/30 5:30 AM,58.8,72.0,49.8,57.8,,,29.61,,,,,,,,,,,,,
Garage,Temp & Humidity Sensor,2020/11/30 5:35 AM,58.8,72.0,49.8,57.8,,,29.59,,,,,,,,,,,,,
Garage,Temp & Humidity Sensor,2020/11/30 5:40 AM,59.0,71.0,49.6,57.9,,,29.6,,,,,,,,,,,,,
Garage,Temp & Humidity Sensor,2020/11/30 5:45 AM,59.0,71.0,49.6,57.9,,,29.59,,,,,,,,,,,,,
Garage,Temp & Humidity Sensor,2020/11/30 5:50 AM,59.0,71.0,49.6,57.9,,,29.59,,,,,,,,,,,,,
Garage,Temp & Humidity Sensor,2020/11/30 5:55 AM,59.1,71.0,49.7,58.0,,,29.59,,,,,,,,,,,,,
Garage,Temp & Humidity Sensor,2020/11/30 6:00 AM,59.1,71.0,49.7,58.0,,,29.58,,,,,,,,,,,,,
Garage,Temp & Humidity Sensor,2020/11/30 6:05 AM,59.1,72.0,50.1,58.1,,,29.58,,,,,,,,,,,,,
Garage,Temp & Humidity Sensor,2020/11/30 6:10 AM,59.3,72.0,50.3,58.3,,,29.57,,,,,,,,,,,,,
Garage,Temp & Humidity Sensor,2020/11/30 6:15 AM,59.3,72.0,50.3,58.3,,,29.57,,,,,,,,,,,,,
Garage,Temp & Humidity Sensor,2020/11/30 6:20 AM,59.3,72.0,50.3,58.3,,,29.56,,,,,,,,,,,,,
Garage,Temp & Humidity Sensor,2020/11/30 6:25 AM,59.3,72.0,50.3,58.3,,,29.56,,,,,,,,,,,,,
Garage,Temp & Humidity Sensor,2020/11/30 6:30 AM,59.5,72.0,50.5,58.5,,,29.56,,,,,,,,,,,,,
Garage,Temp & Humidity Sensor,2020/11/30 6:35 AM,59.5,72.0,50.5,58.5,,,29.56,,,,,,,,,,,,,
Garage,Temp & Humidity Sensor,2020/11/30 6:40 AM,59.5,72.0,50.5,58.5,,,29.56,,,,,,,,,,,,,
Garage,Temp & Humidity Sensor,2020/11/30 6:45 AM,59.7,72.0,50.7,58.8,,,29.56,,,,,,,,,,,,,
Garage,Temp & Humidity Sensor,2020/11/30 6:50 AM,59.7,72.0,50.7,58.8,,,29.55,,,,,,,,,,,,,
Garage,Temp & Humidity Sensor,2020/11/30 6:55 AM,59.7,72.0,50.7,58.8,,,29.55,,,,,,,,,,,,,
Garage,Temp & Humidity Sensor,2020/11/30 7:00 AM,59.7,72.0,50.7,58.8,,,29.55,,,,,,,,,,,,,
Garage,Temp & Humidity Sensor,2020/11/30 7:05 AM,59.9,72.0,50.8,59.0,,,29.55,,,,,,,,,,,,,
Garage,Temp & Humidity Sensor,2020/11/30 7:10 AM,59.9,72.0,50.8,59.0,,,29.55,,,,,,,,,,,,,
Garage,Temp & Humidity Sensor,2020/11/30 7:15 AM,60.0,72.0,50.9,59.1,,,29.55,,,,,,,,,,,,,
Garage,Temp & Humidity Sensor,2020/11/30 7:20 AM,60.0,72.0,50.9,59.1,,,29.55,,,,,,,,,,,,,
Garage,Temp & Humidity Sensor,2020/11/30 7:25 AM,60.0,72.0,50.9,59.1,,,29.54,,,,,,,,,,,,,
Garage,Temp & Humidity Sensor,2020/11/30 7:30 AM,60.0,72.0,50.9,59.1,,,29.55,,,,,,,,,,,,,
Garage,Temp & Humidity Sensor,2020/11/30 7:35 AM,60.2,73.0,51.5,59.4,,,29.54,,,,,,,,,,,,,
Garage,Temp & Humidity Sensor,2020/11/30 7:45 AM,60.2,73.0,51.5,59.4,,,29.54,,,,,,,,,,,,,
Garage,Temp & Humidity Sensor,2020/11/30 7:50 AM,60.2,73.0,51.5,59.4,,,29.54,,,,,,,,,,,,,
Garage,Temp & Humidity Sensor,2020/11/30 7:55 AM,60.4,73.0,51.7,59.6,,,29.54,,,,,,,,,,,,,
Garage,Temp & Humidity Sensor,2020/11/30 8:00 AM,60.4,73.0,51.7,59.6,,,29.54,,,,,,,,,,,,,
Garage,Temp & Humidity Sensor,2020/11/30 8:05 AM,60.4,73.0,51.7,59.6,,,29.53,,,,,,,,,,,,,
Garage,Temp & Humidity Sensor,2020/11/30 8:10 AM,60.4,73.0,51.7,59.6,,,29.54,,,,,,,,,,,,,
Garage,Temp & Humidity Sensor,2020/11/30 8:15 AM,60.8,72.0,51.7,60.0,,,29.53,,,,,,,,,,,,,
Garage,Temp & Humidity Sensor,2020/11/30 8:20 AM,60.8,72.0,51.7,60.0,,,29.53,,,,,,,,,,,,,
Garage,Temp & Humidity Sensor,2020/11/30 8:25 AM,60.8,72.0,51.7,60.0,,,29.53,,,,,,,,,,,,,
Garage,Temp & Humidity Sensor,2020/11/30 8:30 AM,60.8,72.0,51.7,60.0,,,29.53,,,,,,,,,,,,,
Garage,Temp & Humidity Sensor,2020/11/30 8:35 AM,60.9,73.0,52.2,60.1,,,29.52,,,,,,,,,,,,,
Garage,Temp & Humidity Sensor,2020/11/30 8:40 AM,60.9,73.0,52.2,60.1,,,29.52,,,,,,,,,,,,,
Garage,Temp & Humidity Sensor,2020/11/30 8:45 AM,61.1,73.0,52.4,60.3,,,29.52,,,,,,,,,,,,,
Garage,Temp & Humidity Sensor,2020/11/30 8:50 AM,61.5,75.0,53.5,60.9,,,29.52,,,,,,,,,,,,,
Garage,Temp & Humidity Sensor,2020/11/30 8:55 AM,62.0,76.0,54.3,61.5,,,29.52,,,,,,,,,,,,,
Garage,Temp & Humidity Sensor,2020/11/30 9:00 AM,62.4,77.0,55.1,62.0,,,29.52,,,,,,,,,,,,,
Garage,Temp & Humidity Sensor,2020/11/30 9:05 AM,62.6,76.0,54.9,62.1,,,29.52,,,,,,,,,,,,,
Garage,Temp & Humidity Sensor,2020/11/30 9:10 AM,62.9,77.0,55.6,62.5,,,29.51,,,,,,,,,,,,,
Garage,Temp & Humidity Sensor,2020/11/30 9:15 AM,63.1,77.0,55.8,62.7,,,29.51,,,,,,,,,,,,,
Garage,Temp & Humidity Sensor,2020/11/30 9:20 AM,63.3,77.0,56.0,62.9,,,29.52,,,,,,,,,,,,,
Garage,Temp & Humidity Sensor,2020/11/30 9:25 AM,63.5,78.0,56.5,63.2,,,29.51,,,,,,,,,,,,,
Garage,Temp & Humidity Sensor,2020/11/30 9:30 AM,63.6,78.0,56.6,63.3,,,29.51,,,,,,,,,,,,,
Garage,Temp & Humidity Sensor,2020/11/30 9:35 AM,63.6,78.0,56.6,63.3,,,29.5,,,,,,,,,,,,,
Garage,Temp & Humidity Sensor,2020/11/30 9:40 AM,63.8,78.0,56.8,63.5,,,29.5,,,,,,,,,,,,,
Garage,Temp & Humidity Sensor,2020/11/30 9:45 AM,64.0,78.0,57.0,63.8,,,29.5,,,,,,,,,,,,,
Garage,Temp & Humidity Sensor,2020/11/30 9:50 AM,64.4,78.0,57.4,64.2,,,29.5,,,,,,,,,,,,,
Garage,Temp & Humidity Sensor,2020/11/30 9:55 AM,64.4,78.0,57.4,64.2,,,29.49,,,,,,,,,,,,,
Garage,Temp & Humidity Sensor,2020/11/30 10:00 AM,64.5,78.0,57.5,64.3,,,29.5,,,,,,,,,,,,,
Garage,Temp & Humidity Sensor,2020/11/30 10:05 AM,64.5,78.0,57.5,64.3,,,29.49,,,,,,,,,,,,,
Garage,Temp & Humidity Sensor,2020/11/30 10:10 AM,64.5,78.0,57.5,64.3,,,29.49,,,,,,,,,,,,,
Garage,Temp & Humidity Sensor,2020/11/30 10:15 AM,64.7,78.0,57.7,64.5,,,29.49,,,,,,,,,,,,,
Garage,Temp & Humidity Sensor,2020/11/30 10:20 AM,64.9,78.0,57.9,64.8,,,29.49,,,,,,,,,,,,,
Garage,Temp & Humidity Sensor,2020/11/30 10:25 AM,64.9,78.0,57.9,64.8,,,29.49,,,,,,,,,,,,,
Garage,Temp & Humidity Sensor,2020/11/30 10:30 AM,65.1,78.0,58.1,65.0,,,29.49,,,,,,,,,,,,,
Garage,Temp & Humidity Sensor,2020/11/30 10:35 AM,65.1,78.0,58.1,65.0,,,29.49,,,,,,,,,,,,,
Garage,Temp & Humidity Sensor,2020/11/30 10:40 AM,65.3,78.0,58.3,65.2,,,29.49,,,,,,,,,,,,,
Garage,Temp & Humidity Sensor,2020/11/30 10:45 AM,65.3,78.0,58.3,65.2,,,29.49,,,,,,,,,,,,,
Garage,Temp & Humidity Sensor,2020/11/30 10:50 AM,65.4,78.0,58.4,65.3,,,29.48,,,,,,,,,,,,,
Garage,Temp & Humidity Sensor,2020/11/30 10:55 AM,65.6,78.0,58.5,65.5,,,29.48,,,,,,,,,,,,,
Garage,Temp & Humidity Sensor,2020/11/30 11:00 AM,65.6,78.0,58.5,65.5,,,29.49,,,,,,,,,,,,,
Garage,Temp & Humidity Sensor,2020/11/30 11:05 AM,65.6,78.0,58.5,65.5,,,29.49,,,,,,,,,,,,,
Garage,Temp & Humidity Sensor,2020/11/30 11:10 AM,65.4,78.0,58.4,65.3,,,29.49,,,,,,,,,,,,,
Garage,Temp & Humidity Sensor,2020/11/30 11:15 AM,65.4,78.0,58.4,65.3,,,29.49,,,,,,,,,,,,,
Garage,Temp & Humidity Sensor,2020/11/30 11:20 AM,65.4,78.0,58.4,65.3,,,29.48,,,,,,,,,,,,,
Garage,Temp & Humidity Sensor,2020/11/30 11:25 AM,65.3,78.0,58.3,65.2,,,29.48,,,,,,,,,,,,,
Garage,Temp & Humidity Sensor,2020/11/30 11:30 AM,65.3,78.0,58.3,65.2,,,29.48,,,,,,,,,,,,,
Garage,Temp & Humidity Sensor,2020/11/30 11:35 AM,65.3,78.0,58.3,65.2,,,29.48,,,,,,,,,,,,,
Garage,Temp & Humidity Sensor,2020/11/30 11:40 AM,65.3,78.0,58.3,65.2,,,29.48,,,,,,,,,,,,,
Garage,Temp & Humidity Sensor,2020/11/30 11:45 AM,65.3,78.0,58.3,65.2,,,29.47,,,,,,,,,,,,,
Garage,Temp & Humidity Sensor,2020/11/30 11:50 AM,65.3,78.0,58.3,65.2,,,29.47,,,,,,,,,,,,,
Garage,Temp & Humidity Sensor,2020/11/30 11:55 AM,65.3,78.0,58.3,65.2,,,29.48,,,,,,,,,,,,,
Garage,Temp & Humidity Sensor,2020/11/30 12:00 PM,65.3,78.0,58.3,65.2,,,29.48,,,,,,,,,,,,,
Garage,Temp & Humidity Sensor,2020/11/30 12:05 PM,65.3,77.0,57.9,65.1,,,29.49,,,,,,,,,,,,,
Garage,Temp & Humidity Sensor,2020/11/30 12:10 PM,65.1,77.0,57.7,64.9,,,29.48,,,,,,,,,,,,,
Garage,Temp & Humidity Sensor,2020/11/30 12:15 PM,65.1,77.0,57.7,64.9,,,29.48,,,,,,,,,,,,,
Garage,Temp & Humidity Sensor,2020/11/30 12:20 PM,65.1,77.0,57.7,64.9,,,29.48,,,,,,,,,,,,,
Garage,Temp & Humidity Sensor,2020/11/30 12:25 PM,65.1,76.0,57.3,64.9,,,29.49,,,,,,,,,,,,,
Garage,Temp & Humidity Sensor,2020/11/30 12:30 PM,64.9,76.0,57.1,64.7,,,29.48,,,,,,,,,,,,,
Garage,Temp & Humidity Sensor,2020/11/30 12:35 PM,64.9,76.0,57.1,64.7,,,29.48,,,,,,,,,,,,,
Garage,Temp & Humidity Sensor,2020/11/30 12:40 PM,65.1,76.0,57.3,64.9,,,29.48,,,,,,,,,,,,,
Garage,Temp & Humidity Sensor,2020/11/30 12:45 PM,64.9,76.0,57.1,64.7,,,29.48,,,,,,,,,,,,,
Garage,Temp & Humidity Sensor,2020/11/30 12:50 PM,64.9,75.0,56.8,64.6,,,29.48,,,,,,,,,,,,,
Garage,Temp & Humidity Sensor,2020/11/30 12:55 PM,64.9,75.0,56.8,64.6,,,29.49,,,,,,,,,,,,,
Garage,Temp & Humidity Sensor,2020/11/30 1:00 PM,64.9,75.0,56.8,64.6,,,29.49,,,,,,,,,,,,,
Garage,Temp & Humidity Sensor,2020/11/30 1:05 PM,64.9,75.0,56.8,64.6,,,29.49,,,,,,,,,,,,,
Garage,Temp & Humidity Sensor,2020/11/30 1:10 PM,64.9,74.0,56.4,64.6,,,29.49,,,,,,,,,,,,,
Garage,Temp & Humidity Sensor,2020/11/30 1:15 PM,64.7,74.0,56.2,64.3,,,29.49,,,,,,,,,,,,,
Garage,Temp & Humidity Sensor,2020/11/30 1:20 PM,64.7,74.0,56.2,64.3,,,29.5,,,,,,,,,,,,,
Garage,Temp & Humidity Sensor,2020/11/30 1:25 PM,64.7,74.0,56.2,64.3,,,29.5,,,,,,,,,,,,,
Garage,Temp & Humidity Sensor,2020/11/30 1:30 PM,64.5,73.0,55.6,64.1,,,29.5,,,,,,,,,,,,,
Garage,Temp & Humidity Sensor,2020/11/30 1:35 PM,64.5,73.0,55.6,64.1,,,29.5,,,,,,,,,,,,,
Garage,Temp & Humidity Sensor,2020/11/30 1:40 PM,64.5,73.0,55.6,64.1,,,29.5,,,,,,,,,,,,,
Garage,Temp & Humidity Sensor,2020/11/30 1:45 PM,64.5,73.0,55.6,64.1,,,29.5,,,,,,,,,,,,,
Garage,Temp & Humidity Sensor,2020/11/30 1:50 PM,64.4,73.0,55.6,64.0,,,29.51,,,,,,,,,,,,,
Garage,Temp & Humidity Sensor,2020/11/30 1:55 PM,64.4,73.0,55.6,64.0,,,29.51,,,,,,,,,,,,,
Garage,Temp & Humidity Sensor,2020/11/30 2:00 PM,64.4,73.0,55.6,64.0,,,29.51,,,,,,,,,,,,,
Garage,Temp & Humidity Sensor,2020/11/30 2:05 PM,64.4,73.0,55.6,64.0,,,29.51,,,,,,,,,,,,,
Garage,Temp & Humidity Sensor,2020/11/30 2:10 PM,64.4,73.0,55.6,64.0,,,29.51,,,,,,,,,,,,,
Garage,Temp & Humidity Sensor,2020/11/30 2:15 PM,64.4,73.0,55.6,64.0,,,29.51,,,,,,,,,,,,,
Garage,Temp & Humidity Sensor,2020/11/30 2:20 PM,64.0,73.0,55.2,63.5,,,29.51,,,,,,,,,,,,,
Garage,Temp & Humidity Sensor,2020/11/30 2:25 PM,64.0,73.0,55.2,63.5,,,29.52,,,,,,,,,,,,,
Garage,Temp & Humidity Sensor,2020/11/30 2:30 PM,64.0,73.0,55.2,63.5,,,29.52,,,,,,,,,,,,,
Garage,Temp & Humidity Sensor,2020/11/30 2:35 PM,64.0,73.0,55.2,63.5,,,29.52,,,,,,,,,,,,,
Garage,Temp & Humidity Sensor,2020/11/30 2:40 PM,63.8,73.0,55.0,63.3,,,29.53,,,,,,,,,,,,,
Garage,Temp & Humidity Sensor,2020/11/30 2:45 PM,63.8,73.0,55.0,63.3,,,29.53,,,,,,,,,,,,,
Garage,Temp & Humidity Sensor,2020/11/30 2:50 PM,63.6,73.0,54.8,63.1,,,29.53,,,,,,,,,,,,,
Garage,Temp & Humidity Sensor,2020/11/30 2:55 PM,63.6,73.0,54.8,63.1,,,29.53,,,,,,,,,,,,,
Garage,Temp & Humidity Sensor,2020/11/30 3:00 PM,63.6,73.0,54.8,63.1,,,29.53,,,,,,,,,,,,,
Garage,Temp & Humidity Sensor,2020/11/30 3:05 PM,63.5,73.0,54.7,63.0,,,29.53,,,,,,,,,,,,,
Garage,Temp & Humidity Sensor,2020/11/30 3:10 PM,63.5,73.0,54.7,63.0,,,29.53,,,,,,,,,,,,,
Garage,Temp & Humidity Sensor,2020/11/30 3:15 PM,63.3,73.0,54.5,62.8,,,29.54,,,,,,,,,,,,,
Garage,Temp & Humidity Sensor,2020/11/30 3:20 PM,63.3,73.0,54.5,62.8,,,29.54,,,,,,,,,,,,,
Garage,Temp & Humidity Sensor,2020/11/30 3:25 PM,63.3,73.0,54.5,62.8,,,29.54,,,,,,,,,,,,,
Garage,Temp & Humidity Sensor,2020/11/30 3:30 PM,63.1,73.0,54.3,62.5,,,29.54,,,,,,,,,,,,,
Garage,Temp & Humidity Sensor,2020/11/30 3:35 PM,63.1,73.0,54.3,62.5,,,29.55,,,,,,,,,,,,,
Garage,Temp & Humidity Sensor,2020/11/30 3:40 PM,62.9,73.0,54.1,62.3,,,29.54,,,,,,,,,,,,,
Garage,Temp & Humidity Sensor,2020/11/30 3:45 PM,62.9,73.0,54.1,62.3,,,29.54,,,,,,,,,,,,,
Garage,Temp & Humidity Sensor,2020/11/30 3:50 PM,62.9,73.0,54.1,62.3,,,29.55,,,,,,,,,,,,,
Garage,Temp & Humidity Sensor,2020/11/30 3:55 PM,62.7,73.0,53.9,62.1,,,29.55,,,,,,,,,,,,,
Garage,Temp & Humidity Sensor,2020/11/30 4:00 PM,62.7,73.0,53.9,62.1,,,29.55,,,,,,,,,,,,,
Garage,Temp & Humidity Sensor,2020/11/30 4:05 PM,62.6,73.0,53.8,62.0,,,29.55,,,,,,,,,,,,,
Garage,Temp & Humidity Sensor,2020/11/30 4:10 PM,62.6,73.0,53.8,62.0,,,29.56,,,,,,,,,,,,,
Garage,Temp & Humidity Sensor,2020/11/30 4:15 PM,62.6,73.0,53.8,62.0,,,29.56,,,,,,,,,,,,,
Garage,Temp & Humidity Sensor,2020/11/30 4:20 PM,62.4,73.0,53.6,61.8,,,29.56,,,,,,,,,,,,,
Garage,Temp & Humidity Sensor,2020/11/30 4:25 PM,62.4,73.0,53.6,61.8,,,29.56,,,,,,,,,,,,,
Garage,Temp & Humidity Sensor,2020/11/30 4:30 PM,62.2,73.0,53.4,61.6,,,29.56,,,,,,,,,,,,,
Garage,Temp & Humidity Sensor,2020/11/30 4:35 PM,62.2,73.0,53.4,61.6,,,29.56,,,,,,,,,,,,,
Garage,Temp & Humidity Sensor,2020/11/30 4:40 PM,62.2,73.0,53.4,61.6,,,29.57,,,,,,,,,,,,,
Garage,Temp & Humidity Sensor,2020/11/30 4:45 PM,62.0,73.0,53.2,61.3,,,29.57,,,,,,,,,,,,,
Garage,Temp & Humidity Sensor,2020/11/30 4:50 PM,62.0,73.0,53.2,61.3,,,29.57,,,,,,,,,,,,,
Garage,Temp & Humidity Sensor,2020/11/30 4:55 PM,61.8,73.0,53.0,61.1,,,29.57,,,,,,,,,,,,,
Garage,Temp & Humidity Sensor,2020/11/30 5:00 PM,61.8,73.0,53.0,61.1,,,29.57,,,,,,,,,,,,,
Garage,Temp & Humidity Sensor,2020/11/30 5:05 PM,61.7,73.0,53.0,61.0,,,29.58,,,,,,,,,,,,,
Garage,Temp & Humidity Sensor,2020/11/30 5:10 PM,61.7,73.0,53.0,61.0,,,29.58,,,,,,,,,,,,,
Garage,Temp & Humidity Sensor,2020/11/30 5:15 PM,61.5,73.0,52.8,60.8,,,29.58,,,,,,,,,,,,,
Garage,Temp & Humidity Sensor,2020/11/30 5:20 PM,61.5,73.0,52.8,60.8,,,29.59,,,,,,,,,,,,,
Garage,Temp & Humidity Sensor,2020/11/30 5:25 PM,61.5,73.0,52.8,60.8,,,29.59,,,,,,,,,,,,,
Garage,Temp & Humidity Sensor,2020/11/30 5:30 PM,61.3,73.0,52.6,60.6,,,29.59,,,,,,,,,,,,,
Garage,Temp & Humidity Sensor,2020/11/30 5:35 PM,61.3,73.0,52.6,60.6,,,29.59,,,,,,,,,,,,,
Garage,Temp & Humidity Sensor,2020/11/30 5:40 PM,61.1,73.0,52.4,60.3,,,29.59,,,,,,,,,,,,,
Garage,Temp & Humidity Sensor,2020/11/30 5:45 PM,61.1,73.0,52.4,60.3,,,29.59,,,,,,,,,,,,,
Garage,Temp & Humidity Sensor,2020/11/30 5:50 PM,60.9,73.0,52.2,60.1,,,29.59,,,,,,,,,,,,,
Garage,Temp & Humidity Sensor,2020/11/30 5:55 PM,60.9,73.0,52.2,60.1,,,29.59,,,,,,,,,,,,,
Garage,Temp & Humidity Sensor,2020/11/30 6:00 PM,60.8,73.0,52.1,60.0,,,29.59,,,,,,,,,,,,,
Garage,Temp & Humidity Sensor,2020/11/30 6:05 PM,60.8,73.0,52.1,60.0,,,29.59,,,,,,,,,,,,,
Garage,Temp & Humidity Sensor,2020/11/30 6:10 PM,60.4,74.0,52.1,59.6,,,29.59,,,,,,,,,,,,,
Garage,Temp & Humidity Sensor,2020/11/30 6:15 PM,60.4,74.0,52.1,59.6,,,29.6,,,,,,,,,,,,,
Garage,Temp & Humidity Sensor,2020/11/30 6:20 PM,60.2,74.0,51.9,59.4,,,29.6,,,,,,,,,,,,,
Garage,Temp & Humidity Sensor,2020/11/30 6:25 PM,60.2,74.0,51.9,59.4,,,29.6,,,,,,,,,,,,,
Garage,Temp & Humidity Sensor,2020/11/30 6:30 PM,60.0,74.0,51.7,59.2,,,29.6,,,,,,,,,,,,,
Garage,Temp & Humidity Sensor,2020/11/30 6:35 PM,60.0,74.0,51.7,59.2,,,29.61,,,,,,,,,,,,,
Garage,Temp & Humidity Sensor,2020/11/30 6:40 PM,59.9,74.0,51.6,59.1,,,29.61,,,,,,,,,,,,,
Garage,Temp & Humidity Sensor,2020/11/30 6:45 PM,59.7,73.0,51.0,58.8,,,29.61,,,,,,,,,,,,,
Garage,Temp & Humidity Sensor,2020/11/30 6:50 PM,59.7,73.0,51.0,58.8,,,29.61,,,,,,,,,,,,,
Garage,Temp & Humidity Sensor,2020/11/30 6:55 PM,59.5,73.0,50.8,58.6,,,29.61,,,,,,,,,,,,,
Garage,Temp & Humidity Sensor,2020/11/30 7:00 PM,59.5,73.0,50.8,58.6,,,29.61,,,,,,,,,,,,,
Garage,Temp & Humidity Sensor,2020/11/30 7:05 PM,59.3,73.0,50.6,58.4,,,29.61,,,,,,,,,,,,,
Garage,Temp & Humidity Sensor,2020/11/30 7:10 PM,59.3,73.0,50.6,58.4,,,29.62,,,,,,,,,,,,,
Garage,Temp & Humidity Sensor,2020/11/30 7:15 PM,59.1,73.0,50.5,58.1,,,29.62,,,,,,,,,,,,,
Garage,Temp & Humidity Sensor,2020/11/30 7:20 PM,59.1,73.0,50.5,58.1,,,29.62,,,,,,,,,,,,,
Garage,Temp & Humidity Sensor,2020/11/30 7:25 PM,59.0,73.0,50.4,58.0,,,29.63,,,,,,,,,,,,,
Garage,Temp & Humidity Sensor,2020/11/30 7:30 PM,59.0,73.0,50.4,58.0,,,29.63,,,,,,,,,,,,,
Garage,Temp & Humidity Sensor,2020/11/30 7:35 PM,58.8,74.0,50.5,57.9,,,29.63,,,,,,,,,,,,,
Garage,Temp & Humidity Sensor,2020/11/30 7:40 PM,58.8,74.0,50.5,57.9,,,29.63,,,,,,,,,,,,,
Garage,Temp & Humidity Sensor,2020/11/30 7:45 PM,58.6,74.0,50.3,57.6,,,29.63,,,,,,,,,,,,,
Garage,Temp & Humidity Sensor,2020/11/30 7:50 PM,58.6,74.0,50.3,57.6,,,29.64,,,,,,,,,,,,,
Garage,Temp & Humidity Sensor,2020/11/30 7:55 PM,58.4,74.0,50.1,57.4,,,29.64,,,,,,,,,,,,,
Garage,Temp & Humidity Sensor,2020/11/30 8:00 PM,58.4,74.0,50.1,57.4,,,29.65,,,,,,,,,,,,,
Garage,Temp & Humidity Sensor,2020/11/30 8:05 PM,58.2,74.0,50.0,57.2,,,29.65,,,,,,,,,,,,,
Garage,Temp & Humidity Sensor,2020/11/30 8:10 PM,58.2,74.0,50.0,57.2,,,29.65,,,,,,,,,,,,,
Garage,Temp & Humidity Sensor,2020/11/30 8:15 PM,58.1,74.0,49.9,57.1,,,29.65,,,,,,,,,,,,,
Garage,Temp & Humidity Sensor,2020/11/30 8:20 PM,58.1,74.0,49.9,57.1,,,29.66,,,,,,,,,,,,,
Garage,Temp & Humidity Sensor,2020/11/30 8:25 PM,57.9,73.0,49.3,56.8,,,29.66,,,,,,,,,,,,,
Garage,Temp & Humidity Sensor,2020/11/30 8:30 PM,57.9,73.0,49.3,56.8,,,29.66,,,,,,,,,,,,,
Garage,Temp & Humidity Sensor,2020/11/30 8:35 PM,57.7,73.0,49.1,56.6,,,29.66,,,,,,,,,,,,,
Garage,Temp & Humidity Sensor,2020/11/30 8:40 PM,57.7,73.0,49.1,56.6,,,29.65,,,,,,,,,,,,,
Garage,Temp & Humidity Sensor,2020/11/30 8:45 PM,57.5,73.0,48.9,56.4,,,29.66,,,,,,,,,,,,,
Garage,Temp & Humidity Sensor,2020/11/30 8:50 PM,57.3,73.0,48.7,56.2,,,29.66,,,,,,,,,,,,,
Garage,Temp & Humidity Sensor,2020/11/30 8:55 PM,57.3,73.0,48.7,56.2,,,29.66,,,,,,,,,,,,,
Garage,Temp & Humidity Sensor,2020/11/30 9:00 PM,57.2,73.0,48.6,56.1,,,29.66,,,,,,,,,,,,,
Garage,Temp & Humidity Sensor,2020/11/30 9:05 PM,57.2,73.0,48.6,56.1,,,29.67,,,,,,,,,,,,,
Garage,Temp & Humidity Sensor,2020/11/30 9:10 PM,57.0,73.0,48.4,55.8,,,29.67,,,,,,,,,,,,,
Garage,Temp & Humidity Sensor,2020/11/30 9:15 PM,57.0,73.0,48.4,55.8,,,29.67,,,,,,,,,,,,,
Garage,Temp & Humidity Sensor,2020/11/30 9:20 PM,56.8,73.0,48.2,55.6,,,29.67,,,,,,,,,,,,,
Garage,Temp & Humidity Sensor,2020/11/30 9:25 PM,56.8,73.0,48.2,55.6,,,29.67,,,,,,,,,,,,,
Garage,Temp & Humidity Sensor,2020/11/30 9:30 PM,56.6,73.0,48.0,55.4,,,29.67,,,,,,,,,,,,,
Garage,Temp & Humidity Sensor,2020/11/30 9:35 PM,56.6,73.0,48.0,55.4,,,29.67,,,,,,,,,,,,,
Garage,Temp & Humidity Sensor,2020/11/30 9:40 PM,56.4,73.0,47.9,55.2,,,29.67,,,,,,,,,,,,,
Garage,Temp & Humidity Sensor,2020/11/30 9:45 PM,56.4,73.0,47.9,55.2,,,29.67,,,,,,,,,,,,,
Garage,Temp & Humidity Sensor,2020/11/30 9:50 PM,56.3,73.0,47.8,55.1,,,29.68,,,,,,,,,,,,,
Garage,Temp & Humidity Sensor,2020/11/30 9:55 PM,56.3,73.0,47.8,55.1,,,29.68,,,,,,,,,,,,,
Garage,Temp & Humidity Sensor,2020/11/30 10:00 PM,56.1,73.0,47.6,54.8,,,29.68,,,,,,,,,,,,,
Garage,Temp & Humidity Sensor,2020/11/30 10:05 PM,56.1,73.0,47.6,54.8,,,29.68,,,,,,,,,,,,,
Garage,Temp & Humidity Sensor,2020/11/30 10:10 PM,55.9,73.0,47.4,54.6,,,29.69,,,,,,,,,,,,,
Garage,Temp & Humidity Sensor,2020/11/30 10:15 PM,55.9,72.0,47.0,54.6,,,29.69,,,,,,,,,,,,,
Garage,Temp & Humidity Sensor,2020/11/30 10:20 PM,55.7,72.0,46.8,54.4,,,29.69,,,,,,,,,,,,,
Garage,Temp & Humidity Sensor,2020/11/30 10:25 PM,55.7,72.0,46.8,54.4,,,29.69,,,,,,,,,,,,,
Garage,Temp & Humidity Sensor,2020/11/30 10:30 PM,55.5,72.0,46.6,54.1,,,29.69,,,,,,,,,,,,,
Garage,Temp & Humidity Sensor,2020/11/30 10:35 PM,55.5,72.0,46.6,54.1,,,29.69,,,,,,,,,,,,,
Garage,Temp & Humidity Sensor,2020/11/30 10:40 PM,55.5,72.0,46.6,54.1,,,29.7,,,,,,,,,,,,,
Garage,Temp & Humidity Sensor,2020/11/30 10:45 PM,55.4,72.0,46.5,54.0,,,29.7,,,,,,,,,,,,,
Garage,Temp & Humidity Sensor,2020/11/30 10:50 PM,55.4,72.0,46.5,54.0,,,29.69,,,,,,,,,,,,,
Garage,Temp & Humidity Sensor,2020/11/30 10:55 PM,55.4,72.0,46.5,54.0,,,29.7,,,,,,,,,,,,,
Garage,Temp & Humidity Sensor,2020/11/30 11:00 PM,55.2,73.0,46.7,53.9,,,29.7,,,,,,,,,,,,,
Garage,Temp & Humidity Sensor,2020/11/30 11:05 PM,55.2,73.0,46.7,53.9,,,29.7,,,,,,,,,,,,,
Garage,Temp & Humidity Sensor,2020/11/30 11:10 PM,55.0,73.0,46.5,53.6,,,29.69,,,,,,,,,,,,,
Garage,Temp & Humidity Sensor,2020/11/30 11:15 PM,55.0,72.0,46.1,53.6,,,29.69,,,,,,,,,,,,,
Garage,Temp & Humidity Sensor,2020/11/30 11:20 PM,54.8,72.0,45.9,53.4,,,29.7,,,,,,,,,,,,,
Garage,Temp & Humidity Sensor,2020/11/30 11:25 PM,54.8,72.0,45.9,53.4,,,29.7,,,,,,,,,,,,,
Garage,Temp & Humidity Sensor,2020/11/30 11:30 PM,54.6,72.0,45.8,53.1,,,29.7,,,,,,,,,,,,,
Garage,Temp & Humidity Sensor,2020/11/30 11:35 PM,54.6,72.0,45.8,53.1,,,29.7,,,,,,,,,,,,,
Garage,Temp & Humidity Sensor,2020/11/30 11:40 PM,54.5,72.0,45.7,53.0,,,29.7,,,,,,,,,,,,,
Garage,Temp & Humidity Sensor,2020/11/30 11:45 PM,54.5,72.0,45.7,53.0,,,29.7,,,,,,,,,,,,,
Garage,Temp & Humidity Sensor,2020/11/30 11:50 PM,54.5,72.0,45.7,53.0,,,29.7,,,,,,,,,,,,,
Garage,Temp & Humidity Sensor,2020/11/30 11:55 PM,54.3,72.0,45.5,52.8,,,29.7,,,,,,,,,,,,,
Garage,Temp & Humidity Sensor,2020/12/01 12:00 AM,54.3,72.0,45.5,52.8,,,29.7,,,,,,,,,,,,,
Garage,Temp & Humidity Sensor,2020/12/01 12:05 AM,54.3,72.0,45.5,52.8,,,29.7,,,,,,,,,,,,,
Garage,Temp & Humidity Sensor,2020/12/01 12:10 AM,54.1,72.0,45.3,52.6,,,29.7,,,,,,,,,,,,,
Garage,Temp & Humidity Sensor,2020/12/01 12:15 AM,54.1,72.0,45.3,52.6,,,29.7,,,,,,,,,,,,,
Garage,Temp & Humidity Sensor,2020/12/01 12:20 AM,53.9,72.0,45.1,52.4,,,29.7,,,,,,,,,,,,,
Garage,Temp & Humidity Sensor,2020/12/01 12:25 AM,53.9,72.0,45.1,52.4,,,29.7,,,,,,,,,,,,,
Garage,Temp & Humidity Sensor,2020/12/01 12:30 AM,53.9,72.0,45.1,52.4,,,29.7,,,,,,,,,,,,,
Garage,Temp & Humidity Sensor,2020/12/01 12:35 AM,53.7,72.0,44.9,52.2,,,29.7,,,,,,,,,,,,,
Garage,Temp & Humidity Sensor,2020/12/01 12:40 AM,53.7,72.0,44.9,52.2,,,29.7,,,,,,,,,,,,,
Garage,Temp & Humidity Sensor,2020/12/01 12:45 AM,53.7,72.0,44.9,52.2,,,29.7,,,,,,,,,,,,,
Garage,Temp & Humidity Sensor,2020/12/01 12:50 AM,53.6,71.0,44.4,52.0,,,29.7,,,,,,,,,,,,,
Garage,Temp & Humidity Sensor,2020/12/01 12:55 AM,53.6,71.0,44.4,52.0,,,29.7,,,,,,,,,,,,,
Garage,Temp & Humidity Sensor,2020/12/01 1:00 AM,53.4,72.0,44.6,51.8,,,29.7,,,,,,,,,,,,,
Garage,Temp & Humidity Sensor,2020/12/01 1:05 AM,53.4,72.0,44.6,51.8,,,29.7,,,,,,,,,,,,,
Garage,Temp & Humidity Sensor,2020/12/01 1:10 AM,53.4,72.0,44.6,51.8,,,29.7,,,,,,,,,,,,,
Garage,Temp & Humidity Sensor,2020/12/01 1:15 AM,53.2,72.0,44.4,51.6,,,29.7,,,,,,,,,,,,,
Garage,Temp & Humidity Sensor,2020/12/01 1:20 AM,53.2,72.0,44.4,51.6,,,29.7,,,,,,,,,,,,,
Garage,Temp & Humidity Sensor,2020/12/01 1:25 AM,53.2,72.0,44.4,51.6,,,29.71,,,,,,,,,,,,,
Garage,Temp & Humidity Sensor,2020/12/01 1:30 AM,53.0,72.0,44.2,51.4,,,29.71,,,,,,,,,,,,,
Garage,Temp & Humidity Sensor,2020/12/01 1:35 AM,53.0,72.0,44.2,51.4,,,29.71,,,,,,,,,,,,,
Garage,Temp & Humidity Sensor,2020/12/01 1:40 AM,53.0,72.0,44.2,51.4,,,29.71,,,,,,,,,,,,,
Garage,Temp & Humidity Sensor,2020/12/01 1:45 AM,52.8,72.0,44.0,51.2,,,29.72,,,,,,,,,,,,,
Garage,Temp & Humidity Sensor,2020/12/01 1:50 AM,52.8,72.0,44.0,51.2,,,29.72,,,,,,,,,,,,,
Garage,Temp & Humidity Sensor,2020/12/01 1:55 AM,52.8,71.0,43.7,51.1,,,29.72,,,,,,,,,,,,,
Garage,Temp & Humidity Sensor,2020/12/01 2:00 AM,52.7,71.0,43.6,51.0,,,29.72,,,,,,,,,,,,,
Garage,Temp & Humidity Sensor,2020/12/01 2:05 AM,52.7,71.0,43.6,51.0,,,29.72,,,,,,,,,,,,,
Garage,Temp & Humidity Sensor,2020/12/01 2:10 AM,52.5,71.0,43.4,50.8,,,29.72,,,,,,,,,,,,,
Garage,Temp & Humidity Sensor,2020/12/01 2:15 AM,52.5,71.0,43.4,50.8,,,29.73,,,,,,,,,,,,,
Garage,Temp & Humidity Sensor,2020/12/01 2:20 AM,52.5,71.0,43.4,50.8,,,29.73,,,,,,,,,,,,,
Garage,Temp & Humidity Sensor,2020/12/01 2:25 AM,52.3,71.0,43.2,50.6,,,29.73,,,,,,,,,,,,,
Garage,Temp & Humidity Sensor,2020/12/01 2:30 AM,52.3,71.0,43.2,50.6,,,29.73,,,,,,,,,,,,,
Garage,Temp & Humidity Sensor,2020/12/01 2:35 AM,52.3,71.0,43.2,50.6,,,29.73,,,,,,,,,,,,,
Garage,Temp & Humidity Sensor,2020/12/01 2:40 AM,52.3,71.0,43.2,50.6,,,29.73,,,,,,,,,,,,,
Garage,Temp & Humidity Sensor,2020/12/01 2:45 AM,52.1,71.0,43.0,50.3,,,29.73,,,,,,,,,,,,,
Garage,Temp & Humidity Sensor,2020/12/01 2:50 AM,52.1,71.0,43.0,50.3,,,29.74,,,,,,,,,,,,,
Garage,Temp & Humidity Sensor,2020/12/01 2:55 AM,52.1,71.0,43.0,50.3,,,29.74,,,,,,,,,,,,,
Garage,Temp & Humidity Sensor,2020/12/01 3:00 AM,51.9,71.0,42.8,50.1,,,29.74,,,,,,,,,,,,,
Garage,Temp & Humidity Sensor,2020/12/01 3:05 AM,51.9,71.0,42.8,50.1,,,29.74,,,,,,,,,,,,,
Garage,Temp & Humidity Sensor,2020/12/01 3:10 AM,51.9,71.0,42.8,50.1,,,29.74,,,,,,,,,,,,,
Garage,Temp & Humidity Sensor,2020/12/01 3:15 AM,51.8,71.0,42.7,50.0,,,29.74,,,,,,,,,,,,,
Garage,Temp & Humidity Sensor,2020/12/01 3:20 AM,51.8,71.0,42.7,50.0,,,29.74,,,,,,,,,,,,,
Garage,Temp & Humidity Sensor,2020/12/01 3:25 AM,51.8,71.0,42.7,50.0,,,29.74,,,,,,,,,,,,,
Garage,Temp & Humidity Sensor,2020/12/01 3:30 AM,51.8,70.0,42.3,50.0,,,29.74,,,,,,,,,,,,,
Garage,Temp & Humidity Sensor,2020/12/01 3:35 AM,51.6,71.0,42.5,49.8,,,29.74,,,,,,,,,,,,,
Garage,Temp & Humidity Sensor,2020/12/01 3:40 AM,51.6,71.0,42.5,49.8,,,29.75,,,,,,,,,,,,,
Garage,Temp & Humidity Sensor,2020/12/01 3:45 AM,51.6,71.0,42.5,49.8,,,29.75,,,,,,,,,,,,,
Garage,Temp & Humidity Sensor,2020/12/01 3:50 AM,51.6,71.0,42.5,49.8,,,29.75,,,,,,,,,,,,,
Garage,Temp & Humidity Sensor,2020/12/01 3:55 AM,51.4,71.0,42.3,49.6,,,29.75,,,,,,,,,,,,,
Garage,Temp & Humidity Sensor,2020/12/01 4:00 AM,51.4,71.0,42.3,49.6,,,29.75,,,,,,,,,,,,,
Garage,Temp & Humidity Sensor,2020/12/01 4:05 AM,51.4,71.0,42.3,49.6,,,29.75,,,,,,,,,,,,,
Garage,Temp & Humidity Sensor,2020/12/01 4:10 AM,51.2,71.0,42.1,49.4,,,29.76,,,,,,,,,,,,,
Garage,Temp & Humidity Sensor,2020/12/01 4:15 AM,51.2,71.0,42.1,49.4,,,29.76,,,,,,,,,,,,,
Garage,Temp & Humidity Sensor,2020/12/01 4:20 AM,51.2,71.0,42.1,49.4,,,29.76,,,,,,,,,,,,,
Garage,Temp & Humidity Sensor,2020/12/01 4:25 AM,51.2,71.0,42.1,49.4,,,29.76,,,,,,,,,,,,,
Garage,Temp & Humidity Sensor,2020/12/01 4:30 AM,51.0,71.0,41.9,49.1,,,29.76,,,,,,,,,,,,,
Garage,Temp & Humidity Sensor,2020/12/01 4:35 AM,51.0,71.0,41.9,49.1,,,29.76,,,,,,,,,,,,,
Garage,Temp & Humidity Sensor,2020/12/01 4:40 AM,51.0,71.0,41.9,49.1,,,29.76,,,,,,,,,,,,,
Garage,Temp & Humidity Sensor,2020/12/01 4:45 AM,51.0,70.0,41.6,49.1,,,29.76,,,,,,,,,,,,,
Garage,Temp & Humidity Sensor,2020/12/01 4:50 AM,51.0,70.0,41.6,49.1,,,29.77,,,,,,,,,,,,,
Garage,Temp & Humidity Sensor,2020/12/01 4:55 AM,50.9,70.0,41.5,49.0,,,29.77,,,,,,,,,,,,,
Garage,Temp & Humidity Sensor,2020/12/01 5:00 AM,50.9,70.0,41.5,49.0,,,29.77,,,,,,,,,,,,,
Garage,Temp & Humidity Sensor,2020/12/01 5:05 AM,50.9,70.0,41.5,49.0,,,29.77,,,,,,,,,,,,,
Garage,Temp & Humidity Sensor,2020/12/01 5:10 AM,50.7,70.0,41.3,48.8,,,29.77,,,,,,,,,,,,,
Garage,Temp & Humidity Sensor,2020/12/01 5:15 AM,50.7,70.0,41.3,48.8,,,29.78,,,,,,,,,,,,,
Garage,Temp & Humidity Sensor,2020/12/01 5:20 AM,50.7,70.0,41.3,48.8,,,29.78,,,,,,,,,,,,,
Garage,Temp & Humidity Sensor,2020/12/01 5:25 AM,50.5,70.0,41.1,48.5,,,29.79,,,,,,,,,,,,,
Garage,Temp & Humidity Sensor,2020/12/01 5:30 AM,50.5,70.0,41.1,48.5,,,29.79,,,,,,,,,,,,,
Garage,Temp & Humidity Sensor,2020/12/01 5:35 AM,50.5,70.0,41.1,48.5,,,29.79,,,,,,,,,,,,,
Garage,Temp & Humidity Sensor,2020/12/01 5:40 AM,50.5,70.0,41.1,48.5,,,29.79,,,,,,,,,,,,,
Garage,Temp & Humidity Sensor,2020/12/01 5:45 AM,50.3,70.0,40.9,48.3,,,29.8,,,,,,,,,,,,,
Garage,Temp & Humidity Sensor,2020/12/01 5:50 AM,50.3,70.0,40.9,48.3,,,29.8,,,,,,,,,,,,,
Garage,Temp & Humidity Sensor,2020/12/01 5:55 AM,50.1,70.0,40.7,48.1,,,29.8,,,,,,,,,,,,,
Garage,Temp & Humidity Sensor,2020/12/01 6:00 AM,50.1,70.0,40.7,48.1,,,29.8,,,,,,,,,,,,,
Garage,Temp & Humidity Sensor,2020/12/01 6:05 AM,50.1,70.0,40.7,48.1,,,29.81,,,,,,,,,,,,,
Garage,Temp & Humidity Sensor,2020/12/01 6:10 AM,50.0,70.0,40.6,48.0,,,29.81,,,,,,,,,,,,,
Garage,Temp & Humidity Sensor,2020/12/01 6:15 AM,50.0,70.0,40.6,48.0,,,29.81,,,,,,,,,,,,,
Garage,Temp & Humidity Sensor,2020/12/01 6:20 AM,50.0,70.0,40.6,48.0,,,29.81,,,,,,,,,,,,,
Garage,Temp & Humidity Sensor,2020/12/01 6:25 AM,49.8,70.0,40.4,47.8,,,29.82,,,,,,,,,,,,,
Garage,Temp & Humidity Sensor,2020/12/01 6:30 AM,49.8,70.0,40.4,47.8,,,29.82,,,,,,,,,,,,,
Garage,Temp & Humidity Sensor,2020/12/01 6:35 AM,49.8,70.0,40.4,47.8,,,29.82,,,,,,,,,,,,,
Garage,Temp & Humidity Sensor,2020/12/01 6:40 AM,49.6,70.0,40.2,47.5,,,29.83,,,,,,,,,,,,,
Garage,Temp & Humidity Sensor,2020/12/01 6:45 AM,49.6,70.0,40.2,47.5,,,29.83,,,,,,,,,,,,,
Garage,Temp & Humidity Sensor,2020/12/01 6:50 AM,49.6,70.0,40.2,47.5,,,29.83,,,,,,,,,,,,,
Garage,Temp & Humidity Sensor,2020/12/01 6:55 AM,49.4,70.0,40.0,47.3,,,29.83,,,,,,,,,,,,,
Garage,Temp & Humidity Sensor,2020/12/01 7:00 AM,49.4,70.0,40.0,47.3,,,29.84,,,,,,,,,,,,,
Garage,Temp & Humidity Sensor,2020/12/01 7:05 AM,49.2,70.0,39.8,47.1,,,29.84,,,,,,,,,,,,,
Garage,Temp & Humidity Sensor,2020/12/01 7:10 AM,49.2,70.0,39.8,47.1,,,29.84,,,,,,,,,,,,,
Garage,Temp & Humidity Sensor,2020/12/01 7:15 AM,49.1,70.0,39.7,47.0,,,29.85,,,,,,,,,,,,,
Garage,Temp & Humidity Sensor,2020/12/01 7:20 AM,49.1,70.0,39.7,47.0,,,29.85,,,,,,,,,,,,,
Garage,Temp & Humidity Sensor,2020/12/01 7:25 AM,48.9,70.0,39.6,46.8,,,29.85,,,,,,,,,,,,,
Garage,Temp & Humidity Sensor,2020/12/01 7:30 AM,48.9,70.0,39.6,46.8,,,29.85,,,,,,,,,,,,,
Garage,Temp & Humidity Sensor,2020/12/01 7:35 AM,48.7,69.0,39.0,46.5,,,29.86,,,,,,,,,,,,,
Garage,Temp & Humidity Sensor,2020/12/01 7:40 AM,48.7,69.0,39.0,46.5,,,29.86,,,,,,,,,,,,,
Garage,Temp & Humidity Sensor,2020/12/01 7:45 AM,48.7,69.0,39.0,46.5,,,29.86,,,,,,,,,,,,,
Garage,Temp & Humidity Sensor,2020/12/01 7:50 AM,48.5,69.0,38.8,46.3,,,29.87,,,,,,,,,,,,,
Garage,Temp & Humidity Sensor,2020/12/01 7:55 AM,48.5,69.0,38.8,46.3,,,29.87,,,,,,,,,,,,,
Garage,Temp & Humidity Sensor,2020/12/01 8:00 AM,48.3,69.0,38.6,46.1,,,29.87,,,,,,,,,,,,,
Garage,Temp & Humidity Sensor,2020/12/01 8:05 AM,48.2,69.0,38.5,46.0,,,29.87,,,,,,,,,,,,,
Garage,Temp & Humidity Sensor,2020/12/01 8:10 AM,48.2,69.0,38.5,46.0,,,29.87,,,,,,,,,,,,,
Garage,Temp & Humidity Sensor,2020/12/01 8:15 AM,48.2,69.0,38.5,46.0,,,29.88,,,,,,,,,,,,,
Garage,Temp & Humidity Sensor,2020/12/01 8:20 AM,48.2,69.0,38.5,46.0,,,29.88,,,,,,,,,,,,,
Garage,Temp & Humidity Sensor,2020/12/01 8:25 AM,48.2,69.0,38.5,46.0,,,29.88,,,,,,,,,,,,,
Garage,Temp & Humidity Sensor,2020/12/01 8:30 AM,48.2,69.0,38.5,46.0,,,29.88,,,,,,,,,,,,,
Garage,Temp & Humidity Sensor,2020/12/01 8:35 AM,48.2,69.0,38.5,46.0,,,29.89,,,,,,,,,,,,,
Garage,Temp & Humidity Sensor,2020/12/01 8:40 AM,48.2,69.0,38.5,46.0,,,29.89,,,,,,,,,,,,,
Garage,Temp & Humidity Sensor,2020/12/01 8:45 AM,48.2,69.0,38.5,46.0,,,29.89,,,,,,,,,,,,,
Garage,Temp & Humidity Sensor,2020/12/01 8:50 AM,48.0,69.0,38.3,45.7,,,29.9,,,,,,,,,,,,,
Garage,Temp & Humidity Sensor,2020/12/01 8:55 AM,48.0,69.0,38.3,45.7,,,29.9,,,,,,,,,,,,,
Garage,Temp & Humidity Sensor,2020/12/01 9:00 AM,48.0,69.0,38.3,45.7,,,29.9,,,,,,,,,,,,,
Garage,Temp & Humidity Sensor,2020/12/01 9:05 AM,48.0,69.0,38.3,45.7,,,29.9,,,,,,,,,,,,,
Garage,Temp & Humidity Sensor,2020/12/01 9:10 AM,48.0,69.0,38.3,45.7,,,29.9,,,,,,,,,,,,,
Garage,Temp & Humidity Sensor,2020/12/01 9:15 AM,48.0,69.0,38.3,45.7,,,29.9,,,,,,,,,,,,,
Garage,Temp & Humidity Sensor,2020/12/01 9:20 AM,48.0,69.0,38.3,45.7,,,29.91,,,,,,,,,,,,,
Garage,Temp & Humidity Sensor,2020/12/01 9:25 AM,48.0,69.0,38.3,45.7,,,29.91,,,,,,,,,,,,,
Garage,Temp & Humidity Sensor,2020/12/01 9:30 AM,48.0,69.0,38.3,45.7,,,29.91,,,,,,,,,,,,,
Garage,Temp & Humidity Sensor,2020/12/01 9:35 AM,48.0,69.0,38.3,45.7,,,29.92,,,,,,,,,,,,,
Garage,Temp & Humidity Sensor,2020/12/01 9:40 AM,48.0,69.0,38.3,45.7,,,29.92,,,,,,,,,,,,,
Garage,Temp & Humidity Sensor,2020/12/01 9:45 AM,48.0,69.0,38.3,45.7,,,29.92,,,,,,,,,,,,,
Garage,Temp & Humidity Sensor,2020/12/01 9:50 AM,48.0,69.0,38.3,45.7,,,29.92,,,,,,,,,,,,,
Garage,Temp & Humidity Sensor,2020/12/01 9:55 AM,48.0,69.0,38.3,45.7,,,29.92,,,,,,,,,,,,,
Garage,Temp & Humidity Sensor,2020/12/01 10:00 AM,48.0,69.0,38.3,45.7,,,29.92,,,,,,,,,,,,,
Garage,Temp & Humidity Sensor,2020/12/01 10:05 AM,48.0,69.0,38.3,45.7,,,29.93,,,,,,,,,,,,,
Garage,Temp & Humidity Sensor,2020/12/01 10:10 AM,48.0,69.0,38.3,45.7,,,29.93,,,,,,,,,,,,,
Garage,Temp & Humidity Sensor,2020/12/01 10:15 AM,48.0,69.0,38.3,45.7,,,29.93,,,,,,,,,,,,,
Garage,Temp & Humidity Sensor,2020/12/01 10:20 AM,48.0,69.0,38.3,45.7,,,29.93,,,,,,,,,,,,,
Garage,Temp & Humidity Sensor,2020/12/01 10:25 AM,48.0,69.0,38.3,45.7,,,29.93,,,,,,,,,,,,,
Garage,Temp & Humidity Sensor,2020/12/01 10:35 AM,48.0,68.0,38.0,45.7,,,29.93,,,,,,,,,,,,,
Garage,Temp & Humidity Sensor,2020/12/01 10:40 AM,48.0,68.0,38.0,45.7,,,29.93,,,,,,,,,,,,,
Garage,Temp & Humidity Sensor,2020/12/01 10:45 AM,48.0,68.0,38.0,45.7,,,29.93,,,,,,,,,,,,,
Garage,Temp & Humidity Sensor,2020/12/01 10:50 AM,48.0,68.0,38.0,45.7,,,29.93,,,,,,,,,,,,,
Garage,Temp & Humidity Sensor,2020/12/01 10:55 AM,48.0,68.0,38.0,45.7,,,29.93,,,,,,,,,,,,,
Garage,Temp & Humidity Sensor,2020/12/01 11:00 AM,48.0,68.0,38.0,45.7,,,29.94,,,,,,,,,,,,,
Garage,Temp & Humidity Sensor,2020/12/01 11:05 AM,48.0,68.0,38.0,45.7,,,29.93,,,,,,,,,,,,,
Garage,Temp & Humidity Sensor,2020/12/01 11:10 AM,48.0,68.0,38.0,45.7,,,29.93,,,,,,,,,,,,,
Garage,Temp & Humidity Sensor,2020/12/01 11:15 AM,48.2,67.0,37.8,45.9,,,29.94,,,,,,,,,,,,,
Garage,Temp & Humidity Sensor,2020/12/01 11:20 AM,48.2,67.0,37.8,45.9,,,29.94,,,,,,,,,,,,,
Garage,Temp & Humidity Sensor,2020/12/01 11:25 AM,48.2,67.0,37.8,45.9,,,29.94,,,,,,,,,,,,,
Garage,Temp & Humidity Sensor,2020/12/01 11:30 AM,48.2,67.0,37.8,45.9,,,29.94,,,,,,,,,,,,,
Garage,Temp & Humidity Sensor,2020/12/01 11:35 AM,48.2,67.0,37.8,45.9,,,29.94,,,,,,,,,,,,,
Garage,Temp & Humidity Sensor,2020/12/01 11:40 AM,48.2,67.0,37.8,45.9,,,29.94,,,,,,,,,,,,,
Garage,Temp & Humidity Sensor,2020/12/01 11:45 AM,48.2,67.0,37.8,45.9,,,29.94,,,,,,,,,,,,,
Garage,Temp & Humidity Sensor,2020/12/01 11:50 AM,48.2,67.0,37.8,45.9,,,29.93,,,,,,,,,,,,,
Garage,Temp & Humidity Sensor,2020/12/01 11:55 AM,48.3,67.0,37.9,46.0,,,29.93,,,,,,,,,,,,,
Garage,Temp & Humidity Sensor,2020/12/01 12:00 PM,48.5,67.0,38.0,46.2,,,29.93,,,,,,,,,,,,,
Garage,Temp & Humidity Sensor,2020/12/01 12:05 PM,48.5,67.0,38.0,46.2,,,29.93,,,,,,,,,,,,,
Garage,Temp & Humidity Sensor,2020/12/01 12:10 PM,48.5,67.0,38.0,46.2,,,29.93,,,,,,,,,,,,,
Garage,Temp & Humidity Sensor,2020/12/01 12:15 PM,48.7,67.0,38.2,46.4,,,29.93,,,,,,,,,,,,,
Garage,Temp & Humidity Sensor,2020/12/01 12:20 PM,48.7,67.0,38.2,46.4,,,29.93,,,,,,,,,,,,,
Garage,Temp & Humidity Sensor,2020/12/01 12:25 PM,48.9,67.0,38.4,46.6,,,29.93,,,,,,,,,,,,,
Garage,Temp & Humidity Sensor,2020/12/01 12:30 PM,48.9,67.0,38.4,46.6,,,29.93,,,,,,,,,,,,,
Garage,Temp & Humidity Sensor,2020/12/01 12:35 PM,48.9,67.0,38.4,46.6,,,29.93,,,,,,,,,,,,,
Garage,Temp & Humidity Sensor,2020/12/01 12:40 PM,49.1,66.0,38.2,46.8,,,29.93,,,,,,,,,,,,,
Garage,Temp & Humidity Sensor,2020/12/01 12:45 PM,49.1,66.0,38.2,46.8,,,29.93,,,,,,,,,,,,,
Garage,Temp & Humidity Sensor,2020/12/01 12:50 PM,49.1,66.0,38.2,46.8,,,29.93,,,,,,,,,,,,,
Garage,Temp & Humidity Sensor,2020/12/01 12:55 PM,49.2,66.0,38.3,46.9,,,29.93,,,,,,,,,,,,,
Garage,Temp & Humidity Sensor,2020/12/01 1:00 PM,49.2,66.0,38.3,46.9,,,29.93,,,,,,,,,,,,,
Garage,Temp & Humidity Sensor,2020/12/01 1:05 PM,49.2,66.0,38.3,46.9,,,29.93,,,,,,,,,,,,,
Garage,Temp & Humidity Sensor,2020/12/01 1:10 PM,49.4,66.0,38.5,47.1,,,29.93,,,,,,,,,,,,,
Garage,Temp & Humidity Sensor,2020/12/01 1:15 PM,49.4,66.0,38.5,47.1,,,29.94,,,,,,,,,,,,,
Garage,Temp & Humidity Sensor,2020/12/01 1:20 PM,49.4,66.0,38.5,47.1,,,29.94,,,,,,,,,,,,,
Garage,Temp & Humidity Sensor,2020/12/01 1:25 PM,49.6,66.0,38.7,47.4,,,29.94,,,,,,,,,,,,,
Garage,Temp & Humidity Sensor,2020/12/01 1:30 PM,49.6,66.0,38.7,47.4,,,29.94,,,,,,,,,,,,,
Garage,Temp & Humidity Sensor,2020/12/01 1:35 PM,49.6,66.0,38.7,47.4,,,29.94,,,,,,,,,,,,,
Garage,Temp & Humidity Sensor,2020/12/01 1:40 PM,49.6,66.0,38.7,47.4,,,29.94,,,,,,,,,,,,,
Garage,Temp & Humidity Sensor,2020/12/01 1:45 PM,49.6,66.0,38.7,47.4,,,29.94,,,,,,,,,,,,,
Garage,Temp & Humidity Sensor,2020/12/01 1:50 PM,49.6,66.0,38.7,47.4,,,29.94,,,,,,,,,,,,,
Garage,Temp & Humidity Sensor,2020/12/01 1:55 PM,49.6,66.0,38.7,47.4,,,29.94,,,,,,,,,,,,,
Garage,Temp & Humidity Sensor,2020/12/01 2:00 PM,49.6,66.0,38.7,47.4,,,29.94,,,,,,,,,,,,,
Garage,Temp & Humidity Sensor,2020/12/01 2:05 PM,49.6,66.0,38.7,47.4,,,29.94,,,,,,,,,,,,,
Garage,Temp & Humidity Sensor,2020/12/01 2:10 PM,49.6,66.0,38.7,47.4,,,29.95,,,,,,,,,,,,,
Garage,Temp & Humidity Sensor,2020/12/01 2:15 PM,49.6,66.0,38.7,47.4,,,29.95,,,,,,,,,,,,,
Garage,Temp & Humidity Sensor,2020/12/01 2:20 PM,49.6,66.0,38.7,47.4,,,29.95,,,,,,,,,,,,,
Garage,Temp & Humidity Sensor,2020/12/01 2:25 PM,49.6,66.0,38.7,47.4,,,29.95,,,,,,,,,,,,,
Garage,Temp & Humidity Sensor,2020/12/01 2:30 PM,49.6,65.0,38.3,47.3,,,29.94,,,,,,,,,,,,,
Garage,Temp & Humidity Sensor,2020/12/01 2:35 PM,49.6,65.0,38.3,47.3,,,29.95,,,,,,,,,,,,,
Garage,Temp & Humidity Sensor,2020/12/01 2:40 PM,49.6,65.0,38.3,47.3,,,29.95,,,,,,,,,,,,,
Garage,Temp & Humidity Sensor,2020/12/01 2:45 PM,49.6,65.0,38.3,47.3,,,29.95,,,,,,,,,,,,,
Garage,Temp & Humidity Sensor,2020/12/01 2:50 PM,49.6,65.0,38.3,47.3,,,29.95,,,,,,,,,,,,,
Garage,Temp & Humidity Sensor,2020/12/01 2:55 PM,49.6,65.0,38.3,47.3,,,29.95,,,,,,,,,,,,,
Garage,Temp & Humidity Sensor,2020/12/01 3:00 PM,49.6,65.0,38.3,47.3,,,29.95,,,,,,,,,,,,,
Garage,Temp & Humidity Sensor,2020/12/01 3:05 PM,49.6,65.0,38.3,47.3,,,29.96,,,,,,,,,,,,,
Garage,Temp & Humidity Sensor,2020/12/01 3:10 PM,49.6,65.0,38.3,47.3,,,29.96,,,,,,,,,,,,,
Garage,Temp & Humidity Sensor,2020/12/01 3:15 PM,49.6,65.0,38.3,47.3,,,29.96,,,,,,,,,,,,,
Garage,Temp & Humidity Sensor,2020/12/01 3:20 PM,49.6,65.0,38.3,47.3,,,29.96,,,,,,,,,,,,,
Garage,Temp & Humidity Sensor,2020/12/01 3:25 PM,49.6,65.0,38.3,47.3,,,29.96,,,,,,,,,,,,,
Garage,Temp & Humidity Sensor,2020/12/01 3:30 PM,49.6,65.0,38.3,47.3,,,29.96,,,,,,,,,,,,,
Garage,Temp & Humidity Sensor,2020/12/01 3:35 PM,49.6,65.0,38.3,47.3,,,29.96,,,,,,,,,,,,,
Garage,Temp & Humidity Sensor,2020/12/01 3:40 PM,49.6,65.0,38.3,47.3,,,29.97,,,,,,,,,,,,,
Garage,Temp & Humidity Sensor,2020/12/01 3:45 PM,49.6,65.0,38.3,47.3,,,29.97,,,,,,,,,,,,,
Garage,Temp & Humidity Sensor,2020/12/01 3:50 PM,49.6,65.0,38.3,47.3,,,29.97,,,,,,,,,,,,,
Garage,Temp & Humidity Sensor,2020/12/01 3:55 PM,49.6,65.0,38.3,47.3,,,29.97,,,,,,,,,,,,,
Garage,Temp & Humidity Sensor,2020/12/01 4:00 PM,49.6,65.0,38.3,47.3,,,29.97,,,,,,,,,,,,,
Garage,Temp & Humidity Sensor,2020/12/01 4:05 PM,49.6,65.0,38.3,47.3,,,29.98,,,,,,,,,,,,,
Garage,Temp & Humidity Sensor,2020/12/01 4:10 PM,49.6,65.0,38.3,47.3,,,29.98,,,,,,,,,,,,,
Garage,Temp & Humidity Sensor,2020/12/01 4:15 PM,49.6,64.0,37.9,47.3,,,29.97,,,,,,,,,,,,,
Garage,Temp & Humidity Sensor,2020/12/01 4:20 PM,49.6,64.0,37.9,47.3,,,29.98,,,,,,,,,,,,,
Garage,Temp & Humidity Sensor,2020/12/01 4:25 PM,49.4,64.0,37.7,47.0,,,29.98,,,,,,,,,,,,,
Garage,Temp & Humidity Sensor,2020/12/01 4:30 PM,49.4,64.0,37.7,47.0,,,29.98,,,,,,,,,,,,,
Garage,Temp & Humidity Sensor,2020/12/01 4:35 PM,49.4,64.0,37.7,47.0,,,29.98,,,,,,,,,,,,,
Garage,Temp & Humidity Sensor,2020/12/01 4:40 PM,49.2,64.0,37.5,46.8,,,29.98,,,,,,,,,,,,,
Garage,Temp & Humidity Sensor,2020/12/01 4:45 PM,49.2,64.0,37.5,46.8,,,29.99,,,,,,,,,,,,,
Garage,Temp & Humidity Sensor,2020/12/01 4:50 PM,49.1,64.0,37.5,46.7,,,29.99,,,,,,,,,,,,,
Garage,Temp & Humidity Sensor,2020/12/01 4:55 PM,49.1,64.0,37.5,46.7,,,29.99,,,,,,,,,,,,,
Garage,Temp & Humidity Sensor,2020/12/01 5:00 PM,49.1,64.0,37.5,46.7,,,29.99,,,,,,,,,,,,,
Garage,Temp & Humidity Sensor,2020/12/01 5:05 PM,48.9,64.0,37.3,46.5,,,29.99,,,,,,,,,,,,,
Garage,Temp & Humidity Sensor,2020/12/01 5:10 PM,48.9,64.0,37.3,46.5,,,30.0,,,,,,,,,,,,,
Garage,Temp & Humidity Sensor,2020/12/01 5:15 PM,48.7,64.0,37.1,46.3,,,30.0,,,,,,,,,,,,,
Garage,Temp & Humidity Sensor,2020/12/01 5:20 PM,48.7,64.0,37.1,46.3,,,30.0,,,,,,,,,,,,,
Garage,Temp & Humidity Sensor,2020/12/01 5:25 PM,48.5,64.0,36.9,46.1,,,30.01,,,,,,,,,,,,,
Garage,Temp & Humidity Sensor,2020/12/01 5:30 PM,48.5,64.0,36.9,46.1,,,30.01,,,,,,,,,,,,,
Garage,Temp & Humidity Sensor,2020/12/01 5:35 PM,48.2,64.0,36.6,45.7,,,30.01,,,,,,,,,,,,,
Garage,Temp & Humidity Sensor,2020/12/01 5:40 PM,48.2,64.0,36.6,45.7,,,30.02,,,,,,,,,,,,,
Garage,Temp & Humidity Sensor,2020/12/01 5:45 PM,48.2,64.0,36.6,45.7,,,30.02,,,,,,,,,,,,,
Garage,Temp & Humidity Sensor,2020/12/01 5:50 PM,48.2,64.0,36.6,45.7,,,30.02,,,,,,,,,,,,,
Garage,Temp & Humidity Sensor,2020/12/01 5:55 PM,48.2,63.0,36.2,45.7,,,30.02,,,,,,,,,,,,,
Garage,Temp & Humidity Sensor,2020/12/01 6:00 PM,48.0,64.0,36.4,45.5,,,30.03,,,,,,,,,,,,,
Garage,Temp & Humidity Sensor,2020/12/01 6:05 PM,48.0,64.0,36.4,45.5,,,30.03,,,,,,,,,,,,,
Garage,Temp & Humidity Sensor,2020/12/01 6:10 PM,47.8,64.0,36.2,45.3,,,30.03,,,,,,,,,,,,,
Garage,Temp & Humidity Sensor,2020/12/01 6:15 PM,47.8,64.0,36.2,45.3,,,30.03,,,,,,,,,,,,,
Garage,Temp & Humidity Sensor,2020/12/01 6:20 PM,47.8,64.0,36.2,45.3,,,30.03,,,,,,,,,,,,,
Garage,Temp & Humidity Sensor,2020/12/01 6:25 PM,47.6,64.0,36.0,45.1,,,30.03,,,,,,,,,,,,,
Garage,Temp & Humidity Sensor,2020/12/01 6:30 PM,47.6,64.0,36.0,45.1,,,30.03,,,,,,,,,,,,,
Garage,Temp & Humidity Sensor,2020/12/01 6:35 PM,47.4,64.0,35.8,44.8,,,30.04,,,,,,,,,,,,,
Garage,Temp & Humidity Sensor,2020/12/01 6:40 PM,47.4,63.0,35.4,44.8,,,30.04,,,,,,,,,,,,,
Garage,Temp & Humidity Sensor,2020/12/01 6:45 PM,47.3,63.0,35.4,44.7,,,30.05,,,,,,,,,,,,,
Garage,Temp & Humidity Sensor,2020/12/01 6:50 PM,47.3,63.0,35.4,44.7,,,30.05,,,,,,,,,,,,,
Garage,Temp & Humidity Sensor,2020/12/01 6:55 PM,47.1,63.0,35.2,44.5,,,30.05,,,,,,,,,,,,,
Garage,Temp & Humidity Sensor,2020/12/01 7:00 PM,47.1,63.0,35.2,44.5,,,30.05,,,,,,,,,,,,,
Garage,Temp & Humidity Sensor,2020/12/01 7:05 PM,46.9,63.0,35.0,44.3,,,30.05,,,,,,,,,,,,,
Garage,Temp & Humidity Sensor,2020/12/01 7:10 PM,46.9,63.0,35.0,44.3,,,30.06,,,,,,,,,,,,,
Garage,Temp & Humidity Sensor,2020/12/01 7:15 PM,46.7,63.0,34.8,44.0,,,30.06,,,,,,,,,,,,,
Garage,Temp & Humidity Sensor,2020/12/01 7:20 PM,46.7,63.0,34.8,44.0,,,30.06,,,,,,,,,,,,,
Garage,Temp & Humidity Sensor,2020/12/01 7:25 PM,46.5,63.0,34.6,43.8,,,30.06,,,,,,,,,,,,,
Garage,Temp & Humidity Sensor,2020/12/01 7:30 PM,46.5,63.0,34.6,43.8,,,30.06,,,,,,,,,,,,,
Garage,Temp & Humidity Sensor,2020/12/01 7:35 PM,46.5,63.0,34.6,43.8,,,30.06,,,,,,,,,,,,,
Garage,Temp & Humidity Sensor,2020/12/01 7:40 PM,46.4,63.0,34.5,43.7,,,30.06,,,,,,,,,,,,,
Garage,Temp & Humidity Sensor,2020/12/01 7:45 PM,46.4,63.0,34.5,43.7,,,30.06,,,,,,,,,,,,,
Garage,Temp & Humidity Sensor,2020/12/01 7:50 PM,46.2,63.0,34.3,43.5,,,30.06,,,,,,,,,,,,,
Garage,Temp & Humidity Sensor,2020/12/01 7:55 PM,46.2,63.0,34.3,43.5,,,30.07,,,,,,,,,,,,,
Garage,Temp & Humidity Sensor,2020/12/01 8:00 PM,46.0,63.0,34.1,43.3,,,30.07,,,,,,,,,,,,,
Garage,Temp & Humidity Sensor,2020/12/01 8:05 PM,46.0,63.0,34.1,43.3,,,30.07,,,,,,,,,,,,,
Garage,Temp & Humidity Sensor,2020/12/01 8:10 PM,45.8,63.0,33.9,43.0,,,30.07,,,,,,,,,,,,,
Garage,Temp & Humidity Sensor,2020/12/01 8:15 PM,45.8,63.0,33.9,43.0,,,30.07,,,,,,,,,,,,,
Garage,Temp & Humidity Sensor,2020/12/01 8:20 PM,45.6,63.0,33.7,42.8,,,30.07,,,,,,,,,,,,,
Garage,Temp & Humidity Sensor,2020/12/01 8:25 PM,45.6,63.0,33.7,42.8,,,30.07,,,,,,,,,,,,,
Garage,Temp & Humidity Sensor,2020/12/01 8:30 PM,45.5,63.0,33.6,42.7,,,30.07,,,,,,,,,,,,,
Garage,Temp & Humidity Sensor,2020/12/01 8:35 PM,45.5,63.0,33.6,42.7,,,30.07,,,,,,,,,,,,,
Garage,Temp & Humidity Sensor,2020/12/01 8:40 PM,45.3,63.0,33.5,42.5,,,30.07,,,,,,,,,,,,,
Garage,Temp & Humidity Sensor,2020/12/01 8:45 PM,45.3,63.0,33.5,42.5,,,30.07,,,,,,,,,,,,,
Garage,Temp & Humidity Sensor,2020/12/01 8:50 PM,45.3,63.0,33.5,42.5,,,30.08,,,,,,,,,,,,,
Garage,Temp & Humidity Sensor,2020/12/01 8:55 PM,45.1,63.0,33.3,42.3,,,30.08,,,,,,,,,,,,,
Garage,Temp & Humidity Sensor,2020/12/01 9:00 PM,45.1,63.0,33.3,42.3,,,30.08,,,,,,,,,,,,,
Garage,Temp & Humidity Sensor,2020/12/01 9:05 PM,45.1,63.0,33.3,42.3,,,30.08,,,,,,,,,,,,,
Garage,Temp & Humidity Sensor,2020/12/01 9:10 PM,44.9,63.0,33.1,42.1,,,30.08,,,,,,,,,,,,,
Garage,Temp & Humidity Sensor,2020/12/01 9:15 PM,44.9,63.0,33.1,42.1,,,30.08,,,,,,,,,,,,,
Garage,Temp & Humidity Sensor,2020/12/01 9:20 PM,44.7,63.0,32.9,41.8,,,30.08,,,,,,,,,,,,,
Garage,Temp & Humidity Sensor,2020/12/01 9:25 PM,44.7,63.0,32.9,41.8,,,30.08,,,,,,,,,,,,,
Garage,Temp & Humidity Sensor,2020/12/01 9:30 PM,44.6,63.0,32.8,41.7,,,30.08,,,,,,,,,,,,,
Garage,Temp & Humidity Sensor,2020/12/01 9:35 PM,44.6,63.0,32.8,41.7,,,30.08,,,,,,,,,,,,,
Garage,Temp & Humidity Sensor,2020/12/01 9:40 PM,44.6,63.0,32.8,41.7,,,30.08,,,,,,,,,,,,,
Garage,Temp & Humidity Sensor,2020/12/01 9:45 PM,44.6,63.0,32.8,41.7,,,30.08,,,,,,,,,,,,,
Garage,Temp & Humidity Sensor,2020/12/01 9:50 PM,44.4,63.0,32.6,41.5,,,30.08,,,,,,,,,,,,,
Garage,Temp & Humidity Sensor,2020/12/01 9:55 PM,44.4,63.0,32.6,41.5,,,30.08,,,,,,,,,,,,,
Garage,Temp & Humidity Sensor,2020/12/01 10:00 PM,44.4,63.0,32.6,41.5,,,30.08,,,,,,,,,,,,,
Garage,Temp & Humidity Sensor,2020/12/01 10:05 PM,44.2,63.0,32.4,41.3,,,30.09,,,,,,,,,,,,,
Garage,Temp & Humidity Sensor,2020/12/01 10:10 PM,44.2,63.0,32.4,41.3,,,30.09,,,,,,,,,,,,,
Garage,Temp & Humidity Sensor,2020/12/01 10:15 PM,44.0,63.0,32.2,41.1,,,30.09,,,,,,,,,,,,,
Garage,Temp & Humidity Sensor,2020/12/01 10:20 PM,44.0,63.0,32.2,41.1,,,30.1,,,,,,,,,,,,,
Garage,Temp & Humidity Sensor,2020/12/01 10:25 PM,43.8,63.0,32.0,40.8,,,30.09,,,,,,,,,,,,,
Garage,Temp & Humidity Sensor,2020/12/01 10:30 PM,43.8,63.0,32.0,40.8,,,30.1,,,,,,,,,,,,,
Garage,Temp & Humidity Sensor,2020/12/01 10:35 PM,43.8,63.0,32.0,40.8,,,30.1,,,,,,,,,,,,,
Garage,Temp & Humidity Sensor,2020/12/01 10:40 PM,43.7,63.0,31.9,40.7,,,30.1,,,,,,,,,,,,,
Garage,Temp & Humidity Sensor,2020/12/01 10:45 PM,43.7,63.0,31.9,40.7,,,30.1,,,,,,,,,,,,,
Garage,Temp & Humidity Sensor,2020/12/01 10:50 PM,43.5,63.0,31.8,40.5,,,30.1,,,,,,,,,,,,,
Garage,Temp & Humidity Sensor,2020/12/01 10:55 PM,43.5,63.0,31.8,40.5,,,30.1,,,,,,,,,,,,,
Garage,Temp & Humidity Sensor,2020/12/01 11:00 PM,43.5,63.0,31.8,40.5,,,30.1,,,,,,,,,,,,,
Garage,Temp & Humidity Sensor,2020/12/01 11:05 PM,43.3,63.0,31.6,40.3,,,30.1,,,,,,,,,,,,,
Garage,Temp & Humidity Sensor,2020/12/01 11:10 PM,43.3,63.0,31.6,40.3,,,30.11,,,,,,,,,,,,,
Garage,Temp & Humidity Sensor,2020/12/01 11:15 PM,43.3,63.0,31.6,40.3,,,30.11,,,,,,,,,,,,,
Garage,Temp & Humidity Sensor,2020/12/01 11:20 PM,43.3,63.0,31.6,40.3,,,30.11,,,,,,,,,,,,,
Garage,Temp & Humidity Sensor,2020/12/01 11:25 PM,43.1,63.0,31.4,40.1,,,30.11,,,,,,,,,,,,,
Garage,Temp & Humidity Sensor,2020/12/01 11:30 PM,43.1,63.0,31.4,40.1,,,30.11,,,,,,,,,,,,,
Garage,Temp & Humidity Sensor,2020/12/01 11:35 PM,43.1,63.0,31.4,40.1,,,30.11,,,,,,,,,,,,,
Garage,Temp & Humidity Sensor,2020/12/01 11:40 PM,43.1,63.0,31.4,40.1,,,30.12,,,,,,,,,,,,,
Garage,Temp & Humidity Sensor,2020/12/01 11:45 PM,43.1,63.0,31.4,40.1,,,30.12,,,,,,,,,,,,,
Garage,Temp & Humidity Sensor,2020/12/01 11:50 PM,42.9,63.0,31.2,39.9,,,30.12,,,,,,,,,,,,,
Garage,Temp & Humidity Sensor,2020/12/01 11:55 PM,42.9,63.0,31.2,39.9,,,30.12,,,,,,,,,,,,,
Garage,Temp & Humidity Sensor,2020/12/02 12:00 AM,42.9,63.0,31.2,39.9,,,30.12,,,,,,,,,,,,,
Garage,Temp & Humidity Sensor,2020/12/02 12:05 AM,42.9,63.0,31.2,39.9,,,30.12,,,,,,,,,,,,,
Garage,Temp & Humidity Sensor,2020/12/02 12:10 AM,42.8,63.0,31.1,39.7,,,30.12,,,,,,,,,,,,,
Garage,Temp & Humidity Sensor,2020/12/02 12:15 AM,42.8,63.0,31.1,39.7,,,30.12,,,,,,,,,,,,,
Garage,Temp & Humidity Sensor,2020/12/02 12:20 AM,42.8,63.0,31.1,39.7,,,30.12,,,,,,,,,,,,,
Garage,Temp & Humidity Sensor,2020/12/02 12:25 AM,42.8,63.0,31.1,39.7,,,30.12,,,,,,,,,,,,,
Garage,Temp & Humidity Sensor,2020/12/02 12:30 AM,42.8,63.0,31.1,39.7,,,30.12,,,,,,,,,,,,,
Garage,Temp & Humidity Sensor,2020/12/02 12:35 AM,42.8,63.0,31.1,39.7,,,30.12,,,,,,,,,,,,,
Garage,Temp & Humidity Sensor,2020/12/02 12:40 AM,42.6,63.0,30.9,39.5,,,30.12,,,,,,,,,,,,,
Garage,Temp & Humidity Sensor,2020/12/02 12:45 AM,42.6,63.0,30.9,39.5,,,30.12,,,,,,,,,,,,,
Garage,Temp & Humidity Sensor,2020/12/02 12:50 AM,42.6,63.0,30.9,39.5,,,30.12,,,,,,,,,,,,,
Garage,Temp & Humidity Sensor,2020/12/02 12:55 AM,42.6,63.0,30.9,39.5,,,30.12,,,,,,,,,,,,,
Garage,Temp & Humidity Sensor,2020/12/02 1:00 AM,42.4,63.0,30.7,39.3,,,30.12,,,,,,,,,,,,,
Garage,Temp & Humidity Sensor,2020/12/02 1:05 AM,42.4,63.0,30.7,39.3,,,30.12,,,,,,,,,,,,,
Garage,Temp & Humidity Sensor,2020/12/02 1:10 AM,42.4,63.0,30.7,39.3,,,30.12,,,,,,,,,,,,,
Garage,Temp & Humidity Sensor,2020/12/02 1:15 AM,42.2,63.0,30.5,39.1,,,30.12,,,,,,,,,,,,,
Garage,Temp & Humidity Sensor,2020/12/02 1:20 AM,42.2,63.0,30.5,39.1,,,30.12,,,,,,,,,,,,,
Garage,Temp & Humidity Sensor,2020/12/02 1:25 AM,42.0,63.0,30.3,38.9,,,30.12,,,,,,,,,,,,,
Garage,Temp & Humidity Sensor,2020/12/02 1:30 AM,42.0,63.0,30.3,38.9,,,30.12,,,,,,,,,,,,,
Garage,Temp & Humidity Sensor,2020/12/02 1:35 AM,42.0,63.0,30.3,38.9,,,30.12,,,,,,,,,,,,,
Garage,Temp & Humidity Sensor,2020/12/02 1:40 AM,41.9,63.0,30.2,38.8,,,30.13,,,,,,,,,,,,,
Garage,Temp & Humidity Sensor,2020/12/02 1:45 AM,41.9,63.0,30.2,38.8,,,30.13,,,,,,,,,,,,,
Garage,Temp & Humidity Sensor,2020/12/02 1:50 AM,41.9,63.0,30.2,38.8,,,30.13,,,,,,,,,,,,,
Garage,Temp & Humidity Sensor,2020/12/02 1:55 AM,41.7,63.0,30.0,38.5,,,30.13,,,,,,,,,,,,,
Garage,Temp & Humidity Sensor,2020/12/02 2:00 AM,41.7,63.0,30.0,38.5,,,30.14,,,,,,,,,,,,,
Garage,Temp & Humidity Sensor,2020/12/02 2:05 AM,41.7,63.0,30.0,38.5,,,30.14,,,,,,,,,,,,,
Garage,Temp & Humidity Sensor,2020/12/02 2:10 AM,41.5,63.0,29.9,38.3,,,30.14,,,,,,,,,,,,,
Garage,Temp & Humidity Sensor,2020/12/02 2:15 AM,41.5,63.0,29.9,38.3,,,30.14,,,,,,,,,,,,,
Garage,Temp & Humidity Sensor,2020/12/02 2:20 AM,41.5,63.0,29.9,38.3,,,30.13,,,,,,,,,,,,,
Garage,Temp & Humidity Sensor,2020/12/02 2:25 AM,41.3,63.0,29.7,38.1,,,30.13,,,,,,,,,,,,,
Garage,Temp & Humidity Sensor,2020/12/02 2:30 AM,41.3,63.0,29.7,38.1,,,30.14,,,,,,,,,,,,,
Garage,Temp & Humidity Sensor,2020/12/02 2:35 AM,41.3,63.0,29.7,38.1,,,30.14,,,,,,,,,,,,,
Garage,Temp & Humidity Sensor,2020/12/02 2:40 AM,41.1,63.0,29.5,37.9,,,30.14,,,,,,,,,,,,,
Garage,Temp & Humidity Sensor,2020/12/02 2:45 AM,41.1,63.0,29.5,37.9,,,30.15,,,,,,,,,,,,,
Garage,Temp & Humidity Sensor,2020/12/02 2:50 AM,41.1,63.0,29.5,37.9,,,30.15,,,,,,,,,,,,,
Garage,Temp & Humidity Sensor,2020/12/02 2:55 AM,41.1,63.0,29.5,37.9,,,30.15,,,,,,,,,,,,,
Garage,Temp & Humidity Sensor,2020/12/02 3:00 AM,41.0,63.0,29.4,37.8,,,30.15,,,,,,,,,,,,,
Garage,Temp & Humidity Sensor,2020/12/02 3:05 AM,41.0,63.0,29.4,37.8,,,30.15,,,,,,,,,,,,,
Garage,Temp & Humidity Sensor,2020/12/02 3:10 AM,41.0,63.0,29.4,37.8,,,30.15,,,,,,,,,,,,,
Garage,Temp & Humidity Sensor,2020/12/02 3:15 AM,41.0,63.0,29.4,37.8,,,30.15,,,,,,,,,,,,,
Garage,Temp & Humidity Sensor,2020/12/02 3:20 AM,41.0,63.0,29.4,37.8,,,30.15,,,,,,,,,,,,,
Garage,Temp & Humidity Sensor,2020/12/02 3:25 AM,40.8,63.0,29.2,37.5,,,30.15,,,,,,,,,,,,,
Garage,Temp & Humidity Sensor,2020/12/02 3:30 AM,40.8,63.0,29.2,37.5,,,30.15,,,,,,,,,,,,,
Garage,Temp & Humidity Sensor,2020/12/02 3:35 AM,40.8,63.0,29.2,37.5,,,30.15,,,,,,,,,,,,,
Garage,Temp & Humidity Sensor,2020/12/02 3:40 AM,40.8,63.0,29.2,37.5,,,30.15,,,,,,,,,,,,,
Garage,Temp & Humidity Sensor,2020/12/02 3:45 AM,40.8,63.0,29.2,37.5,,,30.15,,,,,,,,,,,,,
Garage,Temp & Humidity Sensor,2020/12/02 3:50 AM,40.8,63.0,29.2,37.5,,,30.15,,,,,,,,,,,,,
Garage,Temp & Humidity Sensor,2020/12/02 3:55 AM,40.6,63.0,29.0,37.3,,,30.15,,,,,,,,,,,,,
Garage,Temp & Humidity Sensor,2020/12/02 4:00 AM,40.6,63.0,29.0,37.3,,,30.15,,,,,,,,,,,,,
Garage,Temp & Humidity Sensor,2020/12/02 4:05 AM,40.6,63.0,29.0,37.3,,,30.15,,,,,,,,,,,,,
Garage,Temp & Humidity Sensor,2020/12/02 4:10 AM,40.6,63.0,29.0,37.3,,,30.15,,,,,,,,,,,,,
Garage,Temp & Humidity Sensor,2020/12/02 4:15 AM,40.4,63.0,28.8,37.1,,,30.16,,,,,,,,,,,,,
Garage,Temp & Humidity Sensor,2020/12/02 4:20 AM,40.4,63.0,28.8,37.1,,,30.16,,,,,,,,,,,,,
Garage,Temp & Humidity Sensor,2020/12/02 4:25 AM,40.4,63.0,28.8,37.1,,,30.16,,,,,,,,,,,,,
Garage,Temp & Humidity Sensor,2020/12/02 4:30 AM,40.4,63.0,28.8,37.1,,,30.16,,,,,,,,,,,,,
Garage,Temp & Humidity Sensor,2020/12/02 4:35 AM,40.4,63.0,28.8,37.1,,,30.16,,,,,,,,,,,,,
Garage,Temp & Humidity Sensor,2020/12/02 4:40 AM,40.4,63.0,28.8,37.1,,,30.16,,,,,,,,,,,,,
Garage,Temp & Humidity Sensor,2020/12/02 4:45 AM,40.4,63.0,28.8,37.1,,,30.16,,,,,,,,,,,,,
Garage,Temp & Humidity Sensor,2020/12/02 4:50 AM,40.4,63.0,28.8,37.1,,,30.17,,,,,,,,,,,,,
Garage,Temp & Humidity Sensor,2020/12/02 4:55 AM,40.2,63.0,28.6,36.9,,,30.17,,,,,,,,,,,,,
Garage,Temp & Humidity Sensor,2020/12/02 5:00 AM,40.2,63.0,28.6,36.9,,,30.17,,,,,,,,,,,,,
Garage,Temp & Humidity Sensor,2020/12/02 5:05 AM,40.2,63.0,28.6,36.9,,,30.17,,,,,,,,,,,,,
Garage,Temp & Humidity Sensor,2020/12/02 5:10 AM,40.2,63.0,28.6,36.9,,,30.17,,,,,,,,,,,,,
Garage,Temp & Humidity Sensor,2020/12/02 5:15 AM,40.2,63.0,28.6,36.9,,,30.17,,,,,,,,,,,,,
Garage,Temp & Humidity Sensor,2020/12/02 5:20 AM,40.1,63.0,28.5,36.8,,,30.17,,,,,,,,,,,,,
Garage,Temp & Humidity Sensor,2020/12/02 5:25 AM,40.1,63.0,28.5,36.8,,,30.17,,,,,,,,,,,,,
Garage,Temp & Humidity Sensor,2020/12/02 5:30 AM,40.1,63.0,28.5,36.8,,,30.18,,,,,,,,,,,,,
Garage,Temp & Humidity Sensor,2020/12/02 5:35 AM,40.1,63.0,28.5,36.8,,,30.18,,,,,,,,,,,,,
Garage,Temp & Humidity Sensor,2020/12/02 5:40 AM,40.1,63.0,28.5,36.8,,,30.18,,,,,,,,,,,,,
Garage,Temp & Humidity Sensor,2020/12/02 5:45 AM,39.9,63.0,28.3,39.9,,,30.18,,,,,,,,,,,,,
Garage,Temp & Humidity Sensor,2020/12/02 5:50 AM,39.9,63.0,28.3,39.9,,,30.18,,,,,,,,,,,,,
Garage,Temp & Humidity Sensor,2020/12/02 5:55 AM,39.9,63.0,28.3,39.9,,,30.19,,,,,,,,,,,,,
Garage,Temp & Humidity Sensor,2020/12/02 6:00 AM,39.9,63.0,28.3,39.9,,,30.19,,,,,,,,,,,,,
Garage,Temp & Humidity Sensor,2020/12/02 6:05 AM,39.9,63.0,28.3,39.9,,,30.19,,,,,,,,,,,,,
Garage,Temp & Humidity Sensor,2020/12/02 6:10 AM,39.7,63.0,28.2,39.7,,,30.2,,,,,,,,,,,,,
Garage,Temp & Humidity Sensor,2020/12/02 6:15 AM,39.7,63.0,28.2,39.7,,,30.2,,,,,,,,,,,,,
Garage,Temp & Humidity Sensor,2020/12/02 6:20 AM,39.7,63.0,28.2,39.7,,,30.19,,,,,,,,,,,,,
Garage,Temp & Humidity Sensor,2020/12/02 6:25 AM,39.7,63.0,28.2,39.7,,,30.2,,,,,,,,,,,,,
Garage,Temp & Humidity Sensor,2020/12/02 6:30 AM,39.7,63.0,28.2,39.7,,,30.2,,,,,,,,,,,,,
Garage,Temp & Humidity Sensor,2020/12/02 6:35 AM,39.7,63.0,28.2,39.7,,,30.2,,,,,,,,,,,,,
Garage,Temp & Humidity Sensor,2020/12/02 6:40 AM,39.5,63.0,28.0,39.5,,,30.21,,,,,,,,,,,,,
Garage,Temp & Humidity Sensor,2020/12/02 6:45 AM,39.5,63.0,28.0,39.5,,,30.21,,,,,,,,,,,,,
Garage,Temp & Humidity Sensor,2020/12/02 6:50 AM,39.5,63.0,28.0,39.5,,,30.21,,,,,,,,,,,,,
Garage,Temp & Humidity Sensor,2020/12/02 6:55 AM,39.5,63.0,28.0,39.5,,,30.21,,,,,,,,,,,,,
Garage,Temp & Humidity Sensor,2020/12/02 7:00 AM,39.5,63.0,28.0,39.5,,,30.21,,,,,,,,,,,,,
Garage,Temp & Humidity Sensor,2020/12/02 7:05 AM,39.5,63.0,28.0,39.5,,,30.21,,,,,,,,,,,,,
Garage,Temp & Humidity Sensor,2020/12/02 7:10 AM,39.5,63.0,28.0,39.5,,,30.21,,,,,,,,,,,,,
Garage,Temp & Humidity Sensor,2020/12/02 7:15 AM,39.3,63.0,27.8,39.3,,,30.21,,,,,,,,,,,,,
Garage,Temp & Humidity Sensor,2020/12/02 7:20 AM,39.3,63.0,27.8,39.3,,,30.21,,,,,,,,,,,,,
Garage,Temp & Humidity Sensor,2020/12/02 7:25 AM,39.3,63.0,27.8,39.3,,,30.21,,,,,,,,,,,,,
Garage,Temp & Humidity Sensor,2020/12/02 7:30 AM,39.3,63.0,27.8,39.3,,,30.21,,,,,,,,,,,,,
Garage,Temp & Humidity Sensor,2020/12/02 7:35 AM,39.3,63.0,27.8,39.3,,,30.21,,,,,,,,,,,,,
Garage,Temp & Humidity Sensor,2020/12/02 7:40 AM,39.3,63.0,27.8,39.3,,,30.21,,,,,,,,,,,,,
Garage,Temp & Humidity Sensor,2020/12/02 7:45 AM,39.3,63.0,27.8,39.3,,,30.21,,,,,,,,,,,,,
Garage,Temp & Humidity Sensor,2020/12/02 7:50 AM,39.2,63.0,27.7,39.2,,,30.21,,,,,,,,,,,,,
Garage,Temp & Humidity Sensor,2020/12/02 7:55 AM,39.2,63.0,27.7,39.2,,,30.21,,,,,,,,,,,,,
Garage,Temp & Humidity Sensor,2020/12/02 8:00 AM,39.2,63.0,27.7,39.2,,,30.22,,,,,,,,,,,,,
Garage,Temp & Humidity Sensor,2020/12/02 8:05 AM,39.2,63.0,27.7,39.2,,,30.22,,,,,,,,,,,,,
Garage,Temp & Humidity Sensor,2020/12/02 8:10 AM,39.2,63.0,27.7,39.2,,,30.22,,,,,,,,,,,,,
Garage,Temp & Humidity Sensor,2020/12/02 8:15 AM,39.2,63.0,27.7,39.2,,,30.22,,,,,,,,,,,,,
Garage,Temp & Humidity Sensor,2020/12/02 8:20 AM,39.2,63.0,27.7,39.2,,,30.22,,,,,,,,,,,,,
Garage,Temp & Humidity Sensor,2020/12/02 8:25 AM,39.0,64.0,27.9,39.0,,,30.22,,,,,,,,,,,,,
Garage,Temp & Humidity Sensor,2020/12/02 8:30 AM,39.0,64.0,27.9,39.0,,,30.22,,,,,,,,,,,,,
Garage,Temp & Humidity Sensor,2020/12/02 8:35 AM,39.0,64.0,27.9,39.0,,,30.22,,,,,,,,,,,,,
Garage,Temp & Humidity Sensor,2020/12/02 8:40 AM,39.0,64.0,27.9,39.0,,,30.23,,,,,,,,,,,,,
Garage,Temp & Humidity Sensor,2020/12/02 8:45 AM,39.2,63.0,27.7,39.2,,,30.23,,,,,,,,,,,,,
Garage,Temp & Humidity Sensor,2020/12/02 8:50 AM,39.0,64.0,27.9,39.0,,,30.23,,,,,,,,,,,,,
Garage,Temp & Humidity Sensor,2020/12/02 8:55 AM,39.2,63.0,27.7,39.2,,,30.23,,,,,,,,,,,,,
Garage,Temp & Humidity Sensor,2020/12/02 9:00 AM,39.2,63.0,27.7,39.2,,,30.23,,,,,,,,,,,,,
Garage,Temp & Humidity Sensor,2020/12/02 9:05 AM,39.2,63.0,27.7,39.2,,,30.23,,,,,,,,,,,,,
Garage,Temp & Humidity Sensor,2020/12/02 9:10 AM,39.2,63.0,27.7,39.2,,,30.24,,,,,,,,,,,,,
Garage,Temp & Humidity Sensor,2020/12/02 9:15 AM,39.2,63.0,27.7,39.2,,,30.24,,,,,,,,,,,,,
Garage,Temp & Humidity Sensor,2020/12/02 9:20 AM,39.2,63.0,27.7,39.2,,,30.24,,,,,,,,,,,,,
Garage,Temp & Humidity Sensor,2020/12/02 9:25 AM,39.2,63.0,27.7,39.2,,,30.24,,,,,,,,,,,,,
Garage,Temp & Humidity Sensor,2020/12/02 9:30 AM,39.2,63.0,27.7,39.2,,,30.25,,,,,,,,,,,,,
Garage,Temp & Humidity Sensor,2020/12/02 9:35 AM,39.3,63.0,27.8,39.3,,,30.25,,,,,,,,,,,,,
Garage,Temp & Humidity Sensor,2020/12/02 9:40 AM,39.3,63.0,27.8,39.3,,,30.26,,,,,,,,,,,,,
Garage,Temp & Humidity Sensor,2020/12/02 9:45 AM,39.3,63.0,27.8,39.3,,,30.26,,,,,,,,,,,,,
Garage,Temp & Humidity Sensor,2020/12/02 9:50 AM,39.5,63.0,28.0,39.5,,,30.26,,,,,,,,,,,,,
Garage,Temp & Humidity Sensor,2020/12/02 9:55 AM,39.5,63.0,28.0,39.5,,,30.26,,,,,,,,,,,,,
Garage,Temp & Humidity Sensor,2020/12/02 10:00 AM,39.7,63.0,28.2,39.7,,,30.26,,,,,,,,,,,,,
Garage,Temp & Humidity Sensor,2020/12/02 10:05 AM,39.7,63.0,28.2,39.7,,,30.26,,,,,,,,,,,,,
Garage,Temp & Humidity Sensor,2020/12/02 10:10 AM,39.9,63.0,28.3,39.9,,,30.26,,,,,,,,,,,,,
Garage,Temp & Humidity Sensor,2020/12/02 10:15 AM,39.9,63.0,28.3,39.9,,,30.26,,,,,,,,,,,,,
Garage,Temp & Humidity Sensor,2020/12/02 10:20 AM,40.1,63.0,28.5,36.8,,,30.26,,,,,,,,,,,,,
Garage,Temp & Humidity Sensor,2020/12/02 10:25 AM,40.2,63.0,28.6,36.9,,,30.27,,,,,,,,,,,,,
Garage,Temp & Humidity Sensor,2020/12/02 10:30 AM,40.2,63.0,28.6,36.9,,,30.27,,,,,,,,,,,,,
Garage,Temp & Humidity Sensor,2020/12/02 10:35 AM,40.4,63.0,28.8,37.1,,,30.27,,,,,,,,,,,,,
Garage,Temp & Humidity Sensor,2020/12/02 10:40 AM,40.4,63.0,28.8,37.1,,,30.27,,,,,,,,,,,,,
Garage,Temp & Humidity Sensor,2020/12/02 10:45 AM,40.6,63.0,29.0,37.3,,,30.27,,,,,,,,,,,,,
Garage,Temp & Humidity Sensor,2020/12/02 10:50 AM,40.8,63.0,29.2,37.5,,,30.27,,,,,,,,,,,,,
Garage,Temp & Humidity Sensor,2020/12/02 10:55 AM,41.0,63.0,29.4,37.8,,,30.27,,,,,,,,,,,,,
Garage,Temp & Humidity Sensor,2020/12/02 11:00 AM,41.0,63.0,29.4,37.8,,,30.27,,,,,,,,,,,,,
Garage,Temp & Humidity Sensor,2020/12/02 11:05 AM,41.1,63.0,29.5,37.9,,,30.27,,,,,,,,,,,,,
Garage,Temp & Humidity Sensor,2020/12/02 11:10 AM,41.1,63.0,29.5,37.9,,,30.27,,,,,,,,,,,,,
Garage,Temp & Humidity Sensor,2020/12/02 11:15 AM,41.3,63.0,29.7,38.1,,,30.26,,,,,,,,,,,,,
Garage,Temp & Humidity Sensor,2020/12/02 11:20 AM,41.5,63.0,29.9,38.3,,,30.27,,,,,,,,,,,,,
Garage,Temp & Humidity Sensor,2020/12/02 11:25 AM,41.7,63.0,30.0,38.5,,,30.27,,,,,,,,,,,,,
Garage,Temp & Humidity Sensor,2020/12/02 11:30 AM,41.7,63.0,30.0,38.5,,,30.26,,,,,,,,,,,,,
Garage,Temp & Humidity Sensor,2020/12/02 11:35 AM,41.9,63.0,30.2,38.8,,,30.26,,,,,,,,,,,,,
Garage,Temp & Humidity Sensor,2020/12/02 11:40 AM,42.0,63.0,30.3,38.9,,,30.26,,,,,,,,,,,,,
Garage,Temp & Humidity Sensor,2020/12/02 11:45 AM,42.0,63.0,30.3,38.9,,,30.26,,,,,,,,,,,,,
Garage,Temp & Humidity Sensor,2020/12/02 11:50 AM,42.2,63.0,30.5,39.1,,,30.26,,,,,,,,,,,,,
Garage,Temp & Humidity Sensor,2020/12/02 11:55 AM,42.4,63.0,30.7,39.3,,,30.26,,,,,,,,,,,,,
Garage,Temp & Humidity Sensor,2020/12/02 12:00 PM,42.6,63.0,30.9,39.5,,,30.25,,,,,,,,,,,,,
Garage,Temp & Humidity Sensor,2020/12/02 12:05 PM,42.6,63.0,30.9,39.5,,,30.25,,,,,,,,,,,,,
Garage,Temp & Humidity Sensor,2020/12/02 12:10 PM,42.8,63.0,31.1,39.7,,,30.25,,,,,,,,,,,,,
Garage,Temp & Humidity Sensor,2020/12/02 12:15 PM,42.8,63.0,31.1,39.7,,,30.25,,,,,,,,,,,,,
Garage,Temp & Humidity Sensor,2020/12/02 12:20 PM,42.9,63.0,31.2,39.9,,,30.25,,,,,,,,,,,,,
Garage,Temp & Humidity Sensor,2020/12/02 12:25 PM,43.1,63.0,31.4,40.1,,,30.25,,,,,,,,,,,,,
Garage,Temp & Humidity Sensor,2020/12/02 12:30 PM,43.3,63.0,31.6,40.3,,,30.25,,,,,,,,,,,,,
Garage,Temp & Humidity Sensor,2020/12/02 12:35 PM,43.3,63.0,31.6,40.3,,,30.25,,,,,,,,,,,,,
Garage,Temp & Humidity Sensor,2020/12/02 12:40 PM,43.5,63.0,31.8,40.5,,,30.25,,,,,,,,,,,,,
Garage,Temp & Humidity Sensor,2020/12/02 12:45 PM,43.7,63.0,31.9,40.7,,,30.24,,,,,,,,,,,,,
Garage,Temp & Humidity Sensor,2020/12/02 12:50 PM,44.0,63.0,32.2,41.1,,,30.24,,,,,,,,,,,,,
Garage,Temp & Humidity Sensor,2020/12/02 12:55 PM,44.2,63.0,32.4,41.3,,,30.24,,,,,,,,,,,,,
Garage,Temp & Humidity Sensor,2020/12/02 1:00 PM,44.4,63.0,32.6,41.5,,,30.24,,,,,,,,,,,,,
Garage,Temp & Humidity Sensor,2020/12/02 1:05 PM,44.6,62.0,32.4,41.7,,,30.25,,,,,,,,,,,,,
Garage,Temp & Humidity Sensor,2020/12/02 1:10 PM,44.7,62.0,32.5,41.8,,,30.25,,,,,,,,,,,,,
Garage,Temp & Humidity Sensor,2020/12/02 1:15 PM,44.9,62.0,32.7,42.0,,,30.25,,,,,,,,,,,,,
Garage,Temp & Humidity Sensor,2020/12/02 1:20 PM,45.1,62.0,32.9,42.2,,,30.24,,,,,,,,,,,,,
Garage,Temp & Humidity Sensor,2020/12/02 1:25 PM,45.5,62.0,33.2,42.7,,,30.24,,,,,,,,,,,,,
Garage,Temp & Humidity Sensor,2020/12/02 1:30 PM,45.6,62.0,33.3,42.8,,,30.24,,,,,,,,,,,,,
Garage,Temp & Humidity Sensor,2020/12/02 1:35 PM,45.8,62.0,33.5,43.0,,,30.25,,,,,,,,,,,,,
Garage,Temp & Humidity Sensor,2020/12/02 1:40 PM,45.8,62.0,33.5,43.0,,,30.25,,,,,,,,,,,,,
Garage,Temp & Humidity Sensor,2020/12/02 1:45 PM,46.0,62.0,33.7,43.2,,,30.25,,,,,,,,,,,,,
Garage,Temp & Humidity Sensor,2020/12/02 1:50 PM,46.2,62.0,33.9,43.4,,,30.25,,,,,,,,,,,,,
Garage,Temp & Humidity Sensor,2020/12/02 1:55 PM,46.2,62.0,33.9,43.4,,,30.24,,,,,,,,,,,,,
Garage,Temp & Humidity Sensor,2020/12/02 2:00 PM,46.4,62.0,34.1,43.7,,,30.24,,,,,,,,,,,,,
Garage,Temp & Humidity Sensor,2020/12/02 2:05 PM,46.4,62.0,34.1,43.7,,,30.24,,,,,,,,,,,,,
Garage,Temp & Humidity Sensor,2020/12/02 2:10 PM,46.5,62.0,34.2,43.8,,,30.24,,,,,,,,,,,,,
Garage,Temp & Humidity Sensor,2020/12/02 2:15 PM,46.5,62.0,34.2,43.8,,,30.24,,,,,,,,,,,,,
Garage,Temp & Humidity Sensor,2020/12/02 2:20 PM,46.5,62.0,34.2,43.8,,,30.24,,,,,,,,,,,,,
Garage,Temp & Humidity Sensor,2020/12/02 2:25 PM,46.7,62.0,34.4,44.0,,,30.24,,,,,,,,,,,,,
Garage,Temp & Humidity Sensor,2020/12/02 2:30 PM,46.7,62.0,34.4,44.0,,,30.25,,,,,,,,,,,,,
Garage,Temp & Humidity Sensor,2020/12/02 2:35 PM,46.7,62.0,34.4,44.0,,,30.25,,,,,,,,,,,,,
Garage,Temp & Humidity Sensor,2020/12/02 2:40 PM,46.9,62.0,34.6,44.2,,,30.25,,,,,,,,,,,,,
Garage,Temp & Humidity Sensor,2020/12/02 2:45 PM,46.9,62.0,34.6,44.2,,,30.25,,,,,,,,,,,,,
Garage,Temp & Humidity Sensor,2020/12/02 2:50 PM,46.9,62.0,34.6,44.2,,,30.26,,,,,,,,,,,,,
Garage,Temp & Humidity Sensor,2020/12/02 2:55 PM,47.1,62.0,34.8,44.4,,,30.26,,,,,,,,,,,,,
Garage,Temp & Humidity Sensor,2020/12/02 3:00 PM,47.1,62.0,34.8,44.4,,,30.26,,,,,,,,,,,,,
Garage,Temp & Humidity Sensor,2020/12/02 3:05 PM,47.1,62.0,34.8,44.4,,,30.26,,,,,,,,,,,,,
Garage,Temp & Humidity Sensor,2020/12/02 3:10 PM,47.3,62.0,34.9,44.6,,,30.26,,,,,,,,,,,,,
Garage,Temp & Humidity Sensor,2020/12/02 3:15 PM,47.3,62.0,34.9,44.6,,,30.26,,,,,,,,,,,,,
Garage,Temp & Humidity Sensor,2020/12/02 3:20 PM,47.3,62.0,34.9,44.6,,,30.26,,,,,,,,,,,,,
Garage,Temp & Humidity Sensor,2020/12/02 3:25 PM,47.3,62.0,34.9,44.6,,,30.26,,,,,,,,,,,,,
Garage,Temp & Humidity Sensor,2020/12/02 3:30 PM,47.4,62.0,35.0,44.8,,,30.26,,,,,,,,,,,,,
Garage,Temp & Humidity Sensor,2020/12/02 3:35 PM,47.4,62.0,35.0,44.8,,,30.26,,,,,,,,,,,,,
Garage,Temp & Humidity Sensor,2020/12/02 3:40 PM,47.4,62.0,35.0,44.8,,,30.26,,,,,,,,,,,,,
Garage,Temp & Humidity Sensor,2020/12/02 3:45 PM,47.6,62.0,35.2,45.0,,,30.26,,,,,,,,,,,,,
Garage,Temp & Humidity Sensor,2020/12/02 3:50 PM,47.6,62.0,35.2,45.0,,,30.26,,,,,,,,,,,,,
Garage,Temp & Humidity Sensor,2020/12/02 3:55 PM,47.8,62.0,35.4,45.2,,,30.26,,,,,,,,,,,,,
Garage,Temp & Humidity Sensor,2020/12/02 4:00 PM,47.8,62.0,35.4,45.2,,,30.26,,,,,,,,,,,,,
Garage,Temp & Humidity Sensor,2020/12/02 4:05 PM,48.0,62.0,35.6,45.4,,,30.26,,,,,,,,,,,,,
Garage,Temp & Humidity Sensor,2020/12/02 4:10 PM,48.0,62.0,35.6,45.4,,,30.26,,,,,,,,,,,,,
Garage,Temp & Humidity Sensor,2020/12/02 4:15 PM,48.2,61.0,35.4,45.6,,,30.26,,,,,,,,,,,,,
Garage,Temp & Humidity Sensor,2020/12/02 4:20 PM,48.2,61.0,35.4,45.6,,,30.27,,,,,,,,,,,,,
Garage,Temp & Humidity Sensor,2020/12/02 4:25 PM,48.2,61.0,35.4,45.6,,,30.27,,,,,,,,,,,,,
Garage,Temp & Humidity Sensor,2020/12/02 4:30 PM,48.2,61.0,35.4,45.6,,,30.27,,,,,,,,,,,,,
Garage,Temp & Humidity Sensor,2020/12/02 4:35 PM,48.0,62.0,35.6,45.4,,,30.27,,,,,,,,,,,,,
Garage,Temp & Humidity Sensor,2020/12/02 4:40 PM,48.0,62.0,35.6,45.4,,,30.27,,,,,,,,,,,,,
Garage,Temp & Humidity Sensor,2020/12/02 4:45 PM,48.0,62.0,35.6,45.4,,,30.27,,,,,,,,,,,,,
Garage,Temp & Humidity Sensor,2020/12/02 4:50 PM,48.0,62.0,35.6,45.4,,,30.27,,,,,,,,,,,,,
Garage,Temp & Humidity Sensor,2020/12/02 4:55 PM,48.0,62.0,35.6,45.4,,,30.27,,,,,,,,,,,,,
Garage,Temp & Humidity Sensor,2020/12/02 5:00 PM,47.8,62.0,35.4,45.2,,,30.27,,,,,,,,,,,,,
Garage,Temp & Humidity Sensor,2020/12/02 5:05 PM,47.8,62.0,35.4,45.2,,,30.27,,,,,,,,,,,,,
Garage,Temp & Humidity Sensor,2020/12/02 5:10 PM,47.6,62.0,35.2,45.0,,,30.28,,,,,,,,,,,,,
Garage,Temp & Humidity Sensor,2020/12/02 5:15 PM,47.6,62.0,35.2,45.0,,,30.28,,,,,,,,,,,,,
Garage,Temp & Humidity Sensor,2020/12/02 5:20 PM,47.4,62.0,35.0,44.8,,,30.28,,,,,,,,,,,,,
Garage,Temp & Humidity Sensor,2020/12/02 5:25 PM,47.4,62.0,35.0,44.8,,,30.28,,,,,,,,,,,,,
Garage,Temp & Humidity Sensor,2020/12/02 5:30 PM,47.4,62.0,35.0,44.8,,,30.27,,,,,,,,,,,,,
Garage,Temp & Humidity Sensor,2020/12/02 5:35 PM,47.3,62.0,34.9,44.6,,,30.28,,,,,,,,,,,,,
Garage,Temp & Humidity Sensor,2020/12/02 5:40 PM,47.1,62.0,34.8,44.4,,,30.28,,,,,,,,,,,,,
Garage,Temp & Humidity Sensor,2020/12/02 5:45 PM,47.1,62.0,34.8,44.4,,,30.28,,,,,,,,,,,,,
Garage,Temp & Humidity Sensor,2020/12/02 5:50 PM,46.9,62.0,34.6,44.2,,,30.28,,,,,,,,,,,,,
Garage,Temp & Humidity Sensor,2020/12/02 5:55 PM,46.9,62.0,34.6,44.2,,,30.28,,,,,,,,,,,,,
Garage,Temp & Humidity Sensor,2020/12/02 6:00 PM,46.7,62.0,34.4,44.0,,,30.28,,,,,,,,,,,,,
Garage,Temp & Humidity Sensor,2020/12/02 6:05 PM,46.5,62.0,34.2,43.8,,,30.28,,,,,,,,,,,,,
Garage,Temp & Humidity Sensor,2020/12/02 6:10 PM,46.5,62.0,34.2,43.8,,,30.29,,,,,,,,,,,,,
Garage,Temp & Humidity Sensor,2020/12/02 6:15 PM,46.4,62.0,34.1,43.7,,,30.29,,,,,,,,,,,,,
Garage,Temp & Humidity Sensor,2020/12/02 6:20 PM,46.2,62.0,33.9,43.4,,,30.29,,,,,,,,,,,,,
Garage,Temp & Humidity Sensor,2020/12/02 6:25 PM,46.2,62.0,33.9,43.4,,,30.29,,,,,,,,,,,,,
Garage,Temp & Humidity Sensor,2020/12/02 6:30 PM,46.0,62.0,33.7,43.2,,,30.29,,,,,,,,,,,,,
Garage,Temp & Humidity Sensor,2020/12/02 6:35 PM,45.8,62.0,33.5,43.0,,,30.29,,,,,,,,,,,,,
Garage,Temp & Humidity Sensor,2020/12/02 6:40 PM,45.8,62.0,33.5,43.0,,,30.3,,,,,,,,,,,,,
Garage,Temp & Humidity Sensor,2020/12/02 6:45 PM,45.6,62.0,33.3,42.8,,,30.3,,,,,,,,,,,,,
Garage,Temp & Humidity Sensor,2020/12/02 6:50 PM,45.5,62.0,33.2,42.7,,,30.3,,,,,,,,,,,,,
Garage,Temp & Humidity Sensor,2020/12/02 6:55 PM,45.5,62.0,33.2,42.7,,,30.3,,,,,,,,,,,,,
Garage,Temp & Humidity Sensor,2020/12/02 7:00 PM,45.3,62.0,33.1,42.4,,,30.3,,,,,,,,,,,,,
Garage,Temp & Humidity Sensor,2020/12/02 7:05 PM,45.1,62.0,32.9,42.2,,,30.31,,,,,,,,,,,,,
Garage,Temp & Humidity Sensor,2020/12/02 7:10 PM,45.1,62.0,32.9,42.2,,,30.31,,,,,,,,,,,,,
Garage,Temp & Humidity Sensor,2020/12/02 7:15 PM,44.9,62.0,32.7,42.0,,,30.31,,,,,,,,,,,,,
Garage,Temp & Humidity Sensor,2020/12/02 7:20 PM,44.9,62.0,32.7,42.0,,,30.31,,,,,,,,,,,,,
Garage,Temp & Humidity Sensor,2020/12/02 7:25 PM,44.7,62.0,32.5,41.8,,,30.31,,,,,,,,,,,,,
Garage,Temp & Humidity Sensor,2020/12/02 7:30 PM,44.6,62.0,32.4,41.7,,,30.31,,,,,,,,,,,,,
Garage,Temp & Humidity Sensor,2020/12/02 7:35 PM,44.6,62.0,32.4,41.7,,,30.31,,,,,,,,,,,,,
Garage,Temp & Humidity Sensor,2020/12/02 7:40 PM,44.6,62.0,32.4,41.7,,,30.31,,,,,,,,,,,,,
Garage,Temp & Humidity Sensor,2020/12/02 7:45 PM,44.6,62.0,32.4,41.7,,,30.32,,,,,,,,,,,,,
Garage,Temp & Humidity Sensor,2020/12/02 7:50 PM,44.4,62.0,32.2,41.5,,,30.32,,,,,,,,,,,,,
Garage,Temp & Humidity Sensor,2020/12/02 7:55 PM,44.4,62.0,32.2,41.5,,,30.32,,,,,,,,,,,,,
Garage,Temp & Humidity Sensor,2020/12/02 8:00 PM,44.2,62.0,32.0,41.2,,,30.32,,,,,,,,,,,,,
Garage,Temp & Humidity Sensor,2020/12/02 8:05 PM,44.2,62.0,32.0,41.2,,,30.32,,,,,,,,,,,,,
Garage,Temp & Humidity Sensor,2020/12/02 8:10 PM,44.0,62.0,31.8,41.0,,,30.32,,,,,,,,,,,,,
Garage,Temp & Humidity Sensor,2020/12/02 8:15 PM,44.0,62.0,31.8,41.0,,,30.32,,,,,,,,,,,,,
Garage,Temp & Humidity Sensor,2020/12/02 8:20 PM,43.8,62.0,31.6,40.8,,,30.32,,,,,,,,,,,,,
Garage,Temp & Humidity Sensor,2020/12/02 8:25 PM,43.8,62.0,31.6,40.8,,,30.32,,,,,,,,,,,,,
Garage,Temp & Humidity Sensor,2020/12/02 8:30 PM,43.7,62.0,31.5,40.7,,,30.33,,,,,,,,,,,,,
Garage,Temp & Humidity Sensor,2020/12/02 8:35 PM,43.7,62.0,31.5,40.7,,,30.33,,,,,,,,,,,,,
Garage,Temp & Humidity Sensor,2020/12/02 8:40 PM,43.5,62.0,31.4,40.5,,,30.33,,,,,,,,,,,,,
Garage,Temp & Humidity Sensor,2020/12/02 8:45 PM,43.5,62.0,31.4,40.5,,,30.33,,,,,,,,,,,,,
Garage,Temp & Humidity Sensor,2020/12/02 8:50 PM,43.3,62.0,31.2,40.2,,,30.33,,,,,,,,,,,,,
Garage,Temp & Humidity Sensor,2020/12/02 8:55 PM,43.3,62.0,31.2,40.2,,,30.32,,,,,,,,,,,,,
Garage,Temp & Humidity Sensor,2020/12/02 9:00 PM,43.1,62.0,31.0,40.0,,,30.33,,,,,,,,,,,,,
Garage,Temp & Humidity Sensor,2020/12/02 9:05 PM,42.9,62.0,30.8,39.8,,,30.33,,,,,,,,,,,,,
Garage,Temp & Humidity Sensor,2020/12/02 9:10 PM,42.9,62.0,30.8,39.8,,,30.33,,,,,,,,,,,,,
Garage,Temp & Humidity Sensor,2020/12/02 9:15 PM,42.8,62.0,30.7,39.7,,,30.33,,,,,,,,,,,,,
Garage,Temp & Humidity Sensor,2020/12/02 9:20 PM,42.8,62.0,30.7,39.7,,,30.33,,,,,,,,,,,,,
Garage,Temp & Humidity Sensor,2020/12/02 9:25 PM,42.8,62.0,30.7,39.7,,,30.33,,,,,,,,,,,,,
Garage,Temp & Humidity Sensor,2020/12/02 9:30 PM,42.8,62.0,30.7,39.7,,,30.33,,,,,,,,,,,,,
Garage,Temp & Humidity Sensor,2020/12/02 9:35 PM,42.6,63.0,30.9,39.5,,,30.33,,,,,,,,,,,,,
Garage,Temp & Humidity Sensor,2020/12/02 9:40 PM,42.6,63.0,30.9,39.5,,,30.33,,,,,,,,,,,,,
Garage,Temp & Humidity Sensor,2020/12/02 9:45 PM,42.4,63.0,30.7,39.3,,,30.33,,,,,,,,,,,,,
Garage,Temp & Humidity Sensor,2020/12/02 9:50 PM,42.4,63.0,30.7,39.3,,,30.33,,,,,,,,,,,,,
Garage,Temp & Humidity Sensor,2020/12/02 9:55 PM,42.2,63.0,30.5,39.1,,,30.32,,,,,,,,,,,,,
Garage,Temp & Humidity Sensor,2020/12/02 10:00 PM,42.2,63.0,30.5,39.1,,,30.33,,,,,,,,,,,,,
Garage,Temp & Humidity Sensor,2020/12/02 10:05 PM,42.2,62.0,30.1,39.0,,,30.33,,,,,,,,,,,,,
Garage,Temp & Humidity Sensor,2020/12/02 10:10 PM,42.0,62.0,29.9,38.8,,,30.33,,,,,,,,,,,,,
Garage,Temp & Humidity Sensor,2020/12/02 10:15 PM,42.0,62.0,29.9,38.8,,,30.33,,,,,,,,,,,,,
Garage,Temp & Humidity Sensor,2020/12/02 10:20 PM,41.9,62.0,29.8,38.7,,,30.34,,,,,,,,,,,,,
Garage,Temp & Humidity Sensor,2020/12/02 10:25 PM,41.9,62.0,29.8,38.7,,,30.34,,,,,,,,,,,,,
Garage,Temp & Humidity Sensor,2020/12/02 10:30 PM,41.7,62.0,29.7,38.5,,,30.33,,,,,,,,,,,,,
Garage,Temp & Humidity Sensor,2020/12/02 10:35 PM,41.7,62.0,29.7,38.5,,,30.33,,,,,,,,,,,,,
Garage,Temp & Humidity Sensor,2020/12/02 10:40 PM,41.7,62.0,29.7,38.5,,,30.33,,,,,,,,,,,,,
Garage,Temp & Humidity Sensor,2020/12/02 10:45 PM,41.5,62.0,29.5,38.3,,,30.33,,,,,,,,,,,,,
Garage,Temp & Humidity Sensor,2020/12/02 10:50 PM,41.5,62.0,29.5,38.3,,,30.33,,,,,,,,,,,,,
Garage,Temp & Humidity Sensor,2020/12/02 10:55 PM,41.5,62.0,29.5,38.3,,,30.33,,,,,,,,,,,,,
Garage,Temp & Humidity Sensor,2020/12/02 11:00 PM,41.3,62.0,29.3,38.0,,,30.33,,,,,,,,,,,,,
Garage,Temp & Humidity Sensor,2020/12/02 11:05 PM,41.3,62.0,29.3,38.0,,,30.33,,,,,,,,,,,,,
Garage,Temp & Humidity Sensor,2020/12/02 11:10 PM,41.1,62.0,29.1,37.8,,,30.33,,,,,,,,,,,,,
Garage,Temp & Humidity Sensor,2020/12/02 11:15 PM,41.1,62.0,29.1,37.8,,,30.33,,,,,,,,,,,,,
Garage,Temp & Humidity Sensor,2020/12/02 11:20 PM,41.1,62.0,29.1,37.8,,,30.33,,,,,,,,,,,,,
Garage,Temp & Humidity Sensor,2020/12/02 11:25 PM,41.0,62.0,29.0,37.7,,,30.33,,,,,,,,,,,,,
Garage,Temp & Humidity Sensor,2020/12/02 11:30 PM,41.0,62.0,29.0,37.7,,,30.33,,,,,,,,,,,,,
Garage,Temp & Humidity Sensor,2020/12/02 11:35 PM,40.8,63.0,29.2,37.5,,,30.33,,,,,,,,,,,,,
Garage,Temp & Humidity Sensor,2020/12/02 11:40 PM,40.8,63.0,29.2,37.5,,,30.33,,,,,,,,,,,,,
Garage,Temp & Humidity Sensor,2020/12/02 11:45 PM,40.8,63.0,29.2,37.5,,,30.33,,,,,,,,,,,,,
Garage,Temp & Humidity Sensor,2020/12/02 11:50 PM,40.8,63.0,29.2,37.5,,,30.34,,,,,,,,,,,,,
Garage,Temp & Humidity Sensor,2020/12/02 11:55 PM,40.6,63.0,29.0,37.3,,,30.34,,,,,,,,,,,,,
Garage,Temp & Humidity Sensor,2020/12/03 12:00 AM,40.6,63.0,29.0,37.3,,,30.34,,,,,,,,,,,,,
Garage,Temp & Humidity Sensor,2020/12/03 12:05 AM,40.6,63.0,29.0,37.3,,,30.34,,,,,,,,,,,,,
Garage,Temp & Humidity Sensor,2020/12/03 12:10 AM,40.4,63.0,28.8,37.1,,,30.34,,,,,,,,,,,,,
Garage,Temp & Humidity Sensor,2020/12/03 12:15 AM,40.4,63.0,28.8,37.1,,,30.35,,,,,,,,,,,,,
Garage,Temp & Humidity Sensor,2020/12/03 12:20 AM,40.2,63.0,28.6,36.9,,,30.35,,,,,,,,,,,,,
Garage,Temp & Humidity Sensor,2020/12/03 12:25 AM,40.2,63.0,28.6,36.9,,,30.35,,,,,,,,,,,,,
Garage,Temp & Humidity Sensor,2020/12/03 12:30 AM,40.2,63.0,28.6,36.9,,,30.35,,,,,,,,,,,,,
Garage,Temp & Humidity Sensor,2020/12/03 12:35 AM,40.2,63.0,28.6,36.9,,,30.35,,,,,,,,,,,,,
Garage,Temp & Humidity Sensor,2020/12/03 12:40 AM,40.1,63.0,28.5,36.8,,,30.34,,,,,,,,,,,,,
Garage,Temp & Humidity Sensor,2020/12/03 12:45 AM,40.1,63.0,28.5,36.8,,,30.34,,,,,,,,,,,,,
Garage,Temp & Humidity Sensor,2020/12/03 12:50 AM,40.1,63.0,28.5,36.8,,,30.34,,,,,,,,,,,,,
Garage,Temp & Humidity Sensor,2020/12/03 12:55 AM,40.1,63.0,28.5,36.8,,,30.34,,,,,,,,,,,,,
Garage,Temp & Humidity Sensor,2020/12/03 1:00 AM,39.9,63.0,28.3,39.9,,,30.34,,,,,,,,,,,,,
Garage,Temp & Humidity Sensor,2020/12/03 1:05 AM,39.9,63.0,28.3,39.9,,,30.34,,,,,,,,,,,,,
Garage,Temp & Humidity Sensor,2020/12/03 1:10 AM,39.9,63.0,28.3,39.9,,,30.34,,,,,,,,,,,,,
Garage,Temp & Humidity Sensor,2020/12/03 1:15 AM,39.7,63.0,28.2,39.7,,,30.33,,,,,,,,,,,,,
Garage,Temp & Humidity Sensor,2020/12/03 1:20 AM,39.7,63.0,28.2,39.7,,,30.33,,,,,,,,,,,,,
Garage,Temp & Humidity Sensor,2020/12/03 1:25 AM,39.7,63.0,28.2,39.7,,,30.33,,,,,,,,,,,,,
Garage,Temp & Humidity Sensor,2020/12/03 1:30 AM,39.7,63.0,28.2,39.7,,,30.33,,,,,,,,,,,,,
Garage,Temp & Humidity Sensor,2020/12/03 1:35 AM,39.5,63.0,28.0,39.5,,,30.34,,,,,,,,,,,,,
Garage,Temp & Humidity Sensor,2020/12/03 1:40 AM,39.5,63.0,28.0,39.5,,,30.34,,,,,,,,,,,,,
Garage,Temp & Humidity Sensor,2020/12/03 1:45 AM,39.5,63.0,28.0,39.5,,,30.34,,,,,,,,,,,,,
Garage,Temp & Humidity Sensor,2020/12/03 1:50 AM,39.5,63.0,28.0,39.5,,,30.34,,,,,,,,,,,,,
Garage,Temp & Humidity Sensor,2020/12/03 1:55 AM,39.3,63.0,27.8,39.3,,,30.34,,,,,,,,,,,,,
Garage,Temp & Humidity Sensor,2020/12/03 2:00 AM,39.3,63.0,27.8,39.3,,,30.34,,,,,,,,,,,,,
Garage,Temp & Humidity Sensor,2020/12/03 2:05 AM,39.3,63.0,27.8,39.3,,,30.34,,,,,,,,,,,,,
Garage,Temp & Humidity Sensor,2020/12/03 2:10 AM,39.2,63.0,27.7,39.2,,,30.34,,,,,,,,,,,,,
Garage,Temp & Humidity Sensor,2020/12/03 2:15 AM,39.2,63.0,27.7,39.2,,,30.34,,,,,,,,,,,,,
Garage,Temp & Humidity Sensor,2020/12/03 2:20 AM,39.2,63.0,27.7,39.2,,,30.34,,,,,,,,,,,,,
Garage,Temp & Humidity Sensor,2020/12/03 2:25 AM,39.2,63.0,27.7,39.2,,,30.34,,,,,,,,,,,,,
Garage,Temp & Humidity Sensor,2020/12/03 2:30 AM,39.2,63.0,27.7,39.2,,,30.34,,,,,,,,,,,,,
Garage,Temp & Humidity Sensor,2020/12/03 2:35 AM,39.2,63.0,27.7,39.2,,,30.34,,,,,,,,,,,,,
Garage,Temp & Humidity Sensor,2020/12/03 2:40 AM,39.2,63.0,27.7,39.2,,,30.34,,,,,,,,,,,,,
Garage,Temp & Humidity Sensor,2020/12/03 2:45 AM,39.2,63.0,27.7,39.2,,,30.34,,,,,,,,,,,,,
Garage,Temp & Humidity Sensor,2020/12/03 2:50 AM,39.2,63.0,27.7,39.2,,,30.34,,,,,,,,,,,,,
Garage,Temp & Humidity Sensor,2020/12/03 2:55 AM,39.0,63.0,27.5,39.0,,,30.33,,,,,,,,,,,,,
Garage,Temp & Humidity Sensor,2020/12/03 3:00 AM,39.0,63.0,27.5,39.0,,,30.32,,,,,,,,,,,,,
Garage,Temp & Humidity Sensor,2020/12/03 3:05 AM,39.0,63.0,27.5,39.0,,,30.32,,,,,,,,,,,,,
Garage,Temp & Humidity Sensor,2020/12/03 3:10 AM,38.8,63.0,27.3,38.8,,,30.32,,,,,,,,,,,,,
Garage,Temp & Humidity Sensor,2020/12/03 3:15 AM,38.8,63.0,27.3,38.8,,,30.32,,,,,,,,,,,,,
Garage,Temp & Humidity Sensor,2020/12/03 3:20 AM,38.8,63.0,27.3,38.8,,,30.32,,,,,,,,,,,,,
Garage,Temp & Humidity Sensor,2020/12/03 3:25 AM,38.8,63.0,27.3,38.8,,,30.32,,,,,,,,,,,,,
Garage,Temp & Humidity Sensor,2020/12/03 3:30 AM,38.6,63.0,27.1,38.6,,,30.32,,,,,,,,,,,,,
Garage,Temp & Humidity Sensor,2020/12/03 3:35 AM,38.6,63.0,27.1,38.6,,,30.32,,,,,,,,,,,,,
Garage,Temp & Humidity Sensor,2020/12/03 3:40 AM,38.6,63.0,27.1,38.6,,,30.32,,,,,,,,,,,,,
Garage,Temp & Humidity Sensor,2020/12/03 3:45 AM,38.6,63.0,27.1,38.6,,,30.33,,,,,,,,,,,,,
Garage,Temp & Humidity Sensor,2020/12/03 3:50 AM,38.6,63.0,27.1,38.6,,,30.32,,,,,,,,,,,,,
Garage,Temp & Humidity Sensor,2020/12/03 3:55 AM,38.4,63.0,26.9,38.4,,,30.32,,,,,,,,,,,,,
Garage,Temp & Humidity Sensor,2020/12/03 4:00 AM,38.4,63.0,26.9,38.4,,,30.32,,,,,,,,,,,,,
Garage,Temp & Humidity Sensor,2020/12/03 4:05 AM,38.4,63.0,26.9,38.4,,,30.32,,,,,,,,,,,,,
Garage,Temp & Humidity Sensor,2020/12/03 4:10 AM,38.3,63.0,26.8,38.3,,,30.32,,,,,,,,,,,,,
Garage,Temp & Humidity Sensor,2020/12/03 4:15 AM,38.3,63.0,26.8,38.3,,,30.32,,,,,,,,,,,,,
Garage,Temp & Humidity Sensor,2020/12/03 4:20 AM,38.3,63.0,26.8,38.3,,,30.32,,,,,,,,,,,,,
Garage,Temp & Humidity Sensor,2020/12/03 4:25 AM,38.3,63.0,26.8,38.3,,,30.32,,,,,,,,,,,,,
Garage,Temp & Humidity Sensor,2020/12/03 4:30 AM,38.3,63.0,26.8,38.3,,,30.32,,,,,,,,,,,,,
Garage,Temp & Humidity Sensor,2020/12/03 4:35 AM,38.1,63.0,26.6,38.1,,,30.32,,,,,,,,,,,,,
Garage,Temp & Humidity Sensor,2020/12/03 4:40 AM,38.1,63.0,26.6,38.1,,,30.32,,,,,,,,,,,,,
Garage,Temp & Humidity Sensor,2020/12/03 4:45 AM,38.1,63.0,26.6,38.1,,,30.32,,,,,,,,,,,,,
Garage,Temp & Humidity Sensor,2020/12/03 4:50 AM,38.1,63.0,26.6,38.1,,,30.32,,,,,,,,,,,,,
Garage,Temp & Humidity Sensor,2020/12/03 4:55 AM,37.9,63.0,26.4,37.9,,,30.32,,,,,,,,,,,,,
Garage,Temp & Humidity Sensor,2020/12/03 5:00 AM,37.9,63.0,26.4,37.9,,,30.32,,,,,,,,,,,,,
Garage,Temp & Humidity Sensor,2020/12/03 5:05 AM,37.9,63.0,26.4,37.9,,,30.32,,,,,,,,,,,,,
Garage,Temp & Humidity Sensor,2020/12/03 5:10 AM,37.9,63.0,26.4,37.9,,,30.33,,,,,,,,,,,,,
Garage,Temp & Humidity Sensor,2020/12/03 5:15 AM,37.9,63.0,26.4,37.9,,,30.33,,,,,,,,,,,,,
Garage,Temp & Humidity Sensor,2020/12/03 5:20 AM,37.7,63.0,26.3,37.7,,,30.33,,,,,,,,,,,,,
Garage,Temp & Humidity Sensor,2020/12/03 5:25 AM,37.7,63.0,26.3,37.7,,,30.33,,,,,,,,,,,,,
Garage,Temp & Humidity Sensor,2020/12/03 5:30 AM,37.7,63.0,26.3,37.7,,,30.33,,,,,,,,,,,,,
Garage,Temp & Humidity Sensor,2020/12/03 5:35 AM,37.7,63.0,26.3,37.7,,,30.33,,,,,,,,,,,,,
Garage,Temp & Humidity Sensor,2020/12/03 5:40 AM,37.7,63.0,26.3,37.7,,,30.33,,,,,,,,,,,,,
Garage,Temp & Humidity Sensor,2020/12/03 5:45 AM,37.4,63.0,26.0,37.4,,,30.33,,,,,,,,,,,,,
Garage,Temp & Humidity Sensor,2020/12/03 5:50 AM,37.4,63.0,26.0,37.4,,,30.33,,,,,,,,,,,,,
Garage,Temp & Humidity Sensor,2020/12/03 5:55 AM,37.4,63.0,26.0,37.4,,,30.33,,,,,,,,,,,,,
Garage,Temp & Humidity Sensor,2020/12/03 6:00 AM,37.4,63.0,26.0,37.4,,,30.34,,,,,,,,,,,,,
Garage,Temp & Humidity Sensor,2020/12/03 6:05 AM,37.4,63.0,26.0,37.4,,,30.34,,,,,,,,,,,,,
Garage,Temp & Humidity Sensor,2020/12/03 6:10 AM,37.4,63.0,26.0,37.4,,,30.34,,,,,,,,,,,,,
Garage,Temp & Humidity Sensor,2020/12/03 6:15 AM,37.4,63.0,26.0,37.4,,,30.34,,,,,,,,,,,,,
Garage,Temp & Humidity Sensor,2020/12/03 6:20 AM,37.2,63.0,25.8,37.2,,,30.34,,,,,,,,,,,,,
Garage,Temp & Humidity Sensor,2020/12/03 6:25 AM,37.2,63.0,25.8,37.2,,,30.34,,,,,,,,,,,,,
Garage,Temp & Humidity Sensor,2020/12/03 6:30 AM,37.2,63.0,25.8,37.2,,,30.34,,,,,,,,,,,,,
Garage,Temp & Humidity Sensor,2020/12/03 6:35 AM,37.2,63.0,25.8,37.2,,,30.35,,,,,,,,,,,,,
Garage,Temp & Humidity Sensor,2020/12/03 6:40 AM,37.2,63.0,25.8,37.2,,,30.35,,,,,,,,,,,,,
Garage,Temp & Humidity Sensor,2020/12/03 6:45 AM,37.2,63.0,25.8,37.2,,,30.34,,,,,,,,,,,,,
Garage,Temp & Humidity Sensor,2020/12/03 6:50 AM,37.0,63.0,25.6,37.0,,,30.34,,,,,,,,,,,,,
Garage,Temp & Humidity Sensor,2020/12/03 6:55 AM,37.0,63.0,25.6,37.0,,,30.34,,,,,,,,,,,,,
Garage,Temp & Humidity Sensor,2020/12/03 7:00 AM,37.0,63.0,25.6,37.0,,,30.35,,,,,,,,,,,,,
Garage,Temp & Humidity Sensor,2020/12/03 7:05 AM,37.0,63.0,25.6,37.0,,,30.36,,,,,,,,,,,,,
Garage,Temp & Humidity Sensor,2020/12/03 7:10 AM,37.0,63.0,25.6,37.0,,,30.36,,,,,,,,,,,,,
Garage,Temp & Humidity Sensor,2020/12/03 7:15 AM,37.0,63.0,25.6,37.0,,,30.36,,,,,,,,,,,,,
Garage,Temp & Humidity Sensor,2020/12/03 7:20 AM,36.8,63.0,25.4,36.8,,,30.36,,,,,,,,,,,,,
Garage,Temp & Humidity Sensor,2020/12/03 7:25 AM,36.8,63.0,25.4,36.8,,,30.36,,,,,,,,,,,,,
Garage,Temp & Humidity Sensor,2020/12/03 7:30 AM,36.8,63.0,25.4,36.8,,,30.36,,,,,,,,,,,,,
Garage,Temp & Humidity Sensor,2020/12/03 7:35 AM,36.8,63.0,25.4,36.8,,,30.36,,,,,,,,,,,,,
Garage,Temp & Humidity Sensor,2020/12/03 7:40 AM,36.6,63.0,25.2,36.6,,,30.37,,,,,,,,,,,,,
Garage,Temp & Humidity Sensor,2020/12/03 7:45 AM,36.6,63.0,25.2,36.6,,,30.37,,,,,,,,,,,,,
Garage,Temp & Humidity Sensor,2020/12/03 7:50 AM,36.6,63.0,25.2,36.6,,,30.37,,,,,,,,,,,,,
Garage,Temp & Humidity Sensor,2020/12/03 7:55 AM,36.6,63.0,25.2,36.6,,,30.37,,,,,,,,,,,,,
Garage,Temp & Humidity Sensor,2020/12/03 8:00 AM,36.6,63.0,25.2,36.6,,,30.37,,,,,,,,,,,,,
Garage,Temp & Humidity Sensor,2020/12/03 8:05 AM,36.6,63.0,25.2,36.6,,,30.37,,,,,,,,,,,,,
Garage,Temp & Humidity Sensor,2020/12/03 8:10 AM,36.5,63.0,25.1,36.5,,,30.38,,,,,,,,,,,,,
Garage,Temp & Humidity Sensor,2020/12/03 8:15 AM,36.5,63.0,25.1,36.5,,,30.38,,,,,,,,,,,,,
Garage,Temp & Humidity Sensor,2020/12/03 8:20 AM,36.5,63.0,25.1,36.5,,,30.38,,,,,,,,,,,,,
Garage,Temp & Humidity Sensor,2020/12/03 8:25 AM,36.5,63.0,25.1,36.5,,,30.38,,,,,,,,,,,,,
Garage,Temp & Humidity Sensor,2020/12/03 8:30 AM,36.5,63.0,25.1,36.5,,,30.38,,,,,,,,,,,,,
Garage,Temp & Humidity Sensor,2020/12/03 8:35 AM,36.5,63.0,25.1,36.5,,,30.38,,,,,,,,,,,,,
Garage,Temp & Humidity Sensor,2020/12/03 8:40 AM,36.5,63.0,25.1,36.5,,,30.39,,,,,,,,,,,,,
Garage,Temp & Humidity Sensor,2020/12/03 8:45 AM,36.5,63.0,25.1,36.5,,,30.39,,,,,,,,,,,,,
Garage,Temp & Humidity Sensor,2020/12/03 8:50 AM,36.5,63.0,25.1,36.5,,,30.39,,,,,,,,,,,,,
Garage,Temp & Humidity Sensor,2020/12/03 8:55 AM,36.6,63.0,25.2,36.6,,,30.39,,,,,,,,,,,,,
Garage,Temp & Humidity Sensor,2020/12/03 9:00 AM,36.6,63.0,25.2,36.6,,,30.39,,,,,,,,,,,,,
Garage,Temp & Humidity Sensor,2020/12/03 9:05 AM,36.6,63.0,25.2,36.6,,,30.39,,,,,,,,,,,,,
Garage,Temp & Humidity Sensor,2020/12/03 9:10 AM,36.6,63.0,25.2,36.6,,,30.39,,,,,,,,,,,,,
Garage,Temp & Humidity Sensor,2020/12/03 9:15 AM,36.6,63.0,25.2,36.6,,,30.39,,,,,,,,,,,,,
Garage,Temp & Humidity Sensor,2020/12/03 9:20 AM,36.8,63.0,25.4,36.8,,,30.39,,,,,,,,,,,,,
Garage,Temp & Humidity Sensor,2020/12/03 9:25 AM,36.8,63.0,25.4,36.8,,,30.38,,,,,,,,,,,,,
Garage,Temp & Humidity Sensor,2020/12/03 9:30 AM,36.8,63.0,25.4,36.8,,,30.38,,,,,,,,,,,,,
Garage,Temp & Humidity Sensor,2020/12/03 9:35 AM,37.0,63.0,25.6,37.0,,,30.38,,,,,,,,,,,,,
Garage,Temp & Humidity Sensor,2020/12/03 9:40 AM,37.0,63.0,25.6,37.0,,,30.38,,,,,,,,,,,,,
Garage,Temp & Humidity Sensor,2020/12/03 9:45 AM,37.2,63.0,25.8,37.2,,,30.39,,,,,,,,,,,,,
Garage,Temp & Humidity Sensor,2020/12/03 9:50 AM,37.2,63.0,25.8,37.2,,,30.38,,,,,,,,,,,,,
Garage,Temp & Humidity Sensor,2020/12/03 9:55 AM,37.4,63.0,26.0,37.4,,,30.39,,,,,,,,,,,,,
Garage,Temp & Humidity Sensor,2020/12/03 10:00 AM,37.4,63.0,26.0,37.4,,,30.39,,,,,,,,,,,,,
Garage,Temp & Humidity Sensor,2020/12/03 10:05 AM,37.4,63.0,26.0,37.4,,,30.39,,,,,,,,,,,,,
Garage,Temp & Humidity Sensor,2020/12/03 10:10 AM,37.4,63.0,26.0,37.4,,,30.39,,,,,,,,,,,,,
Garage,Temp & Humidity Sensor,2020/12/03 10:15 AM,37.7,63.0,26.3,37.7,,,30.39,,,,,,,,,,,,,
Garage,Temp & Humidity Sensor,2020/12/03 10:20 AM,37.9,63.0,26.4,37.9,,,30.39,,,,,,,,,,,,,
Garage,Temp & Humidity Sensor,2020/12/03 10:25 AM,37.9,63.0,26.4,37.9,,,30.38,,,,,,,,,,,,,
Garage,Temp & Humidity Sensor,2020/12/03 10:30 AM,38.1,63.0,26.6,38.1,,,30.39,,,,,,,,,,,,,
Garage,Temp & Humidity Sensor,2020/12/03 10:35 AM,38.3,63.0,26.8,38.3,,,30.38,,,,,,,,,,,,,
Garage,Temp & Humidity Sensor,2020/12/03 10:40 AM,38.4,63.0,26.9,38.4,,,30.38,,,,,,,,,,,,,
Garage,Temp & Humidity Sensor,2020/12/03 10:45 AM,38.6,63.0,27.1,38.6,,,30.38,,,,,,,,,,,,,
Garage,Temp & Humidity Sensor,2020/12/03 10:50 AM,38.8,63.0,27.3,38.8,,,30.38,,,,,,,,,,,,,
Garage,Temp & Humidity Sensor,2020/12/03 10:55 AM,39.0,63.0,27.5,39.0,,,30.38,,,,,,,,,,,,,
Garage,Temp & Humidity Sensor,2020/12/03 11:00 AM,39.2,63.0,27.7,39.2,,,30.38,,,,,,,,,,,,,
Garage,Temp & Humidity Sensor,2020/12/03 11:05 AM,39.2,63.0,27.7,39.2,,,30.38,,,,,,,,,,,,,
Garage,Temp & Humidity Sensor,2020/12/03 11:10 AM,39.3,63.0,27.8,39.3,,,30.38,,,,,,,,,,,,,
Garage,Temp & Humidity Sensor,2020/12/03 11:15 AM,39.5,63.0,28.0,39.5,,,30.38,,,,,,,,,,,,,
Garage,Temp & Humidity Sensor,2020/12/03 11:20 AM,39.7,63.0,28.2,39.7,,,30.38,,,,,,,,,,,,,
Garage,Temp & Humidity Sensor,2020/12/03 11:25 AM,39.9,63.0,28.3,39.9,,,30.37,,,,,,,,,,,,,
Garage,Temp & Humidity Sensor,2020/12/03 11:30 AM,40.1,63.0,28.5,36.8,,,30.37,,,,,,,,,,,,,
Garage,Temp & Humidity Sensor,2020/12/03 11:35 AM,40.2,63.0,28.6,36.9,,,30.37,,,,,,,,,,,,,
Garage,Temp & Humidity Sensor,2020/12/03 11:40 AM,40.4,63.0,28.8,37.1,,,30.37,,,,,,,,,,,,,
Garage,Temp & Humidity Sensor,2020/12/03 11:45 AM,40.6,63.0,29.0,37.3,,,30.36,,,,,,,,,,,,,
Garage,Temp & Humidity Sensor,2020/12/03 11:50 AM,40.8,63.0,29.2,37.5,,,30.36,,,,,,,,,,,,,
Garage,Temp & Humidity Sensor,2020/12/03 11:55 AM,41.0,63.0,29.4,37.8,,,30.35,,,,,,,,,,,,,
Garage,Temp & Humidity Sensor,2020/12/03 12:00 PM,41.3,63.0,29.7,38.1,,,30.35,,,,,,,,,,,,,
Garage,Temp & Humidity Sensor,2020/12/03 12:05 PM,41.5,63.0,29.9,38.3,,,30.35,,,,,,,,,,,,,
Garage,Temp & Humidity Sensor,2020/12/03 12:10 PM,41.7,63.0,30.0,38.5,,,30.35,,,,,,,,,,,,,
Garage,Temp & Humidity Sensor,2020/12/03 12:15 PM,41.9,63.0,30.2,38.8,,,30.34,,,,,,,,,,,,,
Garage,Temp & Humidity Sensor,2020/12/03 12:20 PM,42.0,63.0,30.3,38.9,,,30.34,,,,,,,,,,,,,
Garage,Temp & Humidity Sensor,2020/12/03 12:25 PM,42.2,63.0,30.5,39.1,,,30.34,,,,,,,,,,,,,
Garage,Temp & Humidity Sensor,2020/12/03 12:30 PM,42.4,63.0,30.7,39.3,,,30.33,,,,,,,,,,,,,
Garage,Temp & Humidity Sensor,2020/12/03 12:35 PM,42.6,63.0,30.9,39.5,,,30.33,,,,,,,,,,,,,
Garage,Temp & Humidity Sensor,2020/12/03 12:40 PM,42.8,63.0,31.1,39.7,,,30.32,,,,,,,,,,,,,
Garage,Temp & Humidity Sensor,2020/12/03 12:45 PM,42.8,63.0,31.1,39.7,,,30.32,,,,,,,,,,,,,
Garage,Temp & Humidity Sensor,2020/12/03 12:50 PM,43.1,63.0,31.4,40.1,,,30.32,,,,,,,,,,,,,
Garage,Temp & Humidity Sensor,2020/12/03 12:55 PM,43.5,63.0,31.8,40.5,,,30.32,,,,,,,,,,,,,
Garage,Temp & Humidity Sensor,2020/12/03 1:00 PM,43.7,63.0,31.9,40.7,,,30.32,,,,,,,,,,,,,
Garage,Temp & Humidity Sensor,2020/12/03 1:05 PM,44.0,63.0,32.2,41.1,,,30.32,,,,,,,,,,,,,
Garage,Temp & Humidity Sensor,2020/12/03 1:10 PM,44.4,63.0,32.6,41.5,,,30.32,,,,,,,,,,,,,
Garage,Temp & Humidity Sensor,2020/12/03 1:15 PM,44.6,63.0,32.8,41.7,,,30.31,,,,,,,,,,,,,
Garage,Temp & Humidity Sensor,2020/12/03 1:20 PM,44.7,63.0,32.9,41.8,,,30.31,,,,,,,,,,,,,
Garage,Temp & Humidity Sensor,2020/12/03 1:25 PM,44.9,63.0,33.1,42.1,,,30.31,,,,,,,,,,,,,
Garage,Temp & Humidity Sensor,2020/12/03 1:30 PM,45.3,63.0,33.5,42.5,,,30.31,,,,,,,,,,,,,
Garage,Temp & Humidity Sensor,2020/12/03 1:35 PM,45.5,63.0,33.6,42.7,,,30.31,,,,,,,,,,,,,
Garage,Temp & Humidity Sensor,2020/12/03 1:40 PM,45.6,63.0,33.7,42.8,,,30.3,,,,,,,,,,,,,
Garage,Temp & Humidity Sensor,2020/12/03 1:45 PM,45.8,63.0,33.9,43.0,,,30.3,,,,,,,,,,,,,
Garage,Temp & Humidity Sensor,2020/12/03 1:50 PM,46.0,63.0,34.1,43.3,,,30.31,,,,,,,,,,,,,
Garage,Temp & Humidity Sensor,2020/12/03 1:55 PM,46.0,63.0,34.1,43.3,,,30.3,,,,,,,,,,,,,
Garage,Temp & Humidity Sensor,2020/12/03 2:00 PM,46.2,63.0,34.3,43.5,,,30.3,,,,,,,,,,,,,
Garage,Temp & Humidity Sensor,2020/12/03 2:05 PM,46.4,62.0,34.1,43.7,,,30.3,,,,,,,,,,,,,
Garage,Temp & Humidity Sensor,2020/12/03 2:10 PM,46.5,62.0,34.2,43.8,,,30.3,,,,,,,,,,,,,
Garage,Temp & Humidity Sensor,2020/12/03 2:15 PM,46.5,63.0,34.6,43.8,,,30.29,,,,,,,,,,,,,
Garage,Temp & Humidity Sensor,2020/12/03 2:20 PM,46.7,63.0,34.8,44.0,,,30.3,,,,,,,,,,,,,
Garage,Temp & Humidity Sensor,2020/12/03 2:25 PM,46.7,63.0,34.8,44.0,,,30.3,,,,,,,,,,,,,
Garage,Temp & Humidity Sensor,2020/12/03 2:30 PM,46.9,63.0,35.0,44.3,,,30.29,,,,,,,,,,,,,
Garage,Temp & Humidity Sensor,2020/12/03 2:35 PM,46.9,63.0,35.0,44.3,,,30.29,,,,,,,,,,,,,
Garage,Temp & Humidity Sensor,2020/12/03 2:40 PM,47.1,63.0,35.2,44.5,,,30.29,,,,,,,,,,,,,
Garage,Temp & Humidity Sensor,2020/12/03 2:45 PM,47.3,63.0,35.4,44.7,,,30.29,,,,,,,,,,,,,
Garage,Temp & Humidity Sensor,2020/12/03 2:50 PM,47.3,63.0,35.4,44.7,,,30.29,,,,,,,,,,,,,
Garage,Temp & Humidity Sensor,2020/12/03 2:55 PM,47.3,63.0,35.4,44.7,,,30.29,,,,,,,,,,,,,
Garage,Temp & Humidity Sensor,2020/12/03 3:00 PM,47.4,63.0,35.4,44.8,,,30.29,,,,,,,,,,,,,
Garage,Temp & Humidity Sensor,2020/12/03 3:05 PM,47.6,63.0,35.6,45.0,,,30.29,,,,,,,,,,,,,
Garage,Temp & Humidity Sensor,2020/12/03 3:10 PM,47.6,63.0,35.6,45.0,,,30.29,,,,,,,,,,,,,
Garage,Temp & Humidity Sensor,2020/12/03 3:15 PM,47.6,63.0,35.6,45.0,,,30.29,,,,,,,,,,,,,
Garage,Temp & Humidity Sensor,2020/12/03 3:20 PM,47.8,63.0,35.8,45.2,,,30.29,,,,,,,,,,,,,
Garage,Temp & Humidity Sensor,2020/12/03 3:25 PM,47.8,63.0,35.8,45.2,,,30.29,,,,,,,,,,,,,
Garage,Temp & Humidity Sensor,2020/12/03 3:30 PM,48.0,63.0,36.0,45.5,,,30.29,,,,,,,,,,,,,
Garage,Temp & Humidity Sensor,2020/12/03 3:35 PM,48.0,63.0,36.0,45.5,,,30.29,,,,,,,,,,,,,
Garage,Temp & Humidity Sensor,2020/12/03 3:40 PM,48.2,63.0,36.2,45.7,,,30.29,,,,,,,,,,,,,
Garage,Temp & Humidity Sensor,2020/12/03 3:45 PM,48.2,63.0,36.2,45.7,,,30.29,,,,,,,,,,,,,
Garage,Temp & Humidity Sensor,2020/12/03 3:50 PM,48.2,63.0,36.2,45.7,,,30.29,,,,,,,,,,,,,
Garage,Temp & Humidity Sensor,2020/12/03 3:55 PM,48.3,63.0,36.3,45.8,,,30.29,,,,,,,,,,,,,
Garage,Temp & Humidity Sensor,2020/12/03 4:00 PM,48.5,63.0,36.5,46.0,,,30.29,,,,,,,,,,,,,
Garage,Temp & Humidity Sensor,2020/12/03 4:05 PM,48.5,63.0,36.5,46.0,,,30.29,,,,,,,,,,,,,
Garage,Temp & Humidity Sensor,2020/12/03 4:10 PM,48.7,63.0,36.7,46.2,,,30.29,,,,,,,,,,,,,
Garage,Temp & Humidity Sensor,2020/12/03 4:15 PM,48.7,63.0,36.7,46.2,,,30.29,,,,,,,,,,,,,
Garage,Temp & Humidity Sensor,2020/12/03 4:20 PM,48.7,63.0,36.7,46.2,,,30.29,,,,,,,,,,,,,
Garage,Temp & Humidity Sensor,2020/12/03 4:25 PM,48.7,63.0,36.7,46.2,,,30.29,,,,,,,,,,,,,
Garage,Temp & Humidity Sensor,2020/12/03 4:30 PM,48.7,63.0,36.7,46.2,,,30.29,,,,,,,,,,,,,
Garage,Temp & Humidity Sensor,2020/12/03 4:35 PM,48.7,63.0,36.7,46.2,,,30.29,,,,,,,,,,,,,
Garage,Temp & Humidity Sensor,2020/12/03 4:40 PM,48.7,63.0,36.7,46.2,,,30.29,,,,,,,,,,,,,
Garage,Temp & Humidity Sensor,2020/12/03 4:45 PM,48.7,63.0,36.7,46.2,,,30.29,,,,,,,,,,,,,
Garage,Temp & Humidity Sensor,2020/12/03 4:50 PM,48.5,63.0,36.5,46.0,,,30.29,,,,,,,,,,,,,
Garage,Temp & Humidity Sensor,2020/12/03 4:55 PM,48.5,63.0,36.5,46.0,,,30.29,,,,,,,,,,,,,
Garage,Temp & Humidity Sensor,2020/12/03 5:00 PM,48.5,63.0,36.5,46.0,,,30.29,,,,,,,,,,,,,
Garage,Temp & Humidity Sensor,2020/12/03 5:05 PM,48.3,63.0,36.3,45.8,,,30.29,,,,,,,,,,,,,
Garage,Temp & Humidity Sensor,2020/12/03 5:10 PM,48.2,63.0,36.2,45.7,,,30.29,,,,,,,,,,,,,
Garage,Temp & Humidity Sensor,2020/12/03 5:15 PM,48.2,63.0,36.2,45.7,,,30.29,,,,,,,,,,,,,
Garage,Temp & Humidity Sensor,2020/12/03 5:20 PM,48.2,63.0,36.2,45.7,,,30.29,,,,,,,,,,,,,
Garage,Temp & Humidity Sensor,2020/12/03 5:25 PM,48.2,63.0,36.2,45.7,,,30.29,,,,,,,,,,,,,
Garage,Temp & Humidity Sensor,2020/12/03 5:30 PM,48.0,63.0,36.0,45.5,,,30.29,,,,,,,,,,,,,
Garage,Temp & Humidity Sensor,2020/12/03 5:35 PM,48.0,63.0,36.0,45.5,,,30.29,,,,,,,,,,,,,
Garage,Temp & Humidity Sensor,2020/12/03 5:40 PM,48.0,63.0,36.0,45.5,,,30.28,,,,,,,,,,,,,
Garage,Temp & Humidity Sensor,2020/12/03 5:45 PM,47.8,63.0,35.8,45.2,,,30.29,,,,,,,,,,,,,
Garage,Temp & Humidity Sensor,2020/12/03 5:50 PM,47.6,63.0,35.6,45.0,,,30.29,,,,,,,,,,,,,
Garage,Temp & Humidity Sensor,2020/12/03 5:55 PM,47.6,63.0,35.6,45.0,,,30.28,,,,,,,,,,,,,
Garage,Temp & Humidity Sensor,2020/12/03 6:00 PM,47.4,63.0,35.4,44.8,,,30.28,,,,,,,,,,,,,
Garage,Temp & Humidity Sensor,2020/12/03 6:05 PM,47.4,63.0,35.4,44.8,,,30.28,,,,,,,,,,,,,
Garage,Temp & Humidity Sensor,2020/12/03 6:10 PM,47.3,63.0,35.4,44.7,,,30.29,,,,,,,,,,,,,
Garage,Temp & Humidity Sensor,2020/12/03 6:15 PM,47.3,63.0,35.4,44.7,,,30.29,,,,,,,,,,,,,
Garage,Temp & Humidity Sensor,2020/12/03 6:20 PM,47.1,63.0,35.2,44.5,,,30.29,,,,,,,,,,,,,
Garage,Temp & Humidity Sensor,2020/12/03 6:25 PM,47.1,63.0,35.2,44.5,,,30.29,,,,,,,,,,,,,
Garage,Temp & Humidity Sensor,2020/12/03 6:30 PM,46.9,63.0,35.0,44.3,,,30.28,,,,,,,,,,,,,
Garage,Temp & Humidity Sensor,2020/12/03 6:35 PM,46.9,63.0,35.0,44.3,,,30.29,,,,,,,,,,,,,
Garage,Temp & Humidity Sensor,2020/12/03 6:40 PM,46.7,63.0,34.8,44.0,,,30.28,,,,,,,,,,,,,
Garage,Temp & Humidity Sensor,2020/12/03 6:45 PM,46.5,63.0,34.6,43.8,,,30.28,,,,,,,,,,,,,
Garage,Temp & Humidity Sensor,2020/12/03 6:50 PM,46.5,63.0,34.6,43.8,,,30.29,,,,,,,,,,,,,
Garage,Temp & Humidity Sensor,2020/12/03 6:55 PM,46.4,63.0,34.5,43.7,,,30.29,,,,,,,,,,,,,
Garage,Temp & Humidity Sensor,2020/12/03 7:00 PM,46.4,63.0,34.5,43.7,,,30.29,,,,,,,,,,,,,
Garage,Temp & Humidity Sensor,2020/12/03 7:05 PM,46.2,63.0,34.3,43.5,,,30.29,,,,,,,,,,,,,
Garage,Temp & Humidity Sensor,2020/12/03 7:10 PM,46.0,63.0,34.1,43.3,,,30.29,,,,,,,,,,,,,
Garage,Temp & Humidity Sensor,2020/12/03 7:15 PM,46.0,63.0,34.1,43.3,,,30.29,,,,,,,,,,,,,
Garage,Temp & Humidity Sensor,2020/12/03 7:20 PM,45.8,63.0,33.9,43.0,,,30.29,,,,,,,,,,,,,
Garage,Temp & Humidity Sensor,2020/12/03 7:25 PM,45.8,63.0,33.9,43.0,,,30.29,,,,,,,,,,,,,
Garage,Temp & Humidity Sensor,2020/12/03 7:30 PM,45.6,63.0,33.7,42.8,,,30.29,,,,,,,,,,,,,
Garage,Temp & Humidity Sensor,2020/12/03 7:35 PM,45.5,63.0,33.6,42.7,,,30.3,,,,,,,,,,,,,
Garage,Temp & Humidity Sensor,2020/12/03 7:40 PM,45.5,63.0,33.6,42.7,,,30.3,,,,,,,,,,,,,
Garage,Temp & Humidity Sensor,2020/12/03 7:45 PM,45.3,63.0,33.5,42.5,,,30.3,,,,,,,,,,,,,
Garage,Temp & Humidity Sensor,2020/12/03 7:50 PM,45.3,63.0,33.5,42.5,,,30.3,,,,,,,,,,,,,
Garage,Temp & Humidity Sensor,2020/12/03 7:55 PM,45.1,63.0,33.3,42.3,,,30.3,,,,,,,,,,,,,
Garage,Temp & Humidity Sensor,2020/12/03 8:00 PM,45.1,63.0,33.3,42.3,,,30.3,,,,,,,,,,,,,
Garage,Temp & Humidity Sensor,2020/12/03 8:05 PM,44.9,63.0,33.1,42.1,,,30.3,,,,,,,,,,,,,
Garage,Temp & Humidity Sensor,2020/12/03 8:10 PM,44.9,63.0,33.1,42.1,,,30.3,,,,,,,,,,,,,
Garage,Temp & Humidity Sensor,2020/12/03 8:15 PM,44.7,63.0,32.9,41.8,,,30.3,,,,,,,,,,,,,
Garage,Temp & Humidity Sensor,2020/12/03 8:20 PM,44.6,63.0,32.8,41.7,,,30.3,,,,,,,,,,,,,
Garage,Temp & Humidity Sensor,2020/12/03 8:25 PM,44.6,63.0,32.8,41.7,,,30.3,,,,,,,,,,,,,
Garage,Temp & Humidity Sensor,2020/12/03 8:30 PM,44.6,63.0,32.8,41.7,,,30.3,,,,,,,,,,,,,
Garage,Temp & Humidity Sensor,2020/12/03 8:35 PM,44.6,63.0,32.8,41.7,,,30.3,,,,,,,,,,,,,
Garage,Temp & Humidity Sensor,2020/12/03 8:40 PM,44.4,64.0,33.0,41.5,,,30.3,,,,,,,,,,,,,
Garage,Temp & Humidity Sensor,2020/12/03 8:45 PM,44.4,63.0,32.6,41.5,,,30.3,,,,,,,,,,,,,
Garage,Temp & Humidity Sensor,2020/12/03 8:50 PM,44.2,63.0,32.4,41.3,,,30.3,,,,,,,,,,,,,
Garage,Temp & Humidity Sensor,2020/12/03 8:55 PM,44.2,63.0,32.4,41.3,,,30.3,,,,,,,,,,,,,
Garage,Temp & Humidity Sensor,2020/12/03 9:00 PM,44.0,63.0,32.2,41.1,,,30.3,,,,,,,,,,,,,
Garage,Temp & Humidity Sensor,2020/12/03 9:05 PM,44.0,63.0,32.2,41.1,,,30.3,,,,,,,,,,,,,
Garage,Temp & Humidity Sensor,2020/12/03 9:10 PM,43.8,63.0,32.0,40.8,,,30.3,,,,,,,,,,,,,
Garage,Temp & Humidity Sensor,2020/12/03 9:15 PM,43.8,63.0,32.0,40.8,,,30.3,,,,,,,,,,,,,
Garage,Temp & Humidity Sensor,2020/12/03 9:20 PM,43.7,63.0,31.9,40.7,,,30.3,,,,,,,,,,,,,
Garage,Temp & Humidity Sensor,2020/12/03 9:25 PM,43.7,63.0,31.9,40.7,,,30.29,,,,,,,,,,,,,
Garage,Temp & Humidity Sensor,2020/12/03 9:30 PM,43.5,63.0,31.8,40.5,,,30.3,,,,,,,,,,,,,
Garage,Temp & Humidity Sensor,2020/12/03 9:35 PM,43.5,63.0,31.8,40.5,,,30.3,,,,,,,,,,,,,
Garage,Temp & Humidity Sensor,2020/12/03 9:40 PM,43.3,63.0,31.6,40.3,,,30.3,,,,,,,,,,,,,
Garage,Temp & Humidity Sensor,2020/12/03 9:45 PM,43.3,63.0,31.6,40.3,,,30.3,,,,,,,,,,,,,
Garage,Temp & Humidity Sensor,2020/12/03 9:50 PM,43.3,63.0,31.6,40.3,,,30.3,,,,,,,,,,,,,
Garage,Temp & Humidity Sensor,2020/12/03 9:55 PM,43.1,63.0,31.4,40.1,,,30.3,,,,,,,,,,,,,
Garage,Temp & Humidity Sensor,2020/12/03 10:00 PM,43.1,63.0,31.4,40.1,,,30.3,,,,,,,,,,,,,
Garage,Temp & Humidity Sensor,2020/12/03 10:05 PM,42.9,63.0,31.2,39.9,,,30.3,,,,,,,,,,,,,
Garage,Temp & Humidity Sensor,2020/12/03 10:10 PM,42.9,63.0,31.2,39.9,,,30.3,,,,,,,,,,,,,
Garage,Temp & Humidity Sensor,2020/12/03 10:15 PM,42.8,63.0,31.1,39.7,,,30.3,,,,,,,,,,,,,
Garage,Temp & Humidity Sensor,2020/12/03 10:20 PM,42.8,63.0,31.1,39.7,,,30.3,,,,,,,,,,,,,
Garage,Temp & Humidity Sensor,2020/12/03 10:25 PM,42.8,63.0,31.1,39.7,,,30.3,,,,,,,,,,,,,
Garage,Temp & Humidity Sensor,2020/12/03 10:30 PM,42.8,63.0,31.1,39.7,,,30.29,,,,,,,,,,,,,
Garage,Temp & Humidity Sensor,2020/12/03 10:35 PM,42.8,63.0,31.1,39.7,,,30.29,,,,,,,,,,,,,
Garage,Temp & Humidity Sensor,2020/12/03 10:40 PM,42.6,64.0,31.3,39.6,,,30.29,,,,,,,,,,,,,
Garage,Temp & Humidity Sensor,2020/12/03 10:45 PM,42.6,64.0,31.3,39.6,,,30.29,,,,,,,,,,,,,
Garage,Temp & Humidity Sensor,2020/12/03 10:50 PM,42.6,64.0,31.3,39.6,,,30.29,,,,,,,,,,,,,
Garage,Temp & Humidity Sensor,2020/12/03 10:55 PM,42.6,64.0,31.3,39.6,,,30.29,,,,,,,,,,,,,
Garage,Temp & Humidity Sensor,2020/12/03 11:00 PM,42.4,64.0,31.1,39.3,,,30.29,,,,,,,,,,,,,
Garage,Temp & Humidity Sensor,2020/12/03 11:05 PM,42.4,64.0,31.1,39.3,,,30.29,,,,,,,,,,,,,
Garage,Temp & Humidity Sensor,2020/12/03 11:10 PM,42.4,64.0,31.1,39.3,,,30.29,,,,,,,,,,,,,
Garage,Temp & Humidity Sensor,2020/12/03 11:15 PM,42.2,64.0,30.9,39.1,,,30.29,,,,,,,,,,,,,
Garage,Temp & Humidity Sensor,2020/12/03 11:20 PM,42.2,64.0,30.9,39.1,,,30.29,,,,,,,,,,,,,
Garage,Temp & Humidity Sensor,2020/12/03 11:25 PM,42.2,64.0,30.9,39.1,,,30.29,,,,,,,,,,,,,
Garage,Temp & Humidity Sensor,2020/12/03 11:30 PM,42.0,64.0,30.7,38.9,,,30.29,,,,,,,,,,,,,
Garage,Temp & Humidity Sensor,2020/12/03 11:35 PM,42.0,64.0,30.7,38.9,,,30.29,,,,,,,,,,,,,
Garage,Temp & Humidity Sensor,2020/12/03 11:40 PM,42.0,64.0,30.7,38.9,,,30.29,,,,,,,,,,,,,
Garage,Temp & Humidity Sensor,2020/12/03 11:45 PM,42.0,64.0,30.7,38.9,,,30.28,,,,,,,,,,,,,
Garage,Temp & Humidity Sensor,2020/12/03 11:50 PM,42.0,64.0,30.7,38.9,,,30.29,,,,,,,,,,,,,
Garage,Temp & Humidity Sensor,2020/12/03 11:55 PM,42.0,64.0,30.7,38.9,,,30.29,,,,,,,,,,,,,
Garage,Temp & Humidity Sensor,2020/12/04 12:00 AM,42.0,64.0,30.7,38.9,,,30.29,,,,,,,,,,,,,
Garage,Temp & Humidity Sensor,2020/12/04 12:05 AM,42.0,64.0,30.7,38.9,,,30.28,,,,,,,,,,,,,
Garage,Temp & Humidity Sensor,2020/12/04 12:10 AM,41.9,64.0,30.6,38.8,,,30.28,,,,,,,,,,,,,
Garage,Temp & Humidity Sensor,2020/12/04 12:15 AM,42.0,64.0,30.7,38.9,,,30.28,,,,,,,,,,,,,
Garage,Temp & Humidity Sensor,2020/12/04 12:20 AM,42.0,64.0,30.7,38.9,,,30.27,,,,,,,,,,,,,
Garage,Temp & Humidity Sensor,2020/12/04 12:25 AM,41.9,64.0,30.6,38.8,,,30.27,,,,,,,,,,,,,
Garage,Temp & Humidity Sensor,2020/12/04 12:30 AM,41.9,64.0,30.6,38.8,,,30.27,,,,,,,,,,,,,
Garage,Temp & Humidity Sensor,2020/12/04 12:35 AM,41.9,64.0,30.6,38.8,,,30.27,,,,,,,,,,,,,
Garage,Temp & Humidity Sensor,2020/12/04 12:40 AM,41.9,64.0,30.6,38.8,,,30.27,,,,,,,,,,,,,
Garage,Temp & Humidity Sensor,2020/12/04 12:45 AM,41.9,64.0,30.6,38.8,,,30.26,,,,,,,,,,,,,
Garage,Temp & Humidity Sensor,2020/12/04 12:50 AM,41.9,64.0,30.6,38.8,,,30.26,,,,,,,,,,,,,
Garage,Temp & Humidity Sensor,2020/12/04 12:55 AM,41.9,64.0,30.6,38.8,,,30.26,,,,,,,,,,,,,
Garage,Temp & Humidity Sensor,2020/12/04 1:00 AM,41.9,64.0,30.6,38.8,,,30.26,,,,,,,,,,,,,
Garage,Temp & Humidity Sensor,2020/12/04 1:05 AM,41.9,64.0,30.6,38.8,,,30.26,,,,,,,,,,,,,
Garage,Temp & Humidity Sensor,2020/12/04 1:10 AM,41.9,64.0,30.6,38.8,,,30.26,,,,,,,,,,,,,
Garage,Temp & Humidity Sensor,2020/12/04 1:15 AM,41.9,64.0,30.6,38.8,,,30.26,,,,,,,,,,,,,
Garage,Temp & Humidity Sensor,2020/12/04 1:20 AM,41.9,64.0,30.6,38.8,,,30.26,,,,,,,,,,,,,
Garage,Temp & Humidity Sensor,2020/12/04 1:25 AM,41.9,64.0,30.6,38.8,,,30.26,,,,,,,,,,,,,
Garage,Temp & Humidity Sensor,2020/12/04 1:30 AM,41.9,64.0,30.6,38.8,,,30.26,,,,,,,,,,,,,
Garage,Temp & Humidity Sensor,2020/12/04 1:35 AM,41.9,64.0,30.6,38.8,,,30.26,,,,,,,,,,,,,
Garage,Temp & Humidity Sensor,2020/12/04 1:40 AM,41.9,64.0,30.6,38.8,,,30.26,,,,,,,,,,,,,
Garage,Temp & Humidity Sensor,2020/12/04 1:45 AM,41.9,64.0,30.6,38.8,,,30.26,,,,,,,,,,,,,
Garage,Temp & Humidity Sensor,2020/12/04 1:50 AM,41.9,64.0,30.6,38.8,,,30.27,,,,,,,,,,,,,
Garage,Temp & Humidity Sensor,2020/12/04 1:55 AM,41.9,64.0,30.6,38.8,,,30.27,,,,,,,,,,,,,
Garage,Temp & Humidity Sensor,2020/12/04 2:00 AM,41.9,64.0,30.6,38.8,,,30.27,,,,,,,,,,,,,
Garage,Temp & Humidity Sensor,2020/12/04 2:05 AM,41.9,64.0,30.6,38.8,,,30.27,,,,,,,,,,,,,
Garage,Temp & Humidity Sensor,2020/12/04 2:10 AM,41.9,64.0,30.6,38.8,,,30.26,,,,,,,,,,,,,
Garage,Temp & Humidity Sensor,2020/12/04 2:15 AM,41.9,64.0,30.6,38.8,,,30.26,,,,,,,,,,,,,
Garage,Temp & Humidity Sensor,2020/12/04 2:20 AM,41.9,64.0,30.6,38.8,,,30.26,,,,,,,,,,,,,
Garage,Temp & Humidity Sensor,2020/12/04 2:25 AM,41.9,64.0,30.6,38.8,,,30.26,,,,,,,,,,,,,
Garage,Temp & Humidity Sensor,2020/12/04 2:30 AM,41.9,64.0,30.6,38.8,,,30.25,,,,,,,,,,,,,
Garage,Temp & Humidity Sensor,2020/12/04 2:35 AM,41.9,64.0,30.6,38.8,,,30.26,,,,,,,,,,,,,
Garage,Temp & Humidity Sensor,2020/12/04 2:40 AM,41.9,64.0,30.6,38.8,,,30.25,,,,,,,,,,,,,
Garage,Temp & Humidity Sensor,2020/12/04 2:45 AM,42.0,64.0,30.7,38.9,,,30.25,,,,,,,,,,,,,
Garage,Temp & Humidity Sensor,2020/12/04 2:50 AM,42.0,64.0,30.7,38.9,,,30.25,,,,,,,,,,,,,
Garage,Temp & Humidity Sensor,2020/12/04 2:55 AM,42.0,64.0,30.7,38.9,,,30.24,,,,,,,,,,,,,
Garage,Temp & Humidity Sensor,2020/12/04 3:00 AM,42.0,64.0,30.7,38.9,,,30.24,,,,,,,,,,,,,
Garage,Temp & Humidity Sensor,2020/12/04 3:05 AM,42.0,64.0,30.7,38.9,,,30.24,,,,,,,,,,,,,
Garage,Temp & Humidity Sensor,2020/12/04 3:10 AM,42.0,64.0,30.7,38.9,,,30.24,,,,,,,,,,,,,
Garage,Temp & Humidity Sensor,2020/12/04 3:15 AM,42.0,64.0,30.7,38.9,,,30.24,,,,,,,,,,,,,
Garage,Temp & Humidity Sensor,2020/12/04 3:20 AM,42.2,64.0,30.9,39.1,,,30.24,,,,,,,,,,,,,
Garage,Temp & Humidity Sensor,2020/12/04 3:25 AM,42.2,64.0,30.9,39.1,,,30.25,,,,,,,,,,,,,
Garage,Temp & Humidity Sensor,2020/12/04 3:30 AM,42.2,64.0,30.9,39.1,,,30.25,,,,,,,,,,,,,
Garage,Temp & Humidity Sensor,2020/12/04 3:35 AM,42.2,64.0,30.9,39.1,,,30.25,,,,,,,,,,,,,
Garage,Temp & Humidity Sensor,2020/12/04 3:40 AM,42.2,64.0,30.9,39.1,,,30.25,,,,,,,,,,,,,
Garage,Temp & Humidity Sensor,2020/12/04 3:45 AM,42.4,64.0,31.1,39.3,,,30.25,,,,,,,,,,,,,
Garage,Temp & Humidity Sensor,2020/12/04 3:50 AM,42.4,64.0,31.1,39.3,,,30.25,,,,,,,,,,,,,
Garage,Temp & Humidity Sensor,2020/12/04 3:55 AM,42.4,64.0,31.1,39.3,,,30.25,,,,,,,,,,,,,
Garage,Temp & Humidity Sensor,2020/12/04 4:00 AM,42.4,64.0,31.1,39.3,,,30.24,,,,,,,,,,,,,
Garage,Temp & Humidity Sensor,2020/12/04 4:05 AM,42.4,64.0,31.1,39.3,,,30.24,,,,,,,,,,,,,
Garage,Temp & Humidity Sensor,2020/12/04 4:10 AM,42.4,65.0,31.5,39.4,,,30.24,,,,,,,,,,,,,
Garage,Temp & Humidity Sensor,2020/12/04 4:15 AM,42.6,65.0,31.7,39.6,,,30.24,,,,,,,,,,,,,
Garage,Temp & Humidity Sensor,2020/12/04 4:20 AM,42.6,65.0,31.7,39.6,,,30.24,,,,,,,,,,,,,
Garage,Temp & Humidity Sensor,2020/12/04 4:25 AM,42.6,65.0,31.7,39.6,,,30.24,,,,,,,,,,,,,
Garage,Temp & Humidity Sensor,2020/12/04 4:30 AM,42.6,65.0,31.7,39.6,,,30.24,,,,,,,,,,,,,
Garage,Temp & Humidity Sensor,2020/12/04 4:35 AM,42.6,65.0,31.7,39.6,,,30.23,,,,,,,,,,,,,
Garage,Temp & Humidity Sensor,2020/12/04 4:40 AM,42.8,64.0,31.5,39.8,,,30.23,,,,,,,,,,,,,
Garage,Temp & Humidity Sensor,2020/12/04 4:45 AM,42.8,64.0,31.5,39.8,,,30.23,,,,,,,,,,,,,
Garage,Temp & Humidity Sensor,2020/12/04 4:50 AM,42.8,64.0,31.5,39.8,,,30.23,,,,,,,,,,,,,
Garage,Temp & Humidity Sensor,2020/12/04 4:55 AM,42.8,64.0,31.5,39.8,,,30.23,,,,,,,,,,,,,
Garage,Temp & Humidity Sensor,2020/12/04 5:00 AM,42.8,64.0,31.5,39.8,,,30.23,,,,,,,,,,,,,
Garage,Temp & Humidity Sensor,2020/12/04 5:05 AM,42.8,64.0,31.5,39.8,,,30.23,,,,,,,,,,,,,
Garage,Temp & Humidity Sensor,2020/12/04 5:10 AM,42.8,64.0,31.5,39.8,,,30.23,,,,,,,,,,,,,
Garage,Temp & Humidity Sensor,2020/12/04 5:15 AM,42.8,64.0,31.5,39.8,,,30.22,,,,,,,,,,,,,
Garage,Temp & Humidity Sensor,2020/12/04 5:20 AM,42.8,64.0,31.5,39.8,,,30.22,,,,,,,,,,,,,
Garage,Temp & Humidity Sensor,2020/12/04 5:25 AM,42.8,64.0,31.5,39.8,,,30.22,,,,,,,,,,,,,
Garage,Temp & Humidity Sensor,2020/12/04 5:30 AM,42.8,64.0,31.5,39.8,,,30.22,,,,,,,,,,,,,
Garage,Temp & Humidity Sensor,2020/12/04 5:35 AM,42.9,64.0,31.6,39.9,,,30.23,,,,,,,,,,,,,
Garage,Temp & Humidity Sensor,2020/12/04 5:40 AM,42.9,64.0,31.6,39.9,,,30.22,,,,,,,,,,,,,
Garage,Temp & Humidity Sensor,2020/12/04 5:45 AM,42.9,64.0,31.6,39.9,,,30.23,,,,,,,,,,,,,
Garage,Temp & Humidity Sensor,2020/12/04 5:50 AM,42.9,64.0,31.6,39.9,,,30.22,,,,,,,,,,,,,
Garage,Temp & Humidity Sensor,2020/12/04 5:55 AM,43.1,64.0,31.8,40.1,,,30.23,,,,,,,,,,,,,
Garage,Temp & Humidity Sensor,2020/12/04 6:00 AM,43.1,64.0,31.8,40.1,,,30.23,,,,,,,,,,,,,
Garage,Temp & Humidity Sensor,2020/12/04 6:05 AM,43.1,64.0,31.8,40.1,,,30.22,,,,,,,,,,,,,
Garage,Temp & Humidity Sensor,2020/12/04 6:10 AM,43.1,64.0,31.8,40.1,,,30.22,,,,,,,,,,,,,
Garage,Temp & Humidity Sensor,2020/12/04 6:15 AM,43.1,64.0,31.8,40.1,,,30.22,,,,,,,,,,,,,
Garage,Temp & Humidity Sensor,2020/12/04 6:20 AM,43.1,64.0,31.8,40.1,,,30.22,,,,,,,,,,,,,
Garage,Temp & Humidity Sensor,2020/12/04 6:25 AM,43.1,64.0,31.8,40.1,,,30.22,,,,,,,,,,,,,
Garage,Temp & Humidity Sensor,2020/12/04 6:30 AM,43.3,65.0,32.3,40.4,,,30.22,,,,,,,,,,,,,
Garage,Temp & Humidity Sensor,2020/12/04 6:35 AM,43.3,65.0,32.3,40.4,,,30.23,,,,,,,,,,,,,
Garage,Temp & Humidity Sensor,2020/12/04 6:40 AM,43.3,65.0,32.3,40.4,,,30.23,,,,,,,,,,,,,
Garage,Temp & Humidity Sensor,2020/12/04 6:45 AM,43.3,65.0,32.3,40.4,,,30.22,,,,,,,,,,,,,
Garage,Temp & Humidity Sensor,2020/12/04 6:50 AM,43.3,65.0,32.3,40.4,,,30.22,,,,,,,,,,,,,
Garage,Temp & Humidity Sensor,2020/12/04 6:55 AM,43.5,65.0,32.5,40.6,,,30.22,,,,,,,,,,,,,
Garage,Temp & Humidity Sensor,2020/12/04 7:00 AM,43.5,65.0,32.5,40.6,,,30.22,,,,,,,,,,,,,
Garage,Temp & Humidity Sensor,2020/12/04 7:05 AM,43.5,65.0,32.5,40.6,,,30.22,,,,,,,,,,,,,
Garage,Temp & Humidity Sensor,2020/12/04 7:10 AM,43.5,65.0,32.5,40.6,,,30.22,,,,,,,,,,,,,
Garage,Temp & Humidity Sensor,2020/12/04 7:15 AM,43.5,65.0,32.5,40.6,,,30.23,,,,,,,,,,,,,
Garage,Temp & Humidity Sensor,2020/12/04 7:20 AM,43.5,65.0,32.5,40.6,,,30.22,,,,,,,,,,,,,
Garage,Temp & Humidity Sensor,2020/12/04 7:25 AM,43.7,65.0,32.7,40.8,,,30.22,,,,,,,,,,,,,
Garage,Temp & Humidity Sensor,2020/12/04 7:30 AM,43.7,65.0,32.7,40.8,,,30.22,,,,,,,,,,,,,
Garage,Temp & Humidity Sensor,2020/12/04 7:35 AM,43.7,65.0,32.7,40.8,,,30.22,,,,,,,,,,,,,
Garage,Temp & Humidity Sensor,2020/12/04 7:40 AM,43.7,65.0,32.7,40.8,,,30.22,,,,,,,,,,,,,
Garage,Temp & Humidity Sensor,2020/12/04 7:45 AM,43.7,65.0,32.7,40.8,,,30.22,,,,,,,,,,,,,
Garage,Temp & Humidity Sensor,2020/12/04 7:50 AM,43.8,65.0,32.8,40.9,,,30.22,,,,,,,,,,,,,
Garage,Temp & Humidity Sensor,2020/12/04 7:55 AM,43.8,65.0,32.8,40.9,,,30.22,,,,,,,,,,,,,
Garage,Temp & Humidity Sensor,2020/12/04 8:00 AM,43.8,65.0,32.8,40.9,,,30.22,,,,,,,,,,,,,
Garage,Temp & Humidity Sensor,2020/12/04 8:05 AM,43.8,65.0,32.8,40.9,,,30.22,,,,,,,,,,,,,
Garage,Temp & Humidity Sensor,2020/12/04 8:10 AM,44.0,65.0,33.0,41.2,,,30.22,,,,,,,,,,,,,
Garage,Temp & Humidity Sensor,2020/12/04 8:15 AM,44.0,65.0,33.0,41.2,,,30.22,,,,,,,,,,,,,
Garage,Temp & Humidity Sensor,2020/12/04 8:20 AM,44.0,65.0,33.0,41.2,,,30.22,,,,,,,,,,,,,
Garage,Temp & Humidity Sensor,2020/12/04 8:25 AM,44.0,65.0,33.0,41.2,,,30.21,,,,,,,,,,,,,
Garage,Temp & Humidity Sensor,2020/12/04 8:30 AM,44.2,65.0,33.2,41.4,,,30.21,,,,,,,,,,,,,
Garage,Temp & Humidity Sensor,2020/12/04 8:35 AM,44.2,65.0,33.2,41.4,,,30.21,,,,,,,,,,,,,
Garage,Temp & Humidity Sensor,2020/12/04 8:40 AM,44.4,65.0,33.4,41.6,,,30.21,,,,,,,,,,,,,
Garage,Temp & Humidity Sensor,2020/12/04 8:45 AM,44.4,65.0,33.4,41.6,,,30.21,,,,,,,,,,,,,
Garage,Temp & Humidity Sensor,2020/12/04 8:50 AM,44.4,65.0,33.4,41.6,,,30.21,,,,,,,,,,,,,
Garage,Temp & Humidity Sensor,2020/12/04 8:55 AM,44.4,65.0,33.4,41.6,,,30.22,,,,,,,,,,,,,
Garage,Temp & Humidity Sensor,2020/12/04 9:00 AM,44.6,64.0,33.2,41.8,,,30.22,,,,,,,,,,,,,
Garage,Temp & Humidity Sensor,2020/12/04 9:05 AM,44.6,65.0,33.6,41.8,,,30.21,,,,,,,,,,,,,
Garage,Temp & Humidity Sensor,2020/12/04 9:10 AM,44.6,65.0,33.6,41.8,,,30.21,,,,,,,,,,,,,
Garage,Temp & Humidity Sensor,2020/12/04 9:15 AM,44.6,65.0,33.6,41.8,,,30.21,,,,,,,,,,,,,
Garage,Temp & Humidity Sensor,2020/12/04 9:20 AM,44.6,65.0,33.6,41.8,,,30.21,,,,,,,,,,,,,
Garage,Temp & Humidity Sensor,2020/12/04 9:25 AM,44.7,65.0,33.7,41.9,,,30.21,,,,,,,,,,,,,
Garage,Temp & Humidity Sensor,2020/12/04 9:30 AM,44.7,65.0,33.7,41.9,,,30.21,,,,,,,,,,,,,
Garage,Temp & Humidity Sensor,2020/12/04 9:35 AM,44.9,65.0,33.9,42.1,,,30.21,,,,,,,,,,,,,
Garage,Temp & Humidity Sensor,2020/12/04 9:40 AM,44.9,65.0,33.9,42.1,,,30.21,,,,,,,,,,,,,
Garage,Temp & Humidity Sensor,2020/12/04 9:45 AM,45.1,65.0,34.0,42.4,,,30.21,,,,,,,,,,,,,
Garage,Temp & Humidity Sensor,2020/12/04 9:50 AM,45.3,65.0,34.2,42.6,,,30.21,,,,,,,,,,,,,
Garage,Temp & Humidity Sensor,2020/12/04 9:55 AM,45.3,65.0,34.2,42.6,,,30.21,,,,,,,,,,,,,
Garage,Temp & Humidity Sensor,2020/12/04 10:00 AM,45.5,65.0,34.4,42.8,,,30.21,,,,,,,,,,,,,
Garage,Temp & Humidity Sensor,2020/12/04 10:05 AM,45.6,65.0,34.5,42.9,,,30.2,,,,,,,,,,,,,
Garage,Temp & Humidity Sensor,2020/12/04 10:10 AM,45.8,65.0,34.7,43.1,,,30.2,,,,,,,,,,,,,
Garage,Temp & Humidity Sensor,2020/12/04 10:15 AM,45.8,65.0,34.7,43.1,,,30.2,,,,,,,,,,,,,
Garage,Temp & Humidity Sensor,2020/12/04 10:20 AM,46.0,65.0,34.9,43.4,,,30.2,,,,,,,,,,,,,
Garage,Temp & Humidity Sensor,2020/12/04 10:25 AM,46.2,65.0,35.1,43.6,,,30.2,,,,,,,,,,,,,
Garage,Temp & Humidity Sensor,2020/12/04 10:30 AM,46.4,65.0,35.3,43.8,,,30.2,,,,,,,,,,,,,
Garage,Temp & Humidity Sensor,2020/12/04 10:35 AM,46.7,65.0,35.6,44.1,,,30.2,,,,,,,,,,,,,
Garage,Temp & Humidity Sensor,2020/12/04 10:40 AM,46.9,65.0,35.8,44.3,,,30.19,,,,,,,,,,,,,
Garage,Temp & Humidity Sensor,2020/12/04 10:45 AM,47.1,65.0,35.9,44.6,,,30.19,,,,,,,,,,,,,
Garage,Temp & Humidity Sensor,2020/12/04 10:50 AM,47.3,65.0,36.1,44.8,,,30.19,,,,,,,,,,,,,
Garage,Temp & Humidity Sensor,2020/12/04 10:55 AM,47.6,65.0,36.4,45.1,,,30.19,,,,,,,,,,,,,
Garage,Temp & Humidity Sensor,2020/12/04 11:00 AM,47.8,65.0,36.6,45.3,,,30.19,,,,,,,,,,,,,
Garage,Temp & Humidity Sensor,2020/12/04 11:05 AM,48.0,65.0,36.8,45.6,,,30.18,,,,,,,,,,,,,
Garage,Temp & Humidity Sensor,2020/12/04 11:10 AM,48.2,65.0,37.0,45.8,,,30.19,,,,,,,,,,,,,
Garage,Temp & Humidity Sensor,2020/12/04 11:15 AM,48.3,65.0,37.1,45.9,,,30.19,,,,,,,,,,,,,
Garage,Temp & Humidity Sensor,2020/12/04 11:20 AM,48.7,65.0,37.5,46.3,,,30.19,,,,,,,,,,,,,
Garage,Temp & Humidity Sensor,2020/12/04 11:25 AM,48.9,65.0,37.7,46.5,,,30.18,,,,,,,,,,,,,
Garage,Temp & Humidity Sensor,2020/12/04 11:30 AM,49.1,65.0,37.8,46.8,,,30.18,,,,,,,,,,,,,
Garage,Temp & Humidity Sensor,2020/12/04 11:35 AM,49.2,65.0,37.9,46.9,,,30.17,,,,,,,,,,,,,
Garage,Temp & Humidity Sensor,2020/12/04 11:40 AM,49.4,65.0,38.1,47.1,,,30.17,,,,,,,,,,,,,
Garage,Temp & Humidity Sensor,2020/12/04 11:45 AM,49.6,65.0,38.3,47.3,,,30.16,,,,,,,,,,,,,
Garage,Temp & Humidity Sensor,2020/12/04 11:50 AM,49.8,65.0,38.5,47.5,,,30.16,,,,,,,,,,,,,
Garage,Temp & Humidity Sensor,2020/12/04 11:55 AM,50.0,65.0,38.7,47.8,,,30.16,,,,,,,,,,,,,
Garage,Temp & Humidity Sensor,2020/12/04 12:00 PM,50.1,65.0,38.8,47.9,,,30.16,,,,,,,,,,,,,
Garage,Temp & Humidity Sensor,2020/12/04 12:05 PM,50.5,65.0,39.2,48.3,,,30.15,,,,,,,,,,,,,
Garage,Temp & Humidity Sensor,2020/12/04 12:10 PM,50.7,65.0,39.4,48.5,,,30.14,,,,,,,,,,,,,
Garage,Temp & Humidity Sensor,2020/12/04 12:15 PM,50.7,65.0,39.4,48.5,,,30.14,,,,,,,,,,,,,
Garage,Temp & Humidity Sensor,2020/12/04 12:20 PM,51.0,65.0,39.7,48.9,,,30.13,,,,,,,,,,,,,
Garage,Temp & Humidity Sensor,2020/12/04 12:25 PM,51.0,65.0,39.7,48.9,,,30.13,,,,,,,,,,,,,
Garage,Temp & Humidity Sensor,2020/12/04 12:30 PM,51.2,65.0,39.8,49.1,,,30.13,,,,,,,,,,,,,
Garage,Temp & Humidity Sensor,2020/12/04 12:35 PM,51.6,65.0,40.2,49.5,,,30.13,,,,,,,,,,,,,
Garage,Temp & Humidity Sensor,2020/12/04 12:40 PM,51.8,65.0,40.4,49.7,,,30.13,,,,,,,,,,,,,
Garage,Temp & Humidity Sensor,2020/12/04 12:45 PM,51.9,65.0,40.5,49.8,,,30.12,,,,,,,,,,,,,
Garage,Temp & Humidity Sensor,2020/12/04 12:50 PM,52.1,65.0,40.7,50.1,,,30.12,,,,,,,,,,,,,
Garage,Temp & Humidity Sensor,2020/12/04 12:55 PM,52.3,65.0,40.9,50.3,,,30.11,,,,,,,,,,,,,
Garage,Temp & Humidity Sensor,2020/12/04 1:00 PM,52.5,65.0,41.1,50.5,,,30.11,,,,,,,,,,,,,
Garage,Temp & Humidity Sensor,2020/12/04 1:05 PM,52.7,66.0,41.7,50.8,,,30.11,,,,,,,,,,,,,
Garage,Temp & Humidity Sensor,2020/12/04 1:10 PM,52.8,66.0,41.8,50.9,,,30.11,,,,,,,,,,,,,
Garage,Temp & Humidity Sensor,2020/12/04 1:15 PM,53.0,66.0,41.9,51.1,,,30.11,,,,,,,,,,,,,
Garage,Temp & Humidity Sensor,2020/12/04 1:20 PM,53.2,66.0,42.1,51.3,,,30.1,,,,,,,,,,,,,
Garage,Temp & Humidity Sensor,2020/12/04 1:25 PM,53.4,66.0,42.3,51.5,,,30.09,,,,,,,,,,,,,
Garage,Temp & Humidity Sensor,2020/12/04 1:30 PM,53.6,66.0,42.5,51.8,,,30.09,,,,,,,,,,,,,
Garage,Temp & Humidity Sensor,2020/12/04 1:35 PM,53.7,66.0,42.6,51.9,,,30.09,,,,,,,,,,,,,
Garage,Temp & Humidity Sensor,2020/12/04 1:40 PM,53.9,66.0,42.8,52.1,,,30.08,,,,,,,,,,,,,
Garage,Temp & Humidity Sensor,2020/12/04 1:45 PM,54.3,66.0,43.2,52.5,,,30.08,,,,,,,,,,,,,
Garage,Temp & Humidity Sensor,2020/12/04 1:50 PM,54.3,66.0,43.2,52.5,,,30.08,,,,,,,,,,,,,
Garage,Temp & Humidity Sensor,2020/12/04 1:55 PM,54.5,66.0,43.4,52.8,,,30.07,,,,,,,,,,,,,
Garage,Temp & Humidity Sensor,2020/12/04 2:00 PM,54.6,66.0,43.5,52.9,,,30.07,,,,,,,,,,,,,
Garage,Temp & Humidity Sensor,2020/12/04 2:05 PM,54.8,66.0,43.7,53.1,,,30.07,,,,,,,,,,,,,
Garage,Temp & Humidity Sensor,2020/12/04 2:10 PM,55.0,66.0,43.9,53.3,,,30.06,,,,,,,,,,,,,
Garage,Temp & Humidity Sensor,2020/12/04 2:15 PM,55.2,66.0,44.0,53.5,,,30.06,,,,,,,,,,,,,
Garage,Temp & Humidity Sensor,2020/12/04 2:20 PM,55.4,66.0,44.2,53.7,,,30.06,,,,,,,,,,,,,
Garage,Temp & Humidity Sensor,2020/12/04 2:25 PM,55.5,66.0,44.3,53.9,,,30.06,,,,,,,,,,,,,
Garage,Temp & Humidity Sensor,2020/12/04 2:30 PM,55.5,66.0,44.3,53.9,,,30.06,,,,,,,,,,,,,
Garage,Temp & Humidity Sensor,2020/12/04 2:35 PM,55.7,66.0,44.5,54.1,,,30.05,,,,,,,,,,,,,
Garage,Temp & Humidity Sensor,2020/12/04 2:40 PM,55.9,66.0,44.7,54.3,,,30.04,,,,,,,,,,,,,
Garage,Temp & Humidity Sensor,2020/12/04 2:45 PM,56.1,66.0,44.9,54.5,,,30.04,,,,,,,,,,,,,
Garage,Temp & Humidity Sensor,2020/12/04 2:50 PM,56.1,66.0,44.9,54.5,,,30.04,,,,,,,,,,,,,
Garage,Temp & Humidity Sensor,2020/12/04 2:55 PM,56.3,66.0,45.1,54.7,,,30.04,,,,,,,,,,,,,
Garage,Temp & Humidity Sensor,2020/12/04 3:00 PM,56.4,66.0,45.2,54.8,,,30.04,,,,,,,,,,,,,
Garage,Temp & Humidity Sensor,2020/12/04 3:05 PM,56.4,66.0,45.2,54.8,,,30.04,,,,,,,,,,,,,
Garage,Temp & Humidity Sensor,2020/12/04 3:10 PM,56.6,66.0,45.4,55.1,,,30.04,,,,,,,,,,,,,
Garage,Temp & Humidity Sensor,2020/12/04 3:15 PM,56.6,66.0,45.4,55.1,,,30.04,,,,,,,,,,,,,
Garage,Temp & Humidity Sensor,2020/12/04 3:20 PM,56.6,66.0,45.4,55.1,,,30.03,,,,,,,,,,,,,
Garage,Temp & Humidity Sensor,2020/12/04 3:25 PM,56.8,67.0,46.0,55.3,,,30.02,,,,,,,,,,,,,
Garage,Temp & Humidity Sensor,2020/12/04 3:30 PM,56.8,67.0,46.0,55.3,,,30.02,,,,,,,,,,,,,
Garage,Temp & Humidity Sensor,2020/12/04 3:35 PM,56.8,66.0,45.6,55.3,,,30.02,,,,,,,,,,,,,
Garage,Temp & Humidity Sensor,2020/12/04 3:40 PM,56.8,67.0,46.0,55.3,,,30.02,,,,,,,,,,,,,
Garage,Temp & Humidity Sensor,2020/12/04 3:45 PM,57.0,67.0,46.2,55.5,,,30.02,,,,,,,,,,,,,
Garage,Temp & Humidity Sensor,2020/12/04 3:50 PM,57.0,66.0,45.8,55.5,,,30.02,,,,,,,,,,,,,
Garage,Temp & Humidity Sensor,2020/12/04 3:55 PM,57.0,66.0,45.8,55.5,,,30.01,,,,,,,,,,,,,
Garage,Temp & Humidity Sensor,2020/12/04 4:00 PM,57.0,66.0,45.8,55.5,,,30.02,,,,,,,,,,,,,
Garage,Temp & Humidity Sensor,2020/12/04 4:05 PM,57.0,66.0,45.8,55.5,,,30.02,,,,,,,,,,,,,
Garage,Temp & Humidity Sensor,2020/12/04 4:10 PM,57.0,66.0,45.8,55.5,,,30.02,,,,,,,,,,,,,
Garage,Temp & Humidity Sensor,2020/12/04 4:20 PM,57.2,66.0,45.9,55.7,,,30.02,,,,,,,,,,,,,
Garage,Temp & Humidity Sensor,2020/12/04 4:25 PM,57.2,66.0,45.9,55.7,,,30.01,,,,,,,,,,,,,
Garage,Temp & Humidity Sensor,2020/12/04 4:30 PM,57.2,66.0,45.9,55.7,,,30.0,,,,,,,,,,,,,
Garage,Temp & Humidity Sensor,2020/12/04 4:35 PM,57.2,66.0,45.9,55.7,,,30.01,,,,,,,,,,,,,
Garage,Temp & Humidity Sensor,2020/12/04 4:40 PM,57.2,66.0,45.9,55.7,,,30.0,,,,,,,,,,,,,
Garage,Temp & Humidity Sensor,2020/12/04 4:45 PM,57.0,66.0,45.8,55.5,,,30.0,,,,,,,,,,,,,
Garage,Temp & Humidity Sensor,2020/12/04 4:50 PM,57.0,66.0,45.8,55.5,,,29.99,,,,,,,,,,,,,
Garage,Temp & Humidity Sensor,2020/12/04 4:55 PM,57.0,66.0,45.8,55.5,,,29.99,,,,,,,,,,,,,
Garage,Temp & Humidity Sensor,2020/12/04 5:00 PM,57.0,66.0,45.8,55.5,,,29.99,,,,,,,,,,,,,
Garage,Temp & Humidity Sensor,2020/12/04 5:05 PM,57.0,66.0,45.8,55.5,,,29.99,,,,,,,,,,,,,
Garage,Temp & Humidity Sensor,2020/12/04 5:10 PM,57.0,66.0,45.8,55.5,,,29.99,,,,,,,,,,,,,
Garage,Temp & Humidity Sensor,2020/12/04 5:15 PM,57.0,66.0,45.8,55.5,,,29.98,,,,,,,,,,,,,
Garage,Temp & Humidity Sensor,2020/12/04 5:20 PM,56.8,66.0,45.6,55.3,,,29.98,,,,,,,,,,,,,
Garage,Temp & Humidity Sensor,2020/12/04 5:25 PM,56.8,66.0,45.6,55.3,,,29.98,,,,,,,,,,,,,
Garage,Temp & Humidity Sensor,2020/12/04 5:30 PM,56.8,66.0,45.6,55.3,,,29.97,,,,,,,,,,,,,
Garage,Temp & Humidity Sensor,2020/12/04 5:35 PM,56.8,66.0,45.6,55.3,,,29.97,,,,,,,,,,,,,
Garage,Temp & Humidity Sensor,2020/12/04 5:40 PM,56.8,66.0,45.6,55.3,,,29.97,,,,,,,,,,,,,
Garage,Temp & Humidity Sensor,2020/12/04 5:45 PM,56.8,66.0,45.6,55.3,,,29.97,,,,,,,,,,,,,
Garage,Temp & Humidity Sensor,2020/12/04 5:50 PM,56.6,66.0,45.4,55.1,,,29.96,,,,,,,,,,,,,
Garage,Temp & Humidity Sensor,2020/12/04 5:55 PM,56.6,66.0,45.4,55.1,,,29.96,,,,,,,,,,,,,
Garage,Temp & Humidity Sensor,2020/12/04 6:00 PM,56.6,66.0,45.4,55.1,,,29.95,,,,,,,,,,,,,
Garage,Temp & Humidity Sensor,2020/12/04 6:05 PM,56.6,66.0,45.4,55.1,,,29.95,,,,,,,,,,,,,
Garage,Temp & Humidity Sensor,2020/12/04 6:10 PM,56.6,66.0,45.4,55.1,,,29.95,,,,,,,,,,,,,
Garage,Temp & Humidity Sensor,2020/12/04 6:15 PM,56.6,66.0,45.4,55.1,,,29.95,,,,,,,,,,,,,
Garage,Temp & Humidity Sensor,2020/12/04 6:20 PM,56.4,66.0,45.2,54.8,,,29.95,,,,,,,,,,,,,
Garage,Temp & Humidity Sensor,2020/12/04 6:25 PM,56.4,66.0,45.2,54.8,,,29.94,,,,,,,,,,,,,
Garage,Temp & Humidity Sensor,2020/12/04 6:30 PM,56.4,66.0,45.2,54.8,,,29.93,,,,,,,,,,,,,
Garage,Temp & Humidity Sensor,2020/12/04 6:35 PM,56.4,66.0,45.2,54.8,,,29.93,,,,,,,,,,,,,
Garage,Temp & Humidity Sensor,2020/12/04 6:45 PM,56.4,66.0,45.2,54.8,,,29.93,,,,,,,,,,,,,
Garage,Temp & Humidity Sensor,2020/12/04 6:50 PM,56.3,66.0,45.1,54.7,,,29.92,,,,,,,,,,,,,
Garage,Temp & Humidity Sensor,2020/12/04 6:55 PM,56.3,66.0,45.1,54.7,,,29.92,,,,,,,,,,,,,
Garage,Temp & Humidity Sensor,2020/12/04 7:00 PM,56.3,66.0,45.1,54.7,,,29.92,,,,,,,,,,,,,
Garage,Temp & Humidity Sensor,2020/12/04 7:05 PM,56.3,66.0,45.1,54.7,,,29.92,,,,,,,,,,,,,
Garage,Temp & Humidity Sensor,2020/12/04 7:10 PM,56.3,66.0,45.1,54.7,,,29.92,,,,,,,,,,,,,
Garage,Temp & Humidity Sensor,2020/12/04 7:15 PM,56.3,66.0,45.1,54.7,,,29.91,,,,,,,,,,,,,
Garage,Temp & Humidity Sensor,2020/12/04 7:20 PM,56.3,66.0,45.1,54.7,,,29.89,,,,,,,,,,,,,
Garage,Temp & Humidity Sensor,2020/12/04 7:25 PM,56.3,66.0,45.1,54.7,,,29.89,,,,,,,,,,,,,
Garage,Temp & Humidity Sensor,2020/12/04 7:30 PM,56.3,66.0,45.1,54.7,,,29.88,,,,,,,,,,,,,
Garage,Temp & Humidity Sensor,2020/12/04 7:35 PM,56.1,66.0,44.9,54.5,,,29.89,,,,,,,,,,,,,
Garage,Temp & Humidity Sensor,2020/12/04 7:40 PM,56.1,66.0,44.9,54.5,,,29.87,,,,,,,,,,,,,
Garage,Temp & Humidity Sensor,2020/12/04 7:45 PM,56.1,66.0,44.9,54.5,,,29.87,,,,,,,,,,,,,
Garage,Temp & Humidity Sensor,2020/12/04 7:50 PM,56.1,66.0,44.9,54.5,,,29.88,,,,,,,,,,,,,
Garage,Temp & Humidity Sensor,2020/12/04 7:55 PM,56.1,66.0,44.9,54.5,,,29.87,,,,,,,,,,,,,
Garage,Temp & Humidity Sensor,2020/12/04 8:00 PM,56.1,66.0,44.9,54.5,,,29.87,,,,,,,,,,,,,
Garage,Temp & Humidity Sensor,2020/12/04 8:05 PM,55.9,66.0,44.7,54.3,,,29.86,,,,,,,,,,,,,
Garage,Temp & Humidity Sensor,2020/12/04 8:10 PM,55.9,66.0,44.7,54.3,,,29.85,,,,,,,,,,,,,
Garage,Temp & Humidity Sensor,2020/12/04 8:15 PM,55.9,66.0,44.7,54.3,,,29.84,,,,,,,,,,,,,
Garage,Temp & Humidity Sensor,2020/12/04 8:20 PM,55.9,66.0,44.7,54.3,,,29.84,,,,,,,,,,,,,
Garage,Temp & Humidity Sensor,2020/12/04 8:25 PM,55.9,66.0,44.7,54.3,,,29.84,,,,,,,,,,,,,
Garage,Temp & Humidity Sensor,2020/12/04 8:30 PM,55.9,66.0,44.7,54.3,,,29.83,,,,,,,,,,,,,
Garage,Temp & Humidity Sensor,2020/12/04 8:35 PM,55.9,66.0,44.7,54.3,,,29.83,,,,,,,,,,,,,
Garage,Temp & Humidity Sensor,2020/12/04 8:40 PM,55.9,66.0,44.7,54.3,,,29.82,,,,,,,,,,,,,
Garage,Temp & Humidity Sensor,2020/12/04 8:45 PM,55.9,67.0,45.1,54.3,,,29.81,,,,,,,,,,,,,
Garage,Temp & Humidity Sensor,2020/12/04 8:50 PM,55.9,67.0,45.1,54.3,,,29.81,,,,,,,,,,,,,
Garage,Temp & Humidity Sensor,2020/12/04 8:55 PM,55.9,67.0,45.1,54.3,,,29.81,,,,,,,,,,,,,
Garage,Temp & Humidity Sensor,2020/12/04 9:00 PM,55.9,67.0,45.1,54.3,,,29.8,,,,,,,,,,,,,
Garage,Temp & Humidity Sensor,2020/12/04 9:05 PM,55.9,67.0,45.1,54.3,,,29.8,,,,,,,,,,,,,
Garage,Temp & Humidity Sensor,2020/12/04 9:10 PM,55.9,67.0,45.1,54.3,,,29.8,,,,,,,,,,,,,
Garage,Temp & Humidity Sensor,2020/12/04 9:15 PM,55.9,67.0,45.1,54.3,,,29.8,,,,,,,,,,,,,
Garage,Temp & Humidity Sensor,2020/12/04 9:20 PM,55.9,67.0,45.1,54.3,,,29.8,,,,,,,,,,,,,
Garage,Temp & Humidity Sensor,2020/12/04 9:25 PM,55.9,67.0,45.1,54.3,,,29.79,,,,,,,,,,,,,
Garage,Temp & Humidity Sensor,2020/12/04 9:30 PM,55.9,67.0,45.1,54.3,,,29.79,,,,,,,,,,,,,
Garage,Temp & Humidity Sensor,2020/12/04 9:35 PM,55.9,68.0,45.5,54.4,,,29.78,,,,,,,,,,,,,
Garage,Temp & Humidity Sensor,2020/12/04 9:40 PM,55.9,68.0,45.5,54.4,,,29.77,,,,,,,,,,,,,
Garage,Temp & Humidity Sensor,2020/12/04 9:45 PM,55.9,68.0,45.5,54.4,,,29.77,,,,,,,,,,,,,
Garage,Temp & Humidity Sensor,2020/12/04 9:50 PM,55.9,68.0,45.5,54.4,,,29.77,,,,,,,,,,,,,
Garage,Temp & Humidity Sensor,2020/12/04 9:55 PM,55.9,68.0,45.5,54.4,,,29.77,,,,,,,,,,,,,
Garage,Temp & Humidity Sensor,2020/12/04 10:00 PM,55.9,68.0,45.5,54.4,,,29.76,,,,,,,,,,,,,
Garage,Temp & Humidity Sensor,2020/12/04 10:05 PM,55.9,68.0,45.5,54.4,,,29.75,,,,,,,,,,,,,
Garage,Temp & Humidity Sensor,2020/12/04 10:10 PM,56.1,68.0,45.7,54.6,,,29.74,,,,,,,,,,,,,
Garage,Temp & Humidity Sensor,2020/12/04 10:15 PM,55.9,68.0,45.5,54.4,,,29.74,,,,,,,,,,,,,
Garage,Temp & Humidity Sensor,2020/12/04 10:20 PM,56.1,68.0,45.7,54.6,,,29.74,,,,,,,,,,,,,
Garage,Temp & Humidity Sensor,2020/12/04 10:25 PM,56.1,68.0,45.7,54.6,,,29.73,,,,,,,,,,,,,
Garage,Temp & Humidity Sensor,2020/12/04 10:30 PM,56.1,68.0,45.7,54.6,,,29.73,,,,,,,,,,,,,
Garage,Temp & Humidity Sensor,2020/12/04 10:35 PM,56.1,68.0,45.7,54.6,,,29.72,,,,,,,,,,,,,
Garage,Temp & Humidity Sensor,2020/12/04 10:40 PM,56.1,68.0,45.7,54.6,,,29.72,,,,,,,,,,,,,
Garage,Temp & Humidity Sensor,2020/12/04 10:45 PM,56.1,68.0,45.7,54.6,,,29.71,,,,,,,,,,,,,
Garage,Temp & Humidity Sensor,2020/12/04 10:50 PM,56.1,68.0,45.7,54.6,,,29.71,,,,,,,,,,,,,
Garage,Temp & Humidity Sensor,2020/12/04 10:55 PM,56.1,68.0,45.7,54.6,,,29.71,,,,,,,,,,,,,
Garage,Temp & Humidity Sensor,2020/12/04 11:00 PM,56.1,68.0,45.7,54.6,,,29.7,,,,,,,,,,,,,
Garage,Temp & Humidity Sensor,2020/12/04 11:05 PM,56.1,68.0,45.7,54.6,,,29.69,,,,,,,,,,,,,
Garage,Temp & Humidity Sensor,2020/12/04 11:10 PM,56.3,68.0,45.9,54.8,,,29.69,,,,,,,,,,,,,
Garage,Temp & Humidity Sensor,2020/12/04 11:15 PM,56.3,68.0,45.9,54.8,,,29.73,,,,,,,,,,,,,
Garage,Temp & Humidity Sensor,2020/12/04 11:20 PM,56.3,68.0,45.9,54.8,,,29.73,,,,,,,,,,,,,
Garage,Temp & Humidity Sensor,2020/12/04 11:25 PM,56.3,68.0,45.9,54.8,,,29.74,,,,,,,,,,,,,
Garage,Temp & Humidity Sensor,2020/12/04 11:30 PM,56.3,69.0,46.3,54.9,,,29.74,,,,,,,,,,,,,
Garage,Temp & Humidity Sensor,2020/12/04 11:35 PM,56.3,69.0,46.3,54.9,,,29.74,,,,,,,,,,,,,
Garage,Temp & Humidity Sensor,2020/12/04 11:40 PM,56.3,68.0,45.9,54.8,,,29.72,,,,,,,,,,,,,
Garage,Temp & Humidity Sensor,2020/12/04 11:45 PM,56.3,68.0,45.9,54.8,,,29.72,,,,,,,,,,,,,
Garage,Temp & Humidity Sensor,2020/12/04 11:50 PM,56.3,68.0,45.9,54.8,,,29.71,,,,,,,,,,,,,
Garage,Temp & Humidity Sensor,2020/12/04 11:55 PM,56.3,68.0,45.9,54.8,,,29.7,,,,,,,,,,,,,
Garage,Temp & Humidity Sensor,2020/12/05 12:00 AM,56.3,68.0,45.9,54.8,,,29.71,,,,,,,,,,,,,
Garage,Temp & Humidity Sensor,2020/12/05 12:05 AM,56.3,68.0,45.9,54.8,,,29.72,,,,,,,,,,,,,
Garage,Temp & Humidity Sensor,2020/12/05 12:10 AM,56.3,68.0,45.9,54.8,,,29.72,,,,,,,,,,,,,
Garage,Temp & Humidity Sensor,2020/12/05 12:15 AM,56.3,68.0,45.9,54.8,,,29.72,,,,,,,,,,,,,
Garage,Temp & Humidity Sensor,2020/12/05 12:20 AM,56.3,68.0,45.9,54.8,,,29.72,,,,,,,,,,,,,
Garage,Temp & Humidity Sensor,2020/12/05 12:25 AM,56.3,68.0,45.9,54.8,,,29.73,,,,,,,,,,,,,
Garage,Temp & Humidity Sensor,2020/12/05 12:30 AM,56.1,68.0,45.7,54.6,,,29.72,,,,,,,,,,,,,
Garage,Temp & Humidity Sensor,2020/12/05 12:35 AM,56.1,68.0,45.7,54.6,,,29.72,,,,,,,,,,,,,
Garage,Temp & Humidity Sensor,2020/12/05 12:40 AM,56.1,68.0,45.7,54.6,,,29.71,,,,,,,,,,,,,
Garage,Temp & Humidity Sensor,2020/12/05 12:45 AM,56.1,68.0,45.7,54.6,,,29.72,,,,,,,,,,,,,
Garage,Temp & Humidity Sensor,2020/12/05 12:50 AM,55.9,68.0,45.5,54.4,,,29.72,,,,,,,,,,,,,
Garage,Temp & Humidity Sensor,2020/12/05 12:55 AM,55.9,68.0,45.5,54.4,,,29.73,,,,,,,,,,,,,
Garage,Temp & Humidity Sensor,2020/12/05 1:00 AM,55.9,68.0,45.5,54.4,,,29.73,,,,,,,,,,,,,
Garage,Temp & Humidity Sensor,2020/12/05 1:05 AM,55.9,68.0,45.5,54.4,,,29.74,,,,,,,,,,,,,
Garage,Temp & Humidity Sensor,2020/12/05 1:10 AM,55.7,68.0,45.3,54.2,,,29.74,,,,,,,,,,,,,
Garage,Temp & Humidity Sensor,2020/12/05 1:15 AM,55.7,68.0,45.3,54.2,,,29.75,,,,,,,,,,,,,
Garage,Temp & Humidity Sensor,2020/12/05 1:20 AM,55.7,68.0,45.3,54.2,,,29.76,,,,,,,,,,,,,
Garage,Temp & Humidity Sensor,2020/12/05 1:25 AM,55.7,68.0,45.3,54.2,,,29.76,,,,,,,,,,,,,
Garage,Temp & Humidity Sensor,2020/12/05 1:30 AM,55.7,68.0,45.3,54.2,,,29.76,,,,,,,,,,,,,
Garage,Temp & Humidity Sensor,2020/12/05 1:35 AM,55.5,68.0,45.1,53.9,,,29.76,,,,,,,,,,,,,
Garage,Temp & Humidity Sensor,2020/12/05 1:40 AM,55.5,68.0,45.1,53.9,,,29.77,,,,,,,,,,,,,
Garage,Temp & Humidity Sensor,2020/12/05 1:45 AM,55.5,68.0,45.1,53.9,,,29.77,,,,,,,,,,,,,
Garage,Temp & Humidity Sensor,2020/12/05 1:50 AM,55.5,68.0,45.1,53.9,,,29.77,,,,,,,,,,,,,
Garage,Temp & Humidity Sensor,2020/12/05 1:55 AM,55.4,68.0,45.0,53.8,,,29.78,,,,,,,,,,,,,
Garage,Temp & Humidity Sensor,2020/12/05 2:00 AM,55.4,68.0,45.0,53.8,,,29.78,,,,,,,,,,,,,
Garage,Temp & Humidity Sensor,2020/12/05 2:05 AM,55.4,68.0,45.0,53.8,,,29.79,,,,,,,,,,,,,
Garage,Temp & Humidity Sensor,2020/12/05 2:10 AM,55.2,69.0,45.2,53.7,,,29.79,,,,,,,,,,,,,
Garage,Temp & Humidity Sensor,2020/12/05 2:15 AM,55.2,69.0,45.2,53.7,,,29.79,,,,,,,,,,,,,
Garage,Temp & Humidity Sensor,2020/12/05 2:20 AM,55.2,69.0,45.2,53.7,,,29.79,,,,,,,,,,,,,
Garage,Temp & Humidity Sensor,2020/12/05 2:25 AM,55.0,69.0,45.0,53.4,,,29.79,,,,,,,,,,,,,
Garage,Temp & Humidity Sensor,2020/12/05 2:30 AM,55.0,69.0,45.0,53.4,,,29.79,,,,,,,,,,,,,
Garage,Temp & Humidity Sensor,2020/12/05 2:35 AM,54.8,69.0,44.8,53.2,,,29.8,,,,,,,,,,,,,
Garage,Temp & Humidity Sensor,2020/12/05 2:40 AM,54.8,69.0,44.8,53.2,,,29.8,,,,,,,,,,,,,
Garage,Temp & Humidity Sensor,2020/12/05 2:45 AM,54.6,69.0,44.6,53.0,,,29.81,,,,,,,,,,,,,
Garage,Temp & Humidity Sensor,2020/12/05 2:50 AM,54.6,69.0,44.6,53.0,,,29.81,,,,,,,,,,,,,
Garage,Temp & Humidity Sensor,2020/12/05 2:55 AM,54.5,69.0,44.5,52.9,,,29.81,,,,,,,,,,,,,
Garage,Temp & Humidity Sensor,2020/12/05 3:00 AM,54.5,69.0,44.5,52.9,,,29.82,,,,,,,,,,,,,
Garage,Temp & Humidity Sensor,2020/12/05 3:05 AM,54.3,69.0,44.3,52.7,,,29.82,,,,,,,,,,,,,
Garage,Temp & Humidity Sensor,2020/12/05 3:10 AM,54.3,69.0,44.3,52.7,,,29.83,,,,,,,,,,,,,
Garage,Temp & Humidity Sensor,2020/12/05 3:15 AM,54.1,69.0,44.2,52.5,,,29.83,,,,,,,,,,,,,
Garage,Temp & Humidity Sensor,2020/12/05 3:20 AM,53.9,69.0,44.0,52.2,,,29.83,,,,,,,,,,,,,
Garage,Temp & Humidity Sensor,2020/12/05 3:25 AM,53.9,69.0,44.0,52.2,,,29.84,,,,,,,,,,,,,
Garage,Temp & Humidity Sensor,2020/12/05 3:30 AM,53.7,69.0,43.8,52.0,,,29.84,,,,,,,,,,,,,
Garage,Temp & Humidity Sensor,2020/12/05 3:35 AM,53.7,69.0,43.8,52.0,,,29.84,,,,,,,,,,,,,
Garage,Temp & Humidity Sensor,2020/12/05 3:40 AM,53.6,69.0,43.7,51.9,,,29.85,,,,,,,,,,,,,
Garage,Temp & Humidity Sensor,2020/12/05 3:45 AM,53.6,69.0,43.7,51.9,,,29.85,,,,,,,,,,,,,
Garage,Temp & Humidity Sensor,2020/12/05 3:50 AM,53.4,70.0,43.9,51.7,,,29.85,,,,,,,,,,,,,
Garage,Temp & Humidity Sensor,2020/12/05 3:55 AM,53.4,70.0,43.9,51.7,,,29.85,,,,,,,,,,,,,
Garage,Temp & Humidity Sensor,2020/12/05 4:00 AM,53.2,70.0,43.7,51.5,,,29.85,,,,,,,,,,,,,
Garage,Temp & Humidity Sensor,2020/12/05 4:05 AM,53.2,70.0,43.7,51.5,,,29.85,,,,,,,,,,,,,
Garage,Temp & Humidity Sensor,2020/12/05 4:10 AM,53.0,69.0,43.1,51.2,,,29.85,,,,,,,,,,,,,
Garage,Temp & Humidity Sensor,2020/12/05 4:15 AM,53.0,69.0,43.1,51.2,,,29.86,,,,,,,,,,,,,
Garage,Temp & Humidity Sensor,2020/12/05 4:20 AM,52.8,69.0,42.9,51.0,,,29.86,,,,,,,,,,,,,
Garage,Temp & Humidity Sensor,2020/12/05 4:25 AM,52.8,69.0,42.9,51.0,,,29.86,,,,,,,,,,,,,
Garage,Temp & Humidity Sensor,2020/12/05 4:30 AM,52.7,69.0,42.8,50.9,,,29.87,,,,,,,,,,,,,
Garage,Temp & Humidity Sensor,2020/12/05 4:35 AM,52.7,69.0,42.8,50.9,,,29.87,,,,,,,,,,,,,
Garage,Temp & Humidity Sensor,2020/12/05 4:40 AM,52.5,69.0,42.6,50.7,,,29.87,,,,,,,,,,,,,
Garage,Temp & Humidity Sensor,2020/12/05 4:45 AM,52.5,69.0,42.6,50.7,,,29.87,,,,,,,,,,,,,
Garage,Temp & Humidity Sensor,2020/12/05 4:50 AM,52.3,69.0,42.4,50.5,,,29.88,,,,,,,,,,,,,
Garage,Temp & Humidity Sensor,2020/12/05 4:55 AM,52.3,69.0,42.4,50.5,,,29.87,,,,,,,,,,,,,
Garage,Temp & Humidity Sensor,2020/12/05 5:00 AM,52.1,69.0,42.2,50.3,,,29.88,,,,,,,,,,,,,
Garage,Temp & Humidity Sensor,2020/12/05 5:05 AM,52.1,69.0,42.2,50.3,,,29.88,,,,,,,,,,,,,
Garage,Temp & Humidity Sensor,2020/12/05 5:10 AM,51.9,69.0,42.1,50.0,,,29.88,,,,,,,,,,,,,
Garage,Temp & Humidity Sensor,2020/12/05 5:15 AM,51.9,69.0,42.1,50.0,,,29.88,,,,,,,,,,,,,
Garage,Temp & Humidity Sensor,2020/12/05 5:20 AM,51.9,69.0,42.1,50.0,,,29.89,,,,,,,,,,,,,
Garage,Temp & Humidity Sensor,2020/12/05 5:25 AM,51.8,69.0,42.0,49.9,,,29.89,,,,,,,,,,,,,
Garage,Temp & Humidity Sensor,2020/12/05 5:30 AM,51.8,69.0,42.0,49.9,,,29.89,,,,,,,,,,,,,
Garage,Temp & Humidity Sensor,2020/12/05 5:35 AM,51.6,70.0,42.1,49.8,,,29.9,,,,,,,,,,,,,
Garage,Temp & Humidity Sensor,2020/12/05 5:40 AM,51.6,70.0,42.1,49.8,,,29.9,,,,,,,,,,,,,
Garage,Temp & Humidity Sensor,2020/12/05 5:45 AM,51.4,70.0,41.9,49.5,,,29.9,,,,,,,,,,,,,
Garage,Temp & Humidity Sensor,2020/12/05 5:50 AM,51.4,70.0,41.9,49.5,,,29.91,,,,,,,,,,,,,
Garage,Temp & Humidity Sensor,2020/12/05 5:55 AM,51.2,70.0,41.8,49.3,,,29.91,,,,,,,,,,,,,
Garage,Temp & Humidity Sensor,2020/12/05 6:00 AM,51.2,70.0,41.8,49.3,,,29.91,,,,,,,,,,,,,
Garage,Temp & Humidity Sensor,2020/12/05 6:05 AM,51.0,70.0,41.6,49.1,,,29.91,,,,,,,,,,,,,
Garage,Temp & Humidity Sensor,2020/12/05 6:10 AM,51.0,70.0,41.6,49.1,,,29.92,,,,,,,,,,,,,
Garage,Temp & Humidity Sensor,2020/12/05 6:15 AM,50.9,70.0,41.5,49.0,,,29.92,,,,,,,,,,,,,
Garage,Temp & Humidity Sensor,2020/12/05 6:20 AM,50.9,70.0,41.5,49.0,,,29.93,,,,,,,,,,,,,
Garage,Temp & Humidity Sensor,2020/12/05 6:25 AM,50.7,70.0,41.3,48.8,,,29.92,,,,,,,,,,,,,
Garage,Temp & Humidity Sensor,2020/12/05 6:30 AM,50.7,70.0,41.3,48.8,,,29.92,,,,,,,,,,,,,
Garage,Temp & Humidity Sensor,2020/12/05 6:35 AM,50.5,70.0,41.1,48.5,,,29.92,,,,,,,,,,,,,
Garage,Temp & Humidity Sensor,2020/12/05 6:40 AM,50.5,70.0,41.1,48.5,,,29.93,,,,,,,,,,,,,
Garage,Temp & Humidity Sensor,2020/12/05 6:45 AM,50.3,70.0,40.9,48.3,,,29.93,,,,,,,,,,,,,
Garage,Temp & Humidity Sensor,2020/12/05 6:50 AM,50.3,70.0,40.9,48.3,,,29.93,,,,,,,,,,,,,
Garage,Temp & Humidity Sensor,2020/12/05 6:55 AM,50.1,70.0,40.7,48.1,,,29.93,,,,,,,,,,,,,
Garage,Temp & Humidity Sensor,2020/12/05 7:00 AM,50.1,70.0,40.7,48.1,,,29.93,,,,,,,,,,,,,
Garage,Temp & Humidity Sensor,2020/12/05 7:05 AM,50.1,70.0,40.7,48.1,,,29.94,,,,,,,,,,,,,
Garage,Temp & Humidity Sensor,2020/12/05 7:10 AM,50.0,70.0,40.6,48.0,,,29.94,,,,,,,,,,,,,
Garage,Temp & Humidity Sensor,2020/12/05 7:15 AM,50.0,70.0,40.6,48.0,,,29.94,,,,,,,,,,,,,
Garage,Temp & Humidity Sensor,2020/12/05 7:20 AM,49.8,70.0,40.4,47.8,,,29.94,,,,,,,,,,,,,
Garage,Temp & Humidity Sensor,2020/12/05 7:25 AM,49.8,70.0,40.4,47.8,,,29.94,,,,,,,,,,,,,
Garage,Temp & Humidity Sensor,2020/12/05 7:30 AM,49.8,70.0,40.4,47.8,,,29.94,,,,,,,,,,,,,
Garage,Temp & Humidity Sensor,2020/12/05 7:35 AM,49.6,70.0,40.2,47.5,,,29.94,,,,,,,,,,,,,
Garage,Temp & Humidity Sensor,2020/12/05 7:40 AM,49.6,70.0,40.2,47.5,,,29.94,,,,,,,,,,,,,
Garage,Temp & Humidity Sensor,2020/12/05 7:45 AM,49.6,70.0,40.2,47.5,,,29.94,,,,,,,,,,,,,
Garage,Temp & Humidity Sensor,2020/12/05 7:50 AM,49.4,70.0,40.0,47.3,,,29.94,,,,,,,,,,,,,
Garage,Temp & Humidity Sensor,2020/12/05 7:55 AM,49.4,70.0,40.0,47.3,,,29.94,,,,,,,,,,,,,
Garage,Temp & Humidity Sensor,2020/12/05 8:00 AM,49.4,70.0,40.0,47.3,,,29.95,,,,,,,,,,,,,
Garage,Temp & Humidity Sensor,2020/12/05 8:05 AM,49.4,70.0,40.0,47.3,,,29.95,,,,,,,,,,,,,
Garage,Temp & Humidity Sensor,2020/12/05 8:10 AM,49.2,70.0,39.8,47.1,,,29.96,,,,,,,,,,,,,
Garage,Temp & Humidity Sensor,2020/12/05 8:15 AM,49.2,70.0,39.8,47.1,,,29.96,,,,,,,,,,,,,
Garage,Temp & Humidity Sensor,2020/12/05 8:20 AM,49.2,70.0,39.8,47.1,,,29.96,,,,,,,,,,,,,
Garage,Temp & Humidity Sensor,2020/12/05 8:25 AM,49.2,70.0,39.8,47.1,,,29.96,,,,,,,,,,,,,
Garage,Temp & Humidity Sensor,2020/12/05 8:30 AM,49.2,70.0,39.8,47.1,,,29.97,,,,,,,,,,,,,
Garage,Temp & Humidity Sensor,2020/12/05 8:35 AM,49.2,70.0,39.8,47.1,,,29.97,,,,,,,,,,,,,
Garage,Temp & Humidity Sensor,2020/12/05 8:40 AM,49.2,70.0,39.8,47.1,,,29.98,,,,,,,,,,,,,
Garage,Temp & Humidity Sensor,2020/12/05 8:45 AM,49.2,70.0,39.8,47.1,,,29.98,,,,,,,,,,,,,
Garage,Temp & Humidity Sensor,2020/12/05 8:50 AM,49.2,70.0,39.8,47.1,,,29.99,,,,,,,,,,,,,
Garage,Temp & Humidity Sensor,2020/12/05 8:55 AM,49.2,70.0,39.8,47.1,,,29.99,,,,,,,,,,,,,
Garage,Temp & Humidity Sensor,2020/12/05 9:00 AM,49.2,70.0,39.8,47.1,,,29.99,,,,,,,,,,,,,
Garage,Temp & Humidity Sensor,2020/12/05 9:05 AM,49.2,70.0,39.8,47.1,,,29.99,,,,,,,,,,,,,
Garage,Temp & Humidity Sensor,2020/12/05 9:10 AM,49.2,70.0,39.8,47.1,,,29.99,,,,,,,,,,,,,
Garage,Temp & Humidity Sensor,2020/12/05 9:15 AM,49.2,70.0,39.8,47.1,,,29.99,,,,,,,,,,,,,
Garage,Temp & Humidity Sensor,2020/12/05 9:20 AM,49.2,70.0,39.8,47.1,,,29.99,,,,,,,,,,,,,
Garage,Temp & Humidity Sensor,2020/12/05 9:25 AM,49.2,70.0,39.8,47.1,,,29.99,,,,,,,,,,,,,
Garage,Temp & Humidity Sensor,2020/12/05 9:30 AM,49.2,70.0,39.8,47.1,,,29.99,,,,,,,,,,,,,
Garage,Temp & Humidity Sensor,2020/12/05 9:35 AM,49.2,70.0,39.8,47.1,,,29.99,,,,,,,,,,,,,
Garage,Temp & Humidity Sensor,2020/12/05 9:40 AM,49.2,70.0,39.8,47.1,,,30.0,,,,,,,,,,,,,
Garage,Temp & Humidity Sensor,2020/12/05 9:45 AM,49.2,70.0,39.8,47.1,,,30.0,,,,,,,,,,,,,
Garage,Temp & Humidity Sensor,2020/12/05 9:50 AM,49.4,70.0,40.0,47.3,,,30.0,,,,,,,,,,,,,
Garage,Temp & Humidity Sensor,2020/12/05 9:55 AM,49.4,70.0,40.0,47.3,,,29.99,,,,,,,,,,,,,
Garage,Temp & Humidity Sensor,2020/12/05 10:00 AM,49.4,70.0,40.0,47.3,,,29.99,,,,,,,,,,,,,
Garage,Temp & Humidity Sensor,2020/12/05 10:05 AM,49.4,70.0,40.0,47.3,,,29.99,,,,,,,,,,,,,
Garage,Temp & Humidity Sensor,2020/12/05 10:10 AM,49.4,70.0,40.0,47.3,,,29.99,,,,,,,,,,,,,
Garage,Temp & Humidity Sensor,2020/12/05 10:15 AM,49.4,70.0,40.0,47.3,,,30.0,,,,,,,,,,,,,
Garage,Temp & Humidity Sensor,2020/12/05 10:20 AM,49.4,70.0,40.0,47.3,,,29.99,,,,,,,,,,,,,
Garage,Temp & Humidity Sensor,2020/12/05 10:25 AM,49.6,70.0,40.2,47.5,,,30.0,,,,,,,,,,,,,
Garage,Temp & Humidity Sensor,2020/12/05 10:30 AM,49.6,70.0,40.2,47.5,,,30.0,,,,,,,,,,,,,
Garage,Temp & Humidity Sensor,2020/12/05 10:35 AM,49.6,70.0,40.2,47.5,,,30.0,,,,,,,,,,,,,
Garage,Temp & Humidity Sensor,2020/12/05 10:40 AM,49.6,69.0,39.9,47.5,,,30.0,,,,,,,,,,,,,
Garage,Temp & Humidity Sensor,2020/12/05 10:45 AM,49.8,69.0,40.0,47.7,,,30.0,,,,,,,,,,,,,
Garage,Temp & Humidity Sensor,2020/12/05 10:50 AM,49.8,69.0,40.0,47.7,,,30.01,,,,,,,,,,,,,
Garage,Temp & Humidity Sensor,2020/12/05 10:55 AM,49.8,69.0,40.0,47.7,,,30.01,,,,,,,,,,,,,
Garage,Temp & Humidity Sensor,2020/12/05 11:00 AM,50.0,69.0,40.2,47.9,,,30.01,,,,,,,,,,,,,
Garage,Temp & Humidity Sensor,2020/12/05 11:05 AM,50.0,69.0,40.2,47.9,,,30.01,,,,,,,,,,,,,
Garage,Temp & Humidity Sensor,2020/12/05 11:10 AM,50.0,69.0,40.2,47.9,,,30.01,,,,,,,,,,,,,
Garage,Temp & Humidity Sensor,2020/12/05 11:15 AM,50.1,68.0,40.0,48.0,,,30.01,,,,,,,,,,,,,
Garage,Temp & Humidity Sensor,2020/12/05 11:20 AM,50.1,68.0,40.0,48.0,,,30.01,,,,,,,,,,,,,
Garage,Temp & Humidity Sensor,2020/12/05 11:25 AM,50.1,68.0,40.0,48.0,,,30.01,,,,,,,,,,,,,
Garage,Temp & Humidity Sensor,2020/12/05 11:30 AM,50.1,68.0,40.0,48.0,,,30.0,,,,,,,,,,,,,
Garage,Temp & Humidity Sensor,2020/12/05 11:35 AM,50.3,68.0,40.1,48.2,,,30.0,,,,,,,,,,,,,
Garage,Temp & Humidity Sensor,2020/12/05 11:40 AM,50.3,68.0,40.1,48.2,,,29.99,,,,,,,,,,,,,
Garage,Temp & Humidity Sensor,2020/12/05 11:45 AM,50.5,68.0,40.3,48.4,,,29.99,,,,,,,,,,,,,
Garage,Temp & Humidity Sensor,2020/12/05 11:50 AM,50.5,68.0,40.3,48.4,,,29.99,,,,,,,,,,,,,
Garage,Temp & Humidity Sensor,2020/12/05 11:55 AM,50.7,68.0,40.5,48.7,,,29.99,,,,,,,,,,,,,
Garage,Temp & Humidity Sensor,2020/12/05 12:00 PM,50.7,68.0,40.5,48.7,,,29.99,,,,,,,,,,,,,
Garage,Temp & Humidity Sensor,2020/12/05 12:05 PM,50.7,68.0,40.5,48.7,,,29.98,,,,,,,,,,,,,
Garage,Temp & Humidity Sensor,2020/12/05 12:10 PM,50.9,68.0,40.7,48.9,,,29.98,,,,,,,,,,,,,
Garage,Temp & Humidity Sensor,2020/12/05 12:15 PM,50.9,68.0,40.7,48.9,,,29.98,,,,,,,,,,,,,
Garage,Temp & Humidity Sensor,2020/12/05 12:20 PM,50.9,68.0,40.7,48.9,,,29.98,,,,,,,,,,,,,
Garage,Temp & Humidity Sensor,2020/12/05 12:25 PM,51.0,68.0,40.8,49.0,,,29.98,,,,,,,,,,,,,
Garage,Temp & Humidity Sensor,2020/12/05 12:30 PM,51.0,68.0,40.8,49.0,,,29.97,,,,,,,,,,,,,
Garage,Temp & Humidity Sensor,2020/12/05 12:35 PM,51.2,68.0,41.0,49.2,,,29.97,,,,,,,,,,,,,
Garage,Temp & Humidity Sensor,2020/12/05 12:40 PM,51.2,67.0,40.6,49.2,,,29.97,,,,,,,,,,,,,
Garage,Temp & Humidity Sensor,2020/12/05 12:45 PM,51.2,67.0,40.6,49.2,,,29.97,,,,,,,,,,,,,
Garage,Temp & Humidity Sensor,2020/12/05 12:50 PM,51.4,67.0,40.8,49.4,,,29.97,,,,,,,,,,,,,
Garage,Temp & Humidity Sensor,2020/12/05 12:55 PM,51.6,67.0,41.0,49.6,,,29.97,,,,,,,,,,,,,
Garage,Temp & Humidity Sensor,2020/12/05 1:00 PM,51.8,67.0,41.2,49.8,,,29.97,,,,,,,,,,,,,
Garage,Temp & Humidity Sensor,2020/12/05 1:05 PM,51.9,67.0,41.3,49.9,,,29.97,,,,,,,,,,,,,
Garage,Temp & Humidity Sensor,2020/12/05 1:10 PM,52.1,67.0,41.5,50.2,,,29.97,,,,,,,,,,,,,
Garage,Temp & Humidity Sensor,2020/12/05 1:15 PM,52.1,67.0,41.5,50.2,,,29.97,,,,,,,,,,,,,
Garage,Temp & Humidity Sensor,2020/12/05 1:20 PM,52.3,67.0,41.7,50.4,,,29.97,,,,,,,,,,,,,
Garage,Temp & Humidity Sensor,2020/12/05 1:25 PM,52.5,67.0,41.9,50.6,,,29.97,,,,,,,,,,,,,
Garage,Temp & Humidity Sensor,2020/12/05 1:30 PM,52.7,67.0,42.1,50.8,,,29.96,,,,,,,,,,,,,
Garage,Temp & Humidity Sensor,2020/12/05 1:35 PM,52.7,67.0,42.1,50.8,,,29.96,,,,,,,,,,,,,
Garage,Temp & Humidity Sensor,2020/12/05 1:40 PM,52.8,66.0,41.8,50.9,,,29.96,,,,,,,,,,,,,
Garage,Temp & Humidity Sensor,2020/12/05 1:45 PM,52.8,66.0,41.8,50.9,,,29.96,,,,,,,,,,,,,
Garage,Temp & Humidity Sensor,2020/12/05 1:50 PM,52.8,66.0,41.8,50.9,,,29.96,,,,,,,,,,,,,
Garage,Temp & Humidity Sensor,2020/12/05 1:55 PM,52.8,66.0,41.8,50.9,,,29.96,,,,,,,,,,,,,
Garage,Temp & Humidity Sensor,2020/12/05 2:00 PM,53.0,66.0,41.9,51.1,,,29.96,,,,,,,,,,,,,
Garage,Temp & Humidity Sensor,2020/12/05 2:05 PM,53.0,66.0,41.9,51.1,,,29.96,,,,,,,,,,,,,
Garage,Temp & Humidity Sensor,2020/12/05 2:10 PM,53.0,66.0,41.9,51.1,,,29.96,,,,,,,,,,,,,
Garage,Temp & Humidity Sensor,2020/12/05 2:15 PM,53.0,66.0,41.9,51.1,,,29.96,,,,,,,,,,,,,
Garage,Temp & Humidity Sensor,2020/12/05 2:20 PM,53.0,66.0,41.9,51.1,,,29.96,,,,,,,,,,,,,
Garage,Temp & Humidity Sensor,2020/12/05 2:25 PM,53.0,66.0,41.9,51.1,,,29.96,,,,,,,,,,,,,
Garage,Temp & Humidity Sensor,2020/12/05 2:30 PM,53.0,66.0,41.9,51.1,,,29.96,,,,,,,,,,,,,
Garage,Temp & Humidity Sensor,2020/12/05 2:35 PM,53.0,66.0,41.9,51.1,,,29.96,,,,,,,,,,,,,
Garage,Temp & Humidity Sensor,2020/12/05 2:40 PM,53.0,66.0,41.9,51.1,,,29.96,,,,,,,,,,,,,
Garage,Temp & Humidity Sensor,2020/12/05 2:45 PM,53.0,66.0,41.9,51.1,,,29.97,,,,,,,,,,,,,
Garage,Temp & Humidity Sensor,2020/12/05 2:50 PM,53.0,66.0,41.9,51.1,,,29.96,,,,,,,,,,,,,
Garage,Temp & Humidity Sensor,2020/12/05 2:55 PM,53.0,66.0,41.9,51.1,,,29.96,,,,,,,,,,,,,
Garage,Temp & Humidity Sensor,2020/12/05 3:00 PM,53.0,66.0,41.9,51.1,,,29.97,,,,,,,,,,,,,
Garage,Temp & Humidity Sensor,2020/12/05 3:05 PM,53.0,66.0,41.9,51.1,,,29.97,,,,,,,,,,,,,
Garage,Temp & Humidity Sensor,2020/12/05 3:10 PM,53.0,66.0,41.9,51.1,,,29.97,,,,,,,,,,,,,
Garage,Temp & Humidity Sensor,2020/12/05 3:15 PM,53.0,66.0,41.9,51.1,,,29.97,,,,,,,,,,,,,
Garage,Temp & Humidity Sensor,2020/12/05 3:20 PM,53.0,66.0,41.9,51.1,,,29.97,,,,,,,,,,,,,
Garage,Temp & Humidity Sensor,2020/12/05 3:25 PM,53.0,66.0,41.9,51.1,,,29.97,,,,,,,,,,,,,
Garage,Temp & Humidity Sensor,2020/12/05 3:30 PM,53.0,66.0,41.9,51.1,,,29.97,,,,,,,,,,,,,
Garage,Temp & Humidity Sensor,2020/12/05 3:35 PM,53.0,66.0,41.9,51.1,,,29.97,,,,,,,,,,,,,
Garage,Temp & Humidity Sensor,2020/12/05 3:40 PM,53.0,66.0,41.9,51.1,,,29.97,,,,,,,,,,,,,
Garage,Temp & Humidity Sensor,2020/12/05 3:45 PM,53.0,66.0,41.9,51.1,,,29.97,,,,,,,,,,,,,
Garage,Temp & Humidity Sensor,2020/12/05 3:50 PM,53.0,66.0,41.9,51.1,,,29.98,,,,,,,,,,,,,
Garage,Temp & Humidity Sensor,2020/12/05 3:55 PM,53.2,66.0,42.1,51.3,,,29.98,,,,,,,,,,,,,
Garage,Temp & Humidity Sensor,2020/12/05 4:00 PM,53.2,65.0,41.7,51.3,,,29.98,,,,,,,,,,,,,
Garage,Temp & Humidity Sensor,2020/12/05 4:05 PM,53.2,65.0,41.7,51.3,,,29.98,,,,,,,,,,,,,
Garage,Temp & Humidity Sensor,2020/12/05 4:10 PM,53.2,65.0,41.7,51.3,,,29.98,,,,,,,,,,,,,
Garage,Temp & Humidity Sensor,2020/12/05 4:15 PM,53.2,65.0,41.7,51.3,,,29.98,,,,,,,,,,,,,
Garage,Temp & Humidity Sensor,2020/12/05 4:20 PM,53.0,65.0,41.6,51.1,,,29.98,,,,,,,,,,,,,
Garage,Temp & Humidity Sensor,2020/12/05 4:25 PM,53.0,65.0,41.6,51.1,,,29.99,,,,,,,,,,,,,
Garage,Temp & Humidity Sensor,2020/12/05 4:30 PM,53.0,65.0,41.6,51.1,,,29.99,,,,,,,,,,,,,
Garage,Temp & Humidity Sensor,2020/12/05 4:35 PM,52.8,65.0,41.4,50.8,,,29.99,,,,,,,,,,,,,
Garage,Temp & Humidity Sensor,2020/12/05 4:40 PM,52.8,65.0,41.4,50.8,,,29.99,,,,,,,,,,,,,
Garage,Temp & Humidity Sensor,2020/12/05 4:45 PM,52.8,65.0,41.4,50.8,,,29.99,,,,,,,,,,,,,
Garage,Temp & Humidity Sensor,2020/12/05 4:50 PM,52.7,65.0,41.3,50.7,,,29.99,,,,,,,,,,,,,
Garage,Temp & Humidity Sensor,2020/12/05 4:55 PM,52.7,65.0,41.3,50.7,,,29.99,,,,,,,,,,,,,
Garage,Temp & Humidity Sensor,2020/12/05 5:00 PM,52.5,65.0,41.1,50.5,,,29.99,,,,,,,,,,,,,
Garage,Temp & Humidity Sensor,2020/12/05 5:05 PM,52.5,65.0,41.1,50.5,,,30.0,,,,,,,,,,,,,
Garage,Temp & Humidity Sensor,2020/12/05 5:10 PM,52.5,65.0,41.1,50.5,,,30.0,,,,,,,,,,,,,
Garage,Temp & Humidity Sensor,2020/12/05 5:15 PM,52.3,64.0,40.5,50.2,,,30.0,,,,,,,,,,,,,
Garage,Temp & Humidity Sensor,2020/12/05 5:20 PM,52.3,64.0,40.5,50.2,,,30.0,,,,,,,,,,,,,
Garage,Temp & Humidity Sensor,2020/12/05 5:25 PM,52.1,64.0,40.3,50.0,,,30.0,,,,,,,,,,,,,
Garage,Temp & Humidity Sensor,2020/12/05 5:30 PM,51.9,64.0,40.1,49.8,,,30.01,,,,,,,,,,,,,
Garage,Temp & Humidity Sensor,2020/12/05 5:35 PM,51.9,64.0,40.1,49.8,,,30.01,,,,,,,,,,,,,
Garage,Temp & Humidity Sensor,2020/12/05 5:40 PM,51.8,64.0,40.0,49.7,,,30.01,,,,,,,,,,,,,
Garage,Temp & Humidity Sensor,2020/12/05 5:45 PM,51.8,64.0,40.0,49.7,,,30.01,,,,,,,,,,,,,
Garage,Temp & Humidity Sensor,2020/12/05 5:50 PM,51.6,65.0,40.2,49.5,,,30.01,,,,,,,,,,,,,
Garage,Temp & Humidity Sensor,2020/12/05 5:55 PM,51.4,65.0,40.0,49.3,,,30.01,,,,,,,,,,,,,
Garage,Temp & Humidity Sensor,2020/12/05 6:00 PM,51.4,65.0,40.0,49.3,,,30.01,,,,,,,,,,,,,
Garage,Temp & Humidity Sensor,2020/12/05 6:05 PM,51.2,65.0,39.8,49.1,,,30.01,,,,,,,,,,,,,
Garage,Temp & Humidity Sensor,2020/12/05 6:10 PM,51.0,65.0,39.7,48.9,,,30.01,,,,,,,,,,,,,
Garage,Temp & Humidity Sensor,2020/12/05 6:15 PM,51.0,65.0,39.7,48.9,,,30.02,,,,,,,,,,,,,
Garage,Temp & Humidity Sensor,2020/12/05 6:20 PM,50.9,65.0,39.6,48.7,,,30.02,,,,,,,,,,,,,
Garage,Temp & Humidity Sensor,2020/12/05 6:25 PM,50.7,65.0,39.4,48.5,,,30.02,,,,,,,,,,,,,
Garage,Temp & Humidity Sensor,2020/12/05 6:30 PM,50.7,65.0,39.4,48.5,,,30.02,,,,,,,,,,,,,
Garage,Temp & Humidity Sensor,2020/12/05 6:35 PM,50.5,65.0,39.2,48.3,,,30.02,,,,,,,,,,,,,
Garage,Temp & Humidity Sensor,2020/12/05 6:40 PM,50.5,65.0,39.2,48.3,,,30.02,,,,,,,,,,,,,
Garage,Temp & Humidity Sensor,2020/12/05 6:45 PM,50.3,65.0,39.0,48.1,,,30.02,,,,,,,,,,,,,
Garage,Temp & Humidity Sensor,2020/12/05 6:50 PM,50.1,65.0,38.8,47.9,,,30.02,,,,,,,,,,,,,
Garage,Temp & Humidity Sensor,2020/12/05 6:55 PM,50.1,65.0,38.8,47.9,,,30.02,,,,,,,,,,,,,
Garage,Temp & Humidity Sensor,2020/12/05 7:00 PM,50.0,65.0,38.7,47.8,,,30.03,,,,,,,,,,,,,
Garage,Temp & Humidity Sensor,2020/12/05 7:05 PM,50.0,65.0,38.7,47.8,,,30.03,,,,,,,,,,,,,
Garage,Temp & Humidity Sensor,2020/12/05 7:10 PM,49.8,65.0,38.5,47.5,,,30.03,,,,,,,,,,,,,
Garage,Temp & Humidity Sensor,2020/12/05 7:15 PM,49.8,65.0,38.5,47.5,,,30.03,,,,,,,,,,,,,
Garage,Temp & Humidity Sensor,2020/12/05 7:20 PM,49.6,65.0,38.3,47.3,,,30.03,,,,,,,,,,,,,
Garage,Temp & Humidity Sensor,2020/12/05 7:25 PM,49.4,65.0,38.1,47.1,,,30.03,,,,,,,,,,,,,
Garage,Temp & Humidity Sensor,2020/12/05 7:30 PM,49.4,65.0,38.1,47.1,,,30.03,,,,,,,,,,,,,
Garage,Temp & Humidity Sensor,2020/12/05 7:35 PM,49.2,65.0,37.9,46.9,,,30.03,,,,,,,,,,,,,
Garage,Temp & Humidity Sensor,2020/12/05 7:40 PM,49.2,65.0,37.9,46.9,,,30.03,,,,,,,,,,,,,
Garage,Temp & Humidity Sensor,2020/12/05 7:45 PM,49.1,65.0,37.8,46.8,,,30.03,,,,,,,,,,,,,
Garage,Temp & Humidity Sensor,2020/12/05 7:50 PM,49.1,65.0,37.8,46.8,,,30.03,,,,,,,,,,,,,
Garage,Temp & Humidity Sensor,2020/12/05 7:55 PM,48.9,65.0,37.7,46.5,,,30.03,,,,,,,,,,,,,
Garage,Temp & Humidity Sensor,2020/12/05 8:00 PM,48.7,65.0,37.5,46.3,,,30.04,,,,,,,,,,,,,
Garage,Temp & Humidity Sensor,2020/12/05 8:05 PM,48.7,65.0,37.5,46.3,,,30.05,,,,,,,,,,,,,
Garage,Temp & Humidity Sensor,2020/12/05 8:10 PM,48.5,65.0,37.3,46.1,,,30.04,,,,,,,,,,,,,
Garage,Temp & Humidity Sensor,2020/12/05 8:15 PM,48.5,65.0,37.3,46.1,,,30.05,,,,,,,,,,,,,
Garage,Temp & Humidity Sensor,2020/12/05 8:20 PM,48.3,65.0,37.1,45.9,,,30.05,,,,,,,,,,,,,
Garage,Temp & Humidity Sensor,2020/12/05 8:25 PM,48.2,65.0,37.0,45.8,,,30.05,,,,,,,,,,,,,
Garage,Temp & Humidity Sensor,2020/12/05 8:30 PM,48.2,65.0,37.0,45.8,,,30.06,,,,,,,,,,,,,
Garage,Temp & Humidity Sensor,2020/12/05 8:35 PM,48.2,65.0,37.0,45.8,,,30.06,,,,,,,,,,,,,
Garage,Temp & Humidity Sensor,2020/12/05 8:40 PM,48.0,66.0,37.2,45.6,,,30.06,,,,,,,,,,,,,
Garage,Temp & Humidity Sensor,2020/12/05 8:45 PM,48.0,66.0,37.2,45.6,,,30.06,,,,,,,,,,,,,
Garage,Temp & Humidity Sensor,2020/12/05 8:50 PM,47.8,66.0,37.0,45.4,,,30.06,,,,,,,,,,,,,
Garage,Temp & Humidity Sensor,2020/12/05 8:55 PM,47.8,66.0,37.0,45.4,,,30.06,,,,,,,,,,,,,
Garage,Temp & Humidity Sensor,2020/12/05 9:00 PM,47.6,66.0,36.8,45.2,,,30.06,,,,,,,,,,,,,
Garage,Temp & Humidity Sensor,2020/12/05 9:05 PM,47.4,66.0,36.6,44.9,,,30.06,,,,,,,,,,,,,
Garage,Temp & Humidity Sensor,2020/12/05 9:10 PM,47.4,66.0,36.6,44.9,,,30.05,,,,,,,,,,,,,
Garage,Temp & Humidity Sensor,2020/12/05 9:15 PM,47.3,66.0,36.5,44.8,,,30.05,,,,,,,,,,,,,
Garage,Temp & Humidity Sensor,2020/12/05 9:20 PM,47.3,66.0,36.5,44.8,,,30.05,,,,,,,,,,,,,
Garage,Temp & Humidity Sensor,2020/12/05 9:25 PM,47.1,66.0,36.3,44.6,,,30.05,,,,,,,,,,,,,
Garage,Temp & Humidity Sensor,2020/12/05 9:30 PM,47.1,66.0,36.3,44.6,,,30.05,,,,,,,,,,,,,
Garage,Temp & Humidity Sensor,2020/12/05 9:35 PM,46.9,66.0,36.1,44.4,,,30.05,,,,,,,,,,,,,
Garage,Temp & Humidity Sensor,2020/12/05 9:40 PM,46.9,65.0,35.8,44.3,,,30.05,,,,,,,,,,,,,
Garage,Temp & Humidity Sensor,2020/12/05 9:45 PM,46.7,65.0,35.6,44.1,,,30.05,,,,,,,,,,,,,
Garage,Temp & Humidity Sensor,2020/12/05 9:50 PM,46.5,65.0,35.4,43.9,,,30.06,,,,,,,,,,,,,
Garage,Temp & Humidity Sensor,2020/12/05 9:55 PM,46.5,65.0,35.4,43.9,,,30.06,,,,,,,,,,,,,
Garage,Temp & Humidity Sensor,2020/12/05 10:00 PM,46.4,65.0,35.3,43.8,,,30.06,,,,,,,,,,,,,
Garage,Temp & Humidity Sensor,2020/12/05 10:05 PM,46.4,65.0,35.3,43.8,,,30.06,,,,,,,,,,,,,
Garage,Temp & Humidity Sensor,2020/12/05 10:10 PM,46.4,65.0,35.3,43.8,,,30.05,,,,,,,,,,,,,
Garage,Temp & Humidity Sensor,2020/12/05 10:15 PM,46.2,66.0,35.5,43.6,,,30.06,,,,,,,,,,,,,
Garage,Temp & Humidity Sensor,2020/12/05 10:20 PM,46.0,66.0,35.3,43.4,,,30.06,,,,,,,,,,,,,
Garage,Temp & Humidity Sensor,2020/12/05 10:25 PM,46.0,66.0,35.3,43.4,,,30.06,,,,,,,,,,,,,
Garage,Temp & Humidity Sensor,2020/12/05 10:30 PM,45.8,66.0,35.1,43.2,,,30.06,,,,,,,,,,,,,
Garage,Temp & Humidity Sensor,2020/12/05 10:35 PM,45.8,66.0,35.1,43.2,,,30.06,,,,,,,,,,,,,
Garage,Temp & Humidity Sensor,2020/12/05 10:40 PM,45.6,66.0,34.9,43.0,,,30.06,,,,,,,,,,,,,
Garage,Temp & Humidity Sensor,2020/12/05 10:45 PM,45.6,66.0,34.9,43.0,,,30.06,,,,,,,,,,,,,
Garage,Temp & Humidity Sensor,2020/12/05 10:50 PM,45.5,66.0,34.8,42.9,,,30.06,,,,,,,,,,,,,
Garage,Temp & Humidity Sensor,2020/12/05 10:55 PM,45.5,66.0,34.8,42.9,,,30.05,,,,,,,,,,,,,
Garage,Temp & Humidity Sensor,2020/12/05 11:00 PM,45.3,66.0,34.6,42.6,,,30.06,,,,,,,,,,,,,
Garage,Temp & Humidity Sensor,2020/12/05 11:05 PM,45.3,66.0,34.6,42.6,,,30.07,,,,,,,,,,,,,
Garage,Temp & Humidity Sensor,2020/12/05 11:10 PM,45.1,66.0,34.4,42.4,,,30.07,,,,,,,,,,,,,
Garage,Temp & Humidity Sensor,2020/12/05 11:15 PM,45.1,66.0,34.4,42.4,,,30.08,,,,,,,,,,,,,
Garage,Temp & Humidity Sensor,2020/12/05 11:20 PM,45.1,66.0,34.4,42.4,,,30.08,,,,,,,,,,,,,
Garage,Temp & Humidity Sensor,2020/12/05 11:25 PM,44.9,66.0,34.2,42.2,,,30.07,,,,,,,,,,,,,
Garage,Temp & Humidity Sensor,2020/12/05 11:30 PM,44.7,66.0,34.0,42.0,,,30.07,,,,,,,,,,,,,
Garage,Temp & Humidity Sensor,2020/12/05 11:35 PM,44.7,66.0,34.0,42.0,,,30.07,,,,,,,,,,,,,
Garage,Temp & Humidity Sensor,2020/12/05 11:40 PM,44.7,66.0,34.0,42.0,,,30.07,,,,,,,,,,,,,
Garage,Temp & Humidity Sensor,2020/12/05 11:45 PM,44.6,65.0,33.6,41.8,,,30.07,,,,,,,,,,,,,
Garage,Temp & Humidity Sensor,2020/12/05 11:50 PM,44.6,65.0,33.6,41.8,,,30.07,,,,,,,,,,,,,
Garage,Temp & Humidity Sensor,2020/12/05 11:55 PM,44.6,65.0,33.6,41.8,,,30.07,,,,,,,,,,,,,
Garage,Temp & Humidity Sensor,2020/12/06 12:00 AM,44.6,65.0,33.6,41.8,,,30.06,,,,,,,,,,,,,
Garage,Temp & Humidity Sensor,2020/12/06 12:05 AM,44.6,65.0,33.6,41.8,,,30.06,,,,,,,,,,,,,
Garage,Temp & Humidity Sensor,2020/12/06 12:10 AM,44.4,66.0,33.8,41.6,,,30.06,,,,,,,,,,,,,
Garage,Temp & Humidity Sensor,2020/12/06 12:15 AM,44.4,66.0,33.8,41.6,,,30.06,,,,,,,,,,,,,
Garage,Temp & Humidity Sensor,2020/12/06 12:20 AM,44.2,66.0,33.6,41.4,,,30.06,,,,,,,,,,,,,
Garage,Temp & Humidity Sensor,2020/12/06 12:25 AM,44.2,66.0,33.6,41.4,,,30.06,,,,,,,,,,,,,
Garage,Temp & Humidity Sensor,2020/12/06 12:30 AM,44.0,66.0,33.4,41.2,,,30.06,,,,,,,,,,,,,
Garage,Temp & Humidity Sensor,2020/12/06 12:35 AM,44.0,66.0,33.4,41.2,,,30.06,,,,,,,,,,,,,
Garage,Temp & Humidity Sensor,2020/12/06 12:40 AM,43.8,66.0,33.2,41.0,,,30.05,,,,,,,,,,,,,
Garage,Temp & Humidity Sensor,2020/12/06 12:45 AM,43.8,66.0,33.2,41.0,,,30.05,,,,,,,,,,,,,
Garage,Temp & Humidity Sensor,2020/12/06 12:50 AM,43.8,66.0,33.2,41.0,,,30.05,,,,,,,,,,,,,
Garage,Temp & Humidity Sensor,2020/12/06 12:55 AM,43.7,66.0,33.1,40.9,,,30.05,,,,,,,,,,,,,
Garage,Temp & Humidity Sensor,2020/12/06 1:00 AM,43.7,66.0,33.1,40.9,,,30.06,,,,,,,,,,,,,
Garage,Temp & Humidity Sensor,2020/12/06 1:05 AM,43.7,66.0,33.1,40.9,,,30.06,,,,,,,,,,,,,
Garage,Temp & Humidity Sensor,2020/12/06 1:10 AM,43.5,66.0,32.9,40.7,,,30.06,,,,,,,,,,,,,
Garage,Temp & Humidity Sensor,2020/12/06 1:15 AM,43.5,66.0,32.9,40.7,,,30.06,,,,,,,,,,,,,
Garage,Temp & Humidity Sensor,2020/12/06 1:20 AM,43.5,66.0,32.9,40.7,,,30.06,,,,,,,,,,,,,
Garage,Temp & Humidity Sensor,2020/12/06 1:25 AM,43.3,66.0,32.7,40.4,,,30.06,,,,,,,,,,,,,
Garage,Temp & Humidity Sensor,2020/12/06 1:30 AM,43.3,66.0,32.7,40.4,,,30.06,,,,,,,,,,,,,
Garage,Temp & Humidity Sensor,2020/12/06 1:35 AM,43.3,66.0,32.7,40.4,,,30.06,,,,,,,,,,,,,
Garage,Temp & Humidity Sensor,2020/12/06 1:40 AM,43.1,66.0,32.5,40.2,,,30.06,,,,,,,,,,,,,
Garage,Temp & Humidity Sensor,2020/12/06 1:45 AM,43.1,65.0,32.1,40.2,,,30.06,,,,,,,,,,,,,
Garage,Temp & Humidity Sensor,2020/12/06 1:50 AM,42.9,65.0,32.0,39.9,,,30.06,,,,,,,,,,,,,
Garage,Temp & Humidity Sensor,2020/12/06 1:55 AM,42.9,65.0,32.0,39.9,,,30.05,,,,,,,,,,,,,
Garage,Temp & Humidity Sensor,2020/12/06 2:00 AM,42.8,65.0,31.9,39.8,,,30.05,,,,,,,,,,,,,
Garage,Temp & Humidity Sensor,2020/12/06 2:05 AM,42.8,65.0,31.9,39.8,,,30.05,,,,,,,,,,,,,
Garage,Temp & Humidity Sensor,2020/12/06 2:10 AM,42.8,65.0,31.9,39.8,,,30.05,,,,,,,,,,,,,
Garage,Temp & Humidity Sensor,2020/12/06 2:15 AM,42.8,65.0,31.9,39.8,,,30.05,,,,,,,,,,,,,
Garage,Temp & Humidity Sensor,2020/12/06 2:20 AM,42.8,65.0,31.9,39.8,,,30.05,,,,,,,,,,,,,
Garage,Temp & Humidity Sensor,2020/12/06 2:25 AM,42.6,66.0,32.0,39.7,,,30.05,,,,,,,,,,,,,
Garage,Temp & Humidity Sensor,2020/12/06 2:30 AM,42.6,66.0,32.0,39.7,,,30.05,,,,,,,,,,,,,
Garage,Temp & Humidity Sensor,2020/12/06 2:35 AM,42.6,66.0,32.0,39.7,,,30.05,,,,,,,,,,,,,
Garage,Temp & Humidity Sensor,2020/12/06 2:40 AM,42.4,66.0,31.9,39.4,,,30.05,,,,,,,,,,,,,
Garage,Temp & Humidity Sensor,2020/12/06 2:45 AM,42.4,66.0,31.9,39.4,,,30.05,,,,,,,,,,,,,
Garage,Temp & Humidity Sensor,2020/12/06 2:50 AM,42.4,66.0,31.9,39.4,,,30.04,,,,,,,,,,,,,
Garage,Temp & Humidity Sensor,2020/12/06 2:55 AM,42.2,66.0,31.7,39.2,,,30.04,,,,,,,,,,,,,
Garage,Temp & Humidity Sensor,2020/12/06 3:00 AM,42.2,66.0,31.7,39.2,,,30.04,,,,,,,,,,,,,
Garage,Temp & Humidity Sensor,2020/12/06 3:05 AM,42.2,66.0,31.7,39.2,,,30.04,,,,,,,,,,,,,
Garage,Temp & Humidity Sensor,2020/12/06 3:10 AM,42.0,66.0,31.5,39.0,,,30.05,,,,,,,,,,,,,
Garage,Temp & Humidity Sensor,2020/12/06 3:15 AM,42.0,66.0,31.5,39.0,,,30.05,,,,,,,,,,,,,
Garage,Temp & Humidity Sensor,2020/12/06 3:20 AM,42.0,66.0,31.5,39.0,,,30.05,,,,,,,,,,,,,
Garage,Temp & Humidity Sensor,2020/12/06 3:25 AM,41.9,66.0,31.4,38.9,,,30.05,,,,,,,,,,,,,
Garage,Temp & Humidity Sensor,2020/12/06 3:30 AM,41.9,66.0,31.4,38.9,,,30.05,,,,,,,,,,,,,
Garage,Temp & Humidity Sensor,2020/12/06 3:35 AM,41.9,66.0,31.4,38.9,,,30.05,,,,,,,,,,,,,
Garage,Temp & Humidity Sensor,2020/12/06 3:40 AM,41.7,66.0,31.2,38.7,,,30.05,,,,,,,,,,,,,
Garage,Temp & Humidity Sensor,2020/12/06 3:45 AM,41.7,66.0,31.2,38.7,,,30.05,,,,,,,,,,,,,
Garage,Temp & Humidity Sensor,2020/12/06 3:50 AM,41.5,66.0,31.0,38.5,,,30.05,,,,,,,,,,,,,
Garage,Temp & Humidity Sensor,2020/12/06 3:55 AM,41.5,66.0,31.0,38.5,,,30.05,,,,,,,,,,,,,
Garage,Temp & Humidity Sensor,2020/12/06 4:00 AM,41.5,66.0,31.0,38.5,,,30.05,,,,,,,,,,,,,
Garage,Temp & Humidity Sensor,2020/12/06 4:05 AM,41.5,66.0,31.0,38.5,,,30.04,,,,,,,,,,,,,
Garage,Temp & Humidity Sensor,2020/12/06 4:10 AM,41.3,66.0,30.8,38.2,,,30.05,,,,,,,,,,,,,
Garage,Temp & Humidity Sensor,2020/12/06 4:15 AM,41.3,66.0,30.8,38.2,,,30.05,,,,,,,,,,,,,
Garage,Temp & Humidity Sensor,2020/12/06 4:20 AM,41.1,66.0,30.6,38.0,,,30.04,,,,,,,,,,,,,
Garage,Temp & Humidity Sensor,2020/12/06 4:25 AM,41.1,66.0,30.6,38.0,,,30.05,,,,,,,,,,,,,
Garage,Temp & Humidity Sensor,2020/12/06 4:30 AM,41.1,66.0,30.6,38.0,,,30.04,,,,,,,,,,,,,
Garage,Temp & Humidity Sensor,2020/12/06 4:35 AM,41.1,65.0,30.2,38.0,,,30.04,,,,,,,,,,,,,
Garage,Temp & Humidity Sensor,2020/12/06 4:40 AM,41.0,65.0,30.2,37.9,,,30.04,,,,,,,,,,,,,
Garage,Temp & Humidity Sensor,2020/12/06 4:45 AM,41.0,65.0,30.2,37.9,,,30.04,,,,,,,,,,,,,
Garage,Temp & Humidity Sensor,2020/12/06 4:50 AM,41.0,65.0,30.2,37.9,,,30.04,,,,,,,,,,,,,
Garage,Temp & Humidity Sensor,2020/12/06 4:55 AM,40.8,66.0,30.3,37.7,,,30.04,,,,,,,,,,,,,
Garage,Temp & Humidity Sensor,2020/12/06 5:00 AM,40.8,66.0,30.3,37.7,,,30.05,,,,,,,,,,,,,
Garage,Temp & Humidity Sensor,2020/12/06 5:05 AM,40.8,66.0,30.3,37.7,,,30.05,,,,,,,,,,,,,
Garage,Temp & Humidity Sensor,2020/12/06 5:10 AM,40.8,66.0,30.3,37.7,,,30.05,,,,,,,,,,,,,
Garage,Temp & Humidity Sensor,2020/12/06 5:15 AM,40.6,66.0,30.1,37.5,,,30.05,,,,,,,,,,,,,
Garage,Temp & Humidity Sensor,2020/12/06 5:20 AM,40.6,66.0,30.1,37.5,,,30.05,,,,,,,,,,,,,
Garage,Temp & Humidity Sensor,2020/12/06 5:25 AM,40.6,66.0,30.1,37.5,,,30.05,,,,,,,,,,,,,
Garage,Temp & Humidity Sensor,2020/12/06 5:30 AM,40.4,66.0,30.0,37.2,,,30.05,,,,,,,,,,,,,
Garage,Temp & Humidity Sensor,2020/12/06 5:35 AM,40.4,66.0,30.0,37.2,,,30.05,,,,,,,,,,,,,
Garage,Temp & Humidity Sensor,2020/12/06 5:40 AM,40.4,66.0,30.0,37.2,,,30.05,,,,,,,,,,,,,
Garage,Temp & Humidity Sensor,2020/12/06 5:45 AM,40.4,66.0,30.0,37.2,,,30.05,,,,,,,,,,,,,
Garage,Temp & Humidity Sensor,2020/12/06 5:50 AM,40.4,66.0,30.0,37.2,,,30.05,,,,,,,,,,,,,
Garage,Temp & Humidity Sensor,2020/12/06 5:55 AM,40.2,66.0,29.8,37.0,,,30.05,,,,,,,,,,,,,
Garage,Temp & Humidity Sensor,2020/12/06 6:00 AM,40.2,66.0,29.8,37.0,,,30.05,,,,,,,,,,,,,
Garage,Temp & Humidity Sensor,2020/12/06 6:05 AM,40.2,66.0,29.8,37.0,,,30.05,,,,,,,,,,,,,
Garage,Temp & Humidity Sensor,2020/12/06 6:10 AM,40.1,66.0,29.7,36.9,,,30.05,,,,,,,,,,,,,
Garage,Temp & Humidity Sensor,2020/12/06 6:15 AM,40.1,66.0,29.7,36.9,,,30.06,,,,,,,,,,,,,
Garage,Temp & Humidity Sensor,2020/12/06 6:20 AM,40.1,66.0,29.7,36.9,,,30.06,,,,,,,,,,,,,
Garage,Temp & Humidity Sensor,2020/12/06 6:25 AM,39.9,66.0,29.5,39.9,,,30.06,,,,,,,,,,,,,
Garage,Temp & Humidity Sensor,2020/12/06 6:30 AM,39.9,66.0,29.5,39.9,,,30.06,,,,,,,,,,,,,
Garage,Temp & Humidity Sensor,2020/12/06 6:35 AM,39.9,66.0,29.5,39.9,,,30.06,,,,,,,,,,,,,
Garage,Temp & Humidity Sensor,2020/12/06 6:40 AM,39.9,66.0,29.5,39.9,,,30.05,,,,,,,,,,,,,
Garage,Temp & Humidity Sensor,2020/12/06 6:45 AM,39.9,66.0,29.5,39.9,,,30.05,,,,,,,,,,,,,
Garage,Temp & Humidity Sensor,2020/12/06 6:50 AM,39.7,66.0,29.3,39.7,,,30.05,,,,,,,,,,,,,
Garage,Temp & Humidity Sensor,2020/12/06 6:55 AM,39.7,66.0,29.3,39.7,,,30.05,,,,,,,,,,,,,
Garage,Temp & Humidity Sensor,2020/12/06 7:00 AM,39.7,66.0,29.3,39.7,,,30.05,,,,,,,,,,,,,
Garage,Temp & Humidity Sensor,2020/12/06 7:05 AM,39.7,66.0,29.3,39.7,,,30.05,,,,,,,,,,,,,
Garage,Temp & Humidity Sensor,2020/12/06 7:10 AM,39.5,66.0,29.1,39.5,,,30.05,,,,,,,,,,,,,
Garage,Temp & Humidity Sensor,2020/12/06 7:15 AM,39.5,66.0,29.1,39.5,,,30.05,,,,,,,,,,,,,
Garage,Temp & Humidity Sensor,2020/12/06 7:20 AM,39.5,66.0,29.1,39.5,,,30.05,,,,,,,,,,,,,
Garage,Temp & Humidity Sensor,2020/12/06 7:25 AM,39.5,66.0,29.1,39.5,,,30.05,,,,,,,,,,,,,
Garage,Temp & Humidity Sensor,2020/12/06 7:30 AM,39.3,66.0,28.9,39.3,,,30.04,,,,,,,,,,,,,
Garage,Temp & Humidity Sensor,2020/12/06 7:35 AM,39.3,66.0,28.9,39.3,,,30.04,,,,,,,,,,,,,
Garage,Temp & Humidity Sensor,2020/12/06 7:40 AM,39.3,66.0,28.9,39.3,,,30.04,,,,,,,,,,,,,
Garage,Temp & Humidity Sensor,2020/12/06 7:45 AM,39.3,66.0,28.9,39.3,,,30.04,,,,,,,,,,,,,
Garage,Temp & Humidity Sensor,2020/12/06 7:50 AM,39.2,66.0,28.8,39.2,,,30.05,,,,,,,,,,,,,
Garage,Temp & Humidity Sensor,2020/12/06 7:55 AM,39.2,66.0,28.8,39.2,,,30.05,,,,,,,,,,,,,
Garage,Temp & Humidity Sensor,2020/12/06 8:00 AM,39.2,66.0,28.8,39.2,,,30.05,,,,,,,,,,,,,
Garage,Temp & Humidity Sensor,2020/12/06 8:05 AM,39.2,66.0,28.8,39.2,,,30.04,,,,,,,,,,,,,
Garage,Temp & Humidity Sensor,2020/12/06 8:10 AM,39.2,66.0,28.8,39.2,,,30.05,,,,,,,,,,,,,
Garage,Temp & Humidity Sensor,2020/12/06 8:15 AM,39.2,66.0,28.8,39.2,,,30.05,,,,,,,,,,,,,
Garage,Temp & Humidity Sensor,2020/12/06 8:20 AM,39.2,66.0,28.8,39.2,,,30.05,,,,,,,,,,,,,
Garage,Temp & Humidity Sensor,2020/12/06 8:25 AM,39.2,66.0,28.8,39.2,,,30.04,,,,,,,,,,,,,
Garage,Temp & Humidity Sensor,2020/12/06 8:30 AM,39.2,66.0,28.8,39.2,,,30.04,,,,,,,,,,,,,
Garage,Temp & Humidity Sensor,2020/12/06 8:35 AM,39.2,66.0,28.8,39.2,,,30.04,,,,,,,,,,,,,
Garage,Temp & Humidity Sensor,2020/12/06 8:40 AM,39.3,66.0,28.9,39.3,,,30.04,,,,,,,,,,,,,
Garage,Temp & Humidity Sensor,2020/12/06 8:45 AM,39.2,66.0,28.8,39.2,,,30.04,,,,,,,,,,,,,
Garage,Temp & Humidity Sensor,2020/12/06 8:50 AM,39.2,66.0,28.8,39.2,,,30.05,,,,,,,,,,,,,
Garage,Temp & Humidity Sensor,2020/12/06 8:55 AM,39.2,66.0,28.8,39.2,,,30.05,,,,,,,,,,,,,
Garage,Temp & Humidity Sensor,2020/12/06 9:00 AM,39.2,66.0,28.8,39.2,,,30.05,,,,,,,,,,,,,
Garage,Temp & Humidity Sensor,2020/12/06 9:05 AM,39.2,66.0,28.8,39.2,,,30.05,,,,,,,,,,,,,
Garage,Temp & Humidity Sensor,2020/12/06 9:10 AM,39.2,66.0,28.8,39.2,,,30.04,,,,,,,,,,,,,
Garage,Temp & Humidity Sensor,2020/12/06 9:15 AM,39.2,66.0,28.8,39.2,,,30.05,,,,,,,,,,,,,
Garage,Temp & Humidity Sensor,2020/12/06 9:20 AM,39.3,66.0,28.9,39.3,,,30.05,,,,,,,,,,,,,
Garage,Temp & Humidity Sensor,2020/12/06 9:25 AM,39.3,66.0,28.9,39.3,,,30.05,,,,,,,,,,,,,
Garage,Temp & Humidity Sensor,2020/12/06 9:30 AM,39.3,66.0,28.9,39.3,,,30.05,,,,,,,,,,,,,
Garage,Temp & Humidity Sensor,2020/12/06 9:35 AM,39.5,66.0,29.1,39.5,,,30.04,,,,,,,,,,,,,
Garage,Temp & Humidity Sensor,2020/12/06 9:40 AM,39.5,66.0,29.1,39.5,,,30.05,,,,,,,,,,,,,
Garage,Temp & Humidity Sensor,2020/12/06 9:45 AM,39.5,66.0,29.1,39.5,,,30.05,,,,,,,,,,,,,
Garage,Temp & Humidity Sensor,2020/12/06 9:50 AM,39.7,66.0,29.3,39.7,,,30.05,,,,,,,,,,,,,
Garage,Temp & Humidity Sensor,2020/12/06 9:55 AM,39.7,66.0,29.3,39.7,,,30.05,,,,,,,,,,,,,
Garage,Temp & Humidity Sensor,2020/12/06 10:00 AM,39.9,66.0,29.5,39.9,,,30.05,,,,,,,,,,,,,
Garage,Temp & Humidity Sensor,2020/12/06 10:05 AM,40.1,66.0,29.7,36.9,,,30.05,,,,,,,,,,,,,
Garage,Temp & Humidity Sensor,2020/12/06 10:10 AM,40.1,66.0,29.7,36.9,,,30.05,,,,,,,,,,,,,
Garage,Temp & Humidity Sensor,2020/12/06 10:15 AM,40.2,66.0,29.8,37.0,,,30.04,,,,,,,,,,,,,
Garage,Temp & Humidity Sensor,2020/12/06 10:20 AM,40.4,66.0,30.0,37.2,,,30.04,,,,,,,,,,,,,
Garage,Temp & Humidity Sensor,2020/12/06 10:25 AM,40.4,66.0,30.0,37.2,,,30.04,,,,,,,,,,,,,
Garage,Temp & Humidity Sensor,2020/12/06 10:30 AM,40.6,66.0,30.1,37.5,,,30.04,,,,,,,,,,,,,
Garage,Temp & Humidity Sensor,2020/12/06 10:35 AM,40.8,66.0,30.3,37.7,,,30.04,,,,,,,,,,,,,
Garage,Temp & Humidity Sensor,2020/12/06 10:40 AM,41.0,65.0,30.2,37.9,,,30.04,,,,,,,,,,,,,
Garage,Temp & Humidity Sensor,2020/12/06 10:45 AM,41.1,65.0,30.2,38.0,,,30.04,,,,,,,,,,,,,
Garage,Temp & Humidity Sensor,2020/12/06 10:50 AM,41.1,66.0,30.6,38.0,,,30.04,,,,,,,,,,,,,
Garage,Temp & Humidity Sensor,2020/12/06 10:55 AM,41.3,66.0,30.8,38.2,,,30.04,,,,,,,,,,,,,
Garage,Temp & Humidity Sensor,2020/12/06 11:00 AM,41.5,66.0,31.0,38.5,,,30.04,,,,,,,,,,,,,
Garage,Temp & Humidity Sensor,2020/12/06 11:05 AM,41.7,66.0,31.2,38.7,,,30.04,,,,,,,,,,,,,
Garage,Temp & Humidity Sensor,2020/12/06 11:10 AM,41.9,66.0,31.4,38.9,,,30.04,,,,,,,,,,,,,
Garage,Temp & Humidity Sensor,2020/12/06 11:15 AM,42.0,66.0,31.5,39.0,,,30.04,,,,,,,,,,,,,
Garage,Temp & Humidity Sensor,2020/12/06 11:20 AM,42.0,66.0,31.5,39.0,,,30.03,,,,,,,,,,,,,
Garage,Temp & Humidity Sensor,2020/12/06 11:25 AM,42.2,66.0,31.7,39.2,,,30.03,,,,,,,,,,,,,
Garage,Temp & Humidity Sensor,2020/12/06 11:30 AM,42.4,66.0,31.9,39.4,,,30.03,,,,,,,,,,,,,
Garage,Temp & Humidity Sensor,2020/12/06 11:35 AM,42.6,66.0,32.0,39.7,,,30.02,,,,,,,,,,,,,
Garage,Temp & Humidity Sensor,2020/12/06 11:40 AM,42.8,65.0,31.9,39.8,,,30.02,,,,,,,,,,,,,
Garage,Temp & Humidity Sensor,2020/12/06 11:45 AM,42.8,65.0,31.9,39.8,,,30.02,,,,,,,,,,,,,
Garage,Temp & Humidity Sensor,2020/12/06 11:50 AM,42.8,65.0,31.9,39.8,,,30.01,,,,,,,,,,,,,
Garage,Temp & Humidity Sensor,2020/12/06 11:55 AM,43.1,65.0,32.1,40.2,,,30.01,,,,,,,,,,,,,
Garage,Temp & Humidity Sensor,2020/12/06 12:00 PM,43.1,66.0,32.5,40.2,,,30.01,,,,,,,,,,,,,
Garage,Temp & Humidity Sensor,2020/12/06 12:05 PM,43.3,66.0,32.7,40.4,,,30.01,,,,,,,,,,,,,
Garage,Temp & Humidity Sensor,2020/12/06 12:10 PM,43.5,66.0,32.9,40.7,,,30.01,,,,,,,,,,,,,
Garage,Temp & Humidity Sensor,2020/12/06 12:15 PM,43.7,66.0,33.1,40.9,,,30.0,,,,,,,,,,,,,
Garage,Temp & Humidity Sensor,2020/12/06 12:20 PM,43.8,66.0,33.2,41.0,,,30.0,,,,,,,,,,,,,
Garage,Temp & Humidity Sensor,2020/12/06 12:25 PM,44.0,66.0,33.4,41.2,,,30.0,,,,,,,,,,,,,
Garage,Temp & Humidity Sensor,2020/12/06 12:30 PM,44.2,66.0,33.6,41.4,,,30.0,,,,,,,,,,,,,
Garage,Temp & Humidity Sensor,2020/12/06 12:35 PM,44.4,66.0,33.8,41.6,,,29.99,,,,,,,,,,,,,
Garage,Temp & Humidity Sensor,2020/12/06 12:40 PM,44.4,66.0,33.8,41.6,,,29.99,,,,,,,,,,,,,
Garage,Temp & Humidity Sensor,2020/12/06 12:45 PM,44.6,65.0,33.6,41.8,,,29.98,,,,,,,,,,,,,
Garage,Temp & Humidity Sensor,2020/12/06 12:50 PM,44.7,65.0,33.7,41.9,,,29.98,,,,,,,,,,,,,
Garage,Temp & Humidity Sensor,2020/12/06 12:55 PM,44.9,65.0,33.9,42.1,,,29.98,,,,,,,,,,,,,
Garage,Temp & Humidity Sensor,2020/12/06 1:00 PM,45.1,65.0,34.0,42.4,,,29.97,,,,,,,,,,,,,
Garage,Temp & Humidity Sensor,2020/12/06 1:05 PM,45.5,65.0,34.4,42.8,,,29.97,,,,,,,,,,,,,
Garage,Temp & Humidity Sensor,2020/12/06 1:10 PM,45.8,66.0,35.1,43.2,,,29.97,,,,,,,,,,,,,
Garage,Temp & Humidity Sensor,2020/12/06 1:15 PM,46.0,66.0,35.3,43.4,,,29.96,,,,,,,,,,,,,
Garage,Temp & Humidity Sensor,2020/12/06 1:20 PM,46.2,66.0,35.5,43.6,,,29.96,,,,,,,,,,,,,
Garage,Temp & Humidity Sensor,2020/12/06 1:25 PM,46.5,65.0,35.4,43.9,,,29.96,,,,,,,,,,,,,
Garage,Temp & Humidity Sensor,2020/12/06 1:30 PM,46.7,65.0,35.6,44.1,,,29.95,,,,,,,,,,,,,
Garage,Temp & Humidity Sensor,2020/12/06 1:35 PM,46.9,65.0,35.8,44.3,,,29.95,,,,,,,,,,,,,
Garage,Temp & Humidity Sensor,2020/12/06 1:40 PM,47.1,65.0,35.9,44.6,,,29.95,,,,,,,,,,,,,
Garage,Temp & Humidity Sensor,2020/12/06 1:45 PM,47.3,65.0,36.1,44.8,,,29.95,,,,,,,,,,,,,
Garage,Temp & Humidity Sensor,2020/12/06 1:50 PM,47.3,65.0,36.1,44.8,,,29.95,,,,,,,,,,,,,
Garage,Temp & Humidity Sensor,2020/12/06 1:55 PM,47.4,65.0,36.2,44.9,,,29.95,,,,,,,,,,,,,
Garage,Temp & Humidity Sensor,2020/12/06 2:00 PM,47.6,65.0,36.4,45.1,,,29.95,,,,,,,,,,,,,
Garage,Temp & Humidity Sensor,2020/12/06 2:05 PM,47.6,65.0,36.4,45.1,,,29.95,,,,,,,,,,,,,
Garage,Temp & Humidity Sensor,2020/12/06 2:10 PM,47.8,65.0,36.6,45.3,,,29.94,,,,,,,,,,,,,
Garage,Temp & Humidity Sensor,2020/12/06 2:15 PM,47.8,65.0,36.6,45.3,,,29.94,,,,,,,,,,,,,
Garage,Temp & Humidity Sensor,2020/12/06 2:20 PM,48.0,65.0,36.8,45.6,,,29.94,,,,,,,,,,,,,
Garage,Temp & Humidity Sensor,2020/12/06 2:25 PM,48.0,65.0,36.8,45.6,,,29.94,,,,,,,,,,,,,
Garage,Temp & Humidity Sensor,2020/12/06 2:30 PM,48.0,65.0,36.8,45.6,,,29.94,,,,,,,,,,,,,
Garage,Temp & Humidity Sensor,2020/12/06 2:35 PM,48.2,65.0,37.0,45.8,,,29.94,,,,,,,,,,,,,
Garage,Temp & Humidity Sensor,2020/12/06 2:40 PM,48.2,65.0,37.0,45.8,,,29.94,,,,,,,,,,,,,
Garage,Temp & Humidity Sensor,2020/12/06 2:45 PM,48.2,65.0,37.0,45.8,,,29.94,,,,,,,,,,,,,
Garage,Temp & Humidity Sensor,2020/12/06 2:50 PM,48.2,65.0,37.0,45.8,,,29.95,,,,,,,,,,,,,
Garage,Temp & Humidity Sensor,2020/12/06 2:55 PM,48.2,65.0,37.0,45.8,,,29.94,,,,,,,,,,,,,
Garage,Temp & Humidity Sensor,2020/12/06 3:00 PM,48.3,65.0,37.1,45.9,,,29.95,,,,,,,,,,,,,
Garage,Temp & Humidity Sensor,2020/12/06 3:05 PM,48.5,65.0,37.3,46.1,,,29.95,,,,,,,,,,,,,
Garage,Temp & Humidity Sensor,2020/12/06 3:10 PM,48.5,65.0,37.3,46.1,,,29.95,,,,,,,,,,,,,
Garage,Temp & Humidity Sensor,2020/12/06 3:15 PM,48.7,65.0,37.5,46.3,,,29.95,,,,,,,,,,,,,
Garage,Temp & Humidity Sensor,2020/12/06 3:20 PM,48.9,65.0,37.7,46.5,,,29.95,,,,,,,,,,,,,
Garage,Temp & Humidity Sensor,2020/12/06 3:25 PM,49.2,65.0,37.9,46.9,,,29.94,,,,,,,,,,,,,
Garage,Temp & Humidity Sensor,2020/12/06 3:30 PM,49.2,65.0,37.9,46.9,,,29.94,,,,,,,,,,,,,
Garage,Temp & Humidity Sensor,2020/12/06 3:35 PM,49.4,64.0,37.7,47.0,,,29.94,,,,,,,,,,,,,
Garage,Temp & Humidity Sensor,2020/12/06 3:40 PM,49.6,64.0,37.9,47.3,,,29.94,,,,,,,,,,,,,
Garage,Temp & Humidity Sensor,2020/12/06 3:45 PM,49.8,64.0,38.1,47.5,,,29.94,,,,,,,,,,,,,
Garage,Temp & Humidity Sensor,2020/12/06 3:50 PM,49.8,64.0,38.1,47.5,,,29.94,,,,,,,,,,,,,
Garage,Temp & Humidity Sensor,2020/12/06 3:55 PM,50.0,63.0,37.9,47.7,,,29.94,,,,,,,,,,,,,
Garage,Temp & Humidity Sensor,2020/12/06 4:00 PM,50.0,63.0,37.9,47.7,,,29.94,,,,,,,,,,,,,
Garage,Temp & Humidity Sensor,2020/12/06 4:05 PM,50.0,63.0,37.9,47.7,,,29.94,,,,,,,,,,,,,
Garage,Temp & Humidity Sensor,2020/12/06 4:10 PM,50.0,63.0,37.9,47.7,,,29.94,,,,,,,,,,,,,
Garage,Temp & Humidity Sensor,2020/12/06 4:15 PM,50.0,63.0,37.9,47.7,,,29.94,,,,,,,,,,,,,
Garage,Temp & Humidity Sensor,2020/12/06 4:20 PM,50.0,63.0,37.9,47.7,,,29.93,,,,,,,,,,,,,
Garage,Temp & Humidity Sensor,2020/12/06 4:25 PM,50.0,63.0,37.9,47.7,,,29.93,,,,,,,,,,,,,
Garage,Temp & Humidity Sensor,2020/12/06 4:30 PM,50.0,63.0,37.9,47.7,,,29.93,,,,,,,,,,,,,
Garage,Temp & Humidity Sensor,2020/12/06 4:35 PM,49.8,64.0,38.1,47.5,,,29.93,,,,,,,,,,,,,
Garage,Temp & Humidity Sensor,2020/12/06 4:40 PM,49.8,64.0,38.1,47.5,,,29.94,,,,,,,,,,,,,
Garage,Temp & Humidity Sensor,2020/12/06 4:45 PM,49.6,64.0,37.9,47.3,,,29.95,,,,,,,,,,,,,
Garage,Temp & Humidity Sensor,2020/12/06 4:50 PM,49.6,64.0,37.9,47.3,,,29.95,,,,,,,,,,,,,
Garage,Temp & Humidity Sensor,2020/12/06 4:55 PM,49.4,64.0,37.7,47.0,,,29.94,,,,,,,,,,,,,
Garage,Temp & Humidity Sensor,2020/12/06 5:00 PM,49.2,64.0,37.5,46.8,,,29.94,,,,,,,,,,,,,
Garage,Temp & Humidity Sensor,2020/12/06 5:05 PM,49.1,64.0,37.5,46.7,,,29.93,,,,,,,,,,,,,
Garage,Temp & Humidity Sensor,2020/12/06 5:10 PM,48.9,64.0,37.3,46.5,,,29.93,,,,,,,,,,,,,
Garage,Temp & Humidity Sensor,2020/12/06 5:15 PM,48.9,64.0,37.3,46.5,,,29.94,,,,,,,,,,,,,
Garage,Temp & Humidity Sensor,2020/12/06 5:20 PM,48.9,64.0,37.3,46.5,,,29.93,,,,,,,,,,,,,
Garage,Temp & Humidity Sensor,2020/12/06 5:25 PM,48.9,64.0,37.3,46.5,,,29.94,,,,,,,,,,,,,
Garage,Temp & Humidity Sensor,2020/12/06 5:30 PM,48.9,64.0,37.3,46.5,,,29.93,,,,,,,,,,,,,
Garage,Temp & Humidity Sensor,2020/12/06 5:35 PM,48.9,64.0,37.3,46.5,,,29.93,,,,,,,,,,,,,
Garage,Temp & Humidity Sensor,2020/12/06 5:40 PM,48.9,64.0,37.3,46.5,,,29.94,,,,,,,,,,,,,
Garage,Temp & Humidity Sensor,2020/12/06 5:45 PM,48.7,64.0,37.1,46.3,,,29.94,,,,,,,,,,,,,
Garage,Temp & Humidity Sensor,2020/12/06 5:50 PM,48.7,64.0,37.1,46.3,,,29.94,,,,,,,,,,,,,
Garage,Temp & Humidity Sensor,2020/12/06 5:55 PM,48.7,64.0,37.1,46.3,,,29.95,,,,,,,,,,,,,
Garage,Temp & Humidity Sensor,2020/12/06 6:00 PM,48.5,64.0,36.9,46.1,,,29.95,,,,,,,,,,,,,
Garage,Temp & Humidity Sensor,2020/12/06 6:05 PM,48.5,64.0,36.9,46.1,,,29.96,,,,,,,,,,,,,
Garage,Temp & Humidity Sensor,2020/12/06 6:10 PM,48.5,64.0,36.9,46.1,,,29.96,,,,,,,,,,,,,
Garage,Temp & Humidity Sensor,2020/12/06 6:15 PM,48.2,64.0,36.6,45.7,,,29.96,,,,,,,,,,,,,
Garage,Temp & Humidity Sensor,2020/12/06 6:20 PM,48.2,64.0,36.6,45.7,,,29.96,,,,,,,,,,,,,
Garage,Temp & Humidity Sensor,2020/12/06 6:25 PM,48.2,64.0,36.6,45.7,,,29.96,,,,,,,,,,,,,
Garage,Temp & Humidity Sensor,2020/12/06 6:30 PM,48.2,64.0,36.6,45.7,,,29.97,,,,,,,,,,,,,
Garage,Temp & Humidity Sensor,2020/12/06 6:35 PM,48.2,64.0,36.6,45.7,,,29.96,,,,,,,,,,,,,
Garage,Temp & Humidity Sensor,2020/12/06 6:40 PM,48.0,64.0,36.4,45.5,,,29.96,,,,,,,,,,,,,
Garage,Temp & Humidity Sensor,2020/12/06 6:45 PM,48.0,65.0,36.8,45.6,,,29.96,,,,,,,,,,,,,
Garage,Temp & Humidity Sensor,2020/12/06 6:50 PM,48.0,65.0,36.8,45.6,,,29.96,,,,,,,,,,,,,
Garage,Temp & Humidity Sensor,2020/12/06 6:55 PM,47.8,65.0,36.6,45.3,,,29.95,,,,,,,,,,,,,
Garage,Temp & Humidity Sensor,2020/12/06 7:00 PM,47.8,65.0,36.6,45.3,,,29.96,,,,,,,,,,,,,
Garage,Temp & Humidity Sensor,2020/12/06 7:05 PM,47.6,65.0,36.4,45.1,,,29.95,,,,,,,,,,,,,
Garage,Temp & Humidity Sensor,2020/12/06 7:10 PM,47.6,65.0,36.4,45.1,,,29.96,,,,,,,,,,,,,
Garage,Temp & Humidity Sensor,2020/12/06 7:15 PM,47.4,65.0,36.2,44.9,,,29.96,,,,,,,,,,,,,
Garage,Temp & Humidity Sensor,2020/12/06 7:20 PM,47.4,65.0,36.2,44.9,,,29.96,,,,,,,,,,,,,
Garage,Temp & Humidity Sensor,2020/12/06 7:25 PM,47.4,65.0,36.2,44.9,,,29.97,,,,,,,,,,,,,
Garage,Temp & Humidity Sensor,2020/12/06 7:30 PM,47.3,65.0,36.1,44.8,,,29.97,,,,,,,,,,,,,
Garage,Temp & Humidity Sensor,2020/12/06 7:35 PM,47.3,65.0,36.1,44.8,,,29.96,,,,,,,,,,,,,
Garage,Temp & Humidity Sensor,2020/12/06 7:40 PM,47.3,65.0,36.1,44.8,,,29.96,,,,,,,,,,,,,
Garage,Temp & Humidity Sensor,2020/12/06 7:45 PM,47.3,65.0,36.1,44.8,,,29.97,,,,,,,,,,,,,
Garage,Temp & Humidity Sensor,2020/12/06 7:50 PM,47.1,65.0,35.9,44.6,,,29.96,,,,,,,,,,,,,
Garage,Temp & Humidity Sensor,2020/12/06 7:55 PM,47.1,65.0,35.9,44.6,,,29.97,,,,,,,,,,,,,
Garage,Temp & Humidity Sensor,2020/12/06 8:00 PM,47.1,65.0,35.9,44.6,,,29.97,,,,,,,,,,,,,
Garage,Temp & Humidity Sensor,2020/12/06 8:05 PM,46.9,65.0,35.8,44.3,,,29.97,,,,,,,,,,,,,
Garage,Temp & Humidity Sensor,2020/12/06 8:10 PM,46.9,65.0,35.8,44.3,,,29.96,,,,,,,,,,,,,
Garage,Temp & Humidity Sensor,2020/12/06 8:15 PM,46.9,65.0,35.8,44.3,,,29.96,,,,,,,,,,,,,
Garage,Temp & Humidity Sensor,2020/12/06 8:20 PM,46.7,65.0,35.6,44.1,,,29.96,,,,,,,,,,,,,
Garage,Temp & Humidity Sensor,2020/12/06 8:25 PM,46.7,65.0,35.6,44.1,,,29.96,,,,,,,,,,,,,
Garage,Temp & Humidity Sensor,2020/12/06 8:30 PM,46.7,65.0,35.6,44.1,,,29.95,,,,,,,,,,,,,
Garage,Temp & Humidity Sensor,2020/12/06 8:35 PM,46.5,65.0,35.4,43.9,,,29.95,,,,,,,,,,,,,
Garage,Temp & Humidity Sensor,2020/12/06 8:40 PM,46.5,65.0,35.4,43.9,,,29.95,,,,,,,,,,,,,
Garage,Temp & Humidity Sensor,2020/12/06 8:45 PM,46.5,65.0,35.4,43.9,,,29.94,,,,,,,,,,,,,
Garage,Temp & Humidity Sensor,2020/12/06 8:50 PM,46.4,65.0,35.3,43.8,,,29.94,,,,,,,,,,,,,
Garage,Temp & Humidity Sensor,2020/12/06 8:55 PM,46.4,65.0,35.3,43.8,,,29.94,,,,,,,,,,,,,
Garage,Temp & Humidity Sensor,2020/12/06 9:00 PM,46.4,65.0,35.3,43.8,,,29.94,,,,,,,,,,,,,
Garage,Temp & Humidity Sensor,2020/12/06 9:05 PM,46.2,65.0,35.1,43.6,,,29.93,,,,,,,,,,,,,
Garage,Temp & Humidity Sensor,2020/12/06 9:10 PM,46.2,65.0,35.1,43.6,,,29.93,,,,,,,,,,,,,
Garage,Temp & Humidity Sensor,2020/12/06 9:15 PM,46.2,65.0,35.1,43.6,,,29.93,,,,,,,,,,,,,
Garage,Temp & Humidity Sensor,2020/12/06 9:20 PM,46.2,65.0,35.1,43.6,,,29.92,,,,,,,,,,,,,
Garage,Temp & Humidity Sensor,2020/12/06 9:25 PM,46.0,65.0,34.9,43.4,,,29.92,,,,,,,,,,,,,
Garage,Temp & Humidity Sensor,2020/12/06 9:30 PM,46.0,65.0,34.9,43.4,,,29.92,,,,,,,,,,,,,
Garage,Temp & Humidity Sensor,2020/12/06 9:35 PM,46.0,65.0,34.9,43.4,,,29.92,,,,,,,,,,,,,
Garage,Temp & Humidity Sensor,2020/12/06 9:40 PM,46.0,65.0,34.9,43.4,,,29.92,,,,,,,,,,,,,
Garage,Temp & Humidity Sensor,2020/12/06 9:45 PM,46.0,65.0,34.9,43.4,,,29.93,,,,,,,,,,,,,
Garage,Temp & Humidity Sensor,2020/12/06 9:50 PM,46.0,65.0,34.9,43.4,,,29.93,,,,,,,,,,,,,
Garage,Temp & Humidity Sensor,2020/12/06 9:55 PM,46.0,65.0,34.9,43.4,,,29.93,,,,,,,,,,,,,
Garage,Temp & Humidity Sensor,2020/12/06 10:00 PM,46.0,66.0,35.3,43.4,,,29.92,,,,,,,,,,,,,
Garage,Temp & Humidity Sensor,2020/12/06 10:05 PM,45.8,65.0,34.7,43.1,,,29.93,,,,,,,,,,,,,
Garage,Temp & Humidity Sensor,2020/12/06 10:10 PM,45.8,66.0,35.1,43.2,,,29.92,,,,,,,,,,,,,
Garage,Temp & Humidity Sensor,2020/12/06 10:15 PM,45.8,66.0,35.1,43.2,,,29.92,,,,,,,,,,,,,
Garage,Temp & Humidity Sensor,2020/12/06 10:20 PM,45.8,66.0,35.1,43.2,,,29.92,,,,,,,,,,,,,
Garage,Temp & Humidity Sensor,2020/12/06 10:25 PM,45.8,66.0,35.1,43.2,,,29.91,,,,,,,,,,,,,
Garage,Temp & Humidity Sensor,2020/12/06 10:30 PM,45.8,66.0,35.1,43.2,,,29.91,,,,,,,,,,,,,
Garage,Temp & Humidity Sensor,2020/12/06 10:35 PM,45.8,66.0,35.1,43.2,,,29.91,,,,,,,,,,,,,
Garage,Temp & Humidity Sensor,2020/12/06 10:40 PM,45.8,66.0,35.1,43.2,,,29.91,,,,,,,,,,,,,
Garage,Temp & Humidity Sensor,2020/12/06 10:45 PM,45.8,66.0,35.1,43.2,,,29.91,,,,,,,,,,,,,
Garage,Temp & Humidity Sensor,2020/12/06 10:50 PM,45.8,66.0,35.1,43.2,,,29.91,,,,,,,,,,,,,
Garage,Temp & Humidity Sensor,2020/12/06 10:55 PM,45.6,66.0,34.9,43.0,,,29.92,,,,,,,,,,,,,
Garage,Temp & Humidity Sensor,2020/12/06 11:00 PM,45.6,66.0,34.9,43.0,,,29.92,,,,,,,,,,,,,
Garage,Temp & Humidity Sensor,2020/12/06 11:05 PM,45.6,66.0,34.9,43.0,,,29.92,,,,,,,,,,,,,
Garage,Temp & Humidity Sensor,2020/12/06 11:10 PM,45.6,66.0,34.9,43.0,,,29.93,,,,,,,,,,,,,
Garage,Temp & Humidity Sensor,2020/12/06 11:15 PM,45.6,66.0,34.9,43.0,,,29.93,,,,,,,,,,,,,
Garage,Temp & Humidity Sensor,2020/12/06 11:20 PM,45.6,66.0,34.9,43.0,,,29.93,,,,,,,,,,,,,
Garage,Temp & Humidity Sensor,2020/12/06 11:25 PM,45.6,66.0,34.9,43.0,,,29.93,,,,,,,,,,,,,
Garage,Temp & Humidity Sensor,2020/12/06 11:30 PM,45.6,66.0,34.9,43.0,,,29.92,,,,,,,,,,,,,
Garage,Temp & Humidity Sensor,2020/12/06 11:35 PM,45.6,66.0,34.9,43.0,,,29.92,,,,,,,,,,,,,
Garage,Temp & Humidity Sensor,2020/12/06 11:40 PM,45.6,66.0,34.9,43.0,,,29.92,,,,,,,,,,,,,
Garage,Temp & Humidity Sensor,2020/12/06 11:45 PM,45.6,66.0,34.9,43.0,,,29.91,,,,,,,,,,,,,
Garage,Temp & Humidity Sensor,2020/12/06 11:50 PM,45.6,66.0,34.9,43.0,,,29.91,,,,,,,,,,,,,
Garage,Temp & Humidity Sensor,2020/12/06 11:55 PM,45.6,66.0,34.9,43.0,,,29.91,,,,,,,,,,,,,
Garage,Temp & Humidity Sensor,2020/12/07 12:00 AM,45.6,66.0,34.9,43.0,,,29.91,,,,,,,,,,,,,
Garage,Temp & Humidity Sensor,2020/12/07 12:05 AM,45.6,66.0,34.9,43.0,,,29.91,,,,,,,,,,,,,
Garage,Temp & Humidity Sensor,2020/12/07 12:10 AM,45.6,66.0,34.9,43.0,,,29.91,,,,,,,,,,,,,
Garage,Temp & Humidity Sensor,2020/12/07 12:15 AM,45.6,66.0,34.9,43.0,,,29.91,,,,,,,,,,,,,
Garage,Temp & Humidity Sensor,2020/12/07 12:20 AM,45.6,66.0,34.9,43.0,,,29.91,,,,,,,,,,,,,
Garage,Temp & Humidity Sensor,2020/12/07 12:25 AM,45.6,66.0,34.9,43.0,,,29.91,,,,,,,,,,,,,
Garage,Temp & Humidity Sensor,2020/12/07 12:30 AM,45.6,66.0,34.9,43.0,,,29.91,,,,,,,,,,,,,
Garage,Temp & Humidity Sensor,2020/12/07 12:35 AM,45.6,66.0,34.9,43.0,,,29.91,,,,,,,,,,,,,
Garage,Temp & Humidity Sensor,2020/12/07 12:40 AM,45.6,66.0,34.9,43.0,,,29.91,,,,,,,,,,,,,
Garage,Temp & Humidity Sensor,2020/12/07 12:45 AM,45.6,66.0,34.9,43.0,,,29.9,,,,,,,,,,,,,
Garage,Temp & Humidity Sensor,2020/12/07 12:50 AM,45.6,66.0,34.9,43.0,,,29.9,,,,,,,,,,,,,
Garage,Temp & Humidity Sensor,2020/12/07 12:55 AM,45.6,66.0,34.9,43.0,,,29.89,,,,,,,,,,,,,
Garage,Temp & Humidity Sensor,2020/12/07 1:00 AM,45.6,66.0,34.9,43.0,,,29.9,,,,,,,,,,,,,
Garage,Temp & Humidity Sensor,2020/12/07 1:05 AM,45.6,66.0,34.9,43.0,,,29.89,,,,,,,,,,,,,
Garage,Temp & Humidity Sensor,2020/12/07 1:10 AM,45.6,66.0,34.9,43.0,,,29.88,,,,,,,,,,,,,
Garage,Temp & Humidity Sensor,2020/12/07 1:15 AM,45.6,66.0,34.9,43.0,,,29.88,,,,,,,,,,,,,
Garage,Temp & Humidity Sensor,2020/12/07 1:20 AM,45.8,66.0,35.1,43.2,,,29.87,,,,,,,,,,,,,
Garage,Temp & Humidity Sensor,2020/12/07 1:25 AM,45.6,66.0,34.9,43.0,,,29.87,,,,,,,,,,,,,
Garage,Temp & Humidity Sensor,2020/12/07 1:30 AM,45.6,66.0,34.9,43.0,,,29.86,,,,,,,,,,,,,
Garage,Temp & Humidity Sensor,2020/12/07 1:35 AM,45.8,66.0,35.1,43.2,,,29.86,,,,,,,,,,,,,
Garage,Temp & Humidity Sensor,2020/12/07 1:40 AM,45.8,66.0,35.1,43.2,,,29.86,,,,,,,,,,,,,
Garage,Temp & Humidity Sensor,2020/12/07 1:45 AM,45.8,66.0,35.1,43.2,,,29.86,,,,,,,,,,,,,
Garage,Temp & Humidity Sensor,2020/12/07 1:50 AM,45.8,66.0,35.1,43.2,,,29.86,,,,,,,,,,,,,
Garage,Temp & Humidity Sensor,2020/12/07 1:55 AM,45.8,66.0,35.1,43.2,,,29.87,,,,,,,,,,,,,
Garage,Temp & Humidity Sensor,2020/12/07 2:00 AM,45.8,66.0,35.1,43.2,,,29.87,,,,,,,,,,,,,
Garage,Temp & Humidity Sensor,2020/12/07 2:05 AM,45.8,66.0,35.1,43.2,,,29.86,,,,,,,,,,,,,
Garage,Temp & Humidity Sensor,2020/12/07 2:10 AM,45.8,66.0,35.1,43.2,,,29.86,,,,,,,,,,,,,
Garage,Temp & Humidity Sensor,2020/12/07 2:15 AM,45.8,66.0,35.1,43.2,,,29.86,,,,,,,,,,,,,
Garage,Temp & Humidity Sensor,2020/12/07 2:20 AM,45.8,66.0,35.1,43.2,,,29.87,,,,,,,,,,,,,
Garage,Temp & Humidity Sensor,2020/12/07 2:25 AM,45.8,67.0,35.5,43.2,,,29.86,,,,,,,,,,,,,
Garage,Temp & Humidity Sensor,2020/12/07 2:30 AM,45.8,67.0,35.5,43.2,,,29.86,,,,,,,,,,,,,
Garage,Temp & Humidity Sensor,2020/12/07 2:35 AM,45.8,67.0,35.5,43.2,,,29.86,,,,,,,,,,,,,
Garage,Temp & Humidity Sensor,2020/12/07 2:40 AM,45.8,67.0,35.5,43.2,,,29.86,,,,,,,,,,,,,
Garage,Temp & Humidity Sensor,2020/12/07 2:45 AM,45.8,67.0,35.5,43.2,,,29.86,,,,,,,,,,,,,
Garage,Temp & Humidity Sensor,2020/12/07 2:50 AM,45.8,67.0,35.5,43.2,,,29.86,,,,,,,,,,,,,
Garage,Temp & Humidity Sensor,2020/12/07 2:55 AM,45.8,67.0,35.5,43.2,,,29.86,,,,,,,,,,,,,
Garage,Temp & Humidity Sensor,2020/12/07 3:00 AM,45.8,67.0,35.5,43.2,,,29.86,,,,,,,,,,,,,
Garage,Temp & Humidity Sensor,2020/12/07 3:05 AM,45.8,67.0,35.5,43.2,,,29.86,,,,,,,,,,,,,
Garage,Temp & Humidity Sensor,2020/12/07 3:10 AM,46.0,67.0,35.7,43.4,,,29.85,,,,,,,,,,,,,
Garage,Temp & Humidity Sensor,2020/12/07 3:15 AM,46.0,67.0,35.7,43.4,,,29.85,,,,,,,,,,,,,
Garage,Temp & Humidity Sensor,2020/12/07 3:20 AM,46.0,67.0,35.7,43.4,,,29.84,,,,,,,,,,,,,
Garage,Temp & Humidity Sensor,2020/12/07 3:25 AM,46.0,67.0,35.7,43.4,,,29.84,,,,,,,,,,,,,
Garage,Temp & Humidity Sensor,2020/12/07 3:30 AM,46.0,67.0,35.7,43.4,,,29.84,,,,,,,,,,,,,
Garage,Temp & Humidity Sensor,2020/12/07 3:35 AM,46.0,67.0,35.7,43.4,,,29.84,,,,,,,,,,,,,
Garage,Temp & Humidity Sensor,2020/12/07 3:40 AM,46.0,67.0,35.7,43.4,,,29.84,,,,,,,,,,,,,
Garage,Temp & Humidity Sensor,2020/12/07 3:45 AM,46.0,67.0,35.7,43.4,,,29.83,,,,,,,,,,,,,
Garage,Temp & Humidity Sensor,2020/12/07 3:50 AM,46.0,67.0,35.7,43.4,,,29.83,,,,,,,,,,,,,
Garage,Temp & Humidity Sensor,2020/12/07 3:55 AM,46.0,67.0,35.7,43.4,,,29.83,,,,,,,,,,,,,
Garage,Temp & Humidity Sensor,2020/12/07 4:00 AM,46.0,67.0,35.7,43.4,,,29.82,,,,,,,,,,,,,
Garage,Temp & Humidity Sensor,2020/12/07 4:05 AM,46.0,67.0,35.7,43.4,,,29.82,,,,,,,,,,,,,
Garage,Temp & Humidity Sensor,2020/12/07 4:10 AM,46.0,67.0,35.7,43.4,,,29.82,,,,,,,,,,,,,
Garage,Temp & Humidity Sensor,2020/12/07 4:15 AM,46.2,67.0,35.9,43.7,,,29.82,,,,,,,,,,,,,
Garage,Temp & Humidity Sensor,2020/12/07 4:20 AM,46.2,67.0,35.9,43.7,,,29.82,,,,,,,,,,,,,
Garage,Temp & Humidity Sensor,2020/12/07 4:25 AM,46.2,67.0,35.9,43.7,,,29.81,,,,,,,,,,,,,
Garage,Temp & Humidity Sensor,2020/12/07 4:30 AM,46.2,67.0,35.9,43.7,,,29.81,,,,,,,,,,,,,
Garage,Temp & Humidity Sensor,2020/12/07 4:35 AM,46.2,67.0,35.9,43.7,,,29.8,,,,,,,,,,,,,
Garage,Temp & Humidity Sensor,2020/12/07 4:40 AM,46.2,67.0,35.9,43.7,,,29.8,,,,,,,,,,,,,
Garage,Temp & Humidity Sensor,2020/12/07 4:45 AM,46.2,67.0,35.9,43.7,,,29.81,,,,,,,,,,,,,
Garage,Temp & Humidity Sensor,2020/12/07 4:50 AM,46.2,67.0,35.9,43.7,,,29.8,,,,,,,,,,,,,
Garage,Temp & Humidity Sensor,2020/12/07 4:55 AM,46.2,67.0,35.9,43.7,,,29.8,,,,,,,,,,,,,
Garage,Temp & Humidity Sensor,2020/12/07 5:00 AM,46.2,67.0,35.9,43.7,,,29.8,,,,,,,,,,,,,
Garage,Temp & Humidity Sensor,2020/12/07 5:05 AM,46.2,67.0,35.9,43.7,,,29.79,,,,,,,,,,,,,
Garage,Temp & Humidity Sensor,2020/12/07 5:10 AM,46.2,67.0,35.9,43.7,,,29.79,,,,,,,,,,,,,
Garage,Temp & Humidity Sensor,2020/12/07 5:15 AM,46.2,67.0,35.9,43.7,,,29.79,,,,,,,,,,,,,
Garage,Temp & Humidity Sensor,2020/12/07 5:20 AM,46.2,68.0,36.2,43.7,,,29.79,,,,,,,,,,,,,
Garage,Temp & Humidity Sensor,2020/12/07 5:25 AM,46.2,68.0,36.2,43.7,,,29.79,,,,,,,,,,,,,
Garage,Temp & Humidity Sensor,2020/12/07 5:30 AM,46.4,67.0,36.0,43.9,,,29.79,,,,,,,,,,,,,
Garage,Temp & Humidity Sensor,2020/12/07 5:35 AM,46.4,67.0,36.0,43.9,,,29.79,,,,,,,,,,,,,
Garage,Temp & Humidity Sensor,2020/12/07 5:40 AM,46.4,67.0,36.0,43.9,,,29.79,,,,,,,,,,,,,
Garage,Temp & Humidity Sensor,2020/12/07 5:45 AM,46.4,67.0,36.0,43.9,,,29.8,,,,,,,,,,,,,
Garage,Temp & Humidity Sensor,2020/12/07 5:50 AM,46.4,67.0,36.0,43.9,,,29.79,,,,,,,,,,,,,
Garage,Temp & Humidity Sensor,2020/12/07 5:55 AM,46.4,67.0,36.0,43.9,,,29.79,,,,,,,,,,,,,
Garage,Temp & Humidity Sensor,2020/12/07 6:00 AM,46.4,67.0,36.0,43.9,,,29.8,,,,,,,,,,,,,
Garage,Temp & Humidity Sensor,2020/12/07 6:05 AM,46.4,67.0,36.0,43.9,,,29.79,,,,,,,,,,,,,
Garage,Temp & Humidity Sensor,2020/12/07 6:10 AM,46.4,67.0,36.0,43.9,,,29.8,,,,,,,,,,,,,
Garage,Temp & Humidity Sensor,2020/12/07 6:15 AM,46.4,67.0,36.0,43.9,,,29.8,,,,,,,,,,,,,
Garage,Temp & Humidity Sensor,2020/12/07 6:20 AM,46.4,67.0,36.0,43.9,,,29.8,,,,,,,,,,,,,
Garage,Temp & Humidity Sensor,2020/12/07 6:25 AM,46.4,67.0,36.0,43.9,,,29.8,,,,,,,,,,,,,
Garage,Temp & Humidity Sensor,2020/12/07 6:30 AM,46.4,67.0,36.0,43.9,,,29.8,,,,,,,,,,,,,
Garage,Temp & Humidity Sensor,2020/12/07 6:35 AM,46.4,67.0,36.0,43.9,,,29.79,,,,,,,,,,,,,
Garage,Temp & Humidity Sensor,2020/12/07 6:40 AM,46.5,67.0,36.1,44.0,,,29.8,,,,,,,,,,,,,
Garage,Temp & Humidity Sensor,2020/12/07 6:45 AM,46.5,67.0,36.1,44.0,,,29.8,,,,,,,,,,,,,
Garage,Temp & Humidity Sensor,2020/12/07 6:50 AM,46.5,67.0,36.1,44.0,,,29.8,,,,,,,,,,,,,
Garage,Temp & Humidity Sensor,2020/12/07 6:55 AM,46.5,67.0,36.1,44.0,,,29.8,,,,,,,,,,,,,
Garage,Temp & Humidity Sensor,2020/12/07 7:00 AM,46.5,67.0,36.1,44.0,,,29.8,,,,,,,,,,,,,
Garage,Temp & Humidity Sensor,2020/12/07 7:05 AM,46.5,67.0,36.1,44.0,,,29.8,,,,,,,,,,,,,
Garage,Temp & Humidity Sensor,2020/12/07 7:10 AM,46.5,67.0,36.1,44.0,,,29.8,,,,,,,,,,,,,
Garage,Temp & Humidity Sensor,2020/12/07 7:15 AM,46.5,68.0,36.5,44.0,,,29.8,,,,,,,,,,,,,
Garage,Temp & Humidity Sensor,2020/12/07 7:20 AM,46.5,68.0,36.5,44.0,,,29.8,,,,,,,,,,,,,
Garage,Temp & Humidity Sensor,2020/12/07 7:25 AM,46.5,68.0,36.5,44.0,,,29.8,,,,,,,,,,,,,
Garage,Temp & Humidity Sensor,2020/12/07 7:30 AM,46.5,68.0,36.5,44.0,,,29.8,,,,,,,,,,,,,
Garage,Temp & Humidity Sensor,2020/12/07 7:35 AM,46.7,68.0,36.7,44.3,,,29.8,,,,,,,,,,,,,
Garage,Temp & Humidity Sensor,2020/12/07 7:40 AM,46.7,68.0,36.7,44.3,,,29.8,,,,,,,,,,,,,
Garage,Temp & Humidity Sensor,2020/12/07 7:45 AM,46.7,68.0,36.7,44.3,,,29.8,,,,,,,,,,,,,
Garage,Temp & Humidity Sensor,2020/12/07 7:50 AM,46.7,68.0,36.7,44.3,,,29.8,,,,,,,,,,,,,
Garage,Temp & Humidity Sensor,2020/12/07 7:55 AM,46.7,68.0,36.7,44.3,,,29.79,,,,,,,,,,,,,
Garage,Temp & Humidity Sensor,2020/12/07 8:00 AM,46.7,68.0,36.7,44.3,,,29.79,,,,,,,,,,,,,
Garage,Temp & Humidity Sensor,2020/12/07 8:05 AM,46.7,68.0,36.7,44.3,,,29.8,,,,,,,,,,,,,
Garage,Temp & Humidity Sensor,2020/12/07 8:10 AM,46.7,68.0,36.7,44.3,,,29.79,,,,,,,,,,,,,
Garage,Temp & Humidity Sensor,2020/12/07 8:15 AM,46.7,68.0,36.7,44.3,,,29.79,,,,,,,,,,,,,
Garage,Temp & Humidity Sensor,2020/12/07 8:20 AM,46.9,68.0,36.9,44.5,,,29.79,,,,,,,,,,,,,
Garage,Temp & Humidity Sensor,2020/12/07 8:25 AM,46.9,68.0,36.9,44.5,,,29.79,,,,,,,,,,,,,
Garage,Temp & Humidity Sensor,2020/12/07 8:30 AM,46.9,68.0,36.9,44.5,,,29.79,,,,,,,,,,,,,
Garage,Temp & Humidity Sensor,2020/12/07 8:35 AM,46.9,68.0,36.9,44.5,,,29.79,,,,,,,,,,,,,
Garage,Temp & Humidity Sensor,2020/12/07 8:40 AM,46.9,68.0,36.9,44.5,,,29.79,,,,,,,,,,,,,
Garage,Temp & Humidity Sensor,2020/12/07 8:45 AM,46.9,68.0,36.9,44.5,,,29.79,,,,,,,,,,,,,
Garage,Temp & Humidity Sensor,2020/12/07 8:50 AM,46.9,68.0,36.9,44.5,,,29.8,,,,,,,,,,,,,
Garage,Temp & Humidity Sensor,2020/12/07 8:55 AM,46.9,68.0,36.9,44.5,,,29.79,,,,,,,,,,,,,
Garage,Temp & Humidity Sensor,2020/12/07 9:00 AM,47.1,68.0,37.1,44.7,,,29.79,,,,,,,,,,,,,
Garage,Temp & Humidity Sensor,2020/12/07 9:05 AM,47.1,68.0,37.1,44.7,,,29.79,,,,,,,,,,,,,
Garage,Temp & Humidity Sensor,2020/12/07 9:10 AM,47.1,68.0,37.1,44.7,,,29.79,,,,,,,,,,,,,
Garage,Temp & Humidity Sensor,2020/12/07 9:15 AM,47.1,68.0,37.1,44.7,,,29.79,,,,,,,,,,,,,
Garage,Temp & Humidity Sensor,2020/12/07 9:20 AM,47.1,68.0,37.1,44.7,,,29.79,,,,,,,,,,,,,
Garage,Temp & Humidity Sensor,2020/12/07 9:25 AM,47.1,68.0,37.1,44.7,,,29.79,,,,,,,,,,,,,
Garage,Temp & Humidity Sensor,2020/12/07 9:30 AM,47.3,68.0,37.3,44.9,,,29.79,,,,,,,,,,,,,
Garage,Temp & Humidity Sensor,2020/12/07 9:35 AM,47.3,68.0,37.3,44.9,,,29.79,,,,,,,,,,,,,
Garage,Temp & Humidity Sensor,2020/12/07 9:40 AM,47.3,68.0,37.3,44.9,,,29.79,,,,,,,,,,,,,
Garage,Temp & Humidity Sensor,2020/12/07 9:45 AM,47.3,68.0,37.3,44.9,,,29.79,,,,,,,,,,,,,
Garage,Temp & Humidity Sensor,2020/12/07 9:50 AM,47.3,69.0,37.7,45.0,,,29.79,,,,,,,,,,,,,
Garage,Temp & Humidity Sensor,2020/12/07 9:55 AM,47.3,69.0,37.7,45.0,,,29.79,,,,,,,,,,,,,
Garage,Temp & Humidity Sensor,2020/12/07 10:00 AM,47.3,69.0,37.7,45.0,,,29.79,,,,,,,,,,,,,
Garage,Temp & Humidity Sensor,2020/12/07 10:05 AM,47.4,69.0,37.7,45.1,,,29.79,,,,,,,,,,,,,
Garage,Temp & Humidity Sensor,2020/12/07 10:10 AM,47.4,69.0,37.7,45.1,,,29.79,,,,,,,,,,,,,
Garage,Temp & Humidity Sensor,2020/12/07 10:15 AM,47.4,69.0,37.7,45.1,,,29.79,,,,,,,,,,,,,
Garage,Temp & Humidity Sensor,2020/12/07 10:20 AM,47.4,69.0,37.7,45.1,,,29.79,,,,,,,,,,,,,
Garage,Temp & Humidity Sensor,2020/12/07 10:25 AM,47.4,69.0,37.7,45.1,,,29.79,,,,,,,,,,,,,
Garage,Temp & Humidity Sensor,2020/12/07 10:30 AM,47.4,69.0,37.7,45.1,,,29.79,,,,,,,,,,,,,
Garage,Temp & Humidity Sensor,2020/12/07 10:35 AM,47.6,69.0,37.9,45.3,,,29.78,,,,,,,,,,,,,
Garage,Temp & Humidity Sensor,2020/12/07 10:40 AM,47.6,69.0,37.9,45.3,,,29.79,,,,,,,,,,,,,
Garage,Temp & Humidity Sensor,2020/12/07 10:45 AM,47.6,69.0,37.9,45.3,,,29.78,,,,,,,,,,,,,
Garage,Temp & Humidity Sensor,2020/12/07 10:50 AM,47.6,69.0,37.9,45.3,,,29.78,,,,,,,,,,,,,
Garage,Temp & Humidity Sensor,2020/12/07 10:55 AM,47.6,69.0,37.9,45.3,,,29.78,,,,,,,,,,,,,
Garage,Temp & Humidity Sensor,2020/12/07 11:00 AM,47.6,69.0,37.9,45.3,,,29.78,,,,,,,,,,,,,
Garage,Temp & Humidity Sensor,2020/12/07 11:05 AM,47.6,69.0,37.9,45.3,,,29.78,,,,,,,,,,,,,
Garage,Temp & Humidity Sensor,2020/12/07 11:10 AM,47.6,69.0,37.9,45.3,,,29.78,,,,,,,,,,,,,
Garage,Temp & Humidity Sensor,2020/12/07 11:15 AM,47.6,69.0,37.9,45.3,,,29.78,,,,,,,,,,,,,
Garage,Temp & Humidity Sensor,2020/12/07 11:20 AM,47.6,69.0,37.9,45.3,,,29.78,,,,,,,,,,,,,
Garage,Temp & Humidity Sensor,2020/12/07 11:25 AM,47.6,69.0,37.9,45.3,,,29.78,,,,,,,,,,,,,
Garage,Temp & Humidity Sensor,2020/12/07 11:30 AM,47.6,69.0,37.9,45.3,,,29.78,,,,,,,,,,,,,
Garage,Temp & Humidity Sensor,2020/12/07 11:35 AM,47.6,69.0,37.9,45.3,,,29.78,,,,,,,,,,,,,
Garage,Temp & Humidity Sensor,2020/12/07 11:40 AM,47.6,69.0,37.9,45.3,,,29.77,,,,,,,,,,,,,
Garage,Temp & Humidity Sensor,2020/12/07 11:45 AM,47.4,69.0,37.7,45.1,,,29.77,,,,,,,,,,,,,
Garage,Temp & Humidity Sensor,2020/12/07 11:50 AM,47.4,69.0,37.7,45.1,,,29.77,,,,,,,,,,,,,
Garage,Temp & Humidity Sensor,2020/12/07 11:55 AM,47.4,69.0,37.7,45.1,,,29.77,,,,,,,,,,,,,
Garage,Temp & Humidity Sensor,2020/12/07 12:00 PM,47.4,69.0,37.7,45.1,,,29.76,,,,,,,,,,,,,
Garage,Temp & Humidity Sensor,2020/12/07 12:05 PM,47.4,69.0,37.7,45.1,,,29.76,,,,,,,,,,,,,
Garage,Temp & Humidity Sensor,2020/12/07 12:10 PM,47.3,69.0,37.7,45.0,,,29.76,,,,,,,,,,,,,
Garage,Temp & Humidity Sensor,2020/12/07 12:15 PM,47.3,69.0,37.7,45.0,,,29.76,,,,,,,,,,,,,
Garage,Temp & Humidity Sensor,2020/12/07 12:20 PM,47.3,69.0,37.7,45.0,,,29.76,,,,,,,,,,,,,
Garage,Temp & Humidity Sensor,2020/12/07 12:25 PM,47.3,69.0,37.7,45.0,,,29.76,,,,,,,,,,,,,
Garage,Temp & Humidity Sensor,2020/12/07 12:30 PM,47.3,69.0,37.7,45.0,,,29.76,,,,,,,,,,,,,
Garage,Temp & Humidity Sensor,2020/12/07 12:35 PM,47.1,69.0,37.5,44.8,,,29.76,,,,,,,,,,,,,
Garage,Temp & Humidity Sensor,2020/12/07 12:40 PM,47.1,69.0,37.5,44.8,,,29.76,,,,,,,,,,,,,
Garage,Temp & Humidity Sensor,2020/12/07 12:45 PM,47.1,69.0,37.5,44.8,,,29.76,,,,,,,,,,,,,
Garage,Temp & Humidity Sensor,2020/12/07 12:50 PM,47.1,69.0,37.5,44.8,,,29.76,,,,,,,,,,,,,
Garage,Temp & Humidity Sensor,2020/12/07 12:55 PM,46.9,69.0,37.3,44.5,,,29.75,,,,,,,,,,,,,
Garage,Temp & Humidity Sensor,2020/12/07 1:00 PM,46.9,69.0,37.3,44.5,,,29.75,,,,,,,,,,,,,
Garage,Temp & Humidity Sensor,2020/12/07 1:05 PM,46.9,69.0,37.3,44.5,,,29.75,,,,,,,,,,,,,
Garage,Temp & Humidity Sensor,2020/12/07 1:10 PM,46.9,69.0,37.3,44.5,,,29.75,,,,,,,,,,,,,
Garage,Temp & Humidity Sensor,2020/12/07 1:15 PM,46.7,69.0,37.1,44.3,,,29.75,,,,,,,,,,,,,
Garage,Temp & Humidity Sensor,2020/12/07 1:20 PM,46.7,69.0,37.1,44.3,,,29.75,,,,,,,,,,,,,
Garage,Temp & Humidity Sensor,2020/12/07 1:25 PM,46.7,69.0,37.1,44.3,,,29.75,,,,,,,,,,,,,
Garage,Temp & Humidity Sensor,2020/12/07 1:30 PM,46.7,69.0,37.1,44.3,,,29.75,,,,,,,,,,,,,
Garage,Temp & Humidity Sensor,2020/12/07 1:35 PM,46.5,69.0,36.9,44.1,,,29.75,,,,,,,,,,,,,
Garage,Temp & Humidity Sensor,2020/12/07 1:40 PM,46.5,69.0,36.9,44.1,,,29.75,,,,,,,,,,,,,
Garage,Temp & Humidity Sensor,2020/12/07 1:45 PM,46.5,69.0,36.9,44.1,,,29.75,,,,,,,,,,,,,
Garage,Temp & Humidity Sensor,2020/12/07 1:50 PM,46.4,69.0,36.8,44.0,,,29.75,,,,,,,,,,,,,
Garage,Temp & Humidity Sensor,2020/12/07 1:55 PM,46.4,69.0,36.8,44.0,,,29.74,,,,,,,,,,,,,
Garage,Temp & Humidity Sensor,2020/12/07 2:00 PM,46.4,69.0,36.8,44.0,,,29.74,,,,,,,,,,,,,
Garage,Temp & Humidity Sensor,2020/12/07 2:05 PM,46.4,69.0,36.8,44.0,,,29.75,,,,,,,,,,,,,
Garage,Temp & Humidity Sensor,2020/12/07 2:10 PM,46.4,69.0,36.8,44.0,,,29.75,,,,,,,,,,,,,
Garage,Temp & Humidity Sensor,2020/12/07 2:15 PM,46.2,69.0,36.6,43.8,,,29.75,,,,,,,,,,,,,
Garage,Temp & Humidity Sensor,2020/12/07 2:20 PM,46.2,69.0,36.6,43.8,,,29.75,,,,,,,,,,,,,
Garage,Temp & Humidity Sensor,2020/12/07 2:25 PM,46.2,69.0,36.6,43.8,,,29.75,,,,,,,,,,,,,
Garage,Temp & Humidity Sensor,2020/12/07 2:30 PM,46.2,69.0,36.6,43.8,,,29.75,,,,,,,,,,,,,
Garage,Temp & Humidity Sensor,2020/12/07 2:35 PM,46.0,69.0,36.4,43.5,,,29.75,,,,,,,,,,,,,
Garage,Temp & Humidity Sensor,2020/12/07 2:40 PM,46.0,69.0,36.4,43.5,,,29.75,,,,,,,,,,,,,
Garage,Temp & Humidity Sensor,2020/12/07 2:45 PM,46.0,69.0,36.4,43.5,,,29.75,,,,,,,,,,,,,
Garage,Temp & Humidity Sensor,2020/12/07 2:50 PM,45.8,69.0,36.2,43.3,,,29.75,,,,,,,,,,,,,
Garage,Temp & Humidity Sensor,2020/12/07 2:55 PM,45.8,69.0,36.2,43.3,,,29.75,,,,,,,,,,,,,
Garage,Temp & Humidity Sensor,2020/12/07 3:00 PM,45.8,69.0,36.2,43.3,,,29.75,,,,,,,,,,,,,
Garage,Temp & Humidity Sensor,2020/12/07 3:05 PM,45.8,69.0,36.2,43.3,,,29.75,,,,,,,,,,,,,
Garage,Temp & Humidity Sensor,2020/12/07 3:10 PM,45.6,69.0,36.0,43.1,,,29.76,,,,,,,,,,,,,
Garage,Temp & Humidity Sensor,2020/12/07 3:15 PM,45.6,69.0,36.0,43.1,,,29.76,,,,,,,,,,,,,
Garage,Temp & Humidity Sensor,2020/12/07 3:20 PM,45.6,69.0,36.0,43.1,,,29.76,,,,,,,,,,,,,
Garage,Temp & Humidity Sensor,2020/12/07 3:25 PM,45.6,69.0,36.0,43.1,,,29.76,,,,,,,,,,,,,
Garage,Temp & Humidity Sensor,2020/12/07 3:30 PM,45.5,69.0,35.9,43.0,,,29.76,,,,,,,,,,,,,
Garage,Temp & Humidity Sensor,2020/12/07 3:35 PM,45.5,69.0,35.9,43.0,,,29.77,,,,,,,,,,,,,
Garage,Temp & Humidity Sensor,2020/12/07 3:40 PM,45.5,69.0,35.9,43.0,,,29.77,,,,,,,,,,,,,
Garage,Temp & Humidity Sensor,2020/12/07 3:45 PM,45.3,69.0,35.7,42.8,,,29.77,,,,,,,,,,,,,
Garage,Temp & Humidity Sensor,2020/12/07 3:50 PM,45.3,69.0,35.7,42.8,,,29.77,,,,,,,,,,,,,
Garage,Temp & Humidity Sensor,2020/12/07 3:55 PM,45.3,69.0,35.7,42.8,,,29.77,,,,,,,,,,,,,
Garage,Temp & Humidity Sensor,2020/12/07 4:00 PM,45.1,69.0,35.5,42.6,,,29.77,,,,,,,,,,,,,
Garage,Temp & Humidity Sensor,2020/12/07 4:05 PM,45.1,69.0,35.5,42.6,,,29.77,,,,,,,,,,,,,
Garage,Temp & Humidity Sensor,2020/12/07 4:10 PM,45.1,69.0,35.5,42.6,,,29.78,,,,,,,,,,,,,
Garage,Temp & Humidity Sensor,2020/12/07 4:15 PM,45.1,69.0,35.5,42.6,,,29.78,,,,,,,,,,,,,
Garage,Temp & Humidity Sensor,2020/12/07 4:20 PM,44.9,69.0,35.4,42.3,,,29.78,,,,,,,,,,,,,
Garage,Temp & Humidity Sensor,2020/12/07 4:25 PM,44.9,69.0,35.4,42.3,,,29.79,,,,,,,,,,,,,
Garage,Temp & Humidity Sensor,2020/12/07 4:30 PM,44.9,69.0,35.4,42.3,,,29.79,,,,,,,,,,,,,
Garage,Temp & Humidity Sensor,2020/12/07 4:35 PM,44.9,69.0,35.4,42.3,,,29.79,,,,,,,,,,,,,
Garage,Temp & Humidity Sensor,2020/12/07 4:40 PM,44.9,69.0,35.4,42.3,,,29.79,,,,,,,,,,,,,
Garage,Temp & Humidity Sensor,2020/12/07 4:45 PM,44.7,69.0,35.2,42.1,,,29.79,,,,,,,,,,,,,
Garage,Temp & Humidity Sensor,2020/12/07 4:50 PM,44.7,69.0,35.2,42.1,,,29.79,,,,,,,,,,,,,
Garage,Temp & Humidity Sensor,2020/12/07 4:55 PM,44.7,69.0,35.2,42.1,,,29.79,,,,,,,,,,,,,
Garage,Temp & Humidity Sensor,2020/12/07 5:00 PM,44.7,69.0,35.2,42.1,,,29.79,,,,,,,,,,,,,
Garage,Temp & Humidity Sensor,2020/12/07 5:05 PM,44.6,69.0,35.1,42.0,,,29.79,,,,,,,,,,,,,
Garage,Temp & Humidity Sensor,2020/12/07 5:10 PM,44.6,69.0,35.1,42.0,,,29.8,,,,,,,,,,,,,
Garage,Temp & Humidity Sensor,2020/12/07 5:15 PM,44.6,69.0,35.1,42.0,,,29.8,,,,,,,,,,,,,
Garage,Temp & Humidity Sensor,2020/12/07 5:20 PM,44.6,69.0,35.1,42.0,,,29.8,,,,,,,,,,,,,
Garage,Temp & Humidity Sensor,2020/12/07 5:25 PM,44.6,69.0,35.1,42.0,,,29.8,,,,,,,,,,,,,
Garage,Temp & Humidity Sensor,2020/12/07 5:30 PM,44.6,69.0,35.1,42.0,,,29.8,,,,,,,,,,,,,
Garage,Temp & Humidity Sensor,2020/12/07 5:35 PM,44.6,69.0,35.1,42.0,,,29.8,,,,,,,,,,,,,
Garage,Temp & Humidity Sensor,2020/12/07 5:40 PM,44.6,69.0,35.1,42.0,,,29.8,,,,,,,,,,,,,
Garage,Temp & Humidity Sensor,2020/12/07 5:45 PM,44.6,69.0,35.1,42.0,,,29.8,,,,,,,,,,,,,
Garage,Temp & Humidity Sensor,2020/12/07 5:50 PM,44.6,69.0,35.1,42.0,,,29.81,,,,,,,,,,,,,
Garage,Temp & Humidity Sensor,2020/12/07 5:55 PM,44.6,69.0,35.1,42.0,,,29.81,,,,,,,,,,,,,
Garage,Temp & Humidity Sensor,2020/12/07 6:00 PM,44.4,69.0,34.9,41.8,,,29.81,,,,,,,,,,,,,
Garage,Temp & Humidity Sensor,2020/12/07 6:05 PM,44.4,69.0,34.9,41.8,,,29.82,,,,,,,,,,,,,
Garage,Temp & Humidity Sensor,2020/12/07 6:10 PM,44.4,69.0,34.9,41.8,,,29.82,,,,,,,,,,,,,
Garage,Temp & Humidity Sensor,2020/12/07 6:15 PM,44.4,69.0,34.9,41.8,,,29.82,,,,,,,,,,,,,
Garage,Temp & Humidity Sensor,2020/12/07 6:20 PM,44.4,69.0,34.9,41.8,,,29.82,,,,,,,,,,,,,
Garage,Temp & Humidity Sensor,2020/12/07 6:25 PM,44.2,69.0,34.7,41.6,,,29.83,,,,,,,,,,,,,
Garage,Temp & Humidity Sensor,2020/12/07 6:30 PM,44.2,69.0,34.7,41.6,,,29.83,,,,,,,,,,,,,
Garage,Temp & Humidity Sensor,2020/12/07 6:35 PM,44.2,69.0,34.7,41.6,,,29.83,,,,,,,,,,,,,
Garage,Temp & Humidity Sensor,2020/12/07 6:40 PM,44.2,69.0,34.7,41.6,,,29.83,,,,,,,,,,,,,
Garage,Temp & Humidity Sensor,2020/12/07 6:45 PM,44.2,69.0,34.7,41.6,,,29.83,,,,,,,,,,,,,
Garage,Temp & Humidity Sensor,2020/12/07 6:50 PM,44.2,69.0,34.7,41.6,,,29.83,,,,,,,,,,,,,
Garage,Temp & Humidity Sensor,2020/12/07 6:55 PM,44.2,69.0,34.7,41.6,,,29.83,,,,,,,,,,,,,
Garage,Temp & Humidity Sensor,2020/12/07 7:00 PM,44.0,69.0,34.5,41.3,,,29.83,,,,,,,,,,,,,
Garage,Temp & Humidity Sensor,2020/12/07 7:05 PM,44.0,69.0,34.5,41.3,,,29.83,,,,,,,,,,,,,
Garage,Temp & Humidity Sensor,2020/12/07 7:10 PM,44.0,69.0,34.5,41.3,,,29.83,,,,,,,,,,,,,
Garage,Temp & Humidity Sensor,2020/12/07 7:15 PM,44.0,69.0,34.5,41.3,,,29.84,,,,,,,,,,,,,
Garage,Temp & Humidity Sensor,2020/12/07 7:20 PM,44.0,69.0,34.5,41.3,,,29.84,,,,,,,,,,,,,
Garage,Temp & Humidity Sensor,2020/12/07 7:25 PM,44.0,69.0,34.5,41.3,,,29.84,,,,,,,,,,,,,
Garage,Temp & Humidity Sensor,2020/12/07 7:30 PM,44.0,69.0,34.5,41.3,,,29.84,,,,,,,,,,,,,
Garage,Temp & Humidity Sensor,2020/12/07 7:35 PM,44.0,69.0,34.5,41.3,,,29.85,,,,,,,,,,,,,
Garage,Temp & Humidity Sensor,2020/12/07 7:40 PM,44.0,69.0,34.5,41.3,,,29.85,,,,,,,,,,,,,
Garage,Temp & Humidity Sensor,2020/12/07 7:45 PM,43.8,69.0,34.3,41.1,,,29.85,,,,,,,,,,,,,
Garage,Temp & Humidity Sensor,2020/12/07 7:50 PM,43.8,69.0,34.3,41.1,,,29.85,,,,,,,,,,,,,
Garage,Temp & Humidity Sensor,2020/12/07 7:55 PM,43.8,69.0,34.3,41.1,,,29.85,,,,,,,,,,,,,
Garage,Temp & Humidity Sensor,2020/12/07 8:00 PM,43.8,69.0,34.3,41.1,,,29.85,,,,,,,,,,,,,
Garage,Temp & Humidity Sensor,2020/12/07 8:05 PM,43.8,69.0,34.3,41.1,,,29.85,,,,,,,,,,,,,
Garage,Temp & Humidity Sensor,2020/12/07 8:10 PM,43.8,69.0,34.3,41.1,,,29.85,,,,,,,,,,,,,
Garage,Temp & Humidity Sensor,2020/12/07 8:15 PM,43.8,69.0,34.3,41.1,,,29.86,,,,,,,,,,,,,
Garage,Temp & Humidity Sensor,2020/12/07 8:20 PM,43.8,69.0,34.3,41.1,,,29.86,,,,,,,,,,,,,
Garage,Temp & Humidity Sensor,2020/12/07 8:25 PM,43.8,69.0,34.3,41.1,,,29.86,,,,,,,,,,,,,
Garage,Temp & Humidity Sensor,2020/12/07 8:30 PM,43.8,69.0,34.3,41.1,,,29.86,,,,,,,,,,,,,
Garage,Temp & Humidity Sensor,2020/12/07 8:35 PM,43.8,69.0,34.3,41.1,,,29.86,,,,,,,,,,,,,
Garage,Temp & Humidity Sensor,2020/12/07 8:40 PM,43.8,69.0,34.3,41.1,,,29.86,,,,,,,,,,,,,
Garage,Temp & Humidity Sensor,2020/12/07 8:45 PM,43.8,69.0,34.3,41.1,,,29.87,,,,,,,,,,,,,
Garage,Temp & Humidity Sensor,2020/12/07 8:50 PM,43.8,69.0,34.3,41.1,,,29.87,,,,,,,,,,,,,
Garage,Temp & Humidity Sensor,2020/12/07 8:55 PM,43.7,69.0,34.2,41.0,,,29.87,,,,,,,,,,,,,
Garage,Temp & Humidity Sensor,2020/12/07 9:00 PM,43.7,69.0,34.2,41.0,,,29.87,,,,,,,,,,,,,
Garage,Temp & Humidity Sensor,2020/12/07 9:05 PM,43.7,69.0,34.2,41.0,,,29.86,,,,,,,,,,,,,
Garage,Temp & Humidity Sensor,2020/12/07 9:10 PM,43.7,69.0,34.2,41.0,,,29.87,,,,,,,,,,,,,
Garage,Temp & Humidity Sensor,2020/12/07 9:15 PM,43.7,69.0,34.2,41.0,,,29.87,,,,,,,,,,,,,
Garage,Temp & Humidity Sensor,2020/12/07 9:20 PM,43.7,69.0,34.2,41.0,,,29.87,,,,,,,,,,,,,
Garage,Temp & Humidity Sensor,2020/12/07 9:25 PM,43.7,69.0,34.2,41.0,,,29.88,,,,,,,,,,,,,
Garage,Temp & Humidity Sensor,2020/12/07 9:30 PM,43.7,69.0,34.2,41.0,,,29.88,,,,,,,,,,,,,
Garage,Temp & Humidity Sensor,2020/12/07 9:35 PM,43.7,69.0,34.2,41.0,,,29.87,,,,,,,,,,,,,
Garage,Temp & Humidity Sensor,2020/12/07 9:40 PM,43.7,69.0,34.2,41.0,,,29.88,,,,,,,,,,,,,
Garage,Temp & Humidity Sensor,2020/12/07 9:45 PM,43.7,69.0,34.2,41.0,,,29.88,,,,,,,,,,,,,
Garage,Temp & Humidity Sensor,2020/12/07 9:50 PM,43.7,69.0,34.2,41.0,,,29.89,,,,,,,,,,,,,
Garage,Temp & Humidity Sensor,2020/12/07 9:55 PM,43.7,69.0,34.2,41.0,,,29.89,,,,,,,,,,,,,
Garage,Temp & Humidity Sensor,2020/12/07 10:00 PM,43.5,69.0,34.0,40.8,,,29.89,,,,,,,,,,,,,
Garage,Temp & Humidity Sensor,2020/12/07 10:05 PM,43.5,69.0,34.0,40.8,,,29.89,,,,,,,,,,,,,
Garage,Temp & Humidity Sensor,2020/12/07 10:10 PM,43.5,68.0,33.7,40.7,,,29.89,,,,,,,,,,,,,
Garage,Temp & Humidity Sensor,2020/12/07 10:15 PM,43.5,68.0,33.7,40.7,,,29.89,,,,,,,,,,,,,
Garage,Temp & Humidity Sensor,2020/12/07 10:20 PM,43.3,68.0,33.5,40.5,,,29.9,,,,,,,,,,,,,
Garage,Temp & Humidity Sensor,2020/12/07 10:25 PM,43.3,68.0,33.5,40.5,,,29.9,,,,,,,,,,,,,
Garage,Temp & Humidity Sensor,2020/12/07 10:30 PM,43.3,68.0,33.5,40.5,,,29.9,,,,,,,,,,,,,
Garage,Temp & Humidity Sensor,2020/12/07 10:35 PM,43.3,68.0,33.5,40.5,,,29.9,,,,,,,,,,,,,
Garage,Temp & Humidity Sensor,2020/12/07 10:40 PM,43.1,68.0,33.3,40.3,,,29.9,,,,,,,,,,,,,
Garage,Temp & Humidity Sensor,2020/12/07 10:45 PM,43.1,68.0,33.3,40.3,,,29.9,,,,,,,,,,,,,
Garage,Temp & Humidity Sensor,2020/12/07 10:50 PM,43.1,68.0,33.3,40.3,,,29.9,,,,,,,,,,,,,
Garage,Temp & Humidity Sensor,2020/12/07 10:55 PM,43.1,68.0,33.3,40.3,,,29.9,,,,,,,,,,,,,
Garage,Temp & Humidity Sensor,2020/12/07 11:00 PM,42.9,68.0,33.1,40.1,,,29.91,,,,,,,,,,,,,
Garage,Temp & Humidity Sensor,2020/12/07 11:05 PM,42.9,68.0,33.1,40.1,,,29.9,,,,,,,,,,,,,
Garage,Temp & Humidity Sensor,2020/12/07 11:10 PM,42.8,68.0,33.0,40.0,,,29.91,,,,,,,,,,,,,
Garage,Temp & Humidity Sensor,2020/12/07 11:15 PM,42.8,68.0,33.0,40.0,,,29.91,,,,,,,,,,,,,
Garage,Temp & Humidity Sensor,2020/12/07 11:20 PM,42.8,68.0,33.0,40.0,,,29.91,,,,,,,,,,,,,
Garage,Temp & Humidity Sensor,2020/12/07 11:25 PM,42.8,67.0,32.6,39.9,,,29.91,,,,,,,,,,,,,
Garage,Temp & Humidity Sensor,2020/12/07 11:30 PM,42.8,67.0,32.6,39.9,,,29.92,,,,,,,,,,,,,
Garage,Temp & Humidity Sensor,2020/12/07 11:35 PM,42.8,67.0,32.6,39.9,,,29.92,,,,,,,,,,,,,
Garage,Temp & Humidity Sensor,2020/12/07 11:40 PM,42.6,68.0,32.8,39.8,,,29.91,,,,,,,,,,,,,
Garage,Temp & Humidity Sensor,2020/12/07 11:45 PM,42.6,68.0,32.8,39.8,,,29.92,,,,,,,,,,,,,
Garage,Temp & Humidity Sensor,2020/12/07 11:50 PM,42.6,68.0,32.8,39.8,,,29.91,,,,,,,,,,,,,
Garage,Temp & Humidity Sensor,2020/12/07 11:55 PM,42.4,68.0,32.6,39.5,,,29.91,,,,,,,,,,,,,
Garage,Temp & Humidity Sensor,2020/12/08 12:00 AM,42.4,68.0,32.6,39.5,,,29.91,,,,,,,,,,,,,
Garage,Temp & Humidity Sensor,2020/12/08 12:05 AM,42.2,68.0,32.4,39.3,,,29.91,,,,,,,,,,,,,
Garage,Temp & Humidity Sensor,2020/12/08 12:10 AM,42.2,68.0,32.4,39.3,,,29.91,,,,,,,,,,,,,
Garage,Temp & Humidity Sensor,2020/12/08 12:15 AM,42.0,68.0,32.2,39.1,,,29.91,,,,,,,,,,,,,
Garage,Temp & Humidity Sensor,2020/12/08 12:20 AM,42.0,68.0,32.2,39.1,,,29.91,,,,,,,,,,,,,
Garage,Temp & Humidity Sensor,2020/12/08 12:25 AM,42.0,67.0,31.8,39.0,,,29.91,,,,,,,,,,,,,
Garage,Temp & Humidity Sensor,2020/12/08 12:30 AM,41.9,67.0,31.8,38.9,,,29.9,,,,,,,,,,,,,
Garage,Temp & Humidity Sensor,2020/12/08 12:35 AM,41.9,67.0,31.8,38.9,,,29.91,,,,,,,,,,,,,
Garage,Temp & Humidity Sensor,2020/12/08 12:40 AM,41.7,67.0,31.6,38.7,,,29.91,,,,,,,,,,,,,
Garage,Temp & Humidity Sensor,2020/12/08 12:45 AM,41.7,67.0,31.6,38.7,,,29.91,,,,,,,,,,,,,
Garage,Temp & Humidity Sensor,2020/12/08 12:50 AM,41.7,67.0,31.6,38.7,,,29.91,,,,,,,,,,,,,
Garage,Temp & Humidity Sensor,2020/12/08 12:55 AM,41.5,67.0,31.4,38.5,,,29.91,,,,,,,,,,,,,
Garage,Temp & Humidity Sensor,2020/12/08 1:00 AM,41.5,67.0,31.4,38.5,,,29.9,,,,,,,,,,,,,
Garage,Temp & Humidity Sensor,2020/12/08 1:05 AM,41.3,67.0,31.2,38.3,,,29.9,,,,,,,,,,,,,
Garage,Temp & Humidity Sensor,2020/12/08 1:10 AM,41.3,67.0,31.2,38.3,,,29.9,,,,,,,,,,,,,
Garage,Temp & Humidity Sensor,2020/12/08 1:15 AM,41.3,67.0,31.2,38.3,,,29.9,,,,,,,,,,,,,
Garage,Temp & Humidity Sensor,2020/12/08 1:20 AM,41.1,67.0,31.0,38.1,,,29.9,,,,,,,,,,,,,
Garage,Temp & Humidity Sensor,2020/12/08 1:25 AM,41.1,67.0,31.0,38.1,,,29.9,,,,,,,,,,,,,
Garage,Temp & Humidity Sensor,2020/12/08 1:30 AM,41.1,67.0,31.0,38.1,,,29.9,,,,,,,,,,,,,
Garage,Temp & Humidity Sensor,2020/12/08 1:35 AM,41.0,67.0,30.9,37.9,,,29.9,,,,,,,,,,,,,
Garage,Temp & Humidity Sensor,2020/12/08 1:40 AM,41.0,67.0,30.9,37.9,,,29.91,,,,,,,,,,,,,
Garage,Temp & Humidity Sensor,2020/12/08 1:45 AM,41.0,67.0,30.9,37.9,,,29.91,,,,,,,,,,,,,
Garage,Temp & Humidity Sensor,2020/12/08 1:50 AM,40.8,68.0,31.1,37.8,,,29.91,,,,,,,,,,,,,
Garage,Temp & Humidity Sensor,2020/12/08 1:55 AM,40.8,67.0,30.7,37.7,,,29.91,,,,,,,,,,,,,
Garage,Temp & Humidity Sensor,2020/12/08 2:00 AM,40.8,67.0,30.7,37.7,,,29.91,,,,,,,,,,,,,
Garage,Temp & Humidity Sensor,2020/12/08 2:05 AM,40.6,67.0,30.5,37.5,,,29.91,,,,,,,,,,,,,
Garage,Temp & Humidity Sensor,2020/12/08 2:10 AM,40.6,67.0,30.5,37.5,,,29.91,,,,,,,,,,,,,
Garage,Temp & Humidity Sensor,2020/12/08 2:15 AM,40.4,67.0,30.3,37.3,,,29.91,,,,,,,,,,,,,
Garage,Temp & Humidity Sensor,2020/12/08 2:20 AM,40.4,67.0,30.3,37.3,,,29.91,,,,,,,,,,,,,
Garage,Temp & Humidity Sensor,2020/12/08 2:25 AM,40.2,67.0,30.1,37.1,,,29.91,,,,,,,,,,,,,
Garage,Temp & Humidity Sensor,2020/12/08 2:30 AM,40.2,67.0,30.1,37.1,,,29.91,,,,,,,,,,,,,
Garage,Temp & Humidity Sensor,2020/12/08 2:35 AM,40.2,67.0,30.1,37.1,,,29.91,,,,,,,,,,,,,
Garage,Temp & Humidity Sensor,2020/12/08 2:40 AM,40.1,67.0,30.0,37.0,,,29.91,,,,,,,,,,,,,
Garage,Temp & Humidity Sensor,2020/12/08 2:45 AM,40.1,67.0,30.0,37.0,,,29.91,,,,,,,,,,,,,
Garage,Temp & Humidity Sensor,2020/12/08 2:50 AM,40.1,67.0,30.0,37.0,,,29.91,,,,,,,,,,,,,
Garage,Temp & Humidity Sensor,2020/12/08 2:55 AM,39.9,67.0,29.8,39.9,,,29.91,,,,,,,,,,,,,
Garage,Temp & Humidity Sensor,2020/12/08 3:00 AM,39.9,67.0,29.8,39.9,,,29.91,,,,,,,,,,,,,
Garage,Temp & Humidity Sensor,2020/12/08 3:05 AM,39.7,67.0,29.7,39.7,,,29.92,,,,,,,,,,,,,
Garage,Temp & Humidity Sensor,2020/12/08 3:10 AM,39.7,67.0,29.7,39.7,,,29.92,,,,,,,,,,,,,
Garage,Temp & Humidity Sensor,2020/12/08 3:15 AM,39.7,67.0,29.7,39.7,,,29.92,,,,,,,,,,,,,
Garage,Temp & Humidity Sensor,2020/12/08 3:20 AM,39.5,67.0,29.5,39.5,,,29.92,,,,,,,,,,,,,
Garage,Temp & Humidity Sensor,2020/12/08 3:25 AM,39.5,67.0,29.5,39.5,,,29.92,,,,,,,,,,,,,
Garage,Temp & Humidity Sensor,2020/12/08 3:30 AM,39.5,67.0,29.5,39.5,,,29.92,,,,,,,,,,,,,
Garage,Temp & Humidity Sensor,2020/12/08 3:35 AM,39.3,67.0,29.3,39.3,,,29.93,,,,,,,,,,,,,
Garage,Temp & Humidity Sensor,2020/12/08 3:40 AM,39.3,67.0,29.3,39.3,,,29.93,,,,,,,,,,,,,
Garage,Temp & Humidity Sensor,2020/12/08 3:45 AM,39.3,67.0,29.3,39.3,,,29.93,,,,,,,,,,,,,
Garage,Temp & Humidity Sensor,2020/12/08 3:50 AM,39.2,67.0,29.2,39.2,,,29.94,,,,,,,,,,,,,
Garage,Temp & Humidity Sensor,2020/12/08 3:55 AM,39.2,67.0,29.2,39.2,,,29.93,,,,,,,,,,,,,
Garage,Temp & Humidity Sensor,2020/12/08 4:00 AM,39.2,67.0,29.2,39.2,,,29.94,,,,,,,,,,,,,
Garage,Temp & Humidity Sensor,2020/12/08 4:05 AM,39.2,67.0,29.2,39.2,,,29.93,,,,,,,,,,,,,
Garage,Temp & Humidity Sensor,2020/12/08 4:10 AM,39.2,67.0,29.2,39.2,,,29.93,,,,,,,,,,,,,
Garage,Temp & Humidity Sensor,2020/12/08 4:15 AM,39.2,67.0,29.2,39.2,,,29.93,,,,,,,,,,,,,
Garage,Temp & Humidity Sensor,2020/12/08 4:20 AM,39.2,67.0,29.2,39.2,,,29.94,,,,,,,,,,,,,
Garage,Temp & Humidity Sensor,2020/12/08 4:25 AM,39.0,67.0,29.0,39.0,,,29.94,,,,,,,,,,,,,
Garage,Temp & Humidity Sensor,2020/12/08 4:30 AM,39.0,67.0,29.0,39.0,,,29.94,,,,,,,,,,,,,
Garage,Temp & Humidity Sensor,2020/12/08 4:35 AM,38.8,67.0,28.8,38.8,,,29.94,,,,,,,,,,,,,
Garage,Temp & Humidity Sensor,2020/12/08 4:40 AM,38.8,67.0,28.8,38.8,,,29.94,,,,,,,,,,,,,
Garage,Temp & Humidity Sensor,2020/12/08 4:45 AM,38.8,67.0,28.8,38.8,,,29.94,,,,,,,,,,,,,
Garage,Temp & Humidity Sensor,2020/12/08 4:50 AM,38.8,67.0,28.8,38.8,,,29.94,,,,,,,,,,,,,
Garage,Temp & Humidity Sensor,2020/12/08 4:55 AM,38.8,67.0,28.8,38.8,,,29.94,,,,,,,,,,,,,
Garage,Temp & Humidity Sensor,2020/12/08 5:00 AM,38.6,67.0,28.6,38.6,,,29.94,,,,,,,,,,,,,
Garage,Temp & Humidity Sensor,2020/12/08 5:05 AM,38.6,67.0,28.6,38.6,,,29.95,,,,,,,,,,,,,
Garage,Temp & Humidity Sensor,2020/12/08 5:10 AM,38.6,67.0,28.6,38.6,,,29.95,,,,,,,,,,,,,
Garage,Temp & Humidity Sensor,2020/12/08 5:15 AM,38.4,67.0,28.4,38.4,,,29.95,,,,,,,,,,,,,
Garage,Temp & Humidity Sensor,2020/12/08 5:20 AM,38.4,67.0,28.4,38.4,,,29.95,,,,,,,,,,,,,
Garage,Temp & Humidity Sensor,2020/12/08 5:25 AM,38.4,67.0,28.4,38.4,,,29.95,,,,,,,,,,,,,
Garage,Temp & Humidity Sensor,2020/12/08 5:30 AM,38.4,67.0,28.4,38.4,,,29.95,,,,,,,,,,,,,
Garage,Temp & Humidity Sensor,2020/12/08 5:35 AM,38.3,67.0,28.3,38.3,,,29.95,,,,,,,,,,,,,
Garage,Temp & Humidity Sensor,2020/12/08 5:40 AM,38.3,67.0,28.3,38.3,,,29.95,,,,,,,,,,,,,
Garage,Temp & Humidity Sensor,2020/12/08 5:45 AM,38.3,67.0,28.3,38.3,,,29.96,,,,,,,,,,,,,
Garage,Temp & Humidity Sensor,2020/12/08 5:50 AM,38.3,67.0,28.3,38.3,,,29.96,,,,,,,,,,,,,
Garage,Temp & Humidity Sensor,2020/12/08 5:55 AM,38.3,67.0,28.3,38.3,,,29.96,,,,,,,,,,,,,
Garage,Temp & Humidity Sensor,2020/12/08 6:00 AM,38.1,67.0,28.1,38.1,,,29.96,,,,,,,,,,,,,
Garage,Temp & Humidity Sensor,2020/12/08 6:05 AM,38.1,67.0,28.1,38.1,,,29.96,,,,,,,,,,,,,
Garage,Temp & Humidity Sensor,2020/12/08 6:10 AM,38.1,67.0,28.1,38.1,,,29.96,,,,,,,,,,,,,
Garage,Temp & Humidity Sensor,2020/12/08 6:15 AM,37.9,67.0,27.9,37.9,,,29.96,,,,,,,,,,,,,
Garage,Temp & Humidity Sensor,2020/12/08 6:20 AM,37.9,67.0,27.9,37.9,,,29.96,,,,,,,,,,,,,
Garage,Temp & Humidity Sensor,2020/12/08 6:25 AM,37.9,67.0,27.9,37.9,,,29.96,,,,,,,,,,,,,
Garage,Temp & Humidity Sensor,2020/12/08 6:30 AM,37.9,67.0,27.9,37.9,,,29.97,,,,,,,,,,,,,
Garage,Temp & Humidity Sensor,2020/12/08 6:35 AM,37.9,67.0,27.9,37.9,,,29.97,,,,,,,,,,,,,
Garage,Temp & Humidity Sensor,2020/12/08 6:40 AM,37.7,67.0,27.7,37.7,,,29.97,,,,,,,,,,,,,
Garage,Temp & Humidity Sensor,2020/12/08 6:45 AM,37.7,67.0,27.7,37.7,,,29.97,,,,,,,,,,,,,
Garage,Temp & Humidity Sensor,2020/12/08 6:50 AM,37.7,67.0,27.7,37.7,,,29.97,,,,,,,,,,,,,
Garage,Temp & Humidity Sensor,2020/12/08 6:55 AM,37.7,67.0,27.7,37.7,,,29.97,,,,,,,,,,,,,
Garage,Temp & Humidity Sensor,2020/12/08 7:00 AM,37.7,67.0,27.7,37.7,,,29.98,,,,,,,,,,,,,
Garage,Temp & Humidity Sensor,2020/12/08 7:05 AM,37.4,67.0,27.5,37.4,,,29.98,,,,,,,,,,,,,
Garage,Temp & Humidity Sensor,2020/12/08 7:10 AM,37.4,67.0,27.5,37.4,,,29.98,,,,,,,,,,,,,
Garage,Temp & Humidity Sensor,2020/12/08 7:15 AM,37.4,67.0,27.5,37.4,,,29.99,,,,,,,,,,,,,
Garage,Temp & Humidity Sensor,2020/12/08 7:20 AM,37.4,67.0,27.5,37.4,,,29.99,,,,,,,,,,,,,
Garage,Temp & Humidity Sensor,2020/12/08 7:25 AM,37.4,67.0,27.5,37.4,,,29.99,,,,,,,,,,,,,
Garage,Temp & Humidity Sensor,2020/12/08 7:30 AM,37.4,67.0,27.5,37.4,,,29.99,,,,,,,,,,,,,
Garage,Temp & Humidity Sensor,2020/12/08 7:35 AM,37.4,67.0,27.5,37.4,,,29.99,,,,,,,,,,,,,
Garage,Temp & Humidity Sensor,2020/12/08 7:40 AM,37.2,67.0,27.3,37.2,,,29.99,,,,,,,,,,,,,
Garage,Temp & Humidity Sensor,2020/12/08 7:45 AM,37.2,67.0,27.3,37.2,,,29.99,,,,,,,,,,,,,
Garage,Temp & Humidity Sensor,2020/12/08 7:50 AM,37.2,67.0,27.3,37.2,,,29.99,,,,,,,,,,,,,
Garage,Temp & Humidity Sensor,2020/12/08 7:55 AM,37.2,67.0,27.3,37.2,,,30.0,,,,,,,,,,,,,
Garage,Temp & Humidity Sensor,2020/12/08 8:00 AM,37.2,67.0,27.3,37.2,,,30.0,,,,,,,,,,,,,
Garage,Temp & Humidity Sensor,2020/12/08 8:05 AM,37.2,67.0,27.3,37.2,,,29.99,,,,,,,,,,,,,
Garage,Temp & Humidity Sensor,2020/12/08 8:10 AM,37.2,67.0,27.3,37.2,,,30.0,,,,,,,,,,,,,
Garage,Temp & Humidity Sensor,2020/12/08 8:15 AM,37.2,67.0,27.3,37.2,,,30.0,,,,,,,,,,,,,
Garage,Temp & Humidity Sensor,2020/12/08 8:20 AM,37.0,67.0,27.1,37.0,,,30.0,,,,,,,,,,,,,
Garage,Temp & Humidity Sensor,2020/12/08 8:25 AM,37.0,67.0,27.1,37.0,,,30.0,,,,,,,,,,,,,
Garage,Temp & Humidity Sensor,2020/12/08 8:30 AM,37.0,67.0,27.1,37.0,,,30.0,,,,,,,,,,,,,
Garage,Temp & Humidity Sensor,2020/12/08 8:35 AM,37.0,67.0,27.1,37.0,,,30.0,,,,,,,,,,,,,
Garage,Temp & Humidity Sensor,2020/12/08 8:40 AM,37.0,67.0,27.1,37.0,,,30.0,,,,,,,,,,,,,
Garage,Temp & Humidity Sensor,2020/12/08 8:45 AM,37.0,67.0,27.1,37.0,,,30.0,,,,,,,,,,,,,
Garage,Temp & Humidity Sensor,2020/12/08 8:50 AM,37.0,67.0,27.1,37.0,,,30.0,,,,,,,,,,,,,
Garage,Temp & Humidity Sensor,2020/12/08 8:55 AM,37.0,67.0,27.1,37.0,,,30.0,,,,,,,,,,,,,
Garage,Temp & Humidity Sensor,2020/12/08 9:00 AM,37.0,67.0,27.1,37.0,,,30.0,,,,,,,,,,,,,
Garage,Temp & Humidity Sensor,2020/12/08 9:05 AM,37.0,67.0,27.1,37.0,,,30.01,,,,,,,,,,,,,
Garage,Temp & Humidity Sensor,2020/12/08 9:10 AM,37.2,67.0,27.3,37.2,,,30.01,,,,,,,,,,,,,
Garage,Temp & Humidity Sensor,2020/12/08 9:15 AM,37.2,67.0,27.3,37.2,,,30.01,,,,,,,,,,,,,
Garage,Temp & Humidity Sensor,2020/12/08 9:20 AM,37.2,67.0,27.3,37.2,,,30.02,,,,,,,,,,,,,
Garage,Temp & Humidity Sensor,2020/12/08 9:25 AM,37.4,66.0,27.1,37.4,,,30.02,,,,,,,,,,,,,
Garage,Temp & Humidity Sensor,2020/12/08 9:30 AM,37.4,66.0,27.1,37.4,,,30.02,,,,,,,,,,,,,
Garage,Temp & Humidity Sensor,2020/12/08 9:35 AM,37.4,66.0,27.1,37.4,,,30.02,,,,,,,,,,,,,
Garage,Temp & Humidity Sensor,2020/12/08 9:40 AM,37.4,66.0,27.1,37.4,,,30.03,,,,,,,,,,,,,
Garage,Temp & Humidity Sensor,2020/12/08 9:45 AM,37.7,66.0,27.4,37.7,,,30.03,,,,,,,,,,,,,
Garage,Temp & Humidity Sensor,2020/12/08 9:50 AM,37.7,66.0,27.4,37.7,,,30.03,,,,,,,,,,,,,
Garage,Temp & Humidity Sensor,2020/12/08 9:55 AM,37.9,66.0,27.6,37.9,,,30.03,,,,,,,,,,,,,
Garage,Temp & Humidity Sensor,2020/12/08 10:00 AM,37.9,66.0,27.6,37.9,,,30.03,,,,,,,,,,,,,
Garage,Temp & Humidity Sensor,2020/12/08 10:05 AM,38.1,66.0,27.8,38.1,,,30.03,,,,,,,,,,,,,
Garage,Temp & Humidity Sensor,2020/12/08 10:10 AM,38.1,66.0,27.8,38.1,,,30.03,,,,,,,,,,,,,
Garage,Temp & Humidity Sensor,2020/12/08 10:15 AM,38.3,66.0,28.0,38.3,,,30.03,,,,,,,,,,,,,
Garage,Temp & Humidity Sensor,2020/12/08 10:20 AM,38.3,67.0,28.3,38.3,,,30.03,,,,,,,,,,,,,
Garage,Temp & Humidity Sensor,2020/12/08 10:25 AM,38.4,67.0,28.4,38.4,,,30.03,,,,,,,,,,,,,
Garage,Temp & Humidity Sensor,2020/12/08 10:30 AM,38.6,67.0,28.6,38.6,,,30.03,,,,,,,,,,,,,
Garage,Temp & Humidity Sensor,2020/12/08 10:35 AM,38.6,67.0,28.6,38.6,,,30.03,,,,,,,,,,,,,
Garage,Temp & Humidity Sensor,2020/12/08 10:40 AM,38.8,67.0,28.8,38.8,,,30.03,,,,,,,,,,,,,
Garage,Temp & Humidity Sensor,2020/12/08 10:45 AM,39.0,67.0,29.0,39.0,,,30.03,,,,,,,,,,,,,
Garage,Temp & Humidity Sensor,2020/12/08 10:50 AM,39.0,67.0,29.0,39.0,,,30.03,,,,,,,,,,,,,
Garage,Temp & Humidity Sensor,2020/12/08 10:55 AM,39.2,66.0,28.8,39.2,,,30.03,,,,,,,,,,,,,
Garage,Temp & Humidity Sensor,2020/12/08 11:00 AM,39.2,66.0,28.8,39.2,,,30.03,,,,,,,,,,,,,
Garage,Temp & Humidity Sensor,2020/12/08 11:05 AM,39.2,66.0,28.8,39.2,,,30.03,,,,,,,,,,,,,
Garage,Temp & Humidity Sensor,2020/12/08 11:10 AM,39.3,66.0,28.9,39.3,,,30.04,,,,,,,,,,,,,
Garage,Temp & Humidity Sensor,2020/12/08 11:15 AM,39.3,66.0,28.9,39.3,,,30.03,,,,,,,,,,,,,
Garage,Temp & Humidity Sensor,2020/12/08 11:20 AM,39.5,66.0,29.1,39.5,,,30.04,,,,,,,,,,,,,
Garage,Temp & Humidity Sensor,2020/12/08 11:25 AM,39.7,66.0,29.3,39.7,,,30.03,,,,,,,,,,,,,
Garage,Temp & Humidity Sensor,2020/12/08 11:30 AM,39.7,66.0,29.3,39.7,,,30.03,,,,,,,,,,,,,
Garage,Temp & Humidity Sensor,2020/12/08 11:35 AM,39.9,66.0,29.5,39.9,,,30.03,,,,,,,,,,,,,
Garage,Temp & Humidity Sensor,2020/12/08 11:40 AM,39.9,66.0,29.5,39.9,,,30.03,,,,,,,,,,,,,
Garage,Temp & Humidity Sensor,2020/12/08 11:45 AM,40.1,66.0,29.7,36.9,,,30.03,,,,,,,,,,,,,
Garage,Temp & Humidity Sensor,2020/12/08 11:50 AM,40.2,66.0,29.8,37.0,,,30.03,,,,,,,,,,,,,
Garage,Temp & Humidity Sensor,2020/12/08 11:55 AM,40.2,66.0,29.8,37.0,,,30.02,,,,,,,,,,,,,
Garage,Temp & Humidity Sensor,2020/12/08 12:00 PM,40.4,66.0,30.0,37.2,,,30.02,,,,,,,,,,,,,
Garage,Temp & Humidity Sensor,2020/12/08 12:05 PM,40.6,66.0,30.1,37.5,,,30.01,,,,,,,,,,,,,
Garage,Temp & Humidity Sensor,2020/12/08 12:10 PM,40.6,66.0,30.1,37.5,,,30.01,,,,,,,,,,,,,
Garage,Temp & Humidity Sensor,2020/12/08 12:15 PM,40.8,66.0,30.3,37.7,,,30.01,,,,,,,,,,,,,
Garage,Temp & Humidity Sensor,2020/12/08 12:20 PM,41.0,65.0,30.2,37.9,,,30.01,,,,,,,,,,,,,
Garage,Temp & Humidity Sensor,2020/12/08 12:25 PM,41.0,65.0,30.2,37.9,,,30.01,,,,,,,,,,,,,
Garage,Temp & Humidity Sensor,2020/12/08 12:30 PM,41.1,65.0,30.2,38.0,,,30.0,,,,,,,,,,,,,
Garage,Temp & Humidity Sensor,2020/12/08 12:35 PM,41.3,65.0,30.4,38.2,,,30.0,,,,,,,,,,,,,
Garage,Temp & Humidity Sensor,2020/12/08 12:40 PM,41.3,65.0,30.4,38.2,,,30.0,,,,,,,,,,,,,
Garage,Temp & Humidity Sensor,2020/12/08 12:45 PM,41.5,65.0,30.6,38.4,,,30.0,,,,,,,,,,,,,
Garage,Temp & Humidity Sensor,2020/12/08 12:50 PM,41.7,65.0,30.8,38.6,,,30.0,,,,,,,,,,,,,
Garage,Temp & Humidity Sensor,2020/12/08 12:55 PM,41.9,65.0,31.0,38.8,,,29.99,,,,,,,,,,,,,
Garage,Temp & Humidity Sensor,2020/12/08 1:00 PM,42.0,65.0,31.1,39.0,,,29.99,,,,,,,,,,,,,
Garage,Temp & Humidity Sensor,2020/12/08 1:05 PM,42.4,65.0,31.5,39.4,,,29.99,,,,,,,,,,,,,
Garage,Temp & Humidity Sensor,2020/12/08 1:10 PM,42.6,65.0,31.7,39.6,,,29.99,,,,,,,,,,,,,
Garage,Temp & Humidity Sensor,2020/12/08 1:15 PM,42.8,65.0,31.9,39.8,,,29.99,,,,,,,,,,,,,
Garage,Temp & Humidity Sensor,2020/12/08 1:20 PM,42.8,65.0,31.9,39.8,,,29.99,,,,,,,,,,,,,
Garage,Temp & Humidity Sensor,2020/12/08 1:25 PM,42.9,65.0,32.0,39.9,,,29.99,,,,,,,,,,,,,
Garage,Temp & Humidity Sensor,2020/12/08 1:30 PM,43.1,65.0,32.1,40.2,,,29.99,,,,,,,,,,,,,
Garage,Temp & Humidity Sensor,2020/12/08 1:35 PM,43.3,65.0,32.3,40.4,,,29.98,,,,,,,,,,,,,
Garage,Temp & Humidity Sensor,2020/12/08 1:40 PM,43.5,65.0,32.5,40.6,,,29.98,,,,,,,,,,,,,
Garage,Temp & Humidity Sensor,2020/12/08 1:45 PM,43.5,65.0,32.5,40.6,,,29.98,,,,,,,,,,,,,
Garage,Temp & Humidity Sensor,2020/12/08 1:50 PM,43.7,65.0,32.7,40.8,,,29.98,,,,,,,,,,,,,
Garage,Temp & Humidity Sensor,2020/12/08 1:55 PM,43.7,65.0,32.7,40.8,,,29.97,,,,,,,,,,,,,
Garage,Temp & Humidity Sensor,2020/12/08 2:00 PM,43.8,65.0,32.8,40.9,,,29.97,,,,,,,,,,,,,
Garage,Temp & Humidity Sensor,2020/12/08 2:05 PM,43.8,65.0,32.8,40.9,,,29.97,,,,,,,,,,,,,
Garage,Temp & Humidity Sensor,2020/12/08 2:10 PM,43.8,65.0,32.8,40.9,,,29.97,,,,,,,,,,,,,
Garage,Temp & Humidity Sensor,2020/12/08 2:15 PM,44.0,65.0,33.0,41.2,,,29.97,,,,,,,,,,,,,
Garage,Temp & Humidity Sensor,2020/12/08 2:20 PM,44.0,65.0,33.0,41.2,,,29.96,,,,,,,,,,,,,
Garage,Temp & Humidity Sensor,2020/12/08 2:25 PM,44.0,65.0,33.0,41.2,,,29.97,,,,,,,,,,,,,
Garage,Temp & Humidity Sensor,2020/12/08 2:30 PM,44.2,65.0,33.2,41.4,,,29.97,,,,,,,,,,,,,
Garage,Temp & Humidity Sensor,2020/12/08 2:35 PM,44.2,65.0,33.2,41.4,,,29.96,,,,,,,,,,,,,
Garage,Temp & Humidity Sensor,2020/12/08 2:40 PM,44.2,65.0,33.2,41.4,,,29.97,,,,,,,,,,,,,
Garage,Temp & Humidity Sensor,2020/12/08 2:45 PM,44.2,65.0,33.2,41.4,,,29.96,,,,,,,,,,,,,
Garage,Temp & Humidity Sensor,2020/12/08 2:50 PM,44.2,65.0,33.2,41.4,,,29.97,,,,,,,,,,,,,
Garage,Temp & Humidity Sensor,2020/12/08 2:55 PM,44.4,65.0,33.4,41.6,,,29.97,,,,,,,,,,,,,
Garage,Temp & Humidity Sensor,2020/12/08 3:00 PM,44.4,65.0,33.4,41.6,,,29.97,,,,,,,,,,,,,
Garage,Temp & Humidity Sensor,2020/12/08 3:05 PM,44.4,65.0,33.4,41.6,,,29.97,,,,,,,,,,,,,
Garage,Temp & Humidity Sensor,2020/12/08 3:10 PM,44.4,65.0,33.4,41.6,,,29.97,,,,,,,,,,,,,
Garage,Temp & Humidity Sensor,2020/12/08 3:15 PM,44.4,65.0,33.4,41.6,,,29.97,,,,,,,,,,,,,
Garage,Temp & Humidity Sensor,2020/12/08 3:20 PM,44.6,64.0,33.2,41.8,,,29.97,,,,,,,,,,,,,
Garage,Temp & Humidity Sensor,2020/12/08 3:25 PM,44.6,64.0,33.2,41.8,,,29.98,,,,,,,,,,,,,
Garage,Temp & Humidity Sensor,2020/12/08 3:30 PM,44.6,64.0,33.2,41.8,,,29.98,,,,,,,,,,,,,
Garage,Temp & Humidity Sensor,2020/12/08 3:35 PM,44.6,64.0,33.2,41.8,,,29.98,,,,,,,,,,,,,
Garage,Temp & Humidity Sensor,2020/12/08 3:40 PM,44.6,64.0,33.2,41.8,,,29.98,,,,,,,,,,,,,
Garage,Temp & Humidity Sensor,2020/12/08 3:45 PM,44.6,64.0,33.2,41.8,,,29.98,,,,,,,,,,,,,
Garage,Temp & Humidity Sensor,2020/12/08 3:50 PM,44.7,64.0,33.3,41.9,,,29.98,,,,,,,,,,,,,
Garage,Temp & Humidity Sensor,2020/12/08 3:55 PM,44.7,64.0,33.3,41.9,,,29.98,,,,,,,,,,,,,
Garage,Temp & Humidity Sensor,2020/12/08 4:00 PM,44.7,64.0,33.3,41.9,,,29.98,,,,,,,,,,,,,
Garage,Temp & Humidity Sensor,2020/12/08 4:05 PM,44.9,64.0,33.5,42.1,,,29.99,,,,,,,,,,,,,
Garage,Temp & Humidity Sensor,2020/12/08 4:10 PM,44.9,64.0,33.5,42.1,,,29.99,,,,,,,,,,,,,
Garage,Temp & Humidity Sensor,2020/12/08 4:15 PM,44.9,64.0,33.5,42.1,,,29.99,,,,,,,,,,,,,
Garage,Temp & Humidity Sensor,2020/12/08 4:20 PM,44.9,64.0,33.5,42.1,,,29.99,,,,,,,,,,,,,
Garage,Temp & Humidity Sensor,2020/12/08 4:25 PM,44.9,64.0,33.5,42.1,,,29.99,,,,,,,,,,,,,
Garage,Temp & Humidity Sensor,2020/12/08 4:30 PM,44.9,64.0,33.5,42.1,,,30.0,,,,,,,,,,,,,
Garage,Temp & Humidity Sensor,2020/12/08 4:35 PM,44.9,64.0,33.5,42.1,,,30.0,,,,,,,,,,,,,
Garage,Temp & Humidity Sensor,2020/12/08 4:40 PM,44.9,64.0,33.5,42.1,,,30.0,,,,,,,,,,,,,
Garage,Temp & Humidity Sensor,2020/12/08 4:45 PM,44.9,64.0,33.5,42.1,,,30.0,,,,,,,,,,,,,
Garage,Temp & Humidity Sensor,2020/12/08 4:50 PM,44.7,64.0,33.3,41.9,,,30.0,,,,,,,,,,,,,
Garage,Temp & Humidity Sensor,2020/12/08 4:55 PM,44.7,64.0,33.3,41.9,,,30.0,,,,,,,,,,,,,
Garage,Temp & Humidity Sensor,2020/12/08 5:00 PM,44.7,64.0,33.3,41.9,,,30.0,,,,,,,,,,,,,
Garage,Temp & Humidity Sensor,2020/12/08 5:05 PM,44.6,64.0,33.2,41.8,,,30.0,,,,,,,,,,,,,
Garage,Temp & Humidity Sensor,2020/12/08 5:10 PM,44.6,64.0,33.2,41.8,,,30.0,,,,,,,,,,,,,
Garage,Temp & Humidity Sensor,2020/12/08 5:15 PM,44.6,64.0,33.2,41.8,,,30.0,,,,,,,,,,,,,
Garage,Temp & Humidity Sensor,2020/12/08 5:20 PM,44.6,64.0,33.2,41.8,,,30.0,,,,,,,,,,,,,
Garage,Temp & Humidity Sensor,2020/12/08 5:25 PM,44.4,64.0,33.0,41.5,,,30.0,,,,,,,,,,,,,
Garage,Temp & Humidity Sensor,2020/12/08 5:30 PM,44.4,64.0,33.0,41.5,,,30.0,,,,,,,,,,,,,
Garage,Temp & Humidity Sensor,2020/12/08 5:35 PM,44.2,64.0,32.8,41.3,,,30.0,,,,,,,,,,,,,
Garage,Temp & Humidity Sensor,2020/12/08 5:40 PM,44.2,64.0,32.8,41.3,,,30.01,,,,,,,,,,,,,
Garage,Temp & Humidity Sensor,2020/12/08 5:45 PM,44.0,64.0,32.6,41.1,,,30.01,,,,,,,,,,,,,
Garage,Temp & Humidity Sensor,2020/12/08 5:50 PM,43.8,64.0,32.4,40.9,,,30.0,,,,,,,,,,,,,
Garage,Temp & Humidity Sensor,2020/12/08 5:55 PM,43.8,64.0,32.4,40.9,,,30.01,,,,,,,,,,,,,
Garage,Temp & Humidity Sensor,2020/12/08 6:00 PM,43.7,64.0,32.3,40.8,,,30.01,,,,,,,,,,,,,
Garage,Temp & Humidity Sensor,2020/12/08 6:05 PM,43.7,64.0,32.3,40.8,,,30.01,,,,,,,,,,,,,
Garage,Temp & Humidity Sensor,2020/12/08 6:10 PM,43.5,64.0,32.1,40.6,,,30.02,,,,,,,,,,,,,
Garage,Temp & Humidity Sensor,2020/12/08 6:15 PM,43.3,64.0,32.0,40.3,,,30.01,,,,,,,,,,,,,
Garage,Temp & Humidity Sensor,2020/12/08 6:20 PM,43.3,64.0,32.0,40.3,,,30.01,,,,,,,,,,,,,
Garage,Temp & Humidity Sensor,2020/12/08 6:25 PM,43.1,64.0,31.8,40.1,,,30.02,,,,,,,,,,,,,
Garage,Temp & Humidity Sensor,2020/12/08 6:30 PM,42.9,64.0,31.6,39.9,,,30.02,,,,,,,,,,,,,
Garage,Temp & Humidity Sensor,2020/12/08 6:35 PM,42.8,64.0,31.5,39.8,,,30.02,,,,,,,,,,,,,
Garage,Temp & Humidity Sensor,2020/12/08 6:40 PM,42.8,64.0,31.5,39.8,,,30.03,,,,,,,,,,,,,
Garage,Temp & Humidity Sensor,2020/12/08 6:45 PM,42.8,64.0,31.5,39.8,,,30.03,,,,,,,,,,,,,
Garage,Temp & Humidity Sensor,2020/12/08 6:50 PM,42.6,65.0,31.7,39.6,,,30.03,,,,,,,,,,,,,
Garage,Temp & Humidity Sensor,2020/12/08 6:55 PM,42.6,65.0,31.7,39.6,,,30.04,,,,,,,,,,,,,
Garage,Temp & Humidity Sensor,2020/12/08 7:00 PM,42.4,64.0,31.1,39.3,,,30.04,,,,,,,,,,,,,
Garage,Temp & Humidity Sensor,2020/12/08 7:05 PM,42.4,64.0,31.1,39.3,,,30.04,,,,,,,,,,,,,
Garage,Temp & Humidity Sensor,2020/12/08 7:10 PM,42.2,64.0,30.9,39.1,,,30.05,,,,,,,,,,,,,
Garage,Temp & Humidity Sensor,2020/12/08 7:15 PM,42.0,64.0,30.7,38.9,,,30.05,,,,,,,,,,,,,
Garage,Temp & Humidity Sensor,2020/12/08 7:20 PM,42.0,64.0,30.7,38.9,,,30.05,,,,,,,,,,,,,
Garage,Temp & Humidity Sensor,2020/12/08 7:25 PM,41.9,64.0,30.6,38.8,,,30.06,,,,,,,,,,,,,
Garage,Temp & Humidity Sensor,2020/12/08 7:30 PM,41.9,64.0,30.6,38.8,,,30.06,,,,,,,,,,,,,
Garage,Temp & Humidity Sensor,2020/12/08 7:35 PM,41.7,64.0,30.4,38.6,,,30.06,,,,,,,,,,,,,
Garage,Temp & Humidity Sensor,2020/12/08 7:40 PM,41.5,64.0,30.2,38.4,,,30.06,,,,,,,,,,,,,
Garage,Temp & Humidity Sensor,2020/12/08 7:45 PM,41.5,64.0,30.2,38.4,,,30.06,,,,,,,,,,,,,
Garage,Temp & Humidity Sensor,2020/12/08 7:50 PM,41.5,64.0,30.2,38.4,,,30.06,,,,,,,,,,,,,
Garage,Temp & Humidity Sensor,2020/12/08 7:55 PM,41.3,64.0,30.1,38.1,,,30.06,,,,,,,,,,,,,
Garage,Temp & Humidity Sensor,2020/12/08 8:00 PM,41.3,64.0,30.1,38.1,,,30.06,,,,,,,,,,,,,
Garage,Temp & Humidity Sensor,2020/12/08 8:05 PM,41.1,64.0,29.9,37.9,,,30.06,,,,,,,,,,,,,
Garage,Temp & Humidity Sensor,2020/12/08 8:10 PM,41.0,64.0,29.8,37.8,,,30.06,,,,,,,,,,,,,
Garage,Temp & Humidity Sensor,2020/12/08 8:15 PM,41.0,64.0,29.8,37.8,,,30.06,,,,,,,,,,,,,
Garage,Temp & Humidity Sensor,2020/12/08 8:20 PM,41.0,64.0,29.8,37.8,,,30.06,,,,,,,,,,,,,
Garage,Temp & Humidity Sensor,2020/12/08 8:25 PM,40.8,65.0,30.0,37.6,,,30.06,,,,,,,,,,,,,
Garage,Temp & Humidity Sensor,2020/12/08 8:30 PM,40.6,65.0,29.8,37.4,,,30.06,,,,,,,,,,,,,
Garage,Temp & Humidity Sensor,2020/12/08 8:35 PM,40.6,65.0,29.8,37.4,,,30.06,,,,,,,,,,,,,
Garage,Temp & Humidity Sensor,2020/12/08 8:40 PM,40.4,65.0,29.6,37.2,,,30.05,,,,,,,,,,,,,
Garage,Temp & Humidity Sensor,2020/12/08 8:45 PM,40.4,65.0,29.6,37.2,,,30.05,,,,,,,,,,,,,
Garage,Temp & Humidity Sensor,2020/12/08 8:50 PM,40.2,65.0,29.4,37.0,,,30.04,,,,,,,,,,,,,
Garage,Temp & Humidity Sensor,2020/12/08 8:55 PM,40.2,65.0,29.4,37.0,,,30.05,,,,,,,,,,,,,
Garage,Temp & Humidity Sensor,2020/12/08 9:00 PM,40.1,65.0,29.3,36.9,,,30.05,,,,,,,,,,,,,
Garage,Temp & Humidity Sensor,2020/12/08 9:05 PM,40.1,65.0,29.3,36.9,,,30.05,,,,,,,,,,,,,
Garage,Temp & Humidity Sensor,2020/12/08 9:10 PM,39.9,65.0,29.1,39.9,,,30.05,,,,,,,,,,,,,
Garage,Temp & Humidity Sensor,2020/12/08 9:15 PM,39.9,64.0,28.7,39.9,,,30.05,,,,,,,,,,,,,
Garage,Temp & Humidity Sensor,2020/12/08 9:20 PM,39.7,64.0,28.5,39.7,,,30.05,,,,,,,,,,,,,
Garage,Temp & Humidity Sensor,2020/12/08 9:25 PM,39.7,64.0,28.5,39.7,,,30.06,,,,,,,,,,,,,
Garage,Temp & Humidity Sensor,2020/12/08 9:30 PM,39.5,64.0,28.3,39.5,,,30.06,,,,,,,,,,,,,
Garage,Temp & Humidity Sensor,2020/12/08 9:35 PM,39.5,64.0,28.3,39.5,,,30.07,,,,,,,,,,,,,
Garage,Temp & Humidity Sensor,2020/12/08 9:40 PM,39.3,64.0,28.2,39.3,,,30.07,,,,,,,,,,,,,
Garage,Temp & Humidity Sensor,2020/12/08 9:45 PM,39.3,64.0,28.2,39.3,,,30.07,,,,,,,,,,,,,
Garage,Temp & Humidity Sensor,2020/12/08 9:50 PM,39.3,64.0,28.2,39.3,,,30.06,,,,,,,,,,,,,
Garage,Temp & Humidity Sensor,2020/12/08 9:55 PM,39.2,64.0,28.1,39.2,,,30.06,,,,,,,,,,,,,
Garage,Temp & Humidity Sensor,2020/12/08 10:00 PM,39.2,64.0,28.1,39.2,,,30.06,,,,,,,,,,,,,
Garage,Temp & Humidity Sensor,2020/12/08 10:05 PM,39.2,64.0,28.1,39.2,,,30.07,,,,,,,,,,,,,
Garage,Temp & Humidity Sensor,2020/12/08 10:10 PM,39.2,64.0,28.1,39.2,,,30.07,,,,,,,,,,,,,
Garage,Temp & Humidity Sensor,2020/12/08 10:15 PM,39.2,64.0,28.1,39.2,,,30.07,,,,,,,,,,,,,
Garage,Temp & Humidity Sensor,2020/12/08 10:20 PM,39.0,65.0,28.2,39.0,,,30.07,,,,,,,,,,,,,
Garage,Temp & Humidity Sensor,2020/12/08 10:25 PM,39.0,65.0,28.2,39.0,,,30.07,,,,,,,,,,,,,
Garage,Temp & Humidity Sensor,2020/12/08 10:30 PM,39.0,65.0,28.2,39.0,,,30.07,,,,,,,,,,,,,
Garage,Temp & Humidity Sensor,2020/12/08 10:35 PM,38.8,65.0,28.1,38.8,,,30.06,,,,,,,,,,,,,
Garage,Temp & Humidity Sensor,2020/12/08 10:40 PM,38.8,65.0,28.1,38.8,,,30.07,,,,,,,,,,,,,
Garage,Temp & Humidity Sensor,2020/12/08 10:45 PM,38.6,65.0,27.9,38.6,,,30.07,,,,,,,,,,,,,
Garage,Temp & Humidity Sensor,2020/12/08 10:50 PM,38.6,65.0,27.9,38.6,,,30.07,,,,,,,,,,,,,
Garage,Temp & Humidity Sensor,2020/12/08 10:55 PM,38.6,65.0,27.9,38.6,,,30.07,,,,,,,,,,,,,
Garage,Temp & Humidity Sensor,2020/12/08 11:00 PM,38.4,65.0,27.7,38.4,,,30.06,,,,,,,,,,,,,
Garage,Temp & Humidity Sensor,2020/12/08 11:05 PM,38.4,65.0,27.7,38.4,,,30.06,,,,,,,,,,,,,
Garage,Temp & Humidity Sensor,2020/12/08 11:10 PM,38.4,65.0,27.7,38.4,,,30.06,,,,,,,,,,,,,
Garage,Temp & Humidity Sensor,2020/12/08 11:15 PM,38.4,65.0,27.7,38.4,,,30.06,,,,,,,,,,,,,
Garage,Temp & Humidity Sensor,2020/12/08 11:20 PM,38.3,65.0,27.6,38.3,,,30.06,,,,,,,,,,,,,
Garage,Temp & Humidity Sensor,2020/12/08 11:25 PM,38.3,65.0,27.6,38.3,,,30.06,,,,,,,,,,,,,
Garage,Temp & Humidity Sensor,2020/12/08 11:30 PM,38.3,65.0,27.6,38.3,,,30.06,,,,,,,,,,,,,
Garage,Temp & Humidity Sensor,2020/12/08 11:35 PM,38.3,65.0,27.6,38.3,,,30.06,,,,,,,,,,,,,
Garage,Temp & Humidity Sensor,2020/12/08 11:40 PM,38.1,65.0,27.4,38.1,,,30.06,,,,,,,,,,,,,
Garage,Temp & Humidity Sensor,2020/12/08 11:45 PM,38.1,65.0,27.4,38.1,,,30.06,,,,,,,,,,,,,
Garage,Temp & Humidity Sensor,2020/12/08 11:50 PM,38.1,65.0,27.4,38.1,,,30.07,,,,,,,,,,,,,
Garage,Temp & Humidity Sensor,2020/12/08 11:55 PM,37.9,65.0,27.2,37.9,,,30.07,,,,,,,,,,,,,
Garage,Temp & Humidity Sensor,2020/12/09 12:00 AM,37.9,65.0,27.2,37.9,,,30.06,,,,,,,,,,,,,
Garage,Temp & Humidity Sensor,2020/12/09 12:05 AM,37.9,65.0,27.2,37.9,,,30.07,,,,,,,,,,,,,
Garage,Temp & Humidity Sensor,2020/12/09 12:10 AM,37.7,65.0,27.0,37.7,,,30.07,,,,,,,,,,,,,
Garage,Temp & Humidity Sensor,2020/12/09 12:15 AM,37.7,65.0,27.0,37.7,,,30.07,,,,,,,,,,,,,
Garage,Temp & Humidity Sensor,2020/12/09 12:20 AM,37.7,65.0,27.0,37.7,,,30.07,,,,,,,,,,,,,
Garage,Temp & Humidity Sensor,2020/12/09 12:25 AM,37.7,65.0,27.0,37.7,,,30.07,,,,,,,,,,,,,
Garage,Temp & Humidity Sensor,2020/12/09 12:30 AM,37.4,65.0,26.7,37.4,,,30.08,,,,,,,,,,,,,
Garage,Temp & Humidity Sensor,2020/12/09 12:35 AM,37.4,65.0,26.7,37.4,,,30.08,,,,,,,,,,,,,
Garage,Temp & Humidity Sensor,2020/12/09 12:40 AM,37.4,64.0,26.4,37.4,,,30.08,,,,,,,,,,,,,
Garage,Temp & Humidity Sensor,2020/12/09 12:45 AM,37.4,64.0,26.4,37.4,,,30.07,,,,,,,,,,,,,
Garage,Temp & Humidity Sensor,2020/12/09 12:50 AM,37.4,64.0,26.4,37.4,,,30.07,,,,,,,,,,,,,
Garage,Temp & Humidity Sensor,2020/12/09 12:55 AM,37.2,65.0,26.5,37.2,,,30.06,,,,,,,,,,,,,
Garage,Temp & Humidity Sensor,2020/12/09 1:00 AM,37.2,65.0,26.5,37.2,,,30.06,,,,,,,,,,,,,
Garage,Temp & Humidity Sensor,2020/12/09 1:05 AM,37.2,65.0,26.5,37.2,,,30.06,,,,,,,,,,,,,
Garage,Temp & Humidity Sensor,2020/12/09 1:10 AM,37.2,65.0,26.5,37.2,,,30.06,,,,,,,,,,,,,
Garage,Temp & Humidity Sensor,2020/12/09 1:15 AM,37.0,65.0,26.3,37.0,,,30.05,,,,,,,,,,,,,
Garage,Temp & Humidity Sensor,2020/12/09 1:20 AM,37.0,65.0,26.3,37.0,,,30.05,,,,,,,,,,,,,
Garage,Temp & Humidity Sensor,2020/12/09 1:25 AM,37.0,65.0,26.3,37.0,,,30.06,,,,,,,,,,,,,
Garage,Temp & Humidity Sensor,2020/12/09 1:30 AM,36.8,65.0,26.2,36.8,,,30.06,,,,,,,,,,,,,
Garage,Temp & Humidity Sensor,2020/12/09 1:35 AM,36.8,65.0,26.2,36.8,,,30.06,,,,,,,,,,,,,
Garage,Temp & Humidity Sensor,2020/12/09 1:40 AM,36.8,65.0,26.2,36.8,,,30.06,,,,,,,,,,,,,
Garage,Temp & Humidity Sensor,2020/12/09 1:45 AM,36.6,65.0,26.0,36.6,,,30.06,,,,,,,,,,,,,
Garage,Temp & Humidity Sensor,2020/12/09 1:50 AM,36.6,65.0,26.0,36.6,,,30.06,,,,,,,,,,,,,
Garage,Temp & Humidity Sensor,2020/12/09 1:55 AM,36.6,65.0,26.0,36.6,,,30.06,,,,,,,,,,,,,
Garage,Temp & Humidity Sensor,2020/12/09 2:00 AM,36.6,65.0,26.0,36.6,,,30.07,,,,,,,,,,,,,
Garage,Temp & Humidity Sensor,2020/12/09 2:05 AM,36.5,65.0,25.9,36.5,,,30.06,,,,,,,,,,,,,
Garage,Temp & Humidity Sensor,2020/12/09 2:10 AM,36.5,65.0,25.9,36.5,,,30.06,,,,,,,,,,,,,
Garage,Temp & Humidity Sensor,2020/12/09 2:15 AM,36.5,65.0,25.9,36.5,,,30.06,,,,,,,,,,,,,
Garage,Temp & Humidity Sensor,2020/12/09 2:20 AM,36.3,65.0,25.7,36.3,,,30.06,,,,,,,,,,,,,
Garage,Temp & Humidity Sensor,2020/12/09 2:25 AM,36.3,65.0,25.7,36.3,,,30.07,,,,,,,,,,,,,
Garage,Temp & Humidity Sensor,2020/12/09 2:30 AM,36.3,65.0,25.7,36.3,,,30.07,,,,,,,,,,,,,
Garage,Temp & Humidity Sensor,2020/12/09 2:35 AM,36.3,65.0,25.7,36.3,,,30.07,,,,,,,,,,,,,
Garage,Temp & Humidity Sensor,2020/12/09 2:40 AM,36.1,65.0,25.5,36.1,,,30.07,,,,,,,,,,,,,
Garage,Temp & Humidity Sensor,2020/12/09 2:45 AM,36.1,65.0,25.5,36.1,,,30.07,,,,,,,,,,,,,
Garage,Temp & Humidity Sensor,2020/12/09 2:50 AM,36.1,65.0,25.5,36.1,,,30.07,,,,,,,,,,,,,
Garage,Temp & Humidity Sensor,2020/12/09 2:55 AM,35.9,65.0,25.3,35.9,,,30.07,,,,,,,,,,,,,
Garage,Temp & Humidity Sensor,2020/12/09 3:00 AM,35.9,65.0,25.3,35.9,,,30.07,,,,,,,,,,,,,
Garage,Temp & Humidity Sensor,2020/12/09 3:05 AM,35.9,65.0,25.3,35.9,,,30.07,,,,,,,,,,,,,
Garage,Temp & Humidity Sensor,2020/12/09 3:10 AM,35.7,65.0,25.1,35.7,,,30.07,,,,,,,,,,,,,
Garage,Temp & Humidity Sensor,2020/12/09 3:15 AM,35.7,65.0,25.1,35.7,,,30.07,,,,,,,,,,,,,
Garage,Temp & Humidity Sensor,2020/12/09 3:20 AM,35.7,65.0,25.1,35.7,,,30.07,,,,,,,,,,,,,
Garage,Temp & Humidity Sensor,2020/12/09 3:25 AM,35.6,65.0,25.0,35.6,,,30.07,,,,,,,,,,,,,
Garage,Temp & Humidity Sensor,2020/12/09 3:30 AM,35.6,65.0,25.0,35.6,,,30.07,,,,,,,,,,,,,
Garage,Temp & Humidity Sensor,2020/12/09 3:35 AM,35.6,65.0,25.0,35.6,,,30.07,,,,,,,,,,,,,
Garage,Temp & Humidity Sensor,2020/12/09 3:40 AM,35.6,65.0,25.0,35.6,,,30.08,,,,,,,,,,,,,
Garage,Temp & Humidity Sensor,2020/12/09 3:45 AM,35.6,65.0,25.0,35.6,,,30.08,,,,,,,,,,,,,
Garage,Temp & Humidity Sensor,2020/12/09 3:50 AM,35.6,65.0,25.0,35.6,,,30.07,,,,,,,,,,,,,
Garage,Temp & Humidity Sensor,2020/12/09 3:55 AM,35.6,65.0,25.0,35.6,,,30.07,,,,,,,,,,,,,
Garage,Temp & Humidity Sensor,2020/12/09 4:00 AM,35.6,65.0,25.0,35.6,,,30.06,,,,,,,,,,,,,
Garage,Temp & Humidity Sensor,2020/12/09 4:05 AM,35.4,65.0,24.8,35.4,,,30.06,,,,,,,,,,,,,
Garage,Temp & Humidity Sensor,2020/12/09 4:10 AM,35.4,65.0,24.8,35.4,,,30.05,,,,,,,,,,,,,
Garage,Temp & Humidity Sensor,2020/12/09 4:15 AM,35.4,65.0,24.8,35.4,,,30.05,,,,,,,,,,,,,
Garage,Temp & Humidity Sensor,2020/12/09 4:20 AM,35.2,65.0,24.6,35.2,,,30.05,,,,,,,,,,,,,
Garage,Temp & Humidity Sensor,2020/12/09 4:25 AM,35.2,65.0,24.6,35.2,,,30.05,,,,,,,,,,,,,
Garage,Temp & Humidity Sensor,2020/12/09 4:30 AM,35.2,65.0,24.6,35.2,,,30.05,,,,,,,,,,,,,
Garage,Temp & Humidity Sensor,2020/12/09 4:35 AM,35.2,65.0,24.6,35.2,,,30.05,,,,,,,,,,,,,
Garage,Temp & Humidity Sensor,2020/12/09 4:40 AM,35.2,65.0,24.6,35.2,,,30.05,,,,,,,,,,,,,
Garage,Temp & Humidity Sensor,2020/12/09 4:45 AM,35.2,65.0,24.6,35.2,,,30.05,,,,,,,,,,,,,
Garage,Temp & Humidity Sensor,2020/12/09 4:50 AM,35.0,65.0,24.4,35.0,,,30.05,,,,,,,,,,,,,
Garage,Temp & Humidity Sensor,2020/12/09 4:55 AM,35.0,65.0,24.4,35.0,,,30.05,,,,,,,,,,,,,
Garage,Temp & Humidity Sensor,2020/12/09 5:00 AM,35.0,65.0,24.4,35.0,,,30.04,,,,,,,,,,,,,
Garage,Temp & Humidity Sensor,2020/12/09 5:05 AM,35.0,65.0,24.4,35.0,,,30.04,,,,,,,,,,,,,
Garage,Temp & Humidity Sensor,2020/12/09 5:10 AM,34.8,65.0,24.3,34.8,,,30.05,,,,,,,,,,,,,
Garage,Temp & Humidity Sensor,2020/12/09 5:15 AM,34.8,65.0,24.3,34.8,,,30.05,,,,,,,,,,,,,
Garage,Temp & Humidity Sensor,2020/12/09 5:20 AM,34.8,65.0,24.3,34.8,,,30.05,,,,,,,,,,,,,
Garage,Temp & Humidity Sensor,2020/12/09 5:25 AM,34.8,65.0,24.3,34.8,,,30.04,,,,,,,,,,,,,
Garage,Temp & Humidity Sensor,2020/12/09 5:30 AM,34.8,65.0,24.3,34.8,,,30.05,,,,,,,,,,,,,
Garage,Temp & Humidity Sensor,2020/12/09 5:35 AM,34.8,65.0,24.3,34.8,,,30.05,,,,,,,,,,,,,
Garage,Temp & Humidity Sensor,2020/12/09 5:40 AM,34.7,65.0,24.2,34.7,,,30.05,,,,,,,,,,,,,
Garage,Temp & Humidity Sensor,2020/12/09 5:45 AM,34.7,65.0,24.2,34.7,,,30.05,,,,,,,,,,,,,
Garage,Temp & Humidity Sensor,2020/12/09 5:50 AM,34.7,65.0,24.2,34.7,,,30.05,,,,,,,,,,,,,
Garage,Temp & Humidity Sensor,2020/12/09 5:55 AM,34.7,65.0,24.2,34.7,,,30.04,,,,,,,,,,,,,
Garage,Temp & Humidity Sensor,2020/12/09 6:00 AM,34.7,65.0,24.2,34.7,,,30.05,,,,,,,,,,,,,
Garage,Temp & Humidity Sensor,2020/12/09 6:05 AM,34.7,65.0,24.2,34.7,,,30.05,,,,,,,,,,,,,
Garage,Temp & Humidity Sensor,2020/12/09 6:10 AM,34.7,65.0,24.2,34.7,,,30.05,,,,,,,,,,,,,
Garage,Temp & Humidity Sensor,2020/12/09 6:15 AM,34.7,65.0,24.2,34.7,,,30.05,,,,,,,,,,,,,
Garage,Temp & Humidity Sensor,2020/12/09 6:20 AM,34.7,65.0,24.2,34.7,,,30.05,,,,,,,,,,,,,
Garage,Temp & Humidity Sensor,2020/12/09 6:25 AM,34.7,65.0,24.2,34.7,,,30.05,,,,,,,,,,,,,
Garage,Temp & Humidity Sensor,2020/12/09 6:30 AM,34.7,65.0,24.2,34.7,,,30.05,,,,,,,,,,,,,
Garage,Temp & Humidity Sensor,2020/12/09 6:35 AM,34.7,65.0,24.2,34.7,,,30.05,,,,,,,,,,,,,
Garage,Temp & Humidity Sensor,2020/12/09 6:40 AM,34.7,65.0,24.2,34.7,,,30.05,,,,,,,,,,,,,
Garage,Temp & Humidity Sensor,2020/12/09 6:45 AM,34.7,65.0,24.2,34.7,,,30.06,,,,,,,,,,,,,
Garage,Temp & Humidity Sensor,2020/12/09 6:50 AM,34.7,65.0,24.2,34.7,,,30.05,,,,,,,,,,,,,
Garage,Temp & Humidity Sensor,2020/12/09 6:55 AM,34.7,65.0,24.2,34.7,,,30.05,,,,,,,,,,,,,
Garage,Temp & Humidity Sensor,2020/12/09 7:00 AM,34.7,65.0,24.2,34.7,,,30.05,,,,,,,,,,,,,
Garage,Temp & Humidity Sensor,2020/12/09 7:05 AM,34.7,65.0,24.2,34.7,,,30.06,,,,,,,,,,,,,
Garage,Temp & Humidity Sensor,2020/12/09 7:10 AM,34.7,65.0,24.2,34.7,,,30.06,,,,,,,,,,,,,
Garage,Temp & Humidity Sensor,2020/12/09 7:15 AM,34.7,65.0,24.2,34.7,,,30.06,,,,,,,,,,,,,
Garage,Temp & Humidity Sensor,2020/12/09 7:25 AM,34.7,65.0,24.2,34.7,,,30.05,,,,,,,,,,,,,
Garage,Temp & Humidity Sensor,2020/12/09 7:30 AM,34.7,65.0,24.2,34.7,,,30.05,,,,,,,,,,,,,
Garage,Temp & Humidity Sensor,2020/12/09 7:35 AM,34.7,65.0,24.2,34.7,,,30.05,,,,,,,,,,,,,
Garage,Temp & Humidity Sensor,2020/12/09 7:40 AM,34.7,65.0,24.2,34.7,,,30.05,,,,,,,,,,,,,
Garage,Temp & Humidity Sensor,2020/12/09 7:45 AM,34.7,65.0,24.2,34.7,,,30.05,,,,,,,,,,,,,
Garage,Temp & Humidity Sensor,2020/12/09 7:50 AM,34.8,65.0,24.3,34.8,,,30.05,,,,,,,,,,,,,
Garage,Temp & Humidity Sensor,2020/12/09 7:55 AM,34.8,65.0,24.3,34.8,,,30.05,,,,,,,,,,,,,
Garage,Temp & Humidity Sensor,2020/12/09 8:00 AM,34.8,65.0,24.3,34.8,,,30.06,,,,,,,,,,,,,
Garage,Temp & Humidity Sensor,2020/12/09 8:05 AM,34.8,65.0,24.3,34.8,,,30.06,,,,,,,,,,,,,
Garage,Temp & Humidity Sensor,2020/12/09 8:10 AM,34.8,65.0,24.3,34.8,,,30.06,,,,,,,,,,,,,
Garage,Temp & Humidity Sensor,2020/12/09 8:15 AM,34.8,65.0,24.3,34.8,,,30.06,,,,,,,,,,,,,
Garage,Temp & Humidity Sensor,2020/12/09 8:20 AM,35.0,65.0,24.4,35.0,,,30.06,,,,,,,,,,,,,
Garage,Temp & Humidity Sensor,2020/12/09 8:25 AM,35.0,65.0,24.4,35.0,,,30.06,,,,,,,,,,,,,
Garage,Temp & Humidity Sensor,2020/12/09 8:30 AM,35.0,65.0,24.4,35.0,,,30.06,,,,,,,,,,,,,
Garage,Temp & Humidity Sensor,2020/12/09 8:35 AM,35.2,65.0,24.6,35.2,,,30.06,,,,,,,,,,,,,
Garage,Temp & Humidity Sensor,2020/12/09 8:40 AM,35.2,65.0,24.6,35.2,,,30.06,,,,,,,,,,,,,
Garage,Temp & Humidity Sensor,2020/12/09 8:45 AM,35.4,65.0,24.8,35.4,,,30.05,,,,,,,,,,,,,
Garage,Temp & Humidity Sensor,2020/12/09 8:50 AM,35.4,65.0,24.8,35.4,,,30.05,,,,,,,,,,,,,
Garage,Temp & Humidity Sensor,2020/12/09 8:55 AM,35.6,65.0,25.0,35.6,,,30.05,,,,,,,,,,,,,
Garage,Temp & Humidity Sensor,2020/12/09 9:00 AM,35.6,65.0,25.0,35.6,,,30.05,,,,,,,,,,,,,
Garage,Temp & Humidity Sensor,2020/12/09 9:05 AM,35.6,65.0,25.0,35.6,,,30.05,,,,,,,,,,,,,
Garage,Temp & Humidity Sensor,2020/12/09 9:10 AM,35.7,65.0,25.1,35.7,,,30.06,,,,,,,,,,,,,
Garage,Temp & Humidity Sensor,2020/12/09 9:15 AM,35.7,65.0,25.1,35.7,,,30.05,,,,,,,,,,,,,
Garage,Temp & Humidity Sensor,2020/12/09 9:20 AM,35.9,65.0,25.3,35.9,,,30.05,,,,,,,,,,,,,
Garage,Temp & Humidity Sensor,2020/12/09 9:25 AM,35.9,65.0,25.3,35.9,,,30.05,,,,,,,,,,,,,
Garage,Temp & Humidity Sensor,2020/12/09 9:30 AM,36.1,65.0,25.5,36.1,,,30.05,,,,,,,,,,,,,
Garage,Temp & Humidity Sensor,2020/12/09 9:35 AM,36.3,65.0,25.7,36.3,,,30.05,,,,,,,,,,,,,
Garage,Temp & Humidity Sensor,2020/12/09 9:40 AM,36.5,65.0,25.9,36.5,,,30.05,,,,,,,,,,,,,
Garage,Temp & Humidity Sensor,2020/12/09 9:45 AM,36.5,65.0,25.9,36.5,,,30.06,,,,,,,,,,,,,
Garage,Temp & Humidity Sensor,2020/12/09 9:50 AM,36.6,65.0,26.0,36.6,,,30.06,,,,,,,,,,,,,
Garage,Temp & Humidity Sensor,2020/12/09 9:55 AM,36.6,65.0,26.0,36.6,,,30.06,,,,,,,,,,,,,
Garage,Temp & Humidity Sensor,2020/12/09 10:00 AM,36.8,65.0,26.2,36.8,,,30.06,,,,,,,,,,,,,
Garage,Temp & Humidity Sensor,2020/12/09 10:05 AM,37.0,65.0,26.3,37.0,,,30.06,,,,,,,,,,,,,
Garage,Temp & Humidity Sensor,2020/12/09 10:10 AM,37.0,65.0,26.3,37.0,,,30.06,,,,,,,,,,,,,
Garage,Temp & Humidity Sensor,2020/12/09 10:15 AM,37.2,65.0,26.5,37.2,,,30.05,,,,,,,,,,,,,
Garage,Temp & Humidity Sensor,2020/12/09 10:20 AM,37.4,65.0,26.7,37.4,,,30.05,,,,,,,,,,,,,
Garage,Temp & Humidity Sensor,2020/12/09 10:25 AM,37.4,65.0,26.7,37.4,,,30.05,,,,,,,,,,,,,
Garage,Temp & Humidity Sensor,2020/12/09 10:30 AM,37.7,65.0,27.0,37.7,,,30.05,,,,,,,,,,,,,
Garage,Temp & Humidity Sensor,2020/12/09 10:35 AM,37.7,65.0,27.0,37.7,,,30.04,,,,,,,,,,,,,
Garage,Temp & Humidity Sensor,2020/12/09 10:40 AM,37.9,65.0,27.2,37.9,,,30.04,,,,,,,,,,,,,
Garage,Temp & Humidity Sensor,2020/12/09 10:45 AM,38.1,65.0,27.4,38.1,,,30.04,,,,,,,,,,,,,
Garage,Temp & Humidity Sensor,2020/12/09 10:50 AM,38.3,65.0,27.6,38.3,,,30.04,,,,,,,,,,,,,
Garage,Temp & Humidity Sensor,2020/12/09 10:55 AM,38.3,65.0,27.6,38.3,,,30.04,,,,,,,,,,,,,
Garage,Temp & Humidity Sensor,2020/12/09 11:00 AM,38.4,65.0,27.7,38.4,,,30.05,,,,,,,,,,,,,
Garage,Temp & Humidity Sensor,2020/12/09 11:05 AM,38.6,65.0,27.9,38.6,,,30.04,,,,,,,,,,,,,
Garage,Temp & Humidity Sensor,2020/12/09 11:10 AM,38.8,65.0,28.1,38.8,,,30.04,,,,,,,,,,,,,
Garage,Temp & Humidity Sensor,2020/12/09 11:15 AM,39.0,65.0,28.2,39.0,,,30.04,,,,,,,,,,,,,
Garage,Temp & Humidity Sensor,2020/12/09 11:20 AM,39.2,65.0,28.4,39.2,,,30.04,,,,,,,,,,,,,
Garage,Temp & Humidity Sensor,2020/12/09 11:25 AM,39.2,65.0,28.4,39.2,,,30.04,,,,,,,,,,,,,
Garage,Temp & Humidity Sensor,2020/12/09 11:30 AM,39.3,65.0,28.5,39.3,,,30.03,,,,,,,,,,,,,
Garage,Temp & Humidity Sensor,2020/12/09 11:35 AM,39.5,65.0,28.7,39.5,,,30.03,,,,,,,,,,,,,
Garage,Temp & Humidity Sensor,2020/12/09 11:40 AM,39.7,65.0,28.9,39.7,,,30.03,,,,,,,,,,,,,
Garage,Temp & Humidity Sensor,2020/12/09 11:45 AM,39.9,65.0,29.1,39.9,,,30.03,,,,,,,,,,,,,
Garage,Temp & Humidity Sensor,2020/12/09 11:50 AM,40.1,65.0,29.3,36.9,,,30.02,,,,,,,,,,,,,
Garage,Temp & Humidity Sensor,2020/12/09 11:55 AM,40.2,65.0,29.4,37.0,,,30.02,,,,,,,,,,,,,
Garage,Temp & Humidity Sensor,2020/12/09 12:00 PM,40.4,65.0,29.6,37.2,,,30.02,,,,,,,,,,,,,
Garage,Temp & Humidity Sensor,2020/12/09 12:05 PM,40.6,65.0,29.8,37.4,,,30.01,,,,,,,,,,,,,
Garage,Temp & Humidity Sensor,2020/12/09 12:10 PM,40.8,65.0,30.0,37.6,,,30.0,,,,,,,,,,,,,
Garage,Temp & Humidity Sensor,2020/12/09 12:15 PM,41.0,65.0,30.2,37.9,,,30.0,,,,,,,,,,,,,
Garage,Temp & Humidity Sensor,2020/12/09 12:20 PM,41.3,65.0,30.4,38.2,,,29.99,,,,,,,,,,,,,
Garage,Temp & Humidity Sensor,2020/12/09 12:25 PM,41.5,65.0,30.6,38.4,,,29.99,,,,,,,,,,,,,
Garage,Temp & Humidity Sensor,2020/12/09 12:30 PM,41.7,65.0,30.8,38.6,,,29.99,,,,,,,,,,,,,
Garage,Temp & Humidity Sensor,2020/12/09 12:35 PM,41.9,65.0,31.0,38.8,,,29.99,,,,,,,,,,,,,
Garage,Temp & Humidity Sensor,2020/12/09 12:40 PM,42.0,65.0,31.1,39.0,,,29.99,,,,,,,,,,,,,
Garage,Temp & Humidity Sensor,2020/12/09 12:45 PM,42.2,65.0,31.3,39.2,,,29.99,,,,,,,,,,,,,
Garage,Temp & Humidity Sensor,2020/12/09 12:50 PM,42.6,65.0,31.7,39.6,,,29.99,,,,,,,,,,,,,
Garage,Temp & Humidity Sensor,2020/12/09 12:55 PM,42.8,65.0,31.9,39.8,,,29.98,,,,,,,,,,,,,
Garage,Temp & Humidity Sensor,2020/12/09 1:00 PM,42.8,65.0,31.9,39.8,,,29.98,,,,,,,,,,,,,
Garage,Temp & Humidity Sensor,2020/12/09 1:05 PM,43.1,65.0,32.1,40.2,,,29.97,,,,,,,,,,,,,
Garage,Temp & Humidity Sensor,2020/12/09 1:10 PM,43.3,65.0,32.3,40.4,,,29.97,,,,,,,,,,,,,
Garage,Temp & Humidity Sensor,2020/12/09 1:15 PM,43.7,65.0,32.7,40.8,,,29.96,,,,,,,,,,,,,
Garage,Temp & Humidity Sensor,2020/12/09 1:20 PM,43.8,65.0,32.8,40.9,,,29.96,,,,,,,,,,,,,
Garage,Temp & Humidity Sensor,2020/12/09 1:25 PM,44.0,65.0,33.0,41.2,,,29.95,,,,,,,,,,,,,
Garage,Temp & Humidity Sensor,2020/12/09 1:30 PM,44.2,65.0,33.2,41.4,,,29.95,,,,,,,,,,,,,
Garage,Temp & Humidity Sensor,2020/12/09 1:35 PM,44.4,65.0,33.4,41.6,,,29.94,,,,,,,,,,,,,
Garage,Temp & Humidity Sensor,2020/12/09 1:40 PM,44.6,64.0,33.2,41.8,,,29.94,,,,,,,,,,,,,
Garage,Temp & Humidity Sensor,2020/12/09 1:45 PM,44.6,64.0,33.2,41.8,,,29.94,,,,,,,,,,,,,
Garage,Temp & Humidity Sensor,2020/12/09 1:50 PM,44.6,64.0,33.2,41.8,,,29.94,,,,,,,,,,,,,
Garage,Temp & Humidity Sensor,2020/12/09 1:55 PM,44.7,64.0,33.3,41.9,,,29.94,,,,,,,,,,,,,
Garage,Temp & Humidity Sensor,2020/12/09 2:00 PM,44.9,64.0,33.5,42.1,,,29.93,,,,,,,,,,,,,
Garage,Temp & Humidity Sensor,2020/12/09 2:05 PM,44.9,64.0,33.5,42.1,,,29.93,,,,,,,,,,,,,
Garage,Temp & Humidity Sensor,2020/12/09 2:10 PM,45.1,64.0,33.7,42.3,,,29.93,,,,,,,,,,,,,
Garage,Temp & Humidity Sensor,2020/12/09 2:15 PM,45.3,64.0,33.9,42.5,,,29.93,,,,,,,,,,,,,
Garage,Temp & Humidity Sensor,2020/12/09 2:20 PM,45.3,64.0,33.9,42.5,,,29.93,,,,,,,,,,,,,
Garage,Temp & Humidity Sensor,2020/12/09 2:25 PM,45.5,64.0,34.0,42.8,,,29.93,,,,,,,,,,,,,
Garage,Temp & Humidity Sensor,2020/12/09 2:30 PM,45.5,64.0,34.0,42.8,,,29.93,,,,,,,,,,,,,
Garage,Temp & Humidity Sensor,2020/12/09 2:35 PM,45.6,64.0,34.1,42.9,,,29.94,,,,,,,,,,,,,
Garage,Temp & Humidity Sensor,2020/12/09 2:40 PM,45.6,65.0,34.5,42.9,,,29.93,,,,,,,,,,,,,
Garage,Temp & Humidity Sensor,2020/12/09 2:45 PM,45.8,65.0,34.7,43.1,,,29.93,,,,,,,,,,,,,
Garage,Temp & Humidity Sensor,2020/12/09 2:50 PM,45.8,65.0,34.7,43.1,,,29.93,,,,,,,,,,,,,
Garage,Temp & Humidity Sensor,2020/12/09 2:55 PM,46.0,65.0,34.9,43.4,,,29.93,,,,,,,,,,,,,
Garage,Temp & Humidity Sensor,2020/12/09 3:00 PM,46.0,65.0,34.9,43.4,,,29.93,,,,,,,,,,,,,
Garage,Temp & Humidity Sensor,2020/12/09 3:05 PM,46.2,65.0,35.1,43.6,,,29.93,,,,,,,,,,,,,
Garage,Temp & Humidity Sensor,2020/12/09 3:10 PM,46.2,65.0,35.1,43.6,,,29.93,,,,,,,,,,,,,
Garage,Temp & Humidity Sensor,2020/12/09 3:15 PM,46.4,64.0,34.9,43.7,,,29.93,,,,,,,,,,,,,
Garage,Temp & Humidity Sensor,2020/12/09 3:20 PM,46.4,64.0,34.9,43.7,,,29.92,,,,,,,,,,,,,
Garage,Temp & Humidity Sensor,2020/12/09 3:25 PM,46.5,64.0,35.0,43.9,,,29.92,,,,,,,,,,,,,
Garage,Temp & Humidity Sensor,2020/12/09 3:30 PM,46.5,64.0,35.0,43.9,,,29.92,,,,,,,,,,,,,
Garage,Temp & Humidity Sensor,2020/12/09 3:40 PM,46.7,64.0,35.2,44.1,,,29.92,,,,,,,,,,,,,
Garage,Temp & Humidity Sensor,2020/12/09 3:45 PM,46.9,64.0,35.4,44.3,,,29.92,,,,,,,,,,,,,
Garage,Temp & Humidity Sensor,2020/12/09 3:50 PM,46.9,64.0,35.4,44.3,,,29.92,,,,,,,,,,,,,
Garage,Temp & Humidity Sensor,2020/12/09 3:55 PM,47.1,64.0,35.6,44.5,,,29.92,,,,,,,,,,,,,
Garage,Temp & Humidity Sensor,2020/12/09 4:00 PM,47.1,64.0,35.6,44.5,,,29.92,,,,,,,,,,,,,
Garage,Temp & Humidity Sensor,2020/12/09 4:05 PM,47.3,64.0,35.7,44.7,,,29.92,,,,,,,,,,,,,
Garage,Temp & Humidity Sensor,2020/12/09 4:10 PM,47.3,64.0,35.7,44.7,,,29.92,,,,,,,,,,,,,
Garage,Temp & Humidity Sensor,2020/12/09 4:15 PM,47.3,64.0,35.7,44.7,,,29.92,,,,,,,,,,,,,
Garage,Temp & Humidity Sensor,2020/12/09 4:20 PM,47.4,64.0,35.8,44.8,,,29.92,,,,,,,,,,,,,
Garage,Temp & Humidity Sensor,2020/12/09 4:25 PM,47.4,64.0,35.8,44.8,,,29.92,,,,,,,,,,,,,
Garage,Temp & Humidity Sensor,2020/12/09 4:30 PM,47.4,64.0,35.8,44.8,,,29.92,,,,,,,,,,,,,
Garage,Temp & Humidity Sensor,2020/12/09 4:35 PM,47.3,65.0,36.1,44.8,,,29.92,,,,,,,,,,,,,
Garage,Temp & Humidity Sensor,2020/12/09 4:40 PM,47.3,65.0,36.1,44.8,,,29.92,,,,,,,,,,,,,
Garage,Temp & Humidity Sensor,2020/12/09 4:45 PM,47.3,65.0,36.1,44.8,,,29.92,,,,,,,,,,,,,
Garage,Temp & Humidity Sensor,2020/12/09 4:50 PM,47.3,64.0,35.7,44.7,,,29.92,,,,,,,,,,,,,
Garage,Temp & Humidity Sensor,2020/12/09 4:55 PM,47.3,64.0,35.7,44.7,,,29.92,,,,,,,,,,,,,
Garage,Temp & Humidity Sensor,2020/12/09 5:00 PM,47.1,64.0,35.6,44.5,,,29.92,,,,,,,,,,,,,
Garage,Temp & Humidity Sensor,2020/12/09 5:05 PM,47.1,64.0,35.6,44.5,,,29.92,,,,,,,,,,,,,
Garage,Temp & Humidity Sensor,2020/12/09 5:10 PM,47.1,64.0,35.6,44.5,,,29.92,,,,,,,,,,,,,
Garage,Temp & Humidity Sensor,2020/12/09 5:15 PM,46.9,64.0,35.4,44.3,,,29.93,,,,,,,,,,,,,
Garage,Temp & Humidity Sensor,2020/12/09 5:20 PM,46.9,64.0,35.4,44.3,,,29.93,,,,,,,,,,,,,
Garage,Temp & Humidity Sensor,2020/12/09 5:25 PM,46.9,64.0,35.4,44.3,,,29.92,,,,,,,,,,,,,
Garage,Temp & Humidity Sensor,2020/12/09 5:30 PM,46.7,64.0,35.2,44.1,,,29.92,,,,,,,,,,,,,
Garage,Temp & Humidity Sensor,2020/12/09 5:35 PM,46.7,64.0,35.2,44.1,,,29.92,,,,,,,,,,,,,
Garage,Temp & Humidity Sensor,2020/12/09 5:40 PM,46.5,64.0,35.0,43.9,,,29.93,,,,,,,,,,,,,
Garage,Temp & Humidity Sensor,2020/12/09 5:45 PM,46.5,64.0,35.0,43.9,,,29.93,,,,,,,,,,,,,
Garage,Temp & Humidity Sensor,2020/12/09 5:50 PM,46.4,64.0,34.9,43.7,,,29.93,,,,,,,,,,,,,
Garage,Temp & Humidity Sensor,2020/12/09 5:55 PM,46.4,64.0,34.9,43.7,,,29.93,,,,,,,,,,,,,
Garage,Temp & Humidity Sensor,2020/12/09 6:00 PM,46.2,65.0,35.1,43.6,,,29.93,,,,,,,,,,,,,
Garage,Temp & Humidity Sensor,2020/12/09 6:05 PM,46.2,65.0,35.1,43.6,,,29.93,,,,,,,,,,,,,
Garage,Temp & Humidity Sensor,2020/12/09 6:10 PM,46.0,65.0,34.9,43.4,,,29.94,,,,,,,,,,,,,
Garage,Temp & Humidity Sensor,2020/12/09 6:15 PM,46.0,65.0,34.9,43.4,,,29.93,,,,,,,,,,,,,
Garage,Temp & Humidity Sensor,2020/12/09 6:20 PM,45.8,65.0,34.7,43.1,,,29.93,,,,,,,,,,,,,
Garage,Temp & Humidity Sensor,2020/12/09 6:25 PM,45.8,64.0,34.3,43.1,,,29.93,,,,,,,,,,,,,
Garage,Temp & Humidity Sensor,2020/12/09 6:30 PM,45.6,64.0,34.1,42.9,,,29.93,,,,,,,,,,,,,
Garage,Temp & Humidity Sensor,2020/12/09 6:35 PM,45.6,64.0,34.1,42.9,,,29.93,,,,,,,,,,,,,
Garage,Temp & Humidity Sensor,2020/12/09 6:40 PM,45.5,64.0,34.0,42.8,,,29.93,,,,,,,,,,,,,
Garage,Temp & Humidity Sensor,2020/12/09 6:45 PM,45.3,64.0,33.9,42.5,,,29.93,,,,,,,,,,,,,
Garage,Temp & Humidity Sensor,2020/12/09 6:50 PM,45.3,64.0,33.9,42.5,,,29.94,,,,,,,,,,,,,
Garage,Temp & Humidity Sensor,2020/12/09 6:55 PM,45.1,64.0,33.7,42.3,,,29.94,,,,,,,,,,,,,
Garage,Temp & Humidity Sensor,2020/12/09 7:00 PM,45.1,64.0,33.7,42.3,,,29.94,,,,,,,,,,,,,
Garage,Temp & Humidity Sensor,2020/12/09 7:05 PM,44.9,64.0,33.5,42.1,,,29.94,,,,,,,,,,,,,
Garage,Temp & Humidity Sensor,2020/12/09 7:10 PM,44.9,64.0,33.5,42.1,,,29.94,,,,,,,,,,,,,
Garage,Temp & Humidity Sensor,2020/12/09 7:15 PM,44.7,64.0,33.3,41.9,,,29.95,,,,,,,,,,,,,
Garage,Temp & Humidity Sensor,2020/12/09 7:20 PM,44.7,64.0,33.3,41.9,,,29.95,,,,,,,,,,,,,
Garage,Temp & Humidity Sensor,2020/12/09 7:25 PM,44.6,64.0,33.2,41.8,,,29.95,,,,,,,,,,,,,
Garage,Temp & Humidity Sensor,2020/12/09 7:30 PM,44.6,64.0,33.2,41.8,,,29.96,,,,,,,,,,,,,
Garage,Temp & Humidity Sensor,2020/12/09 7:35 PM,44.6,64.0,33.2,41.8,,,29.96,,,,,,,,,,,,,
Garage,Temp & Humidity Sensor,2020/12/09 7:40 PM,44.6,64.0,33.2,41.8,,,29.96,,,,,,,,,,,,,
Garage,Temp & Humidity Sensor,2020/12/09 7:45 PM,44.6,64.0,33.2,41.8,,,29.96,,,,,,,,,,,,,
Garage,Temp & Humidity Sensor,2020/12/09 7:50 PM,44.4,65.0,33.4,41.6,,,29.96,,,,,,,,,,,,,
Garage,Temp & Humidity Sensor,2020/12/09 7:55 PM,44.4,65.0,33.4,41.6,,,29.96,,,,,,,,,,,,,
Garage,Temp & Humidity Sensor,2020/12/09 8:00 PM,44.2,65.0,33.2,41.4,,,29.96,,,,,,,,,,,,,
Garage,Temp & Humidity Sensor,2020/12/09 8:05 PM,44.2,65.0,33.2,41.4,,,29.97,,,,,,,,,,,,,
Garage,Temp & Humidity Sensor,2020/12/09 8:10 PM,44.0,65.0,33.0,41.2,,,29.97,,,,,,,,,,,,,
Garage,Temp & Humidity Sensor,2020/12/09 8:15 PM,44.0,65.0,33.0,41.2,,,29.97,,,,,,,,,,,,,
Garage,Temp & Humidity Sensor,2020/12/09 8:20 PM,44.0,65.0,33.0,41.2,,,29.97,,,,,,,,,,,,,
Garage,Temp & Humidity Sensor,2020/12/09 8:25 PM,43.8,65.0,32.8,40.9,,,29.97,,,,,,,,,,,,,
Garage,Temp & Humidity Sensor,2020/12/09 8:30 PM,43.8,65.0,32.8,40.9,,,29.97,,,,,,,,,,,,,
Garage,Temp & Humidity Sensor,2020/12/09 8:35 PM,43.7,65.0,32.7,40.8,,,29.97,,,,,,,,,,,,,
Garage,Temp & Humidity Sensor,2020/12/09 8:40 PM,43.7,65.0,32.7,40.8,,,29.97,,,,,,,,,,,,,
Garage,Temp & Humidity Sensor,2020/12/09 8:45 PM,43.5,65.0,32.5,40.6,,,29.98,,,,,,,,,,,,,
Garage,Temp & Humidity Sensor,2020/12/09 8:50 PM,43.5,65.0,32.5,40.6,,,29.98,,,,,,,,,,,,,
Garage,Temp & Humidity Sensor,2020/12/09 8:55 PM,43.5,65.0,32.5,40.6,,,29.98,,,,,,,,,,,,,
Garage,Temp & Humidity Sensor,2020/12/09 9:00 PM,43.3,65.0,32.3,40.4,,,29.99,,,,,,,,,,,,,
Garage,Temp & Humidity Sensor,2020/12/09 9:05 PM,43.3,65.0,32.3,40.4,,,29.98,,,,,,,,,,,,,
Garage,Temp & Humidity Sensor,2020/12/09 9:10 PM,43.1,65.0,32.1,40.2,,,29.99,,,,,,,,,,,,,
Garage,Temp & Humidity Sensor,2020/12/09 9:15 PM,43.1,65.0,32.1,40.2,,,29.99,,,,,,,,,,,,,
Garage,Temp & Humidity Sensor,2020/12/09 9:20 PM,42.9,65.0,32.0,39.9,,,29.99,,,,,,,,,,,,,
Garage,Temp & Humidity Sensor,2020/12/09 9:25 PM,42.9,65.0,32.0,39.9,,,29.99,,,,,,,,,,,,,
Garage,Temp & Humidity Sensor,2020/12/09 9:30 PM,42.8,65.0,31.9,39.8,,,29.99,,,,,,,,,,,,,
Garage,Temp & Humidity Sensor,2020/12/09 9:35 PM,42.8,65.0,31.9,39.8,,,29.99,,,,,,,,,,,,,
Garage,Temp & Humidity Sensor,2020/12/09 9:40 PM,42.8,65.0,31.9,39.8,,,30.0,,,,,,,,,,,,,
Garage,Temp & Humidity Sensor,2020/12/09 9:45 PM,42.8,65.0,31.9,39.8,,,30.0,,,,,,,,,,,,,
Garage,Temp & Humidity Sensor,2020/12/09 9:50 PM,42.8,65.0,31.9,39.8,,,30.0,,,,,,,,,,,,,
Garage,Temp & Humidity Sensor,2020/12/09 9:55 PM,42.6,65.0,31.7,39.6,,,30.0,,,,,,,,,,,,,
Garage,Temp & Humidity Sensor,2020/12/09 10:00 PM,42.6,65.0,31.7,39.6,,,30.0,,,,,,,,,,,,,
Garage,Temp & Humidity Sensor,2020/12/09 10:05 PM,42.6,65.0,31.7,39.6,,,30.0,,,,,,,,,,,,,
Garage,Temp & Humidity Sensor,2020/12/09 10:10 PM,42.4,65.0,31.5,39.4,,,30.0,,,,,,,,,,,,,
Garage,Temp & Humidity Sensor,2020/12/09 10:15 PM,42.4,65.0,31.5,39.4,,,30.0,,,,,,,,,,,,,
Garage,Temp & Humidity Sensor,2020/12/09 10:20 PM,42.2,65.0,31.3,39.2,,,30.0,,,,,,,,,,,,,
Garage,Temp & Humidity Sensor,2020/12/09 10:25 PM,42.2,65.0,31.3,39.2,,,30.0,,,,,,,,,,,,,
Garage,Temp & Humidity Sensor,2020/12/09 10:30 PM,42.0,65.0,31.1,39.0,,,30.01,,,,,,,,,,,,,
Garage,Temp & Humidity Sensor,2020/12/09 10:35 PM,42.0,65.0,31.1,39.0,,,30.01,,,,,,,,,,,,,
Garage,Temp & Humidity Sensor,2020/12/09 10:40 PM,41.9,65.0,31.0,38.8,,,30.01,,,,,,,,,,,,,
Garage,Temp & Humidity Sensor,2020/12/09 10:45 PM,41.9,65.0,31.0,38.8,,,30.01,,,,,,,,,,,,,
Garage,Temp & Humidity Sensor,2020/12/09 10:50 PM,41.9,65.0,31.0,38.8,,,30.02,,,,,,,,,,,,,
Garage,Temp & Humidity Sensor,2020/12/09 10:55 PM,41.7,65.0,30.8,38.6,,,30.02,,,,,,,,,,,,,
Garage,Temp & Humidity Sensor,2020/12/09 11:00 PM,41.7,65.0,30.8,38.6,,,30.02,,,,,,,,,,,,,
Garage,Temp & Humidity Sensor,2020/12/09 11:05 PM,41.7,65.0,30.8,38.6,,,30.02,,,,,,,,,,,,,
Garage,Temp & Humidity Sensor,2020/12/09 11:10 PM,41.5,65.0,30.6,38.4,,,30.02,,,,,,,,,,,,,
Garage,Temp & Humidity Sensor,2020/12/09 11:15 PM,41.5,65.0,30.6,38.4,,,30.02,,,,,,,,,,,,,
Garage,Temp & Humidity Sensor,2020/12/09 11:20 PM,41.5,65.0,30.6,38.4,,,30.02,,,,,,,,,,,,,
Garage,Temp & Humidity Sensor,2020/12/09 11:25 PM,41.3,65.0,30.4,38.2,,,30.02,,,,,,,,,,,,,
Garage,Temp & Humidity Sensor,2020/12/09 11:30 PM,41.3,65.0,30.4,38.2,,,30.02,,,,,,,,,,,,,
Garage,Temp & Humidity Sensor,2020/12/09 11:35 PM,41.1,65.0,30.2,38.0,,,30.02,,,,,,,,,,,,,
Garage,Temp & Humidity Sensor,2020/12/09 11:40 PM,41.1,65.0,30.2,38.0,,,30.02,,,,,,,,,,,,,
Garage,Temp & Humidity Sensor,2020/12/09 11:45 PM,41.1,65.0,30.2,38.0,,,30.02,,,,,,,,,,,,,
Garage,Temp & Humidity Sensor,2020/12/09 11:50 PM,41.0,65.0,30.2,37.9,,,30.02,,,,,,,,,,,,,
Garage,Temp & Humidity Sensor,2020/12/09 11:55 PM,41.0,65.0,30.2,37.9,,,30.02,,,,,,,,,,,,,
Garage,Temp & Humidity Sensor,2020/12/10 12:00 AM,40.8,66.0,30.3,37.7,,,30.02,,,,,,,,,,,,,
Garage,Temp & Humidity Sensor,2020/12/10 12:05 AM,40.8,66.0,30.3,37.7,,,30.02,,,,,,,,,,,,,
Garage,Temp & Humidity Sensor,2020/12/10 12:10 AM,40.8,66.0,30.3,37.7,,,30.02,,,,,,,,,,,,,
Garage,Temp & Humidity Sensor,2020/12/10 12:15 AM,40.6,66.0,30.1,37.5,,,30.02,,,,,,,,,,,,,
Garage,Temp & Humidity Sensor,2020/12/10 12:20 AM,40.6,66.0,30.1,37.5,,,30.02,,,,,,,,,,,,,
Garage,Temp & Humidity Sensor,2020/12/10 12:25 AM,40.6,66.0,30.1,37.5,,,30.03,,,,,,,,,,,,,
Garage,Temp & Humidity Sensor,2020/12/10 12:30 AM,40.6,66.0,30.1,37.5,,,30.03,,,,,,,,,,,,,
Garage,Temp & Humidity Sensor,2020/12/10 12:35 AM,40.4,66.0,30.0,37.2,,,30.02,,,,,,,,,,,,,
Garage,Temp & Humidity Sensor,2020/12/10 12:40 AM,40.4,66.0,30.0,37.2,,,30.03,,,,,,,,,,,,,
Garage,Temp & Humidity Sensor,2020/12/10 12:45 AM,40.2,66.0,29.8,37.0,,,30.03,,,,,,,,,,,,,
Garage,Temp & Humidity Sensor,2020/12/10 12:50 AM,40.2,66.0,29.8,37.0,,,30.03,,,,,,,,,,,,,
Garage,Temp & Humidity Sensor,2020/12/10 12:55 AM,40.2,66.0,29.8,37.0,,,30.03,,,,,,,,,,,,,
Garage,Temp & Humidity Sensor,2020/12/10 1:00 AM,40.1,66.0,29.7,36.9,,,30.02,,,,,,,,,,,,,
Garage,Temp & Humidity Sensor,2020/12/10 1:05 AM,40.1,66.0,29.7,36.9,,,30.02,,,,,,,,,,,,,
Garage,Temp & Humidity Sensor,2020/12/10 1:10 AM,40.1,66.0,29.7,36.9,,,30.03,,,,,,,,,,,,,
Garage,Temp & Humidity Sensor,2020/12/10 1:15 AM,39.9,66.0,29.5,39.9,,,30.03,,,,,,,,,,,,,
Garage,Temp & Humidity Sensor,2020/12/10 1:20 AM,39.9,66.0,29.5,39.9,,,30.03,,,,,,,,,,,,,
Garage,Temp & Humidity Sensor,2020/12/10 1:25 AM,39.9,66.0,29.5,39.9,,,30.03,,,,,,,,,,,,,
Garage,Temp & Humidity Sensor,2020/12/10 1:30 AM,39.7,66.0,29.3,39.7,,,30.03,,,,,,,,,,,,,
Garage,Temp & Humidity Sensor,2020/12/10 1:35 AM,39.7,66.0,29.3,39.7,,,30.03,,,,,,,,,,,,,
Garage,Temp & Humidity Sensor,2020/12/10 1:40 AM,39.7,66.0,29.3,39.7,,,30.03,,,,,,,,,,,,,
Garage,Temp & Humidity Sensor,2020/12/10 1:45 AM,39.7,66.0,29.3,39.7,,,30.03,,,,,,,,,,,,,
Garage,Temp & Humidity Sensor,2020/12/10 1:50 AM,39.5,65.0,28.7,39.5,,,30.03,,,,,,,,,,,,,
Garage,Temp & Humidity Sensor,2020/12/10 1:55 AM,39.5,65.0,28.7,39.5,,,30.03,,,,,,,,,,,,,
Garage,Temp & Humidity Sensor,2020/12/10 2:00 AM,39.5,65.0,28.7,39.5,,,30.04,,,,,,,,,,,,,
Garage,Temp & Humidity Sensor,2020/12/10 2:05 AM,39.5,65.0,28.7,39.5,,,30.04,,,,,,,,,,,,,
Garage,Temp & Humidity Sensor,2020/12/10 2:10 AM,39.3,65.0,28.5,39.3,,,30.05,,,,,,,,,,,,,
Garage,Temp & Humidity Sensor,2020/12/10 2:15 AM,39.3,65.0,28.5,39.3,,,30.05,,,,,,,,,,,,,
Garage,Temp & Humidity Sensor,2020/12/10 2:20 AM,39.3,65.0,28.5,39.3,,,30.05,,,,,,,,,,,,,
Garage,Temp & Humidity Sensor,2020/12/10 2:25 AM,39.2,65.0,28.4,39.2,,,30.05,,,,,,,,,,,,,
Garage,Temp & Humidity Sensor,2020/12/10 2:30 AM,39.2,65.0,28.4,39.2,,,30.06,,,,,,,,,,,,,
Garage,Temp & Humidity Sensor,2020/12/10 2:35 AM,39.2,65.0,28.4,39.2,,,30.06,,,,,,,,,,,,,
Garage,Temp & Humidity Sensor,2020/12/10 2:40 AM,39.2,65.0,28.4,39.2,,,30.06,,,,,,,,,,,,,
Garage,Temp & Humidity Sensor,2020/12/10 2:45 AM,39.2,65.0,28.4,39.2,,,30.06,,,,,,,,,,,,,
Garage,Temp & Humidity Sensor,2020/12/10 2:50 AM,39.2,65.0,28.4,39.2,,,30.06,,,,,,,,,,,,,
Garage,Temp & Humidity Sensor,2020/12/10 2:55 AM,39.2,65.0,28.4,39.2,,,30.06,,,,,,,,,,,,,
Garage,Temp & Humidity Sensor,2020/12/10 3:00 AM,39.2,65.0,28.4,39.2,,,30.06,,,,,,,,,,,,,
Garage,Temp & Humidity Sensor,2020/12/10 3:05 AM,39.2,65.0,28.4,39.2,,,30.06,,,,,,,,,,,,,
Garage,Temp & Humidity Sensor,2020/12/10 3:10 AM,39.2,65.0,28.4,39.2,,,30.06,,,,,,,,,,,,,
Garage,Temp & Humidity Sensor,2020/12/10 3:15 AM,39.0,66.0,28.6,39.0,,,30.06,,,,,,,,,,,,,
Garage,Temp & Humidity Sensor,2020/12/10 3:20 AM,39.0,66.0,28.6,39.0,,,30.06,,,,,,,,,,,,,
Garage,Temp & Humidity Sensor,2020/12/10 3:25 AM,39.0,66.0,28.6,39.0,,,30.06,,,,,,,,,,,,,
Garage,Temp & Humidity Sensor,2020/12/10 3:30 AM,39.0,66.0,28.6,39.0,,,30.06,,,,,,,,,,,,,
Garage,Temp & Humidity Sensor,2020/12/10 3:35 AM,39.0,66.0,28.6,39.0,,,30.06,,,,,,,,,,,,,
Garage,Temp & Humidity Sensor,2020/12/10 3:40 AM,38.8,66.0,28.4,38.8,,,30.06,,,,,,,,,,,,,
Garage,Temp & Humidity Sensor,2020/12/10 3:45 AM,38.8,66.0,28.4,38.8,,,30.06,,,,,,,,,,,,,
Garage,Temp & Humidity Sensor,2020/12/10 3:50 AM,38.8,66.0,28.4,38.8,,,30.06,,,,,,,,,,,,,
Garage,Temp & Humidity Sensor,2020/12/10 3:55 AM,38.8,66.0,28.4,38.8,,,30.07,,,,,,,,,,,,,
Garage,Temp & Humidity Sensor,2020/12/10 4:00 AM,38.8,66.0,28.4,38.8,,,30.07,,,,,,,,,,,,,
Garage,Temp & Humidity Sensor,2020/12/10 4:05 AM,38.6,66.0,28.2,38.6,,,30.07,,,,,,,,,,,,,
Garage,Temp & Humidity Sensor,2020/12/10 4:10 AM,38.6,66.0,28.2,38.6,,,30.07,,,,,,,,,,,,,
Garage,Temp & Humidity Sensor,2020/12/10 4:15 AM,38.6,66.0,28.2,38.6,,,30.07,,,,,,,,,,,,,
Garage,Temp & Humidity Sensor,2020/12/10 4:20 AM,38.6,66.0,28.2,38.6,,,30.07,,,,,,,,,,,,,
Garage,Temp & Humidity Sensor,2020/12/10 4:25 AM,38.6,66.0,28.2,38.6,,,30.07,,,,,,,,,,,,,
Garage,Temp & Humidity Sensor,2020/12/10 4:30 AM,38.6,66.0,28.2,38.6,,,30.08,,,,,,,,,,,,,
Garage,Temp & Humidity Sensor,2020/12/10 4:35 AM,38.4,66.0,28.0,38.4,,,30.07,,,,,,,,,,,,,
Garage,Temp & Humidity Sensor,2020/12/10 4:40 AM,38.4,66.0,28.0,38.4,,,30.07,,,,,,,,,,,,,
Garage,Temp & Humidity Sensor,2020/12/10 4:45 AM,38.4,66.0,28.0,38.4,,,30.07,,,,,,,,,,,,,
Garage,Temp & Humidity Sensor,2020/12/10 4:50 AM,38.4,66.0,28.0,38.4,,,30.08,,,,,,,,,,,,,
Garage,Temp & Humidity Sensor,2020/12/10 4:55 AM,38.4,66.0,28.0,38.4,,,30.08,,,,,,,,,,,,,
Garage,Temp & Humidity Sensor,2020/12/10 5:00 AM,38.4,66.0,28.0,38.4,,,30.08,,,,,,,,,,,,,
Garage,Temp & Humidity Sensor,2020/12/10 5:05 AM,38.4,66.0,28.0,38.4,,,30.09,,,,,,,,,,,,,
Garage,Temp & Humidity Sensor,2020/12/10 5:10 AM,38.3,66.0,28.0,38.3,,,30.09,,,,,,,,,,,,,
Garage,Temp & Humidity Sensor,2020/12/10 5:15 AM,38.3,66.0,28.0,38.3,,,30.09,,,,,,,,,,,,,
Garage,Temp & Humidity Sensor,2020/12/10 5:20 AM,38.3,66.0,28.0,38.3,,,30.09,,,,,,,,,,,,,
Garage,Temp & Humidity Sensor,2020/12/10 5:25 AM,38.3,66.0,28.0,38.3,,,30.09,,,,,,,,,,,,,
Garage,Temp & Humidity Sensor,2020/12/10 5:30 AM,38.3,66.0,28.0,38.3,,,30.1,,,,,,,,,,,,,
Garage,Temp & Humidity Sensor,2020/12/10 5:35 AM,38.3,66.0,28.0,38.3,,,30.1,,,,,,,,,,,,,
Garage,Temp & Humidity Sensor,2020/12/10 5:40 AM,38.1,66.0,27.8,38.1,,,30.11,,,,,,,,,,,,,
Garage,Temp & Humidity Sensor,2020/12/10 5:45 AM,38.1,66.0,27.8,38.1,,,30.11,,,,,,,,,,,,,
Garage,Temp & Humidity Sensor,2020/12/10 5:50 AM,38.1,66.0,27.8,38.1,,,30.11,,,,,,,,,,,,,
Garage,Temp & Humidity Sensor,2020/12/10 5:55 AM,38.1,66.0,27.8,38.1,,,30.11,,,,,,,,,,,,,
Garage,Temp & Humidity Sensor,2020/12/10 6:00 AM,38.1,66.0,27.8,38.1,,,30.11,,,,,,,,,,,,,
Garage,Temp & Humidity Sensor,2020/12/10 6:05 AM,38.1,66.0,27.8,38.1,,,30.12,,,,,,,,,,,,,
Garage,Temp & Humidity Sensor,2020/12/10 6:10 AM,37.9,66.0,27.6,37.9,,,30.12,,,,,,,,,,,,,
Garage,Temp & Humidity Sensor,2020/12/10 6:15 AM,37.9,66.0,27.6,37.9,,,30.12,,,,,,,,,,,,,
Garage,Temp & Humidity Sensor,2020/12/10 6:20 AM,37.9,66.0,27.6,37.9,,,30.12,,,,,,,,,,,,,
Garage,Temp & Humidity Sensor,2020/12/10 6:25 AM,37.9,66.0,27.6,37.9,,,30.12,,,,,,,,,,,,,
Garage,Temp & Humidity Sensor,2020/12/10 6:30 AM,37.9,66.0,27.6,37.9,,,30.12,,,,,,,,,,,,,
Garage,Temp & Humidity Sensor,2020/12/10 6:35 AM,37.9,66.0,27.6,37.9,,,30.13,,,,,,,,,,,,,
Garage,Temp & Humidity Sensor,2020/12/10 6:40 AM,37.9,66.0,27.6,37.9,,,30.13,,,,,,,,,,,,,
Garage,Temp & Humidity Sensor,2020/12/10 6:45 AM,37.9,66.0,27.6,37.9,,,30.13,,,,,,,,,,,,,
Garage,Temp & Humidity Sensor,2020/12/10 6:50 AM,37.7,66.0,27.4,37.7,,,30.13,,,,,,,,,,,,,
Garage,Temp & Humidity Sensor,2020/12/10 6:55 AM,37.7,66.0,27.4,37.7,,,30.13,,,,,,,,,,,,,
Garage,Temp & Humidity Sensor,2020/12/10 7:00 AM,37.7,66.0,27.4,37.7,,,30.13,,,,,,,,,,,,,
Garage,Temp & Humidity Sensor,2020/12/10 7:05 AM,37.7,66.0,27.4,37.7,,,30.13,,,,,,,,,,,,,
Garage,Temp & Humidity Sensor,2020/12/10 7:10 AM,37.7,66.0,27.4,37.7,,,30.14,,,,,,,,,,,,,
Garage,Temp & Humidity Sensor,2020/12/10 7:15 AM,37.7,66.0,27.4,37.7,,,30.14,,,,,,,,,,,,,
Garage,Temp & Humidity Sensor,2020/12/10 7:20 AM,37.7,66.0,27.4,37.7,,,30.14,,,,,,,,,,,,,
Garage,Temp & Humidity Sensor,2020/12/10 7:25 AM,37.5,66.0,27.2,37.5,,,30.14,,,,,,,,,,,,,
Garage,Temp & Humidity Sensor,2020/12/10 7:30 AM,37.4,66.0,27.1,37.4,,,30.15,,,,,,,,,,,,,
Garage,Temp & Humidity Sensor,2020/12/10 7:35 AM,37.4,66.0,27.1,37.4,,,30.15,,,,,,,,,,,,,
Garage,Temp & Humidity Sensor,2020/12/10 7:40 AM,37.4,66.0,27.1,37.4,,,30.15,,,,,,,,,,,,,
Garage,Temp & Humidity Sensor,2020/12/10 7:45 AM,37.4,66.0,27.1,37.4,,,30.15,,,,,,,,,,,,,
Garage,Temp & Humidity Sensor,2020/12/10 7:50 AM,37.4,66.0,27.1,37.4,,,30.15,,,,,,,,,,,,,
Garage,Temp & Humidity Sensor,2020/12/10 7:55 AM,37.4,66.0,27.1,37.4,,,30.15,,,,,,,,,,,,,
Garage,Temp & Humidity Sensor,2020/12/10 8:00 AM,37.4,66.0,27.1,37.4,,,30.15,,,,,,,,,,,,,
Garage,Temp & Humidity Sensor,2020/12/10 8:05 AM,37.4,66.0,27.1,37.4,,,30.15,,,,,,,,,,,,,
Garage,Temp & Humidity Sensor,2020/12/10 8:10 AM,37.4,66.0,27.1,37.4,,,30.16,,,,,,,,,,,,,
Garage,Temp & Humidity Sensor,2020/12/10 8:15 AM,37.4,66.0,27.1,37.4,,,30.16,,,,,,,,,,,,,
Garage,Temp & Humidity Sensor,2020/12/10 8:20 AM,37.4,66.0,27.1,37.4,,,30.16,,,,,,,,,,,,,
Garage,Temp & Humidity Sensor,2020/12/10 8:25 AM,37.4,66.0,27.1,37.4,,,30.16,,,,,,,,,,,,,
Garage,Temp & Humidity Sensor,2020/12/10 8:30 AM,37.4,66.0,27.1,37.4,,,30.16,,,,,,,,,,,,,
Garage,Temp & Humidity Sensor,2020/12/10 8:35 AM,37.4,66.0,27.1,37.4,,,30.16,,,,,,,,,,,,,
Garage,Temp & Humidity Sensor,2020/12/10 8:40 AM,37.4,66.0,27.1,37.4,,,30.16,,,,,,,,,,,,,
Garage,Temp & Humidity Sensor,2020/12/10 8:45 AM,37.4,66.0,27.1,37.4,,,30.17,,,,,,,,,,,,,
Garage,Temp & Humidity Sensor,2020/12/10 8:50 AM,37.4,66.0,27.1,37.4,,,30.17,,,,,,,,,,,,,
Garage,Temp & Humidity Sensor,2020/12/10 8:55 AM,37.4,66.0,27.1,37.4,,,30.17,,,,,,,,,,,,,
Garage,Temp & Humidity Sensor,2020/12/10 9:00 AM,37.4,66.0,27.1,37.4,,,30.18,,,,,,,,,,,,,
Garage,Temp & Humidity Sensor,2020/12/10 9:05 AM,37.7,66.0,27.4,37.7,,,30.17,,,,,,,,,,,,,
Garage,Temp & Humidity Sensor,2020/12/10 9:10 AM,37.7,66.0,27.4,37.7,,,30.17,,,,,,,,,,,,,
Garage,Temp & Humidity Sensor,2020/12/10 9:15 AM,37.7,66.0,27.4,37.7,,,30.18,,,,,,,,,,,,,
Garage,Temp & Humidity Sensor,2020/12/10 9:20 AM,37.9,66.0,27.6,37.9,,,30.18,,,,,,,,,,,,,
Garage,Temp & Humidity Sensor,2020/12/10 9:25 AM,37.9,66.0,27.6,37.9,,,30.18,,,,,,,,,,,,,
Garage,Temp & Humidity Sensor,2020/12/10 9:30 AM,37.9,66.0,27.6,37.9,,,30.18,,,,,,,,,,,,,
Garage,Temp & Humidity Sensor,2020/12/10 9:35 AM,38.1,66.0,27.8,38.1,,,30.18,,,,,,,,,,,,,
Garage,Temp & Humidity Sensor,2020/12/10 9:40 AM,38.1,66.0,27.8,38.1,,,30.18,,,,,,,,,,,,,
Garage,Temp & Humidity Sensor,2020/12/10 9:45 AM,38.3,66.0,28.0,38.3,,,30.18,,,,,,,,,,,,,
Garage,Temp & Humidity Sensor,2020/12/10 9:50 AM,38.3,66.0,28.0,38.3,,,30.19,,,,,,,,,,,,,
Garage,Temp & Humidity Sensor,2020/12/10 9:55 AM,38.4,66.0,28.0,38.4,,,30.19,,,,,,,,,,,,,
Garage,Temp & Humidity Sensor,2020/12/10 10:00 AM,38.6,66.0,28.2,38.6,,,30.19,,,,,,,,,,,,,
Garage,Temp & Humidity Sensor,2020/12/10 10:05 AM,38.6,66.0,28.2,38.6,,,30.19,,,,,,,,,,,,,
Garage,Temp & Humidity Sensor,2020/12/10 10:10 AM,38.8,67.0,28.8,38.8,,,30.19,,,,,,,,,,,,,
Garage,Temp & Humidity Sensor,2020/12/10 10:15 AM,39.0,67.0,29.0,39.0,,,30.19,,,,,,,,,,,,,
Garage,Temp & Humidity Sensor,2020/12/10 10:20 AM,39.2,66.0,28.8,39.2,,,30.19,,,,,,,,,,,,,
Garage,Temp & Humidity Sensor,2020/12/10 10:25 AM,39.2,66.0,28.8,39.2,,,30.19,,,,,,,,,,,,,
Garage,Temp & Humidity Sensor,2020/12/10 10:30 AM,39.5,66.0,29.1,39.5,,,30.19,,,,,,,,,,,,,
Garage,Temp & Humidity Sensor,2020/12/10 10:35 AM,39.7,66.0,29.3,39.7,,,30.19,,,,,,,,,,,,,
Garage,Temp & Humidity Sensor,2020/12/10 10:40 AM,39.9,66.0,29.5,39.9,,,30.19,,,,,,,,,,,,,
Garage,Temp & Humidity Sensor,2020/12/10 10:45 AM,40.1,66.0,29.7,36.9,,,30.19,,,,,,,,,,,,,
Garage,Temp & Humidity Sensor,2020/12/10 10:50 AM,40.2,67.0,30.1,37.1,,,30.2,,,,,,,,,,,,,
Garage,Temp & Humidity Sensor,2020/12/10 10:55 AM,40.4,67.0,30.3,37.3,,,30.19,,,,,,,,,,,,,
Garage,Temp & Humidity Sensor,2020/12/10 11:00 AM,40.8,67.0,30.7,37.7,,,30.19,,,,,,,,,,,,,
Garage,Temp & Humidity Sensor,2020/12/10 11:05 AM,41.0,66.0,30.5,37.9,,,30.19,,,,,,,,,,,,,
Garage,Temp & Humidity Sensor,2020/12/10 11:10 AM,41.1,66.0,30.6,38.0,,,30.19,,,,,,,,,,,,,
Garage,Temp & Humidity Sensor,2020/12/10 11:15 AM,42.8,68.0,33.0,40.0,,,30.19,,,,,,,,,,,,,
Garage,Temp & Humidity Sensor,2020/12/10 11:20 AM,44.2,69.0,34.7,41.6,,,30.19,,,,,,,,,,,,,
Garage,Temp & Humidity Sensor,2020/12/10 11:25 AM,45.1,68.0,35.2,42.5,,,30.19,,,,,,,,,,,,,
Garage,Temp & Humidity Sensor,2020/12/10 11:30 AM,45.8,68.0,35.8,43.3,,,30.18,,,,,,,,,,,,,
Garage,Temp & Humidity Sensor,2020/12/10 11:35 AM,46.5,67.0,36.1,44.0,,,30.18,,,,,,,,,,,,,
Garage,Temp & Humidity Sensor,2020/12/10 11:40 AM,47.3,67.0,36.9,44.9,,,30.18,,,,,,,,,,,,,
Garage,Temp & Humidity Sensor,2020/12/10 11:45 AM,48.0,67.0,37.6,45.6,,,30.18,,,,,,,,,,,,,
Garage,Temp & Humidity Sensor,2020/12/10 11:50 AM,48.5,66.0,37.7,46.2,,,30.18,,,,,,,,,,,,,
Garage,Temp & Humidity Sensor,2020/12/10 11:55 AM,48.9,66.0,38.0,46.6,,,30.18,,,,,,,,,,,,,
Garage,Temp & Humidity Sensor,2020/12/10 12:00 PM,49.2,65.0,37.9,46.9,,,30.18,,,,,,,,,,,,,
Garage,Temp & Humidity Sensor,2020/12/10 12:05 PM,49.6,65.0,38.3,47.3,,,30.18,,,,,,,,,,,,,
Garage,Temp & Humidity Sensor,2020/12/10 12:10 PM,50.0,64.0,38.3,47.7,,,30.18,,,,,,,,,,,,,
Garage,Temp & Humidity Sensor,2020/12/10 12:15 PM,50.5,64.0,38.8,48.3,,,30.18,,,,,,,,,,,,,
Garage,Temp & Humidity Sensor,2020/12/10 12:20 PM,51.0,63.0,38.9,48.8,,,30.17,,,,,,,,,,,,,
Garage,Temp & Humidity Sensor,2020/12/10 12:25 PM,51.4,63.0,39.2,49.2,,,30.17,,,,,,,,,,,,,
Garage,Temp & Humidity Sensor,2020/12/10 12:30 PM,51.8,62.0,39.2,49.6,,,30.17,,,,,,,,,,,,,
Garage,Temp & Humidity Sensor,2020/12/10 12:35 PM,51.9,62.0,39.3,49.7,,,30.17,,,,,,,,,,,,,
Garage,Temp & Humidity Sensor,2020/12/10 12:40 PM,52.3,62.0,39.7,50.1,,,30.17,,,,,,,,,,,,,
Garage,Temp & Humidity Sensor,2020/12/10 12:45 PM,52.3,62.0,39.7,50.1,,,30.17,,,,,,,,,,,,,
Garage,Temp & Humidity Sensor,2020/12/10 12:50 PM,52.1,62.0,39.5,49.9,,,30.16,,,,,,,,,,,,,
Garage,Temp & Humidity Sensor,2020/12/10 12:55 PM,52.1,62.0,39.5,49.9,,,30.16,,,,,,,,,,,,,
Garage,Temp & Humidity Sensor,2020/12/10 1:00 PM,52.1,62.0,39.5,49.9,,,30.16,,,,,,,,,,,,,
Garage,Temp & Humidity Sensor,2020/12/10 1:05 PM,52.1,62.0,39.5,49.9,,,30.16,,,,,,,,,,,,,
Garage,Temp & Humidity Sensor,2020/12/10 1:10 PM,52.1,63.0,39.9,50.0,,,30.16,,,,,,,,,,,,,
Garage,Temp & Humidity Sensor,2020/12/10 1:15 PM,52.3,63.0,40.1,50.2,,,30.15,,,,,,,,,,,,,
Garage,Temp & Humidity Sensor,2020/12/10 1:20 PM,52.5,63.0,40.3,50.4,,,30.15,,,,,,,,,,,,,
Garage,Temp & Humidity Sensor,2020/12/10 1:25 PM,52.5,63.0,40.3,50.4,,,30.15,,,,,,,,,,,,,
Garage,Temp & Humidity Sensor,2020/12/10 1:30 PM,52.7,63.0,40.5,50.6,,,30.15,,,,,,,,,,,,,
Garage,Temp & Humidity Sensor,2020/12/10 1:35 PM,52.8,63.0,40.6,50.7,,,30.15,,,,,,,,,,,,,
Garage,Temp & Humidity Sensor,2020/12/10 1:40 PM,53.0,63.0,40.7,51.0,,,30.15,,,,,,,,,,,,,
Garage,Temp & Humidity Sensor,2020/12/10 1:45 PM,53.0,64.0,41.2,51.0,,,30.15,,,,,,,,,,,,,
Garage,Temp & Humidity Sensor,2020/12/10 1:50 PM,53.2,64.0,41.3,51.2,,,30.15,,,,,,,,,,,,,
Garage,Temp & Humidity Sensor,2020/12/10 1:55 PM,53.2,64.0,41.3,51.2,,,30.14,,,,,,,,,,,,,
Garage,Temp & Humidity Sensor,2020/12/10 2:00 PM,53.4,64.0,41.5,51.4,,,30.14,,,,,,,,,,,,,
Garage,Temp & Humidity Sensor,2020/12/10 2:05 PM,53.6,64.0,41.7,51.7,,,30.14,,,,,,,,,,,,,
Garage,Temp & Humidity Sensor,2020/12/10 2:10 PM,53.6,64.0,41.7,51.7,,,30.15,,,,,,,,,,,,,
Garage,Temp & Humidity Sensor,2020/12/10 2:15 PM,53.6,64.0,41.7,51.7,,,30.15,,,,,,,,,,,,,
Garage,Temp & Humidity Sensor,2020/12/10 2:20 PM,53.7,64.0,41.8,51.8,,,30.15,,,,,,,,,,,,,
Garage,Temp & Humidity Sensor,2020/12/10 2:25 PM,53.9,64.0,42.0,52.0,,,30.15,,,,,,,,,,,,,
Garage,Temp & Humidity Sensor,2020/12/10 2:30 PM,53.9,64.0,42.0,52.0,,,30.15,,,,,,,,,,,,,
Garage,Temp & Humidity Sensor,2020/12/10 2:35 PM,53.9,64.0,42.0,52.0,,,30.15,,,,,,,,,,,,,
Garage,Temp & Humidity Sensor,2020/12/10 2:40 PM,54.1,64.0,42.2,52.2,,,30.15,,,,,,,,,,,,,
Garage,Temp & Humidity Sensor,2020/12/10 2:45 PM,54.3,64.0,42.4,52.4,,,30.15,,,,,,,,,,,,,
Garage,Temp & Humidity Sensor,2020/12/10 2:50 PM,54.3,64.0,42.4,52.4,,,30.15,,,,,,,,,,,,,
Garage,Temp & Humidity Sensor,2020/12/10 2:55 PM,54.5,65.0,43.0,52.7,,,30.15,,,,,,,,,,,,,
Garage,Temp & Humidity Sensor,2020/12/10 3:00 PM,54.5,65.0,43.0,52.7,,,30.15,,,,,,,,,,,,,
Garage,Temp & Humidity Sensor,2020/12/10 3:05 PM,54.6,65.0,43.1,52.8,,,30.15,,,,,,,,,,,,,
Garage,Temp & Humidity Sensor,2020/12/10 3:10 PM,54.6,65.0,43.1,52.8,,,30.15,,,,,,,,,,,,,
Garage,Temp & Humidity Sensor,2020/12/10 3:15 PM,54.8,65.0,43.3,53.0,,,30.15,,,,,,,,,,,,,
Garage,Temp & Humidity Sensor,2020/12/10 3:20 PM,54.8,65.0,43.3,53.0,,,30.15,,,,,,,,,,,,,
Garage,Temp & Humidity Sensor,2020/12/10 3:25 PM,55.0,65.0,43.5,53.3,,,30.15,,,,,,,,,,,,,
Garage,Temp & Humidity Sensor,2020/12/10 3:30 PM,55.4,64.0,43.4,53.6,,,30.15,,,,,,,,,,,,,
Garage,Temp & Humidity Sensor,2020/12/10 3:35 PM,55.7,63.0,43.3,53.9,,,30.15,,,,,,,,,,,,,
Garage,Temp & Humidity Sensor,2020/12/10 3:40 PM,56.1,63.0,43.7,54.4,,,30.15,,,,,,,,,,,,,
Garage,Temp & Humidity Sensor,2020/12/10 3:45 PM,56.3,63.0,43.9,54.6,,,30.15,,,,,,,,,,,,,
Garage,Temp & Humidity Sensor,2020/12/10 3:50 PM,56.4,63.0,44.0,54.7,,,30.16,,,,,,,,,,,,,
Garage,Temp & Humidity Sensor,2020/12/10 3:55 PM,56.4,63.0,44.0,54.7,,,30.16,,,,,,,,,,,,,
Garage,Temp & Humidity Sensor,2020/12/10 4:00 PM,56.6,63.0,44.2,54.9,,,30.16,,,,,,,,,,,,,
Garage,Temp & Humidity Sensor,2020/12/10 4:05 PM,56.6,62.0,43.7,54.9,,,30.16,,,,,,,,,,,,,
Garage,Temp & Humidity Sensor,2020/12/10 4:10 PM,56.6,62.0,43.7,54.9,,,30.17,,,,,,,,,,,,,
Garage,Temp & Humidity Sensor,2020/12/10 4:15 PM,56.6,62.0,43.7,54.9,,,30.17,,,,,,,,,,,,,
Garage,Temp & Humidity Sensor,2020/12/10 4:20 PM,56.4,62.0,43.5,54.7,,,30.17,,,,,,,,,,,,,
Garage,Temp & Humidity Sensor,2020/12/10 4:25 PM,56.4,62.0,43.5,54.7,,,30.17,,,,,,,,,,,,,
Garage,Temp & Humidity Sensor,2020/12/10 4:30 PM,56.4,62.0,43.5,54.7,,,30.17,,,,,,,,,,,,,
Garage,Temp & Humidity Sensor,2020/12/10 4:35 PM,56.3,62.0,43.4,54.5,,,30.18,,,,,,,,,,,,,
Garage,Temp & Humidity Sensor,2020/12/10 4:40 PM,56.3,62.0,43.4,54.5,,,30.17,,,,,,,,,,,,,
Garage,Temp & Humidity Sensor,2020/12/10 4:45 PM,56.1,62.0,43.3,54.3,,,30.18,,,,,,,,,,,,,
Garage,Temp & Humidity Sensor,2020/12/10 4:50 PM,55.9,62.0,43.1,54.1,,,30.18,,,,,,,,,,,,,
Garage,Temp & Humidity Sensor,2020/12/10 4:55 PM,55.9,62.0,43.1,54.1,,,30.18,,,,,,,,,,,,,
Garage,Temp & Humidity Sensor,2020/12/10 5:00 PM,55.7,62.0,42.9,53.9,,,30.18,,,,,,,,,,,,,
Garage,Temp & Humidity Sensor,2020/12/10 5:05 PM,55.5,62.0,42.7,53.7,,,30.18,,,,,,,,,,,,,
Garage,Temp & Humidity Sensor,2020/12/10 5:10 PM,55.5,62.0,42.7,53.7,,,30.18,,,,,,,,,,,,,
Garage,Temp & Humidity Sensor,2020/12/10 5:15 PM,55.4,62.0,42.6,53.6,,,30.18,,,,,,,,,,,,,
Garage,Temp & Humidity Sensor,2020/12/10 5:20 PM,55.2,63.0,42.8,53.4,,,30.19,,,,,,,,,,,,,
Garage,Temp & Humidity Sensor,2020/12/10 5:25 PM,55.0,63.0,42.6,53.2,,,30.19,,,,,,,,,,,,,
Garage,Temp & Humidity Sensor,2020/12/10 5:30 PM,55.0,63.0,42.6,53.2,,,30.19,,,,,,,,,,,,,
Garage,Temp & Humidity Sensor,2020/12/10 5:35 PM,54.8,63.0,42.4,52.9,,,30.19,,,,,,,,,,,,,
Garage,Temp & Humidity Sensor,2020/12/10 5:40 PM,54.6,63.0,42.3,52.7,,,30.19,,,,,,,,,,,,,
Garage,Temp & Humidity Sensor,2020/12/10 5:45 PM,54.5,63.0,42.2,52.6,,,30.2,,,,,,,,,,,,,
Garage,Temp & Humidity Sensor,2020/12/10 5:50 PM,54.3,63.0,42.0,52.4,,,30.2,,,,,,,,,,,,,
Garage,Temp & Humidity Sensor,2020/12/10 5:55 PM,54.3,63.0,42.0,52.4,,,30.2,,,,,,,,,,,,,
Garage,Temp & Humidity Sensor,2020/12/10 6:00 PM,54.1,63.0,41.8,52.2,,,30.2,,,,,,,,,,,,,
Garage,Temp & Humidity Sensor,2020/12/10 6:05 PM,53.9,63.0,41.6,52.0,,,30.2,,,,,,,,,,,,,
Garage,Temp & Humidity Sensor,2020/12/10 6:10 PM,53.7,63.0,41.4,51.7,,,30.2,,,,,,,,,,,,,
Garage,Temp & Humidity Sensor,2020/12/10 6:15 PM,53.6,63.0,41.3,51.6,,,30.21,,,,,,,,,,,,,
Garage,Temp & Humidity Sensor,2020/12/10 6:20 PM,53.6,63.0,41.3,51.6,,,30.21,,,,,,,,,,,,,
Garage,Temp & Humidity Sensor,2020/12/10 6:25 PM,53.4,63.0,41.1,51.4,,,30.21,,,,,,,,,,,,,
Garage,Temp & Humidity Sensor,2020/12/10 6:30 PM,53.2,63.0,40.9,51.2,,,30.21,,,,,,,,,,,,,
Garage,Temp & Humidity Sensor,2020/12/10 6:35 PM,53.0,63.0,40.7,51.0,,,30.22,,,,,,,,,,,,,
Garage,Temp & Humidity Sensor,2020/12/10 6:40 PM,52.8,63.0,40.6,50.7,,,30.22,,,,,,,,,,,,,
Garage,Temp & Humidity Sensor,2020/12/10 6:45 PM,52.8,63.0,40.6,50.7,,,30.22,,,,,,,,,,,,,
Garage,Temp & Humidity Sensor,2020/12/10 6:50 PM,52.7,63.0,40.5,50.6,,,30.22,,,,,,,,,,,,,
Garage,Temp & Humidity Sensor,2020/12/10 6:55 PM,52.5,63.0,40.3,50.4,,,30.22,,,,,,,,,,,,,
Garage,Temp & Humidity Sensor,2020/12/10 7:00 PM,52.3,63.0,40.1,50.2,,,30.22,,,,,,,,,,,,,
Garage,Temp & Humidity Sensor,2020/12/10 7:05 PM,52.1,63.0,39.9,50.0,,,30.22,,,,,,,,,,,,,
Garage,Temp & Humidity Sensor,2020/12/10 7:10 PM,51.9,63.0,39.7,49.8,,,30.22,,,,,,,,,,,,,
Garage,Temp & Humidity Sensor,2020/12/10 7:15 PM,51.2,63.0,39.0,49.0,,,30.22,,,,,,,,,,,,,
Garage,Temp & Humidity Sensor,2020/12/10 7:20 PM,50.9,64.0,39.2,48.7,,,30.22,,,,,,,,,,,,,
Garage,Temp & Humidity Sensor,2020/12/10 7:25 PM,50.5,64.0,38.8,48.3,,,30.23,,,,,,,,,,,,,
Garage,Temp & Humidity Sensor,2020/12/10 7:30 PM,50.1,64.0,38.4,47.8,,,30.23,,,,,,,,,,,,,
Garage,Temp & Humidity Sensor,2020/12/10 7:35 PM,50.0,64.0,38.3,47.7,,,30.23,,,,,,,,,,,,,
Garage,Temp & Humidity Sensor,2020/12/10 7:40 PM,49.6,64.0,37.9,47.3,,,30.23,,,,,,,,,,,,,
Garage,Temp & Humidity Sensor,2020/12/10 7:45 PM,49.6,64.0,37.9,47.3,,,30.23,,,,,,,,,,,,,
Garage,Temp & Humidity Sensor,2020/12/10 7:50 PM,49.6,64.0,37.9,47.3,,,30.23,,,,,,,,,,,,,
Garage,Temp & Humidity Sensor,2020/12/10 7:55 PM,49.6,64.0,37.9,47.3,,,30.23,,,,,,,,,,,,,
Garage,Temp & Humidity Sensor,2020/12/10 8:00 PM,49.6,64.0,37.9,47.3,,,30.23,,,,,,,,,,,,,
Garage,Temp & Humidity Sensor,2020/12/10 8:05 PM,49.6,64.0,37.9,47.3,,,30.23,,,,,,,,,,,,,
Garage,Temp & Humidity Sensor,2020/12/10 8:10 PM,49.4,64.0,37.7,47.0,,,30.23,,,,,,,,,,,,,
Garage,Temp & Humidity Sensor,2020/12/10 8:15 PM,49.4,64.0,37.7,47.0,,,30.23,,,,,,,,,,,,,
Garage,Temp & Humidity Sensor,2020/12/10 8:20 PM,49.2,64.0,37.5,46.8,,,30.23,,,,,,,,,,,,,
Garage,Temp & Humidity Sensor,2020/12/10 8:25 PM,49.2,64.0,37.5,46.8,,,30.23,,,,,,,,,,,,,
Garage,Temp & Humidity Sensor,2020/12/10 8:30 PM,49.1,64.0,37.5,46.7,,,30.23,,,,,,,,,,,,,
Garage,Temp & Humidity Sensor,2020/12/10 8:35 PM,49.1,64.0,37.5,46.7,,,30.23,,,,,,,,,,,,,
Garage,Temp & Humidity Sensor,2020/12/10 8:40 PM,48.9,64.0,37.3,46.5,,,30.23,,,,,,,,,,,,,
Garage,Temp & Humidity Sensor,2020/12/10 8:45 PM,48.9,64.0,37.3,46.5,,,30.23,,,,,,,,,,,,,
Garage,Temp & Humidity Sensor,2020/12/10 8:50 PM,48.7,64.0,37.1,46.3,,,30.23,,,,,,,,,,,,,
Garage,Temp & Humidity Sensor,2020/12/10 8:55 PM,48.5,64.0,36.9,46.1,,,30.23,,,,,,,,,,,,,
Garage,Temp & Humidity Sensor,2020/12/10 9:00 PM,48.5,64.0,36.9,46.1,,,30.23,,,,,,,,,,,,,
Garage,Temp & Humidity Sensor,2020/12/10 9:05 PM,48.3,64.0,36.7,45.8,,,30.23,,,,,,,,,,,,,
Garage,Temp & Humidity Sensor,2020/12/10 9:10 PM,48.2,64.0,36.6,45.7,,,30.23,,,,,,,,,,,,,
Garage,Temp & Humidity Sensor,2020/12/10 9:15 PM,48.2,64.0,36.6,45.7,,,30.23,,,,,,,,,,,,,
Garage,Temp & Humidity Sensor,2020/12/10 9:20 PM,48.2,64.0,36.6,45.7,,,30.24,,,,,,,,,,,,,
Garage,Temp & Humidity Sensor,2020/12/10 9:25 PM,48.2,64.0,36.6,45.7,,,30.24,,,,,,,,,,,,,
Garage,Temp & Humidity Sensor,2020/12/10 9:30 PM,48.0,65.0,36.8,45.6,,,30.24,,,,,,,,,,,,,
Garage,Temp & Humidity Sensor,2020/12/10 9:35 PM,48.0,65.0,36.8,45.6,,,30.24,,,,,,,,,,,,,
Garage,Temp & Humidity Sensor,2020/12/10 9:40 PM,47.8,65.0,36.6,45.3,,,30.24,,,,,,,,,,,,,
Garage,Temp & Humidity Sensor,2020/12/10 9:45 PM,47.8,65.0,36.6,45.3,,,30.24,,,,,,,,,,,,,
Garage,Temp & Humidity Sensor,2020/12/10 9:50 PM,47.6,65.0,36.4,45.1,,,30.24,,,,,,,,,,,,,
Garage,Temp & Humidity Sensor,2020/12/10 9:55 PM,47.6,65.0,36.4,45.1,,,30.24,,,,,,,,,,,,,
Garage,Temp & Humidity Sensor,2020/12/10 10:00 PM,47.4,65.0,36.2,44.9,,,30.24,,,,,,,,,,,,,
Garage,Temp & Humidity Sensor,2020/12/10 10:05 PM,47.4,65.0,36.2,44.9,,,30.23,,,,,,,,,,,,,
Garage,Temp & Humidity Sensor,2020/12/10 10:10 PM,47.3,65.0,36.1,44.8,,,30.23,,,,,,,,,,,,,
Garage,Temp & Humidity Sensor,2020/12/10 10:15 PM,47.3,65.0,36.1,44.8,,,30.23,,,,,,,,,,,,,
Garage,Temp & Humidity Sensor,2020/12/10 10:20 PM,47.3,65.0,36.1,44.8,,,30.23,,,,,,,,,,,,,
Garage,Temp & Humidity Sensor,2020/12/10 10:25 PM,47.1,65.0,35.9,44.6,,,30.23,,,,,,,,,,,,,
Garage,Temp & Humidity Sensor,2020/12/10 10:30 PM,47.1,65.0,35.9,44.6,,,30.24,,,,,,,,,,,,,
Garage,Temp & Humidity Sensor,2020/12/10 10:35 PM,46.9,65.0,35.8,44.3,,,30.24,,,,,,,,,,,,,
Garage,Temp & Humidity Sensor,2020/12/10 10:40 PM,46.9,65.0,35.8,44.3,,,30.24,,,,,,,,,,,,,
Garage,Temp & Humidity Sensor,2020/12/10 10:45 PM,46.7,65.0,35.6,44.1,,,30.24,,,,,,,,,,,,,
Garage,Temp & Humidity Sensor,2020/12/10 10:50 PM,46.7,65.0,35.6,44.1,,,30.24,,,,,,,,,,,,,
Garage,Temp & Humidity Sensor,2020/12/10 10:55 PM,46.5,65.0,35.4,43.9,,,30.24,,,,,,,,,,,,,
Garage,Temp & Humidity Sensor,2020/12/10 11:00 PM,46.5,65.0,35.4,43.9,,,30.24,,,,,,,,,,,,,
Garage,Temp & Humidity Sensor,2020/12/10 11:05 PM,46.5,65.0,35.4,43.9,,,30.24,,,,,,,,,,,,,
Garage,Temp & Humidity Sensor,2020/12/10 11:10 PM,46.4,65.0,35.3,43.8,,,30.24,,,,,,,,,,,,,
Garage,Temp & Humidity Sensor,2020/12/10 11:15 PM,46.4,65.0,35.3,43.8,,,30.24,,,,,,,,,,,,,
Garage,Temp & Humidity Sensor,2020/12/10 11:20 PM,46.2,66.0,35.5,43.6,,,30.24,,,,,,,,,,,,,
Garage,Temp & Humidity Sensor,2020/12/10 11:25 PM,46.2,66.0,35.5,43.6,,,30.24,,,,,,,,,,,,,
Garage,Temp & Humidity Sensor,2020/12/10 11:30 PM,46.0,66.0,35.3,43.4,,,30.24,,,,,,,,,,,,,
Garage,Temp & Humidity Sensor,2020/12/10 11:35 PM,46.0,66.0,35.3,43.4,,,30.24,,,,,,,,,,,,,
Garage,Temp & Humidity Sensor,2020/12/10 11:40 PM,46.0,66.0,35.3,43.4,,,30.24,,,,,,,,,,,,,
Garage,Temp & Humidity Sensor,2020/12/10 11:45 PM,45.8,66.0,35.1,43.2,,,30.24,,,,,,,,,,,,,
Garage,Temp & Humidity Sensor,2020/12/10 11:50 PM,45.8,66.0,35.1,43.2,,,30.24,,,,,,,,,,,,,
Garage,Temp & Humidity Sensor,2020/12/10 11:55 PM,45.6,66.0,34.9,43.0,,,30.24,,,,,,,,,,,,,
Garage,Temp & Humidity Sensor,2020/12/11 12:00 AM,45.6,66.0,34.9,43.0,,,30.24,,,,,,,,,,,,,
Garage,Temp & Humidity Sensor,2020/12/11 12:05 AM,45.6,66.0,34.9,43.0,,,30.24,,,,,,,,,,,,,
Garage,Temp & Humidity Sensor,2020/12/11 12:10 AM,45.5,66.0,34.8,42.9,,,30.24,,,,,,,,,,,,,
Garage,Temp & Humidity Sensor,2020/12/11 12:15 AM,45.5,66.0,34.8,42.9,,,30.25,,,,,,,,,,,,,
Garage,Temp & Humidity Sensor,2020/12/11 12:20 AM,45.5,66.0,34.8,42.9,,,30.25,,,,,,,,,,,,,
Garage,Temp & Humidity Sensor,2020/12/11 12:25 AM,45.3,66.0,34.6,42.6,,,30.24,,,,,,,,,,,,,
Garage,Temp & Humidity Sensor,2020/12/11 12:30 AM,45.3,66.0,34.6,42.6,,,30.25,,,,,,,,,,,,,
Garage,Temp & Humidity Sensor,2020/12/11 12:35 AM,45.1,66.0,34.4,42.4,,,30.24,,,,,,,,,,,,,
Garage,Temp & Humidity Sensor,2020/12/11 12:40 AM,45.1,66.0,34.4,42.4,,,30.24,,,,,,,,,,,,,
Garage,Temp & Humidity Sensor,2020/12/11 12:45 AM,45.1,66.0,34.4,42.4,,,30.24,,,,,,,,,,,,,
Garage,Temp & Humidity Sensor,2020/12/11 12:50 AM,44.9,66.0,34.2,42.2,,,30.24,,,,,,,,,,,,,
Garage,Temp & Humidity Sensor,2020/12/11 12:55 AM,44.9,66.0,34.2,42.2,,,30.24,,,,,,,,,,,,,
Garage,Temp & Humidity Sensor,2020/12/11 1:00 AM,44.9,66.0,34.2,42.2,,,30.23,,,,,,,,,,,,,
Garage,Temp & Humidity Sensor,2020/12/11 1:05 AM,44.7,66.0,34.0,42.0,,,30.23,,,,,,,,,,,,,
Garage,Temp & Humidity Sensor,2020/12/11 1:10 AM,44.7,66.0,34.0,42.0,,,30.23,,,,,,,,,,,,,
Garage,Temp & Humidity Sensor,2020/12/11 1:15 AM,44.6,66.0,34.0,41.9,,,30.23,,,,,,,,,,,,,
Garage,Temp & Humidity Sensor,2020/12/11 1:20 AM,44.6,66.0,34.0,41.9,,,30.23,,,,,,,,,,,,,
Garage,Temp & Humidity Sensor,2020/12/11 1:25 AM,44.6,66.0,34.0,41.9,,,30.23,,,,,,,,,,,,,
Garage,Temp & Humidity Sensor,2020/12/11 1:30 AM,44.6,66.0,34.0,41.9,,,30.23,,,,,,,,,,,,,
Garage,Temp & Humidity Sensor,2020/12/11 1:35 AM,44.6,66.0,34.0,41.9,,,30.23,,,,,,,,,,,,,
Garage,Temp & Humidity Sensor,2020/12/11 1:40 AM,44.6,66.0,34.0,41.9,,,30.22,,,,,,,,,,,,,
Garage,Temp & Humidity Sensor,2020/12/11 1:45 AM,44.4,66.0,33.8,41.6,,,30.23,,,,,,,,,,,,,
Garage,Temp & Humidity Sensor,2020/12/11 1:50 AM,44.4,66.0,33.8,41.6,,,30.23,,,,,,,,,,,,,
Garage,Temp & Humidity Sensor,2020/12/11 1:55 AM,44.4,66.0,33.8,41.6,,,30.23,,,,,,,,,,,,,
Garage,Temp & Humidity Sensor,2020/12/11 2:00 AM,44.2,66.0,33.6,41.4,,,30.23,,,,,,,,,,,,,
Garage,Temp & Humidity Sensor,2020/12/11 2:05 AM,44.2,66.0,33.6,41.4,,,30.23,,,,,,,,,,,,,
Garage,Temp & Humidity Sensor,2020/12/11 2:10 AM,44.2,66.0,33.6,41.4,,,30.23,,,,,,,,,,,,,
Garage,Temp & Humidity Sensor,2020/12/11 2:15 AM,44.0,66.0,33.4,41.2,,,30.23,,,,,,,,,,,,,
Garage,Temp & Humidity Sensor,2020/12/11 2:20 AM,44.0,66.0,33.4,41.2,,,30.23,,,,,,,,,,,,,
Garage,Temp & Humidity Sensor,2020/12/11 2:25 AM,44.0,66.0,33.4,41.2,,,30.23,,,,,,,,,,,,,
Garage,Temp & Humidity Sensor,2020/12/11 2:30 AM,44.0,66.0,33.4,41.2,,,30.23,,,,,,,,,,,,,
Garage,Temp & Humidity Sensor,2020/12/11 2:35 AM,43.8,66.0,33.2,41.0,,,30.23,,,,,,,,,,,,,
Garage,Temp & Humidity Sensor,2020/12/11 2:40 AM,43.8,66.0,33.2,41.0,,,30.23,,,,,,,,,,,,,
Garage,Temp & Humidity Sensor,2020/12/11 2:45 AM,43.8,66.0,33.2,41.0,,,30.23,,,,,,,,,,,,,
Garage,Temp & Humidity Sensor,2020/12/11 2:50 AM,43.7,66.0,33.1,40.9,,,30.23,,,,,,,,,,,,,
Garage,Temp & Humidity Sensor,2020/12/11 2:55 AM,43.7,66.0,33.1,40.9,,,30.23,,,,,,,,,,,,,
Garage,Temp & Humidity Sensor,2020/12/11 3:00 AM,43.7,66.0,33.1,40.9,,,30.23,,,,,,,,,,,,,
Garage,Temp & Humidity Sensor,2020/12/11 3:05 AM,43.7,66.0,33.1,40.9,,,30.23,,,,,,,,,,,,,
Garage,Temp & Humidity Sensor,2020/12/11 3:10 AM,43.5,66.0,32.9,40.7,,,30.23,,,,,,,,,,,,,
Garage,Temp & Humidity Sensor,2020/12/11 3:15 AM,43.5,66.0,32.9,40.7,,,30.23,,,,,,,,,,,,,
Garage,Temp & Humidity Sensor,2020/12/11 3:20 AM,43.5,66.0,32.9,40.7,,,30.24,,,,,,,,,,,,,
Garage,Temp & Humidity Sensor,2020/12/11 3:25 AM,43.3,66.0,32.7,40.4,,,30.24,,,,,,,,,,,,,
Garage,Temp & Humidity Sensor,2020/12/11 3:30 AM,43.3,66.0,32.7,40.4,,,30.24,,,,,,,,,,,,,
Garage,Temp & Humidity Sensor,2020/12/11 3:35 AM,43.3,66.0,32.7,40.4,,,30.23,,,,,,,,,,,,,
Garage,Temp & Humidity Sensor,2020/12/11 3:40 AM,43.1,66.0,32.5,40.2,,,30.23,,,,,,,,,,,,,
Garage,Temp & Humidity Sensor,2020/12/11 3:45 AM,43.1,66.0,32.5,40.2,,,30.23,,,,,,,,,,,,,
Garage,Temp & Humidity Sensor,2020/12/11 3:50 AM,43.1,66.0,32.5,40.2,,,30.23,,,,,,,,,,,,,
Garage,Temp & Humidity Sensor,2020/12/11 3:55 AM,43.1,66.0,32.5,40.2,,,30.23,,,,,,,,,,,,,
Garage,Temp & Humidity Sensor,2020/12/11 4:00 AM,42.9,66.0,32.3,40.0,,,30.24,,,,,,,,,,,,,
Garage,Temp & Humidity Sensor,2020/12/11 4:05 AM,42.9,66.0,32.3,40.0,,,30.24,,,,,,,,,,,,,
Garage,Temp & Humidity Sensor,2020/12/11 4:10 AM,42.8,66.0,32.2,39.9,,,30.24,,,,,,,,,,,,,
Garage,Temp & Humidity Sensor,2020/12/11 4:15 AM,42.8,66.0,32.2,39.9,,,30.24,,,,,,,,,,,,,
Garage,Temp & Humidity Sensor,2020/12/11 4:20 AM,42.8,66.0,32.2,39.9,,,30.24,,,,,,,,,,,,,
Garage,Temp & Humidity Sensor,2020/12/11 4:25 AM,42.8,66.0,32.2,39.9,,,30.24,,,,,,,,,,,,,
Garage,Temp & Humidity Sensor,2020/12/11 4:30 AM,42.8,66.0,32.2,39.9,,,30.24,,,,,,,,,,,,,
Garage,Temp & Humidity Sensor,2020/12/11 4:35 AM,42.8,66.0,32.2,39.9,,,30.24,,,,,,,,,,,,,
Garage,Temp & Humidity Sensor,2020/12/11 4:40 AM,42.8,66.0,32.2,39.9,,,30.24,,,,,,,,,,,,,
Garage,Temp & Humidity Sensor,2020/12/11 4:45 AM,42.6,67.0,32.4,39.7,,,30.24,,,,,,,,,,,,,
Garage,Temp & Humidity Sensor,2020/12/11 4:50 AM,42.6,67.0,32.4,39.7,,,30.24,,,,,,,,,,,,,
Garage,Temp & Humidity Sensor,2020/12/11 4:55 AM,42.6,67.0,32.4,39.7,,,30.23,,,,,,,,,,,,,
Garage,Temp & Humidity Sensor,2020/12/11 5:00 AM,42.4,67.0,32.2,39.5,,,30.24,,,,,,,,,,,,,
Garage,Temp & Humidity Sensor,2020/12/11 5:05 AM,42.4,67.0,32.2,39.5,,,30.24,,,,,,,,,,,,,
Garage,Temp & Humidity Sensor,2020/12/11 5:10 AM,42.4,67.0,32.2,39.5,,,30.24,,,,,,,,,,,,,
Garage,Temp & Humidity Sensor,2020/12/11 5:15 AM,42.2,67.0,32.0,39.3,,,30.24,,,,,,,,,,,,,
Garage,Temp & Humidity Sensor,2020/12/11 5:20 AM,42.2,67.0,32.0,39.3,,,30.24,,,,,,,,,,,,,
Garage,Temp & Humidity Sensor,2020/12/11 5:25 AM,42.2,67.0,32.0,39.3,,,30.24,,,,,,,,,,,,,
Garage,Temp & Humidity Sensor,2020/12/11 5:30 AM,42.2,67.0,32.0,39.3,,,30.24,,,,,,,,,,,,,
Garage,Temp & Humidity Sensor,2020/12/11 5:35 AM,42.0,67.0,31.8,39.0,,,30.24,,,,,,,,,,,,,
Garage,Temp & Humidity Sensor,2020/12/11 5:40 AM,42.0,67.0,31.8,39.0,,,30.24,,,,,,,,,,,,,
Garage,Temp & Humidity Sensor,2020/12/11 5:45 AM,42.0,67.0,31.8,39.0,,,30.24,,,,,,,,,,,,,
Garage,Temp & Humidity Sensor,2020/12/11 5:50 AM,42.0,67.0,31.8,39.0,,,30.25,,,,,,,,,,,,,
Garage,Temp & Humidity Sensor,2020/12/11 5:55 AM,41.9,67.0,31.8,38.9,,,30.24,,,,,,,,,,,,,
Garage,Temp & Humidity Sensor,2020/12/11 6:00 AM,41.9,67.0,31.8,38.9,,,30.24,,,,,,,,,,,,,
Garage,Temp & Humidity Sensor,2020/12/11 6:05 AM,41.9,67.0,31.8,38.9,,,30.24,,,,,,,,,,,,,
Garage,Temp & Humidity Sensor,2020/12/11 6:10 AM,41.7,67.0,31.6,38.7,,,30.24,,,,,,,,,,,,,
Garage,Temp & Humidity Sensor,2020/12/11 6:15 AM,41.7,67.0,31.6,38.7,,,30.24,,,,,,,,,,,,,
Garage,Temp & Humidity Sensor,2020/12/11 6:20 AM,41.7,67.0,31.6,38.7,,,30.24,,,,,,,,,,,,,
Garage,Temp & Humidity Sensor,2020/12/11 6:25 AM,41.7,67.0,31.6,38.7,,,30.24,,,,,,,,,,,,,
Garage,Temp & Humidity Sensor,2020/12/11 6:30 AM,41.5,67.0,31.4,38.5,,,30.24,,,,,,,,,,,,,
Garage,Temp & Humidity Sensor,2020/12/11 6:35 AM,41.5,67.0,31.4,38.5,,,30.24,,,,,,,,,,,,,
Garage,Temp & Humidity Sensor,2020/12/11 6:40 AM,41.5,67.0,31.4,38.5,,,30.24,,,,,,,,,,,,,
Garage,Temp & Humidity Sensor,2020/12/11 6:45 AM,41.5,67.0,31.4,38.5,,,30.24,,,,,,,,,,,,,
Garage,Temp & Humidity Sensor,2020/12/11 6:50 AM,41.5,67.0,31.4,38.5,,,30.25,,,,,,,,,,,,,
Garage,Temp & Humidity Sensor,2020/12/11 6:55 AM,41.3,67.0,31.2,38.3,,,30.25,,,,,,,,,,,,,
Garage,Temp & Humidity Sensor,2020/12/11 7:00 AM,41.3,67.0,31.2,38.3,,,30.25,,,,,,,,,,,,,
Garage,Temp & Humidity Sensor,2020/12/11 7:05 AM,41.3,67.0,31.2,38.3,,,30.25,,,,,,,,,,,,,
Garage,Temp & Humidity Sensor,2020/12/11 7:10 AM,41.3,67.0,31.2,38.3,,,30.25,,,,,,,,,,,,,
Garage,Temp & Humidity Sensor,2020/12/11 7:15 AM,41.3,67.0,31.2,38.3,,,30.25,,,,,,,,,,,,,
Garage,Temp & Humidity Sensor,2020/12/11 7:20 AM,41.1,67.0,31.0,38.1,,,30.25,,,,,,,,,,,,,
Garage,Temp & Humidity Sensor,2020/12/11 7:25 AM,41.1,67.0,31.0,38.1,,,30.25,,,,,,,,,,,,,
Garage,Temp & Humidity Sensor,2020/12/11 7:30 AM,41.1,67.0,31.0,38.1,,,30.25,,,,,,,,,,,,,
Garage,Temp & Humidity Sensor,2020/12/11 7:35 AM,41.1,67.0,31.0,38.1,,,30.26,,,,,,,,,,,,,
Garage,Temp & Humidity Sensor,2020/12/11 7:40 AM,41.0,67.0,30.9,37.9,,,30.26,,,,,,,,,,,,,
Garage,Temp & Humidity Sensor,2020/12/11 7:45 AM,41.0,67.0,30.9,37.9,,,30.26,,,,,,,,,,,,,
Garage,Temp & Humidity Sensor,2020/12/11 7:50 AM,41.0,67.0,30.9,37.9,,,30.26,,,,,,,,,,,,,
Garage,Temp & Humidity Sensor,2020/12/11 7:55 AM,41.0,67.0,30.9,37.9,,,30.26,,,,,,,,,,,,,
Garage,Temp & Humidity Sensor,2020/12/11 8:00 AM,41.0,67.0,30.9,37.9,,,30.26,,,,,,,,,,,,,
Garage,Temp & Humidity Sensor,2020/12/11 8:05 AM,41.0,67.0,30.9,37.9,,,30.26,,,,,,,,,,,,,
Garage,Temp & Humidity Sensor,2020/12/11 8:10 AM,40.8,67.0,30.7,37.7,,,30.27,,,,,,,,,,,,,
Garage,Temp & Humidity Sensor,2020/12/11 8:15 AM,40.8,67.0,30.7,37.7,,,30.27,,,,,,,,,,,,,
Garage,Temp & Humidity Sensor,2020/12/11 8:20 AM,40.8,67.0,30.7,37.7,,,30.27,,,,,,,,,,,,,
Garage,Temp & Humidity Sensor,2020/12/11 8:25 AM,40.8,67.0,30.7,37.7,,,30.27,,,,,,,,,,,,,
Garage,Temp & Humidity Sensor,2020/12/11 8:30 AM,40.8,67.0,30.7,37.7,,,30.27,,,,,,,,,,,,,
Garage,Temp & Humidity Sensor,2020/12/11 8:35 AM,40.8,67.0,30.7,37.7,,,30.27,,,,,,,,,,,,,
Garage,Temp & Humidity Sensor,2020/12/11 8:40 AM,40.8,67.0,30.7,37.7,,,30.27,,,,,,,,,,,,,
Garage,Temp & Humidity Sensor,2020/12/11 8:45 AM,40.8,67.0,30.7,37.7,,,30.27,,,,,,,,,,,,,
Garage,Temp & Humidity Sensor,2020/12/11 8:50 AM,40.8,67.0,30.7,37.7,,,30.28,,,,,,,,,,,,,
Garage,Temp & Humidity Sensor,2020/12/11 8:55 AM,40.8,67.0,30.7,37.7,,,30.28,,,,,,,,,,,,,
Garage,Temp & Humidity Sensor,2020/12/11 9:00 AM,40.8,67.0,30.7,37.7,,,30.28,,,,,,,,,,,,,
Garage,Temp & Humidity Sensor,2020/12/11 9:05 AM,40.8,67.0,30.7,37.7,,,30.28,,,,,,,,,,,,,
Garage,Temp & Humidity Sensor,2020/12/11 9:10 AM,41.0,67.0,30.9,37.9,,,30.28,,,,,,,,,,,,,
Garage,Temp & Humidity Sensor,2020/12/11 9:15 AM,41.0,67.0,30.9,37.9,,,30.28,,,,,,,,,,,,,
Garage,Temp & Humidity Sensor,2020/12/11 9:20 AM,41.0,67.0,30.9,37.9,,,30.28,,,,,,,,,,,,,
Garage,Temp & Humidity Sensor,2020/12/11 9:25 AM,41.1,67.0,31.0,38.1,,,30.28,,,,,,,,,,,,,
Garage,Temp & Humidity Sensor,2020/12/11 9:30 AM,41.1,67.0,31.0,38.1,,,30.28,,,,,,,,,,,,,
Garage,Temp & Humidity Sensor,2020/12/11 9:35 AM,41.3,67.0,31.2,38.3,,,30.28,,,,,,,,,,,,,
Garage,Temp & Humidity Sensor,2020/12/11 9:40 AM,41.5,67.0,31.4,38.5,,,30.28,,,,,,,,,,,,,
Garage,Temp & Humidity Sensor,2020/12/11 9:45 AM,41.5,67.0,31.4,38.5,,,30.28,,,,,,,,,,,,,
Garage,Temp & Humidity Sensor,2020/12/11 9:50 AM,41.7,67.0,31.6,38.7,,,30.28,,,,,,,,,,,,,
Garage,Temp & Humidity Sensor,2020/12/11 9:55 AM,41.9,67.0,31.8,38.9,,,30.28,,,,,,,,,,,,,
Garage,Temp & Humidity Sensor,2020/12/11 10:00 AM,41.9,67.0,31.8,38.9,,,30.28,,,,,,,,,,,,,
Garage,Temp & Humidity Sensor,2020/12/11 10:05 AM,42.0,67.0,31.8,39.0,,,30.28,,,,,,,,,,,,,
Garage,Temp & Humidity Sensor,2020/12/11 10:10 AM,42.2,67.0,32.0,39.3,,,30.28,,,,,,,,,,,,,
Garage,Temp & Humidity Sensor,2020/12/11 10:15 AM,42.4,67.0,32.2,39.5,,,30.28,,,,,,,,,,,,,
Garage,Temp & Humidity Sensor,2020/12/11 10:20 AM,42.6,67.0,32.4,39.7,,,30.27,,,,,,,,,,,,,
Garage,Temp & Humidity Sensor,2020/12/11 10:25 AM,42.8,67.0,32.6,39.9,,,30.27,,,,,,,,,,,,,
Garage,Temp & Humidity Sensor,2020/12/11 10:30 AM,42.8,67.0,32.6,39.9,,,30.27,,,,,,,,,,,,,
Garage,Temp & Humidity Sensor,2020/12/11 10:35 AM,42.9,67.0,32.7,40.0,,,30.27,,,,,,,,,,,,,
Garage,Temp & Humidity Sensor,2020/12/11 10:40 AM,43.1,67.0,32.9,40.3,,,30.27,,,,,,,,,,,,,
Garage,Temp & Humidity Sensor,2020/12/11 10:45 AM,43.1,67.0,32.9,40.3,,,30.27,,,,,,,,,,,,,
Garage,Temp & Humidity Sensor,2020/12/11 10:50 AM,43.3,67.0,33.1,40.5,,,30.27,,,,,,,,,,,,,
Garage,Temp & Humidity Sensor,2020/12/11 10:55 AM,43.5,67.0,33.3,40.7,,,30.27,,,,,,,,,,,,,
Garage,Temp & Humidity Sensor,2020/12/11 11:00 AM,43.7,67.0,33.5,40.9,,,30.26,,,,,,,,,,,,,
Garage,Temp & Humidity Sensor,2020/12/11 11:05 AM,43.8,67.0,33.6,41.0,,,30.26,,,,,,,,,,,,,
Garage,Temp & Humidity Sensor,2020/12/11 11:10 AM,44.2,67.0,33.9,41.5,,,30.26,,,,,,,,,,,,,
Garage,Temp & Humidity Sensor,2020/12/11 11:15 AM,44.2,68.0,34.3,41.5,,,30.26,,,,,,,,,,,,,
Garage,Temp & Humidity Sensor,2020/12/11 11:20 AM,44.4,68.0,34.5,41.7,,,30.25,,,,,,,,,,,,,
Garage,Temp & Humidity Sensor,2020/12/11 11:25 AM,44.6,67.0,34.3,41.9,,,30.25,,,,,,,,,,,,,
Garage,Temp & Humidity Sensor,2020/12/11 11:30 AM,44.7,67.0,34.4,42.0,,,30.25,,,,,,,,,,,,,
Garage,Temp & Humidity Sensor,2020/12/11 11:35 AM,44.9,67.0,34.6,42.2,,,30.24,,,,,,,,,,,,,
Garage,Temp & Humidity Sensor,2020/12/11 11:40 AM,45.1,67.0,34.8,42.5,,,30.24,,,,,,,,,,,,,
Garage,Temp & Humidity Sensor,2020/12/11 11:45 AM,45.3,67.0,35.0,42.7,,,30.24,,,,,,,,,,,,,
Garage,Temp & Humidity Sensor,2020/12/11 11:50 AM,45.6,67.0,35.3,43.0,,,30.23,,,,,,,,,,,,,
Garage,Temp & Humidity Sensor,2020/12/11 11:55 AM,45.8,68.0,35.8,43.3,,,30.23,,,,,,,,,,,,,
Garage,Temp & Humidity Sensor,2020/12/11 12:00 PM,46.0,68.0,36.0,43.5,,,30.22,,,,,,,,,,,,,
Garage,Temp & Humidity Sensor,2020/12/11 12:05 PM,46.2,68.0,36.2,43.7,,,30.22,,,,,,,,,,,,,
Garage,Temp & Humidity Sensor,2020/12/11 12:10 PM,46.4,67.0,36.0,43.9,,,30.22,,,,,,,,,,,,,
Garage,Temp & Humidity Sensor,2020/12/11 12:15 PM,46.7,67.0,36.3,44.2,,,30.21,,,,,,,,,,,,,
Garage,Temp & Humidity Sensor,2020/12/11 12:20 PM,46.9,67.0,36.5,44.4,,,30.21,,,,,,,,,,,,,
Garage,Temp & Humidity Sensor,2020/12/11 12:25 PM,47.1,67.0,36.7,44.7,,,30.2,,,,,,,,,,,,,
Garage,Temp & Humidity Sensor,2020/12/11 12:30 PM,47.3,68.0,37.3,44.9,,,30.2,,,,,,,,,,,,,
Garage,Temp & Humidity Sensor,2020/12/11 12:35 PM,47.6,68.0,37.6,45.3,,,30.2,,,,,,,,,,,,,
Garage,Temp & Humidity Sensor,2020/12/11 12:40 PM,47.8,68.0,37.8,45.5,,,30.2,,,,,,,,,,,,,
Garage,Temp & Humidity Sensor,2020/12/11 12:45 PM,48.0,68.0,38.0,45.7,,,30.19,,,,,,,,,,,,,
Garage,Temp & Humidity Sensor,2020/12/11 12:50 PM,48.2,68.0,38.1,45.9,,,30.19,,,,,,,,,,,,,
Garage,Temp & Humidity Sensor,2020/12/11 12:55 PM,48.7,68.0,38.6,46.5,,,30.19,,,,,,,,,,,,,
Garage,Temp & Humidity Sensor,2020/12/11 1:00 PM,48.9,68.0,38.8,46.7,,,30.19,,,,,,,,,,,,,
Garage,Temp & Humidity Sensor,2020/12/11 1:05 PM,49.2,68.0,39.1,47.0,,,30.19,,,,,,,,,,,,,
Garage,Temp & Humidity Sensor,2020/12/11 1:10 PM,49.6,68.0,39.5,47.5,,,30.18,,,,,,,,,,,,,
Garage,Temp & Humidity Sensor,2020/12/11 1:15 PM,50.0,68.0,39.9,47.9,,,30.18,,,,,,,,,,,,,
Garage,Temp & Humidity Sensor,2020/12/11 1:20 PM,50.3,68.0,40.1,48.2,,,30.18,,,,,,,,,,,,,
Garage,Temp & Humidity Sensor,2020/12/11 1:25 PM,50.5,68.0,40.3,48.4,,,30.17,,,,,,,,,,,,,
Garage,Temp & Humidity Sensor,2020/12/11 1:30 PM,50.9,68.0,40.7,48.9,,,30.17,,,,,,,,,,,,,
Garage,Temp & Humidity Sensor,2020/12/11 1:35 PM,51.0,68.0,40.8,49.0,,,30.16,,,,,,,,,,,,,
Garage,Temp & Humidity Sensor,2020/12/11 1:40 PM,51.2,68.0,41.0,49.2,,,30.16,,,,,,,,,,,,,
Garage,Temp & Humidity Sensor,2020/12/11 1:45 PM,51.4,68.0,41.2,49.4,,,30.16,,,,,,,,,,,,,
Garage,Temp & Humidity Sensor,2020/12/11 1:50 PM,51.6,68.0,41.4,49.7,,,30.16,,,,,,,,,,,,,
Garage,Temp & Humidity Sensor,2020/12/11 1:55 PM,51.9,68.0,41.7,50.0,,,30.16,,,,,,,,,,,,,
Garage,Temp & Humidity Sensor,2020/12/11 2:00 PM,51.9,68.0,41.7,50.0,,,30.16,,,,,,,,,,,,,
Garage,Temp & Humidity Sensor,2020/12/11 2:05 PM,52.1,68.0,41.9,50.2,,,30.16,,,,,,,,,,,,,
Garage,Temp & Humidity Sensor,2020/12/11 2:10 PM,52.3,68.0,42.1,50.4,,,30.16,,,,,,,,,,,,,
Garage,Temp & Humidity Sensor,2020/12/11 2:15 PM,52.5,68.0,42.2,50.6,,,30.16,,,,,,,,,,,,,
Garage,Temp & Humidity Sensor,2020/12/11 2:20 PM,52.7,68.0,42.4,50.9,,,30.16,,,,,,,,,,,,,
Garage,Temp & Humidity Sensor,2020/12/11 2:25 PM,52.8,69.0,42.9,51.0,,,30.15,,,,,,,,,,,,,
Garage,Temp & Humidity Sensor,2020/12/11 2:30 PM,52.8,69.0,42.9,51.0,,,30.15,,,,,,,,,,,,,
Garage,Temp & Humidity Sensor,2020/12/11 2:35 PM,53.0,69.0,43.1,51.2,,,30.15,,,,,,,,,,,,,
Garage,Temp & Humidity Sensor,2020/12/11 2:40 PM,53.2,69.0,43.3,51.5,,,30.15,,,,,,,,,,,,,
Garage,Temp & Humidity Sensor,2020/12/11 2:45 PM,53.2,69.0,43.3,51.5,,,30.15,,,,,,,,,,,,,
Garage,Temp & Humidity Sensor,2020/12/11 2:50 PM,53.4,69.0,43.5,51.7,,,30.15,,,,,,,,,,,,,
Garage,Temp & Humidity Sensor,2020/12/11 2:55 PM,53.6,69.0,43.7,51.9,,,30.15,,,,,,,,,,,,,
Garage,Temp & Humidity Sensor,2020/12/11 3:00 PM,53.6,69.0,43.7,51.9,,,30.15,,,,,,,,,,,,,
Garage,Temp & Humidity Sensor,2020/12/11 3:05 PM,53.7,69.0,43.8,52.0,,,30.15,,,,,,,,,,,,,
Garage,Temp & Humidity Sensor,2020/12/11 3:10 PM,53.9,69.0,44.0,52.2,,,30.15,,,,,,,,,,,,,
Garage,Temp & Humidity Sensor,2020/12/11 3:15 PM,53.9,69.0,44.0,52.2,,,30.15,,,,,,,,,,,,,
Garage,Temp & Humidity Sensor,2020/12/11 3:20 PM,54.1,69.0,44.2,52.5,,,30.15,,,,,,,,,,,,,
Garage,Temp & Humidity Sensor,2020/12/11 3:25 PM,54.3,69.0,44.3,52.7,,,30.15,,,,,,,,,,,,,
Garage,Temp & Humidity Sensor,2020/12/11 3:30 PM,54.3,69.0,44.3,52.7,,,30.15,,,,,,,,,,,,,
Garage,Temp & Humidity Sensor,2020/12/11 3:35 PM,54.3,69.0,44.3,52.7,,,30.15,,,,,,,,,,,,,
Garage,Temp & Humidity Sensor,2020/12/11 3:40 PM,54.5,69.0,44.5,52.9,,,30.15,,,,,,,,,,,,,
Garage,Temp & Humidity Sensor,2020/12/11 3:45 PM,54.5,69.0,44.5,52.9,,,30.15,,,,,,,,,,,,,
Garage,Temp & Humidity Sensor,2020/12/11 3:50 PM,54.6,69.0,44.6,53.0,,,30.15,,,,,,,,,,,,,
Garage,Temp & Humidity Sensor,2020/12/11 3:55 PM,54.6,69.0,44.6,53.0,,,30.15,,,,,,,,,,,,,
Garage,Temp & Humidity Sensor,2020/12/11 4:00 PM,54.8,69.0,44.8,53.2,,,30.15,,,,,,,,,,,,,
Garage,Temp & Humidity Sensor,2020/12/11 4:05 PM,54.8,69.0,44.8,53.2,,,30.15,,,,,,,,,,,,,
Garage,Temp & Humidity Sensor,2020/12/11 4:10 PM,54.8,69.0,44.8,53.2,,,30.16,,,,,,,,,,,,,
Garage,Temp & Humidity Sensor,2020/12/11 4:15 PM,55.0,69.0,45.0,53.4,,,30.16,,,,,,,,,,,,,
Garage,Temp & Humidity Sensor,2020/12/11 4:20 PM,55.0,69.0,45.0,53.4,,,30.16,,,,,,,,,,,,,
Garage,Temp & Humidity Sensor,2020/12/11 4:25 PM,55.0,69.0,45.0,53.4,,,30.16,,,,,,,,,,,,,
Garage,Temp & Humidity Sensor,2020/12/11 4:35 PM,55.0,69.0,45.0,53.4,,,30.16,,,,,,,,,,,,,
Garage,Temp & Humidity Sensor,2020/12/11 4:40 PM,54.8,69.0,44.8,53.2,,,30.16,,,,,,,,,,,,,
Garage,Temp & Humidity Sensor,2020/12/11 4:45 PM,54.8,69.0,44.8,53.2,,,30.16,,,,,,,,,,,,,
Garage,Temp & Humidity Sensor,2020/12/11 4:50 PM,54.8,69.0,44.8,53.2,,,30.16,,,,,,,,,,,,,
Garage,Temp & Humidity Sensor,2020/12/11 4:55 PM,54.8,69.0,44.8,53.2,,,30.16,,,,,,,,,,,,,
Garage,Temp & Humidity Sensor,2020/12/11 5:00 PM,54.8,69.0,44.8,53.2,,,30.16,,,,,,,,,,,,,
Garage,Temp & Humidity Sensor,2020/12/11 5:05 PM,54.6,69.0,44.6,53.0,,,30.16,,,,,,,,,,,,,
Garage,Temp & Humidity Sensor,2020/12/11 5:10 PM,54.6,69.0,44.6,53.0,,,30.16,,,,,,,,,,,,,
Garage,Temp & Humidity Sensor,2020/12/11 5:15 PM,54.5,69.0,44.5,52.9,,,30.16,,,,,,,,,,,,,
Garage,Temp & Humidity Sensor,2020/12/11 5:20 PM,54.5,68.0,44.2,52.8,,,30.16,,,,,,,,,,,,,
Garage,Temp & Humidity Sensor,2020/12/11 5:25 PM,54.5,68.0,44.2,52.8,,,30.17,,,,,,,,,,,,,
Garage,Temp & Humidity Sensor,2020/12/11 5:30 PM,54.3,68.0,44.0,52.6,,,30.16,,,,,,,,,,,,,
Garage,Temp & Humidity Sensor,2020/12/11 5:35 PM,54.3,68.0,44.0,52.6,,,30.16,,,,,,,,,,,,,
Garage,Temp & Humidity Sensor,2020/12/11 5:40 PM,54.1,68.0,43.8,52.4,,,30.16,,,,,,,,,,,,,
Garage,Temp & Humidity Sensor,2020/12/11 5:45 PM,53.9,68.0,43.6,52.2,,,30.16,,,,,,,,,,,,,
Garage,Temp & Humidity Sensor,2020/12/11 5:50 PM,53.9,68.0,43.6,52.2,,,30.16,,,,,,,,,,,,,
Garage,Temp & Humidity Sensor,2020/12/11 5:55 PM,53.7,68.0,43.4,52.0,,,30.16,,,,,,,,,,,,,
Garage,Temp & Humidity Sensor,2020/12/11 6:00 PM,53.7,68.0,43.4,52.0,,,30.16,,,,,,,,,,,,,
Garage,Temp & Humidity Sensor,2020/12/11 6:05 PM,53.6,68.0,43.3,51.9,,,30.16,,,,,,,,,,,,,
Garage,Temp & Humidity Sensor,2020/12/11 6:10 PM,53.6,68.0,43.3,51.9,,,30.16,,,,,,,,,,,,,
Garage,Temp & Humidity Sensor,2020/12/11 6:15 PM,53.4,69.0,43.5,51.7,,,30.16,,,,,,,,,,,,,
Garage,Temp & Humidity Sensor,2020/12/11 6:20 PM,53.4,69.0,43.5,51.7,,,30.16,,,,,,,,,,,,,
Garage,Temp & Humidity Sensor,2020/12/11 6:25 PM,53.2,69.0,43.3,51.5,,,30.16,,,,,,,,,,,,,
Garage,Temp & Humidity Sensor,2020/12/11 6:30 PM,53.2,69.0,43.3,51.5,,,30.16,,,,,,,,,,,,,
Garage,Temp & Humidity Sensor,2020/12/11 6:35 PM,53.0,69.0,43.1,51.2,,,30.16,,,,,,,,,,,,,
Garage,Temp & Humidity Sensor,2020/12/11 6:40 PM,53.0,69.0,43.1,51.2,,,30.16,,,,,,,,,,,,,
Garage,Temp & Humidity Sensor,2020/12/11 6:45 PM,52.8,69.0,42.9,51.0,,,30.17,,,,,,,,,,,,,
Garage,Temp & Humidity Sensor,2020/12/11 6:50 PM,52.7,69.0,42.8,50.9,,,30.16,,,,,,,,,,,,,
Garage,Temp & Humidity Sensor,2020/12/11 6:55 PM,52.7,69.0,42.8,50.9,,,30.16,,,,,,,,,,,,,
Garage,Temp & Humidity Sensor,2020/12/11 7:00 PM,52.5,69.0,42.6,50.7,,,30.17,,,,,,,,,,,,,
Garage,Temp & Humidity Sensor,2020/12/11 7:05 PM,52.5,69.0,42.6,50.7,,,30.17,,,,,,,,,,,,,
Garage,Temp & Humidity Sensor,2020/12/11 7:10 PM,52.3,69.0,42.4,50.5,,,30.17,,,,,,,,,,,,,
Garage,Temp & Humidity Sensor,2020/12/11 7:15 PM,52.3,69.0,42.4,50.5,,,30.17,,,,,,,,,,,,,
Garage,Temp & Humidity Sensor,2020/12/11 7:20 PM,52.1,69.0,42.2,50.3,,,30.18,,,,,,,,,,,,,
Garage,Temp & Humidity Sensor,2020/12/11 7:25 PM,51.9,69.0,42.1,50.0,,,30.17,,,,,,,,,,,,,
Garage,Temp & Humidity Sensor,2020/12/11 7:30 PM,51.9,69.0,42.1,50.0,,,30.17,,,,,,,,,,,,,
Garage,Temp & Humidity Sensor,2020/12/11 7:35 PM,51.8,69.0,42.0,49.9,,,30.17,,,,,,,,,,,,,
Garage,Temp & Humidity Sensor,2020/12/11 7:40 PM,51.8,69.0,42.0,49.9,,,30.18,,,,,,,,,,,,,
Garage,Temp & Humidity Sensor,2020/12/11 7:45 PM,51.6,69.0,41.8,49.7,,,30.17,,,,,,,,,,,,,
Garage,Temp & Humidity Sensor,2020/12/11 7:50 PM,51.6,69.0,41.8,49.7,,,30.17,,,,,,,,,,,,,
Garage,Temp & Humidity Sensor,2020/12/11 7:55 PM,51.4,69.0,41.6,49.5,,,30.17,,,,,,,,,,,,,
Garage,Temp & Humidity Sensor,2020/12/11 8:00 PM,51.4,69.0,41.6,49.5,,,30.17,,,,,,,,,,,,,
Garage,Temp & Humidity Sensor,2020/12/11 8:05 PM,51.2,69.0,41.4,49.3,,,30.18,,,,,,,,,,,,,
Garage,Temp & Humidity Sensor,2020/12/11 8:10 PM,51.2,69.0,41.4,49.3,,,30.18,,,,,,,,,,,,,
Garage,Temp & Humidity Sensor,2020/12/11 8:15 PM,51.0,69.0,41.2,49.0,,,30.18,,,,,,,,,,,,,
Garage,Temp & Humidity Sensor,2020/12/11 8:20 PM,51.0,69.0,41.2,49.0,,,30.18,,,,,,,,,,,,,
Garage,Temp & Humidity Sensor,2020/12/11 8:25 PM,50.9,69.0,41.1,48.9,,,30.18,,,,,,,,,,,,,
Garage,Temp & Humidity Sensor,2020/12/11 8:30 PM,50.9,69.0,41.1,48.9,,,30.18,,,,,,,,,,,,,
Garage,Temp & Humidity Sensor,2020/12/11 8:35 PM,50.7,69.0,40.9,48.7,,,30.18,,,,,,,,,,,,,
Garage,Temp & Humidity Sensor,2020/12/11 8:40 PM,50.7,69.0,40.9,48.7,,,30.18,,,,,,,,,,,,,
Garage,Temp & Humidity Sensor,2020/12/11 8:45 PM,50.5,69.0,40.7,48.5,,,30.18,,,,,,,,,,,,,
Garage,Temp & Humidity Sensor,2020/12/11 8:50 PM,50.5,69.0,40.7,48.5,,,30.18,,,,,,,,,,,,,
Garage,Temp & Humidity Sensor,2020/12/11 8:55 PM,50.3,69.0,40.5,48.3,,,30.18,,,,,,,,,,,,,
Garage,Temp & Humidity Sensor,2020/12/11 9:00 PM,50.3,69.0,40.5,48.3,,,30.18,,,,,,,,,,,,,
Garage,Temp & Humidity Sensor,2020/12/11 9:05 PM,50.1,69.0,40.3,48.1,,,30.18,,,,,,,,,,,,,
Garage,Temp & Humidity Sensor,2020/12/11 9:10 PM,50.1,69.0,40.3,48.1,,,30.18,,,,,,,,,,,,,
Garage,Temp & Humidity Sensor,2020/12/11 9:15 PM,50.0,69.0,40.2,47.9,,,30.18,,,,,,,,,,,,,
Garage,Temp & Humidity Sensor,2020/12/11 9:20 PM,50.0,69.0,40.2,47.9,,,30.18,,,,,,,,,,,,,
Garage,Temp & Humidity Sensor,2020/12/11 9:25 PM,49.8,70.0,40.4,47.8,,,30.18,,,,,,,,,,,,,
Garage,Temp & Humidity Sensor,2020/12/11 9:30 PM,49.8,70.0,40.4,47.8,,,30.18,,,,,,,,,,,,,
Garage,Temp & Humidity Sensor,2020/12/11 9:35 PM,49.6,70.0,40.2,47.5,,,30.18,,,,,,,,,,,,,
Garage,Temp & Humidity Sensor,2020/12/11 9:40 PM,49.6,70.0,40.2,47.5,,,30.18,,,,,,,,,,,,,
Garage,Temp & Humidity Sensor,2020/12/11 9:45 PM,49.4,70.0,40.0,47.3,,,30.18,,,,,,,,,,,,,
Garage,Temp & Humidity Sensor,2020/12/11 9:50 PM,49.4,70.0,40.0,47.3,,,30.18,,,,,,,,,,,,,
Garage,Temp & Humidity Sensor,2020/12/11 9:55 PM,49.2,70.0,39.8,47.1,,,30.17,,,,,,,,,,,,,
Garage,Temp & Humidity Sensor,2020/12/11 10:00 PM,49.2,70.0,39.8,47.1,,,30.18,,,,,,,,,,,,,
Garage,Temp & Humidity Sensor,2020/12/11 10:05 PM,49.1,70.0,39.7,47.0,,,30.18,,,,,,,,,,,,,
Garage,Temp & Humidity Sensor,2020/12/11 10:10 PM,49.1,70.0,39.7,47.0,,,30.17,,,,,,,,,,,,,
Garage,Temp & Humidity Sensor,2020/12/11 10:15 PM,49.1,70.0,39.7,47.0,,,30.17,,,,,,,,,,,,,
Garage,Temp & Humidity Sensor,2020/12/11 10:20 PM,48.9,70.0,39.6,46.8,,,30.17,,,,,,,,,,,,,
Garage,Temp & Humidity Sensor,2020/12/11 10:25 PM,48.9,70.0,39.6,46.8,,,30.17,,,,,,,,,,,,,
Garage,Temp & Humidity Sensor,2020/12/11 10:30 PM,48.7,70.0,39.4,46.6,,,30.17,,,,,,,,,,,,,
Garage,Temp & Humidity Sensor,2020/12/11 10:35 PM,48.7,70.0,39.4,46.6,,,30.17,,,,,,,,,,,,,
Garage,Temp & Humidity Sensor,2020/12/11 10:40 PM,48.7,70.0,39.4,46.6,,,30.17,,,,,,,,,,,,,
Garage,Temp & Humidity Sensor,2020/12/11 10:45 PM,48.5,70.0,39.2,46.3,,,30.17,,,,,,,,,,,,,
Garage,Temp & Humidity Sensor,2020/12/11 10:50 PM,48.5,70.0,39.2,46.3,,,30.17,,,,,,,,,,,,,
Garage,Temp & Humidity Sensor,2020/12/11 10:55 PM,48.3,70.0,39.0,46.1,,,30.16,,,,,,,,,,,,,
Garage,Temp & Humidity Sensor,2020/12/11 11:00 PM,48.2,70.0,38.9,46.0,,,30.16,,,,,,,,,,,,,
Garage,Temp & Humidity Sensor,2020/12/11 11:05 PM,48.2,70.0,38.9,46.0,,,30.16,,,,,,,,,,,,,
Garage,Temp & Humidity Sensor,2020/12/11 11:10 PM,48.2,70.0,38.9,46.0,,,30.16,,,,,,,,,,,,,
Garage,Temp & Humidity Sensor,2020/12/11 11:15 PM,48.2,70.0,38.9,46.0,,,30.16,,,,,,,,,,,,,
Garage,Temp & Humidity Sensor,2020/12/11 11:20 PM,48.2,70.0,38.9,46.0,,,30.15,,,,,,,,,,,,,
Garage,Temp & Humidity Sensor,2020/12/11 11:25 PM,48.0,70.0,38.7,45.8,,,30.15,,,,,,,,,,,,,
Garage,Temp & Humidity Sensor,2020/12/11 11:30 PM,48.0,70.0,38.7,45.8,,,30.15,,,,,,,,,,,,,
Garage,Temp & Humidity Sensor,2020/12/11 11:35 PM,48.0,70.0,38.7,45.8,,,30.15,,,,,,,,,,,,,
Garage,Temp & Humidity Sensor,2020/12/11 11:40 PM,47.8,70.0,38.5,45.6,,,30.15,,,,,,,,,,,,,
Garage,Temp & Humidity Sensor,2020/12/11 11:45 PM,47.8,70.0,38.5,45.6,,,30.15,,,,,,,,,,,,,
Garage,Temp & Humidity Sensor,2020/12/11 11:50 PM,47.8,70.0,38.5,45.6,,,30.15,,,,,,,,,,,,,
Garage,Temp & Humidity Sensor,2020/12/11 11:55 PM,47.6,70.0,38.3,45.4,,,30.15,,,,,,,,,,,,,
Garage,Temp & Humidity Sensor,2020/12/12 12:00 AM,47.6,70.0,38.3,45.4,,,30.15,,,,,,,,,,,,,
Garage,Temp & Humidity Sensor,2020/12/12 12:05 AM,47.4,70.0,38.1,45.1,,,30.15,,,,,,,,,,,,,
Garage,Temp & Humidity Sensor,2020/12/12 12:10 AM,47.4,70.0,38.1,45.1,,,30.15,,,,,,,,,,,,,
Garage,Temp & Humidity Sensor,2020/12/12 12:15 AM,47.4,70.0,38.1,45.1,,,30.16,,,,,,,,,,,,,
Garage,Temp & Humidity Sensor,2020/12/12 12:20 AM,47.4,70.0,38.1,45.1,,,30.16,,,,,,,,,,,,,
Garage,Temp & Humidity Sensor,2020/12/12 12:25 AM,47.3,70.0,38.0,45.0,,,30.16,,,,,,,,,,,,,
Garage,Temp & Humidity Sensor,2020/12/12 12:30 AM,47.3,70.0,38.0,45.0,,,30.16,,,,,,,,,,,,,
Garage,Temp & Humidity Sensor,2020/12/12 12:35 AM,47.3,70.0,38.0,45.0,,,30.16,,,,,,,,,,,,,
Garage,Temp & Humidity Sensor,2020/12/12 12:40 AM,47.1,70.0,37.8,44.8,,,30.15,,,,,,,,,,,,,
Garage,Temp & Humidity Sensor,2020/12/12 12:45 AM,47.1,70.0,37.8,44.8,,,30.15,,,,,,,,,,,,,
Garage,Temp & Humidity Sensor,2020/12/12 12:50 AM,47.1,70.0,37.8,44.8,,,30.15,,,,,,,,,,,,,
Garage,Temp & Humidity Sensor,2020/12/12 12:55 AM,46.9,70.0,37.6,44.6,,,30.15,,,,,,,,,,,,,
Garage,Temp & Humidity Sensor,2020/12/12 1:00 AM,46.9,70.0,37.6,44.6,,,30.15,,,,,,,,,,,,,
Garage,Temp & Humidity Sensor,2020/12/12 1:05 AM,46.9,70.0,37.6,44.6,,,30.15,,,,,,,,,,,,,
Garage,Temp & Humidity Sensor,2020/12/12 1:10 AM,46.9,70.0,37.6,44.6,,,30.15,,,,,,,,,,,,,
Garage,Temp & Humidity Sensor,2020/12/12 1:15 AM,46.7,70.0,37.4,44.4,,,30.15,,,,,,,,,,,,,
Garage,Temp & Humidity Sensor,2020/12/12 1:20 AM,46.7,70.0,37.4,44.4,,,30.15,,,,,,,,,,,,,
Garage,Temp & Humidity Sensor,2020/12/12 1:25 AM,46.7,70.0,37.4,44.4,,,30.15,,,,,,,,,,,,,
Garage,Temp & Humidity Sensor,2020/12/12 1:30 AM,46.7,70.0,37.4,44.4,,,30.15,,,,,,,,,,,,,
Garage,Temp & Humidity Sensor,2020/12/12 1:35 AM,46.7,70.0,37.4,44.4,,,30.15,,,,,,,,,,,,,
Garage,Temp & Humidity Sensor,2020/12/12 1:40 AM,46.5,70.0,37.3,44.1,,,30.15,,,,,,,,,,,,,
Garage,Temp & Humidity Sensor,2020/12/12 1:45 AM,46.5,70.0,37.3,44.1,,,30.16,,,,,,,,,,,,,
Garage,Temp & Humidity Sensor,2020/12/12 1:50 AM,46.5,70.0,37.3,44.1,,,30.15,,,,,,,,,,,,,
Garage,Temp & Humidity Sensor,2020/12/12 1:55 AM,46.5,70.0,37.3,44.1,,,30.15,,,,,,,,,,,,,
Garage,Temp & Humidity Sensor,2020/12/12 2:00 AM,46.5,70.0,37.3,44.1,,,30.15,,,,,,,,,,,,,
Garage,Temp & Humidity Sensor,2020/12/12 2:05 AM,46.4,70.0,37.2,44.0,,,30.15,,,,,,,,,,,,,
Garage,Temp & Humidity Sensor,2020/12/12 2:10 AM,46.4,70.0,37.2,44.0,,,30.15,,,,,,,,,,,,,
Garage,Temp & Humidity Sensor,2020/12/12 2:15 AM,46.4,70.0,37.2,44.0,,,30.15,,,,,,,,,,,,,
Garage,Temp & Humidity Sensor,2020/12/12 2:20 AM,46.4,70.0,37.2,44.0,,,30.15,,,,,,,,,,,,,
Garage,Temp & Humidity Sensor,2020/12/12 2:25 AM,46.4,70.0,37.2,44.0,,,30.15,,,,,,,,,,,,,
Garage,Temp & Humidity Sensor,2020/12/12 2:30 AM,46.4,70.0,37.2,44.0,,,30.16,,,,,,,,,,,,,
Garage,Temp & Humidity Sensor,2020/12/12 2:35 AM,46.2,71.0,37.3,43.9,,,30.16,,,,,,,,,,,,,
Garage,Temp & Humidity Sensor,2020/12/12 2:40 AM,46.2,71.0,37.3,43.9,,,30.16,,,,,,,,,,,,,
Garage,Temp & Humidity Sensor,2020/12/12 2:45 AM,46.2,71.0,37.3,43.9,,,30.16,,,,,,,,,,,,,
Garage,Temp & Humidity Sensor,2020/12/12 2:50 AM,46.2,71.0,37.3,43.9,,,30.16,,,,,,,,,,,,,
Garage,Temp & Humidity Sensor,2020/12/12 3:00 AM,46.0,71.0,37.1,43.6,,,30.16,,,,,,,,,,,,,
Garage,Temp & Humidity Sensor,2020/12/12 3:05 AM,46.0,71.0,37.1,43.6,,,30.17,,,,,,,,,,,,,
Garage,Temp & Humidity Sensor,2020/12/12 3:10 AM,46.0,71.0,37.1,43.6,,,30.16,,,,,,,,,,,,,
Garage,Temp & Humidity Sensor,2020/12/12 3:15 AM,46.0,71.0,37.1,43.6,,,30.16,,,,,,,,,,,,,
Garage,Temp & Humidity Sensor,2020/12/12 3:20 AM,46.0,71.0,37.1,43.6,,,30.16,,,,,,,,,,,,,
Garage,Temp & Humidity Sensor,2020/12/12 3:25 AM,45.8,71.0,36.9,43.4,,,30.16,,,,,,,,,,,,,
Garage,Temp & Humidity Sensor,2020/12/12 3:30 AM,45.8,71.0,36.9,43.4,,,30.17,,,,,,,,,,,,,
Garage,Temp & Humidity Sensor,2020/12/12 3:35 AM,45.8,71.0,36.9,43.4,,,30.16,,,,,,,,,,,,,
Garage,Temp & Humidity Sensor,2020/12/12 3:40 AM,45.8,71.0,36.9,43.4,,,30.16,,,,,,,,,,,,,
Garage,Temp & Humidity Sensor,2020/12/12 3:45 AM,45.8,71.0,36.9,43.4,,,30.17,,,,,,,,,,,,,
Garage,Temp & Humidity Sensor,2020/12/12 3:50 AM,45.8,71.0,36.9,43.4,,,30.17,,,,,,,,,,,,,
Garage,Temp & Humidity Sensor,2020/12/12 3:55 AM,45.6,71.0,36.7,43.2,,,30.16,,,,,,,,,,,,,
Garage,Temp & Humidity Sensor,2020/12/12 4:00 AM,45.6,71.0,36.7,43.2,,,30.17,,,,,,,,,,,,,
Garage,Temp & Humidity Sensor,2020/12/12 4:05 AM,45.6,71.0,36.7,43.2,,,30.17,,,,,,,,,,,,,
Garage,Temp & Humidity Sensor,2020/12/12 4:10 AM,45.6,71.0,36.7,43.2,,,30.16,,,,,,,,,,,,,
Garage,Temp & Humidity Sensor,2020/12/12 4:15 AM,45.6,71.0,36.7,43.2,,,30.16,,,,,,,,,,,,,
Garage,Temp & Humidity Sensor,2020/12/12 4:20 AM,45.6,71.0,36.7,43.2,,,30.16,,,,,,,,,,,,,
Garage,Temp & Humidity Sensor,2020/12/12 4:25 AM,45.6,71.0,36.7,43.2,,,30.16,,,,,,,,,,,,,
Garage,Temp & Humidity Sensor,2020/12/12 4:30 AM,45.6,71.0,36.7,43.2,,,30.16,,,,,,,,,,,,,
Garage,Temp & Humidity Sensor,2020/12/12 4:35 AM,45.6,71.0,36.7,43.2,,,30.16,,,,,,,,,,,,,
Garage,Temp & Humidity Sensor,2020/12/12 4:40 AM,45.5,71.0,36.7,43.1,,,30.16,,,,,,,,,,,,,
Garage,Temp & Humidity Sensor,2020/12/12 4:45 AM,45.5,71.0,36.7,43.1,,,30.16,,,,,,,,,,,,,
Garage,Temp & Humidity Sensor,2020/12/12 4:50 AM,45.5,71.0,36.7,43.1,,,30.16,,,,,,,,,,,,,
Garage,Temp & Humidity Sensor,2020/12/12 4:55 AM,45.5,71.0,36.7,43.1,,,30.17,,,,,,,,,,,,,
Garage,Temp & Humidity Sensor,2020/12/12 5:00 AM,45.5,71.0,36.7,43.1,,,30.17,,,,,,,,,,,,,
Garage,Temp & Humidity Sensor,2020/12/12 5:05 AM,45.5,71.0,36.7,43.1,,,30.17,,,,,,,,,,,,,
Garage,Temp & Humidity Sensor,2020/12/12 5:10 AM,45.5,71.0,36.7,43.1,,,30.16,,,,,,,,,,,,,
Garage,Temp & Humidity Sensor,2020/12/12 5:15 AM,45.5,71.0,36.7,43.1,,,30.17,,,,,,,,,,,,,
Garage,Temp & Humidity Sensor,2020/12/12 5:20 AM,45.3,71.0,36.5,42.9,,,30.17,,,,,,,,,,,,,
Garage,Temp & Humidity Sensor,2020/12/12 5:25 AM,45.3,71.0,36.5,42.9,,,30.17,,,,,,,,,,,,,
Garage,Temp & Humidity Sensor,2020/12/12 5:30 AM,45.3,71.0,36.5,42.9,,,30.17,,,,,,,,,,,,,
Garage,Temp & Humidity Sensor,2020/12/12 5:35 AM,45.3,71.0,36.5,42.9,,,30.17,,,,,,,,,,,,,
Garage,Temp & Humidity Sensor,2020/12/12 5:40 AM,45.3,71.0,36.5,42.9,,,30.17,,,,,,,,,,,,,
Garage,Temp & Humidity Sensor,2020/12/12 5:45 AM,45.3,71.0,36.5,42.9,,,30.17,,,,,,,,,,,,,
Garage,Temp & Humidity Sensor,2020/12/12 5:50 AM,45.3,71.0,36.5,42.9,,,30.17,,,,,,,,,,,,,
Garage,Temp & Humidity Sensor,2020/12/12 5:55 AM,45.1,71.0,36.3,42.6,,,30.17,,,,,,,,,,,,,
Garage,Temp & Humidity Sensor,2020/12/12 6:00 AM,45.1,71.0,36.3,42.6,,,30.17,,,,,,,,,,,,,
Garage,Temp & Humidity Sensor,2020/12/12 6:05 AM,45.1,71.0,36.3,42.6,,,30.16,,,,,,,,,,,,,
Garage,Temp & Humidity Sensor,2020/12/12 6:10 AM,45.1,71.0,36.3,42.6,,,30.16,,,,,,,,,,,,,
Garage,Temp & Humidity Sensor,2020/12/12 6:15 AM,45.1,71.0,36.3,42.6,,,30.17,,,,,,,,,,,,,
Garage,Temp & Humidity Sensor,2020/12/12 6:20 AM,45.1,71.0,36.3,42.6,,,30.17,,,,,,,,,,,,,
Garage,Temp & Humidity Sensor,2020/12/12 6:25 AM,45.1,71.0,36.3,42.6,,,30.17,,,,,,,,,,,,,
Garage,Temp & Humidity Sensor,2020/12/12 6:30 AM,45.1,71.0,36.3,42.6,,,30.17,,,,,,,,,,,,,
Garage,Temp & Humidity Sensor,2020/12/12 6:35 AM,45.1,71.0,36.3,42.6,,,30.17,,,,,,,,,,,,,
Garage,Temp & Humidity Sensor,2020/12/12 6:40 AM,45.1,71.0,36.3,42.6,,,30.17,,,,,,,,,,,,,
Garage,Temp & Humidity Sensor,2020/12/12 6:45 AM,45.1,71.0,36.3,42.6,,,30.17,,,,,,,,,,,,,
Garage,Temp & Humidity Sensor,2020/12/12 6:50 AM,45.1,71.0,36.3,42.6,,,30.17,,,,,,,,,,,,,
Garage,Temp & Humidity Sensor,2020/12/12 6:55 AM,45.1,71.0,36.3,42.6,,,30.17,,,,,,,,,,,,,
Garage,Temp & Humidity Sensor,2020/12/12 7:00 AM,45.1,71.0,36.3,42.6,,,30.17,,,,,,,,,,,,,
Garage,Temp & Humidity Sensor,2020/12/12 7:05 AM,45.1,71.0,36.3,42.6,,,30.17,,,,,,,,,,,,,
Garage,Temp & Humidity Sensor,2020/12/12 7:10 AM,45.1,71.0,36.3,42.6,,,30.16,,,,,,,,,,,,,
Garage,Temp & Humidity Sensor,2020/12/12 7:15 AM,45.1,71.0,36.3,42.6,,,30.17,,,,,,,,,,,,,
Garage,Temp & Humidity Sensor,2020/12/12 7:20 AM,45.1,71.0,36.3,42.6,,,30.17,,,,,,,,,,,,,
Garage,Temp & Humidity Sensor,2020/12/12 7:25 AM,45.1,71.0,36.3,42.6,,,30.17,,,,,,,,,,,,,
Garage,Temp & Humidity Sensor,2020/12/12 7:30 AM,45.1,71.0,36.3,42.6,,,30.17,,,,,,,,,,,,,
Garage,Temp & Humidity Sensor,2020/12/12 7:35 AM,45.1,71.0,36.3,42.6,,,30.17,,,,,,,,,,,,,
Garage,Temp & Humidity Sensor,2020/12/12 7:40 AM,45.1,71.0,36.3,42.6,,,30.17,,,,,,,,,,,,,
Garage,Temp & Humidity Sensor,2020/12/12 7:45 AM,45.1,71.0,36.3,42.6,,,30.17,,,,,,,,,,,,,
Garage,Temp & Humidity Sensor,2020/12/12 7:50 AM,45.1,71.0,36.3,42.6,,,30.17,,,,,,,,,,,,,
Garage,Temp & Humidity Sensor,2020/12/12 7:55 AM,45.1,71.0,36.3,42.6,,,30.17,,,,,,,,,,,,,
Garage,Temp & Humidity Sensor,2020/12/12 8:00 AM,45.1,71.0,36.3,42.6,,,30.17,,,,,,,,,,,,,
Garage,Temp & Humidity Sensor,2020/12/12 8:05 AM,45.1,71.0,36.3,42.6,,,30.17,,,,,,,,,,,,,
Garage,Temp & Humidity Sensor,2020/12/12 8:10 AM,45.1,71.0,36.3,42.6,,,30.17,,,,,,,,,,,,,
Garage,Temp & Humidity Sensor,2020/12/12 8:15 AM,45.1,71.0,36.3,42.6,,,30.17,,,,,,,,,,,,,
Garage,Temp & Humidity Sensor,2020/12/12 8:20 AM,45.3,71.0,36.5,42.9,,,30.17,,,,,,,,,,,,,
Garage,Temp & Humidity Sensor,2020/12/12 8:25 AM,45.3,71.0,36.5,42.9,,,30.17,,,,,,,,,,,,,
Garage,Temp & Humidity Sensor,2020/12/12 8:30 AM,45.3,71.0,36.5,42.9,,,30.16,,,,,,,,,,,,,
Garage,Temp & Humidity Sensor,2020/12/12 8:35 AM,45.3,71.0,36.5,42.9,,,30.16,,,,,,,,,,,,,
Garage,Temp & Humidity Sensor,2020/12/12 8:40 AM,45.3,71.0,36.5,42.9,,,30.16,,,,,,,,,,,,,
Garage,Temp & Humidity Sensor,2020/12/12 8:45 AM,45.3,71.0,36.5,42.9,,,30.16,,,,,,,,,,,,,
Garage,Temp & Humidity Sensor,2020/12/12 8:50 AM,45.5,71.0,36.7,43.1,,,30.16,,,,,,,,,,,,,
Garage,Temp & Humidity Sensor,2020/12/12 8:55 AM,45.5,71.0,36.7,43.1,,,30.16,,,,,,,,,,,,,
Garage,Temp & Humidity Sensor,2020/12/12 9:00 AM,45.5,71.0,36.7,43.1,,,30.15,,,,,,,,,,,,,
Garage,Temp & Humidity Sensor,2020/12/12 9:05 AM,45.5,71.0,36.7,43.1,,,30.15,,,,,,,,,,,,,
Garage,Temp & Humidity Sensor,2020/12/12 9:10 AM,45.6,71.0,36.7,43.2,,,30.15,,,,,,,,,,,,,
Garage,Temp & Humidity Sensor,2020/12/12 9:15 AM,45.6,71.0,36.7,43.2,,,30.15,,,,,,,,,,,,,
Garage,Temp & Humidity Sensor,2020/12/12 9:20 AM,45.8,71.0,36.9,43.4,,,30.15,,,,,,,,,,,,,
Garage,Temp & Humidity Sensor,2020/12/12 9:25 AM,45.8,71.0,36.9,43.4,,,30.14,,,,,,,,,,,,,
Garage,Temp & Humidity Sensor,2020/12/12 9:30 AM,45.8,71.0,36.9,43.4,,,30.14,,,,,,,,,,,,,
Garage,Temp & Humidity Sensor,2020/12/12 9:35 AM,46.0,71.0,37.1,43.6,,,30.15,,,,,,,,,,,,,
Garage,Temp & Humidity Sensor,2020/12/12 9:40 AM,46.2,72.0,37.7,43.9,,,30.15,,,,,,,,,,,,,
Garage,Temp & Humidity Sensor,2020/12/12 9:45 AM,46.2,72.0,37.7,43.9,,,30.15,,,,,,,,,,,,,
Garage,Temp & Humidity Sensor,2020/12/12 9:50 AM,46.4,71.0,37.5,44.1,,,30.14,,,,,,,,,,,,,
Garage,Temp & Humidity Sensor,2020/12/12 9:55 AM,46.4,71.0,37.5,44.1,,,30.14,,,,,,,,,,,,,
Garage,Temp & Humidity Sensor,2020/12/12 10:00 AM,46.5,71.0,37.6,44.2,,,30.14,,,,,,,,,,,,,
Garage,Temp & Humidity Sensor,2020/12/12 10:05 AM,46.7,71.0,37.8,44.4,,,30.15,,,,,,,,,,,,,
Garage,Temp & Humidity Sensor,2020/12/12 10:10 AM,46.9,71.0,38.0,44.6,,,30.15,,,,,,,,,,,,,
Garage,Temp & Humidity Sensor,2020/12/12 10:15 AM,47.1,71.0,38.2,44.8,,,30.15,,,,,,,,,,,,,
Garage,Temp & Humidity Sensor,2020/12/12 10:20 AM,47.3,71.0,38.4,45.1,,,30.15,,,,,,,,,,,,,
Garage,Temp & Humidity Sensor,2020/12/12 10:25 AM,47.4,71.0,38.5,45.2,,,30.15,,,,,,,,,,,,,
Garage,Temp & Humidity Sensor,2020/12/12 10:30 AM,47.6,71.0,38.7,45.4,,,30.15,,,,,,,,,,,,,
Garage,Temp & Humidity Sensor,2020/12/12 10:35 AM,47.8,71.0,38.9,45.6,,,30.15,,,,,,,,,,,,,
Garage,Temp & Humidity Sensor,2020/12/12 10:40 AM,48.0,72.0,39.4,45.9,,,30.14,,,,,,,,,,,,,
Garage,Temp & Humidity Sensor,2020/12/12 10:45 AM,48.2,71.0,39.2,46.1,,,30.14,,,,,,,,,,,,,
Garage,Temp & Humidity Sensor,2020/12/12 10:50 AM,48.2,71.0,39.2,46.1,,,30.14,,,,,,,,,,,,,
Garage,Temp & Humidity Sensor,2020/12/12 10:55 AM,48.5,71.0,39.5,46.4,,,30.14,,,,,,,,,,,,,
Garage,Temp & Humidity Sensor,2020/12/12 11:00 AM,48.9,71.0,39.9,46.8,,,30.14,,,,,,,,,,,,,
Garage,Temp & Humidity Sensor,2020/12/12 11:05 AM,49.1,71.0,40.1,47.0,,,30.14,,,,,,,,,,,,,
Garage,Temp & Humidity Sensor,2020/12/12 11:10 AM,49.2,71.0,40.2,47.2,,,30.14,,,,,,,,,,,,,
Garage,Temp & Humidity Sensor,2020/12/12 11:15 AM,49.4,71.0,40.4,47.4,,,30.13,,,,,,,,,,,,,
Garage,Temp & Humidity Sensor,2020/12/12 11:20 AM,49.6,71.0,40.6,47.6,,,30.13,,,,,,,,,,,,,
Garage,Temp & Humidity Sensor,2020/12/12 11:25 AM,49.8,72.0,41.1,47.9,,,30.13,,,,,,,,,,,,,
Garage,Temp & Humidity Sensor,2020/12/12 11:30 AM,50.0,71.0,41.0,48.0,,,30.12,,,,,,,,,,,,,
Garage,Temp & Humidity Sensor,2020/12/12 11:35 AM,50.3,71.0,41.3,48.4,,,30.12,,,,,,,,,,,,,
Garage,Temp & Humidity Sensor,2020/12/12 11:40 AM,50.5,71.0,41.5,48.6,,,30.12,,,,,,,,,,,,,
Garage,Temp & Humidity Sensor,2020/12/12 11:45 AM,50.7,71.0,41.6,48.8,,,30.12,,,,,,,,,,,,,
Garage,Temp & Humidity Sensor,2020/12/12 11:50 AM,50.9,71.0,41.8,49.0,,,30.11,,,,,,,,,,,,,
Garage,Temp & Humidity Sensor,2020/12/12 11:55 AM,51.0,71.0,41.9,49.1,,,30.11,,,,,,,,,,,,,
Garage,Temp & Humidity Sensor,2020/12/12 12:00 PM,51.2,71.0,42.1,49.4,,,30.11,,,,,,,,,,,,,
Garage,Temp & Humidity Sensor,2020/12/12 12:05 PM,51.6,71.0,42.5,49.8,,,30.11,,,,,,,,,,,,,
Garage,Temp & Humidity Sensor,2020/12/12 12:10 PM,51.8,71.0,42.7,50.0,,,30.11,,,,,,,,,,,,,
Garage,Temp & Humidity Sensor,2020/12/12 12:15 PM,51.9,71.0,42.8,50.1,,,30.11,,,,,,,,,,,,,
Garage,Temp & Humidity Sensor,2020/12/12 12:20 PM,51.9,71.0,42.8,50.1,,,30.1,,,,,,,,,,,,,
Garage,Temp & Humidity Sensor,2020/12/12 12:25 PM,52.1,71.0,43.0,50.3,,,30.11,,,,,,,,,,,,,
Garage,Temp & Humidity Sensor,2020/12/12 12:30 PM,52.3,71.0,43.2,50.6,,,30.11,,,,,,,,,,,,,
Garage,Temp & Humidity Sensor,2020/12/12 12:35 PM,52.5,71.0,43.4,50.8,,,30.1,,,,,,,,,,,,,
Garage,Temp & Humidity Sensor,2020/12/12 12:40 PM,52.7,71.0,43.6,51.0,,,30.1,,,,,,,,,,,,,
Garage,Temp & Humidity Sensor,2020/12/12 12:45 PM,52.8,71.0,43.7,51.1,,,30.1,,,,,,,,,,,,,
Garage,Temp & Humidity Sensor,2020/12/12 12:50 PM,53.0,71.0,43.9,51.3,,,30.1,,,,,,,,,,,,,
Garage,Temp & Humidity Sensor,2020/12/12 12:55 PM,53.2,71.0,44.0,51.6,,,30.1,,,,,,,,,,,,,
Garage,Temp & Humidity Sensor,2020/12/12 1:00 PM,53.4,71.0,44.2,51.8,,,30.1,,,,,,,,,,,,,
Garage,Temp & Humidity Sensor,2020/12/12 1:05 PM,53.6,71.0,44.4,52.0,,,30.1,,,,,,,,,,,,,
Garage,Temp & Humidity Sensor,2020/12/12 1:10 PM,53.7,71.0,44.5,52.1,,,30.09,,,,,,,,,,,,,
Garage,Temp & Humidity Sensor,2020/12/12 1:15 PM,53.9,71.0,44.7,52.3,,,30.09,,,,,,,,,,,,,
Garage,Temp & Humidity Sensor,2020/12/12 1:20 PM,54.1,71.0,44.9,52.5,,,30.09,,,,,,,,,,,,,
Garage,Temp & Humidity Sensor,2020/12/12 1:25 PM,54.3,71.0,45.1,52.8,,,30.09,,,,,,,,,,,,,
Garage,Temp & Humidity Sensor,2020/12/12 1:30 PM,54.3,71.0,45.1,52.8,,,30.09,,,,,,,,,,,,,
Garage,Temp & Humidity Sensor,2020/12/12 1:35 PM,54.5,71.0,45.3,53.0,,,30.08,,,,,,,,,,,,,
Garage,Temp & Humidity Sensor,2020/12/12 1:40 PM,54.6,71.0,45.4,53.1,,,30.08,,,,,,,,,,,,,
Garage,Temp & Humidity Sensor,2020/12/12 1:45 PM,54.8,71.0,45.6,53.3,,,30.08,,,,,,,,,,,,,
Garage,Temp & Humidity Sensor,2020/12/12 1:50 PM,54.8,71.0,45.6,53.3,,,30.08,,,,,,,,,,,,,
Garage,Temp & Humidity Sensor,2020/12/12 1:55 PM,55.0,71.0,45.8,53.5,,,30.08,,,,,,,,,,,,,
Garage,Temp & Humidity Sensor,2020/12/12 2:00 PM,55.2,71.0,46.0,53.8,,,30.08,,,,,,,,,,,,,
Garage,Temp & Humidity Sensor,2020/12/12 2:05 PM,55.4,71.0,46.2,54.0,,,30.07,,,,,,,,,,,,,
Garage,Temp & Humidity Sensor,2020/12/12 2:10 PM,55.4,71.0,46.2,54.0,,,30.07,,,,,,,,,,,,,
Garage,Temp & Humidity Sensor,2020/12/12 2:15 PM,55.5,71.0,46.3,54.1,,,30.07,,,,,,,,,,,,,
Garage,Temp & Humidity Sensor,2020/12/12 2:20 PM,55.9,71.0,46.6,54.5,,,30.07,,,,,,,,,,,,,
Garage,Temp & Humidity Sensor,2020/12/12 2:25 PM,56.6,72.0,47.7,55.3,,,30.07,,,,,,,,,,,,,
Garage,Temp & Humidity Sensor,2020/12/12 2:30 PM,57.0,72.0,48.1,55.8,,,30.07,,,,,,,,,,,,,
Garage,Temp & Humidity Sensor,2020/12/12 2:35 PM,57.3,71.0,48.0,56.1,,,30.07,,,,,,,,,,,,,
Garage,Temp & Humidity Sensor,2020/12/12 2:40 PM,57.5,71.0,48.2,56.3,,,30.07,,,,,,,,,,,,,
Garage,Temp & Humidity Sensor,2020/12/12 2:45 PM,57.7,71.0,48.4,56.5,,,30.07,,,,,,,,,,,,,
Garage,Temp & Humidity Sensor,2020/12/12 2:50 PM,57.9,71.0,48.6,56.7,,,30.07,,,,,,,,,,,,,
Garage,Temp & Humidity Sensor,2020/12/12 2:55 PM,58.1,71.0,48.7,56.9,,,30.07,,,,,,,,,,,,,
Garage,Temp & Humidity Sensor,2020/12/12 3:00 PM,58.2,71.0,48.8,57.1,,,30.07,,,,,,,,,,,,,
Garage,Temp & Humidity Sensor,2020/12/12 3:05 PM,58.4,71.0,49.0,57.3,,,30.07,,,,,,,,,,,,,
Garage,Temp & Humidity Sensor,2020/12/12 3:10 PM,58.4,71.0,49.0,57.3,,,30.07,,,,,,,,,,,,,
Garage,Temp & Humidity Sensor,2020/12/12 3:15 PM,58.4,71.0,49.0,57.3,,,30.07,,,,,,,,,,,,,
Garage,Temp & Humidity Sensor,2020/12/12 3:20 PM,58.6,71.0,49.2,57.5,,,30.07,,,,,,,,,,,,,
Garage,Temp & Humidity Sensor,2020/12/12 3:25 PM,58.6,71.0,49.2,57.5,,,30.07,,,,,,,,,,,,,
Garage,Temp & Humidity Sensor,2020/12/12 3:30 PM,58.6,71.0,49.2,57.5,,,30.07,,,,,,,,,,,,,
Garage,Temp & Humidity Sensor,2020/12/12 3:35 PM,58.6,71.0,49.2,57.5,,,30.06,,,,,,,,,,,,,
Garage,Temp & Humidity Sensor,2020/12/12 3:40 PM,58.8,71.0,49.4,57.7,,,30.06,,,,,,,,,,,,,
Garage,Temp & Humidity Sensor,2020/12/12 3:45 PM,58.6,71.0,49.2,57.5,,,30.06,,,,,,,,,,,,,
Garage,Temp & Humidity Sensor,2020/12/12 3:50 PM,58.8,71.0,49.4,57.7,,,30.06,,,,,,,,,,,,,
Garage,Temp & Humidity Sensor,2020/12/12 3:55 PM,58.8,71.0,49.4,57.7,,,30.06,,,,,,,,,,,,,
Garage,Temp & Humidity Sensor,2020/12/12 4:00 PM,58.8,71.0,49.4,57.7,,,30.07,,,,,,,,,,,,,
Garage,Temp & Humidity Sensor,2020/12/12 4:05 PM,58.8,71.0,49.4,57.7,,,30.07,,,,,,,,,,,,,
Garage,Temp & Humidity Sensor,2020/12/12 4:10 PM,58.8,70.0,49.0,57.7,,,30.06,,,,,,,,,,,,,
Garage,Temp & Humidity Sensor,2020/12/12 4:15 PM,59.0,70.0,49.2,57.9,,,30.06,,,,,,,,,,,,,
Garage,Temp & Humidity Sensor,2020/12/12 4:20 PM,58.8,70.0,49.0,57.7,,,30.07,,,,,,,,,,,,,
Garage,Temp & Humidity Sensor,2020/12/12 4:25 PM,58.8,70.0,49.0,57.7,,,30.06,,,,,,,,,,,,,
Garage,Temp & Humidity Sensor,2020/12/12 4:30 PM,58.8,70.0,49.0,57.7,,,30.06,,,,,,,,,,,,,
Garage,Temp & Humidity Sensor,2020/12/12 4:35 PM,58.6,70.0,48.8,57.4,,,30.06,,,,,,,,,,,,,
Garage,Temp & Humidity Sensor,2020/12/12 4:40 PM,58.6,70.0,48.8,57.4,,,30.06,,,,,,,,,,,,,
Garage,Temp & Humidity Sensor,2020/12/12 4:45 PM,58.6,70.0,48.8,57.4,,,30.07,,,,,,,,,,,,,
Garage,Temp & Humidity Sensor,2020/12/12 4:50 PM,58.4,70.0,48.7,57.2,,,30.06,,,,,,,,,,,,,
Garage,Temp & Humidity Sensor,2020/12/12 4:55 PM,58.4,70.0,48.7,57.2,,,30.06,,,,,,,,,,,,,
Garage,Temp & Humidity Sensor,2020/12/12 5:00 PM,58.2,70.0,48.5,57.0,,,30.06,,,,,,,,,,,,,
Garage,Temp & Humidity Sensor,2020/12/12 5:05 PM,58.1,70.0,48.4,56.9,,,30.06,,,,,,,,,,,,,
Garage,Temp & Humidity Sensor,2020/12/12 5:10 PM,58.1,70.0,48.4,56.9,,,30.06,,,,,,,,,,,,,
Garage,Temp & Humidity Sensor,2020/12/12 5:15 PM,57.9,70.0,48.2,56.7,,,30.06,,,,,,,,,,,,,
Garage,Temp & Humidity Sensor,2020/12/12 5:20 PM,57.9,70.0,48.2,56.7,,,30.06,,,,,,,,,,,,,
Garage,Temp & Humidity Sensor,2020/12/12 5:25 PM,57.7,70.0,48.0,56.5,,,30.06,,,,,,,,,,,,,
Garage,Temp & Humidity Sensor,2020/12/12 5:30 PM,57.7,70.0,48.0,56.5,,,30.06,,,,,,,,,,,,,
Garage,Temp & Humidity Sensor,2020/12/12 5:35 PM,57.5,70.0,47.8,56.2,,,30.06,,,,,,,,,,,,,
Garage,Temp & Humidity Sensor,2020/12/12 5:40 PM,57.5,70.0,47.8,56.2,,,30.06,,,,,,,,,,,,,
Garage,Temp & Humidity Sensor,2020/12/12 5:45 PM,57.3,70.0,47.6,56.0,,,30.06,,,,,,,,,,,,,
Garage,Temp & Humidity Sensor,2020/12/12 5:50 PM,57.3,70.0,47.6,56.0,,,30.06,,,,,,,,,,,,,
Garage,Temp & Humidity Sensor,2020/12/12 5:55 PM,57.2,70.0,47.5,55.9,,,30.06,,,,,,,,,,,,,
Garage,Temp & Humidity Sensor,2020/12/12 6:00 PM,57.2,70.0,47.5,55.9,,,30.06,,,,,,,,,,,,,
Garage,Temp & Humidity Sensor,2020/12/12 6:05 PM,57.0,71.0,47.7,55.7,,,30.06,,,,,,,,,,,,,
Garage,Temp & Humidity Sensor,2020/12/12 6:10 PM,57.0,71.0,47.7,55.7,,,30.06,,,,,,,,,,,,,
Garage,Temp & Humidity Sensor,2020/12/12 6:15 PM,57.0,71.0,47.7,55.7,,,30.06,,,,,,,,,,,,,
Garage,Temp & Humidity Sensor,2020/12/12 6:20 PM,56.8,71.0,47.5,55.5,,,30.06,,,,,,,,,,,,,
Garage,Temp & Humidity Sensor,2020/12/12 6:25 PM,56.8,71.0,47.5,55.5,,,30.06,,,,,,,,,,,,,
Garage,Temp & Humidity Sensor,2020/12/12 6:30 PM,56.6,71.0,47.3,55.3,,,30.06,,,,,,,,,,,,,
Garage,Temp & Humidity Sensor,2020/12/12 6:35 PM,56.6,71.0,47.3,55.3,,,30.06,,,,,,,,,,,,,
Garage,Temp & Humidity Sensor,2020/12/12 6:40 PM,56.4,71.0,47.1,55.1,,,30.06,,,,,,,,,,,,,
Garage,Temp & Humidity Sensor,2020/12/12 6:45 PM,56.4,71.0,47.1,55.1,,,30.06,,,,,,,,,,,,,
Garage,Temp & Humidity Sensor,2020/12/12 6:50 PM,56.4,71.0,47.1,55.1,,,30.05,,,,,,,,,,,,,
Garage,Temp & Humidity Sensor,2020/12/12 6:55 PM,56.3,71.0,47.0,55.0,,,30.05,,,,,,,,,,,,,
Garage,Temp & Humidity Sensor,2020/12/12 7:00 PM,56.3,71.0,47.0,55.0,,,30.06,,,,,,,,,,,,,
Garage,Temp & Humidity Sensor,2020/12/12 7:05 PM,56.1,71.0,46.8,54.7,,,30.06,,,,,,,,,,,,,
Garage,Temp & Humidity Sensor,2020/12/12 7:10 PM,56.1,71.0,46.8,54.7,,,30.06,,,,,,,,,,,,,
Garage,Temp & Humidity Sensor,2020/12/12 7:15 PM,55.9,71.0,46.6,54.5,,,30.06,,,,,,,,,,,,,
Garage,Temp & Humidity Sensor,2020/12/12 7:20 PM,55.9,71.0,46.6,54.5,,,30.06,,,,,,,,,,,,,
Garage,Temp & Humidity Sensor,2020/12/12 7:25 PM,55.7,71.0,46.4,54.3,,,30.06,,,,,,,,,,,,,
Garage,Temp & Humidity Sensor,2020/12/12 7:30 PM,55.7,71.0,46.4,54.3,,,30.06,,,,,,,,,,,,,
Garage,Temp & Humidity Sensor,2020/12/12 7:35 PM,55.7,71.0,46.4,54.3,,,30.06,,,,,,,,,,,,,
Garage,Temp & Humidity Sensor,2020/12/12 7:40 PM,55.5,71.0,46.3,54.1,,,30.06,,,,,,,,,,,,,
Garage,Temp & Humidity Sensor,2020/12/12 7:45 PM,55.5,71.0,46.3,54.1,,,30.06,,,,,,,,,,,,,
Garage,Temp & Humidity Sensor,2020/12/12 7:50 PM,55.4,71.0,46.2,54.0,,,30.06,,,,,,,,,,,,,
Garage,Temp & Humidity Sensor,2020/12/12 7:55 PM,55.4,71.0,46.2,54.0,,,30.06,,,,,,,,,,,,,
Garage,Temp & Humidity Sensor,2020/12/12 8:00 PM,55.4,71.0,46.2,54.0,,,30.06,,,,,,,,,,,,,
Garage,Temp & Humidity Sensor,2020/12/12 8:05 PM,55.2,71.0,46.0,53.8,,,30.06,,,,,,,,,,,,,
Garage,Temp & Humidity Sensor,2020/12/12 8:10 PM,55.2,71.0,46.0,53.8,,,30.06,,,,,,,,,,,,,
Garage,Temp & Humidity Sensor,2020/12/12 8:15 PM,55.0,71.0,45.8,53.5,,,30.06,,,,,,,,,,,,,
Garage,Temp & Humidity Sensor,2020/12/12 8:20 PM,55.0,71.0,45.8,53.5,,,30.06,,,,,,,,,,,,,
Garage,Temp & Humidity Sensor,2020/12/12 8:25 PM,55.0,71.0,45.8,53.5,,,30.06,,,,,,,,,,,,,
Garage,Temp & Humidity Sensor,2020/12/12 8:30 PM,54.8,71.0,45.6,53.3,,,30.07,,,,,,,,,,,,,
Garage,Temp & Humidity Sensor,2020/12/12 8:35 PM,54.8,71.0,45.6,53.3,,,30.07,,,,,,,,,,,,,
Garage,Temp & Humidity Sensor,2020/12/12 8:40 PM,54.8,71.0,45.6,53.3,,,30.06,,,,,,,,,,,,,
Garage,Temp & Humidity Sensor,2020/12/12 8:45 PM,54.6,71.0,45.4,53.1,,,30.06,,,,,,,,,,,,,
Garage,Temp & Humidity Sensor,2020/12/12 8:50 PM,54.6,71.0,45.4,53.1,,,30.06,,,,,,,,,,,,,
Garage,Temp & Humidity Sensor,2020/12/12 8:55 PM,54.5,71.0,45.3,53.0,,,30.06,,,,,,,,,,,,,
Garage,Temp & Humidity Sensor,2020/12/12 9:00 PM,54.5,71.0,45.3,53.0,,,30.06,,,,,,,,,,,,,
Garage,Temp & Humidity Sensor,2020/12/12 9:05 PM,54.5,71.0,45.3,53.0,,,30.07,,,,,,,,,,,,,
Garage,Temp & Humidity Sensor,2020/12/12 9:10 PM,54.5,71.0,45.3,53.0,,,30.06,,,,,,,,,,,,,
Garage,Temp & Humidity Sensor,2020/12/12 9:15 PM,54.3,71.0,45.1,52.8,,,30.06,,,,,,,,,,,,,
Garage,Temp & Humidity Sensor,2020/12/12 9:20 PM,54.3,71.0,45.1,52.8,,,30.07,,,,,,,,,,,,,
Garage,Temp & Humidity Sensor,2020/12/12 9:25 PM,54.3,71.0,45.1,52.8,,,30.07,,,,,,,,,,,,,
Garage,Temp & Humidity Sensor,2020/12/12 9:30 PM,54.1,71.0,44.9,52.5,,,30.06,,,,,,,,,,,,,
Garage,Temp & Humidity Sensor,2020/12/12 9:35 PM,54.1,71.0,44.9,52.5,,,30.07,,,,,,,,,,,,,
Garage,Temp & Humidity Sensor,2020/12/12 9:40 PM,53.9,71.0,44.7,52.3,,,30.07,,,,,,,,,,,,,
Garage,Temp & Humidity Sensor,2020/12/12 9:45 PM,53.9,71.0,44.7,52.3,,,30.07,,,,,,,,,,,,,
Garage,Temp & Humidity Sensor,2020/12/12 9:50 PM,53.9,71.0,44.7,52.3,,,30.07,,,,,,,,,,,,,
Garage,Temp & Humidity Sensor,2020/12/12 10:00 PM,53.7,71.0,44.5,52.1,,,30.07,,,,,,,,,,,,,
Garage,Temp & Humidity Sensor,2020/12/12 10:05 PM,53.7,71.0,44.5,52.1,,,30.07,,,,,,,,,,,,,
Garage,Temp & Humidity Sensor,2020/12/12 10:10 PM,53.6,71.0,44.4,52.0,,,30.08,,,,,,,,,,,,,
Garage,Temp & Humidity Sensor,2020/12/12 10:15 PM,53.6,71.0,44.4,52.0,,,30.08,,,,,,,,,,,,,
Garage,Temp & Humidity Sensor,2020/12/12 10:20 PM,53.6,71.0,44.4,52.0,,,30.08,,,,,,,,,,,,,
Garage,Temp & Humidity Sensor,2020/12/12 10:25 PM,53.6,71.0,44.4,52.0,,,30.08,,,,,,,,,,,,,
Garage,Temp & Humidity Sensor,2020/12/12 10:30 PM,53.6,71.0,44.4,52.0,,,30.08,,,,,,,,,,,,,
Garage,Temp & Humidity Sensor,2020/12/12 10:35 PM,53.4,72.0,44.6,51.8,,,30.07,,,,,,,,,,,,,
Garage,Temp & Humidity Sensor,2020/12/12 10:40 PM,53.4,72.0,44.6,51.8,,,30.07,,,,,,,,,,,,,
Garage,Temp & Humidity Sensor,2020/12/12 10:45 PM,53.4,72.0,44.6,51.8,,,30.07,,,,,,,,,,,,,
Garage,Temp & Humidity Sensor,2020/12/12 10:50 PM,53.4,72.0,44.6,51.8,,,30.06,,,,,,,,,,,,,
Garage,Temp & Humidity Sensor,2020/12/12 10:55 PM,53.4,72.0,44.6,51.8,,,30.06,,,,,,,,,,,,,
Garage,Temp & Humidity Sensor,2020/12/12 11:00 PM,53.4,72.0,44.6,51.8,,,30.06,,,,,,,,,,,,,
Garage,Temp & Humidity Sensor,2020/12/12 11:05 PM,53.4,72.0,44.6,51.8,,,30.07,,,,,,,,,,,,,
Garage,Temp & Humidity Sensor,2020/12/12 11:10 PM,53.4,72.0,44.6,51.8,,,30.06,,,,,,,,,,,,,
Garage,Temp & Humidity Sensor,2020/12/12 11:15 PM,53.4,72.0,44.6,51.8,,,30.06,,,,,,,,,,,,,
Garage,Temp & Humidity Sensor,2020/12/12 11:20 PM,53.4,72.0,44.6,51.8,,,30.07,,,,,,,,,,,,,
Garage,Temp & Humidity Sensor,2020/12/12 11:25 PM,53.2,72.0,44.4,51.6,,,30.07,,,,,,,,,,,,,
Garage,Temp & Humidity Sensor,2020/12/12 11:30 PM,53.2,72.0,44.4,51.6,,,30.07,,,,,,,,,,,,,
Garage,Temp & Humidity Sensor,2020/12/12 11:35 PM,53.2,72.0,44.4,51.6,,,30.07,,,,,,,,,,,,,
Garage,Temp & Humidity Sensor,2020/12/12 11:40 PM,53.2,72.0,44.4,51.6,,,30.07,,,,,,,,,,,,,
Garage,Temp & Humidity Sensor,2020/12/12 11:45 PM,53.2,72.0,44.4,51.6,,,30.07,,,,,,,,,,,,,
Garage,Temp & Humidity Sensor,2020/12/12 11:50 PM,53.2,72.0,44.4,51.6,,,30.07,,,,,,,,,,,,,
Garage,Temp & Humidity Sensor,2020/12/12 11:55 PM,53.2,72.0,44.4,51.6,,,30.07,,,,,,,,,,,,,
Garage,Temp & Humidity Sensor,2020/12/13 12:00 AM,53.2,72.0,44.4,51.6,,,30.07,,,,,,,,,,,,,
Garage,Temp & Humidity Sensor,2020/12/13 12:05 AM,53.2,72.0,44.4,51.6,,,30.07,,,,,,,,,,,,,
Garage,Temp & Humidity Sensor,2020/12/13 12:10 AM,53.2,72.0,44.4,51.6,,,30.07,,,,,,,,,,,,,
Garage,Temp & Humidity Sensor,2020/12/13 12:15 AM,53.2,72.0,44.4,51.6,,,30.07,,,,,,,,,,,,,
Garage,Temp & Humidity Sensor,2020/12/13 12:20 AM,53.2,72.0,44.4,51.6,,,30.07,,,,,,,,,,,,,
Garage,Temp & Humidity Sensor,2020/12/13 12:25 AM,53.2,72.0,44.4,51.6,,,30.07,,,,,,,,,,,,,
Garage,Temp & Humidity Sensor,2020/12/13 12:35 AM,53.2,72.0,44.4,51.6,,,30.06,,,,,,,,,,,,,
Garage,Temp & Humidity Sensor,2020/12/13 12:40 AM,53.2,72.0,44.4,51.6,,,30.07,,,,,,,,,,,,,
Garage,Temp & Humidity Sensor,2020/12/13 12:45 AM,53.2,72.0,44.4,51.6,,,30.07,,,,,,,,,,,,,
Garage,Temp & Humidity Sensor,2020/12/13 12:50 AM,53.2,72.0,44.4,51.6,,,30.06,,,,,,,,,,,,,
Garage,Temp & Humidity Sensor,2020/12/13 12:55 AM,53.2,72.0,44.4,51.6,,,30.06,,,,,,,,,,,,,
Garage,Temp & Humidity Sensor,2020/12/13 1:00 AM,53.2,72.0,44.4,51.6,,,30.06,,,,,,,,,,,,,
Garage,Temp & Humidity Sensor,2020/12/13 1:05 AM,53.2,72.0,44.4,51.6,,,30.06,,,,,,,,,,,,,
Garage,Temp & Humidity Sensor,2020/12/13 1:10 AM,53.2,72.0,44.4,51.6,,,30.06,,,,,,,,,,,,,
Garage,Temp & Humidity Sensor,2020/12/13 1:15 AM,53.2,72.0,44.4,51.6,,,30.06,,,,,,,,,,,,,
Garage,Temp & Humidity Sensor,2020/12/13 1:20 AM,53.2,72.0,44.4,51.6,,,30.06,,,,,,,,,,,,,
Garage,Temp & Humidity Sensor,2020/12/13 1:25 AM,53.2,72.0,44.4,51.6,,,30.06,,,,,,,,,,,,,
Garage,Temp & Humidity Sensor,2020/12/13 1:30 AM,53.2,72.0,44.4,51.6,,,30.06,,,,,,,,,,,,,
Garage,Temp & Humidity Sensor,2020/12/13 1:35 AM,53.2,72.0,44.4,51.6,,,30.06,,,,,,,,,,,,,
Garage,Temp & Humidity Sensor,2020/12/13 1:40 AM,53.2,72.0,44.4,51.6,,,30.06,,,,,,,,,,,,,
Garage,Temp & Humidity Sensor,2020/12/13 1:45 AM,53.2,72.0,44.4,51.6,,,30.06,,,,,,,,,,,,,
Garage,Temp & Humidity Sensor,2020/12/13 1:50 AM,53.2,72.0,44.4,51.6,,,30.06,,,,,,,,,,,,,
Garage,Temp & Humidity Sensor,2020/12/13 1:55 AM,53.2,72.0,44.4,51.6,,,30.06,,,,,,,,,,,,,
Garage,Temp & Humidity Sensor,2020/12/13 2:00 AM,53.0,72.0,44.2,51.4,,,30.06,,,,,,,,,,,,,
Garage,Temp & Humidity Sensor,2020/12/13 2:05 AM,53.0,72.0,44.2,51.4,,,30.06,,,,,,,,,,,,,
Garage,Temp & Humidity Sensor,2020/12/13 2:10 AM,53.0,72.0,44.2,51.4,,,30.06,,,,,,,,,,,,,
Garage,Temp & Humidity Sensor,2020/12/13 2:15 AM,53.0,72.0,44.2,51.4,,,30.06,,,,,,,,,,,,,
Garage,Temp & Humidity Sensor,2020/12/13 2:20 AM,53.0,72.0,44.2,51.4,,,30.07,,,,,,,,,,,,,
Garage,Temp & Humidity Sensor,2020/12/13 2:25 AM,53.0,72.0,44.2,51.4,,,30.06,,,,,,,,,,,,,
Garage,Temp & Humidity Sensor,2020/12/13 2:30 AM,53.0,72.0,44.2,51.4,,,30.06,,,,,,,,,,,,,
Garage,Temp & Humidity Sensor,2020/12/13 2:35 AM,53.0,72.0,44.2,51.4,,,30.07,,,,,,,,,,,,,
Garage,Temp & Humidity Sensor,2020/12/13 2:40 AM,53.0,72.0,44.2,51.4,,,30.07,,,,,,,,,,,,,
Garage,Temp & Humidity Sensor,2020/12/13 2:45 AM,53.0,72.0,44.2,51.4,,,30.07,,,,,,,,,,,,,
Garage,Temp & Humidity Sensor,2020/12/13 2:50 AM,53.0,72.0,44.2,51.4,,,30.07,,,,,,,,,,,,,
Garage,Temp & Humidity Sensor,2020/12/13 2:55 AM,53.0,72.0,44.2,51.4,,,30.08,,,,,,,,,,,,,
Garage,Temp & Humidity Sensor,2020/12/13 3:00 AM,53.0,72.0,44.2,51.4,,,30.08,,,,,,,,,,,,,
Garage,Temp & Humidity Sensor,2020/12/13 3:05 AM,53.0,72.0,44.2,51.4,,,30.07,,,,,,,,,,,,,
Garage,Temp & Humidity Sensor,2020/12/13 3:10 AM,53.0,72.0,44.2,51.4,,,30.07,,,,,,,,,,,,,
Garage,Temp & Humidity Sensor,2020/12/13 3:15 AM,53.0,72.0,44.2,51.4,,,30.08,,,,,,,,,,,,,
Garage,Temp & Humidity Sensor,2020/12/13 3:20 AM,53.0,72.0,44.2,51.4,,,30.08,,,,,,,,,,,,,
Garage,Temp & Humidity Sensor,2020/12/13 3:25 AM,53.0,72.0,44.2,51.4,,,30.08,,,,,,,,,,,,,
Garage,Temp & Humidity Sensor,2020/12/13 3:30 AM,53.0,72.0,44.2,51.4,,,30.08,,,,,,,,,,,,,
Garage,Temp & Humidity Sensor,2020/12/13 3:35 AM,53.0,72.0,44.2,51.4,,,30.08,,,,,,,,,,,,,
Garage,Temp & Humidity Sensor,2020/12/13 3:40 AM,53.0,72.0,44.2,51.4,,,30.08,,,,,,,,,,,,,
Garage,Temp & Humidity Sensor,2020/12/13 3:45 AM,53.0,72.0,44.2,51.4,,,30.07,,,,,,,,,,,,,
Garage,Temp & Humidity Sensor,2020/12/13 3:50 AM,53.0,72.0,44.2,51.4,,,30.07,,,,,,,,,,,,,
Garage,Temp & Humidity Sensor,2020/12/13 3:55 AM,53.0,72.0,44.2,51.4,,,30.07,,,,,,,,,,,,,
Garage,Temp & Humidity Sensor,2020/12/13 4:00 AM,53.0,72.0,44.2,51.4,,,30.07,,,,,,,,,,,,,
Garage,Temp & Humidity Sensor,2020/12/13 4:05 AM,53.0,72.0,44.2,51.4,,,30.07,,,,,,,,,,,,,
Garage,Temp & Humidity Sensor,2020/12/13 4:10 AM,53.0,72.0,44.2,51.4,,,30.07,,,,,,,,,,,,,
Garage,Temp & Humidity Sensor,2020/12/13 4:15 AM,53.0,72.0,44.2,51.4,,,30.07,,,,,,,,,,,,,
Garage,Temp & Humidity Sensor,2020/12/13 4:20 AM,53.0,72.0,44.2,51.4,,,30.07,,,,,,,,,,,,,
Garage,Temp & Humidity Sensor,2020/12/13 4:25 AM,53.0,72.0,44.2,51.4,,,30.07,,,,,,,,,,,,,
Garage,Temp & Humidity Sensor,2020/12/13 4:30 AM,53.0,72.0,44.2,51.4,,,30.06,,,,,,,,,,,,,
Garage,Temp & Humidity Sensor,2020/12/13 4:35 AM,53.0,72.0,44.2,51.4,,,30.07,,,,,,,,,,,,,
Garage,Temp & Humidity Sensor,2020/12/13 4:40 AM,52.8,72.0,44.0,51.2,,,30.07,,,,,,,,,,,,,
Garage,Temp & Humidity Sensor,2020/12/13 4:45 AM,53.0,72.0,44.2,51.4,,,30.07,,,,,,,,,,,,,
Garage,Temp & Humidity Sensor,2020/12/13 4:50 AM,52.8,72.0,44.0,51.2,,,30.07,,,,,,,,,,,,,
Garage,Temp & Humidity Sensor,2020/12/13 4:55 AM,53.0,72.0,44.2,51.4,,,30.08,,,,,,,,,,,,,
Garage,Temp & Humidity Sensor,2020/12/13 5:00 AM,53.0,72.0,44.2,51.4,,,30.07,,,,,,,,,,,,,
Garage,Temp & Humidity Sensor,2020/12/13 5:05 AM,52.8,72.0,44.0,51.2,,,30.07,,,,,,,,,,,,,
Garage,Temp & Humidity Sensor,2020/12/13 5:10 AM,53.0,72.0,44.2,51.4,,,30.08,,,,,,,,,,,,,
Garage,Temp & Humidity Sensor,2020/12/13 5:15 AM,52.8,72.0,44.0,51.2,,,30.08,,,,,,,,,,,,,
Garage,Temp & Humidity Sensor,2020/12/13 5:20 AM,52.8,72.0,44.0,51.2,,,30.08,,,,,,,,,,,,,
Garage,Temp & Humidity Sensor,2020/12/13 5:25 AM,52.8,72.0,44.0,51.2,,,30.08,,,,,,,,,,,,,
Garage,Temp & Humidity Sensor,2020/12/13 5:30 AM,52.8,72.0,44.0,51.2,,,30.08,,,,,,,,,,,,,
Garage,Temp & Humidity Sensor,2020/12/13 5:35 AM,52.8,72.0,44.0,51.2,,,30.08,,,,,,,,,,,,,
Garage,Temp & Humidity Sensor,2020/12/13 5:40 AM,52.8,72.0,44.0,51.2,,,30.08,,,,,,,,,,,,,
Garage,Temp & Humidity Sensor,2020/12/13 5:45 AM,52.8,72.0,44.0,51.2,,,30.08,,,,,,,,,,,,,
Garage,Temp & Humidity Sensor,2020/12/13 5:50 AM,52.8,72.0,44.0,51.2,,,30.08,,,,,,,,,,,,,
Garage,Temp & Humidity Sensor,2020/12/13 5:55 AM,52.8,72.0,44.0,51.2,,,30.07,,,,,,,,,,,,,
Garage,Temp & Humidity Sensor,2020/12/13 6:00 AM,52.8,72.0,44.0,51.2,,,30.07,,,,,,,,,,,,,
Garage,Temp & Humidity Sensor,2020/12/13 6:05 AM,53.0,72.0,44.2,51.4,,,30.07,,,,,,,,,,,,,
Garage,Temp & Humidity Sensor,2020/12/13 6:10 AM,53.0,72.0,44.2,51.4,,,30.08,,,,,,,,,,,,,
Garage,Temp & Humidity Sensor,2020/12/13 6:15 AM,53.0,72.0,44.2,51.4,,,30.08,,,,,,,,,,,,,
Garage,Temp & Humidity Sensor,2020/12/13 6:20 AM,53.0,72.0,44.2,51.4,,,30.08,,,,,,,,,,,,,
Garage,Temp & Humidity Sensor,2020/12/13 6:25 AM,53.0,72.0,44.2,51.4,,,30.08,,,,,,,,,,,,,
Garage,Temp & Humidity Sensor,2020/12/13 6:30 AM,53.0,72.0,44.2,51.4,,,30.09,,,,,,,,,,,,,
Garage,Temp & Humidity Sensor,2020/12/13 6:35 AM,53.0,72.0,44.2,51.4,,,30.09,,,,,,,,,,,,,
Garage,Temp & Humidity Sensor,2020/12/13 6:40 AM,53.0,72.0,44.2,51.4,,,30.09,,,,,,,,,,,,,
Garage,Temp & Humidity Sensor,2020/12/13 6:45 AM,53.0,72.0,44.2,51.4,,,30.09,,,,,,,,,,,,,
Garage,Temp & Humidity Sensor,2020/12/13 6:50 AM,53.0,72.0,44.2,51.4,,,30.09,,,,,,,,,,,,,
Garage,Temp & Humidity Sensor,2020/12/13 6:55 AM,53.0,72.0,44.2,51.4,,,30.09,,,,,,,,,,,,,
Garage,Temp & Humidity Sensor,2020/12/13 7:00 AM,53.0,72.0,44.2,51.4,,,30.1,,,,,,,,,,,,,
Garage,Temp & Humidity Sensor,2020/12/13 7:05 AM,53.0,72.0,44.2,51.4,,,30.1,,,,,,,,,,,,,
Garage,Temp & Humidity Sensor,2020/12/13 7:10 AM,53.0,72.0,44.2,51.4,,,30.09,,,,,,,,,,,,,
Garage,Temp & Humidity Sensor,2020/12/13 7:15 AM,53.0,72.0,44.2,51.4,,,30.1,,,,,,,,,,,,,
Garage,Temp & Humidity Sensor,2020/12/13 7:20 AM,53.0,72.0,44.2,51.4,,,30.1,,,,,,,,,,,,,
Garage,Temp & Humidity Sensor,2020/12/13 7:25 AM,53.0,72.0,44.2,51.4,,,30.1,,,,,,,,,,,,,
Garage,Temp & Humidity Sensor,2020/12/13 7:30 AM,53.0,72.0,44.2,51.4,,,30.1,,,,,,,,,,,,,
Garage,Temp & Humidity Sensor,2020/12/13 7:35 AM,53.0,72.0,44.2,51.4,,,30.1,,,,,,,,,,,,,
Garage,Temp & Humidity Sensor,2020/12/13 7:40 AM,53.0,72.0,44.2,51.4,,,30.1,,,,,,,,,,,,,
Garage,Temp & Humidity Sensor,2020/12/13 7:45 AM,53.0,72.0,44.2,51.4,,,30.1,,,,,,,,,,,,,
Garage,Temp & Humidity Sensor,2020/12/13 7:50 AM,53.0,72.0,44.2,51.4,,,30.1,,,,,,,,,,,,,
Garage,Temp & Humidity Sensor,2020/12/13 7:55 AM,53.0,72.0,44.2,51.4,,,30.1,,,,,,,,,,,,,
Garage,Temp & Humidity Sensor,2020/12/13 8:00 AM,53.0,72.0,44.2,51.4,,,30.1,,,,,,,,,,,,,
Garage,Temp & Humidity Sensor,2020/12/13 8:05 AM,53.0,72.0,44.2,51.4,,,30.1,,,,,,,,,,,,,
Garage,Temp & Humidity Sensor,2020/12/13 8:10 AM,53.0,73.0,44.6,51.4,,,30.11,,,,,,,,,,,,,
Garage,Temp & Humidity Sensor,2020/12/13 8:15 AM,53.0,73.0,44.6,51.4,,,30.11,,,,,,,,,,,,,
Garage,Temp & Humidity Sensor,2020/12/13 8:20 AM,53.0,73.0,44.6,51.4,,,30.12,,,,,,,,,,,,,
Garage,Temp & Humidity Sensor,2020/12/13 8:25 AM,53.0,73.0,44.6,51.4,,,30.11,,,,,,,,,,,,,
Garage,Temp & Humidity Sensor,2020/12/13 8:30 AM,53.2,73.0,44.8,51.7,,,30.11,,,,,,,,,,,,,
Garage,Temp & Humidity Sensor,2020/12/13 8:35 AM,53.2,73.0,44.8,51.7,,,30.11,,,,,,,,,,,,,
Garage,Temp & Humidity Sensor,2020/12/13 8:40 AM,53.2,73.0,44.8,51.7,,,30.11,,,,,,,,,,,,,
Garage,Temp & Humidity Sensor,2020/12/13 8:45 AM,53.2,73.0,44.8,51.7,,,30.11,,,,,,,,,,,,,
Garage,Temp & Humidity Sensor,2020/12/13 8:50 AM,53.2,73.0,44.8,51.7,,,30.11,,,,,,,,,,,,,
Garage,Temp & Humidity Sensor,2020/12/13 8:55 AM,53.2,73.0,44.8,51.7,,,30.11,,,,,,,,,,,,,
Garage,Temp & Humidity Sensor,2020/12/13 9:00 AM,53.4,73.0,45.0,51.9,,,30.11,,,,,,,,,,,,,
Garage,Temp & Humidity Sensor,2020/12/13 9:05 AM,53.4,73.0,45.0,51.9,,,30.11,,,,,,,,,,,,,
Garage,Temp & Humidity Sensor,2020/12/13 9:10 AM,53.4,73.0,45.0,51.9,,,30.11,,,,,,,,,,,,,
Garage,Temp & Humidity Sensor,2020/12/13 9:15 AM,53.6,72.0,44.8,52.0,,,30.12,,,,,,,,,,,,,
Garage,Temp & Humidity Sensor,2020/12/13 9:20 AM,53.6,72.0,44.8,52.0,,,30.12,,,,,,,,,,,,,
Garage,Temp & Humidity Sensor,2020/12/13 9:25 AM,53.6,72.0,44.8,52.0,,,30.12,,,,,,,,,,,,,
Garage,Temp & Humidity Sensor,2020/12/13 9:30 AM,53.7,72.0,44.9,52.2,,,30.12,,,,,,,,,,,,,
Garage,Temp & Humidity Sensor,2020/12/13 9:35 AM,53.7,72.0,44.9,52.2,,,30.12,,,,,,,,,,,,,
Garage,Temp & Humidity Sensor,2020/12/13 9:40 AM,53.9,72.0,45.1,52.4,,,30.11,,,,,,,,,,,,,
Garage,Temp & Humidity Sensor,2020/12/13 9:45 AM,53.9,72.0,45.1,52.4,,,30.11,,,,,,,,,,,,,
Garage,Temp & Humidity Sensor,2020/12/13 9:50 AM,54.1,73.0,45.6,52.6,,,30.11,,,,,,,,,,,,,
Garage,Temp & Humidity Sensor,2020/12/13 9:55 AM,54.1,73.0,45.6,52.6,,,30.11,,,,,,,,,,,,,
Garage,Temp & Humidity Sensor,2020/12/13 10:00 AM,54.3,73.0,45.8,52.9,,,30.11,,,,,,,,,,,,,
Garage,Temp & Humidity Sensor,2020/12/13 10:05 AM,54.5,73.0,46.0,53.1,,,30.11,,,,,,,,,,,,,
Garage,Temp & Humidity Sensor,2020/12/13 10:10 AM,54.5,73.0,46.0,53.1,,,30.11,,,,,,,,,,,,,
Garage,Temp & Humidity Sensor,2020/12/13 10:15 AM,54.6,73.0,46.1,53.2,,,30.11,,,,,,,,,,,,,
Garage,Temp & Humidity Sensor,2020/12/13 10:20 AM,54.8,73.0,46.3,53.4,,,30.1,,,,,,,,,,,,,
Garage,Temp & Humidity Sensor,2020/12/13 10:25 AM,54.8,73.0,46.3,53.4,,,30.1,,,,,,,,,,,,,
Garage,Temp & Humidity Sensor,2020/12/13 10:30 AM,55.0,73.0,46.5,53.6,,,30.11,,,,,,,,,,,,,
Garage,Temp & Humidity Sensor,2020/12/13 10:35 AM,55.2,73.0,46.7,53.9,,,30.11,,,,,,,,,,,,,
Garage,Temp & Humidity Sensor,2020/12/13 10:40 AM,55.2,73.0,46.7,53.9,,,30.11,,,,,,,,,,,,,
Garage,Temp & Humidity Sensor,2020/12/13 10:45 AM,55.4,73.0,46.9,54.1,,,30.11,,,,,,,,,,,,,
Garage,Temp & Humidity Sensor,2020/12/13 10:50 AM,55.5,73.0,47.0,54.2,,,30.11,,,,,,,,,,,,,
Garage,Temp & Humidity Sensor,2020/12/13 10:55 AM,55.5,73.0,47.0,54.2,,,30.1,,,,,,,,,,,,,
Garage,Temp & Humidity Sensor,2020/12/13 11:00 AM,55.7,73.0,47.2,54.4,,,30.1,,,,,,,,,,,,,
Garage,Temp & Humidity Sensor,2020/12/13 11:05 AM,55.7,73.0,47.2,54.4,,,30.1,,,,,,,,,,,,,
Garage,Temp & Humidity Sensor,2020/12/13 11:10 AM,55.9,73.0,47.4,54.6,,,30.1,,,,,,,,,,,,,
Garage,Temp & Humidity Sensor,2020/12/13 11:15 AM,56.1,73.0,47.6,54.8,,,30.1,,,,,,,,,,,,,
Garage,Temp & Humidity Sensor,2020/12/13 11:20 AM,56.3,73.0,47.8,55.1,,,30.1,,,,,,,,,,,,,
Garage,Temp & Humidity Sensor,2020/12/13 11:25 AM,56.4,73.0,47.9,55.2,,,30.09,,,,,,,,,,,,,
Garage,Temp & Humidity Sensor,2020/12/13 11:30 AM,56.4,74.0,48.2,55.2,,,30.09,,,,,,,,,,,,,
Garage,Temp & Humidity Sensor,2020/12/13 11:35 AM,56.6,74.0,48.4,55.4,,,30.09,,,,,,,,,,,,,
Garage,Temp & Humidity Sensor,2020/12/13 11:40 AM,56.8,74.0,48.6,55.7,,,30.09,,,,,,,,,,,,,
Garage,Temp & Humidity Sensor,2020/12/13 11:45 AM,57.0,74.0,48.8,55.9,,,30.09,,,,,,,,,,,,,
Garage,Temp & Humidity Sensor,2020/12/13 11:50 AM,57.2,73.0,48.6,56.1,,,30.08,,,,,,,,,,,,,
Garage,Temp & Humidity Sensor,2020/12/13 11:55 AM,57.3,73.0,48.7,56.2,,,30.08,,,,,,,,,,,,,
Garage,Temp & Humidity Sensor,2020/12/13 12:00 PM,57.3,73.0,48.7,56.2,,,30.08,,,,,,,,,,,,,
Garage,Temp & Humidity Sensor,2020/12/13 12:05 PM,57.5,73.0,48.9,56.4,,,30.08,,,,,,,,,,,,,
Garage,Temp & Humidity Sensor,2020/12/13 12:10 PM,57.7,73.0,49.1,56.6,,,30.08,,,,,,,,,,,,,
Garage,Temp & Humidity Sensor,2020/12/13 12:15 PM,57.7,73.0,49.1,56.6,,,30.07,,,,,,,,,,,,,
Garage,Temp & Humidity Sensor,2020/12/13 12:20 PM,57.9,74.0,49.7,56.9,,,30.07,,,,,,,,,,,,,
Garage,Temp & Humidity Sensor,2020/12/13 12:25 PM,57.9,74.0,49.7,56.9,,,30.07,,,,,,,,,,,,,
Garage,Temp & Humidity Sensor,2020/12/13 12:30 PM,58.1,74.0,49.9,57.1,,,30.07,,,,,,,,,,,,,
Garage,Temp & Humidity Sensor,2020/12/13 12:35 PM,58.1,74.0,49.9,57.1,,,30.07,,,,,,,,,,,,,
Garage,Temp & Humidity Sensor,2020/12/13 12:40 PM,58.2,74.0,50.0,57.2,,,30.07,,,,,,,,,,,,,
Garage,Temp & Humidity Sensor,2020/12/13 12:45 PM,58.2,74.0,50.0,57.2,,,30.06,,,,,,,,,,,,,
Garage,Temp & Humidity Sensor,2020/12/13 12:50 PM,58.4,74.0,50.1,57.4,,,30.06,,,,,,,,,,,,,
Garage,Temp & Humidity Sensor,2020/12/13 12:55 PM,58.6,74.0,50.3,57.6,,,30.06,,,,,,,,,,,,,
Garage,Temp & Humidity Sensor,2020/12/13 1:00 PM,58.6,74.0,50.3,57.6,,,30.06,,,,,,,,,,,,,
Garage,Temp & Humidity Sensor,2020/12/13 1:05 PM,58.8,74.0,50.5,57.9,,,30.06,,,,,,,,,,,,,
Garage,Temp & Humidity Sensor,2020/12/13 1:10 PM,59.0,73.0,50.4,58.0,,,30.05,,,,,,,,,,,,,
Garage,Temp & Humidity Sensor,2020/12/13 1:15 PM,59.0,73.0,50.4,58.0,,,30.05,,,,,,,,,,,,,
Garage,Temp & Humidity Sensor,2020/12/13 1:20 PM,59.1,74.0,50.8,58.2,,,30.05,,,,,,,,,,,,,
Garage,Temp & Humidity Sensor,2020/12/13 1:25 PM,59.3,74.0,51.0,58.4,,,30.05,,,,,,,,,,,,,
Garage,Temp & Humidity Sensor,2020/12/13 1:30 PM,59.5,74.0,51.2,58.6,,,30.05,,,,,,,,,,,,,
Garage,Temp & Humidity Sensor,2020/12/13 1:35 PM,59.7,74.0,51.4,58.8,,,30.05,,,,,,,,,,,,,
Garage,Temp & Humidity Sensor,2020/12/13 1:40 PM,59.9,74.0,51.6,59.1,,,30.04,,,,,,,,,,,,,
Garage,Temp & Humidity Sensor,2020/12/13 1:45 PM,60.0,74.0,51.7,59.2,,,30.04,,,,,,,,,,,,,
Garage,Temp & Humidity Sensor,2020/12/13 1:50 PM,60.0,74.0,51.7,59.2,,,30.04,,,,,,,,,,,,,
Garage,Temp & Humidity Sensor,2020/12/13 1:55 PM,60.2,74.0,51.9,59.4,,,30.04,,,,,,,,,,,,,
Garage,Temp & Humidity Sensor,2020/12/13 2:00 PM,60.2,74.0,51.9,59.4,,,30.04,,,,,,,,,,,,,
Garage,Temp & Humidity Sensor,2020/12/13 2:05 PM,60.4,74.0,52.1,59.6,,,30.04,,,,,,,,,,,,,
Garage,Temp & Humidity Sensor,2020/12/13 2:10 PM,60.4,74.0,52.1,59.6,,,30.04,,,,,,,,,,,,,
Garage,Temp & Humidity Sensor,2020/12/13 2:15 PM,60.4,74.0,52.1,59.6,,,30.04,,,,,,,,,,,,,
Garage,Temp & Humidity Sensor,2020/12/13 2:20 PM,60.8,73.0,52.1,60.0,,,30.03,,,,,,,,,,,,,
Garage,Temp & Humidity Sensor,2020/12/13 2:25 PM,60.8,73.0,52.1,60.0,,,30.04,,,,,,,,,,,,,
Garage,Temp & Humidity Sensor,2020/12/13 2:30 PM,60.8,73.0,52.1,60.0,,,30.04,,,,,,,,,,,,,
Garage,Temp & Humidity Sensor,2020/12/13 2:35 PM,60.8,73.0,52.1,60.0,,,30.03,,,,,,,,,,,,,
Garage,Temp & Humidity Sensor,2020/12/13 2:40 PM,60.9,73.0,52.2,60.1,,,30.04,,,,,,,,,,,,,
Garage,Temp & Humidity Sensor,2020/12/13 2:45 PM,60.9,73.0,52.2,60.1,,,30.04,,,,,,,,,,,,,
Garage,Temp & Humidity Sensor,2020/12/13 2:50 PM,60.9,73.0,52.2,60.1,,,30.03,,,,,,,,,,,,,
Garage,Temp & Humidity Sensor,2020/12/13 2:55 PM,60.9,73.0,52.2,60.1,,,30.03,,,,,,,,,,,,,
Garage,Temp & Humidity Sensor,2020/12/13 3:00 PM,61.1,73.0,52.4,60.3,,,30.03,,,,,,,,,,,,,
Garage,Temp & Humidity Sensor,2020/12/13 3:05 PM,61.1,73.0,52.4,60.3,,,30.03,,,,,,,,,,,,,
Garage,Temp & Humidity Sensor,2020/12/13 3:10 PM,61.1,73.0,52.4,60.3,,,30.04,,,,,,,,,,,,,
Garage,Temp & Humidity Sensor,2020/12/13 3:15 PM,61.1,73.0,52.4,60.3,,,30.03,,,,,,,,,,,,,
Garage,Temp & Humidity Sensor,2020/12/13 3:20 PM,61.3,73.0,52.6,60.6,,,30.03,,,,,,,,,,,,,
Garage,Temp & Humidity Sensor,2020/12/13 3:25 PM,61.3,73.0,52.6,60.6,,,30.03,,,,,,,,,,,,,
Garage,Temp & Humidity Sensor,2020/12/13 3:30 PM,61.3,73.0,52.6,60.6,,,30.03,,,,,,,,,,,,,
Garage,Temp & Humidity Sensor,2020/12/13 3:35 PM,61.3,73.0,52.6,60.6,,,30.03,,,,,,,,,,,,,
Garage,Temp & Humidity Sensor,2020/12/13 3:40 PM,61.5,73.0,52.8,60.8,,,30.03,,,,,,,,,,,,,
Garage,Temp & Humidity Sensor,2020/12/13 3:45 PM,61.8,74.0,53.4,61.2,,,30.03,,,,,,,,,,,,,
Garage,Temp & Humidity Sensor,2020/12/13 3:50 PM,62.2,74.0,53.8,61.6,,,30.03,,,,,,,,,,,,,
Garage,Temp & Humidity Sensor,2020/12/13 3:55 PM,62.4,74.0,54.0,61.8,,,30.03,,,,,,,,,,,,,
Garage,Temp & Humidity Sensor,2020/12/13 4:00 PM,62.6,73.0,53.8,62.0,,,30.03,,,,,,,,,,,,,
Garage,Temp & Humidity Sensor,2020/12/13 4:05 PM,62.7,73.0,53.9,62.1,,,30.03,,,,,,,,,,,,,
Garage,Temp & Humidity Sensor,2020/12/13 4:10 PM,62.6,73.0,53.8,62.0,,,30.03,,,,,,,,,,,,,
Garage,Temp & Humidity Sensor,2020/12/13 4:15 PM,62.6,73.0,53.8,62.0,,,30.03,,,,,,,,,,,,,
Garage,Temp & Humidity Sensor,2020/12/13 4:20 PM,62.6,73.0,53.8,62.0,,,30.03,,,,,,,,,,,,,
Garage,Temp & Humidity Sensor,2020/12/13 4:25 PM,62.4,73.0,53.6,61.8,,,30.03,,,,,,,,,,,,,
Garage,Temp & Humidity Sensor,2020/12/13 4:30 PM,62.4,73.0,53.6,61.8,,,30.03,,,,,,,,,,,,,
Garage,Temp & Humidity Sensor,2020/12/13 4:35 PM,62.4,73.0,53.6,61.8,,,30.04,,,,,,,,,,,,,
Garage,Temp & Humidity Sensor,2020/12/13 4:40 PM,62.2,73.0,53.4,61.6,,,30.03,,,,,,,,,,,,,
Garage,Temp & Humidity Sensor,2020/12/13 4:45 PM,62.2,73.0,53.4,61.6,,,30.03,,,,,,,,,,,,,
Garage,Temp & Humidity Sensor,2020/12/13 4:50 PM,62.0,73.0,53.2,61.3,,,30.03,,,,,,,,,,,,,
Garage,Temp & Humidity Sensor,2020/12/13 4:55 PM,62.0,73.0,53.2,61.3,,,30.03,,,,,,,,,,,,,
Garage,Temp & Humidity Sensor,2020/12/13 5:00 PM,61.8,73.0,53.0,61.1,,,30.03,,,,,,,,,,,,,
Garage,Temp & Humidity Sensor,2020/12/13 5:05 PM,61.8,73.0,53.0,61.1,,,30.03,,,,,,,,,,,,,
Garage,Temp & Humidity Sensor,2020/12/13 5:10 PM,61.7,73.0,53.0,61.0,,,30.03,,,,,,,,,,,,,
Garage,Temp & Humidity Sensor,2020/12/13 5:15 PM,61.7,73.0,53.0,61.0,,,30.04,,,,,,,,,,,,,
Garage,Temp & Humidity Sensor,2020/12/13 5:20 PM,61.5,73.0,52.8,60.8,,,30.04,,,,,,,,,,,,,
Garage,Temp & Humidity Sensor,2020/12/13 5:25 PM,61.3,73.0,52.6,60.6,,,30.03,,,,,,,,,,,,,
Garage,Temp & Humidity Sensor,2020/12/13 5:30 PM,61.3,73.0,52.6,60.6,,,30.03,,,,,,,,,,,,,
Garage,Temp & Humidity Sensor,2020/12/13 5:35 PM,61.1,73.0,52.4,60.3,,,30.03,,,,,,,,,,,,,
Garage,Temp & Humidity Sensor,2020/12/13 5:40 PM,60.9,73.0,52.2,60.1,,,30.03,,,,,,,,,,,,,
Garage,Temp & Humidity Sensor,2020/12/13 5:45 PM,60.9,73.0,52.2,60.1,,,30.03,,,,,,,,,,,,,
Garage,Temp & Humidity Sensor,2020/12/13 5:50 PM,60.8,73.0,52.1,60.0,,,30.03,,,,,,,,,,,,,
Garage,Temp & Humidity Sensor,2020/12/13 5:55 PM,60.4,73.0,51.7,59.6,,,30.04,,,,,,,,,,,,,
Garage,Temp & Humidity Sensor,2020/12/13 6:00 PM,60.4,73.0,51.7,59.6,,,30.04,,,,,,,,,,,,,
Garage,Temp & Humidity Sensor,2020/12/13 6:05 PM,60.2,73.0,51.5,59.4,,,30.04,,,,,,,,,,,,,
Garage,Temp & Humidity Sensor,2020/12/13 6:10 PM,60.0,73.0,51.3,59.1,,,30.04,,,,,,,,,,,,,
Garage,Temp & Humidity Sensor,2020/12/13 6:15 PM,60.0,73.0,51.3,59.1,,,30.04,,,,,,,,,,,,,
Garage,Temp & Humidity Sensor,2020/12/13 6:20 PM,59.9,73.0,51.2,59.0,,,30.04,,,,,,,,,,,,,
Garage,Temp & Humidity Sensor,2020/12/13 6:25 PM,59.7,73.0,51.0,58.8,,,30.04,,,,,,,,,,,,,
Garage,Temp & Humidity Sensor,2020/12/13 6:30 PM,59.5,73.0,50.8,58.6,,,30.05,,,,,,,,,,,,,
Garage,Temp & Humidity Sensor,2020/12/13 6:35 PM,59.3,73.0,50.6,58.4,,,30.04,,,,,,,,,,,,,
Garage,Temp & Humidity Sensor,2020/12/13 6:40 PM,59.3,73.0,50.6,58.4,,,30.04,,,,,,,,,,,,,
Garage,Temp & Humidity Sensor,2020/12/13 6:45 PM,59.1,73.0,50.5,58.1,,,30.04,,,,,,,,,,,,,
Garage,Temp & Humidity Sensor,2020/12/13 6:50 PM,59.0,73.0,50.4,58.0,,,30.04,,,,,,,,,,,,,
Garage,Temp & Humidity Sensor,2020/12/13 6:55 PM,59.0,73.0,50.4,58.0,,,30.04,,,,,,,,,,,,,
Garage,Temp & Humidity Sensor,2020/12/13 7:00 PM,58.8,74.0,50.5,57.9,,,30.04,,,,,,,,,,,,,
Garage,Temp & Humidity Sensor,2020/12/13 7:05 PM,58.6,74.0,50.3,57.6,,,30.03,,,,,,,,,,,,,
Garage,Temp & Humidity Sensor,2020/12/13 7:10 PM,58.6,74.0,50.3,57.6,,,30.04,,,,,,,,,,,,,
Garage,Temp & Humidity Sensor,2020/12/13 7:15 PM,58.4,74.0,50.1,57.4,,,30.04,,,,,,,,,,,,,
Garage,Temp & Humidity Sensor,2020/12/13 7:20 PM,58.2,74.0,50.0,57.2,,,30.03,,,,,,,,,,,,,
Garage,Temp & Humidity Sensor,2020/12/13 7:25 PM,58.2,73.0,49.6,57.2,,,30.03,,,,,,,,,,,,,
Garage,Temp & Humidity Sensor,2020/12/13 7:30 PM,58.1,73.0,49.5,57.0,,,30.03,,,,,,,,,,,,,
Garage,Temp & Humidity Sensor,2020/12/13 7:35 PM,57.9,73.0,49.3,56.8,,,30.03,,,,,,,,,,,,,
Garage,Temp & Humidity Sensor,2020/12/13 7:40 PM,57.7,73.0,49.1,56.6,,,30.02,,,,,,,,,,,,,
Garage,Temp & Humidity Sensor,2020/12/13 7:45 PM,57.7,73.0,49.1,56.6,,,30.03,,,,,,,,,,,,,
Garage,Temp & Humidity Sensor,2020/12/13 7:50 PM,57.5,73.0,48.9,56.4,,,30.03,,,,,,,,,,,,,
Garage,Temp & Humidity Sensor,2020/12/13 7:55 PM,57.3,73.0,48.7,56.2,,,30.02,,,,,,,,,,,,,
Garage,Temp & Humidity Sensor,2020/12/13 8:00 PM,57.3,73.0,48.7,56.2,,,30.03,,,,,,,,,,,,,
Garage,Temp & Humidity Sensor,2020/12/13 8:05 PM,57.2,73.0,48.6,56.1,,,30.03,,,,,,,,,,,,,
Garage,Temp & Humidity Sensor,2020/12/13 8:10 PM,57.0,74.0,48.8,55.9,,,30.03,,,,,,,,,,,,,
Garage,Temp & Humidity Sensor,2020/12/13 8:15 PM,57.0,74.0,48.8,55.9,,,30.03,,,,,,,,,,,,,
Garage,Temp & Humidity Sensor,2020/12/13 8:20 PM,56.8,74.0,48.6,55.7,,,30.03,,,,,,,,,,,,,
Garage,Temp & Humidity Sensor,2020/12/13 8:25 PM,56.6,74.0,48.4,55.4,,,30.02,,,,,,,,,,,,,
Garage,Temp & Humidity Sensor,2020/12/13 8:30 PM,56.6,74.0,48.4,55.4,,,30.03,,,,,,,,,,,,,
Garage,Temp & Humidity Sensor,2020/12/13 8:35 PM,56.4,74.0,48.2,55.2,,,30.02,,,,,,,,,,,,,
Garage,Temp & Humidity Sensor,2020/12/13 8:40 PM,56.3,74.0,48.1,55.1,,,30.03,,,,,,,,,,,,,
Garage,Temp & Humidity Sensor,2020/12/13 8:45 PM,56.3,74.0,48.1,55.1,,,30.02,,,,,,,,,,,,,
Garage,Temp & Humidity Sensor,2020/12/13 8:50 PM,56.1,74.0,47.9,54.9,,,30.03,,,,,,,,,,,,,
Garage,Temp & Humidity Sensor,2020/12/13 8:55 PM,55.9,74.0,47.7,54.7,,,30.03,,,,,,,,,,,,,
Garage,Temp & Humidity Sensor,2020/12/13 9:00 PM,55.9,74.0,47.7,54.7,,,30.03,,,,,,,,,,,,,
Garage,Temp & Humidity Sensor,2020/12/13 9:05 PM,55.7,74.0,47.5,54.4,,,30.03,,,,,,,,,,,,,
Garage,Temp & Humidity Sensor,2020/12/13 9:10 PM,55.5,74.0,47.3,54.2,,,30.02,,,,,,,,,,,,,
Garage,Temp & Humidity Sensor,2020/12/13 9:15 PM,55.5,74.0,47.3,54.2,,,30.02,,,,,,,,,,,,,
Garage,Temp & Humidity Sensor,2020/12/13 9:20 PM,55.4,74.0,47.3,54.1,,,30.02,,,,,,,,,,,,,
Garage,Temp & Humidity Sensor,2020/12/13 9:25 PM,55.4,74.0,47.3,54.1,,,30.02,,,,,,,,,,,,,
Garage,Temp & Humidity Sensor,2020/12/13 9:30 PM,55.2,74.0,47.1,53.9,,,30.02,,,,,,,,,,,,,
Garage,Temp & Humidity Sensor,2020/12/13 9:35 PM,55.0,74.0,46.9,53.7,,,30.02,,,,,,,,,,,,,
Garage,Temp & Humidity Sensor,2020/12/13 9:40 PM,55.0,74.0,46.9,53.7,,,30.01,,,,,,,,,,,,,
Garage,Temp & Humidity Sensor,2020/12/13 9:45 PM,54.8,74.0,46.7,53.5,,,30.01,,,,,,,,,,,,,
Garage,Temp & Humidity Sensor,2020/12/13 9:50 PM,54.8,74.0,46.7,53.5,,,30.01,,,,,,,,,,,,,
Garage,Temp & Humidity Sensor,2020/12/13 9:55 PM,54.6,74.0,46.5,53.2,,,30.0,,,,,,,,,,,,,
Garage,Temp & Humidity Sensor,2020/12/13 10:00 PM,54.6,74.0,46.5,53.2,,,30.01,,,,,,,,,,,,,
Garage,Temp & Humidity Sensor,2020/12/13 10:05 PM,54.5,74.0,46.4,53.1,,,30.0,,,,,,,,,,,,,
Garage,Temp & Humidity Sensor,2020/12/13 10:10 PM,54.5,74.0,46.4,53.1,,,30.0,,,,,,,,,,,,,
Garage,Temp & Humidity Sensor,2020/12/13 10:15 PM,54.3,74.0,46.2,52.9,,,30.0,,,,,,,,,,,,,
Garage,Temp & Humidity Sensor,2020/12/13 10:20 PM,54.3,74.0,46.2,52.9,,,30.0,,,,,,,,,,,,,
Garage,Temp & Humidity Sensor,2020/12/13 10:25 PM,54.1,74.0,46.0,52.7,,,30.01,,,,,,,,,,,,,
Garage,Temp & Humidity Sensor,2020/12/13 10:30 PM,54.1,74.0,46.0,52.7,,,30.0,,,,,,,,,,,,,
Garage,Temp & Humidity Sensor,2020/12/13 10:35 PM,53.9,74.0,45.8,52.5,,,30.01,,,,,,,,,,,,,
Garage,Temp & Humidity Sensor,2020/12/13 10:40 PM,53.9,74.0,45.8,52.5,,,30.0,,,,,,,,,,,,,
Garage,Temp & Humidity Sensor,2020/12/13 10:45 PM,53.7,74.0,45.6,52.2,,,30.0,,,,,,,,,,,,,
Garage,Temp & Humidity Sensor,2020/12/13 10:50 PM,53.7,74.0,45.6,52.2,,,30.0,,,,,,,,,,,,,
Garage,Temp & Humidity Sensor,2020/12/13 10:55 PM,53.6,74.0,45.5,52.1,,,30.01,,,,,,,,,,,,,
Garage,Temp & Humidity Sensor,2020/12/13 11:00 PM,53.6,74.0,45.5,52.1,,,30.01,,,,,,,,,,,,,
Garage,Temp & Humidity Sensor,2020/12/13 11:05 PM,53.6,74.0,45.5,52.1,,,30.01,,,,,,,,,,,,,
Garage,Temp & Humidity Sensor,2020/12/13 11:10 PM,53.4,75.0,45.7,52.0,,,30.0,,,,,,,,,,,,,
Garage,Temp & Humidity Sensor,2020/12/13 11:15 PM,53.4,75.0,45.7,52.0,,,30.0,,,,,,,,,,,,,
Garage,Temp & Humidity Sensor,2020/12/13 11:20 PM,53.2,75.0,45.5,51.7,,,30.0,,,,,,,,,,,,,
Garage,Temp & Humidity Sensor,2020/12/13 11:25 PM,53.2,75.0,45.5,51.7,,,30.0,,,,,,,,,,,,,
Garage,Temp & Humidity Sensor,2020/12/13 11:30 PM,53.2,75.0,45.5,51.7,,,30.01,,,,,,,,,,,,,
Garage,Temp & Humidity Sensor,2020/12/13 11:35 PM,53.0,75.0,45.3,51.5,,,30.0,,,,,,,,,,,,,
Garage,Temp & Humidity Sensor,2020/12/13 11:40 PM,53.0,75.0,45.3,51.5,,,30.0,,,,,,,,,,,,,
Garage,Temp & Humidity Sensor,2020/12/13 11:45 PM,52.8,75.0,45.1,51.3,,,29.99,,,,,,,,,,,,,
Garage,Temp & Humidity Sensor,2020/12/13 11:50 PM,52.8,75.0,45.1,51.3,,,29.99,,,,,,,,,,,,,
Garage,Temp & Humidity Sensor,2020/12/13 11:55 PM,52.8,75.0,45.1,51.3,,,29.99,,,,,,,,,,,,,
Garage,Temp & Humidity Sensor,2020/12/14 12:00 AM,52.8,75.0,45.1,51.3,,,29.99,,,,,,,,,,,,,
Garage,Temp & Humidity Sensor,2020/12/14 12:05 AM,52.7,75.0,45.0,51.2,,,29.99,,,,,,,,,,,,,
Garage,Temp & Humidity Sensor,2020/12/14 12:10 AM,52.7,75.0,45.0,51.2,,,29.98,,,,,,,,,,,,,
Garage,Temp & Humidity Sensor,2020/12/14 12:15 AM,52.7,75.0,45.0,51.2,,,29.98,,,,,,,,,,,,,
Garage,Temp & Humidity Sensor,2020/12/14 12:20 AM,52.5,75.0,44.8,51.0,,,29.98,,,,,,,,,,,,,
Garage,Temp & Humidity Sensor,2020/12/14 12:25 AM,52.5,75.0,44.8,51.0,,,29.98,,,,,,,,,,,,,
Garage,Temp & Humidity Sensor,2020/12/14 12:30 AM,52.5,75.0,44.8,51.0,,,29.97,,,,,,,,,,,,,
Garage,Temp & Humidity Sensor,2020/12/14 12:35 AM,52.3,75.0,44.6,50.8,,,29.97,,,,,,,,,,,,,
Garage,Temp & Humidity Sensor,2020/12/14 12:40 AM,52.3,75.0,44.6,50.8,,,29.97,,,,,,,,,,,,,
Garage,Temp & Humidity Sensor,2020/12/14 12:45 AM,52.3,75.0,44.6,50.8,,,29.96,,,,,,,,,,,,,
Garage,Temp & Humidity Sensor,2020/12/14 12:50 AM,52.1,75.0,44.4,50.5,,,29.96,,,,,,,,,,,,,
Garage,Temp & Humidity Sensor,2020/12/14 12:55 AM,52.1,75.0,44.4,50.5,,,29.97,,,,,,,,,,,,,
Garage,Temp & Humidity Sensor,2020/12/14 1:00 AM,52.1,75.0,44.4,50.5,,,29.97,,,,,,,,,,,,,
Garage,Temp & Humidity Sensor,2020/12/14 1:05 AM,52.1,75.0,44.4,50.5,,,29.97,,,,,,,,,,,,,
Garage,Temp & Humidity Sensor,2020/12/14 1:10 AM,52.1,75.0,44.4,50.5,,,29.96,,,,,,,,,,,,,
Garage,Temp & Humidity Sensor,2020/12/14 1:15 AM,52.1,75.0,44.4,50.5,,,29.96,,,,,,,,,,,,,
Garage,Temp & Humidity Sensor,2020/12/14 1:20 AM,51.9,75.0,44.2,50.3,,,29.96,,,,,,,,,,,,,
Garage,Temp & Humidity Sensor,2020/12/14 1:25 AM,51.9,75.0,44.2,50.3,,,29.96,,,,,,,,,,,,,
Garage,Temp & Humidity Sensor,2020/12/14 1:30 AM,51.9,75.0,44.2,50.3,,,29.96,,,,,,,,,,,,,
Garage,Temp & Humidity Sensor,2020/12/14 1:35 AM,51.9,75.0,44.2,50.3,,,29.96,,,,,,,,,,,,,
Garage,Temp & Humidity Sensor,2020/12/14 1:40 AM,51.9,75.0,44.2,50.3,,,29.96,,,,,,,,,,,,,
Garage,Temp & Humidity Sensor,2020/12/14 1:45 AM,51.9,75.0,44.2,50.3,,,29.95,,,,,,,,,,,,,
Garage,Temp & Humidity Sensor,2020/12/14 1:50 AM,51.9,75.0,44.2,50.3,,,29.95,,,,,,,,,,,,,
Garage,Temp & Humidity Sensor,2020/12/14 1:55 AM,51.9,75.0,44.2,50.3,,,29.96,,,,,,,,,,,,,
Garage,Temp & Humidity Sensor,2020/12/14 2:00 AM,51.9,75.0,44.2,50.3,,,29.95,,,,,,,,,,,,,
Garage,Temp & Humidity Sensor,2020/12/14 2:05 AM,51.9,75.0,44.2,50.3,,,29.95,,,,,,,,,,,,,
Garage,Temp & Humidity Sensor,2020/12/14 2:10 AM,51.9,75.0,44.2,50.3,,,29.95,,,,,,,,,,,,,
Garage,Temp & Humidity Sensor,2020/12/14 2:15 AM,51.9,75.0,44.2,50.3,,,29.94,,,,,,,,,,,,,
Garage,Temp & Humidity Sensor,2020/12/14 2:20 AM,51.9,75.0,44.2,50.3,,,29.94,,,,,,,,,,,,,
Garage,Temp & Humidity Sensor,2020/12/14 2:25 AM,51.9,75.0,44.2,50.3,,,29.95,,,,,,,,,,,,,
Garage,Temp & Humidity Sensor,2020/12/14 2:30 AM,51.9,75.0,44.2,50.3,,,29.94,,,,,,,,,,,,,
Garage,Temp & Humidity Sensor,2020/12/14 2:35 AM,51.9,75.0,44.2,50.3,,,29.94,,,,,,,,,,,,,
Garage,Temp & Humidity Sensor,2020/12/14 2:40 AM,51.9,75.0,44.2,50.3,,,29.93,,,,,,,,,,,,,
Garage,Temp & Humidity Sensor,2020/12/14 2:45 AM,51.9,75.0,44.2,50.3,,,29.91,,,,,,,,,,,,,
Garage,Temp & Humidity Sensor,2020/12/14 2:50 AM,51.9,75.0,44.2,50.3,,,29.91,,,,,,,,,,,,,
Garage,Temp & Humidity Sensor,2020/12/14 2:55 AM,51.9,75.0,44.2,50.3,,,29.9,,,,,,,,,,,,,
Garage,Temp & Humidity Sensor,2020/12/14 3:00 AM,51.9,75.0,44.2,50.3,,,29.9,,,,,,,,,,,,,
Garage,Temp & Humidity Sensor,2020/12/14 3:05 AM,51.9,75.0,44.2,50.3,,,29.91,,,,,,,,,,,,,
Garage,Temp & Humidity Sensor,2020/12/14 3:10 AM,51.9,75.0,44.2,50.3,,,29.9,,,,,,,,,,,,,
Garage,Temp & Humidity Sensor,2020/12/14 3:15 AM,51.9,75.0,44.2,50.3,,,29.89,,,,,,,,,,,,,
Garage,Temp & Humidity Sensor,2020/12/14 3:20 AM,51.9,75.0,44.2,50.3,,,29.89,,,,,,,,,,,,,
Garage,Temp & Humidity Sensor,2020/12/14 3:25 AM,51.9,75.0,44.2,50.3,,,29.89,,,,,,,,,,,,,
Garage,Temp & Humidity Sensor,2020/12/14 3:30 AM,51.9,75.0,44.2,50.3,,,29.89,,,,,,,,,,,,,
Garage,Temp & Humidity Sensor,2020/12/14 3:35 AM,51.9,75.0,44.2,50.3,,,29.88,,,,,,,,,,,,,
Garage,Temp & Humidity Sensor,2020/12/14 3:40 AM,51.9,75.0,44.2,50.3,,,29.88,,,,,,,,,,,,,
Garage,Temp & Humidity Sensor,2020/12/14 3:45 AM,52.1,75.0,44.4,50.5,,,29.88,,,,,,,,,,,,,
Garage,Temp & Humidity Sensor,2020/12/14 3:50 AM,52.1,75.0,44.4,50.5,,,29.87,,,,,,,,,,,,,
Garage,Temp & Humidity Sensor,2020/12/14 3:55 AM,52.1,75.0,44.4,50.5,,,29.87,,,,,,,,,,,,,
Garage,Temp & Humidity Sensor,2020/12/14 4:00 AM,52.1,75.0,44.4,50.5,,,29.86,,,,,,,,,,,,,
Garage,Temp & Humidity Sensor,2020/12/14 4:05 AM,52.1,75.0,44.4,50.5,,,29.86,,,,,,,,,,,,,
Garage,Temp & Humidity Sensor,2020/12/14 4:10 AM,52.1,75.0,44.4,50.5,,,29.86,,,,,,,,,,,,,
Garage,Temp & Humidity Sensor,2020/12/14 4:15 AM,52.1,75.0,44.4,50.5,,,29.86,,,,,,,,,,,,,
Garage,Temp & Humidity Sensor,2020/12/14 4:20 AM,52.1,75.0,44.4,50.5,,,29.85,,,,,,,,,,,,,
Garage,Temp & Humidity Sensor,2020/12/14 4:25 AM,52.1,75.0,44.4,50.5,,,29.85,,,,,,,,,,,,,
Garage,Temp & Humidity Sensor,2020/12/14 4:30 AM,52.3,75.0,44.6,50.8,,,29.87,,,,,,,,,,,,,
Garage,Temp & Humidity Sensor,2020/12/14 4:35 AM,52.3,75.0,44.6,50.8,,,29.86,,,,,,,,,,,,,
Garage,Temp & Humidity Sensor,2020/12/14 4:40 AM,52.3,75.0,44.6,50.8,,,29.86,,,,,,,,,,,,,
Garage,Temp & Humidity Sensor,2020/12/14 4:45 AM,52.3,75.0,44.6,50.8,,,29.86,,,,,,,,,,,,,
Garage,Temp & Humidity Sensor,2020/12/14 4:50 AM,52.3,75.0,44.6,50.8,,,29.86,,,,,,,,,,,,,
Garage,Temp & Humidity Sensor,2020/12/14 4:55 AM,52.3,75.0,44.6,50.8,,,29.86,,,,,,,,,,,,,
Garage,Temp & Humidity Sensor,2020/12/14 5:00 AM,52.5,75.0,44.8,51.0,,,29.86,,,,,,,,,,,,,
Garage,Temp & Humidity Sensor,2020/12/14 5:05 AM,52.5,75.0,44.8,51.0,,,29.86,,,,,,,,,,,,,
Garage,Temp & Humidity Sensor,2020/12/14 5:10 AM,52.5,75.0,44.8,51.0,,,29.86,,,,,,,,,,,,,
Garage,Temp & Humidity Sensor,2020/12/14 5:15 AM,52.5,75.0,44.8,51.0,,,29.85,,,,,,,,,,,,,
Garage,Temp & Humidity Sensor,2020/12/14 5:20 AM,52.7,75.0,45.0,51.2,,,29.85,,,,,,,,,,,,,
Garage,Temp & Humidity Sensor,2020/12/14 5:25 AM,52.7,75.0,45.0,51.2,,,29.85,,,,,,,,,,,,,
Garage,Temp & Humidity Sensor,2020/12/14 5:30 AM,52.7,75.0,45.0,51.2,,,29.85,,,,,,,,,,,,,
Garage,Temp & Humidity Sensor,2020/12/14 5:35 AM,52.8,75.0,45.1,51.3,,,29.84,,,,,,,,,,,,,
Garage,Temp & Humidity Sensor,2020/12/14 5:40 AM,52.8,75.0,45.1,51.3,,,29.84,,,,,,,,,,,,,
Garage,Temp & Humidity Sensor,2020/12/14 5:45 AM,52.8,75.0,45.1,51.3,,,29.84,,,,,,,,,,,,,
Garage,Temp & Humidity Sensor,2020/12/14 5:50 AM,52.8,75.0,45.1,51.3,,,29.83,,,,,,,,,,,,,
Garage,Temp & Humidity Sensor,2020/12/14 5:55 AM,53.0,75.0,45.3,51.5,,,29.83,,,,,,,,,,,,,
Garage,Temp & Humidity Sensor,2020/12/14 6:00 AM,53.0,75.0,45.3,51.5,,,29.83,,,,,,,,,,,,,
Garage,Temp & Humidity Sensor,2020/12/14 6:05 AM,53.2,75.0,45.5,51.7,,,29.82,,,,,,,,,,,,,
Garage,Temp & Humidity Sensor,2020/12/14 6:10 AM,53.2,75.0,45.5,51.7,,,29.82,,,,,,,,,,,,,
Garage,Temp & Humidity Sensor,2020/12/14 6:15 AM,53.2,75.0,45.5,51.7,,,29.83,,,,,,,,,,,,,
Garage,Temp & Humidity Sensor,2020/12/14 6:20 AM,53.4,75.0,45.7,52.0,,,29.83,,,,,,,,,,,,,
Garage,Temp & Humidity Sensor,2020/12/14 6:25 AM,53.4,75.0,45.7,52.0,,,29.82,,,,,,,,,,,,,
Garage,Temp & Humidity Sensor,2020/12/14 6:30 AM,53.6,75.0,45.9,52.2,,,29.82,,,,,,,,,,,,,
Garage,Temp & Humidity Sensor,2020/12/14 6:35 AM,53.6,75.0,45.9,52.2,,,29.81,,,,,,,,,,,,,
Garage,Temp & Humidity Sensor,2020/12/14 6:40 AM,53.6,75.0,45.9,52.2,,,29.81,,,,,,,,,,,,,
Garage,Temp & Humidity Sensor,2020/12/14 6:45 AM,53.6,75.0,45.9,52.2,,,29.8,,,,,,,,,,,,,
Garage,Temp & Humidity Sensor,2020/12/14 6:50 AM,53.7,75.0,46.0,52.3,,,29.8,,,,,,,,,,,,,
Garage,Temp & Humidity Sensor,2020/12/14 6:55 AM,53.7,75.0,46.0,52.3,,,29.8,,,,,,,,,,,,,
Garage,Temp & Humidity Sensor,2020/12/14 7:00 AM,53.7,75.0,46.0,52.3,,,29.79,,,,,,,,,,,,,
Garage,Temp & Humidity Sensor,2020/12/14 7:05 AM,53.9,75.0,46.2,52.5,,,29.78,,,,,,,,,,,,,
Garage,Temp & Humidity Sensor,2020/12/14 7:10 AM,53.9,75.0,46.2,52.5,,,29.77,,,,,,,,,,,,,
Garage,Temp & Humidity Sensor,2020/12/14 7:15 AM,53.9,75.0,46.2,52.5,,,29.76,,,,,,,,,,,,,
Garage,Temp & Humidity Sensor,2020/12/14 7:20 AM,53.9,75.0,46.2,52.5,,,29.76,,,,,,,,,,,,,
Garage,Temp & Humidity Sensor,2020/12/14 7:25 AM,53.9,75.0,46.2,52.5,,,29.75,,,,,,,,,,,,,
Garage,Temp & Humidity Sensor,2020/12/14 7:30 AM,54.1,75.0,46.4,52.7,,,29.76,,,,,,,,,,,,,
Garage,Temp & Humidity Sensor,2020/12/14 7:35 AM,54.1,75.0,46.4,52.7,,,29.75,,,,,,,,,,,,,
Garage,Temp & Humidity Sensor,2020/12/14 7:40 AM,54.1,75.0,46.4,52.7,,,29.75,,,,,,,,,,,,,
Garage,Temp & Humidity Sensor,2020/12/14 7:45 AM,54.3,75.0,46.5,53.0,,,29.76,,,,,,,,,,,,,
Garage,Temp & Humidity Sensor,2020/12/14 7:50 AM,54.3,75.0,46.5,53.0,,,29.75,,,,,,,,,,,,,
Garage,Temp & Humidity Sensor,2020/12/14 7:55 AM,54.3,75.0,46.5,53.0,,,29.74,,,,,,,,,,,,,
Garage,Temp & Humidity Sensor,2020/12/14 8:00 AM,54.3,75.0,46.5,53.0,,,29.74,,,,,,,,,,,,,
Garage,Temp & Humidity Sensor,2020/12/14 8:05 AM,54.3,75.0,46.5,53.0,,,29.73,,,,,,,,,,,,,
Garage,Temp & Humidity Sensor,2020/12/14 8:10 AM,54.5,75.0,46.7,53.2,,,29.74,,,,,,,,,,,,,
Garage,Temp & Humidity Sensor,2020/12/14 8:15 AM,54.5,75.0,46.7,53.2,,,29.73,,,,,,,,,,,,,
Garage,Temp & Humidity Sensor,2020/12/14 8:20 AM,54.5,75.0,46.7,53.2,,,29.73,,,,,,,,,,,,,
Garage,Temp & Humidity Sensor,2020/12/14 8:25 AM,54.5,75.0,46.7,53.2,,,29.73,,,,,,,,,,,,,
Garage,Temp & Humidity Sensor,2020/12/14 8:30 AM,54.5,75.0,46.7,53.2,,,29.74,,,,,,,,,,,,,
Garage,Temp & Humidity Sensor,2020/12/14 8:35 AM,54.6,75.0,46.8,53.3,,,29.72,,,,,,,,,,,,,
Garage,Temp & Humidity Sensor,2020/12/14 8:40 AM,54.6,75.0,46.8,53.3,,,29.72,,,,,,,,,,,,,
Garage,Temp & Humidity Sensor,2020/12/14 8:45 AM,54.6,75.0,46.8,53.3,,,29.73,,,,,,,,,,,,,
Garage,Temp & Humidity Sensor,2020/12/14 8:50 AM,54.6,75.0,46.8,53.3,,,29.74,,,,,,,,,,,,,
Garage,Temp & Humidity Sensor,2020/12/14 8:55 AM,54.8,75.0,47.0,53.5,,,29.74,,,,,,,,,,,,,
Garage,Temp & Humidity Sensor,2020/12/14 9:00 AM,54.8,75.0,47.0,53.5,,,29.74,,,,,,,,,,,,,
Garage,Temp & Humidity Sensor,2020/12/14 9:05 AM,54.8,75.0,47.0,53.5,,,29.74,,,,,,,,,,,,,
Garage,Temp & Humidity Sensor,2020/12/14 9:10 AM,54.8,75.0,47.0,53.5,,,29.74,,,,,,,,,,,,,
Garage,Temp & Humidity Sensor,2020/12/14 9:15 AM,54.8,75.0,47.0,53.5,,,29.74,,,,,,,,,,,,,
Garage,Temp & Humidity Sensor,2020/12/14 9:20 AM,55.0,75.0,47.2,53.7,,,29.74,,,,,,,,,,,,,
Garage,Temp & Humidity Sensor,2020/12/14 9:25 AM,55.0,75.0,47.2,53.7,,,29.75,,,,,,,,,,,,,
Garage,Temp & Humidity Sensor,2020/12/14 9:30 AM,55.0,75.0,47.2,53.7,,,29.75,,,,,,,,,,,,,
Garage,Temp & Humidity Sensor,2020/12/14 9:35 AM,55.0,75.0,47.2,53.7,,,29.75,,,,,,,,,,,,,
Garage,Temp & Humidity Sensor,2020/12/14 9:40 AM,55.2,75.0,47.4,53.9,,,29.75,,,,,,,,,,,,,
Garage,Temp & Humidity Sensor,2020/12/14 9:45 AM,55.2,75.0,47.4,53.9,,,29.74,,,,,,,,,,,,,
Garage,Temp & Humidity Sensor,2020/12/14 9:50 AM,55.2,75.0,47.4,53.9,,,29.74,,,,,,,,,,,,,
Garage,Temp & Humidity Sensor,2020/12/14 9:55 AM,55.2,75.0,47.4,53.9,,,29.75,,,,,,,,,,,,,
Garage,Temp & Humidity Sensor,2020/12/14 10:00 AM,55.4,75.0,47.6,54.2,,,29.75,,,,,,,,,,,,,
Garage,Temp & Humidity Sensor,2020/12/14 10:05 AM,55.4,75.0,47.6,54.2,,,29.76,,,,,,,,,,,,,
Garage,Temp & Humidity Sensor,2020/12/14 10:10 AM,55.4,75.0,47.6,54.2,,,29.78,,,,,,,,,,,,,
Garage,Temp & Humidity Sensor,2020/12/14 10:15 AM,55.4,75.0,47.6,54.2,,,29.78,,,,,,,,,,,,,
Garage,Temp & Humidity Sensor,2020/12/14 10:20 AM,55.4,75.0,47.6,54.2,,,29.78,,,,,,,,,,,,,
Garage,Temp & Humidity Sensor,2020/12/14 10:25 AM,55.2,75.0,47.4,53.9,,,29.8,,,,,,,,,,,,,
Garage,Temp & Humidity Sensor,2020/12/14 10:30 AM,55.2,75.0,47.4,53.9,,,29.8,,,,,,,,,,,,,
Garage,Temp & Humidity Sensor,2020/12/14 10:35 AM,55.0,75.0,47.2,53.7,,,29.8,,,,,,,,,,,,,
Garage,Temp & Humidity Sensor,2020/12/14 10:40 AM,55.0,75.0,47.2,53.7,,,29.8,,,,,,,,,,,,,
Garage,Temp & Humidity Sensor,2020/12/14 10:45 AM,54.8,75.0,47.0,53.5,,,29.8,,,,,,,,,,,,,
Garage,Temp & Humidity Sensor,2020/12/14 10:50 AM,54.6,75.0,46.8,53.3,,,29.81,,,,,,,,,,,,,
Garage,Temp & Humidity Sensor,2020/12/14 10:55 AM,54.5,75.0,46.7,53.2,,,29.79,,,,,,,,,,,,,
Garage,Temp & Humidity Sensor,2020/12/14 11:00 AM,54.5,75.0,46.7,53.2,,,29.79,,,,,,,,,,,,,
Garage,Temp & Humidity Sensor,2020/12/14 11:05 AM,54.3,75.0,46.5,53.0,,,29.78,,,,,,,,,,,,,
Garage,Temp & Humidity Sensor,2020/12/14 11:10 AM,54.1,75.0,46.4,52.7,,,29.77,,,,,,,,,,,,,
Garage,Temp & Humidity Sensor,2020/12/14 11:15 AM,53.9,75.0,46.2,52.5,,,29.77,,,,,,,,,,,,,
Garage,Temp & Humidity Sensor,2020/12/14 11:20 AM,53.7,75.0,46.0,52.3,,,29.78,,,,,,,,,,,,,
Garage,Temp & Humidity Sensor,2020/12/14 11:25 AM,53.7,75.0,46.0,52.3,,,29.81,,,,,,,,,,,,,
Garage,Temp & Humidity Sensor,2020/12/14 11:30 AM,53.6,75.0,45.9,52.2,,,29.81,,,,,,,,,,,,,
Garage,Temp & Humidity Sensor,2020/12/14 11:35 AM,53.6,75.0,45.9,52.2,,,29.82,,,,,,,,,,,,,
Garage,Temp & Humidity Sensor,2020/12/14 11:40 AM,53.4,75.0,45.7,52.0,,,29.81,,,,,,,,,,,,,
Garage,Temp & Humidity Sensor,2020/12/14 11:45 AM,53.2,75.0,45.5,51.7,,,29.82,,,,,,,,,,,,,
Garage,Temp & Humidity Sensor,2020/12/14 11:50 AM,53.0,75.0,45.3,51.5,,,29.82,,,,,,,,,,,,,
Garage,Temp & Humidity Sensor,2020/12/14 11:55 AM,53.0,75.0,45.3,51.5,,,29.84,,,,,,,,,,,,,
Garage,Temp & Humidity Sensor,2020/12/14 12:00 PM,52.8,75.0,45.1,51.3,,,29.83,,,,,,,,,,,,,
Garage,Temp & Humidity Sensor,2020/12/14 12:05 PM,52.8,75.0,45.1,51.3,,,29.84,,,,,,,,,,,,,
Garage,Temp & Humidity Sensor,2020/12/14 12:10 PM,52.7,75.0,45.0,51.2,,,29.85,,,,,,,,,,,,,
Garage,Temp & Humidity Sensor,2020/12/14 12:15 PM,52.5,75.0,44.8,51.0,,,29.86,,,,,,,,,,,,,
Garage,Temp & Humidity Sensor,2020/12/14 12:20 PM,52.5,75.0,44.8,51.0,,,29.86,,,,,,,,,,,,,
Garage,Temp & Humidity Sensor,2020/12/14 12:25 PM,52.3,75.0,44.6,50.8,,,29.86,,,,,,,,,,,,,
Garage,Temp & Humidity Sensor,2020/12/14 12:30 PM,52.1,75.0,44.4,50.5,,,29.87,,,,,,,,,,,,,
Garage,Temp & Humidity Sensor,2020/12/14 12:35 PM,52.1,74.0,44.1,50.5,,,29.87,,,,,,,,,,,,,
Garage,Temp & Humidity Sensor,2020/12/14 12:40 PM,51.9,74.0,43.9,50.3,,,29.87,,,,,,,,,,,,,
Garage,Temp & Humidity Sensor,2020/12/14 12:45 PM,51.9,74.0,43.9,50.3,,,29.88,,,,,,,,,,,,,
Garage,Temp & Humidity Sensor,2020/12/14 12:50 PM,51.8,74.0,43.8,50.2,,,29.87,,,,,,,,,,,,,
Garage,Temp & Humidity Sensor,2020/12/14 12:55 PM,51.8,74.0,43.8,50.2,,,29.87,,,,,,,,,,,,,
Garage,Temp & Humidity Sensor,2020/12/14 1:00 PM,51.8,74.0,43.8,50.2,,,29.88,,,,,,,,,,,,,
Garage,Temp & Humidity Sensor,2020/12/14 1:05 PM,51.6,75.0,43.9,50.0,,,29.87,,,,,,,,,,,,,
Garage,Temp & Humidity Sensor,2020/12/14 1:10 PM,51.6,75.0,43.9,50.0,,,29.89,,,,,,,,,,,,,
Garage,Temp & Humidity Sensor,2020/12/14 1:15 PM,51.6,75.0,43.9,50.0,,,29.88,,,,,,,,,,,,,
Garage,Temp & Humidity Sensor,2020/12/14 1:20 PM,51.4,75.0,43.7,49.8,,,29.89,,,,,,,,,,,,,
Garage,Temp & Humidity Sensor,2020/12/14 1:25 PM,51.4,75.0,43.7,49.8,,,29.89,,,,,,,,,,,,,
Garage,Temp & Humidity Sensor,2020/12/14 1:30 PM,51.4,75.0,43.7,49.8,,,29.89,,,,,,,,,,,,,
Garage,Temp & Humidity Sensor,2020/12/14 1:35 PM,51.4,75.0,43.7,49.8,,,29.89,,,,,,,,,,,,,
Garage,Temp & Humidity Sensor,2020/12/14 1:40 PM,51.4,75.0,43.7,49.8,,,29.89,,,,,,,,,,,,,
Garage,Temp & Humidity Sensor,2020/12/14 1:45 PM,51.4,75.0,43.7,49.8,,,29.89,,,,,,,,,,,,,
Garage,Temp & Humidity Sensor,2020/12/14 1:50 PM,51.4,75.0,43.7,49.8,,,29.89,,,,,,,,,,,,,
Garage,Temp & Humidity Sensor,2020/12/14 1:55 PM,51.4,75.0,43.7,49.8,,,29.89,,,,,,,,,,,,,
Garage,Temp & Humidity Sensor,2020/12/14 2:00 PM,51.4,75.0,43.7,49.8,,,29.89,,,,,,,,,,,,,
Garage,Temp & Humidity Sensor,2020/12/14 2:05 PM,51.4,75.0,43.7,49.8,,,29.89,,,,,,,,,,,,,
Garage,Temp & Humidity Sensor,2020/12/14 2:10 PM,51.4,75.0,43.7,49.8,,,29.89,,,,,,,,,,,,,
Garage,Temp & Humidity Sensor,2020/12/14 2:15 PM,51.4,75.0,43.7,49.8,,,29.9,,,,,,,,,,,,,
Garage,Temp & Humidity Sensor,2020/12/14 2:20 PM,51.4,75.0,43.7,49.8,,,29.9,,,,,,,,,,,,,
Garage,Temp & Humidity Sensor,2020/12/14 2:25 PM,51.4,75.0,43.7,49.8,,,29.9,,,,,,,,,,,,,
Garage,Temp & Humidity Sensor,2020/12/14 2:30 PM,51.4,75.0,43.7,49.8,,,29.9,,,,,,,,,,,,,
Garage,Temp & Humidity Sensor,2020/12/14 2:35 PM,51.4,75.0,43.7,49.8,,,29.91,,,,,,,,,,,,,
Garage,Temp & Humidity Sensor,2020/12/14 2:40 PM,51.6,75.0,43.9,50.0,,,29.91,,,,,,,,,,,,,
Garage,Temp & Humidity Sensor,2020/12/14 2:45 PM,51.4,75.0,43.7,49.8,,,29.91,,,,,,,,,,,,,
Garage,Temp & Humidity Sensor,2020/12/14 2:50 PM,51.6,75.0,43.9,50.0,,,29.91,,,,,,,,,,,,,
Garage,Temp & Humidity Sensor,2020/12/14 2:55 PM,51.6,75.0,43.9,50.0,,,29.92,,,,,,,,,,,,,
Garage,Temp & Humidity Sensor,2020/12/14 3:00 PM,51.6,75.0,43.9,50.0,,,29.92,,,,,,,,,,,,,
Garage,Temp & Humidity Sensor,2020/12/14 3:05 PM,51.6,75.0,43.9,50.0,,,29.93,,,,,,,,,,,,,
Garage,Temp & Humidity Sensor,2020/12/14 3:10 PM,51.6,75.0,43.9,50.0,,,29.93,,,,,,,,,,,,,
Garage,Temp & Humidity Sensor,2020/12/14 3:15 PM,51.6,75.0,43.9,50.0,,,29.94,,,,,,,,,,,,,
Garage,Temp & Humidity Sensor,2020/12/14 3:20 PM,51.6,75.0,43.9,50.0,,,29.94,,,,,,,,,,,,,
Garage,Temp & Humidity Sensor,2020/12/14 3:25 PM,51.6,75.0,43.9,50.0,,,29.94,,,,,,,,,,,,,
Garage,Temp & Humidity Sensor,2020/12/14 3:30 PM,51.6,75.0,43.9,50.0,,,29.93,,,,,,,,,,,,,
Garage,Temp & Humidity Sensor,2020/12/14 3:35 PM,51.6,75.0,43.9,50.0,,,29.94,,,,,,,,,,,,,
Garage,Temp & Humidity Sensor,2020/12/14 3:40 PM,51.6,75.0,43.9,50.0,,,29.94,,,,,,,,,,,,,
Garage,Temp & Humidity Sensor,2020/12/14 3:45 PM,51.8,74.0,43.8,50.2,,,29.96,,,,,,,,,,,,,
Garage,Temp & Humidity Sensor,2020/12/14 3:50 PM,51.8,74.0,43.8,50.2,,,29.96,,,,,,,,,,,,,
Garage,Temp & Humidity Sensor,2020/12/14 3:55 PM,51.8,74.0,43.8,50.2,,,29.97,,,,,,,,,,,,,
Garage,Temp & Humidity Sensor,2020/12/14 4:00 PM,51.8,74.0,43.8,50.2,,,29.97,,,,,,,,,,,,,
Garage,Temp & Humidity Sensor,2020/12/14 4:05 PM,51.9,74.0,43.9,50.3,,,29.97,,,,,,,,,,,,,
Garage,Temp & Humidity Sensor,2020/12/14 4:10 PM,51.9,74.0,43.9,50.3,,,29.97,,,,,,,,,,,,,
Garage,Temp & Humidity Sensor,2020/12/14 4:15 PM,51.9,74.0,43.9,50.3,,,29.97,,,,,,,,,,,,,
Garage,Temp & Humidity Sensor,2020/12/14 4:20 PM,51.9,74.0,43.9,50.3,,,29.98,,,,,,,,,,,,,
Garage,Temp & Humidity Sensor,2020/12/14 4:25 PM,51.9,74.0,43.9,50.3,,,29.98,,,,,,,,,,,,,
Garage,Temp & Humidity Sensor,2020/12/14 4:30 PM,51.9,74.0,43.9,50.3,,,29.98,,,,,,,,,,,,,
Garage,Temp & Humidity Sensor,2020/12/14 4:35 PM,51.9,74.0,43.9,50.3,,,29.99,,,,,,,,,,,,,
Garage,Temp & Humidity Sensor,2020/12/14 4:40 PM,51.9,74.0,43.9,50.3,,,29.99,,,,,,,,,,,,,
Garage,Temp & Humidity Sensor,2020/12/14 4:45 PM,51.8,74.0,43.8,50.2,,,29.99,,,,,,,,,,,,,
Garage,Temp & Humidity Sensor,2020/12/14 4:50 PM,51.8,74.0,43.8,50.2,,,29.99,,,,,,,,,,,,,
Garage,Temp & Humidity Sensor,2020/12/14 4:55 PM,51.8,74.0,43.8,50.2,,,29.99,,,,,,,,,,,,,
Garage,Temp & Humidity Sensor,2020/12/14 5:00 PM,51.6,75.0,43.9,50.0,,,30.0,,,,,,,,,,,,,
Garage,Temp & Humidity Sensor,2020/12/14 5:05 PM,51.6,75.0,43.9,50.0,,,30.0,,,,,,,,,,,,,
Garage,Temp & Humidity Sensor,2020/12/14 5:10 PM,51.6,75.0,43.9,50.0,,,30.0,,,,,,,,,,,,,
Garage,Temp & Humidity Sensor,2020/12/14 5:15 PM,51.4,75.0,43.7,49.8,,,30.0,,,,,,,,,,,,,
Garage,Temp & Humidity Sensor,2020/12/14 5:20 PM,51.4,75.0,43.7,49.8,,,30.0,,,,,,,,,,,,,
Garage,Temp & Humidity Sensor,2020/12/14 5:25 PM,51.4,75.0,43.7,49.8,,,30.0,,,,,,,,,,,,,
Garage,Temp & Humidity Sensor,2020/12/14 5:30 PM,51.2,75.0,43.6,49.5,,,30.0,,,,,,,,,,,,,
Garage,Temp & Humidity Sensor,2020/12/14 5:35 PM,51.2,75.0,43.6,49.5,,,30.0,,,,,,,,,,,,,
Garage,Temp & Humidity Sensor,2020/12/14 5:40 PM,51.0,75.0,43.4,49.3,,,30.01,,,,,,,,,,,,,
Garage,Temp & Humidity Sensor,2020/12/14 5:45 PM,51.0,75.0,43.4,49.3,,,30.01,,,,,,,,,,,,,
Garage,Temp & Humidity Sensor,2020/12/14 5:50 PM,51.0,75.0,43.4,49.3,,,30.02,,,,,,,,,,,,,
Garage,Temp & Humidity Sensor,2020/12/14 5:55 PM,50.9,75.0,43.3,49.2,,,30.02,,,,,,,,,,,,,
Garage,Temp & Humidity Sensor,2020/12/14 6:00 PM,50.9,75.0,43.3,49.2,,,30.02,,,,,,,,,,,,,
Garage,Temp & Humidity Sensor,2020/12/14 6:05 PM,50.7,75.0,43.1,49.0,,,30.02,,,,,,,,,,,,,
Garage,Temp & Humidity Sensor,2020/12/14 6:10 PM,50.7,75.0,43.1,49.0,,,30.02,,,,,,,,,,,,,
Garage,Temp & Humidity Sensor,2020/12/14 6:15 PM,50.5,74.0,42.5,48.7,,,30.03,,,,,,,,,,,,,
Garage,Temp & Humidity Sensor,2020/12/14 6:20 PM,50.5,74.0,42.5,48.7,,,30.03,,,,,,,,,,,,,
Garage,Temp & Humidity Sensor,2020/12/14 6:25 PM,50.5,74.0,42.5,48.7,,,30.04,,,,,,,,,,,,,
Garage,Temp & Humidity Sensor,2020/12/14 6:30 PM,50.3,74.0,42.3,48.5,,,30.05,,,,,,,,,,,,,
Garage,Temp & Humidity Sensor,2020/12/14 6:35 PM,50.3,74.0,42.3,48.5,,,30.05,,,,,,,,,,,,,
Garage,Temp & Humidity Sensor,2020/12/14 6:40 PM,50.3,74.0,42.3,48.5,,,30.05,,,,,,,,,,,,,
Garage,Temp & Humidity Sensor,2020/12/14 6:45 PM,50.1,74.0,42.1,48.3,,,30.06,,,,,,,,,,,,,
Garage,Temp & Humidity Sensor,2020/12/14 6:50 PM,50.1,74.0,42.1,48.3,,,30.06,,,,,,,,,,,,,
Garage,Temp & Humidity Sensor,2020/12/14 6:55 PM,50.0,74.0,42.0,48.2,,,30.07,,,,,,,,,,,,,
Garage,Temp & Humidity Sensor,2020/12/14 7:00 PM,50.0,74.0,42.0,48.2,,,30.06,,,,,,,,,,,,,
Garage,Temp & Humidity Sensor,2020/12/14 7:05 PM,50.0,74.0,42.0,48.2,,,30.07,,,,,,,,,,,,,
Garage,Temp & Humidity Sensor,2020/12/14 7:10 PM,50.0,74.0,42.0,48.2,,,30.07,,,,,,,,,,,,,
Garage,Temp & Humidity Sensor,2020/12/14 7:15 PM,49.8,75.0,42.2,48.0,,,30.08,,,,,,,,,,,,,
Garage,Temp & Humidity Sensor,2020/12/14 7:20 PM,49.8,75.0,42.2,48.0,,,30.08,,,,,,,,,,,,,
Garage,Temp & Humidity Sensor,2020/12/14 7:25 PM,49.8,75.0,42.2,48.0,,,30.08,,,,,,,,,,,,,
Garage,Temp & Humidity Sensor,2020/12/14 7:30 PM,49.6,75.0,42.0,47.8,,,30.09,,,,,,,,,,,,,
Garage,Temp & Humidity Sensor,2020/12/14 7:35 PM,49.6,75.0,42.0,47.8,,,30.1,,,,,,,,,,,,,
Garage,Temp & Humidity Sensor,2020/12/14 7:40 PM,49.6,75.0,42.0,47.8,,,30.1,,,,,,,,,,,,,
Garage,Temp & Humidity Sensor,2020/12/14 7:45 PM,49.4,75.0,41.8,47.6,,,30.1,,,,,,,,,,,,,
Garage,Temp & Humidity Sensor,2020/12/14 7:50 PM,49.4,75.0,41.8,47.6,,,30.09,,,,,,,,,,,,,
Garage,Temp & Humidity Sensor,2020/12/14 7:55 PM,49.2,75.0,41.6,47.3,,,30.1,,,,,,,,,,,,,
Garage,Temp & Humidity Sensor,2020/12/14 8:00 PM,49.2,75.0,41.6,47.3,,,30.1,,,,,,,,,,,,,
Garage,Temp & Humidity Sensor,2020/12/14 8:05 PM,49.2,75.0,41.6,47.3,,,30.1,,,,,,,,,,,,,
Garage,Temp & Humidity Sensor,2020/12/14 8:10 PM,49.1,75.0,41.5,47.2,,,30.11,,,,,,,,,,,,,
Garage,Temp & Humidity Sensor,2020/12/14 8:15 PM,49.1,75.0,41.5,47.2,,,30.11,,,,,,,,,,,,,
Garage,Temp & Humidity Sensor,2020/12/14 8:20 PM,49.1,74.0,41.2,47.2,,,30.11,,,,,,,,,,,,,
Garage,Temp & Humidity Sensor,2020/12/14 8:25 PM,48.9,74.0,41.0,47.0,,,30.12,,,,,,,,,,,,,
Garage,Temp & Humidity Sensor,2020/12/14 8:30 PM,48.9,74.0,41.0,47.0,,,30.12,,,,,,,,,,,,,
Garage,Temp & Humidity Sensor,2020/12/14 8:35 PM,48.7,74.0,40.8,46.7,,,30.12,,,,,,,,,,,,,
Garage,Temp & Humidity Sensor,2020/12/14 8:40 PM,48.7,74.0,40.8,46.7,,,30.12,,,,,,,,,,,,,
Garage,Temp & Humidity Sensor,2020/12/14 8:45 PM,48.5,74.0,40.6,46.5,,,30.12,,,,,,,,,,,,,
Garage,Temp & Humidity Sensor,2020/12/14 8:50 PM,48.5,74.0,40.6,46.5,,,30.12,,,,,,,,,,,,,
Garage,Temp & Humidity Sensor,2020/12/14 8:55 PM,48.3,74.0,40.4,46.3,,,30.12,,,,,,,,,,,,,
Garage,Temp & Humidity Sensor,2020/12/14 9:00 PM,48.2,74.0,40.3,46.2,,,30.13,,,,,,,,,,,,,
Garage,Temp & Humidity Sensor,2020/12/14 9:05 PM,48.2,74.0,40.3,46.2,,,30.13,,,,,,,,,,,,,
Garage,Temp & Humidity Sensor,2020/12/14 9:10 PM,48.2,74.0,40.3,46.2,,,30.13,,,,,,,,,,,,,
Garage,Temp & Humidity Sensor,2020/12/14 9:15 PM,48.2,74.0,40.3,46.2,,,30.14,,,,,,,,,,,,,
Garage,Temp & Humidity Sensor,2020/12/14 9:20 PM,48.0,74.0,40.1,46.0,,,30.14,,,,,,,,,,,,,
Garage,Temp & Humidity Sensor,2020/12/14 9:25 PM,48.0,74.0,40.1,46.0,,,30.14,,,,,,,,,,,,,
Garage,Temp & Humidity Sensor,2020/12/14 9:30 PM,47.8,74.0,39.9,45.8,,,30.14,,,,,,,,,,,,,
Garage,Temp & Humidity Sensor,2020/12/14 9:35 PM,47.8,74.0,39.9,45.8,,,30.14,,,,,,,,,,,,,
Garage,Temp & Humidity Sensor,2020/12/14 9:40 PM,47.6,74.0,39.7,45.5,,,30.15,,,,,,,,,,,,,
Garage,Temp & Humidity Sensor,2020/12/14 9:45 PM,47.6,74.0,39.7,45.5,,,30.15,,,,,,,,,,,,,
Garage,Temp & Humidity Sensor,2020/12/14 9:50 PM,47.6,74.0,39.7,45.5,,,30.15,,,,,,,,,,,,,
Garage,Temp & Humidity Sensor,2020/12/14 9:55 PM,47.4,74.0,39.5,45.3,,,30.16,,,,,,,,,,,,,
Garage,Temp & Humidity Sensor,2020/12/14 10:00 PM,47.4,74.0,39.5,45.3,,,30.16,,,,,,,,,,,,,
Garage,Temp & Humidity Sensor,2020/12/14 10:05 PM,47.3,74.0,39.4,45.2,,,30.16,,,,,,,,,,,,,
Garage,Temp & Humidity Sensor,2020/12/14 10:10 PM,47.3,74.0,39.4,45.2,,,30.17,,,,,,,,,,,,,
Garage,Temp & Humidity Sensor,2020/12/14 10:15 PM,47.3,74.0,39.4,45.2,,,30.17,,,,,,,,,,,,,
Garage,Temp & Humidity Sensor,2020/12/14 10:20 PM,47.1,74.0,39.2,45.0,,,30.17,,,,,,,,,,,,,
Garage,Temp & Humidity Sensor,2020/12/14 10:25 PM,47.1,74.0,39.2,45.0,,,30.18,,,,,,,,,,,,,
Garage,Temp & Humidity Sensor,2020/12/14 10:30 PM,46.9,74.0,39.1,44.8,,,30.18,,,,,,,,,,,,,
Garage,Temp & Humidity Sensor,2020/12/14 10:35 PM,46.9,73.0,38.7,44.7,,,30.18,,,,,,,,,,,,,
Garage,Temp & Humidity Sensor,2020/12/14 10:40 PM,46.7,73.0,38.5,44.5,,,30.18,,,,,,,,,,,,,
Garage,Temp & Humidity Sensor,2020/12/14 10:45 PM,46.7,73.0,38.5,44.5,,,30.19,,,,,,,,,,,,,
Garage,Temp & Humidity Sensor,2020/12/14 10:50 PM,46.5,73.0,38.3,44.3,,,30.19,,,,,,,,,,,,,
Garage,Temp & Humidity Sensor,2020/12/14 10:55 PM,46.5,73.0,38.3,44.3,,,30.2,,,,,,,,,,,,,
Garage,Temp & Humidity Sensor,2020/12/14 11:00 PM,46.5,73.0,38.3,44.3,,,30.2,,,,,,,,,,,,,
Garage,Temp & Humidity Sensor,2020/12/14 11:05 PM,46.4,73.0,38.2,44.2,,,30.2,,,,,,,,,,,,,
Garage,Temp & Humidity Sensor,2020/12/14 11:10 PM,46.4,73.0,38.2,44.2,,,30.2,,,,,,,,,,,,,
Garage,Temp & Humidity Sensor,2020/12/14 11:15 PM,46.4,73.0,38.2,44.2,,,30.2,,,,,,,,,,,,,
Garage,Temp & Humidity Sensor,2020/12/14 11:20 PM,46.2,74.0,38.4,44.0,,,30.2,,,,,,,,,,,,,
Garage,Temp & Humidity Sensor,2020/12/14 11:25 PM,46.2,74.0,38.4,44.0,,,30.2,,,,,,,,,,,,,
Garage,Temp & Humidity Sensor,2020/12/14 11:30 PM,46.2,74.0,38.4,44.0,,,30.2,,,,,,,,,,,,,
Garage,Temp & Humidity Sensor,2020/12/14 11:35 PM,46.0,74.0,38.2,43.8,,,30.2,,,,,,,,,,,,,
Garage,Temp & Humidity Sensor,2020/12/14 11:40 PM,46.0,73.0,37.8,43.7,,,30.2,,,,,,,,,,,,,
Garage,Temp & Humidity Sensor,2020/12/14 11:45 PM,46.0,73.0,37.8,43.7,,,30.2,,,,,,,,,,,,,
Garage,Temp & Humidity Sensor,2020/12/14 11:50 PM,45.8,73.0,37.6,43.5,,,30.2,,,,,,,,,,,,,
Garage,Temp & Humidity Sensor,2020/12/14 11:55 PM,45.8,73.0,37.6,43.5,,,30.2,,,,,,,,,,,,,
Garage,Temp & Humidity Sensor,2020/12/15 12:00 AM,45.8,73.0,37.6,43.5,,,30.2,,,,,,,,,,,,,
Garage,Temp & Humidity Sensor,2020/12/15 12:05 AM,45.6,73.0,37.5,43.3,,,30.2,,,,,,,,,,,,,
Garage,Temp & Humidity Sensor,2020/12/15 12:10 AM,45.6,73.0,37.5,43.3,,,30.2,,,,,,,,,,,,,
Garage,Temp & Humidity Sensor,2020/12/15 12:15 AM,45.6,73.0,37.5,43.3,,,30.2,,,,,,,,,,,,,
Garage,Temp & Humidity Sensor,2020/12/15 12:20 AM,45.5,73.0,37.4,43.2,,,30.2,,,,,,,,,,,,,
Garage,Temp & Humidity Sensor,2020/12/15 12:25 AM,45.5,73.0,37.4,43.2,,,30.19,,,,,,,,,,,,,
Garage,Temp & Humidity Sensor,2020/12/15 12:30 AM,45.3,73.0,37.2,43.0,,,30.19,,,,,,,,,,,,,
Garage,Temp & Humidity Sensor,2020/12/15 12:35 AM,45.3,73.0,37.2,43.0,,,30.19,,,,,,,,,,,,,
Garage,Temp & Humidity Sensor,2020/12/15 12:40 AM,45.3,73.0,37.2,43.0,,,30.19,,,,,,,,,,,,,
Garage,Temp & Humidity Sensor,2020/12/15 12:45 AM,45.1,73.0,37.0,42.7,,,30.19,,,,,,,,,,,,,
Garage,Temp & Humidity Sensor,2020/12/15 12:50 AM,45.1,73.0,37.0,42.7,,,30.19,,,,,,,,,,,,,
Garage,Temp & Humidity Sensor,2020/12/15 12:55 AM,45.1,73.0,37.0,42.7,,,30.19,,,,,,,,,,,,,
Garage,Temp & Humidity Sensor,2020/12/15 1:00 AM,44.9,73.0,36.8,42.5,,,30.19,,,,,,,,,,,,,
Garage,Temp & Humidity Sensor,2020/12/15 1:05 AM,44.9,73.0,36.8,42.5,,,30.19,,,,,,,,,,,,,
Garage,Temp & Humidity Sensor,2020/12/15 1:10 AM,44.7,73.0,36.6,42.3,,,30.19,,,,,,,,,,,,,
Garage,Temp & Humidity Sensor,2020/12/15 1:15 AM,44.7,73.0,36.6,42.3,,,30.19,,,,,,,,,,,,,
Garage,Temp & Humidity Sensor,2020/12/15 1:20 AM,44.6,73.0,36.5,42.2,,,30.2,,,,,,,,,,,,,
Garage,Temp & Humidity Sensor,2020/12/15 1:25 AM,44.6,73.0,36.5,42.2,,,30.2,,,,,,,,,,,,,
Garage,Temp & Humidity Sensor,2020/12/15 1:30 AM,44.6,73.0,36.5,42.2,,,30.2,,,,,,,,,,,,,
Garage,Temp & Humidity Sensor,2020/12/15 1:35 AM,44.6,73.0,36.5,42.2,,,30.2,,,,,,,,,,,,,
Garage,Temp & Humidity Sensor,2020/12/15 1:40 AM,44.6,73.0,36.5,42.2,,,30.2,,,,,,,,,,,,,
Garage,Temp & Humidity Sensor,2020/12/15 1:45 AM,44.6,73.0,36.5,42.2,,,30.2,,,,,,,,,,,,,
Garage,Temp & Humidity Sensor,2020/12/15 1:50 AM,44.4,73.0,36.3,42.0,,,30.2,,,,,,,,,,,,,
Garage,Temp & Humidity Sensor,2020/12/15 1:55 AM,44.4,73.0,36.3,42.0,,,30.2,,,,,,,,,,,,,
Garage,Temp & Humidity Sensor,2020/12/15 2:00 AM,44.2,73.0,36.1,41.8,,,30.2,,,,,,,,,,,,,
Garage,Temp & Humidity Sensor,2020/12/15 2:05 AM,44.2,73.0,36.1,41.8,,,30.2,,,,,,,,,,,,,
Garage,Temp & Humidity Sensor,2020/12/15 2:10 AM,44.2,73.0,36.1,41.8,,,30.2,,,,,,,,,,,,,
Garage,Temp & Humidity Sensor,2020/12/15 2:15 AM,44.2,73.0,36.1,41.8,,,30.21,,,,,,,,,,,,,
Garage,Temp & Humidity Sensor,2020/12/15 2:20 AM,44.0,73.0,35.9,41.5,,,30.21,,,,,,,,,,,,,
Garage,Temp & Humidity Sensor,2020/12/15 2:25 AM,44.0,73.0,35.9,41.5,,,30.21,,,,,,,,,,,,,
Garage,Temp & Humidity Sensor,2020/12/15 2:30 AM,43.8,73.0,35.7,41.3,,,30.21,,,,,,,,,,,,,
Garage,Temp & Humidity Sensor,2020/12/15 2:35 AM,43.8,73.0,35.7,41.3,,,30.21,,,,,,,,,,,,,
Garage,Temp & Humidity Sensor,2020/12/15 2:40 AM,43.7,73.0,35.6,41.2,,,30.21,,,,,,,,,,,,,
Garage,Temp & Humidity Sensor,2020/12/15 2:45 AM,43.7,73.0,35.6,41.2,,,30.21,,,,,,,,,,,,,
Garage,Temp & Humidity Sensor,2020/12/15 2:50 AM,43.7,73.0,35.6,41.2,,,30.22,,,,,,,,,,,,,
Garage,Temp & Humidity Sensor,2020/12/15 2:55 AM,43.5,73.0,35.4,41.0,,,30.22,,,,,,,,,,,,,
Garage,Temp & Humidity Sensor,2020/12/15 3:00 AM,43.5,73.0,35.4,41.0,,,30.22,,,,,,,,,,,,,
Garage,Temp & Humidity Sensor,2020/12/15 3:05 AM,43.5,73.0,35.4,41.0,,,30.23,,,,,,,,,,,,,
Garage,Temp & Humidity Sensor,2020/12/15 3:10 AM,43.3,73.0,35.2,40.8,,,30.23,,,,,,,,,,,,,
Garage,Temp & Humidity Sensor,2020/12/15 3:15 AM,43.3,73.0,35.2,40.8,,,30.23,,,,,,,,,,,,,
Garage,Temp & Humidity Sensor,2020/12/15 3:20 AM,43.1,73.0,35.0,40.5,,,30.23,,,,,,,,,,,,,
Garage,Temp & Humidity Sensor,2020/12/15 3:25 AM,43.1,73.0,35.0,40.5,,,30.23,,,,,,,,,,,,,
Garage,Temp & Humidity Sensor,2020/12/15 3:30 AM,42.9,73.0,34.9,40.3,,,30.23,,,,,,,,,,,,,
Garage,Temp & Humidity Sensor,2020/12/15 3:35 AM,42.9,73.0,34.9,40.3,,,30.23,,,,,,,,,,,,,
Garage,Temp & Humidity Sensor,2020/12/15 3:40 AM,42.9,73.0,34.9,40.3,,,30.23,,,,,,,,,,,,,
Garage,Temp & Humidity Sensor,2020/12/15 3:45 AM,42.8,72.0,34.4,40.2,,,30.24,,,,,,,,,,,,,
Garage,Temp & Humidity Sensor,2020/12/15 3:50 AM,42.8,72.0,34.4,40.2,,,30.24,,,,,,,,,,,,,
Garage,Temp & Humidity Sensor,2020/12/15 3:55 AM,42.8,72.0,34.4,40.2,,,30.24,,,,,,,,,,,,,
Garage,Temp & Humidity Sensor,2020/12/15 4:00 AM,42.8,72.0,34.4,40.2,,,30.24,,,,,,,,,,,,,
Garage,Temp & Humidity Sensor,2020/12/15 4:05 AM,42.8,72.0,34.4,40.2,,,30.24,,,,,,,,,,,,,
Garage,Temp & Humidity Sensor,2020/12/15 4:10 AM,42.8,72.0,34.4,40.2,,,30.24,,,,,,,,,,,,,
Garage,Temp & Humidity Sensor,2020/12/15 4:15 AM,42.6,73.0,34.6,40.0,,,30.24,,,,,,,,,,,,,
Garage,Temp & Humidity Sensor,2020/12/15 4:20 AM,42.6,73.0,34.6,40.0,,,30.24,,,,,,,,,,,,,
Garage,Temp & Humidity Sensor,2020/12/15 4:25 AM,42.6,73.0,34.6,40.0,,,30.25,,,,,,,,,,,,,
Garage,Temp & Humidity Sensor,2020/12/15 4:30 AM,42.6,73.0,34.6,40.0,,,30.25,,,,,,,,,,,,,
Garage,Temp & Humidity Sensor,2020/12/15 4:35 AM,42.4,73.0,34.4,39.8,,,30.24,,,,,,,,,,,,,
Garage,Temp & Humidity Sensor,2020/12/15 4:40 AM,42.4,73.0,34.4,39.8,,,30.24,,,,,,,,,,,,,
Garage,Temp & Humidity Sensor,2020/12/15 4:45 AM,42.2,73.0,34.2,39.6,,,30.25,,,,,,,,,,,,,
Garage,Temp & Humidity Sensor,2020/12/15 4:50 AM,42.2,73.0,34.2,39.6,,,30.25,,,,,,,,,,,,,
Garage,Temp & Humidity Sensor,2020/12/15 4:55 AM,42.2,73.0,34.2,39.6,,,30.26,,,,,,,,,,,,,
Garage,Temp & Humidity Sensor,2020/12/15 5:00 AM,42.0,73.0,34.0,39.3,,,30.26,,,,,,,,,,,,,
Garage,Temp & Humidity Sensor,2020/12/15 5:05 AM,42.0,73.0,34.0,39.3,,,30.26,,,,,,,,,,,,,
Garage,Temp & Humidity Sensor,2020/12/15 5:10 AM,42.0,73.0,34.0,39.3,,,30.26,,,,,,,,,,,,,
Garage,Temp & Humidity Sensor,2020/12/15 5:15 AM,41.9,73.0,33.9,39.2,,,30.27,,,,,,,,,,,,,
Garage,Temp & Humidity Sensor,2020/12/15 5:20 AM,41.9,73.0,33.9,39.2,,,30.27,,,,,,,,,,,,,
Garage,Temp & Humidity Sensor,2020/12/15 5:25 AM,41.9,72.0,33.5,39.2,,,30.27,,,,,,,,,,,,,
Garage,Temp & Humidity Sensor,2020/12/15 5:30 AM,41.7,72.0,33.4,39.0,,,30.27,,,,,,,,,,,,,
Garage,Temp & Humidity Sensor,2020/12/15 5:35 AM,41.7,72.0,33.4,39.0,,,30.27,,,,,,,,,,,,,
Garage,Temp & Humidity Sensor,2020/12/15 5:40 AM,41.7,72.0,33.4,39.0,,,30.27,,,,,,,,,,,,,
Garage,Temp & Humidity Sensor,2020/12/15 5:45 AM,41.7,72.0,33.4,39.0,,,30.27,,,,,,,,,,,,,
Garage,Temp & Humidity Sensor,2020/12/15 5:50 AM,41.5,72.0,33.2,38.7,,,30.28,,,,,,,,,,,,,
Garage,Temp & Humidity Sensor,2020/12/15 5:55 AM,41.5,72.0,33.2,38.7,,,30.28,,,,,,,,,,,,,
Garage,Temp & Humidity Sensor,2020/12/15 6:00 AM,41.5,72.0,33.2,38.7,,,30.28,,,,,,,,,,,,,
Garage,Temp & Humidity Sensor,2020/12/15 6:05 AM,41.5,72.0,33.2,38.7,,,30.28,,,,,,,,,,,,,
Garage,Temp & Humidity Sensor,2020/12/15 6:10 AM,41.3,72.0,33.0,38.5,,,30.28,,,,,,,,,,,,,
Garage,Temp & Humidity Sensor,2020/12/15 6:15 AM,41.3,72.0,33.0,38.5,,,30.28,,,,,,,,,,,,,
Garage,Temp & Humidity Sensor,2020/12/15 6:20 AM,41.3,72.0,33.0,38.5,,,30.28,,,,,,,,,,,,,
Garage,Temp & Humidity Sensor,2020/12/15 6:25 AM,41.3,72.0,33.0,38.5,,,30.28,,,,,,,,,,,,,
Garage,Temp & Humidity Sensor,2020/12/15 6:30 AM,41.1,72.0,32.8,38.3,,,30.28,,,,,,,,,,,,,
Garage,Temp & Humidity Sensor,2020/12/15 6:35 AM,41.1,72.0,32.8,38.3,,,30.28,,,,,,,,,,,,,
Garage,Temp & Humidity Sensor,2020/12/15 6:40 AM,41.1,72.0,32.8,38.3,,,30.29,,,,,,,,,,,,,
Garage,Temp & Humidity Sensor,2020/12/15 6:45 AM,41.0,72.0,32.7,38.2,,,30.29,,,,,,,,,,,,,
Garage,Temp & Humidity Sensor,2020/12/15 6:50 AM,41.0,72.0,32.7,38.2,,,30.3,,,,,,,,,,,,,
Garage,Temp & Humidity Sensor,2020/12/15 6:55 AM,41.0,72.0,32.7,38.2,,,30.3,,,,,,,,,,,,,
Garage,Temp & Humidity Sensor,2020/12/15 7:00 AM,41.0,72.0,32.7,38.2,,,30.3,,,,,,,,,,,,,
Garage,Temp & Humidity Sensor,2020/12/15 7:05 AM,40.8,73.0,32.8,38.0,,,30.3,,,,,,,,,,,,,
Garage,Temp & Humidity Sensor,2020/12/15 7:10 AM,40.8,73.0,32.8,38.0,,,30.3,,,,,,,,,,,,,
Garage,Temp & Humidity Sensor,2020/12/15 7:15 AM,40.8,73.0,32.8,38.0,,,30.3,,,,,,,,,,,,,
Garage,Temp & Humidity Sensor,2020/12/15 7:20 AM,40.6,73.0,32.6,37.8,,,30.3,,,,,,,,,,,,,
Garage,Temp & Humidity Sensor,2020/12/15 7:25 AM,40.6,73.0,32.6,37.8,,,30.3,,,,,,,,,,,,,
Garage,Temp & Humidity Sensor,2020/12/15 7:30 AM,40.6,73.0,32.6,37.8,,,30.31,,,,,,,,,,,,,
Garage,Temp & Humidity Sensor,2020/12/15 7:35 AM,40.6,73.0,32.6,37.8,,,30.31,,,,,,,,,,,,,
Garage,Temp & Humidity Sensor,2020/12/15 7:40 AM,40.4,72.0,32.1,37.5,,,30.32,,,,,,,,,,,,,
Garage,Temp & Humidity Sensor,2020/12/15 7:45 AM,40.4,72.0,32.1,37.5,,,30.32,,,,,,,,,,,,,
Garage,Temp & Humidity Sensor,2020/12/15 7:50 AM,40.2,72.0,31.9,37.3,,,30.32,,,,,,,,,,,,,
Garage,Temp & Humidity Sensor,2020/12/15 7:55 AM,40.2,72.0,31.9,37.3,,,30.33,,,,,,,,,,,,,
Garage,Temp & Humidity Sensor,2020/12/15 8:00 AM,40.1,72.0,31.8,37.2,,,30.33,,,,,,,,,,,,,
Garage,Temp & Humidity Sensor,2020/12/15 8:05 AM,40.1,72.0,31.8,37.2,,,30.33,,,,,,,,,,,,,
Garage,Temp & Humidity Sensor,2020/12/15 8:10 AM,40.1,72.0,31.8,37.2,,,30.33,,,,,,,,,,,,,
Garage,Temp & Humidity Sensor,2020/12/15 8:15 AM,40.1,72.0,31.8,37.2,,,30.33,,,,,,,,,,,,,
Garage,Temp & Humidity Sensor,2020/12/15 8:20 AM,39.9,72.0,31.6,39.9,,,30.33,,,,,,,,,,,,,
Garage,Temp & Humidity Sensor,2020/12/15 8:25 AM,39.9,72.0,31.6,39.9,,,30.33,,,,,,,,,,,,,
Garage,Temp & Humidity Sensor,2020/12/15 8:30 AM,39.9,72.0,31.6,39.9,,,30.33,,,,,,,,,,,,,
Garage,Temp & Humidity Sensor,2020/12/15 8:35 AM,39.9,72.0,31.6,39.9,,,30.34,,,,,,,,,,,,,
Garage,Temp & Humidity Sensor,2020/12/15 8:40 AM,39.9,72.0,31.6,39.9,,,30.34,,,,,,,,,,,,,
Garage,Temp & Humidity Sensor,2020/12/15 8:45 AM,39.9,72.0,31.6,39.9,,,30.34,,,,,,,,,,,,,
Garage,Temp & Humidity Sensor,2020/12/15 8:50 AM,39.9,72.0,31.6,39.9,,,30.34,,,,,,,,,,,,,
Garage,Temp & Humidity Sensor,2020/12/15 8:55 AM,39.9,72.0,31.6,39.9,,,30.34,,,,,,,,,,,,,
Garage,Temp & Humidity Sensor,2020/12/15 9:00 AM,39.9,72.0,31.6,39.9,,,30.34,,,,,,,,,,,,,
Garage,Temp & Humidity Sensor,2020/12/15 9:05 AM,39.9,72.0,31.6,39.9,,,30.34,,,,,,,,,,,,,
Garage,Temp & Humidity Sensor,2020/12/15 9:10 AM,39.9,72.0,31.6,39.9,,,30.34,,,,,,,,,,,,,
Garage,Temp & Humidity Sensor,2020/12/15 9:15 AM,39.9,72.0,31.6,39.9,,,30.35,,,,,,,,,,,,,
Garage,Temp & Humidity Sensor,2020/12/15 9:20 AM,39.9,72.0,31.6,39.9,,,30.34,,,,,,,,,,,,,
Garage,Temp & Humidity Sensor,2020/12/15 9:25 AM,39.9,72.0,31.6,39.9,,,30.34,,,,,,,,,,,,,
Garage,Temp & Humidity Sensor,2020/12/15 9:30 AM,39.9,72.0,31.6,39.9,,,30.34,,,,,,,,,,,,,
Garage,Temp & Humidity Sensor,2020/12/15 9:35 AM,40.1,72.0,31.8,37.2,,,30.34,,,,,,,,,,,,,
Garage,Temp & Humidity Sensor,2020/12/15 9:40 AM,40.1,72.0,31.8,37.2,,,30.34,,,,,,,,,,,,,
Garage,Temp & Humidity Sensor,2020/12/15 9:45 AM,40.1,72.0,31.8,37.2,,,30.34,,,,,,,,,,,,,
Garage,Temp & Humidity Sensor,2020/12/15 9:50 AM,40.1,72.0,31.8,37.2,,,30.35,,,,,,,,,,,,,
Garage,Temp & Humidity Sensor,2020/12/15 9:55 AM,40.2,72.0,31.9,37.3,,,30.35,,,,,,,,,,,,,
Garage,Temp & Humidity Sensor,2020/12/15 10:00 AM,40.2,72.0,31.9,37.3,,,30.35,,,,,,,,,,,,,
Garage,Temp & Humidity Sensor,2020/12/15 10:05 AM,40.2,72.0,31.9,37.3,,,30.35,,,,,,,,,,,,,
Garage,Temp & Humidity Sensor,2020/12/15 10:10 AM,40.2,72.0,31.9,37.3,,,30.35,,,,,,,,,,,,,
Garage,Temp & Humidity Sensor,2020/12/15 10:15 AM,40.4,72.0,32.1,37.5,,,30.36,,,,,,,,,,,,,
Garage,Temp & Humidity Sensor,2020/12/15 10:20 AM,40.4,72.0,32.1,37.5,,,30.35,,,,,,,,,,,,,
Garage,Temp & Humidity Sensor,2020/12/15 10:25 AM,40.6,72.0,32.3,37.7,,,30.35,,,,,,,,,,,,,
Garage,Temp & Humidity Sensor,2020/12/15 10:30 AM,40.6,72.0,32.3,37.7,,,30.35,,,,,,,,,,,,,
Garage,Temp & Humidity Sensor,2020/12/15 10:35 AM,40.6,72.0,32.3,37.7,,,30.35,,,,,,,,,,,,,
Garage,Temp & Humidity Sensor,2020/12/15 10:40 AM,40.8,72.0,32.5,38.0,,,30.35,,,,,,,,,,,,,
Garage,Temp & Humidity Sensor,2020/12/15 10:45 AM,40.8,72.0,32.5,38.0,,,30.35,,,,,,,,,,,,,
Garage,Temp & Humidity Sensor,2020/12/15 10:50 AM,41.0,72.0,32.7,38.2,,,30.35,,,,,,,,,,,,,
Garage,Temp & Humidity Sensor,2020/12/15 10:55 AM,41.0,72.0,32.7,38.2,,,30.35,,,,,,,,,,,,,
Garage,Temp & Humidity Sensor,2020/12/15 11:00 AM,41.1,72.0,32.8,38.3,,,30.34,,,,,,,,,,,,,
Garage,Temp & Humidity Sensor,2020/12/15 11:05 AM,41.3,72.0,33.0,38.5,,,30.35,,,,,,,,,,,,,
Garage,Temp & Humidity Sensor,2020/12/15 11:10 AM,41.3,72.0,33.0,38.5,,,30.35,,,,,,,,,,,,,
Garage,Temp & Humidity Sensor,2020/12/15 11:15 AM,41.5,72.0,33.2,38.7,,,30.35,,,,,,,,,,,,,
Garage,Temp & Humidity Sensor,2020/12/15 11:20 AM,41.5,72.0,33.2,38.7,,,30.34,,,,,,,,,,,,,
Garage,Temp & Humidity Sensor,2020/12/15 11:25 AM,41.7,72.0,33.4,39.0,,,30.34,,,,,,,,,,,,,
Garage,Temp & Humidity Sensor,2020/12/15 11:30 AM,41.7,72.0,33.4,39.0,,,30.33,,,,,,,,,,,,,
Garage,Temp & Humidity Sensor,2020/12/15 11:35 AM,41.9,72.0,33.5,39.2,,,30.34,,,,,,,,,,,,,
Garage,Temp & Humidity Sensor,2020/12/15 11:40 AM,41.9,72.0,33.5,39.2,,,30.33,,,,,,,,,,,,,
Garage,Temp & Humidity Sensor,2020/12/15 11:45 AM,42.0,72.0,33.6,39.3,,,30.33,,,,,,,,,,,,,
Garage,Temp & Humidity Sensor,2020/12/15 11:50 AM,42.2,72.0,33.8,39.5,,,30.33,,,,,,,,,,,,,
Garage,Temp & Humidity Sensor,2020/12/15 11:55 AM,42.2,72.0,33.8,39.5,,,30.32,,,,,,,,,,,,,
Garage,Temp & Humidity Sensor,2020/12/15 12:00 PM,42.2,72.0,33.8,39.5,,,30.32,,,,,,,,,,,,,
Garage,Temp & Humidity Sensor,2020/12/15 12:05 PM,42.4,72.0,34.0,39.7,,,30.32,,,,,,,,,,,,,
Garage,Temp & Humidity Sensor,2020/12/15 12:10 PM,42.4,72.0,34.0,39.7,,,30.32,,,,,,,,,,,,,
Garage,Temp & Humidity Sensor,2020/12/15 12:15 PM,42.6,72.0,34.2,39.9,,,30.32,,,,,,,,,,,,,
Garage,Temp & Humidity Sensor,2020/12/15 12:20 PM,42.8,71.0,34.1,40.1,,,30.31,,,,,,,,,,,,,
Garage,Temp & Humidity Sensor,2020/12/15 12:25 PM,42.8,71.0,34.1,40.1,,,30.31,,,,,,,,,,,,,
Garage,Temp & Humidity Sensor,2020/12/15 12:30 PM,42.8,71.0,34.1,40.1,,,30.31,,,,,,,,,,,,,
Garage,Temp & Humidity Sensor,2020/12/15 12:35 PM,42.9,71.0,34.2,40.2,,,30.31,,,,,,,,,,,,,
Garage,Temp & Humidity Sensor,2020/12/15 12:40 PM,43.1,71.0,34.3,40.4,,,30.31,,,,,,,,,,,,,
Garage,Temp & Humidity Sensor,2020/12/15 12:45 PM,43.1,71.0,34.3,40.4,,,30.31,,,,,,,,,,,,,
Garage,Temp & Humidity Sensor,2020/12/15 12:50 PM,43.3,71.0,34.5,40.7,,,30.31,,,,,,,,,,,,,
Garage,Temp & Humidity Sensor,2020/12/15 12:55 PM,43.5,71.0,34.7,40.9,,,30.31,,,,,,,,,,,,,
Garage,Temp & Humidity Sensor,2020/12/15 1:00 PM,43.8,72.0,35.4,41.3,,,30.31,,,,,,,,,,,,,
Garage,Temp & Humidity Sensor,2020/12/15 1:05 PM,44.0,72.0,35.6,41.5,,,30.31,,,,,,,,,,,,,
Garage,Temp & Humidity Sensor,2020/12/15 1:10 PM,44.2,71.0,35.4,41.7,,,30.3,,,,,,,,,,,,,
Garage,Temp & Humidity Sensor,2020/12/15 1:15 PM,44.4,72.0,35.9,41.9,,,30.3,,,,,,,,,,,,,
Garage,Temp & Humidity Sensor,2020/12/15 1:20 PM,44.6,71.0,35.8,42.1,,,30.29,,,,,,,,,,,,,
Garage,Temp & Humidity Sensor,2020/12/15 1:25 PM,44.6,71.0,35.8,42.1,,,30.29,,,,,,,,,,,,,
Garage,Temp & Humidity Sensor,2020/12/15 1:30 PM,44.7,71.0,35.9,42.2,,,30.29,,,,,,,,,,,,,
Garage,Temp & Humidity Sensor,2020/12/15 1:35 PM,44.9,71.0,36.1,42.4,,,30.3,,,,,,,,,,,,,
Garage,Temp & Humidity Sensor,2020/12/15 1:40 PM,44.9,71.0,36.1,42.4,,,30.29,,,,,,,,,,,,,
Garage,Temp & Humidity Sensor,2020/12/15 1:45 PM,45.1,71.0,36.3,42.6,,,30.29,,,,,,,,,,,,,
Garage,Temp & Humidity Sensor,2020/12/15 1:50 PM,45.1,71.0,36.3,42.6,,,30.29,,,,,,,,,,,,,
Garage,Temp & Humidity Sensor,2020/12/15 1:55 PM,45.3,71.0,36.5,42.9,,,30.29,,,,,,,,,,,,,
Garage,Temp & Humidity Sensor,2020/12/15 2:00 PM,45.3,71.0,36.5,42.9,,,30.29,,,,,,,,,,,,,
Garage,Temp & Humidity Sensor,2020/12/15 2:05 PM,45.5,71.0,36.7,43.1,,,30.29,,,,,,,,,,,,,
Garage,Temp & Humidity Sensor,2020/12/15 2:10 PM,45.5,71.0,36.7,43.1,,,30.29,,,,,,,,,,,,,
Garage,Temp & Humidity Sensor,2020/12/15 2:15 PM,45.5,71.0,36.7,43.1,,,30.29,,,,,,,,,,,,,
Garage,Temp & Humidity Sensor,2020/12/15 2:20 PM,45.5,71.0,36.7,43.1,,,30.28,,,,,,,,,,,,,
Garage,Temp & Humidity Sensor,2020/12/15 2:25 PM,45.5,71.0,36.7,43.1,,,30.28,,,,,,,,,,,,,
Garage,Temp & Humidity Sensor,2020/12/15 2:30 PM,45.5,71.0,36.7,43.1,,,30.27,,,,,,,,,,,,,
Garage,Temp & Humidity Sensor,2020/12/15 2:35 PM,45.5,71.0,36.7,43.1,,,30.27,,,,,,,,,,,,,
Garage,Temp & Humidity Sensor,2020/12/15 2:40 PM,45.6,71.0,36.7,43.2,,,30.27,,,,,,,,,,,,,
Garage,Temp & Humidity Sensor,2020/12/15 2:45 PM,45.6,71.0,36.7,43.2,,,30.27,,,,,,,,,,,,,
Garage,Temp & Humidity Sensor,2020/12/15 2:50 PM,45.6,71.0,36.7,43.2,,,30.27,,,,,,,,,,,,,
Garage,Temp & Humidity Sensor,2020/12/15 2:55 PM,45.6,71.0,36.7,43.2,,,30.27,,,,,,,,,,,,,
Garage,Temp & Humidity Sensor,2020/12/15 3:00 PM,45.6,71.0,36.7,43.2,,,30.27,,,,,,,,,,,,,
Garage,Temp & Humidity Sensor,2020/12/15 3:05 PM,45.6,71.0,36.7,43.2,,,30.27,,,,,,,,,,,,,
Garage,Temp & Humidity Sensor,2020/12/15 3:10 PM,45.6,71.0,36.7,43.2,,,30.26,,,,,,,,,,,,,
Garage,Temp & Humidity Sensor,2020/12/15 3:15 PM,45.6,71.0,36.7,43.2,,,30.26,,,,,,,,,,,,,
Garage,Temp & Humidity Sensor,2020/12/15 3:20 PM,45.6,71.0,36.7,43.2,,,30.26,,,,,,,,,,,,,
Garage,Temp & Humidity Sensor,2020/12/15 3:25 PM,45.6,71.0,36.7,43.2,,,30.25,,,,,,,,,,,,,
Garage,Temp & Humidity Sensor,2020/12/15 3:30 PM,45.6,71.0,36.7,43.2,,,30.25,,,,,,,,,,,,,
Garage,Temp & Humidity Sensor,2020/12/15 3:35 PM,45.8,71.0,36.9,43.4,,,30.25,,,,,,,,,,,,,
Garage,Temp & Humidity Sensor,2020/12/15 3:40 PM,45.8,71.0,36.9,43.4,,,30.25,,,,,,,,,,,,,
Garage,Temp & Humidity Sensor,2020/12/15 3:45 PM,45.8,70.0,36.6,43.4,,,30.25,,,,,,,,,,,,,
Garage,Temp & Humidity Sensor,2020/12/15 3:50 PM,45.8,70.0,36.6,43.4,,,30.25,,,,,,,,,,,,,
Garage,Temp & Humidity Sensor,2020/12/15 3:55 PM,45.8,70.0,36.6,43.4,,,30.25,,,,,,,,,,,,,
Garage,Temp & Humidity Sensor,2020/12/15 4:00 PM,45.8,70.0,36.6,43.4,,,30.25,,,,,,,,,,,,,
Garage,Temp & Humidity Sensor,2020/12/15 4:05 PM,45.8,70.0,36.6,43.4,,,30.25,,,,,,,,,,,,,
Garage,Temp & Humidity Sensor,2020/12/15 4:10 PM,46.0,70.0,36.8,43.6,,,30.25,,,,,,,,,,,,,
Garage,Temp & Humidity Sensor,2020/12/15 4:15 PM,46.0,70.0,36.8,43.6,,,30.25,,,,,,,,,,,,,
Garage,Temp & Humidity Sensor,2020/12/15 4:20 PM,46.0,70.0,36.8,43.6,,,30.25,,,,,,,,,,,,,
Garage,Temp & Humidity Sensor,2020/12/15 4:25 PM,46.0,71.0,37.1,43.6,,,30.26,,,,,,,,,,,,,
Garage,Temp & Humidity Sensor,2020/12/15 4:30 PM,45.8,70.0,36.6,43.4,,,30.25,,,,,,,,,,,,,
Garage,Temp & Humidity Sensor,2020/12/15 4:35 PM,45.8,70.0,36.6,43.4,,,30.25,,,,,,,,,,,,,
Garage,Temp & Humidity Sensor,2020/12/15 4:40 PM,45.8,70.0,36.6,43.4,,,30.25,,,,,,,,,,,,,
Garage,Temp & Humidity Sensor,2020/12/15 4:45 PM,45.8,70.0,36.6,43.4,,,30.26,,,,,,,,,,,,,
Garage,Temp & Humidity Sensor,2020/12/15 4:50 PM,45.8,70.0,36.6,43.4,,,30.26,,,,,,,,,,,,,
Garage,Temp & Humidity Sensor,2020/12/15 4:55 PM,45.6,70.0,36.4,43.1,,,30.26,,,,,,,,,,,,,
Garage,Temp & Humidity Sensor,2020/12/15 5:00 PM,45.6,70.0,36.4,43.1,,,30.26,,,,,,,,,,,,,
Garage,Temp & Humidity Sensor,2020/12/15 5:05 PM,45.5,70.0,36.3,43.0,,,30.26,,,,,,,,,,,,,
Garage,Temp & Humidity Sensor,2020/12/15 5:10 PM,45.5,70.0,36.3,43.0,,,30.26,,,,,,,,,,,,,
Garage,Temp & Humidity Sensor,2020/12/15 5:15 PM,45.3,70.0,36.1,42.8,,,30.27,,,,,,,,,,,,,
Garage,Temp & Humidity Sensor,2020/12/15 5:20 PM,45.3,70.0,36.1,42.8,,,30.26,,,,,,,,,,,,,
Garage,Temp & Humidity Sensor,2020/12/15 5:25 PM,45.1,70.0,35.9,42.6,,,30.26,,,,,,,,,,,,,
Garage,Temp & Humidity Sensor,2020/12/15 5:30 PM,45.1,70.0,35.9,42.6,,,30.26,,,,,,,,,,,,,
Garage,Temp & Humidity Sensor,2020/12/15 5:35 PM,44.9,70.0,35.7,42.4,,,30.26,,,,,,,,,,,,,
Garage,Temp & Humidity Sensor,2020/12/15 5:40 PM,44.9,70.0,35.7,42.4,,,30.26,,,,,,,,,,,,,
Garage,Temp & Humidity Sensor,2020/12/15 5:45 PM,44.7,70.0,35.5,42.2,,,30.27,,,,,,,,,,,,,
Garage,Temp & Humidity Sensor,2020/12/15 5:50 PM,44.7,70.0,35.5,42.2,,,30.27,,,,,,,,,,,,,
Garage,Temp & Humidity Sensor,2020/12/15 5:55 PM,44.6,70.0,35.4,42.0,,,30.27,,,,,,,,,,,,,
Garage,Temp & Humidity Sensor,2020/12/15 6:00 PM,44.6,70.0,35.4,42.0,,,30.27,,,,,,,,,,,,,
Garage,Temp & Humidity Sensor,2020/12/15 6:05 PM,44.6,70.0,35.4,42.0,,,30.27,,,,,,,,,,,,,
Garage,Temp & Humidity Sensor,2020/12/15 6:10 PM,44.6,70.0,35.4,42.0,,,30.28,,,,,,,,,,,,,
Garage,Temp & Humidity Sensor,2020/12/15 6:15 PM,44.4,70.0,35.2,41.8,,,30.27,,,,,,,,,,,,,
Garage,Temp & Humidity Sensor,2020/12/15 6:20 PM,44.4,70.0,35.2,41.8,,,30.27,,,,,,,,,,,,,
Garage,Temp & Humidity Sensor,2020/12/15 6:25 PM,44.2,70.0,35.0,41.6,,,30.27,,,,,,,,,,,,,
Garage,Temp & Humidity Sensor,2020/12/15 6:30 PM,44.2,70.0,35.0,41.6,,,30.27,,,,,,,,,,,,,
Garage,Temp & Humidity Sensor,2020/12/15 6:35 PM,44.0,70.0,34.9,41.4,,,30.26,,,,,,,,,,,,,
Garage,Temp & Humidity Sensor,2020/12/15 6:40 PM,44.0,70.0,34.9,41.4,,,30.26,,,,,,,,,,,,,
Garage,Temp & Humidity Sensor,2020/12/15 6:45 PM,43.8,70.0,34.7,41.2,,,30.27,,,,,,,,,,,,,
Garage,Temp & Humidity Sensor,2020/12/15 6:50 PM,43.8,70.0,34.7,41.2,,,30.27,,,,,,,,,,,,,
Garage,Temp & Humidity Sensor,2020/12/15 6:55 PM,43.8,70.0,34.7,41.2,,,30.28,,,,,,,,,,,,,
Garage,Temp & Humidity Sensor,2020/12/15 7:00 PM,43.7,70.0,34.6,41.1,,,30.28,,,,,,,,,,,,,
Garage,Temp & Humidity Sensor,2020/12/15 7:05 PM,43.7,70.0,34.6,41.1,,,30.29,,,,,,,,,,,,,
Garage,Temp & Humidity Sensor,2020/12/15 7:10 PM,43.7,70.0,34.6,41.1,,,30.29,,,,,,,,,,,,,
Garage,Temp & Humidity Sensor,2020/12/15 7:15 PM,43.5,70.0,34.4,40.8,,,30.28,,,,,,,,,,,,,
Garage,Temp & Humidity Sensor,2020/12/15 7:20 PM,43.5,70.0,34.4,40.8,,,30.28,,,,,,,,,,,,,
Garage,Temp & Humidity Sensor,2020/12/15 7:25 PM,43.3,70.0,34.2,40.6,,,30.28,,,,,,,,,,,,,
Garage,Temp & Humidity Sensor,2020/12/15 7:30 PM,43.3,70.0,34.2,40.6,,,30.28,,,,,,,,,,,,,
Garage,Temp & Humidity Sensor,2020/12/15 7:35 PM,43.3,70.0,34.2,40.6,,,30.28,,,,,,,,,,,,,
Garage,Temp & Humidity Sensor,2020/12/15 7:40 PM,43.1,70.0,34.0,40.4,,,30.28,,,,,,,,,,,,,
Garage,Temp & Humidity Sensor,2020/12/15 7:45 PM,43.1,70.0,34.0,40.4,,,30.28,,,,,,,,,,,,,
Garage,Temp & Humidity Sensor,2020/12/15 7:50 PM,43.1,70.0,34.0,40.4,,,30.27,,,,,,,,,,,,,
Garage,Temp & Humidity Sensor,2020/12/15 7:55 PM,42.9,70.0,33.8,40.2,,,30.26,,,,,,,,,,,,,
Garage,Temp & Humidity Sensor,2020/12/15 8:00 PM,42.9,70.0,33.8,40.2,,,30.26,,,,,,,,,,,,,
Garage,Temp & Humidity Sensor,2020/12/15 8:05 PM,42.8,70.0,33.7,40.1,,,30.25,,,,,,,,,,,,,
Garage,Temp & Humidity Sensor,2020/12/15 8:10 PM,42.8,70.0,33.7,40.1,,,30.26,,,,,,,,,,,,,
Garage,Temp & Humidity Sensor,2020/12/15 8:15 PM,42.8,70.0,33.7,40.1,,,30.26,,,,,,,,,,,,,
Garage,Temp & Humidity Sensor,2020/12/15 8:20 PM,42.8,70.0,33.7,40.1,,,30.26,,,,,,,,,,,,,
Garage,Temp & Humidity Sensor,2020/12/15 8:25 PM,42.8,70.0,33.7,40.1,,,30.26,,,,,,,,,,,,,
Garage,Temp & Humidity Sensor,2020/12/15 8:30 PM,42.6,70.0,33.5,39.9,,,30.27,,,,,,,,,,,,,
Garage,Temp & Humidity Sensor,2020/12/15 8:35 PM,42.6,70.0,33.5,39.9,,,30.27,,,,,,,,,,,,,
Garage,Temp & Humidity Sensor,2020/12/15 8:40 PM,42.4,70.0,33.3,39.6,,,30.28,,,,,,,,,,,,,
Garage,Temp & Humidity Sensor,2020/12/15 8:45 PM,42.4,70.0,33.3,39.6,,,30.28,,,,,,,,,,,,,
Garage,Temp & Humidity Sensor,2020/12/15 8:50 PM,42.4,70.0,33.3,39.6,,,30.28,,,,,,,,,,,,,
Garage,Temp & Humidity Sensor,2020/12/15 8:55 PM,42.2,70.0,33.1,39.4,,,30.26,,,,,,,,,,,,,
Garage,Temp & Humidity Sensor,2020/12/15 9:00 PM,42.2,70.0,33.1,39.4,,,30.26,,,,,,,,,,,,,
Garage,Temp & Humidity Sensor,2020/12/15 9:05 PM,42.2,70.0,33.1,39.4,,,30.26,,,,,,,,,,,,,
Garage,Temp & Humidity Sensor,2020/12/15 9:10 PM,42.2,70.0,33.1,39.4,,,30.26,,,,,,,,,,,,,
Garage,Temp & Humidity Sensor,2020/12/15 9:15 PM,42.2,70.0,33.1,39.4,,,30.25,,,,,,,,,,,,,
Garage,Temp & Humidity Sensor,2020/12/15 9:20 PM,42.0,70.0,32.9,39.2,,,30.26,,,,,,,,,,,,,
Garage,Temp & Humidity Sensor,2020/12/15 9:25 PM,42.0,70.0,32.9,39.2,,,30.25,,,,,,,,,,,,,
Garage,Temp & Humidity Sensor,2020/12/15 9:30 PM,41.9,70.0,32.8,39.1,,,30.25,,,,,,,,,,,,,
Garage,Temp & Humidity Sensor,2020/12/15 9:35 PM,41.9,70.0,32.8,39.1,,,30.25,,,,,,,,,,,,,
Garage,Temp & Humidity Sensor,2020/12/15 9:40 PM,41.9,70.0,32.8,39.1,,,30.25,,,,,,,,,,,,,
Garage,Temp & Humidity Sensor,2020/12/15 9:45 PM,41.7,70.0,32.6,38.9,,,30.25,,,,,,,,,,,,,
Garage,Temp & Humidity Sensor,2020/12/15 9:50 PM,41.7,70.0,32.6,38.9,,,30.25,,,,,,,,,,,,,
Garage,Temp & Humidity Sensor,2020/12/15 9:55 PM,41.7,70.0,32.6,38.9,,,30.26,,,,,,,,,,,,,
Garage,Temp & Humidity Sensor,2020/12/15 10:00 PM,41.7,70.0,32.6,38.9,,,30.26,,,,,,,,,,,,,
Garage,Temp & Humidity Sensor,2020/12/15 10:05 PM,41.5,70.0,32.5,38.6,,,30.26,,,,,,,,,,,,,
Garage,Temp & Humidity Sensor,2020/12/15 10:10 PM,41.5,70.0,32.5,38.6,,,30.25,,,,,,,,,,,,,
Garage,Temp & Humidity Sensor,2020/12/15 10:15 PM,41.5,70.0,32.5,38.6,,,30.25,,,,,,,,,,,,,
Garage,Temp & Humidity Sensor,2020/12/15 10:20 PM,41.5,70.0,32.5,38.6,,,30.24,,,,,,,,,,,,,
Garage,Temp & Humidity Sensor,2020/12/15 10:25 PM,41.5,70.0,32.5,38.6,,,30.24,,,,,,,,,,,,,
Garage,Temp & Humidity Sensor,2020/12/15 10:30 PM,41.3,70.0,32.3,38.4,,,30.25,,,,,,,,,,,,,
Garage,Temp & Humidity Sensor,2020/12/15 10:35 PM,41.3,70.0,32.3,38.4,,,30.25,,,,,,,,,,,,,
Garage,Temp & Humidity Sensor,2020/12/15 10:40 PM,41.3,70.0,32.3,38.4,,,30.26,,,,,,,,,,,,,
Garage,Temp & Humidity Sensor,2020/12/15 10:45 PM,41.3,70.0,32.3,38.4,,,30.24,,,,,,,,,,,,,
Garage,Temp & Humidity Sensor,2020/12/15 10:50 PM,41.3,70.0,32.3,38.4,,,30.24,,,,,,,,,,,,,
Garage,Temp & Humidity Sensor,2020/12/15 10:55 PM,41.3,70.0,32.3,38.4,,,30.25,,,,,,,,,,,,,
Garage,Temp & Humidity Sensor,2020/12/15 11:00 PM,41.3,70.0,32.3,38.4,,,30.25,,,,,,,,,,,,,
Garage,Temp & Humidity Sensor,2020/12/15 11:05 PM,41.3,70.0,32.3,38.4,,,30.25,,,,,,,,,,,,,
Garage,Temp & Humidity Sensor,2020/12/15 11:10 PM,41.3,70.0,32.3,38.4,,,30.26,,,,,,,,,,,,,
Garage,Temp & Humidity Sensor,2020/12/15 11:15 PM,41.3,70.0,32.3,38.4,,,30.25,,,,,,,,,,,,,
Garage,Temp & Humidity Sensor,2020/12/15 11:20 PM,41.3,70.0,32.3,38.4,,,30.26,,,,,,,,,,,,,
Garage,Temp & Humidity Sensor,2020/12/15 11:25 PM,41.5,70.0,32.5,38.6,,,30.26,,,,,,,,,,,,,
Garage,Temp & Humidity Sensor,2020/12/15 11:30 PM,41.3,70.0,32.3,38.4,,,30.25,,,,,,,,,,,,,
Garage,Temp & Humidity Sensor,2020/12/15 11:35 PM,41.5,70.0,32.5,38.6,,,30.25,,,,,,,,,,,,,
Garage,Temp & Humidity Sensor,2020/12/15 11:40 PM,41.5,70.0,32.5,38.6,,,30.25,,,,,,,,,,,,,
Garage,Temp & Humidity Sensor,2020/12/15 11:45 PM,41.5,70.0,32.5,38.6,,,30.24,,,,,,,,,,,,,
Garage,Temp & Humidity Sensor,2020/12/15 11:50 PM,41.5,70.0,32.5,38.6,,,30.25,,,,,,,,,,,,,
Garage,Temp & Humidity Sensor,2020/12/15 11:55 PM,41.5,70.0,32.5,38.6,,,30.24,,,,,,,,,,,,,
Garage,Temp & Humidity Sensor,2020/12/16 12:00 AM,41.5,70.0,32.5,38.6,,,30.24,,,,,,,,,,,,,
Garage,Temp & Humidity Sensor,2020/12/16 12:05 AM,41.5,70.0,32.5,38.6,,,30.23,,,,,,,,,,,,,
Garage,Temp & Humidity Sensor,2020/12/16 12:10 AM,41.5,70.0,32.5,38.6,,,30.23,,,,,,,,,,,,,
Garage,Temp & Humidity Sensor,2020/12/16 12:20 AM,41.5,70.0,32.5,38.6,,,30.24,,,,,,,,,,,,,
Garage,Temp & Humidity Sensor,2020/12/16 12:25 AM,41.5,70.0,32.5,38.6,,,30.25,,,,,,,,,,,,,
Garage,Temp & Humidity Sensor,2020/12/16 12:30 AM,41.5,70.0,32.5,38.6,,,30.25,,,,,,,,,,,,,
Garage,Temp & Humidity Sensor,2020/12/16 12:35 AM,41.5,70.0,32.5,38.6,,,30.25,,,,,,,,,,,,,
Garage,Temp & Humidity Sensor,2020/12/16 12:40 AM,41.5,70.0,32.5,38.6,,,30.24,,,,,,,,,,,,,
Garage,Temp & Humidity Sensor,2020/12/16 12:45 AM,41.7,70.0,32.6,38.9,,,30.23,,,,,,,,,,,,,
Garage,Temp & Humidity Sensor,2020/12/16 12:50 AM,41.7,70.0,32.6,38.9,,,30.24,,,,,,,,,,,,,
Garage,Temp & Humidity Sensor,2020/12/16 12:55 AM,41.7,70.0,32.6,38.9,,,30.24,,,,,,,,,,,,,
Garage,Temp & Humidity Sensor,2020/12/16 1:00 AM,41.7,70.0,32.6,38.9,,,30.24,,,,,,,,,,,,,
Garage,Temp & Humidity Sensor,2020/12/16 1:05 AM,41.7,70.0,32.6,38.9,,,30.24,,,,,,,,,,,,,
Garage,Temp & Humidity Sensor,2020/12/16 1:10 AM,41.7,70.0,32.6,38.9,,,30.23,,,,,,,,,,,,,
Garage,Temp & Humidity Sensor,2020/12/16 1:15 AM,41.7,70.0,32.6,38.9,,,30.21,,,,,,,,,,,,,
Garage,Temp & Humidity Sensor,2020/12/16 1:20 AM,41.7,70.0,32.6,38.9,,,30.22,,,,,,,,,,,,,
Garage,Temp & Humidity Sensor,2020/12/16 1:25 AM,41.7,70.0,32.6,38.9,,,30.22,,,,,,,,,,,,,
Garage,Temp & Humidity Sensor,2020/12/16 1:30 AM,41.7,70.0,32.6,38.9,,,30.21,,,,,,,,,,,,,
Garage,Temp & Humidity Sensor,2020/12/16 1:35 AM,41.7,70.0,32.6,38.9,,,30.21,,,,,,,,,,,,,
Garage,Temp & Humidity Sensor,2020/12/16 1:40 AM,41.7,70.0,32.6,38.9,,,30.21,,,,,,,,,,,,,
Garage,Temp & Humidity Sensor,2020/12/16 1:45 AM,41.7,70.0,32.6,38.9,,,30.2,,,,,,,,,,,,,
Garage,Temp & Humidity Sensor,2020/12/16 1:50 AM,41.7,70.0,32.6,38.9,,,30.2,,,,,,,,,,,,,
Garage,Temp & Humidity Sensor,2020/12/16 1:55 AM,41.7,70.0,32.6,38.9,,,30.2,,,,,,,,,,,,,
Garage,Temp & Humidity Sensor,2020/12/16 2:00 AM,41.7,70.0,32.6,38.9,,,30.2,,,,,,,,,,,,,
Garage,Temp & Humidity Sensor,2020/12/16 2:05 AM,41.7,70.0,32.6,38.9,,,30.2,,,,,,,,,,,,,
Garage,Temp & Humidity Sensor,2020/12/16 2:10 AM,41.7,70.0,32.6,38.9,,,30.21,,,,,,,,,,,,,
Garage,Temp & Humidity Sensor,2020/12/16 2:15 AM,41.7,70.0,32.6,38.9,,,30.21,,,,,,,,,,,,,
Garage,Temp & Humidity Sensor,2020/12/16 2:20 AM,41.7,70.0,32.6,38.9,,,30.21,,,,,,,,,,,,,
Garage,Temp & Humidity Sensor,2020/12/16 2:25 AM,41.7,70.0,32.6,38.9,,,30.21,,,,,,,,,,,,,
Garage,Temp & Humidity Sensor,2020/12/16 2:30 AM,41.7,70.0,32.6,38.9,,,30.21,,,,,,,,,,,,,
Garage,Temp & Humidity Sensor,2020/12/16 2:35 AM,41.7,70.0,32.6,38.9,,,30.22,,,,,,,,,,,,,
Garage,Temp & Humidity Sensor,2020/12/16 2:40 AM,41.7,70.0,32.6,38.9,,,30.23,,,,,,,,,,,,,
Garage,Temp & Humidity Sensor,2020/12/16 2:50 AM,41.7,70.0,32.6,38.9,,,30.23,,,,,,,,,,,,,
Garage,Temp & Humidity Sensor,2020/12/16 2:55 AM,41.7,70.0,32.6,38.9,,,30.21,,,,,,,,,,,,,
Garage,Temp & Humidity Sensor,2020/12/16 3:00 AM,41.7,70.0,32.6,38.9,,,30.22,,,,,,,,,,,,,
Garage,Temp & Humidity Sensor,2020/12/16 3:05 AM,41.7,70.0,32.6,38.9,,,30.21,,,,,,,,,,,,,
Garage,Temp & Humidity Sensor,2020/12/16 3:10 AM,41.7,70.0,32.6,38.9,,,30.21,,,,,,,,,,,,,
Garage,Temp & Humidity Sensor,2020/12/16 3:15 AM,41.7,70.0,32.6,38.9,,,30.22,,,,,,,,,,,,,
Garage,Temp & Humidity Sensor,2020/12/16 3:20 AM,41.7,70.0,32.6,38.9,,,30.22,,,,,,,,,,,,,
Garage,Temp & Humidity Sensor,2020/12/16 3:25 AM,41.7,70.0,32.6,38.9,,,30.2,,,,,,,,,,,,,
Garage,Temp & Humidity Sensor,2020/12/16 3:30 AM,41.7,70.0,32.6,38.9,,,30.21,,,,,,,,,,,,,
Garage,Temp & Humidity Sensor,2020/12/16 3:35 AM,41.7,70.0,32.6,38.9,,,30.2,,,,,,,,,,,,,
Garage,Temp & Humidity Sensor,2020/12/16 3:40 AM,41.7,70.0,32.6,38.9,,,30.19,,,,,,,,,,,,,
Garage,Temp & Humidity Sensor,2020/12/16 3:45 AM,41.7,70.0,32.6,38.9,,,30.19,,,,,,,,,,,,,
Garage,Temp & Humidity Sensor,2020/12/16 3:50 AM,41.7,70.0,32.6,38.9,,,30.19,,,,,,,,,,,,,
Garage,Temp & Humidity Sensor,2020/12/16 3:55 AM,41.7,70.0,32.6,38.9,,,30.18,,,,,,,,,,,,,
Garage,Temp & Humidity Sensor,2020/12/16 4:00 AM,41.7,70.0,32.6,38.9,,,30.17,,,,,,,,,,,,,
Garage,Temp & Humidity Sensor,2020/12/16 4:05 AM,41.7,70.0,32.6,38.9,,,30.17,,,,,,,,,,,,,
Garage,Temp & Humidity Sensor,2020/12/16 4:10 AM,41.7,70.0,32.6,38.9,,,30.17,,,,,,,,,,,,,
Garage,Temp & Humidity Sensor,2020/12/16 4:15 AM,41.7,70.0,32.6,38.9,,,30.17,,,,,,,,,,,,,
Garage,Temp & Humidity Sensor,2020/12/16 4:20 AM,41.7,70.0,32.6,38.9,,,30.16,,,,,,,,,,,,,
Garage,Temp & Humidity Sensor,2020/12/16 4:25 AM,41.7,70.0,32.6,38.9,,,30.17,,,,,,,,,,,,,
Garage,Temp & Humidity Sensor,2020/12/16 4:30 AM,41.7,70.0,32.6,38.9,,,30.18,,,,,,,,,,,,,
Garage,Temp & Humidity Sensor,2020/12/16 4:35 AM,41.7,70.0,32.6,38.9,,,30.17,,,,,,,,,,,,,
Garage,Temp & Humidity Sensor,2020/12/16 4:40 AM,41.7,70.0,32.6,38.9,,,30.17,,,,,,,,,,,,,
Garage,Temp & Humidity Sensor,2020/12/16 4:45 AM,41.7,70.0,32.6,38.9,,,30.17,,,,,,,,,,,,,
Garage,Temp & Humidity Sensor,2020/12/16 4:50 AM,41.7,70.0,32.6,38.9,,,30.17,,,,,,,,,,,,,
Garage,Temp & Humidity Sensor,2020/12/16 4:55 AM,41.7,70.0,32.6,38.9,,,30.17,,,,,,,,,,,,,
Garage,Temp & Humidity Sensor,2020/12/16 5:00 AM,41.5,70.0,32.5,38.6,,,30.16,,,,,,,,,,,,,
Garage,Temp & Humidity Sensor,2020/12/16 5:05 AM,41.5,70.0,32.5,38.6,,,30.15,,,,,,,,,,,,,
Garage,Temp & Humidity Sensor,2020/12/16 5:10 AM,41.5,70.0,32.5,38.6,,,30.16,,,,,,,,,,,,,
Garage,Temp & Humidity Sensor,2020/12/16 5:15 AM,41.5,70.0,32.5,38.6,,,30.15,,,,,,,,,,,,,
Garage,Temp & Humidity Sensor,2020/12/16 5:20 AM,41.5,70.0,32.5,38.6,,,30.15,,,,,,,,,,,,,
Garage,Temp & Humidity Sensor,2020/12/16 5:25 AM,41.5,70.0,32.5,38.6,,,30.15,,,,,,,,,,,,,
Garage,Temp & Humidity Sensor,2020/12/16 5:30 AM,41.5,70.0,32.5,38.6,,,30.15,,,,,,,,,,,,,
Garage,Temp & Humidity Sensor,2020/12/16 5:35 AM,41.5,70.0,32.5,38.6,,,30.15,,,,,,,,,,,,,
Garage,Temp & Humidity Sensor,2020/12/16 5:40 AM,41.5,70.0,32.5,38.6,,,30.15,,,,,,,,,,,,,
Garage,Temp & Humidity Sensor,2020/12/16 5:45 AM,41.5,70.0,32.5,38.6,,,30.14,,,,,,,,,,,,,
Garage,Temp & Humidity Sensor,2020/12/16 5:50 AM,41.5,70.0,32.5,38.6,,,30.14,,,,,,,,,,,,,
Garage,Temp & Humidity Sensor,2020/12/16 5:55 AM,41.5,70.0,32.5,38.6,,,30.14,,,,,,,,,,,,,
Garage,Temp & Humidity Sensor,2020/12/16 6:00 AM,41.5,70.0,32.5,38.6,,,30.13,,,,,,,,,,,,,
Garage,Temp & Humidity Sensor,2020/12/16 6:05 AM,41.5,70.0,32.5,38.6,,,30.13,,,,,,,,,,,,,
Garage,Temp & Humidity Sensor,2020/12/16 6:10 AM,41.5,70.0,32.5,38.6,,,30.12,,,,,,,,,,,,,
Garage,Temp & Humidity Sensor,2020/12/16 6:15 AM,41.5,70.0,32.5,38.6,,,30.12,,,,,,,,,,,,,
Garage,Temp & Humidity Sensor,2020/12/16 6:20 AM,41.5,70.0,32.5,38.6,,,30.12,,,,,,,,,,,,,
Garage,Temp & Humidity Sensor,2020/12/16 6:25 AM,41.5,70.0,32.5,38.6,,,30.11,,,,,,,,,,,,,
Garage,Temp & Humidity Sensor,2020/12/16 6:30 AM,41.5,70.0,32.5,38.6,,,30.11,,,,,,,,,,,,,
Garage,Temp & Humidity Sensor,2020/12/16 6:35 AM,41.5,70.0,32.5,38.6,,,30.1,,,,,,,,,,,,,
Garage,Temp & Humidity Sensor,2020/12/16 6:40 AM,41.5,70.0,32.5,38.6,,,30.11,,,,,,,,,,,,,
Garage,Temp & Humidity Sensor,2020/12/16 6:45 AM,41.5,70.0,32.5,38.6,,,30.11,,,,,,,,,,,,,
Garage,Temp & Humidity Sensor,2020/12/16 6:50 AM,41.5,70.0,32.5,38.6,,,30.11,,,,,,,,,,,,,
Garage,Temp & Humidity Sensor,2020/12/16 6:55 AM,41.5,70.0,32.5,38.6,,,30.11,,,,,,,,,,,,,
Garage,Temp & Humidity Sensor,2020/12/16 7:00 AM,41.5,70.0,32.5,38.6,,,30.11,,,,,,,,,,,,,
Garage,Temp & Humidity Sensor,2020/12/16 7:05 AM,41.5,70.0,32.5,38.6,,,30.11,,,,,,,,,,,,,
Garage,Temp & Humidity Sensor,2020/12/16 7:10 AM,41.5,70.0,32.5,38.6,,,30.11,,,,,,,,,,,,,
Garage,Temp & Humidity Sensor,2020/12/16 7:15 AM,41.5,70.0,32.5,38.6,,,30.12,,,,,,,,,,,,,
Garage,Temp & Humidity Sensor,2020/12/16 7:20 AM,41.5,70.0,32.5,38.6,,,30.12,,,,,,,,,,,,,
Garage,Temp & Humidity Sensor,2020/12/16 7:25 AM,41.5,70.0,32.5,38.6,,,30.13,,,,,,,,,,,,,
Garage,Temp & Humidity Sensor,2020/12/16 7:30 AM,41.5,70.0,32.5,38.6,,,30.12,,,,,,,,,,,,,
Garage,Temp & Humidity Sensor,2020/12/16 7:35 AM,41.5,70.0,32.5,38.6,,,30.11,,,,,,,,,,,,,
Garage,Temp & Humidity Sensor,2020/12/16 7:40 AM,41.5,70.0,32.5,38.6,,,30.11,,,,,,,,,,,,,
Garage,Temp & Humidity Sensor,2020/12/16 7:45 AM,41.3,70.0,32.3,38.4,,,30.11,,,,,,,,,,,,,
Garage,Temp & Humidity Sensor,2020/12/16 7:50 AM,41.3,70.0,32.3,38.4,,,30.11,,,,,,,,,,,,,
Garage,Temp & Humidity Sensor,2020/12/16 7:55 AM,41.3,70.0,32.3,38.4,,,30.1,,,,,,,,,,,,,
Garage,Temp & Humidity Sensor,2020/12/16 8:00 AM,41.3,70.0,32.3,38.4,,,30.11,,,,,,,,,,,,,
Garage,Temp & Humidity Sensor,2020/12/16 8:05 AM,41.3,70.0,32.3,38.4,,,30.11,,,,,,,,,,,,,
Garage,Temp & Humidity Sensor,2020/12/16 8:10 AM,41.3,70.0,32.3,38.4,,,30.11,,,,,,,,,,,,,
Garage,Temp & Humidity Sensor,2020/12/16 8:15 AM,41.3,70.0,32.3,38.4,,,30.11,,,,,,,,,,,,,
Garage,Temp & Humidity Sensor,2020/12/16 8:20 AM,41.3,70.0,32.3,38.4,,,30.1,,,,,,,,,,,,,
Garage,Temp & Humidity Sensor,2020/12/16 8:25 AM,41.3,70.0,32.3,38.4,,,30.1,,,,,,,,,,,,,
Garage,Temp & Humidity Sensor,2020/12/16 8:30 AM,41.3,70.0,32.3,38.4,,,30.09,,,,,,,,,,,,,
Garage,Temp & Humidity Sensor,2020/12/16 8:35 AM,41.3,70.0,32.3,38.4,,,30.08,,,,,,,,,,,,,
Garage,Temp & Humidity Sensor,2020/12/16 8:40 AM,41.3,70.0,32.3,38.4,,,30.07,,,,,,,,,,,,,
Garage,Temp & Humidity Sensor,2020/12/16 8:45 AM,41.3,70.0,32.3,38.4,,,30.07,,,,,,,,,,,,,
Garage,Temp & Humidity Sensor,2020/12/16 8:50 AM,41.3,70.0,32.3,38.4,,,30.06,,,,,,,,,,,,,
Garage,Temp & Humidity Sensor,2020/12/16 8:55 AM,41.3,70.0,32.3,38.4,,,30.05,,,,,,,,,,,,,
Garage,Temp & Humidity Sensor,2020/12/16 9:00 AM,41.3,70.0,32.3,38.4,,,30.05,,,,,,,,,,,,,
Garage,Temp & Humidity Sensor,2020/12/16 9:05 AM,41.3,70.0,32.3,38.4,,,30.05,,,,,,,,,,,,,
Garage,Temp & Humidity Sensor,2020/12/16 9:10 AM,41.3,71.0,32.6,38.5,,,30.05,,,,,,,,,,,,,
Garage,Temp & Humidity Sensor,2020/12/16 9:15 AM,41.3,71.0,32.6,38.5,,,30.05,,,,,,,,,,,,,
Garage,Temp & Humidity Sensor,2020/12/16 9:20 AM,41.3,71.0,32.6,38.5,,,30.06,,,,,,,,,,,,,
Garage,Temp & Humidity Sensor,2020/12/16 9:25 AM,41.3,71.0,32.6,38.5,,,30.07,,,,,,,,,,,,,
Garage,Temp & Humidity Sensor,2020/12/16 9:30 AM,41.3,71.0,32.6,38.5,,,30.08,,,,,,,,,,,,,
Garage,Temp & Humidity Sensor,2020/12/16 9:35 AM,41.3,71.0,32.6,38.5,,,30.08,,,,,,,,,,,,,
Garage,Temp & Humidity Sensor,2020/12/16 9:40 AM,41.3,71.0,32.6,38.5,,,30.07,,,,,,,,,,,,,
Garage,Temp & Humidity Sensor,2020/12/16 9:45 AM,41.3,71.0,32.6,38.5,,,30.08,,,,,,,,,,,,,
Garage,Temp & Humidity Sensor,2020/12/16 9:50 AM,41.5,71.0,32.8,38.7,,,30.07,,,,,,,,,,,,,
Garage,Temp & Humidity Sensor,2020/12/16 9:55 AM,41.5,71.0,32.8,38.7,,,30.06,,,,,,,,,,,,,
Garage,Temp & Humidity Sensor,2020/12/16 10:00 AM,41.5,71.0,32.8,38.7,,,30.04,,,,,,,,,,,,,
Garage,Temp & Humidity Sensor,2020/12/16 10:05 AM,41.5,71.0,32.8,38.7,,,30.03,,,,,,,,,,,,,
Garage,Temp & Humidity Sensor,2020/12/16 10:10 AM,41.5,71.0,32.8,38.7,,,30.04,,,,,,,,,,,,,
Garage,Temp & Humidity Sensor,2020/12/16 10:15 AM,41.5,71.0,32.8,38.7,,,30.03,,,,,,,,,,,,,
Garage,Temp & Humidity Sensor,2020/12/16 10:20 AM,41.5,71.0,32.8,38.7,,,30.02,,,,,,,,,,,,,
Garage,Temp & Humidity Sensor,2020/12/16 10:25 AM,41.5,71.0,32.8,38.7,,,30.01,,,,,,,,,,,,,
Garage,Temp & Humidity Sensor,2020/12/16 10:30 AM,41.5,71.0,32.8,38.7,,,30.0,,,,,,,,,,,,,
Garage,Temp & Humidity Sensor,2020/12/16 10:35 AM,41.5,71.0,32.8,38.7,,,30.0,,,,,,,,,,,,,
Garage,Temp & Humidity Sensor,2020/12/16 10:40 AM,41.5,71.0,32.8,38.7,,,29.99,,,,,,,,,,,,,
Garage,Temp & Humidity Sensor,2020/12/16 10:45 AM,41.5,71.0,32.8,38.7,,,29.98,,,,,,,,,,,,,
Garage,Temp & Humidity Sensor,2020/12/16 10:50 AM,41.5,71.0,32.8,38.7,,,29.99,,,,,,,,,,,,,
Garage,Temp & Humidity Sensor,2020/12/16 10:55 AM,41.5,71.0,32.8,38.7,,,29.99,,,,,,,,,,,,,
Garage,Temp & Humidity Sensor,2020/12/16 11:00 AM,41.7,71.0,33.0,38.9,,,29.98,,,,,,,,,,,,,
Garage,Temp & Humidity Sensor,2020/12/16 11:05 AM,41.7,71.0,33.0,38.9,,,29.97,,,,,,,,,,,,,
Garage,Temp & Humidity Sensor,2020/12/16 11:10 AM,41.7,71.0,33.0,38.9,,,29.95,,,,,,,,,,,,,
Garage,Temp & Humidity Sensor,2020/12/16 11:15 AM,41.7,71.0,33.0,38.9,,,29.95,,,,,,,,,,,,,
Garage,Temp & Humidity Sensor,2020/12/16 11:20 AM,41.7,71.0,33.0,38.9,,,29.95,,,,,,,,,,,,,
Garage,Temp & Humidity Sensor,2020/12/16 11:25 AM,41.7,71.0,33.0,38.9,,,29.94,,,,,,,,,,,,,
Garage,Temp & Humidity Sensor,2020/12/16 11:30 AM,41.7,71.0,33.0,38.9,,,29.95,,,,,,,,,,,,,
Garage,Temp & Humidity Sensor,2020/12/16 11:35 AM,41.9,71.0,33.2,39.1,,,29.95,,,,,,,,,,,,,
Garage,Temp & Humidity Sensor,2020/12/16 11:40 AM,41.9,71.0,33.2,39.1,,,29.94,,,,,,,,,,,,,
Garage,Temp & Humidity Sensor,2020/12/16 11:45 AM,41.9,71.0,33.2,39.1,,,29.94,,,,,,,,,,,,,
Garage,Temp & Humidity Sensor,2020/12/16 11:50 AM,41.9,71.0,33.2,39.1,,,29.94,,,,,,,,,,,,,
Garage,Temp & Humidity Sensor,2020/12/16 11:55 AM,41.9,71.0,33.2,39.1,,,29.94,,,,,,,,,,,,,
Garage,Temp & Humidity Sensor,2020/12/16 12:00 PM,41.9,71.0,33.2,39.1,,,29.94,,,,,,,,,,,,,
Garage,Temp & Humidity Sensor,2020/12/16 12:05 PM,41.9,71.0,33.2,39.1,,,29.93,,,,,,,,,,,,,
Garage,Temp & Humidity Sensor,2020/12/16 12:10 PM,41.9,71.0,33.2,39.1,,,29.95,,,,,,,,,,,,,
Garage,Temp & Humidity Sensor,2020/12/16 12:15 PM,42.0,72.0,33.6,39.3,,,29.94,,,,,,,,,,,,,
Garage,Temp & Humidity Sensor,2020/12/16 12:20 PM,42.0,72.0,33.6,39.3,,,29.93,,,,,,,,,,,,,
Garage,Temp & Humidity Sensor,2020/12/16 12:25 PM,42.0,72.0,33.6,39.3,,,29.95,,,,,,,,,,,,,
Garage,Temp & Humidity Sensor,2020/12/16 12:30 PM,42.0,72.0,33.6,39.3,,,29.95,,,,,,,,,,,,,
Garage,Temp & Humidity Sensor,2020/12/16 12:35 PM,42.0,72.0,33.6,39.3,,,29.96,,,,,,,,,,,,,
Garage,Temp & Humidity Sensor,2020/12/16 12:40 PM,42.0,72.0,33.6,39.3,,,29.97,,,,,,,,,,,,,
Garage,Temp & Humidity Sensor,2020/12/16 12:45 PM,42.0,72.0,33.6,39.3,,,29.96,,,,,,,,,,,,,
Garage,Temp & Humidity Sensor,2020/12/16 12:50 PM,42.2,72.0,33.8,39.5,,,29.96,,,,,,,,,,,,,
Garage,Temp & Humidity Sensor,2020/12/16 12:55 PM,42.2,72.0,33.8,39.5,,,29.98,,,,,,,,,,,,,
Garage,Temp & Humidity Sensor,2020/12/16 1:00 PM,42.2,72.0,33.8,39.5,,,29.97,,,,,,,,,,,,,
Garage,Temp & Humidity Sensor,2020/12/16 1:10 PM,42.2,72.0,33.8,39.5,,,29.96,,,,,,,,,,,,,
Garage,Temp & Humidity Sensor,2020/12/16 1:15 PM,42.2,72.0,33.8,39.5,,,29.93,,,,,,,,,,,,,
Garage,Temp & Humidity Sensor,2020/12/16 1:20 PM,42.2,72.0,33.8,39.5,,,29.95,,,,,,,,,,,,,
Garage,Temp & Humidity Sensor,2020/12/16 1:25 PM,42.2,72.0,33.8,39.5,,,29.94,,,,,,,,,,,,,
Garage,Temp & Humidity Sensor,2020/12/16 1:30 PM,42.2,72.0,33.8,39.5,,,29.95,,,,,,,,,,,,,
Garage,Temp & Humidity Sensor,2020/12/16 1:35 PM,42.2,72.0,33.8,39.5,,,29.94,,,,,,,,,,,,,
Garage,Temp & Humidity Sensor,2020/12/16 1:40 PM,42.2,72.0,33.8,39.5,,,29.94,,,,,,,,,,,,,
Garage,Temp & Humidity Sensor,2020/12/16 1:45 PM,42.2,72.0,33.8,39.5,,,29.94,,,,,,,,,,,,,
Garage,Temp & Humidity Sensor,2020/12/16 1:50 PM,42.2,72.0,33.8,39.5,,,29.93,,,,,,,,,,,,,
Garage,Temp & Humidity Sensor,2020/12/16 1:55 PM,42.2,72.0,33.8,39.5,,,29.93,,,,,,,,,,,,,
Garage,Temp & Humidity Sensor,2020/12/16 2:00 PM,42.2,72.0,33.8,39.5,,,29.92,,,,,,,,,,,,,
Garage,Temp & Humidity Sensor,2020/12/16 2:05 PM,42.2,72.0,33.8,39.5,,,29.92,,,,,,,,,,,,,
Garage,Temp & Humidity Sensor,2020/12/16 2:10 PM,42.2,72.0,33.8,39.5,,,29.92,,,,,,,,,,,,,
Garage,Temp & Humidity Sensor,2020/12/16 2:15 PM,42.0,72.0,33.6,39.3,,,29.91,,,,,,,,,,,,,
Garage,Temp & Humidity Sensor,2020/12/16 2:20 PM,42.0,72.0,33.6,39.3,,,29.91,,,,,,,,,,,,,
Garage,Temp & Humidity Sensor,2020/12/16 2:25 PM,42.0,72.0,33.6,39.3,,,29.9,,,,,,,,,,,,,
Garage,Temp & Humidity Sensor,2020/12/16 2:30 PM,42.0,72.0,33.6,39.3,,,29.9,,,,,,,,,,,,,
Garage,Temp & Humidity Sensor,2020/12/16 2:35 PM,42.0,72.0,33.6,39.3,,,29.9,,,,,,,,,,,,,
Garage,Temp & Humidity Sensor,2020/12/16 2:40 PM,42.0,72.0,33.6,39.3,,,29.88,,,,,,,,,,,,,
Garage,Temp & Humidity Sensor,2020/12/16 2:45 PM,42.0,72.0,33.6,39.3,,,29.88,,,,,,,,,,,,,
Garage,Temp & Humidity Sensor,2020/12/16 2:50 PM,42.0,72.0,33.6,39.3,,,29.87,,,,,,,,,,,,,
Garage,Temp & Humidity Sensor,2020/12/16 2:55 PM,42.0,72.0,33.6,39.3,,,29.86,,,,,,,,,,,,,
Garage,Temp & Humidity Sensor,2020/12/16 3:00 PM,42.0,72.0,33.6,39.3,,,29.86,,,,,,,,,,,,,
Garage,Temp & Humidity Sensor,2020/12/16 3:05 PM,42.0,72.0,33.6,39.3,,,29.86,,,,,,,,,,,,,
Garage,Temp & Humidity Sensor,2020/12/16 3:10 PM,42.0,72.0,33.6,39.3,,,29.85,,,,,,,,,,,,,
Garage,Temp & Humidity Sensor,2020/12/16 3:15 PM,42.0,72.0,33.6,39.3,,,29.85,,,,,,,,,,,,,
Garage,Temp & Humidity Sensor,2020/12/16 3:20 PM,42.0,72.0,33.6,39.3,,,29.86,,,,,,,,,,,,,
Garage,Temp & Humidity Sensor,2020/12/16 3:25 PM,42.0,72.0,33.6,39.3,,,29.84,,,,,,,,,,,,,
Garage,Temp & Humidity Sensor,2020/12/16 3:30 PM,42.0,72.0,33.6,39.3,,,29.85,,,,,,,,,,,,,
Garage,Temp & Humidity Sensor,2020/12/16 3:35 PM,42.0,72.0,33.6,39.3,,,29.85,,,,,,,,,,,,,
Garage,Temp & Humidity Sensor,2020/12/16 3:40 PM,42.0,72.0,33.6,39.3,,,29.85,,,,,,,,,,,,,
Garage,Temp & Humidity Sensor,2020/12/16 3:45 PM,42.0,72.0,33.6,39.3,,,29.85,,,,,,,,,,,,,
Garage,Temp & Humidity Sensor,2020/12/16 3:50 PM,42.0,72.0,33.6,39.3,,,29.85,,,,,,,,,,,,,
Garage,Temp & Humidity Sensor,2020/12/16 3:55 PM,42.0,72.0,33.6,39.3,,,29.86,,,,,,,,,,,,,
Garage,Temp & Humidity Sensor,2020/12/16 4:00 PM,42.0,72.0,33.6,39.3,,,29.85,,,,,,,,,,,,,
Garage,Temp & Humidity Sensor,2020/12/16 4:05 PM,42.0,72.0,33.6,39.3,,,29.86,,,,,,,,,,,,,
Garage,Temp & Humidity Sensor,2020/12/16 4:10 PM,42.0,72.0,33.6,39.3,,,29.86,,,,,,,,,,,,,
Garage,Temp & Humidity Sensor,2020/12/16 4:15 PM,42.0,72.0,33.6,39.3,,,29.86,,,,,,,,,,,,,
Garage,Temp & Humidity Sensor,2020/12/16 4:20 PM,42.0,72.0,33.6,39.3,,,29.85,,,,,,,,,,,,,
Garage,Temp & Humidity Sensor,2020/12/16 4:25 PM,41.9,72.0,33.5,39.2,,,29.86,,,,,,,,,,,,,
Garage,Temp & Humidity Sensor,2020/12/16 4:30 PM,41.9,72.0,33.5,39.2,,,29.85,,,,,,,,,,,,,
Garage,Temp & Humidity Sensor,2020/12/16 4:35 PM,41.9,72.0,33.5,39.2,,,29.85,,,,,,,,,,,,,
Garage,Temp & Humidity Sensor,2020/12/16 4:40 PM,41.9,72.0,33.5,39.2,,,29.85,,,,,,,,,,,,,
Garage,Temp & Humidity Sensor,2020/12/16 4:45 PM,41.9,72.0,33.5,39.2,,,29.84,,,,,,,,,,,,,
Garage,Temp & Humidity Sensor,2020/12/16 4:50 PM,41.9,72.0,33.5,39.2,,,29.85,,,,,,,,,,,,,
Garage,Temp & Humidity Sensor,2020/12/16 4:55 PM,41.9,72.0,33.5,39.2,,,29.85,,,,,,,,,,,,,
Garage,Temp & Humidity Sensor,2020/12/16 5:00 PM,41.9,72.0,33.5,39.2,,,29.86,,,,,,,,,,,,,
Garage,Temp & Humidity Sensor,2020/12/16 5:05 PM,41.9,72.0,33.5,39.2,,,29.87,,,,,,,,,,,,,
Garage,Temp & Humidity Sensor,2020/12/16 5:10 PM,41.9,72.0,33.5,39.2,,,29.87,,,,,,,,,,,,,
Garage,Temp & Humidity Sensor,2020/12/16 5:15 PM,41.9,72.0,33.5,39.2,,,29.85,,,,,,,,,,,,,
Garage,Temp & Humidity Sensor,2020/12/16 5:20 PM,41.9,72.0,33.5,39.2,,,29.85,,,,,,,,,,,,,
Garage,Temp & Humidity Sensor,2020/12/16 5:25 PM,41.9,72.0,33.5,39.2,,,29.84,,,,,,,,,,,,,
Garage,Temp & Humidity Sensor,2020/12/16 5:30 PM,41.9,72.0,33.5,39.2,,,29.84,,,,,,,,,,,,,
Garage,Temp & Humidity Sensor,2020/12/16 5:35 PM,41.9,72.0,33.5,39.2,,,29.84,,,,,,,,,,,,,
Garage,Temp & Humidity Sensor,2020/12/16 5:40 PM,41.9,72.0,33.5,39.2,,,29.85,,,,,,,,,,,,,
Garage,Temp & Humidity Sensor,2020/12/16 5:45 PM,41.9,72.0,33.5,39.2,,,29.85,,,,,,,,,,,,,
Garage,Temp & Humidity Sensor,2020/12/16 5:50 PM,41.9,72.0,33.5,39.2,,,29.87,,,,,,,,,,,,,
Garage,Temp & Humidity Sensor,2020/12/16 5:55 PM,41.7,72.0,33.4,39.0,,,29.88,,,,,,,,,,,,,
Garage,Temp & Humidity Sensor,2020/12/16 6:00 PM,41.7,72.0,33.4,39.0,,,29.87,,,,,,,,,,,,,
Garage,Temp & Humidity Sensor,2020/12/16 6:05 PM,41.7,72.0,33.4,39.0,,,29.87,,,,,,,,,,,,,
Garage,Temp & Humidity Sensor,2020/12/16 6:10 PM,41.7,72.0,33.4,39.0,,,29.87,,,,,,,,,,,,,
Garage,Temp & Humidity Sensor,2020/12/16 6:15 PM,41.7,72.0,33.4,39.0,,,29.87,,,,,,,,,,,,,
Garage,Temp & Humidity Sensor,2020/12/16 6:20 PM,41.7,72.0,33.4,39.0,,,29.87,,,,,,,,,,,,,
Garage,Temp & Humidity Sensor,2020/12/16 6:25 PM,41.7,72.0,33.4,39.0,,,29.87,,,,,,,,,,,,,
Garage,Temp & Humidity Sensor,2020/12/16 6:30 PM,41.7,72.0,33.4,39.0,,,29.87,,,,,,,,,,,,,
Garage,Temp & Humidity Sensor,2020/12/16 6:35 PM,41.7,72.0,33.4,39.0,,,29.87,,,,,,,,,,,,,
Garage,Temp & Humidity Sensor,2020/12/16 6:40 PM,41.7,72.0,33.4,39.0,,,29.88,,,,,,,,,,,,,
Garage,Temp & Humidity Sensor,2020/12/16 6:45 PM,41.7,72.0,33.4,39.0,,,29.88,,,,,,,,,,,,,
Garage,Temp & Humidity Sensor,2020/12/16 6:50 PM,41.7,72.0,33.4,39.0,,,29.88,,,,,,,,,,,,,
Garage,Temp & Humidity Sensor,2020/12/16 6:55 PM,41.7,72.0,33.4,39.0,,,29.88,,,,,,,,,,,,,
Garage,Temp & Humidity Sensor,2020/12/16 7:00 PM,41.5,72.0,33.2,38.7,,,29.88,,,,,,,,,,,,,
Garage,Temp & Humidity Sensor,2020/12/16 7:05 PM,41.5,72.0,33.2,38.7,,,29.88,,,,,,,,,,,,,
Garage,Temp & Humidity Sensor,2020/12/16 7:10 PM,41.5,72.0,33.2,38.7,,,29.87,,,,,,,,,,,,,
Garage,Temp & Humidity Sensor,2020/12/16 7:15 PM,41.5,72.0,33.2,38.7,,,29.88,,,,,,,,,,,,,
Garage,Temp & Humidity Sensor,2020/12/16 7:20 PM,41.5,72.0,33.2,38.7,,,29.88,,,,,,,,,,,,,
Garage,Temp & Humidity Sensor,2020/12/16 7:25 PM,41.5,72.0,33.2,38.7,,,29.88,,,,,,,,,,,,,
Garage,Temp & Humidity Sensor,2020/12/16 7:30 PM,41.5,72.0,33.2,38.7,,,29.9,,,,,,,,,,,,,
Garage,Temp & Humidity Sensor,2020/12/16 7:35 PM,41.5,72.0,33.2,38.7,,,29.9,,,,,,,,,,,,,
Garage,Temp & Humidity Sensor,2020/12/16 7:40 PM,41.5,72.0,33.2,38.7,,,29.9,,,,,,,,,,,,,
Garage,Temp & Humidity Sensor,2020/12/16 7:45 PM,41.5,72.0,33.2,38.7,,,29.9,,,,,,,,,,,,,
Garage,Temp & Humidity Sensor,2020/12/16 7:50 PM,41.5,72.0,33.2,38.7,,,29.9,,,,,,,,,,,,,
Garage,Temp & Humidity Sensor,2020/12/16 7:55 PM,41.5,72.0,33.2,38.7,,,29.9,,,,,,,,,,,,,
Garage,Temp & Humidity Sensor,2020/12/16 8:00 PM,41.5,72.0,33.2,38.7,,,29.91,,,,,,,,,,,,,
Garage,Temp & Humidity Sensor,2020/12/16 8:05 PM,41.5,72.0,33.2,38.7,,,29.9,,,,,,,,,,,,,
Garage,Temp & Humidity Sensor,2020/12/16 8:10 PM,41.5,72.0,33.2,38.7,,,29.89,,,,,,,,,,,,,
Garage,Temp & Humidity Sensor,2020/12/16 8:15 PM,41.5,72.0,33.2,38.7,,,29.88,,,,,,,,,,,,,
Garage,Temp & Humidity Sensor,2020/12/16 8:20 PM,41.5,72.0,33.2,38.7,,,29.88,,,,,,,,,,,,,
Garage,Temp & Humidity Sensor,2020/12/16 8:25 PM,41.5,72.0,33.2,38.7,,,29.87,,,,,,,,,,,,,
Garage,Temp & Humidity Sensor,2020/12/16 8:30 PM,41.5,72.0,33.2,38.7,,,29.87,,,,,,,,,,,,,
Garage,Temp & Humidity Sensor,2020/12/16 8:35 PM,41.5,72.0,33.2,38.7,,,29.87,,,,,,,,,,,,,
Garage,Temp & Humidity Sensor,2020/12/16 8:40 PM,41.5,72.0,33.2,38.7,,,29.87,,,,,,,,,,,,,
Garage,Temp & Humidity Sensor,2020/12/16 8:45 PM,41.5,72.0,33.2,38.7,,,29.87,,,,,,,,,,,,,
Garage,Temp & Humidity Sensor,2020/12/16 8:50 PM,41.5,72.0,33.2,38.7,,,29.88,,,,,,,,,,,,,
Garage,Temp & Humidity Sensor,2020/12/16 8:55 PM,41.5,72.0,33.2,38.7,,,29.88,,,,,,,,,,,,,
Garage,Temp & Humidity Sensor,2020/12/16 9:00 PM,41.5,72.0,33.2,38.7,,,29.88,,,,,,,,,,,,,
Garage,Temp & Humidity Sensor,2020/12/16 9:05 PM,41.5,72.0,33.2,38.7,,,29.88,,,,,,,,,,,,,
Garage,Temp & Humidity Sensor,2020/12/16 9:10 PM,41.5,72.0,33.2,38.7,,,29.88,,,,,,,,,,,,,
Garage,Temp & Humidity Sensor,2020/12/16 9:15 PM,41.5,72.0,33.2,38.7,,,29.88,,,,,,,,,,,,,
Garage,Temp & Humidity Sensor,2020/12/16 9:20 PM,41.5,72.0,33.2,38.7,,,29.88,,,,,,,,,,,,,
Garage,Temp & Humidity Sensor,2020/12/16 9:25 PM,41.5,72.0,33.2,38.7,,,29.88,,,,,,,,,,,,,
Garage,Temp & Humidity Sensor,2020/12/16 9:30 PM,41.3,72.0,33.0,38.5,,,29.88,,,,,,,,,,,,,
Garage,Temp & Humidity Sensor,2020/12/16 9:35 PM,41.3,72.0,33.0,38.5,,,29.88,,,,,,,,,,,,,
Garage,Temp & Humidity Sensor,2020/12/16 9:40 PM,41.3,72.0,33.0,38.5,,,29.88,,,,,,,,,,,,,
Garage,Temp & Humidity Sensor,2020/12/16 9:45 PM,41.3,72.0,33.0,38.5,,,29.88,,,,,,,,,,,,,
Garage,Temp & Humidity Sensor,2020/12/16 9:50 PM,41.3,72.0,33.0,38.5,,,29.88,,,,,,,,,,,,,
Garage,Temp & Humidity Sensor,2020/12/16 9:55 PM,41.3,72.0,33.0,38.5,,,29.88,,,,,,,,,,,,,
Garage,Temp & Humidity Sensor,2020/12/16 10:00 PM,41.1,72.0,32.8,38.3,,,29.88,,,,,,,,,,,,,
Garage,Temp & Humidity Sensor,2020/12/16 10:05 PM,41.1,72.0,32.8,38.3,,,29.89,,,,,,,,,,,,,
Garage,Temp & Humidity Sensor,2020/12/16 10:10 PM,41.1,72.0,32.8,38.3,,,29.89,,,,,,,,,,,,,
Garage,Temp & Humidity Sensor,2020/12/16 10:15 PM,41.1,72.0,32.8,38.3,,,29.89,,,,,,,,,,,,,
Garage,Temp & Humidity Sensor,2020/12/16 10:20 PM,41.1,72.0,32.8,38.3,,,29.89,,,,,,,,,,,,,
Garage,Temp & Humidity Sensor,2020/12/16 10:25 PM,41.1,72.0,32.8,38.3,,,29.9,,,,,,,,,,,,,
Garage,Temp & Humidity Sensor,2020/12/16 10:30 PM,41.1,72.0,32.8,38.3,,,29.9,,,,,,,,,,,,,
Garage,Temp & Humidity Sensor,2020/12/16 10:35 PM,41.0,72.0,32.7,38.2,,,29.9,,,,,,,,,,,,,
Garage,Temp & Humidity Sensor,2020/12/16 10:40 PM,41.0,72.0,32.7,38.2,,,29.89,,,,,,,,,,,,,
Garage,Temp & Humidity Sensor,2020/12/16 10:45 PM,41.0,72.0,32.7,38.2,,,29.89,,,,,,,,,,,,,
Garage,Temp & Humidity Sensor,2020/12/16 10:50 PM,41.0,72.0,32.7,38.2,,,29.89,,,,,,,,,,,,,
Garage,Temp & Humidity Sensor,2020/12/16 10:55 PM,41.0,72.0,32.7,38.2,,,29.89,,,,,,,,,,,,,
Garage,Temp & Humidity Sensor,2020/12/16 11:00 PM,41.0,72.0,32.7,38.2,,,29.89,,,,,,,,,,,,,
Garage,Temp & Humidity Sensor,2020/12/16 11:05 PM,41.0,72.0,32.7,38.2,,,29.9,,,,,,,,,,,,,
Garage,Temp & Humidity Sensor,2020/12/16 11:10 PM,41.0,72.0,32.7,38.2,,,29.9,,,,,,,,,,,,,
Garage,Temp & Humidity Sensor,2020/12/16 11:15 PM,41.0,72.0,32.7,38.2,,,29.9,,,,,,,,,,,,,
Garage,Temp & Humidity Sensor,2020/12/16 11:20 PM,41.0,72.0,32.7,38.2,,,29.9,,,,,,,,,,,,,
Garage,Temp & Humidity Sensor,2020/12/16 11:25 PM,41.0,72.0,32.7,38.2,,,29.9,,,,,,,,,,,,,
Garage,Temp & Humidity Sensor,2020/12/16 11:30 PM,41.0,72.0,32.7,38.2,,,29.9,,,,,,,,,,,,,
Garage,Temp & Humidity Sensor,2020/12/16 11:35 PM,40.8,73.0,32.8,38.0,,,29.9,,,,,,,,,,,,,
Garage,Temp & Humidity Sensor,2020/12/16 11:40 PM,40.8,73.0,32.8,38.0,,,29.9,,,,,,,,,,,,,
Garage,Temp & Humidity Sensor,2020/12/16 11:45 PM,40.8,73.0,32.8,38.0,,,29.9,,,,,,,,,,,,,
Garage,Temp & Humidity Sensor,2020/12/16 11:50 PM,40.8,73.0,32.8,38.0,,,29.9,,,,,,,,,,,,,
Garage,Temp & Humidity Sensor,2020/12/16 11:55 PM,40.8,73.0,32.8,38.0,,,29.9,,,,,,,,,,,,,
Garage,Temp & Humidity Sensor,2020/12/17 12:00 AM,40.8,73.0,32.8,38.0,,,29.9,,,,,,,,,,,,,
Garage,Temp & Humidity Sensor,2020/12/17 12:05 AM,40.8,73.0,32.8,38.0,,,29.9,,,,,,,,,,,,,
Garage,Temp & Humidity Sensor,2020/12/17 12:10 AM,40.8,73.0,32.8,38.0,,,29.9,,,,,,,,,,,,,
Garage,Temp & Humidity Sensor,2020/12/17 12:15 AM,40.8,73.0,32.8,38.0,,,29.9,,,,,,,,,,,,,
Garage,Temp & Humidity Sensor,2020/12/17 12:20 AM,40.8,73.0,32.8,38.0,,,29.9,,,,,,,,,,,,,
Garage,Temp & Humidity Sensor,2020/12/17 12:25 AM,40.8,73.0,32.8,38.0,,,29.9,,,,,,,,,,,,,
Garage,Temp & Humidity Sensor,2020/12/17 12:30 AM,40.8,73.0,32.8,38.0,,,29.9,,,,,,,,,,,,,
Garage,Temp & Humidity Sensor,2020/12/17 12:35 AM,40.8,73.0,32.8,38.0,,,29.9,,,,,,,,,,,,,
Garage,Temp & Humidity Sensor,2020/12/17 12:40 AM,40.8,73.0,32.8,38.0,,,29.9,,,,,,,,,,,,,
Garage,Temp & Humidity Sensor,2020/12/17 12:45 AM,40.8,73.0,32.8,38.0,,,29.9,,,,,,,,,,,,,
Garage,Temp & Humidity Sensor,2020/12/17 12:50 AM,40.8,73.0,32.8,38.0,,,29.9,,,,,,,,,,,,,
Garage,Temp & Humidity Sensor,2020/12/17 12:55 AM,40.8,73.0,32.8,38.0,,,29.9,,,,,,,,,,,,,
Garage,Temp & Humidity Sensor,2020/12/17 1:00 AM,40.8,73.0,32.8,38.0,,,29.9,,,,,,,,,,,,,
Garage,Temp & Humidity Sensor,2020/12/17 1:05 AM,41.0,73.0,33.0,38.2,,,29.9,,,,,,,,,,,,,
Garage,Temp & Humidity Sensor,2020/12/17 1:10 AM,41.0,73.0,33.0,38.2,,,29.9,,,,,,,,,,,,,
Garage,Temp & Humidity Sensor,2020/12/17 1:15 AM,41.0,73.0,33.0,38.2,,,29.9,,,,,,,,,,,,,
Garage,Temp & Humidity Sensor,2020/12/17 1:20 AM,41.0,73.0,33.0,38.2,,,29.9,,,,,,,,,,,,,
Garage,Temp & Humidity Sensor,2020/12/17 1:25 AM,41.0,73.0,33.0,38.2,,,29.9,,,,,,,,,,,,,
Garage,Temp & Humidity Sensor,2020/12/17 1:30 AM,41.0,73.0,33.0,38.2,,,29.9,,,,,,,,,,,,,
Garage,Temp & Humidity Sensor,2020/12/17 1:35 AM,41.0,73.0,33.0,38.2,,,29.9,,,,,,,,,,,,,
Garage,Temp & Humidity Sensor,2020/12/17 1:40 AM,41.0,73.0,33.0,38.2,,,29.9,,,,,,,,,,,,,
Garage,Temp & Humidity Sensor,2020/12/17 1:45 AM,41.0,73.0,33.0,38.2,,,29.9,,,,,,,,,,,,,
Garage,Temp & Humidity Sensor,2020/12/17 1:50 AM,41.0,73.0,33.0,38.2,,,29.9,,,,,,,,,,,,,
Garage,Temp & Humidity Sensor,2020/12/17 1:55 AM,41.0,73.0,33.0,38.2,,,29.9,,,,,,,,,,,,,
Garage,Temp & Humidity Sensor,2020/12/17 2:00 AM,41.0,73.0,33.0,38.2,,,29.9,,,,,,,,,,,,,
Garage,Temp & Humidity Sensor,2020/12/17 2:05 AM,41.0,73.0,33.0,38.2,,,29.9,,,,,,,,,,,,,
Garage,Temp & Humidity Sensor,2020/12/17 2:10 AM,41.0,73.0,33.0,38.2,,,29.9,,,,,,,,,,,,,
Garage,Temp & Humidity Sensor,2020/12/17 2:15 AM,41.0,73.0,33.0,38.2,,,29.91,,,,,,,,,,,,,
Garage,Temp & Humidity Sensor,2020/12/17 2:20 AM,41.0,73.0,33.0,38.2,,,29.91,,,,,,,,,,,,,
Garage,Temp & Humidity Sensor,2020/12/17 2:25 AM,41.0,73.0,33.0,38.2,,,29.9,,,,,,,,,,,,,
Garage,Temp & Humidity Sensor,2020/12/17 2:30 AM,41.1,73.0,33.1,38.3,,,29.91,,,,,,,,,,,,,
Garage,Temp & Humidity Sensor,2020/12/17 2:35 AM,41.1,73.0,33.1,38.3,,,29.91,,,,,,,,,,,,,
Garage,Temp & Humidity Sensor,2020/12/17 2:40 AM,41.1,73.0,33.1,38.3,,,29.91,,,,,,,,,,,,,
Garage,Temp & Humidity Sensor,2020/12/17 2:45 AM,41.1,73.0,33.1,38.3,,,29.91,,,,,,,,,,,,,
Garage,Temp & Humidity Sensor,2020/12/17 2:50 AM,41.1,73.0,33.1,38.3,,,29.91,,,,,,,,,,,,,
Garage,Temp & Humidity Sensor,2020/12/17 2:55 AM,41.1,73.0,33.1,38.3,,,29.91,,,,,,,,,,,,,
Garage,Temp & Humidity Sensor,2020/12/17 3:00 AM,41.1,73.0,33.1,38.3,,,29.92,,,,,,,,,,,,,
Garage,Temp & Humidity Sensor,2020/12/17 3:05 AM,41.1,73.0,33.1,38.3,,,29.92,,,,,,,,,,,,,
Garage,Temp & Humidity Sensor,2020/12/17 3:10 AM,41.1,73.0,33.1,38.3,,,29.92,,,,,,,,,,,,,
Garage,Temp & Humidity Sensor,2020/12/17 3:15 AM,41.1,73.0,33.1,38.3,,,29.92,,,,,,,,,,,,,
Garage,Temp & Humidity Sensor,2020/12/17 3:20 AM,41.1,73.0,33.1,38.3,,,29.91,,,,,,,,,,,,,
Garage,Temp & Humidity Sensor,2020/12/17 3:25 AM,41.1,73.0,33.1,38.3,,,29.91,,,,,,,,,,,,,
Garage,Temp & Humidity Sensor,2020/12/17 3:30 AM,41.1,73.0,33.1,38.3,,,29.91,,,,,,,,,,,,,
Garage,Temp & Humidity Sensor,2020/12/17 3:35 AM,41.1,73.0,33.1,38.3,,,29.91,,,,,,,,,,,,,
Garage,Temp & Humidity Sensor,2020/12/17 3:40 AM,41.1,73.0,33.1,38.3,,,29.91,,,,,,,,,,,,,
Garage,Temp & Humidity Sensor,2020/12/17 3:45 AM,41.1,73.0,33.1,38.3,,,29.92,,,,,,,,,,,,,
Garage,Temp & Humidity Sensor,2020/12/17 3:50 AM,41.1,73.0,33.1,38.3,,,29.92,,,,,,,,,,,,,
Garage,Temp & Humidity Sensor,2020/12/17 3:55 AM,41.1,73.0,33.1,38.3,,,29.93,,,,,,,,,,,,,
Garage,Temp & Humidity Sensor,2020/12/17 4:00 AM,41.1,73.0,33.1,38.3,,,29.93,,,,,,,,,,,,,
Garage,Temp & Humidity Sensor,2020/12/17 4:05 AM,41.1,73.0,33.1,38.3,,,29.93,,,,,,,,,,,,,
Garage,Temp & Humidity Sensor,2020/12/17 4:10 AM,41.1,73.0,33.1,38.3,,,29.93,,,,,,,,,,,,,
Garage,Temp & Humidity Sensor,2020/12/17 4:15 AM,41.1,73.0,33.1,38.3,,,29.93,,,,,,,,,,,,,
Garage,Temp & Humidity Sensor,2020/12/17 4:20 AM,41.1,73.0,33.1,38.3,,,29.93,,,,,,,,,,,,,
Garage,Temp & Humidity Sensor,2020/12/17 4:25 AM,41.1,73.0,33.1,38.3,,,29.93,,,,,,,,,,,,,
Garage,Temp & Humidity Sensor,2020/12/17 4:30 AM,41.1,73.0,33.1,38.3,,,29.93,,,,,,,,,,,,,
Garage,Temp & Humidity Sensor,2020/12/17 4:35 AM,41.1,73.0,33.1,38.3,,,29.93,,,,,,,,,,,,,
Garage,Temp & Humidity Sensor,2020/12/17 4:40 AM,41.1,73.0,33.1,38.3,,,29.94,,,,,,,,,,,,,
Garage,Temp & Humidity Sensor,2020/12/17 4:45 AM,41.1,73.0,33.1,38.3,,,29.94,,,,,,,,,,,,,
Garage,Temp & Humidity Sensor,2020/12/17 4:50 AM,41.1,73.0,33.1,38.3,,,29.94,,,,,,,,,,,,,
Garage,Temp & Humidity Sensor,2020/12/17 4:55 AM,41.1,73.0,33.1,38.3,,,29.94,,,,,,,,,,,,,
Garage,Temp & Humidity Sensor,2020/12/17 5:00 AM,41.1,73.0,33.1,38.3,,,29.95,,,,,,,,,,,,,
Garage,Temp & Humidity Sensor,2020/12/17 5:05 AM,41.1,73.0,33.1,38.3,,,29.95,,,,,,,,,,,,,
Garage,Temp & Humidity Sensor,2020/12/17 5:10 AM,41.1,73.0,33.1,38.3,,,29.95,,,,,,,,,,,,,
Garage,Temp & Humidity Sensor,2020/12/17 5:15 AM,41.1,73.0,33.1,38.3,,,29.95,,,,,,,,,,,,,
Garage,Temp & Humidity Sensor,2020/12/17 5:20 AM,41.1,73.0,33.1,38.3,,,29.95,,,,,,,,,,,,,
Garage,Temp & Humidity Sensor,2020/12/17 5:25 AM,41.1,73.0,33.1,38.3,,,29.95,,,,,,,,,,,,,
Garage,Temp & Humidity Sensor,2020/12/17 5:30 AM,41.1,73.0,33.1,38.3,,,29.96,,,,,,,,,,,,,
Garage,Temp & Humidity Sensor,2020/12/17 5:35 AM,41.3,73.0,33.3,38.6,,,29.96,,,,,,,,,,,,,
Garage,Temp & Humidity Sensor,2020/12/17 5:40 AM,41.3,73.0,33.3,38.6,,,29.96,,,,,,,,,,,,,
Garage,Temp & Humidity Sensor,2020/12/17 5:45 AM,41.1,73.0,33.1,38.3,,,29.97,,,,,,,,,,,,,
Garage,Temp & Humidity Sensor,2020/12/17 5:50 AM,41.1,73.0,33.1,38.3,,,29.97,,,,,,,,,,,,,
Garage,Temp & Humidity Sensor,2020/12/17 5:55 AM,41.1,73.0,33.1,38.3,,,29.97,,,,,,,,,,,,,
Garage,Temp & Humidity Sensor,2020/12/17 6:00 AM,41.1,73.0,33.1,38.3,,,29.97,,,,,,,,,,,,,
Garage,Temp & Humidity Sensor,2020/12/17 6:05 AM,41.1,73.0,33.1,38.3,,,29.97,,,,,,,,,,,,,
Garage,Temp & Humidity Sensor,2020/12/17 6:10 AM,41.1,73.0,33.1,38.3,,,29.97,,,,,,,,,,,,,
Garage,Temp & Humidity Sensor,2020/12/17 6:15 AM,41.1,73.0,33.1,38.3,,,29.97,,,,,,,,,,,,,
Garage,Temp & Humidity Sensor,2020/12/17 6:20 AM,41.1,73.0,33.1,38.3,,,29.98,,,,,,,,,,,,,
Garage,Temp & Humidity Sensor,2020/12/17 6:25 AM,41.1,73.0,33.1,38.3,,,29.98,,,,,,,,,,,,,
Garage,Temp & Humidity Sensor,2020/12/17 6:30 AM,41.1,73.0,33.1,38.3,,,29.98,,,,,,,,,,,,,
Garage,Temp & Humidity Sensor,2020/12/17 6:35 AM,41.1,73.0,33.1,38.3,,,29.98,,,,,,,,,,,,,
Garage,Temp & Humidity Sensor,2020/12/17 6:40 AM,41.1,73.0,33.1,38.3,,,29.99,,,,,,,,,,,,,
Garage,Temp & Humidity Sensor,2020/12/17 6:45 AM,41.1,73.0,33.1,38.3,,,29.99,,,,,,,,,,,,,
Garage,Temp & Humidity Sensor,2020/12/17 6:50 AM,41.1,73.0,33.1,38.3,,,29.99,,,,,,,,,,,,,
Garage,Temp & Humidity Sensor,2020/12/17 6:55 AM,41.1,73.0,33.1,38.3,,,30.0,,,,,,,,,,,,,
Garage,Temp & Humidity Sensor,2020/12/17 7:00 AM,41.1,73.0,33.1,38.3,,,30.0,,,,,,,,,,,,,
Garage,Temp & Humidity Sensor,2020/12/17 7:05 AM,41.0,73.0,33.0,38.2,,,30.0,,,,,,,,,,,,,
Garage,Temp & Humidity Sensor,2020/12/17 7:10 AM,41.0,73.0,33.0,38.2,,,30.0,,,,,,,,,,,,,
Garage,Temp & Humidity Sensor,2020/12/17 7:15 AM,41.0,73.0,33.0,38.2,,,30.0,,,,,,,,,,,,,
Garage,Temp & Humidity Sensor,2020/12/17 7:20 AM,41.0,73.0,33.0,38.2,,,30.0,,,,,,,,,,,,,
Garage,Temp & Humidity Sensor,2020/12/17 7:25 AM,41.0,73.0,33.0,38.2,,,30.01,,,,,,,,,,,,,
Garage,Temp & Humidity Sensor,2020/12/17 7:30 AM,41.0,73.0,33.0,38.2,,,30.01,,,,,,,,,,,,,
Garage,Temp & Humidity Sensor,2020/12/17 7:35 AM,41.0,73.0,33.0,38.2,,,30.01,,,,,,,,,,,,,
Garage,Temp & Humidity Sensor,2020/12/17 7:40 AM,41.0,73.0,33.0,38.2,,,30.01,,,,,,,,,,,,,
Garage,Temp & Humidity Sensor,2020/12/17 7:45 AM,41.0,73.0,33.0,38.2,,,30.02,,,,,,,,,,,,,
Garage,Temp & Humidity Sensor,2020/12/17 7:50 AM,41.0,73.0,33.0,38.2,,,30.02,,,,,,,,,,,,,
Garage,Temp & Humidity Sensor,2020/12/17 7:55 AM,41.0,73.0,33.0,38.2,,,30.02,,,,,,,,,,,,,
Garage,Temp & Humidity Sensor,2020/12/17 8:00 AM,41.0,73.0,33.0,38.2,,,30.02,,,,,,,,,,,,,
Garage,Temp & Humidity Sensor,2020/12/17 8:05 AM,41.0,73.0,33.0,38.2,,,30.02,,,,,,,,,,,,,
Garage,Temp & Humidity Sensor,2020/12/17 8:10 AM,41.0,73.0,33.0,38.2,,,30.03,,,,,,,,,,,,,
Garage,Temp & Humidity Sensor,2020/12/17 8:15 AM,41.0,73.0,33.0,38.2,,,30.03,,,,,,,,,,,,,
Garage,Temp & Humidity Sensor,2020/12/17 8:20 AM,41.1,73.0,33.1,38.3,,,30.03,,,,,,,,,,,,,
Garage,Temp & Humidity Sensor,2020/12/17 8:25 AM,41.1,73.0,33.1,38.3,,,30.04,,,,,,,,,,,,,
Garage,Temp & Humidity Sensor,2020/12/17 8:30 AM,41.1,73.0,33.1,38.3,,,30.04,,,,,,,,,,,,,
Garage,Temp & Humidity Sensor,2020/12/17 8:35 AM,41.1,73.0,33.1,38.3,,,30.04,,,,,,,,,,,,,
Garage,Temp & Humidity Sensor,2020/12/17 8:40 AM,41.1,73.0,33.1,38.3,,,30.04,,,,,,,,,,,,,
Garage,Temp & Humidity Sensor,2020/12/17 8:45 AM,41.1,73.0,33.1,38.3,,,30.04,,,,,,,,,,,,,
Garage,Temp & Humidity Sensor,2020/12/17 8:50 AM,41.1,73.0,33.1,38.3,,,30.04,,,,,,,,,,,,,
Garage,Temp & Humidity Sensor,2020/12/17 8:55 AM,41.1,73.0,33.1,38.3,,,30.05,,,,,,,,,,,,,
Garage,Temp & Humidity Sensor,2020/12/17 9:00 AM,41.1,73.0,33.1,38.3,,,30.05,,,,,,,,,,,,,
Garage,Temp & Humidity Sensor,2020/12/17 9:05 AM,41.3,73.0,33.3,38.6,,,30.05,,,,,,,,,,,,,
Garage,Temp & Humidity Sensor,2020/12/17 9:10 AM,41.3,73.0,33.3,38.6,,,30.05,,,,,,,,,,,,,
Garage,Temp & Humidity Sensor,2020/12/17 9:15 AM,41.3,73.0,33.3,38.6,,,30.05,,,,,,,,,,,,,
Garage,Temp & Humidity Sensor,2020/12/17 9:20 AM,41.3,73.0,33.3,38.6,,,30.06,,,,,,,,,,,,,
Garage,Temp & Humidity Sensor,2020/12/17 9:25 AM,41.5,73.0,33.5,38.8,,,30.05,,,,,,,,,,,,,
Garage,Temp & Humidity Sensor,2020/12/17 9:30 AM,41.5,74.0,33.8,38.8,,,30.06,,,,,,,,,,,,,
Garage,Temp & Humidity Sensor,2020/12/17 9:35 AM,41.5,74.0,33.8,38.8,,,30.06,,,,,,,,,,,,,
Garage,Temp & Humidity Sensor,2020/12/17 9:40 AM,41.7,74.0,34.0,39.0,,,30.06,,,,,,,,,,,,,
Garage,Temp & Humidity Sensor,2020/12/17 9:45 AM,41.7,74.0,34.0,39.0,,,30.06,,,,,,,,,,,,,
Garage,Temp & Humidity Sensor,2020/12/17 9:50 AM,41.7,74.0,34.0,39.0,,,30.07,,,,,,,,,,,,,
Garage,Temp & Humidity Sensor,2020/12/17 9:55 AM,41.9,74.0,34.2,39.3,,,30.07,,,,,,,,,,,,,
Garage,Temp & Humidity Sensor,2020/12/17 10:00 AM,41.9,74.0,34.2,39.3,,,30.07,,,,,,,,,,,,,
Garage,Temp & Humidity Sensor,2020/12/17 10:05 AM,41.9,74.0,34.2,39.3,,,30.07,,,,,,,,,,,,,
Garage,Temp & Humidity Sensor,2020/12/17 10:10 AM,42.0,74.0,34.3,39.4,,,30.07,,,,,,,,,,,,,
Garage,Temp & Humidity Sensor,2020/12/17 10:15 AM,42.0,74.0,34.3,39.4,,,30.07,,,,,,,,,,,,,
Garage,Temp & Humidity Sensor,2020/12/17 10:20 AM,42.2,74.0,34.5,39.6,,,30.07,,,,,,,,,,,,,
Garage,Temp & Humidity Sensor,2020/12/17 10:25 AM,42.2,74.0,34.5,39.6,,,30.07,,,,,,,,,,,,,
Garage,Temp & Humidity Sensor,2020/12/17 10:30 AM,42.4,74.0,34.7,39.8,,,30.07,,,,,,,,,,,,,
Garage,Temp & Humidity Sensor,2020/12/17 10:35 AM,42.4,74.0,34.7,39.8,,,30.07,,,,,,,,,,,,,
Garage,Temp & Humidity Sensor,2020/12/17 10:40 AM,42.6,74.0,34.9,40.0,,,30.07,,,,,,,,,,,,,
Garage,Temp & Humidity Sensor,2020/12/17 10:45 AM,42.6,74.0,34.9,40.0,,,30.07,,,,,,,,,,,,,
Garage,Temp & Humidity Sensor,2020/12/17 10:50 AM,42.8,73.0,34.8,40.2,,,30.07,,,,,,,,,,,,,
Garage,Temp & Humidity Sensor,2020/12/17 10:55 AM,42.8,73.0,34.8,40.2,,,30.07,,,,,,,,,,,,,
Garage,Temp & Humidity Sensor,2020/12/17 11:00 AM,42.8,73.0,34.8,40.2,,,30.07,,,,,,,,,,,,,
Garage,Temp & Humidity Sensor,2020/12/17 11:05 AM,42.8,74.0,35.1,40.3,,,30.07,,,,,,,,,,,,,
Garage,Temp & Humidity Sensor,2020/12/17 11:10 AM,42.9,74.0,35.2,40.4,,,30.07,,,,,,,,,,,,,
Garage,Temp & Humidity Sensor,2020/12/17 11:15 AM,43.1,74.0,35.4,40.6,,,30.06,,,,,,,,,,,,,
Garage,Temp & Humidity Sensor,2020/12/17 11:20 AM,43.1,74.0,35.4,40.6,,,30.06,,,,,,,,,,,,,
Garage,Temp & Humidity Sensor,2020/12/17 11:25 AM,43.3,74.0,35.6,40.8,,,30.06,,,,,,,,,,,,,
Garage,Temp & Humidity Sensor,2020/12/17 11:30 AM,43.3,74.0,35.6,40.8,,,30.06,,,,,,,,,,,,,
Garage,Temp & Humidity Sensor,2020/12/17 11:35 AM,43.5,74.0,35.8,41.0,,,30.05,,,,,,,,,,,,,
Garage,Temp & Humidity Sensor,2020/12/17 11:40 AM,43.7,74.0,36.0,41.2,,,30.06,,,,,,,,,,,,,
Garage,Temp & Humidity Sensor,2020/12/17 11:45 AM,43.7,74.0,36.0,41.2,,,30.05,,,,,,,,,,,,,
Garage,Temp & Humidity Sensor,2020/12/17 11:50 AM,43.8,74.0,36.1,41.4,,,30.05,,,,,,,,,,,,,
Garage,Temp & Humidity Sensor,2020/12/17 11:55 AM,43.8,74.0,36.1,41.4,,,30.05,,,,,,,,,,,,,
Garage,Temp & Humidity Sensor,2020/12/17 12:00 PM,44.0,74.0,36.3,41.6,,,30.05,,,,,,,,,,,,,
Garage,Temp & Humidity Sensor,2020/12/17 12:05 PM,44.0,74.0,36.3,41.6,,,30.05,,,,,,,,,,,,,
Garage,Temp & Humidity Sensor,2020/12/17 12:10 PM,44.2,74.0,36.4,41.8,,,30.04,,,,,,,,,,,,,
Garage,Temp & Humidity Sensor,2020/12/17 12:15 PM,44.2,74.0,36.4,41.8,,,30.04,,,,,,,,,,,,,
Garage,Temp & Humidity Sensor,2020/12/17 12:20 PM,44.4,74.0,36.6,42.0,,,30.04,,,,,,,,,,,,,
Garage,Temp & Humidity Sensor,2020/12/17 12:25 PM,44.6,73.0,36.5,42.2,,,30.04,,,,,,,,,,,,,
Garage,Temp & Humidity Sensor,2020/12/17 12:30 PM,44.6,73.0,36.5,42.2,,,30.04,,,,,,,,,,,,,
Garage,Temp & Humidity Sensor,2020/12/17 12:35 PM,44.6,73.0,36.5,42.2,,,30.03,,,,,,,,,,,,,
Garage,Temp & Humidity Sensor,2020/12/17 12:40 PM,44.6,73.0,36.5,42.2,,,30.04,,,,,,,,,,,,,
Garage,Temp & Humidity Sensor,2020/12/17 12:45 PM,44.7,73.0,36.6,42.3,,,30.04,,,,,,,,,,,,,
Garage,Temp & Humidity Sensor,2020/12/17 12:50 PM,44.9,73.0,36.8,42.5,,,30.03,,,,,,,,,,,,,
Garage,Temp & Humidity Sensor,2020/12/17 12:55 PM,45.1,73.0,37.0,42.7,,,30.03,,,,,,,,,,,,,
Garage,Temp & Humidity Sensor,2020/12/17 1:00 PM,45.3,73.0,37.2,43.0,,,30.03,,,,,,,,,,,,,
Garage,Temp & Humidity Sensor,2020/12/17 1:05 PM,45.5,73.0,37.4,43.2,,,30.03,,,,,,,,,,,,,
Garage,Temp & Humidity Sensor,2020/12/17 1:10 PM,45.6,73.0,37.5,43.3,,,30.03,,,,,,,,,,,,,
Garage,Temp & Humidity Sensor,2020/12/17 1:15 PM,45.8,73.0,37.6,43.5,,,30.03,,,,,,,,,,,,,
Garage,Temp & Humidity Sensor,2020/12/17 1:20 PM,46.2,74.0,38.4,44.0,,,30.03,,,,,,,,,,,,,
Garage,Temp & Humidity Sensor,2020/12/17 1:25 PM,46.4,73.0,38.2,44.2,,,30.02,,,,,,,,,,,,,
Garage,Temp & Humidity Sensor,2020/12/17 1:30 PM,46.5,73.0,38.3,44.3,,,30.02,,,,,,,,,,,,,
Garage,Temp & Humidity Sensor,2020/12/17 1:35 PM,46.5,73.0,38.3,44.3,,,30.03,,,,,,,,,,,,,
Garage,Temp & Humidity Sensor,2020/12/17 1:40 PM,46.7,73.0,38.5,44.5,,,30.02,,,,,,,,,,,,,
Garage,Temp & Humidity Sensor,2020/12/17 1:45 PM,46.9,73.0,38.7,44.7,,,30.02,,,,,,,,,,,,,
Garage,Temp & Humidity Sensor,2020/12/17 1:50 PM,46.9,73.0,38.7,44.7,,,30.03,,,,,,,,,,,,,
Garage,Temp & Humidity Sensor,2020/12/17 1:55 PM,47.1,73.0,38.9,44.9,,,30.03,,,,,,,,,,,,,
Garage,Temp & Humidity Sensor,2020/12/17 2:00 PM,47.1,73.0,38.9,44.9,,,30.02,,,,,,,,,,,,,
Garage,Temp & Humidity Sensor,2020/12/17 2:05 PM,47.3,73.0,39.1,45.2,,,30.02,,,,,,,,,,,,,
Garage,Temp & Humidity Sensor,2020/12/17 2:10 PM,47.3,73.0,39.1,45.2,,,30.02,,,,,,,,,,,,,
Garage,Temp & Humidity Sensor,2020/12/17 2:15 PM,47.3,73.0,39.1,45.2,,,30.03,,,,,,,,,,,,,
Garage,Temp & Humidity Sensor,2020/12/17 2:20 PM,47.3,73.0,39.1,45.2,,,30.03,,,,,,,,,,,,,
Garage,Temp & Humidity Sensor,2020/12/17 2:25 PM,47.3,73.0,39.1,45.2,,,30.03,,,,,,,,,,,,,
Garage,Temp & Humidity Sensor,2020/12/17 2:30 PM,47.4,73.0,39.2,45.3,,,30.03,,,,,,,,,,,,,
Garage,Temp & Humidity Sensor,2020/12/17 2:35 PM,47.4,73.0,39.2,45.3,,,30.03,,,,,,,,,,,,,
Garage,Temp & Humidity Sensor,2020/12/17 2:40 PM,47.4,73.0,39.2,45.3,,,30.03,,,,,,,,,,,,,
Garage,Temp & Humidity Sensor,2020/12/17 2:45 PM,47.4,73.0,39.2,45.3,,,30.03,,,,,,,,,,,,,
Garage,Temp & Humidity Sensor,2020/12/17 2:50 PM,47.4,73.0,39.2,45.3,,,30.03,,,,,,,,,,,,,
Garage,Temp & Humidity Sensor,2020/12/17 2:55 PM,47.4,73.0,39.2,45.3,,,30.03,,,,,,,,,,,,,
Garage,Temp & Humidity Sensor,2020/12/17 3:00 PM,47.4,73.0,39.2,45.3,,,30.03,,,,,,,,,,,,,
Garage,Temp & Humidity Sensor,2020/12/17 3:05 PM,47.6,73.0,39.4,45.5,,,30.03,,,,,,,,,,,,,
Garage,Temp & Humidity Sensor,2020/12/17 3:10 PM,47.6,73.0,39.4,45.5,,,30.03,,,,,,,,,,,,,
Garage,Temp & Humidity Sensor,2020/12/17 3:15 PM,47.6,73.0,39.4,45.5,,,30.03,,,,,,,,,,,,,
Garage,Temp & Humidity Sensor,2020/12/17 3:20 PM,47.6,73.0,39.4,45.5,,,30.03,,,,,,,,,,,,,
Garage,Temp & Humidity Sensor,2020/12/17 3:25 PM,47.6,73.0,39.4,45.5,,,30.03,,,,,,,,,,,,,
Garage,Temp & Humidity Sensor,2020/12/17 3:30 PM,47.6,73.0,39.4,45.5,,,30.03,,,,,,,,,,,,,
Garage,Temp & Humidity Sensor,2020/12/17 3:35 PM,47.6,73.0,39.4,45.5,,,30.03,,,,,,,,,,,,,
Garage,Temp & Humidity Sensor,2020/12/17 3:40 PM,47.8,73.0,39.6,45.7,,,30.03,,,,,,,,,,,,,
Garage,Temp & Humidity Sensor,2020/12/17 3:45 PM,47.8,73.0,39.6,45.7,,,30.03,,,,,,,,,,,,,
Garage,Temp & Humidity Sensor,2020/12/17 3:50 PM,47.8,73.0,39.6,45.7,,,30.04,,,,,,,,,,,,,
Garage,Temp & Humidity Sensor,2020/12/17 3:55 PM,47.8,73.0,39.6,45.7,,,30.04,,,,,,,,,,,,,
Garage,Temp & Humidity Sensor,2020/12/17 4:00 PM,47.8,73.0,39.6,45.7,,,30.04,,,,,,,,,,,,,
Garage,Temp & Humidity Sensor,2020/12/17 4:05 PM,47.8,73.0,39.6,45.7,,,30.04,,,,,,,,,,,,,
Garage,Temp & Humidity Sensor,2020/12/17 4:10 PM,47.8,73.0,39.6,45.7,,,30.04,,,,,,,,,,,,,
Garage,Temp & Humidity Sensor,2020/12/17 4:15 PM,48.0,73.0,39.8,45.9,,,30.04,,,,,,,,,,,,,
Garage,Temp & Humidity Sensor,2020/12/17 4:20 PM,48.0,73.0,39.8,45.9,,,30.04,,,,,,,,,,,,,
Garage,Temp & Humidity Sensor,2020/12/17 4:25 PM,48.0,72.0,39.4,45.9,,,30.04,,,,,,,,,,,,,
Garage,Temp & Humidity Sensor,2020/12/17 4:30 PM,48.0,72.0,39.4,45.9,,,30.04,,,,,,,,,,,,,
Garage,Temp & Humidity Sensor,2020/12/17 4:35 PM,48.0,72.0,39.4,45.9,,,30.05,,,,,,,,,,,,,
Garage,Temp & Humidity Sensor,2020/12/17 4:40 PM,48.0,72.0,39.4,45.9,,,30.05,,,,,,,,,,,,,
Garage,Temp & Humidity Sensor,2020/12/17 4:45 PM,47.8,72.0,39.2,45.7,,,30.05,,,,,,,,,,,,,
Garage,Temp & Humidity Sensor,2020/12/17 4:50 PM,47.8,72.0,39.2,45.7,,,30.05,,,,,,,,,,,,,
Garage,Temp & Humidity Sensor,2020/12/17 4:55 PM,47.8,72.0,39.2,45.7,,,30.05,,,,,,,,,,,,,
Garage,Temp & Humidity Sensor,2020/12/17 5:00 PM,47.8,72.0,39.2,45.7,,,30.06,,,,,,,,,,,,,
Garage,Temp & Humidity Sensor,2020/12/17 5:05 PM,47.8,72.0,39.2,45.7,,,30.06,,,,,,,,,,,,,
Garage,Temp & Humidity Sensor,2020/12/17 5:10 PM,47.8,72.0,39.2,45.7,,,30.06,,,,,,,,,,,,,
Garage,Temp & Humidity Sensor,2020/12/17 5:15 PM,47.8,72.0,39.2,45.7,,,30.07,,,,,,,,,,,,,
Garage,Temp & Humidity Sensor,2020/12/17 5:20 PM,47.8,72.0,39.2,45.7,,,30.07,,,,,,,,,,,,,
Garage,Temp & Humidity Sensor,2020/12/17 5:25 PM,47.6,72.0,39.0,45.4,,,30.07,,,,,,,,,,,,,
Garage,Temp & Humidity Sensor,2020/12/17 5:30 PM,47.6,72.0,39.0,45.4,,,30.07,,,,,,,,,,,,,
Garage,Temp & Humidity Sensor,2020/12/17 5:35 PM,47.6,72.0,39.0,45.4,,,30.07,,,,,,,,,,,,,
Garage,Temp & Humidity Sensor,2020/12/17 5:40 PM,47.6,72.0,39.0,45.4,,,30.07,,,,,,,,,,,,,
Garage,Temp & Humidity Sensor,2020/12/17 5:45 PM,47.6,72.0,39.0,45.4,,,30.07,,,,,,,,,,,,,
Garage,Temp & Humidity Sensor,2020/12/17 5:50 PM,47.4,72.0,38.8,45.2,,,30.08,,,,,,,,,,,,,
Garage,Temp & Humidity Sensor,2020/12/17 5:55 PM,47.4,72.0,38.8,45.2,,,30.08,,,,,,,,,,,,,
Garage,Temp & Humidity Sensor,2020/12/17 6:00 PM,47.4,72.0,38.8,45.2,,,30.08,,,,,,,,,,,,,
Garage,Temp & Humidity Sensor,2020/12/17 6:05 PM,47.4,72.0,38.8,45.2,,,30.08,,,,,,,,,,,,,
Garage,Temp & Humidity Sensor,2020/12/17 6:10 PM,47.4,72.0,38.8,45.2,,,30.08,,,,,,,,,,,,,
Garage,Temp & Humidity Sensor,2020/12/17 6:15 PM,47.3,72.0,38.7,45.1,,,30.08,,,,,,,,,,,,,
Garage,Temp & Humidity Sensor,2020/12/17 6:20 PM,47.3,72.0,38.7,45.1,,,30.08,,,,,,,,,,,,,
Garage,Temp & Humidity Sensor,2020/12/17 6:25 PM,47.3,72.0,38.7,45.1,,,30.09,,,,,,,,,,,,,
Garage,Temp & Humidity Sensor,2020/12/17 6:30 PM,47.3,72.0,38.7,45.1,,,30.09,,,,,,,,,,,,,
Garage,Temp & Humidity Sensor,2020/12/17 6:35 PM,47.1,72.0,38.5,44.9,,,30.09,,,,,,,,,,,,,
Garage,Temp & Humidity Sensor,2020/12/17 6:40 PM,47.1,72.0,38.5,44.9,,,30.09,,,,,,,,,,,,,
Garage,Temp & Humidity Sensor,2020/12/17 6:45 PM,47.1,72.0,38.5,44.9,,,30.09,,,,,,,,,,,,,
Garage,Temp & Humidity Sensor,2020/12/17 6:50 PM,47.1,72.0,38.5,44.9,,,30.09,,,,,,,,,,,,,
Garage,Temp & Humidity Sensor,2020/12/17 6:55 PM,47.1,72.0,38.5,44.9,,,30.1,,,,,,,,,,,,,
Garage,Temp & Humidity Sensor,2020/12/17 7:00 PM,46.9,72.0,38.4,44.7,,,30.1,,,,,,,,,,,,,
Garage,Temp & Humidity Sensor,2020/12/17 7:05 PM,46.9,72.0,38.4,44.7,,,30.1,,,,,,,,,,,,,
Garage,Temp & Humidity Sensor,2020/12/17 7:10 PM,46.9,72.0,38.4,44.7,,,30.11,,,,,,,,,,,,,
Garage,Temp & Humidity Sensor,2020/12/17 7:15 PM,46.9,72.0,38.4,44.7,,,30.1,,,,,,,,,,,,,
Garage,Temp & Humidity Sensor,2020/12/17 7:20 PM,46.7,72.0,38.2,44.5,,,30.11,,,,,,,,,,,,,
Garage,Temp & Humidity Sensor,2020/12/17 7:25 PM,46.7,72.0,38.2,44.5,,,30.11,,,,,,,,,,,,,
Garage,Temp & Humidity Sensor,2020/12/17 7:30 PM,46.7,72.0,38.2,44.5,,,30.11,,,,,,,,,,,,,
Garage,Temp & Humidity Sensor,2020/12/17 7:35 PM,46.7,72.0,38.2,44.5,,,30.11,,,,,,,,,,,,,
Garage,Temp & Humidity Sensor,2020/12/17 7:40 PM,46.7,72.0,38.2,44.5,,,30.11,,,,,,,,,,,,,
Garage,Temp & Humidity Sensor,2020/12/17 7:45 PM,46.5,72.0,38.0,44.2,,,30.11,,,,,,,,,,,,,
Garage,Temp & Humidity Sensor,2020/12/17 7:50 PM,46.5,72.0,38.0,44.2,,,30.11,,,,,,,,,,,,,
Garage,Temp & Humidity Sensor,2020/12/17 7:55 PM,46.5,72.0,38.0,44.2,,,30.11,,,,,,,,,,,,,
Garage,Temp & Humidity Sensor,2020/12/17 8:00 PM,46.5,72.0,38.0,44.2,,,30.11,,,,,,,,,,,,,
Garage,Temp & Humidity Sensor,2020/12/17 8:05 PM,46.5,72.0,38.0,44.2,,,30.12,,,,,,,,,,,,,
Garage,Temp & Humidity Sensor,2020/12/17 8:10 PM,46.4,72.0,37.9,44.1,,,30.12,,,,,,,,,,,,,
Garage,Temp & Humidity Sensor,2020/12/17 8:15 PM,46.4,72.0,37.9,44.1,,,30.12,,,,,,,,,,,,,
Garage,Temp & Humidity Sensor,2020/12/17 8:20 PM,46.4,72.0,37.9,44.1,,,30.12,,,,,,,,,,,,,
Garage,Temp & Humidity Sensor,2020/12/17 8:25 PM,46.4,72.0,37.9,44.1,,,30.12,,,,,,,,,,,,,
Garage,Temp & Humidity Sensor,2020/12/17 8:30 PM,46.4,72.0,37.9,44.1,,,30.12,,,,,,,,,,,,,
Garage,Temp & Humidity Sensor,2020/12/17 8:35 PM,46.2,73.0,38.0,44.0,,,30.13,,,,,,,,,,,,,
Garage,Temp & Humidity Sensor,2020/12/17 8:40 PM,46.2,73.0,38.0,44.0,,,30.13,,,,,,,,,,,,,
Garage,Temp & Humidity Sensor,2020/12/17 8:45 PM,46.2,73.0,38.0,44.0,,,30.13,,,,,,,,,,,,,
Garage,Temp & Humidity Sensor,2020/12/17 8:50 PM,46.2,73.0,38.0,44.0,,,30.13,,,,,,,,,,,,,
Garage,Temp & Humidity Sensor,2020/12/17 8:55 PM,46.2,73.0,38.0,44.0,,,30.13,,,,,,,,,,,,,
Garage,Temp & Humidity Sensor,2020/12/17 9:00 PM,46.2,73.0,38.0,44.0,,,30.13,,,,,,,,,,,,,
Garage,Temp & Humidity Sensor,2020/12/17 9:05 PM,46.0,73.0,37.8,43.7,,,30.13,,,,,,,,,,,,,
Garage,Temp & Humidity Sensor,2020/12/17 9:10 PM,46.0,73.0,37.8,43.7,,,30.14,,,,,,,,,,,,,
Garage,Temp & Humidity Sensor,2020/12/17 9:15 PM,46.0,73.0,37.8,43.7,,,30.14,,,,,,,,,,,,,
Garage,Temp & Humidity Sensor,2020/12/17 9:20 PM,46.0,73.0,37.8,43.7,,,30.14,,,,,,,,,,,,,
Garage,Temp & Humidity Sensor,2020/12/17 9:25 PM,46.0,73.0,37.8,43.7,,,30.14,,,,,,,,,,,,,
Garage,Temp & Humidity Sensor,2020/12/17 9:30 PM,45.8,73.0,37.6,43.5,,,30.14,,,,,,,,,,,,,
Garage,Temp & Humidity Sensor,2020/12/17 9:35 PM,45.8,73.0,37.6,43.5,,,30.14,,,,,,,,,,,,,
Garage,Temp & Humidity Sensor,2020/12/17 9:40 PM,45.8,73.0,37.6,43.5,,,30.14,,,,,,,,,,,,,
Garage,Temp & Humidity Sensor,2020/12/17 9:45 PM,45.8,73.0,37.6,43.5,,,30.15,,,,,,,,,,,,,
Garage,Temp & Humidity Sensor,2020/12/17 9:50 PM,45.8,73.0,37.6,43.5,,,30.15,,,,,,,,,,,,,
Garage,Temp & Humidity Sensor,2020/12/17 9:55 PM,45.8,73.0,37.6,43.5,,,30.15,,,,,,,,,,,,,
Garage,Temp & Humidity Sensor,2020/12/17 10:00 PM,45.8,73.0,37.6,43.5,,,30.15,,,,,,,,,,,,,
Garage,Temp & Humidity Sensor,2020/12/17 10:05 PM,45.6,73.0,37.5,43.3,,,30.15,,,,,,,,,,,,,
Garage,Temp & Humidity Sensor,2020/12/17 10:10 PM,45.6,73.0,37.5,43.3,,,30.15,,,,,,,,,,,,,
Garage,Temp & Humidity Sensor,2020/12/17 10:15 PM,45.6,73.0,37.5,43.3,,,30.15,,,,,,,,,,,,,
Garage,Temp & Humidity Sensor,2020/12/17 10:20 PM,45.6,73.0,37.5,43.3,,,30.15,,,,,,,,,,,,,
Garage,Temp & Humidity Sensor,2020/12/17 10:25 PM,45.6,73.0,37.5,43.3,,,30.15,,,,,,,,,,,,,
Garage,Temp & Humidity Sensor,2020/12/17 10:30 PM,45.6,73.0,37.5,43.3,,,30.16,,,,,,,,,,,,,
Garage,Temp & Humidity Sensor,2020/12/17 10:35 PM,45.6,73.0,37.5,43.3,,,30.16,,,,,,,,,,,,,
Garage,Temp & Humidity Sensor,2020/12/17 10:40 PM,45.6,73.0,37.5,43.3,,,30.16,,,,,,,,,,,,,
Garage,Temp & Humidity Sensor,2020/12/17 10:45 PM,45.5,73.0,37.4,43.2,,,30.16,,,,,,,,,,,,,
Garage,Temp & Humidity Sensor,2020/12/17 10:50 PM,45.5,73.0,37.4,43.2,,,30.16,,,,,,,,,,,,,
Garage,Temp & Humidity Sensor,2020/12/17 10:55 PM,45.5,73.0,37.4,43.2,,,30.16,,,,,,,,,,,,,
Garage,Temp & Humidity Sensor,2020/12/17 11:00 PM,45.5,73.0,37.4,43.2,,,30.16,,,,,,,,,,,,,
Garage,Temp & Humidity Sensor,2020/12/17 11:05 PM,45.5,73.0,37.4,43.2,,,30.16,,,,,,,,,,,,,
Garage,Temp & Humidity Sensor,2020/12/17 11:10 PM,45.5,73.0,37.4,43.2,,,30.16,,,,,,,,,,,,,
Garage,Temp & Humidity Sensor,2020/12/17 11:15 PM,45.5,73.0,37.4,43.2,,,30.17,,,,,,,,,,,,,
Garage,Temp & Humidity Sensor,2020/12/17 11:20 PM,45.5,73.0,37.4,43.2,,,30.17,,,,,,,,,,,,,
Garage,Temp & Humidity Sensor,2020/12/17 11:25 PM,45.3,73.0,37.2,43.0,,,30.16,,,,,,,,,,,,,
Garage,Temp & Humidity Sensor,2020/12/17 11:30 PM,45.3,73.0,37.2,43.0,,,30.17,,,,,,,,,,,,,
Garage,Temp & Humidity Sensor,2020/12/17 11:35 PM,45.3,73.0,37.2,43.0,,,30.17,,,,,,,,,,,,,
Garage,Temp & Humidity Sensor,2020/12/17 11:40 PM,45.3,73.0,37.2,43.0,,,30.17,,,,,,,,,,,,,
Garage,Temp & Humidity Sensor,2020/12/17 11:45 PM,45.3,73.0,37.2,43.0,,,30.17,,,,,,,,,,,,,
Garage,Temp & Humidity Sensor,2020/12/17 11:50 PM,45.3,73.0,37.2,43.0,,,30.17,,,,,,,,,,,,,
Garage,Temp & Humidity Sensor,2020/12/17 11:55 PM,45.3,73.0,37.2,43.0,,,30.17,,,,,,,,,,,,,
Garage,Temp & Humidity Sensor,2020/12/18 12:00 AM,45.3,73.0,37.2,43.0,,,30.17,,,,,,,,,,,,,
Garage,Temp & Humidity Sensor,2020/12/18 12:05 AM,45.1,73.0,37.0,42.7,,,30.18,,,,,,,,,,,,,
Garage,Temp & Humidity Sensor,2020/12/18 12:10 AM,45.1,73.0,37.0,42.7,,,30.17,,,,,,,,,,,,,
Garage,Temp & Humidity Sensor,2020/12/18 12:15 AM,45.1,73.0,37.0,42.7,,,30.17,,,,,,,,,,,,,
Garage,Temp & Humidity Sensor,2020/12/18 12:20 AM,45.1,73.0,37.0,42.7,,,30.18,,,,,,,,,,,,,
Garage,Temp & Humidity Sensor,2020/12/18 12:25 AM,45.1,73.0,37.0,42.7,,,30.18,,,,,,,,,,,,,
Garage,Temp & Humidity Sensor,2020/12/18 12:30 AM,45.1,73.0,37.0,42.7,,,30.17,,,,,,,,,,,,,
Garage,Temp & Humidity Sensor,2020/12/18 12:35 AM,45.1,73.0,37.0,42.7,,,30.18,,,,,,,,,,,,,
Garage,Temp & Humidity Sensor,2020/12/18 12:40 AM,45.1,73.0,37.0,42.7,,,30.18,,,,,,,,,,,,,
Garage,Temp & Humidity Sensor,2020/12/18 12:45 AM,45.1,73.0,37.0,42.7,,,30.18,,,,,,,,,,,,,
Garage,Temp & Humidity Sensor,2020/12/18 12:50 AM,44.9,73.0,36.8,42.5,,,30.18,,,,,,,,,,,,,
Garage,Temp & Humidity Sensor,2020/12/18 12:55 AM,44.9,73.0,36.8,42.5,,,30.18,,,,,,,,,,,,,
Garage,Temp & Humidity Sensor,2020/12/18 1:00 AM,44.9,73.0,36.8,42.5,,,30.18,,,,,,,,,,,,,
Garage,Temp & Humidity Sensor,2020/12/18 1:05 AM,44.9,73.0,36.8,42.5,,,30.18,,,,,,,,,,,,,
Garage,Temp & Humidity Sensor,2020/12/18 1:10 AM,44.9,73.0,36.8,42.5,,,30.18,,,,,,,,,,,,,
Garage,Temp & Humidity Sensor,2020/12/18 1:15 AM,44.9,73.0,36.8,42.5,,,30.18,,,,,,,,,,,,,
Garage,Temp & Humidity Sensor,2020/12/18 1:20 AM,44.9,72.0,36.4,42.5,,,30.19,,,,,,,,,,,,,
Garage,Temp & Humidity Sensor,2020/12/18 1:25 AM,44.9,72.0,36.4,42.5,,,30.19,,,,,,,,,,,,,
Garage,Temp & Humidity Sensor,2020/12/18 1:30 AM,44.9,72.0,36.4,42.5,,,30.19,,,,,,,,,,,,,
Garage,Temp & Humidity Sensor,2020/12/18 1:35 AM,44.7,72.0,36.2,42.3,,,30.19,,,,,,,,,,,,,
Garage,Temp & Humidity Sensor,2020/12/18 1:40 AM,44.7,72.0,36.2,42.3,,,30.19,,,,,,,,,,,,,
Garage,Temp & Humidity Sensor,2020/12/18 1:45 AM,44.7,72.0,36.2,42.3,,,30.19,,,,,,,,,,,,,
Garage,Temp & Humidity Sensor,2020/12/18 1:50 AM,44.7,72.0,36.2,42.3,,,30.19,,,,,,,,,,,,,
Garage,Temp & Humidity Sensor,2020/12/18 1:55 AM,44.7,72.0,36.2,42.3,,,30.2,,,,,,,,,,,,,
Garage,Temp & Humidity Sensor,2020/12/18 2:00 AM,44.7,72.0,36.2,42.3,,,30.2,,,,,,,,,,,,,
Garage,Temp & Humidity Sensor,2020/12/18 2:05 AM,44.7,72.0,36.2,42.3,,,30.2,,,,,,,,,,,,,
Garage,Temp & Humidity Sensor,2020/12/18 2:10 AM,44.6,72.0,36.1,42.1,,,30.2,,,,,,,,,,,,,
Garage,Temp & Humidity Sensor,2020/12/18 2:15 AM,44.6,72.0,36.1,42.1,,,30.21,,,,,,,,,,,,,
Garage,Temp & Humidity Sensor,2020/12/18 2:20 AM,44.6,72.0,36.1,42.1,,,30.21,,,,,,,,,,,,,
Garage,Temp & Humidity Sensor,2020/12/18 2:25 AM,44.6,72.0,36.1,42.1,,,30.21,,,,,,,,,,,,,
Garage,Temp & Humidity Sensor,2020/12/18 2:30 AM,44.6,72.0,36.1,42.1,,,30.21,,,,,,,,,,,,,
Garage,Temp & Humidity Sensor,2020/12/18 2:35 AM,44.6,72.0,36.1,42.1,,,30.22,,,,,,,,,,,,,
Garage,Temp & Humidity Sensor,2020/12/18 2:40 AM,44.6,72.0,36.1,42.1,,,30.22,,,,,,,,,,,,,
Garage,Temp & Humidity Sensor,2020/12/18 2:45 AM,44.6,72.0,36.1,42.1,,,30.22,,,,,,,,,,,,,
Garage,Temp & Humidity Sensor,2020/12/18 2:50 AM,44.6,72.0,36.1,42.1,,,30.22,,,,,,,,,,,,,
Garage,Temp & Humidity Sensor,2020/12/18 2:55 AM,44.6,72.0,36.1,42.1,,,30.22,,,,,,,,,,,,,
Garage,Temp & Humidity Sensor,2020/12/18 3:00 AM,44.6,72.0,36.1,42.1,,,30.22,,,,,,,,,,,,,
Garage,Temp & Humidity Sensor,2020/12/18 3:05 AM,44.6,72.0,36.1,42.1,,,30.22,,,,,,,,,,,,,
Garage,Temp & Humidity Sensor,2020/12/18 3:10 AM,44.6,72.0,36.1,42.1,,,30.23,,,,,,,,,,,,,
Garage,Temp & Humidity Sensor,2020/12/18 3:15 AM,44.4,72.0,35.9,41.9,,,30.23,,,,,,,,,,,,,
Garage,Temp & Humidity Sensor,2020/12/18 3:20 AM,44.4,72.0,35.9,41.9,,,30.23,,,,,,,,,,,,,
Garage,Temp & Humidity Sensor,2020/12/18 3:25 AM,44.4,72.0,35.9,41.9,,,30.24,,,,,,,,,,,,,
Garage,Temp & Humidity Sensor,2020/12/18 3:30 AM,44.4,72.0,35.9,41.9,,,30.24,,,,,,,,,,,,,
Garage,Temp & Humidity Sensor,2020/12/18 3:35 AM,44.4,72.0,35.9,41.9,,,30.24,,,,,,,,,,,,,
Garage,Temp & Humidity Sensor,2020/12/18 3:40 AM,44.4,72.0,35.9,41.9,,,30.24,,,,,,,,,,,,,
Garage,Temp & Humidity Sensor,2020/12/18 3:45 AM,44.4,72.0,35.9,41.9,,,30.24,,,,,,,,,,,,,
Garage,Temp & Humidity Sensor,2020/12/18 3:50 AM,44.4,72.0,35.9,41.9,,,30.24,,,,,,,,,,,,,
Garage,Temp & Humidity Sensor,2020/12/18 3:55 AM,44.2,72.0,35.8,41.7,,,30.24,,,,,,,,,,,,,
Garage,Temp & Humidity Sensor,2020/12/18 4:00 AM,44.2,72.0,35.8,41.7,,,30.24,,,,,,,,,,,,,
Garage,Temp & Humidity Sensor,2020/12/18 4:05 AM,44.2,72.0,35.8,41.7,,,30.24,,,,,,,,,,,,,
Garage,Temp & Humidity Sensor,2020/12/18 4:10 AM,44.2,72.0,35.8,41.7,,,30.24,,,,,,,,,,,,,
Garage,Temp & Humidity Sensor,2020/12/18 4:15 AM,44.2,72.0,35.8,41.7,,,30.24,,,,,,,,,,,,,
Garage,Temp & Humidity Sensor,2020/12/18 4:20 AM,44.2,72.0,35.8,41.7,,,30.25,,,,,,,,,,,,,
Garage,Temp & Humidity Sensor,2020/12/18 4:25 AM,44.2,72.0,35.8,41.7,,,30.24,,,,,,,,,,,,,
Garage,Temp & Humidity Sensor,2020/12/18 4:30 AM,44.0,72.0,35.6,41.5,,,30.24,,,,,,,,,,,,,
Garage,Temp & Humidity Sensor,2020/12/18 4:35 AM,44.0,72.0,35.6,41.5,,,30.24,,,,,,,,,,,,,
Garage,Temp & Humidity Sensor,2020/12/18 4:40 AM,44.0,72.0,35.6,41.5,,,30.24,,,,,,,,,,,,,
Garage,Temp & Humidity Sensor,2020/12/18 4:45 AM,44.0,72.0,35.6,41.5,,,30.25,,,,,,,,,,,,,
Garage,Temp & Humidity Sensor,2020/12/18 4:50 AM,44.0,72.0,35.6,41.5,,,30.25,,,,,,,,,,,,,
Garage,Temp & Humidity Sensor,2020/12/18 4:55 AM,44.0,72.0,35.6,41.5,,,30.25,,,,,,,,,,,,,
Garage,Temp & Humidity Sensor,2020/12/18 5:00 AM,43.8,72.0,35.4,41.3,,,30.25,,,,,,,,,,,,,
Garage,Temp & Humidity Sensor,2020/12/18 5:05 AM,43.8,72.0,35.4,41.3,,,30.25,,,,,,,,,,,,,
Garage,Temp & Humidity Sensor,2020/12/18 5:10 AM,43.8,72.0,35.4,41.3,,,30.25,,,,,,,,,,,,,
Garage,Temp & Humidity Sensor,2020/12/18 5:15 AM,43.8,72.0,35.4,41.3,,,30.26,,,,,,,,,,,,,
Garage,Temp & Humidity Sensor,2020/12/18 5:20 AM,43.8,72.0,35.4,41.3,,,30.26,,,,,,,,,,,,,
Garage,Temp & Humidity Sensor,2020/12/18 5:25 AM,43.8,72.0,35.4,41.3,,,30.26,,,,,,,,,,,,,
Garage,Temp & Humidity Sensor,2020/12/18 5:30 AM,43.7,72.0,35.3,41.2,,,30.27,,,,,,,,,,,,,
Garage,Temp & Humidity Sensor,2020/12/18 5:35 AM,43.7,72.0,35.3,41.2,,,30.27,,,,,,,,,,,,,
Garage,Temp & Humidity Sensor,2020/12/18 5:40 AM,43.7,72.0,35.3,41.2,,,30.28,,,,,,,,,,,,,
Garage,Temp & Humidity Sensor,2020/12/18 5:45 AM,43.7,72.0,35.3,41.2,,,30.28,,,,,,,,,,,,,
Garage,Temp & Humidity Sensor,2020/12/18 5:50 AM,43.5,72.0,35.1,40.9,,,30.28,,,,,,,,,,,,,
Garage,Temp & Humidity Sensor,2020/12/18 5:55 AM,43.5,72.0,35.1,40.9,,,30.29,,,,,,,,,,,,,
Garage,Temp & Humidity Sensor,2020/12/18 6:00 AM,43.5,71.0,34.7,40.9,,,30.29,,,,,,,,,,,,,
Garage,Temp & Humidity Sensor,2020/12/18 6:05 AM,43.5,71.0,34.7,40.9,,,30.29,,,,,,,,,,,,,
Garage,Temp & Humidity Sensor,2020/12/18 6:10 AM,43.5,71.0,34.7,40.9,,,30.29,,,,,,,,,,,,,
Garage,Temp & Humidity Sensor,2020/12/18 6:15 AM,43.3,71.0,34.5,40.7,,,30.3,,,,,,,,,,,,,
Garage,Temp & Humidity Sensor,2020/12/18 6:20 AM,43.3,71.0,34.5,40.7,,,30.3,,,,,,,,,,,,,
Garage,Temp & Humidity Sensor,2020/12/18 6:25 AM,43.3,71.0,34.5,40.7,,,30.3,,,,,,,,,,,,,
Garage,Temp & Humidity Sensor,2020/12/18 6:30 AM,43.3,71.0,34.5,40.7,,,30.3,,,,,,,,,,,,,
Garage,Temp & Humidity Sensor,2020/12/18 6:35 AM,43.1,71.0,34.3,40.4,,,30.31,,,,,,,,,,,,,
Garage,Temp & Humidity Sensor,2020/12/18 6:40 AM,43.1,71.0,34.3,40.4,,,30.31,,,,,,,,,,,,,
Garage,Temp & Humidity Sensor,2020/12/18 6:45 AM,43.1,71.0,34.3,40.4,,,30.31,,,,,,,,,,,,,
Garage,Temp & Humidity Sensor,2020/12/18 6:50 AM,43.1,71.0,34.3,40.4,,,30.31,,,,,,,,,,,,,
Garage,Temp & Humidity Sensor,2020/12/18 6:55 AM,43.1,71.0,34.3,40.4,,,30.31,,,,,,,,,,,,,
Garage,Temp & Humidity Sensor,2020/12/18 7:00 AM,42.9,71.0,34.2,40.2,,,30.31,,,,,,,,,,,,,
Garage,Temp & Humidity Sensor,2020/12/18 7:05 AM,42.9,71.0,34.2,40.2,,,30.32,,,,,,,,,,,,,
Garage,Temp & Humidity Sensor,2020/12/18 7:10 AM,42.9,71.0,34.2,40.2,,,30.32,,,,,,,,,,,,,
Garage,Temp & Humidity Sensor,2020/12/18 7:15 AM,42.9,71.0,34.2,40.2,,,30.32,,,,,,,,,,,,,
Garage,Temp & Humidity Sensor,2020/12/18 7:20 AM,42.8,71.0,34.1,40.1,,,30.32,,,,,,,,,,,,,
Garage,Temp & Humidity Sensor,2020/12/18 7:25 AM,42.8,71.0,34.1,40.1,,,30.32,,,,,,,,,,,,,
Garage,Temp & Humidity Sensor,2020/12/18 7:30 AM,42.8,71.0,34.1,40.1,,,30.32,,,,,,,,,,,,,
Garage,Temp & Humidity Sensor,2020/12/18 7:35 AM,42.8,71.0,34.1,40.1,,,30.32,,,,,,,,,,,,,
Garage,Temp & Humidity Sensor,2020/12/18 7:40 AM,42.8,71.0,34.1,40.1,,,30.33,,,,,,,,,,,,,
Garage,Temp & Humidity Sensor,2020/12/18 7:45 AM,42.8,71.0,34.1,40.1,,,30.33,,,,,,,,,,,,,
Garage,Temp & Humidity Sensor,2020/12/18 7:50 AM,42.8,71.0,34.1,40.1,,,30.33,,,,,,,,,,,,,
Garage,Temp & Humidity Sensor,2020/12/18 7:55 AM,42.8,71.0,34.1,40.1,,,30.33,,,,,,,,,,,,,
Garage,Temp & Humidity Sensor,2020/12/18 8:00 AM,42.6,71.0,33.9,39.9,,,30.33,,,,,,,,,,,,,
Garage,Temp & Humidity Sensor,2020/12/18 8:05 AM,42.6,71.0,33.9,39.9,,,30.33,,,,,,,,,,,,,
Garage,Temp & Humidity Sensor,2020/12/18 8:10 AM,42.6,71.0,33.9,39.9,,,30.33,,,,,,,,,,,,,
Garage,Temp & Humidity Sensor,2020/12/18 8:15 AM,42.6,71.0,33.9,39.9,,,30.33,,,,,,,,,,,,,
Garage,Temp & Humidity Sensor,2020/12/18 8:20 AM,42.4,71.0,33.7,39.7,,,30.34,,,,,,,,,,,,,
Garage,Temp & Humidity Sensor,2020/12/18 8:25 AM,42.4,71.0,33.7,39.7,,,30.34,,,,,,,,,,,,,
Garage,Temp & Humidity Sensor,2020/12/18 8:30 AM,42.4,71.0,33.7,39.7,,,30.34,,,,,,,,,,,,,
Garage,Temp & Humidity Sensor,2020/12/18 8:35 AM,42.4,71.0,33.7,39.7,,,30.34,,,,,,,,,,,,,
Garage,Temp & Humidity Sensor,2020/12/18 8:40 AM,42.2,71.0,33.5,39.5,,,30.34,,,,,,,,,,,,,
Garage,Temp & Humidity Sensor,2020/12/18 8:45 AM,42.2,71.0,33.5,39.5,,,30.35,,,,,,,,,,,,,
Garage,Temp & Humidity Sensor,2020/12/18 8:50 AM,42.2,71.0,33.5,39.5,,,30.35,,,,,,,,,,,,,
Garage,Temp & Humidity Sensor,2020/12/18 8:55 AM,42.2,71.0,33.5,39.5,,,30.35,,,,,,,,,,,,,
Garage,Temp & Humidity Sensor,2020/12/18 9:00 AM,42.2,71.0,33.5,39.5,,,30.35,,,,,,,,,,,,,
Garage,Temp & Humidity Sensor,2020/12/18 9:05 AM,42.0,71.0,33.3,39.2,,,30.36,,,,,,,,,,,,,
Garage,Temp & Humidity Sensor,2020/12/18 9:10 AM,42.0,71.0,33.3,39.2,,,30.36,,,,,,,,,,,,,
Garage,Temp & Humidity Sensor,2020/12/18 9:15 AM,42.0,71.0,33.3,39.2,,,30.36,,,,,,,,,,,,,
Garage,Temp & Humidity Sensor,2020/12/18 9:20 AM,42.0,71.0,33.3,39.2,,,30.36,,,,,,,,,,,,,
Garage,Temp & Humidity Sensor,2020/12/18 9:25 AM,42.0,71.0,33.3,39.2,,,30.36,,,,,,,,,,,,,
Garage,Temp & Humidity Sensor,2020/12/18 9:30 AM,42.0,71.0,33.3,39.2,,,30.36,,,,,,,,,,,,,
Garage,Temp & Humidity Sensor,2020/12/18 9:35 AM,42.0,71.0,33.3,39.2,,,30.36,,,,,,,,,,,,,
Garage,Temp & Humidity Sensor,2020/12/18 9:40 AM,42.0,71.0,33.3,39.2,,,30.37,,,,,,,,,,,,,
Garage,Temp & Humidity Sensor,2020/12/18 9:45 AM,42.0,71.0,33.3,39.2,,,30.37,,,,,,,,,,,,,
Garage,Temp & Humidity Sensor,2020/12/18 9:50 AM,42.0,71.0,33.3,39.2,,,30.37,,,,,,,,,,,,,
Garage,Temp & Humidity Sensor,2020/12/18 9:55 AM,42.0,71.0,33.3,39.2,,,30.37,,,,,,,,,,,,,
Garage,Temp & Humidity Sensor,2020/12/18 10:00 AM,42.2,70.0,33.1,39.4,,,30.37,,,,,,,,,,,,,
Garage,Temp & Humidity Sensor,2020/12/18 10:05 AM,42.2,70.0,33.1,39.4,,,30.37,,,,,,,,,,,,,
Garage,Temp & Humidity Sensor,2020/12/18 10:10 AM,42.2,70.0,33.1,39.4,,,30.37,,,,,,,,,,,,,
Garage,Temp & Humidity Sensor,2020/12/18 10:15 AM,42.2,70.0,33.1,39.4,,,30.38,,,,,,,,,,,,,
Garage,Temp & Humidity Sensor,2020/12/18 10:20 AM,42.4,70.0,33.3,39.6,,,30.38,,,,,,,,,,,,,
Garage,Temp & Humidity Sensor,2020/12/18 10:25 AM,42.4,70.0,33.3,39.6,,,30.38,,,,,,,,,,,,,
Garage,Temp & Humidity Sensor,2020/12/18 10:30 AM,42.4,70.0,33.3,39.6,,,30.38,,,,,,,,,,,,,
Garage,Temp & Humidity Sensor,2020/12/18 10:35 AM,42.6,70.0,33.5,39.9,,,30.39,,,,,,,,,,,,,
Garage,Temp & Humidity Sensor,2020/12/18 10:40 AM,42.6,70.0,33.5,39.9,,,30.39,,,,,,,,,,,,,
Garage,Temp & Humidity Sensor,2020/12/18 10:45 AM,42.6,70.0,33.5,39.9,,,30.38,,,,,,,,,,,,,
Garage,Temp & Humidity Sensor,2020/12/18 10:50 AM,42.6,70.0,33.5,39.9,,,30.39,,,,,,,,,,,,,
Garage,Temp & Humidity Sensor,2020/12/18 10:55 AM,42.8,69.0,33.3,40.0,,,30.39,,,,,,,,,,,,,
Garage,Temp & Humidity Sensor,2020/12/18 11:00 AM,42.8,69.0,33.3,40.0,,,30.39,,,,,,,,,,,,,
Garage,Temp & Humidity Sensor,2020/12/18 11:05 AM,42.8,69.0,33.3,40.0,,,30.39,,,,,,,,,,,,,
Garage,Temp & Humidity Sensor,2020/12/18 11:10 AM,42.8,69.0,33.3,40.0,,,30.39,,,,,,,,,,,,,
Garage,Temp & Humidity Sensor,2020/12/18 11:15 AM,42.8,69.0,33.3,40.0,,,30.39,,,,,,,,,,,,,
Garage,Temp & Humidity Sensor,2020/12/18 11:20 AM,42.9,69.0,33.4,40.1,,,30.39,,,,,,,,,,,,,
Garage,Temp & Humidity Sensor,2020/12/18 11:25 AM,42.9,69.0,33.4,40.1,,,30.39,,,,,,,,,,,,,
Garage,Temp & Humidity Sensor,2020/12/18 11:30 AM,43.1,69.0,33.6,40.4,,,30.39,,,,,,,,,,,,,
Garage,Temp & Humidity Sensor,2020/12/18 11:35 AM,43.1,69.0,33.6,40.4,,,30.39,,,,,,,,,,,,,
Garage,Temp & Humidity Sensor,2020/12/18 11:40 AM,43.3,69.0,33.8,40.6,,,30.38,,,,,,,,,,,,,
Garage,Temp & Humidity Sensor,2020/12/18 11:45 AM,43.3,69.0,33.8,40.6,,,30.38,,,,,,,,,,,,,
Garage,Temp & Humidity Sensor,2020/12/18 11:50 AM,43.5,69.0,34.0,40.8,,,30.38,,,,,,,,,,,,,
Garage,Temp & Humidity Sensor,2020/12/18 11:55 AM,43.5,69.0,34.0,40.8,,,30.38,,,,,,,,,,,,,
Garage,Temp & Humidity Sensor,2020/12/18 12:00 PM,43.7,69.0,34.2,41.0,,,30.38,,,,,,,,,,,,,
Garage,Temp & Humidity Sensor,2020/12/18 12:05 PM,43.7,69.0,34.2,41.0,,,30.38,,,,,,,,,,,,,
Garage,Temp & Humidity Sensor,2020/12/18 12:10 PM,43.8,69.0,34.3,41.1,,,30.38,,,,,,,,,,,,,
Garage,Temp & Humidity Sensor,2020/12/18 12:15 PM,43.8,69.0,34.3,41.1,,,30.38,,,,,,,,,,,,,
Garage,Temp & Humidity Sensor,2020/12/18 12:20 PM,44.0,69.0,34.5,41.3,,,30.38,,,,,,,,,,,,,
Garage,Temp & Humidity Sensor,2020/12/18 12:25 PM,44.0,69.0,34.5,41.3,,,30.37,,,,,,,,,,,,,
Garage,Temp & Humidity Sensor,2020/12/18 12:30 PM,44.2,69.0,34.7,41.6,,,30.37,,,,,,,,,,,,,
Garage,Temp & Humidity Sensor,2020/12/18 12:35 PM,44.4,69.0,34.9,41.8,,,30.37,,,,,,,,,,,,,
Garage,Temp & Humidity Sensor,2020/12/18 12:40 PM,44.4,69.0,34.9,41.8,,,30.37,,,,,,,,,,,,,
Garage,Temp & Humidity Sensor,2020/12/18 12:45 PM,44.6,68.0,34.7,42.0,,,30.37,,,,,,,,,,,,,
Garage,Temp & Humidity Sensor,2020/12/18 12:50 PM,44.6,68.0,34.7,42.0,,,30.37,,,,,,,,,,,,,
Garage,Temp & Humidity Sensor,2020/12/18 12:55 PM,44.6,68.0,34.7,42.0,,,30.37,,,,,,,,,,,,,
Garage,Temp & Humidity Sensor,2020/12/18 1:00 PM,44.7,68.0,34.8,42.1,,,30.37,,,,,,,,,,,,,
Garage,Temp & Humidity Sensor,2020/12/18 1:05 PM,44.9,68.0,35.0,42.3,,,30.36,,,,,,,,,,,,,
Garage,Temp & Humidity Sensor,2020/12/18 1:10 PM,45.1,68.0,35.2,42.5,,,30.37,,,,,,,,,,,,,
Garage,Temp & Humidity Sensor,2020/12/18 1:15 PM,45.3,68.0,35.4,42.7,,,30.37,,,,,,,,,,,,,
Garage,Temp & Humidity Sensor,2020/12/18 1:20 PM,45.5,68.0,35.6,42.9,,,30.37,,,,,,,,,,,,,
Garage,Temp & Humidity Sensor,2020/12/18 1:25 PM,45.6,68.0,35.7,43.1,,,30.37,,,,,,,,,,,,,
Garage,Temp & Humidity Sensor,2020/12/18 1:30 PM,45.8,68.0,35.8,43.3,,,30.37,,,,,,,,,,,,,
Garage,Temp & Humidity Sensor,2020/12/18 1:35 PM,45.8,68.0,35.8,43.3,,,30.36,,,,,,,,,,,,,
Garage,Temp & Humidity Sensor,2020/12/18 1:40 PM,46.0,68.0,36.0,43.5,,,30.36,,,,,,,,,,,,,
Garage,Temp & Humidity Sensor,2020/12/18 1:45 PM,46.0,68.0,36.0,43.5,,,30.36,,,,,,,,,,,,,
Garage,Temp & Humidity Sensor,2020/12/18 1:50 PM,46.2,68.0,36.2,43.7,,,30.36,,,,,,,,,,,,,
Garage,Temp & Humidity Sensor,2020/12/18 1:55 PM,46.2,68.0,36.2,43.7,,,30.36,,,,,,,,,,,,,
Garage,Temp & Humidity Sensor,2020/12/18 2:00 PM,46.4,67.0,36.0,43.9,,,30.37,,,,,,,,,,,,,
Garage,Temp & Humidity Sensor,2020/12/18 2:05 PM,46.4,67.0,36.0,43.9,,,30.36,,,,,,,,,,,,,
Garage,Temp & Humidity Sensor,2020/12/18 2:10 PM,46.4,67.0,36.0,43.9,,,30.36,,,,,,,,,,,,,
Garage,Temp & Humidity Sensor,2020/12/18 2:15 PM,46.4,67.0,36.0,43.9,,,30.36,,,,,,,,,,,,,
Garage,Temp & Humidity Sensor,2020/12/18 2:20 PM,46.4,67.0,36.0,43.9,,,30.37,,,,,,,,,,,,,
Garage,Temp & Humidity Sensor,2020/12/18 2:25 PM,46.4,67.0,36.0,43.9,,,30.36,,,,,,,,,,,,,
Garage,Temp & Humidity Sensor,2020/12/18 2:30 PM,46.4,67.0,36.0,43.9,,,30.36,,,,,,,,,,,,,
Garage,Temp & Humidity Sensor,2020/12/18 2:35 PM,46.5,67.0,36.1,44.0,,,30.37,,,,,,,,,,,,,
Garage,Temp & Humidity Sensor,2020/12/18 2:40 PM,46.5,67.0,36.1,44.0,,,30.37,,,,,,,,,,,,,
Garage,Temp & Humidity Sensor,2020/12/18 2:45 PM,46.5,67.0,36.1,44.0,,,30.37,,,,,,,,,,,,,
Garage,Temp & Humidity Sensor,2020/12/18 2:50 PM,46.5,67.0,36.1,44.0,,,30.37,,,,,,,,,,,,,
Garage,Temp & Humidity Sensor,2020/12/18 2:55 PM,46.5,67.0,36.1,44.0,,,30.37,,,,,,,,,,,,,
Garage,Temp & Humidity Sensor,2020/12/18 3:00 PM,46.5,67.0,36.1,44.0,,,30.37,,,,,,,,,,,,,
Garage,Temp & Humidity Sensor,2020/12/18 3:05 PM,46.5,67.0,36.1,44.0,,,30.38,,,,,,,,,,,,,
Garage,Temp & Humidity Sensor,2020/12/18 3:10 PM,46.5,67.0,36.1,44.0,,,30.38,,,,,,,,,,,,,
Garage,Temp & Humidity Sensor,2020/12/18 3:15 PM,46.5,67.0,36.1,44.0,,,30.38,,,,,,,,,,,,,
Garage,Temp & Humidity Sensor,2020/12/18 3:20 PM,46.5,67.0,36.1,44.0,,,30.38,,,,,,,,,,,,,
Garage,Temp & Humidity Sensor,2020/12/18 3:25 PM,46.4,67.0,36.0,43.9,,,30.38,,,,,,,,,,,,,
Garage,Temp & Humidity Sensor,2020/12/18 3:30 PM,46.4,67.0,36.0,43.9,,,30.38,,,,,,,,,,,,,
Garage,Temp & Humidity Sensor,2020/12/18 3:35 PM,46.4,67.0,36.0,43.9,,,30.38,,,,,,,,,,,,,
Garage,Temp & Humidity Sensor,2020/12/18 3:40 PM,46.4,67.0,36.0,43.9,,,30.38,,,,,,,,,,,,,
Garage,Temp & Humidity Sensor,2020/12/18 3:45 PM,46.4,67.0,36.0,43.9,,,30.38,,,,,,,,,,,,,
Garage,Temp & Humidity Sensor,2020/12/18 3:50 PM,46.5,67.0,36.1,44.0,,,30.39,,,,,,,,,,,,,
Garage,Temp & Humidity Sensor,2020/12/18 3:55 PM,46.5,67.0,36.1,44.0,,,30.39,,,,,,,,,,,,,
Garage,Temp & Humidity Sensor,2020/12/18 4:00 PM,46.5,67.0,36.1,44.0,,,30.39,,,,,,,,,,,,,
Garage,Temp & Humidity Sensor,2020/12/18 4:05 PM,46.5,67.0,36.1,44.0,,,30.39,,,,,,,,,,,,,
Garage,Temp & Humidity Sensor,2020/12/18 4:10 PM,46.5,67.0,36.1,44.0,,,30.39,,,,,,,,,,,,,
Garage,Temp & Humidity Sensor,2020/12/18 4:15 PM,46.5,67.0,36.1,44.0,,,30.39,,,,,,,,,,,,,
Garage,Temp & Humidity Sensor,2020/12/18 4:20 PM,46.5,67.0,36.1,44.0,,,30.4,,,,,,,,,,,,,
Garage,Temp & Humidity Sensor,2020/12/18 4:25 PM,46.5,67.0,36.1,44.0,,,30.4,,,,,,,,,,,,,
Garage,Temp & Humidity Sensor,2020/12/18 4:30 PM,46.5,66.0,35.8,44.0,,,30.4,,,,,,,,,,,,,
Garage,Temp & Humidity Sensor,2020/12/18 4:35 PM,46.5,66.0,35.8,44.0,,,30.41,,,,,,,,,,,,,
Garage,Temp & Humidity Sensor,2020/12/18 4:40 PM,46.5,66.0,35.8,44.0,,,30.41,,,,,,,,,,,,,
Garage,Temp & Humidity Sensor,2020/12/18 4:45 PM,46.4,66.0,35.7,43.8,,,30.41,,,,,,,,,,,,,
Garage,Temp & Humidity Sensor,2020/12/18 4:50 PM,46.4,66.0,35.7,43.8,,,30.41,,,,,,,,,,,,,
Garage,Temp & Humidity Sensor,2020/12/18 4:55 PM,46.4,66.0,35.7,43.8,,,30.41,,,,,,,,,,,,,
Garage,Temp & Humidity Sensor,2020/12/18 5:00 PM,46.2,67.0,35.9,43.7,,,30.41,,,,,,,,,,,,,
Garage,Temp & Humidity Sensor,2020/12/18 5:05 PM,46.2,67.0,35.9,43.7,,,30.41,,,,,,,,,,,,,
Garage,Temp & Humidity Sensor,2020/12/18 5:10 PM,46.0,67.0,35.7,43.4,,,30.41,,,,,,,,,,,,,
Garage,Temp & Humidity Sensor,2020/12/18 5:15 PM,46.0,67.0,35.7,43.4,,,30.41,,,,,,,,,,,,,
Garage,Temp & Humidity Sensor,2020/12/18 5:20 PM,45.8,67.0,35.5,43.2,,,30.41,,,,,,,,,,,,,
Garage,Temp & Humidity Sensor,2020/12/18 5:25 PM,45.6,67.0,35.3,43.0,,,30.41,,,,,,,,,,,,,
Garage,Temp & Humidity Sensor,2020/12/18 5:30 PM,45.6,67.0,35.3,43.0,,,30.41,,,,,,,,,,,,,
Garage,Temp & Humidity Sensor,2020/12/18 5:35 PM,45.5,67.0,35.2,42.9,,,30.41,,,,,,,,,,,,,
Garage,Temp & Humidity Sensor,2020/12/18 5:40 PM,45.5,67.0,35.2,42.9,,,30.4,,,,,,,,,,,,,
Garage,Temp & Humidity Sensor,2020/12/18 5:45 PM,45.3,67.0,35.0,42.7,,,30.4,,,,,,,,,,,,,
Garage,Temp & Humidity Sensor,2020/12/18 5:50 PM,45.1,67.0,34.8,42.5,,,30.41,,,,,,,,,,,,,
Garage,Temp & Humidity Sensor,2020/12/18 5:55 PM,45.1,67.0,34.8,42.5,,,30.41,,,,,,,,,,,,,
Garage,Temp & Humidity Sensor,2020/12/18 6:00 PM,44.9,67.0,34.6,42.2,,,30.41,,,,,,,,,,,,,
Garage,Temp & Humidity Sensor,2020/12/18 6:05 PM,44.9,67.0,34.6,42.2,,,30.41,,,,,,,,,,,,,
Garage,Temp & Humidity Sensor,2020/12/18 6:10 PM,44.7,67.0,34.4,42.0,,,30.41,,,,,,,,,,,,,
Garage,Temp & Humidity Sensor,2020/12/18 6:15 PM,44.6,66.0,34.0,41.9,,,30.42,,,,,,,,,,,,,
Garage,Temp & Humidity Sensor,2020/12/18 6:20 PM,44.6,66.0,34.0,41.9,,,30.42,,,,,,,,,,,,,
Garage,Temp & Humidity Sensor,2020/12/18 6:25 PM,44.6,66.0,34.0,41.9,,,30.42,,,,,,,,,,,,,
Garage,Temp & Humidity Sensor,2020/12/18 6:30 PM,44.6,66.0,34.0,41.9,,,30.41,,,,,,,,,,,,,
Garage,Temp & Humidity Sensor,2020/12/18 6:35 PM,44.4,67.0,34.1,41.7,,,30.41,,,,,,,,,,,,,
Garage,Temp & Humidity Sensor,2020/12/18 6:40 PM,44.2,67.0,33.9,41.5,,,30.41,,,,,,,,,,,,,
Garage,Temp & Humidity Sensor,2020/12/18 6:45 PM,44.2,67.0,33.9,41.5,,,30.42,,,,,,,,,,,,,
Garage,Temp & Humidity Sensor,2020/12/18 6:50 PM,44.0,67.0,33.8,41.2,,,30.42,,,,,,,,,,,,,
Garage,Temp & Humidity Sensor,2020/12/18 6:55 PM,43.8,67.0,33.6,41.0,,,30.42,,,,,,,,,,,,,
Garage,Temp & Humidity Sensor,2020/12/18 7:00 PM,43.8,67.0,33.6,41.0,,,30.43,,,,,,,,,,,,,
Garage,Temp & Humidity Sensor,2020/12/18 7:05 PM,43.7,67.0,33.5,40.9,,,30.42,,,,,,,,,,,,,
Garage,Temp & Humidity Sensor,2020/12/18 7:10 PM,43.7,67.0,33.5,40.9,,,30.42,,,,,,,,,,,,,
Garage,Temp & Humidity Sensor,2020/12/18 7:15 PM,43.5,67.0,33.3,40.7,,,30.42,,,,,,,,,,,,,
Garage,Temp & Humidity Sensor,2020/12/18 7:20 PM,43.5,67.0,33.3,40.7,,,30.42,,,,,,,,,,,,,
Garage,Temp & Humidity Sensor,2020/12/18 7:25 PM,43.3,67.0,33.1,40.5,,,30.42,,,,,,,,,,,,,
Garage,Temp & Humidity Sensor,2020/12/18 7:30 PM,43.1,67.0,32.9,40.3,,,30.42,,,,,,,,,,,,,
Garage,Temp & Humidity Sensor,2020/12/18 7:35 PM,43.1,67.0,32.9,40.3,,,30.42,,,,,,,,,,,,,
Garage,Temp & Humidity Sensor,2020/12/18 7:40 PM,42.9,67.0,32.7,40.0,,,30.42,,,,,,,,,,,,,
Garage,Temp & Humidity Sensor,2020/12/18 7:45 PM,42.9,67.0,32.7,40.0,,,30.42,,,,,,,,,,,,,
Garage,Temp & Humidity Sensor,2020/12/18 7:50 PM,42.8,67.0,32.6,39.9,,,30.42,,,,,,,,,,,,,
Garage,Temp & Humidity Sensor,2020/12/18 7:55 PM,42.8,67.0,32.6,39.9,,,30.42,,,,,,,,,,,,,
Garage,Temp & Humidity Sensor,2020/12/18 8:00 PM,42.8,67.0,32.6,39.9,,,30.42,,,,,,,,,,,,,
Garage,Temp & Humidity Sensor,2020/12/18 8:05 PM,42.8,67.0,32.6,39.9,,,30.42,,,,,,,,,,,,,
Garage,Temp & Humidity Sensor,2020/12/18 8:10 PM,42.6,67.0,32.4,39.7,,,30.42,,,,,,,,,,,,,
Garage,Temp & Humidity Sensor,2020/12/18 8:15 PM,42.6,67.0,32.4,39.7,,,30.42,,,,,,,,,,,,,
Garage,Temp & Humidity Sensor,2020/12/18 8:20 PM,42.4,67.0,32.2,39.5,,,30.42,,,,,,,,,,,,,
Garage,Temp & Humidity Sensor,2020/12/18 8:25 PM,42.4,67.0,32.2,39.5,,,30.42,,,,,,,,,,,,,
Garage,Temp & Humidity Sensor,2020/12/18 8:30 PM,42.2,67.0,32.0,39.3,,,30.42,,,,,,,,,,,,,
Garage,Temp & Humidity Sensor,2020/12/18 8:35 PM,42.0,67.0,31.8,39.0,,,30.42,,,,,,,,,,,,,
Garage,Temp & Humidity Sensor,2020/12/18 8:40 PM,42.0,67.0,31.8,39.0,,,30.43,,,,,,,,,,,,,
Garage,Temp & Humidity Sensor,2020/12/18 8:45 PM,41.9,67.0,31.8,38.9,,,30.42,,,,,,,,,,,,,
Garage,Temp & Humidity Sensor,2020/12/18 8:50 PM,41.9,67.0,31.8,38.9,,,30.43,,,,,,,,,,,,,
Garage,Temp & Humidity Sensor,2020/12/18 8:55 PM,41.9,67.0,31.8,38.9,,,30.42,,,,,,,,,,,,,
Garage,Temp & Humidity Sensor,2020/12/18 9:00 PM,41.7,67.0,31.6,38.7,,,30.42,,,,,,,,,,,,,
Garage,Temp & Humidity Sensor,2020/12/18 9:05 PM,41.7,67.0,31.6,38.7,,,30.42,,,,,,,,,,,,,
Garage,Temp & Humidity Sensor,2020/12/18 9:10 PM,41.5,67.0,31.4,38.5,,,30.42,,,,,,,,,,,,,
Garage,Temp & Humidity Sensor,2020/12/18 9:15 PM,41.5,67.0,31.4,38.5,,,30.42,,,,,,,,,,,,,
Garage,Temp & Humidity Sensor,2020/12/18 9:20 PM,41.3,67.0,31.2,38.3,,,30.42,,,,,,,,,,,,,
Garage,Temp & Humidity Sensor,2020/12/18 9:25 PM,41.3,67.0,31.2,38.3,,,30.42,,,,,,,,,,,,,
Garage,Temp & Humidity Sensor,2020/12/18 9:30 PM,41.1,67.0,31.0,38.1,,,30.42,,,,,,,,,,,,,
Garage,Temp & Humidity Sensor,2020/12/18 9:35 PM,41.1,67.0,31.0,38.1,,,30.43,,,,,,,,,,,,,
Garage,Temp & Humidity Sensor,2020/12/18 9:40 PM,41.1,67.0,31.0,38.1,,,30.43,,,,,,,,,,,,,
Garage,Temp & Humidity Sensor,2020/12/18 9:45 PM,41.0,67.0,30.9,37.9,,,30.42,,,,,,,,,,,,,
Garage,Temp & Humidity Sensor,2020/12/18 9:50 PM,41.0,67.0,30.9,37.9,,,30.43,,,,,,,,,,,,,
Garage,Temp & Humidity Sensor,2020/12/18 9:55 PM,40.8,67.0,30.7,37.7,,,30.43,,,,,,,,,,,,,
Garage,Temp & Humidity Sensor,2020/12/18 10:00 PM,40.8,67.0,30.7,37.7,,,30.43,,,,,,,,,,,,,
Garage,Temp & Humidity Sensor,2020/12/18 10:05 PM,40.6,67.0,30.5,37.5,,,30.42,,,,,,,,,,,,,
Garage,Temp & Humidity Sensor,2020/12/18 10:10 PM,40.6,67.0,30.5,37.5,,,30.44,,,,,,,,,,,,,
Garage,Temp & Humidity Sensor,2020/12/18 10:15 PM,40.6,67.0,30.5,37.5,,,30.44,,,,,,,,,,,,,
Garage,Temp & Humidity Sensor,2020/12/18 10:20 PM,40.4,67.0,30.3,37.3,,,30.43,,,,,,,,,,,,,
Garage,Temp & Humidity Sensor,2020/12/18 10:25 PM,40.4,67.0,30.3,37.3,,,30.44,,,,,,,,,,,,,
Garage,Temp & Humidity Sensor,2020/12/18 10:30 PM,40.2,67.0,30.1,37.1,,,30.44,,,,,,,,,,,,,
Garage,Temp & Humidity Sensor,2020/12/18 10:35 PM,40.2,67.0,30.1,37.1,,,30.44,,,,,,,,,,,,,
Garage,Temp & Humidity Sensor,2020/12/18 10:40 PM,40.2,67.0,30.1,37.1,,,30.44,,,,,,,,,,,,,
Garage,Temp & Humidity Sensor,2020/12/18 10:45 PM,40.1,67.0,30.0,37.0,,,30.44,,,,,,,,,,,,,
Garage,Temp & Humidity Sensor,2020/12/18 10:50 PM,40.1,67.0,30.0,37.0,,,30.43,,,,,,,,,,,,,
Garage,Temp & Humidity Sensor,2020/12/18 10:55 PM,40.1,67.0,30.0,37.0,,,30.44,,,,,,,,,,,,,
Garage,Temp & Humidity Sensor,2020/12/18 11:00 PM,39.9,67.0,29.8,39.9,,,30.44,,,,,,,,,,,,,
Garage,Temp & Humidity Sensor,2020/12/18 11:05 PM,39.9,67.0,29.8,39.9,,,30.44,,,,,,,,,,,,,
Garage,Temp & Humidity Sensor,2020/12/18 11:10 PM,39.7,67.0,29.7,39.7,,,30.44,,,,,,,,,,,,,
Garage,Temp & Humidity Sensor,2020/12/18 11:15 PM,39.7,67.0,29.7,39.7,,,30.44,,,,,,,,,,,,,
Garage,Temp & Humidity Sensor,2020/12/18 11:20 PM,39.7,67.0,29.7,39.7,,,30.44,,,,,,,,,,,,,
Garage,Temp & Humidity Sensor,2020/12/18 11:25 PM,39.7,67.0,29.7,39.7,,,30.44,,,,,,,,,,,,,
Garage,Temp & Humidity Sensor,2020/12/18 11:30 PM,39.5,67.0,29.5,39.5,,,30.45,,,,,,,,,,,,,
Garage,Temp & Humidity Sensor,2020/12/18 11:35 PM,39.5,67.0,29.5,39.5,,,30.44,,,,,,,,,,,,,
Garage,Temp & Humidity Sensor,2020/12/18 11:40 PM,39.5,67.0,29.5,39.5,,,30.44,,,,,,,,,,,,,
Garage,Temp & Humidity Sensor,2020/12/18 11:45 PM,39.3,67.0,29.3,39.3,,,30.44,,,,,,,,,,,,,
Garage,Temp & Humidity Sensor,2020/12/18 11:50 PM,39.3,67.0,29.3,39.3,,,30.44,,,,,,,,,,,,,
Garage,Temp & Humidity Sensor,2020/12/18 11:55 PM,39.2,67.0,29.2,39.2,,,30.44,,,,,,,,,,,,,
Garage,Temp & Humidity Sensor,2020/12/19 12:00 AM,39.2,67.0,29.2,39.2,,,30.44,,,,,,,,,,,,,
Garage,Temp & Humidity Sensor,2020/12/19 12:05 AM,39.2,67.0,29.2,39.2,,,30.44,,,,,,,,,,,,,
Garage,Temp & Humidity Sensor,2020/12/19 12:10 AM,39.2,67.0,29.2,39.2,,,30.44,,,,,,,,,,,,,
Garage,Temp & Humidity Sensor,2020/12/19 12:15 AM,39.2,67.0,29.2,39.2,,,30.44,,,,,,,,,,,,,
Garage,Temp & Humidity Sensor,2020/12/19 12:20 AM,39.2,67.0,29.2,39.2,,,30.44,,,,,,,,,,,,,
Garage,Temp & Humidity Sensor,2020/12/19 12:25 AM,39.2,67.0,29.2,39.2,,,30.44,,,,,,,,,,,,,
Garage,Temp & Humidity Sensor,2020/12/19 12:30 AM,39.0,67.0,29.0,39.0,,,30.44,,,,,,,,,,,,,
Garage,Temp & Humidity Sensor,2020/12/19 12:35 AM,39.0,67.0,29.0,39.0,,,30.44,,,,,,,,,,,,,
Garage,Temp & Humidity Sensor,2020/12/19 12:40 AM,39.0,67.0,29.0,39.0,,,30.44,,,,,,,,,,,,,
Garage,Temp & Humidity Sensor,2020/12/19 12:45 AM,39.0,67.0,29.0,39.0,,,30.44,,,,,,,,,,,,,
Garage,Temp & Humidity Sensor,2020/12/19 12:50 AM,38.8,67.0,28.8,38.8,,,30.44,,,,,,,,,,,,,
Garage,Temp & Humidity Sensor,2020/12/19 12:55 AM,38.8,67.0,28.8,38.8,,,30.44,,,,,,,,,,,,,
Garage,Temp & Humidity Sensor,2020/12/19 1:00 AM,38.6,67.0,28.6,38.6,,,30.43,,,,,,,,,,,,,
Garage,Temp & Humidity Sensor,2020/12/19 1:05 AM,38.6,67.0,28.6,38.6,,,30.43,,,,,,,,,,,,,
Garage,Temp & Humidity Sensor,2020/12/19 1:10 AM,38.6,67.0,28.6,38.6,,,30.43,,,,,,,,,,,,,
Garage,Temp & Humidity Sensor,2020/12/19 1:15 AM,38.6,67.0,28.6,38.6,,,30.43,,,,,,,,,,,,,
Garage,Temp & Humidity Sensor,2020/12/19 1:20 AM,38.4,67.0,28.4,38.4,,,30.43,,,,,,,,,,,,,
Garage,Temp & Humidity Sensor,2020/12/19 1:25 AM,38.4,67.0,28.4,38.4,,,30.43,,,,,,,,,,,,,
Garage,Temp & Humidity Sensor,2020/12/19 1:30 AM,38.4,67.0,28.4,38.4,,,30.43,,,,,,,,,,,,,
Garage,Temp & Humidity Sensor,2020/12/19 1:35 AM,38.4,67.0,28.4,38.4,,,30.42,,,,,,,,,,,,,
Garage,Temp & Humidity Sensor,2020/12/19 1:40 AM,38.3,67.0,28.3,38.3,,,30.43,,,,,,,,,,,,,
Garage,Temp & Humidity Sensor,2020/12/19 1:45 AM,38.3,67.0,28.3,38.3,,,30.42,,,,,,,,,,,,,
Garage,Temp & Humidity Sensor,2020/12/19 1:50 AM,38.3,67.0,28.3,38.3,,,30.43,,,,,,,,,,,,,
Garage,Temp & Humidity Sensor,2020/12/19 1:55 AM,38.3,67.0,28.3,38.3,,,30.43,,,,,,,,,,,,,
Garage,Temp & Humidity Sensor,2020/12/19 2:00 AM,38.3,67.0,28.3,38.3,,,30.43,,,,,,,,,,,,,
Garage,Temp & Humidity Sensor,2020/12/19 2:05 AM,38.1,67.0,28.1,38.1,,,30.44,,,,,,,,,,,,,
Garage,Temp & Humidity Sensor,2020/12/19 2:10 AM,38.1,67.0,28.1,38.1,,,30.44,,,,,,,,,,,,,
Garage,Temp & Humidity Sensor,2020/12/19 2:15 AM,38.1,67.0,28.1,38.1,,,30.44,,,,,,,,,,,,,
Garage,Temp & Humidity Sensor,2020/12/19 2:20 AM,38.1,67.0,28.1,38.1,,,30.44,,,,,,,,,,,,,
Garage,Temp & Humidity Sensor,2020/12/19 2:25 AM,37.9,67.0,27.9,37.9,,,30.44,,,,,,,,,,,,,
Garage,Temp & Humidity Sensor,2020/12/19 2:30 AM,37.9,67.0,27.9,37.9,,,30.44,,,,,,,,,,,,,
Garage,Temp & Humidity Sensor,2020/12/19 2:35 AM,37.9,67.0,27.9,37.9,,,30.44,,,,,,,,,,,,,
Garage,Temp & Humidity Sensor,2020/12/19 2:40 AM,37.9,67.0,27.9,37.9,,,30.44,,,,,,,,,,,,,
Garage,Temp & Humidity Sensor,2020/12/19 2:45 AM,37.7,67.0,27.7,37.7,,,30.45,,,,,,,,,,,,,
Garage,Temp & Humidity Sensor,2020/12/19 2:50 AM,37.7,67.0,27.7,37.7,,,30.45,,,,,,,,,,,,,
Garage,Temp & Humidity Sensor,2020/12/19 2:55 AM,37.7,67.0,27.7,37.7,,,30.45,,,,,,,,,,,,,
Garage,Temp & Humidity Sensor,2020/12/19 3:00 AM,37.7,67.0,27.7,37.7,,,30.45,,,,,,,,,,,,,
Garage,Temp & Humidity Sensor,2020/12/19 3:05 AM,37.4,67.0,27.5,37.4,,,30.45,,,,,,,,,,,,,
Garage,Temp & Humidity Sensor,2020/12/19 3:10 AM,37.4,67.0,27.5,37.4,,,30.45,,,,,,,,,,,,,
Garage,Temp & Humidity Sensor,2020/12/19 3:15 AM,37.4,67.0,27.5,37.4,,,30.45,,,,,,,,,,,,,
Garage,Temp & Humidity Sensor,2020/12/19 3:20 AM,37.4,67.0,27.5,37.4,,,30.45,,,,,,,,,,,,,
Garage,Temp & Humidity Sensor,2020/12/19 3:25 AM,37.4,67.0,27.5,37.4,,,30.45,,,,,,,,,,,,,
Garage,Temp & Humidity Sensor,2020/12/19 3:30 AM,37.4,67.0,27.5,37.4,,,30.45,,,,,,,,,,,,,
Garage,Temp & Humidity Sensor,2020/12/19 3:35 AM,37.2,68.0,27.6,37.2,,,30.45,,,,,,,,,,,,,
Garage,Temp & Humidity Sensor,2020/12/19 3:40 AM,37.2,68.0,27.6,37.2,,,30.45,,,,,,,,,,,,,
Garage,Temp & Humidity Sensor,2020/12/19 3:45 AM,37.0,68.0,27.4,37.0,,,30.45,,,,,,,,,,,,,
Garage,Temp & Humidity Sensor,2020/12/19 3:50 AM,37.0,68.0,27.4,37.0,,,30.45,,,,,,,,,,,,,
Garage,Temp & Humidity Sensor,2020/12/19 3:55 AM,36.8,68.0,27.2,36.8,,,30.45,,,,,,,,,,,,,
Garage,Temp & Humidity Sensor,2020/12/19 4:00 AM,36.8,68.0,27.2,36.8,,,30.46,,,,,,,,,,,,,
Garage,Temp & Humidity Sensor,2020/12/19 4:05 AM,36.6,68.0,27.1,36.6,,,30.46,,,,,,,,,,,,,
Garage,Temp & Humidity Sensor,2020/12/19 4:10 AM,36.6,68.0,27.1,36.6,,,30.45,,,,,,,,,,,,,
Garage,Temp & Humidity Sensor,2020/12/19 4:15 AM,36.6,67.0,26.7,36.6,,,30.45,,,,,,,,,,,,,
Garage,Temp & Humidity Sensor,2020/12/19 4:20 AM,36.5,67.0,26.6,36.5,,,30.45,,,,,,,,,,,,,
Garage,Temp & Humidity Sensor,2020/12/19 4:25 AM,36.5,67.0,26.6,36.5,,,30.45,,,,,,,,,,,,,
Garage,Temp & Humidity Sensor,2020/12/19 4:30 AM,36.5,67.0,26.6,36.5,,,30.44,,,,,,,,,,,,,
Garage,Temp & Humidity Sensor,2020/12/19 4:35 AM,36.3,67.0,26.4,36.3,,,30.44,,,,,,,,,,,,,
Garage,Temp & Humidity Sensor,2020/12/19 4:40 AM,36.3,67.0,26.4,36.3,,,30.45,,,,,,,,,,,,,
Garage,Temp & Humidity Sensor,2020/12/19 4:45 AM,36.3,67.0,26.4,36.3,,,30.44,,,,,,,,,,,,,
Garage,Temp & Humidity Sensor,2020/12/19 4:50 AM,36.3,67.0,26.4,36.3,,,30.44,,,,,,,,,,,,,
Garage,Temp & Humidity Sensor,2020/12/19 4:55 AM,36.1,67.0,26.2,36.1,,,30.44,,,,,,,,,,,,,
Garage,Temp & Humidity Sensor,2020/12/19 5:00 AM,36.1,67.0,26.2,36.1,,,30.44,,,,,,,,,,,,,
Garage,Temp & Humidity Sensor,2020/12/19 5:05 AM,36.1,67.0,26.2,36.1,,,30.44,,,,,,,,,,,,,
Garage,Temp & Humidity Sensor,2020/12/19 5:10 AM,35.9,67.0,26.0,35.9,,,30.44,,,,,,,,,,,,,
Garage,Temp & Humidity Sensor,2020/12/19 5:15 AM,35.9,67.0,26.0,35.9,,,30.44,,,,,,,,,,,,,
Garage,Temp & Humidity Sensor,2020/12/19 5:20 AM,35.9,67.0,26.0,35.9,,,30.45,,,,,,,,,,,,,
Garage,Temp & Humidity Sensor,2020/12/19 5:25 AM,35.9,67.0,26.0,35.9,,,30.45,,,,,,,,,,,,,
Garage,Temp & Humidity Sensor,2020/12/19 5:30 AM,35.7,67.0,25.8,35.7,,,30.45,,,,,,,,,,,,,
Garage,Temp & Humidity Sensor,2020/12/19 5:35 AM,35.7,67.0,25.8,35.7,,,30.45,,,,,,,,,,,,,
Garage,Temp & Humidity Sensor,2020/12/19 5:40 AM,35.7,67.0,25.8,35.7,,,30.45,,,,,,,,,,,,,
Garage,Temp & Humidity Sensor,2020/12/19 5:45 AM,35.7,67.0,25.8,35.7,,,30.45,,,,,,,,,,,,,
Garage,Temp & Humidity Sensor,2020/12/19 5:50 AM,35.6,67.0,25.7,35.6,,,30.45,,,,,,,,,,,,,
Garage,Temp & Humidity Sensor,2020/12/19 5:55 AM,35.6,67.0,25.7,35.6,,,30.45,,,,,,,,,,,,,
Garage,Temp & Humidity Sensor,2020/12/19 6:05 AM,35.6,67.0,25.7,35.6,,,30.45,,,,,,,,,,,,,
Garage,Temp & Humidity Sensor,2020/12/19 6:10 AM,35.6,67.0,25.7,35.6,,,30.45,,,,,,,,,,,,,
Garage,Temp & Humidity Sensor,2020/12/19 6:15 AM,35.6,67.0,25.7,35.6,,,30.45,,,,,,,,,,,,,
Garage,Temp & Humidity Sensor,2020/12/19 6:20 AM,35.6,67.0,25.7,35.6,,,30.45,,,,,,,,,,,,,
Garage,Temp & Humidity Sensor,2020/12/19 6:25 AM,35.6,67.0,25.7,35.6,,,30.45,,,,,,,,,,,,,
Garage,Temp & Humidity Sensor,2020/12/19 6:30 AM,35.6,67.0,25.7,35.6,,,30.45,,,,,,,,,,,,,
Garage,Temp & Humidity Sensor,2020/12/19 6:35 AM,35.4,68.0,25.9,35.4,,,30.45,,,,,,,,,,,,,
Garage,Temp & Humidity Sensor,2020/12/19 6:40 AM,35.4,68.0,25.9,35.4,,,30.44,,,,,,,,,,,,,
Garage,Temp & Humidity Sensor,2020/12/19 6:45 AM,35.4,68.0,25.9,35.4,,,30.45,,,,,,,,,,,,,
Garage,Temp & Humidity Sensor,2020/12/19 6:50 AM,35.4,68.0,25.9,35.4,,,30.45,,,,,,,,,,,,,
Garage,Temp & Humidity Sensor,2020/12/19 6:55 AM,35.2,68.0,25.7,35.2,,,30.45,,,,,,,,,,,,,
Garage,Temp & Humidity Sensor,2020/12/19 7:00 AM,35.2,68.0,25.7,35.2,,,30.45,,,,,,,,,,,,,
Garage,Temp & Humidity Sensor,2020/12/19 7:05 AM,35.2,68.0,25.7,35.2,,,30.45,,,,,,,,,,,,,
Garage,Temp & Humidity Sensor,2020/12/19 7:10 AM,35.2,68.0,25.7,35.2,,,30.46,,,,,,,,,,,,,
Garage,Temp & Humidity Sensor,2020/12/19 7:15 AM,35.2,68.0,25.7,35.2,,,30.46,,,,,,,,,,,,,
Garage,Temp & Humidity Sensor,2020/12/19 7:20 AM,35.0,68.0,25.5,35.0,,,30.46,,,,,,,,,,,,,
Garage,Temp & Humidity Sensor,2020/12/19 7:25 AM,35.0,68.0,25.5,35.0,,,30.46,,,,,,,,,,,,,
Garage,Temp & Humidity Sensor,2020/12/19 7:30 AM,35.0,68.0,25.5,35.0,,,30.46,,,,,,,,,,,,,
Garage,Temp & Humidity Sensor,2020/12/19 7:35 AM,35.0,68.0,25.5,35.0,,,30.46,,,,,,,,,,,,,
Garage,Temp & Humidity Sensor,2020/12/19 7:40 AM,35.0,68.0,25.5,35.0,,,30.46,,,,,,,,,,,,,
Garage,Temp & Humidity Sensor,2020/12/19 7:45 AM,34.8,68.0,25.3,34.8,,,30.46,,,,,,,,,,,,,
Garage,Temp & Humidity Sensor,2020/12/19 7:50 AM,34.8,68.0,25.3,34.8,,,30.46,,,,,,,,,,,,,
Garage,Temp & Humidity Sensor,2020/12/19 7:55 AM,34.8,68.0,25.3,34.8,,,30.46,,,,,,,,,,,,,
Garage,Temp & Humidity Sensor,2020/12/19 8:00 AM,34.8,68.0,25.3,34.8,,,30.46,,,,,,,,,,,,,
Garage,Temp & Humidity Sensor,2020/12/19 8:05 AM,34.8,68.0,25.3,34.8,,,30.46,,,,,,,,,,,,,
Garage,Temp & Humidity Sensor,2020/12/19 8:10 AM,34.8,68.0,25.3,34.8,,,30.45,,,,,,,,,,,,,
Garage,Temp & Humidity Sensor,2020/12/19 8:15 AM,34.8,68.0,25.3,34.8,,,30.46,,,,,,,,,,,,,
Garage,Temp & Humidity Sensor,2020/12/19 8:20 AM,34.8,68.0,25.3,34.8,,,30.45,,,,,,,,,,,,,
Garage,Temp & Humidity Sensor,2020/12/19 8:25 AM,34.8,68.0,25.3,34.8,,,30.45,,,,,,,,,,,,,
Garage,Temp & Humidity Sensor,2020/12/19 8:30 AM,34.8,68.0,25.3,34.8,,,30.45,,,,,,,,,,,,,
Garage,Temp & Humidity Sensor,2020/12/19 8:35 AM,34.8,68.0,25.3,34.8,,,30.46,,,,,,,,,,,,,
Garage,Temp & Humidity Sensor,2020/12/19 8:40 AM,34.8,68.0,25.3,34.8,,,30.46,,,,,,,,,,,,,
Garage,Temp & Humidity Sensor,2020/12/19 8:45 AM,34.8,68.0,25.3,34.8,,,30.46,,,,,,,,,,,,,
Garage,Temp & Humidity Sensor,2020/12/19 8:50 AM,34.8,68.0,25.3,34.8,,,30.46,,,,,,,,,,,,,
Garage,Temp & Humidity Sensor,2020/12/19 8:55 AM,35.0,68.0,25.5,35.0,,,30.46,,,,,,,,,,,,,
Garage,Temp & Humidity Sensor,2020/12/19 9:00 AM,35.0,68.0,25.5,35.0,,,30.46,,,,,,,,,,,,,
Garage,Temp & Humidity Sensor,2020/12/19 9:05 AM,35.0,68.0,25.5,35.0,,,30.46,,,,,,,,,,,,,
Garage,Temp & Humidity Sensor,2020/12/19 9:10 AM,35.0,68.0,25.5,35.0,,,30.47,,,,,,,,,,,,,
Garage,Temp & Humidity Sensor,2020/12/19 9:15 AM,35.2,68.0,25.7,35.2,,,30.46,,,,,,,,,,,,,
Garage,Temp & Humidity Sensor,2020/12/19 9:20 AM,35.2,68.0,25.7,35.2,,,30.47,,,,,,,,,,,,,
Garage,Temp & Humidity Sensor,2020/12/19 9:25 AM,35.4,68.0,25.9,35.4,,,30.46,,,,,,,,,,,,,
Garage,Temp & Humidity Sensor,2020/12/19 9:30 AM,35.4,68.0,25.9,35.4,,,30.46,,,,,,,,,,,,,
Garage,Temp & Humidity Sensor,2020/12/19 9:35 AM,35.4,68.0,25.9,35.4,,,30.47,,,,,,,,,,,,,
Garage,Temp & Humidity Sensor,2020/12/19 9:40 AM,35.6,67.0,25.7,35.6,,,30.47,,,,,,,,,,,,,
Garage,Temp & Humidity Sensor,2020/12/19 9:45 AM,35.6,67.0,25.7,35.6,,,30.47,,,,,,,,,,,,,
Garage,Temp & Humidity Sensor,2020/12/19 9:50 AM,35.6,67.0,25.7,35.6,,,30.47,,,,,,,,,,,,,
Garage,Temp & Humidity Sensor,2020/12/19 9:55 AM,35.6,67.0,25.7,35.6,,,30.47,,,,,,,,,,,,,
Garage,Temp & Humidity Sensor,2020/12/19 10:00 AM,35.7,68.0,26.2,35.7,,,30.47,,,,,,,,,,,,,
Garage,Temp & Humidity Sensor,2020/12/19 10:05 AM,35.9,68.0,26.4,35.9,,,30.47,,,,,,,,,,,,,
Garage,Temp & Humidity Sensor,2020/12/19 10:10 AM,35.9,68.0,26.4,35.9,,,30.47,,,,,,,,,,,,,
Garage,Temp & Humidity Sensor,2020/12/19 10:15 AM,36.1,68.0,26.6,36.1,,,30.47,,,,,,,,,,,,,
Garage,Temp & Humidity Sensor,2020/12/19 10:20 AM,36.3,68.0,26.8,36.3,,,30.47,,,,,,,,,,,,,
Garage,Temp & Humidity Sensor,2020/12/19 10:25 AM,36.3,68.0,26.8,36.3,,,30.46,,,,,,,,,,,,,
Garage,Temp & Humidity Sensor,2020/12/19 10:30 AM,36.5,68.0,27.0,36.5,,,30.46,,,,,,,,,,,,,
Garage,Temp & Humidity Sensor,2020/12/19 10:35 AM,36.6,68.0,27.1,36.6,,,30.46,,,,,,,,,,,,,
Garage,Temp & Humidity Sensor,2020/12/19 10:40 AM,36.8,68.0,27.2,36.8,,,30.46,,,,,,,,,,,,,
Garage,Temp & Humidity Sensor,2020/12/19 10:45 AM,36.8,68.0,27.2,36.8,,,30.46,,,,,,,,,,,,,
Garage,Temp & Humidity Sensor,2020/12/19 10:50 AM,37.0,68.0,27.4,37.0,,,30.46,,,,,,,,,,,,,
Garage,Temp & Humidity Sensor,2020/12/19 10:55 AM,37.2,68.0,27.6,37.2,,,30.46,,,,,,,,,,,,,
Garage,Temp & Humidity Sensor,2020/12/19 11:00 AM,37.4,67.0,27.5,37.4,,,30.45,,,,,,,,,,,,,
Garage,Temp & Humidity Sensor,2020/12/19 11:05 AM,37.4,67.0,27.5,37.4,,,30.45,,,,,,,,,,,,,
Garage,Temp & Humidity Sensor,2020/12/19 11:10 AM,37.7,67.0,27.7,37.7,,,30.45,,,,,,,,,,,,,
Garage,Temp & Humidity Sensor,2020/12/19 11:15 AM,37.7,68.0,28.1,37.7,,,30.45,,,,,,,,,,,,,
Garage,Temp & Humidity Sensor,2020/12/19 11:20 AM,37.9,68.0,28.3,37.9,,,30.44,,,,,,,,,,,,,
Garage,Temp & Humidity Sensor,2020/12/19 11:25 AM,38.1,68.0,28.5,38.1,,,30.44,,,,,,,,,,,,,
Garage,Temp & Humidity Sensor,2020/12/19 11:30 AM,38.3,68.0,28.7,38.3,,,30.44,,,,,,,,,,,,,
Garage,Temp & Humidity Sensor,2020/12/19 11:35 AM,38.6,68.0,29.0,38.6,,,30.44,,,,,,,,,,,,,
Garage,Temp & Humidity Sensor,2020/12/19 11:40 AM,38.6,68.0,29.0,38.6,,,30.43,,,,,,,,,,,,,
Garage,Temp & Humidity Sensor,2020/12/19 11:45 AM,38.8,68.0,29.2,38.8,,,30.43,,,,,,,,,,,,,
Garage,Temp & Humidity Sensor,2020/12/19 11:50 AM,39.2,67.0,29.2,39.2,,,30.42,,,,,,,,,,,,,
Garage,Temp & Humidity Sensor,2020/12/19 11:55 AM,39.2,67.0,29.2,39.2,,,30.42,,,,,,,,,,,,,
Garage,Temp & Humidity Sensor,2020/12/19 12:00 PM,39.3,67.0,29.3,39.3,,,30.42,,,,,,,,,,,,,
Garage,Temp & Humidity Sensor,2020/12/19 12:05 PM,39.5,67.0,29.5,39.5,,,30.42,,,,,,,,,,,,,
Garage,Temp & Humidity Sensor,2020/12/19 12:10 PM,39.7,67.0,29.7,39.7,,,30.42,,,,,,,,,,,,,
Garage,Temp & Humidity Sensor,2020/12/19 12:15 PM,39.9,67.0,29.8,39.9,,,30.41,,,,,,,,,,,,,
Garage,Temp & Humidity Sensor,2020/12/19 12:20 PM,40.1,68.0,30.4,37.0,,,30.41,,,,,,,,,,,,,
Garage,Temp & Humidity Sensor,2020/12/19 12:25 PM,40.2,68.0,30.5,37.1,,,30.41,,,,,,,,,,,,,
Garage,Temp & Humidity Sensor,2020/12/19 12:30 PM,40.4,68.0,30.7,37.3,,,30.41,,,,,,,,,,,,,
Garage,Temp & Humidity Sensor,2020/12/19 12:35 PM,40.6,68.0,30.9,37.6,,,30.41,,,,,,,,,,,,,
Garage,Temp & Humidity Sensor,2020/12/19 12:40 PM,40.8,68.0,31.1,37.8,,,30.41,,,,,,,,,,,,,
Garage,Temp & Humidity Sensor,2020/12/19 12:45 PM,41.0,67.0,30.9,37.9,,,30.41,,,,,,,,,,,,,
Garage,Temp & Humidity Sensor,2020/12/19 12:50 PM,41.1,67.0,31.0,38.1,,,30.4,,,,,,,,,,,,,
Garage,Temp & Humidity Sensor,2020/12/19 12:55 PM,41.3,67.0,31.2,38.3,,,30.4,,,,,,,,,,,,,
Garage,Temp & Humidity Sensor,2020/12/19 1:00 PM,41.7,67.0,31.6,38.7,,,30.39,,,,,,,,,,,,,
Garage,Temp & Humidity Sensor,2020/12/19 1:05 PM,41.9,67.0,31.8,38.9,,,30.39,,,,,,,,,,,,,
Garage,Temp & Humidity Sensor,2020/12/19 1:10 PM,42.2,67.0,32.0,39.3,,,30.39,,,,,,,,,,,,,
Garage,Temp & Humidity Sensor,2020/12/19 1:15 PM,42.4,67.0,32.2,39.5,,,30.39,,,,,,,,,,,,,
Garage,Temp & Humidity Sensor,2020/12/19 1:20 PM,42.8,67.0,32.6,39.9,,,30.39,,,,,,,,,,,,,
Garage,Temp & Humidity Sensor,2020/12/19 1:25 PM,42.8,67.0,32.6,39.9,,,30.38,,,,,,,,,,,,,
Garage,Temp & Humidity Sensor,2020/12/19 1:30 PM,43.1,67.0,32.9,40.3,,,30.37,,,,,,,,,,,,,
Garage,Temp & Humidity Sensor,2020/12/19 1:35 PM,43.3,67.0,33.1,40.5,,,30.37,,,,,,,,,,,,,
Garage,Temp & Humidity Sensor,2020/12/19 1:40 PM,43.5,67.0,33.3,40.7,,,30.37,,,,,,,,,,,,,
Garage,Temp & Humidity Sensor,2020/12/19 1:45 PM,43.7,67.0,33.5,40.9,,,30.37,,,,,,,,,,,,,
Garage,Temp & Humidity Sensor,2020/12/19 1:50 PM,43.8,67.0,33.6,41.0,,,30.37,,,,,,,,,,,,,
Garage,Temp & Humidity Sensor,2020/12/19 1:55 PM,43.8,67.0,33.6,41.0,,,30.37,,,,,,,,,,,,,
Garage,Temp & Humidity Sensor,2020/12/19 2:00 PM,44.0,67.0,33.8,41.2,,,30.37,,,,,,,,,,,,,
Garage,Temp & Humidity Sensor,2020/12/19 2:05 PM,44.2,67.0,33.9,41.5,,,30.37,,,,,,,,,,,,,
Garage,Temp & Humidity Sensor,2020/12/19 2:10 PM,44.2,67.0,33.9,41.5,,,30.36,,,,,,,,,,,,,
Garage,Temp & Humidity Sensor,2020/12/19 2:15 PM,44.4,67.0,34.1,41.7,,,30.36,,,,,,,,,,,,,
Garage,Temp & Humidity Sensor,2020/12/19 2:20 PM,44.4,67.0,34.1,41.7,,,30.36,,,,,,,,,,,,,
Garage,Temp & Humidity Sensor,2020/12/19 2:25 PM,44.6,67.0,34.3,41.9,,,30.35,,,,,,,,,,,,,
Garage,Temp & Humidity Sensor,2020/12/19 2:30 PM,44.6,67.0,34.3,41.9,,,30.35,,,,,,,,,,,,,
Garage,Temp & Humidity Sensor,2020/12/19 2:35 PM,44.6,67.0,34.3,41.9,,,30.35,,,,,,,,,,,,,
Garage,Temp & Humidity Sensor,2020/12/19 2:40 PM,44.6,67.0,34.3,41.9,,,30.35,,,,,,,,,,,,,
Garage,Temp & Humidity Sensor,2020/12/19 2:45 PM,44.6,67.0,34.3,41.9,,,30.34,,,,,,,,,,,,,
Garage,Temp & Humidity Sensor,2020/12/19 2:50 PM,44.7,67.0,34.4,42.0,,,30.35,,,,,,,,,,,,,
Garage,Temp & Humidity Sensor,2020/12/19 2:55 PM,44.7,67.0,34.4,42.0,,,30.35,,,,,,,,,,,,,
Garage,Temp & Humidity Sensor,2020/12/19 3:00 PM,44.9,67.0,34.6,42.2,,,30.35,,,,,,,,,,,,,
Garage,Temp & Humidity Sensor,2020/12/19 3:05 PM,44.9,67.0,34.6,42.2,,,30.35,,,,,,,,,,,,,
Garage,Temp & Humidity Sensor,2020/12/19 3:10 PM,44.9,67.0,34.6,42.2,,,30.34,,,,,,,,,,,,,
Garage,Temp & Humidity Sensor,2020/12/19 3:15 PM,45.1,67.0,34.8,42.5,,,30.35,,,,,,,,,,,,,
Garage,Temp & Humidity Sensor,2020/12/19 3:20 PM,45.1,67.0,34.8,42.5,,,30.34,,,,,,,,,,,,,
Garage,Temp & Humidity Sensor,2020/12/19 3:25 PM,45.3,67.0,35.0,42.7,,,30.34,,,,,,,,,,,,,
Garage,Temp & Humidity Sensor,2020/12/19 3:30 PM,45.3,67.0,35.0,42.7,,,30.34,,,,,,,,,,,,,
Garage,Temp & Humidity Sensor,2020/12/19 3:35 PM,45.3,67.0,35.0,42.7,,,30.34,,,,,,,,,,,,,
Garage,Temp & Humidity Sensor,2020/12/19 3:40 PM,45.3,67.0,35.0,42.7,,,30.34,,,,,,,,,,,,,
Garage,Temp & Humidity Sensor,2020/12/19 3:45 PM,45.5,67.0,35.2,42.9,,,30.34,,,,,,,,,,,,,
Garage,Temp & Humidity Sensor,2020/12/19 3:50 PM,45.5,67.0,35.2,42.9,,,30.34,,,,,,,,,,,,,
Garage,Temp & Humidity Sensor,2020/12/19 3:55 PM,45.5,67.0,35.2,42.9,,,30.35,,,,,,,,,,,,,
Garage,Temp & Humidity Sensor,2020/12/19 4:00 PM,45.6,67.0,35.3,43.0,,,30.35,,,,,,,,,,,,,
Garage,Temp & Humidity Sensor,2020/12/19 4:05 PM,45.6,67.0,35.3,43.0,,,30.35,,,,,,,,,,,,,
Garage,Temp & Humidity Sensor,2020/12/19 4:10 PM,45.6,67.0,35.3,43.0,,,30.34,,,,,,,,,,,,,
Garage,Temp & Humidity Sensor,2020/12/19 4:15 PM,45.8,67.0,35.5,43.2,,,30.34,,,,,,,,,,,,,
Garage,Temp & Humidity Sensor,2020/12/19 4:20 PM,45.8,67.0,35.5,43.2,,,30.34,,,,,,,,,,,,,
Garage,Temp & Humidity Sensor,2020/12/19 4:25 PM,45.8,67.0,35.5,43.2,,,30.34,,,,,,,,,,,,,
Garage,Temp & Humidity Sensor,2020/12/19 4:30 PM,45.8,67.0,35.5,43.2,,,30.34,,,,,,,,,,,,,
Garage,Temp & Humidity Sensor,2020/12/19 4:35 PM,45.8,67.0,35.5,43.2,,,30.34,,,,,,,,,,,,,
Garage,Temp & Humidity Sensor,2020/12/19 4:40 PM,45.8,67.0,35.5,43.2,,,30.34,,,,,,,,,,,,,
Garage,Temp & Humidity Sensor,2020/12/19 4:45 PM,45.8,67.0,35.5,43.2,,,30.34,,,,,,,,,,,,,
Garage,Temp & Humidity Sensor,2020/12/19 4:50 PM,45.8,67.0,35.5,43.2,,,30.34,,,,,,,,,,,,,
Garage,Temp & Humidity Sensor,2020/12/19 4:55 PM,45.8,67.0,35.5,43.2,,,30.34,,,,,,,,,,,,,
Garage,Temp & Humidity Sensor,2020/12/19 5:00 PM,45.6,67.0,35.3,43.0,,,30.34,,,,,,,,,,,,,
Garage,Temp & Humidity Sensor,2020/12/19 5:05 PM,45.6,67.0,35.3,43.0,,,30.33,,,,,,,,,,,,,
Garage,Temp & Humidity Sensor,2020/12/19 5:10 PM,45.6,67.0,35.3,43.0,,,30.33,,,,,,,,,,,,,
Garage,Temp & Humidity Sensor,2020/12/19 5:20 PM,45.5,67.0,35.2,42.9,,,30.33,,,,,,,,,,,,,
Garage,Temp & Humidity Sensor,2020/12/19 5:25 PM,45.3,67.0,35.0,42.7,,,30.33,,,,,,,,,,,,,
Garage,Temp & Humidity Sensor,2020/12/19 5:30 PM,45.3,67.0,35.0,42.7,,,30.33,,,,,,,,,,,,,
Garage,Temp & Humidity Sensor,2020/12/19 5:35 PM,45.1,67.0,34.8,42.5,,,30.32,,,,,,,,,,,,,
Garage,Temp & Humidity Sensor,2020/12/19 5:40 PM,45.1,67.0,34.8,42.5,,,30.33,,,,,,,,,,,,,
Garage,Temp & Humidity Sensor,2020/12/19 5:45 PM,44.9,67.0,34.6,42.2,,,30.32,,,,,,,,,,,,,
Garage,Temp & Humidity Sensor,2020/12/19 5:50 PM,44.9,67.0,34.6,42.2,,,30.32,,,,,,,,,,,,,
Garage,Temp & Humidity Sensor,2020/12/19 5:55 PM,44.7,67.0,34.4,42.0,,,30.32,,,,,,,,,,,,,
Garage,Temp & Humidity Sensor,2020/12/19 6:00 PM,44.7,67.0,34.4,42.0,,,30.32,,,,,,,,,,,,,
Garage,Temp & Humidity Sensor,2020/12/19 6:05 PM,44.6,67.0,34.3,41.9,,,30.32,,,,,,,,,,,,,
Garage,Temp & Humidity Sensor,2020/12/19 6:10 PM,44.6,67.0,34.3,41.9,,,30.31,,,,,,,,,,,,,
Garage,Temp & Humidity Sensor,2020/12/19 6:15 PM,44.6,67.0,34.3,41.9,,,30.32,,,,,,,,,,,,,
Garage,Temp & Humidity Sensor,2020/12/19 6:20 PM,44.6,67.0,34.3,41.9,,,30.32,,,,,,,,,,,,,
Garage,Temp & Humidity Sensor,2020/12/19 6:25 PM,44.4,67.0,34.1,41.7,,,30.32,,,,,,,,,,,,,
Garage,Temp & Humidity Sensor,2020/12/19 6:30 PM,44.2,67.0,33.9,41.5,,,30.32,,,,,,,,,,,,,
Garage,Temp & Humidity Sensor,2020/12/19 6:35 PM,44.2,67.0,33.9,41.5,,,30.31,,,,,,,,,,,,,
Garage,Temp & Humidity Sensor,2020/12/19 6:40 PM,44.0,67.0,33.8,41.2,,,30.32,,,,,,,,,,,,,
Garage,Temp & Humidity Sensor,2020/12/19 6:45 PM,44.0,67.0,33.8,41.2,,,30.32,,,,,,,,,,,,,
Garage,Temp & Humidity Sensor,2020/12/19 6:50 PM,43.8,67.0,33.6,41.0,,,30.31,,,,,,,,,,,,,
Garage,Temp & Humidity Sensor,2020/12/19 6:55 PM,43.7,67.0,33.5,40.9,,,30.32,,,,,,,,,,,,,
Garage,Temp & Humidity Sensor,2020/12/19 7:00 PM,43.7,67.0,33.5,40.9,,,30.32,,,,,,,,,,,,,
Garage,Temp & Humidity Sensor,2020/12/19 7:05 PM,43.7,67.0,33.5,40.9,,,30.31,,,,,,,,,,,,,
Garage,Temp & Humidity Sensor,2020/12/19 7:10 PM,43.5,67.0,33.3,40.7,,,30.32,,,,,,,,,,,,,
Garage,Temp & Humidity Sensor,2020/12/19 7:15 PM,43.3,67.0,33.1,40.5,,,30.32,,,,,,,,,,,,,
Garage,Temp & Humidity Sensor,2020/12/19 7:20 PM,43.3,67.0,33.1,40.5,,,30.32,,,,,,,,,,,,,
Garage,Temp & Humidity Sensor,2020/12/19 7:25 PM,43.1,67.0,32.9,40.3,,,30.32,,,,,,,,,,,,,
Garage,Temp & Humidity Sensor,2020/12/19 7:30 PM,43.1,67.0,32.9,40.3,,,30.32,,,,,,,,,,,,,
Garage,Temp & Humidity Sensor,2020/12/19 7:35 PM,42.9,67.0,32.7,40.0,,,30.32,,,,,,,,,,,,,
Garage,Temp & Humidity Sensor,2020/12/19 7:40 PM,42.9,67.0,32.7,40.0,,,30.32,,,,,,,,,,,,,
Garage,Temp & Humidity Sensor,2020/12/19 7:45 PM,42.8,67.0,32.6,39.9,,,30.32,,,,,,,,,,,,,
Garage,Temp & Humidity Sensor,2020/12/19 7:50 PM,42.8,67.0,32.6,39.9,,,30.32,,,,,,,,,,,,,
Garage,Temp & Humidity Sensor,2020/12/19 7:55 PM,42.8,67.0,32.6,39.9,,,30.33,,,,,,,,,,,,,
Garage,Temp & Humidity Sensor,2020/12/19 8:00 PM,42.6,68.0,32.8,39.8,,,30.33,,,,,,,,,,,,,
Garage,Temp & Humidity Sensor,2020/12/19 8:05 PM,42.6,68.0,32.8,39.8,,,30.33,,,,,,,,,,,,,
Garage,Temp & Humidity Sensor,2020/12/19 8:10 PM,42.6,68.0,32.8,39.8,,,30.32,,,,,,,,,,,,,
Garage,Temp & Humidity Sensor,2020/12/19 8:15 PM,42.4,68.0,32.6,39.5,,,30.32,,,,,,,,,,,,,
Garage,Temp & Humidity Sensor,2020/12/19 8:20 PM,42.4,68.0,32.6,39.5,,,30.32,,,,,,,,,,,,,
Garage,Temp & Humidity Sensor,2020/12/19 8:25 PM,42.2,68.0,32.4,39.3,,,30.32,,,,,,,,,,,,,
Garage,Temp & Humidity Sensor,2020/12/19 8:30 PM,42.2,68.0,32.4,39.3,,,30.31,,,,,,,,,,,,,
Garage,Temp & Humidity Sensor,2020/12/19 8:35 PM,42.0,68.0,32.2,39.1,,,30.31,,,,,,,,,,,,,
Garage,Temp & Humidity Sensor,2020/12/19 8:40 PM,42.0,68.0,32.2,39.1,,,30.31,,,,,,,,,,,,,
Garage,Temp & Humidity Sensor,2020/12/19 8:45 PM,41.9,68.0,32.1,39.0,,,30.31,,,,,,,,,,,,,
Garage,Temp & Humidity Sensor,2020/12/19 8:50 PM,41.9,68.0,32.1,39.0,,,30.31,,,,,,,,,,,,,
Garage,Temp & Humidity Sensor,2020/12/19 8:55 PM,41.7,68.0,31.9,38.8,,,30.31,,,,,,,,,,,,,
Garage,Temp & Humidity Sensor,2020/12/19 9:00 PM,41.7,68.0,31.9,38.8,,,30.31,,,,,,,,,,,,,
Garage,Temp & Humidity Sensor,2020/12/19 9:05 PM,41.7,68.0,31.9,38.8,,,30.3,,,,,,,,,,,,,
Garage,Temp & Humidity Sensor,2020/12/19 9:10 PM,41.5,68.0,31.7,38.5,,,30.3,,,,,,,,,,,,,
Garage,Temp & Humidity Sensor,2020/12/19 9:15 PM,41.5,68.0,31.7,38.5,,,30.3,,,,,,,,,,,,,
Garage,Temp & Humidity Sensor,2020/12/19 9:20 PM,41.5,68.0,31.7,38.5,,,30.3,,,,,,,,,,,,,
Garage,Temp & Humidity Sensor,2020/12/19 9:25 PM,41.3,68.0,31.5,38.3,,,30.3,,,,,,,,,,,,,
Garage,Temp & Humidity Sensor,2020/12/19 9:30 PM,41.3,68.0,31.5,38.3,,,30.29,,,,,,,,,,,,,
Garage,Temp & Humidity Sensor,2020/12/19 9:35 PM,41.3,67.0,31.2,38.3,,,30.29,,,,,,,,,,,,,
Garage,Temp & Humidity Sensor,2020/12/19 9:40 PM,41.1,67.0,31.0,38.1,,,30.29,,,,,,,,,,,,,
Garage,Temp & Humidity Sensor,2020/12/19 9:45 PM,41.1,67.0,31.0,38.1,,,30.29,,,,,,,,,,,,,
Garage,Temp & Humidity Sensor,2020/12/19 9:50 PM,41.1,67.0,31.0,38.1,,,30.29,,,,,,,,,,,,,
Garage,Temp & Humidity Sensor,2020/12/19 9:55 PM,41.0,67.0,30.9,37.9,,,30.3,,,,,,,,,,,,,
Garage,Temp & Humidity Sensor,2020/12/19 10:00 PM,41.0,67.0,30.9,37.9,,,30.3,,,,,,,,,,,,,
Garage,Temp & Humidity Sensor,2020/12/19 10:05 PM,41.0,67.0,30.9,37.9,,,30.3,,,,,,,,,,,,,
Garage,Temp & Humidity Sensor,2020/12/19 10:10 PM,41.0,67.0,30.9,37.9,,,30.3,,,,,,,,,,,,,
Garage,Temp & Humidity Sensor,2020/12/19 10:15 PM,41.0,68.0,31.3,38.0,,,30.28,,,,,,,,,,,,,
Garage,Temp & Humidity Sensor,2020/12/19 10:20 PM,40.8,68.0,31.1,37.8,,,30.29,,,,,,,,,,,,,
Garage,Temp & Humidity Sensor,2020/12/19 10:25 PM,40.8,68.0,31.1,37.8,,,30.29,,,,,,,,,,,,,
Garage,Temp & Humidity Sensor,2020/12/19 10:30 PM,40.8,68.0,31.1,37.8,,,30.29,,,,,,,,,,,,,
Garage,Temp & Humidity Sensor,2020/12/19 10:35 PM,40.6,68.0,30.9,37.6,,,30.28,,,,,,,,,,,,,
Garage,Temp & Humidity Sensor,2020/12/19 10:40 PM,40.6,68.0,30.9,37.6,,,30.28,,,,,,,,,,,,,
Garage,Temp & Humidity Sensor,2020/12/19 10:45 PM,40.6,68.0,30.9,37.6,,,30.29,,,,,,,,,,,,,
Garage,Temp & Humidity Sensor,2020/12/19 10:50 PM,40.6,68.0,30.9,37.6,,,30.28,,,,,,,,,,,,,
Garage,Temp & Humidity Sensor,2020/12/19 10:55 PM,40.4,68.0,30.7,37.3,,,30.29,,,,,,,,,,,,,
Garage,Temp & Humidity Sensor,2020/12/19 11:00 PM,40.4,68.0,30.7,37.3,,,30.29,,,,,,,,,,,,,
Garage,Temp & Humidity Sensor,2020/12/19 11:05 PM,40.4,68.0,30.7,37.3,,,30.29,,,,,,,,,,,,,
Garage,Temp & Humidity Sensor,2020/12/19 11:10 PM,40.2,68.0,30.5,37.1,,,30.29,,,,,,,,,,,,,
Garage,Temp & Humidity Sensor,2020/12/19 11:15 PM,40.2,68.0,30.5,37.1,,,30.28,,,,,,,,,,,,,
Garage,Temp & Humidity Sensor,2020/12/19 11:20 PM,40.2,68.0,30.5,37.1,,,30.28,,,,,,,,,,,,,
Garage,Temp & Humidity Sensor,2020/12/19 11:25 PM,40.2,68.0,30.5,37.1,,,30.29,,,,,,,,,,,,,
Garage,Temp & Humidity Sensor,2020/12/19 11:30 PM,40.1,68.0,30.4,37.0,,,30.29,,,,,,,,,,,,,
Garage,Temp & Humidity Sensor,2020/12/19 11:35 PM,40.1,68.0,30.4,37.0,,,30.28,,,,,,,,,,,,,
Garage,Temp & Humidity Sensor,2020/12/19 11:40 PM,40.1,68.0,30.4,37.0,,,30.29,,,,,,,,,,,,,
Garage,Temp & Humidity Sensor,2020/12/19 11:45 PM,39.9,68.0,30.2,39.9,,,30.28,,,,,,,,,,,,,
Garage,Temp & Humidity Sensor,2020/12/19 11:50 PM,39.9,68.0,30.2,39.9,,,30.28,,,,,,,,,,,,,
Garage,Temp & Humidity Sensor,2020/12/19 11:55 PM,39.9,68.0,30.2,39.9,,,30.28,,,,,,,,,,,,,
Garage,Temp & Humidity Sensor,2020/12/20 12:00 AM,39.9,68.0,30.2,39.9,,,30.27,,,,,,,,,,,,,
Garage,Temp & Humidity Sensor,2020/12/20 12:05 AM,39.7,68.0,30.0,39.7,,,30.28,,,,,,,,,,,,,
Garage,Temp & Humidity Sensor,2020/12/20 12:10 AM,39.7,68.0,30.0,39.7,,,30.28,,,,,,,,,,,,,
Garage,Temp & Humidity Sensor,2020/12/20 12:15 AM,39.7,68.0,30.0,39.7,,,30.28,,,,,,,,,,,,,
Garage,Temp & Humidity Sensor,2020/12/20 12:20 AM,39.5,68.0,29.8,39.5,,,30.28,,,,,,,,,,,,,
Garage,Temp & Humidity Sensor,2020/12/20 12:25 AM,39.5,68.0,29.8,39.5,,,30.27,,,,,,,,,,,,,
Garage,Temp & Humidity Sensor,2020/12/20 12:30 AM,39.5,68.0,29.8,39.5,,,30.26,,,,,,,,,,,,,
Garage,Temp & Humidity Sensor,2020/12/20 12:35 AM,39.5,68.0,29.8,39.5,,,30.26,,,,,,,,,,,,,
Garage,Temp & Humidity Sensor,2020/12/20 12:40 AM,39.5,68.0,29.8,39.5,,,30.25,,,,,,,,,,,,,
Garage,Temp & Humidity Sensor,2020/12/20 12:45 AM,39.5,68.0,29.8,39.5,,,30.25,,,,,,,,,,,,,
Garage,Temp & Humidity Sensor,2020/12/20 12:50 AM,39.3,68.0,29.6,39.3,,,30.25,,,,,,,,,,,,,
Garage,Temp & Humidity Sensor,2020/12/20 12:55 AM,39.3,68.0,29.6,39.3,,,30.25,,,,,,,,,,,,,
Garage,Temp & Humidity Sensor,2020/12/20 1:00 AM,39.3,68.0,29.6,39.3,,,30.24,,,,,,,,,,,,,
Garage,Temp & Humidity Sensor,2020/12/20 1:05 AM,39.3,68.0,29.6,39.3,,,30.24,,,,,,,,,,,,,
Garage,Temp & Humidity Sensor,2020/12/20 1:10 AM,39.3,68.0,29.6,39.3,,,30.24,,,,,,,,,,,,,
Garage,Temp & Humidity Sensor,2020/12/20 1:15 AM,39.3,68.0,29.6,39.3,,,30.25,,,,,,,,,,,,,
Garage,Temp & Humidity Sensor,2020/12/20 1:20 AM,39.2,68.0,29.5,39.2,,,30.25,,,,,,,,,,,,,
Garage,Temp & Humidity Sensor,2020/12/20 1:25 AM,39.2,68.0,29.5,39.2,,,30.25,,,,,,,,,,,,,
Garage,Temp & Humidity Sensor,2020/12/20 1:30 AM,39.2,68.0,29.5,39.2,,,30.25,,,,,,,,,,,,,
Garage,Temp & Humidity Sensor,2020/12/20 1:35 AM,39.2,68.0,29.5,39.2,,,30.25,,,,,,,,,,,,,
Garage,Temp & Humidity Sensor,2020/12/20 1:40 AM,39.2,68.0,29.5,39.2,,,30.25,,,,,,,,,,,,,
Garage,Temp & Humidity Sensor,2020/12/20 1:45 AM,39.2,68.0,29.5,39.2,,,30.24,,,,,,,,,,,,,
Garage,Temp & Humidity Sensor,2020/12/20 1:50 AM,39.2,68.0,29.5,39.2,,,30.25,,,,,,,,,,,,,
Garage,Temp & Humidity Sensor,2020/12/20 1:55 AM,39.2,68.0,29.5,39.2,,,30.24,,,,,,,,,,,,,
Garage,Temp & Humidity Sensor,2020/12/20 2:00 AM,39.2,68.0,29.5,39.2,,,30.24,,,,,,,,,,,,,
Garage,Temp & Humidity Sensor,2020/12/20 2:05 AM,39.2,68.0,29.5,39.2,,,30.24,,,,,,,,,,,,,
Garage,Temp & Humidity Sensor,2020/12/20 2:10 AM,39.2,68.0,29.5,39.2,,,30.24,,,,,,,,,,,,,
Garage,Temp & Humidity Sensor,2020/12/20 2:15 AM,39.2,68.0,29.5,39.2,,,30.23,,,,,,,,,,,,,
Garage,Temp & Humidity Sensor,2020/12/20 2:20 AM,39.2,68.0,29.5,39.2,,,30.24,,,,,,,,,,,,,
Garage,Temp & Humidity Sensor,2020/12/20 2:25 AM,39.2,68.0,29.5,39.2,,,30.23,,,,,,,,,,,,,
Garage,Temp & Humidity Sensor,2020/12/20 2:30 AM,39.2,68.0,29.5,39.2,,,30.23,,,,,,,,,,,,,
Garage,Temp & Humidity Sensor,2020/12/20 2:35 AM,39.2,68.0,29.5,39.2,,,30.23,,,,,,,,,,,,,
Garage,Temp & Humidity Sensor,2020/12/20 2:40 AM,39.2,68.0,29.5,39.2,,,30.23,,,,,,,,,,,,,
Garage,Temp & Humidity Sensor,2020/12/20 2:45 AM,39.2,68.0,29.5,39.2,,,30.23,,,,,,,,,,,,,
Garage,Temp & Humidity Sensor,2020/12/20 2:50 AM,39.2,68.0,29.5,39.2,,,30.23,,,,,,,,,,,,,
Garage,Temp & Humidity Sensor,2020/12/20 2:55 AM,39.2,68.0,29.5,39.2,,,30.22,,,,,,,,,,,,,
Garage,Temp & Humidity Sensor,2020/12/20 3:00 AM,39.2,68.0,29.5,39.2,,,30.22,,,,,,,,,,,,,
Garage,Temp & Humidity Sensor,2020/12/20 3:05 AM,39.2,68.0,29.5,39.2,,,30.22,,,,,,,,,,,,,
Garage,Temp & Humidity Sensor,2020/12/20 3:10 AM,39.2,68.0,29.5,39.2,,,30.21,,,,,,,,,,,,,
Garage,Temp & Humidity Sensor,2020/12/20 3:15 AM,39.2,68.0,29.5,39.2,,,30.21,,,,,,,,,,,,,
Garage,Temp & Humidity Sensor,2020/12/20 3:20 AM,39.2,68.0,29.5,39.2,,,30.22,,,,,,,,,,,,,
Garage,Temp & Humidity Sensor,2020/12/20 3:25 AM,39.2,68.0,29.5,39.2,,,30.22,,,,,,,,,,,,,
Garage,Temp & Humidity Sensor,2020/12/20 3:30 AM,39.2,69.0,29.9,39.2,,,30.21,,,,,,,,,,,,,
Garage,Temp & Humidity Sensor,2020/12/20 3:35 AM,39.2,69.0,29.9,39.2,,,30.21,,,,,,,,,,,,,
Garage,Temp & Humidity Sensor,2020/12/20 3:40 AM,39.2,69.0,29.9,39.2,,,30.21,,,,,,,,,,,,,
Garage,Temp & Humidity Sensor,2020/12/20 3:45 AM,39.2,69.0,29.9,39.2,,,30.2,,,,,,,,,,,,,
Garage,Temp & Humidity Sensor,2020/12/20 3:50 AM,39.3,69.0,30.0,39.3,,,30.2,,,,,,,,,,,,,
Garage,Temp & Humidity Sensor,2020/12/20 3:55 AM,39.2,69.0,29.9,39.2,,,30.21,,,,,,,,,,,,,
Garage,Temp & Humidity Sensor,2020/12/20 4:00 AM,39.3,69.0,30.0,39.3,,,30.2,,,,,,,,,,,,,
Garage,Temp & Humidity Sensor,2020/12/20 4:05 AM,39.3,69.0,30.0,39.3,,,30.2,,,,,,,,,,,,,
Garage,Temp & Humidity Sensor,2020/12/20 4:10 AM,39.3,69.0,30.0,39.3,,,30.2,,,,,,,,,,,,,
Garage,Temp & Humidity Sensor,2020/12/20 4:15 AM,39.3,69.0,30.0,39.3,,,30.19,,,,,,,,,,,,,
Garage,Temp & Humidity Sensor,2020/12/20 4:20 AM,39.3,69.0,30.0,39.3,,,30.19,,,,,,,,,,,,,
Garage,Temp & Humidity Sensor,2020/12/20 4:25 AM,39.3,69.0,30.0,39.3,,,30.19,,,,,,,,,,,,,
Garage,Temp & Humidity Sensor,2020/12/20 4:30 AM,39.3,69.0,30.0,39.3,,,30.19,,,,,,,,,,,,,
Garage,Temp & Humidity Sensor,2020/12/20 4:35 AM,39.5,69.0,30.2,39.5,,,30.18,,,,,,,,,,,,,
Garage,Temp & Humidity Sensor,2020/12/20 4:40 AM,39.5,69.0,30.2,39.5,,,30.18,,,,,,,,,,,,,
Garage,Temp & Humidity Sensor,2020/12/20 4:45 AM,39.5,69.0,30.2,39.5,,,30.17,,,,,,,,,,,,,
Garage,Temp & Humidity Sensor,2020/12/20 4:50 AM,39.5,69.0,30.2,39.5,,,30.17,,,,,,,,,,,,,
Garage,Temp & Humidity Sensor,2020/12/20 4:55 AM,39.5,69.0,30.2,39.5,,,30.17,,,,,,,,,,,,,
Garage,Temp & Humidity Sensor,2020/12/20 5:00 AM,39.7,69.0,30.4,39.7,,,30.17,,,,,,,,,,,,,
Garage,Temp & Humidity Sensor,2020/12/20 5:05 AM,39.7,69.0,30.4,39.7,,,30.17,,,,,,,,,,,,,
Garage,Temp & Humidity Sensor,2020/12/20 5:10 AM,39.7,69.0,30.4,39.7,,,30.18,,,,,,,,,,,,,
Garage,Temp & Humidity Sensor,2020/12/20 5:15 AM,39.7,69.0,30.4,39.7,,,30.18,,,,,,,,,,,,,
Garage,Temp & Humidity Sensor,2020/12/20 5:20 AM,39.7,69.0,30.4,39.7,,,30.17,,,,,,,,,,,,,
Garage,Temp & Humidity Sensor,2020/12/20 5:25 AM,39.7,69.0,30.4,39.7,,,30.17,,,,,,,,,,,,,
Garage,Temp & Humidity Sensor,2020/12/20 5:30 AM,39.9,69.0,30.6,39.9,,,30.17,,,,,,,,,,,,,
Garage,Temp & Humidity Sensor,2020/12/20 5:35 AM,39.9,69.0,30.6,39.9,,,30.17,,,,,,,,,,,,,
Garage,Temp & Humidity Sensor,2020/12/20 5:40 AM,39.9,69.0,30.6,39.9,,,30.16,,,,,,,,,,,,,
Garage,Temp & Humidity Sensor,2020/12/20 5:45 AM,39.9,69.0,30.6,39.9,,,30.16,,,,,,,,,,,,,
Garage,Temp & Humidity Sensor,2020/12/20 5:50 AM,40.1,69.0,30.8,37.1,,,30.16,,,,,,,,,,,,,
Garage,Temp & Humidity Sensor,2020/12/20 5:55 AM,40.1,69.0,30.8,37.1,,,30.16,,,,,,,,,,,,,
Garage,Temp & Humidity Sensor,2020/12/20 6:00 AM,40.1,69.0,30.8,37.1,,,30.17,,,,,,,,,,,,,
Garage,Temp & Humidity Sensor,2020/12/20 6:05 AM,40.1,69.0,30.8,37.1,,,30.19,,,,,,,,,,,,,
Garage,Temp & Humidity Sensor,2020/12/20 6:10 AM,40.1,69.0,30.8,37.1,,,30.19,,,,,,,,,,,,,
Garage,Temp & Humidity Sensor,2020/12/20 6:15 AM,40.1,69.0,30.8,37.1,,,30.2,,,,,,,,,,,,,
Garage,Temp & Humidity Sensor,2020/12/20 6:20 AM,40.2,69.0,30.9,37.2,,,30.2,,,,,,,,,,,,,
Garage,Temp & Humidity Sensor,2020/12/20 6:25 AM,40.2,69.0,30.9,37.2,,,30.21,,,,,,,,,,,,,
Garage,Temp & Humidity Sensor,2020/12/20 6:30 AM,40.2,70.0,31.2,37.2,,,30.2,,,,,,,,,,,,,
Garage,Temp & Humidity Sensor,2020/12/20 6:35 AM,40.2,70.0,31.2,37.2,,,30.2,,,,,,,,,,,,,
Garage,Temp & Humidity Sensor,2020/12/20 6:40 AM,40.2,70.0,31.2,37.2,,,30.21,,,,,,,,,,,,,
Garage,Temp & Humidity Sensor,2020/12/20 6:45 AM,40.4,70.0,31.4,37.4,,,30.21,,,,,,,,,,,,,
Garage,Temp & Humidity Sensor,2020/12/20 6:50 AM,40.4,70.0,31.4,37.4,,,30.2,,,,,,,,,,,,,
Garage,Temp & Humidity Sensor,2020/12/20 6:55 AM,40.4,70.0,31.4,37.4,,,30.2,,,,,,,,,,,,,
Garage,Temp & Humidity Sensor,2020/12/20 7:00 AM,40.4,70.0,31.4,37.4,,,30.21,,,,,,,,,,,,,
Garage,Temp & Humidity Sensor,2020/12/20 7:05 AM,40.4,70.0,31.4,37.4,,,30.21,,,,,,,,,,,,,
Garage,Temp & Humidity Sensor,2020/12/20 7:10 AM,40.4,70.0,31.4,37.4,,,30.21,,,,,,,,,,,,,
Garage,Temp & Humidity Sensor,2020/12/20 7:15 AM,40.4,70.0,31.4,37.4,,,30.21,,,,,,,,,,,,,
Garage,Temp & Humidity Sensor,2020/12/20 7:20 AM,40.6,70.0,31.6,37.6,,,30.21,,,,,,,,,,,,,
Garage,Temp & Humidity Sensor,2020/12/20 7:25 AM,40.6,70.0,31.6,37.6,,,30.21,,,,,,,,,,,,,
Garage,Temp & Humidity Sensor,2020/12/20 7:30 AM,40.6,70.0,31.6,37.6,,,30.22,,,,,,,,,,,,,
Garage,Temp & Humidity Sensor,2020/12/20 7:35 AM,40.6,70.0,31.6,37.6,,,30.21,,,,,,,,,,,,,
Garage,Temp & Humidity Sensor,2020/12/20 7:40 AM,40.6,70.0,31.6,37.6,,,30.21,,,,,,,,,,,,,
Garage,Temp & Humidity Sensor,2020/12/20 7:45 AM,40.6,70.0,31.6,37.6,,,30.22,,,,,,,,,,,,,
Garage,Temp & Humidity Sensor,2020/12/20 7:50 AM,40.6,70.0,31.6,37.6,,,30.21,,,,,,,,,,,,,
Garage,Temp & Humidity Sensor,2020/12/20 7:55 AM,40.8,70.0,31.8,37.9,,,30.21,,,,,,,,,,,,,
Garage,Temp & Humidity Sensor,2020/12/20 8:00 AM,40.8,70.0,31.8,37.9,,,30.2,,,,,,,,,,,,,
Garage,Temp & Humidity Sensor,2020/12/20 8:05 AM,40.8,70.0,31.8,37.9,,,30.2,,,,,,,,,,,,,
Garage,Temp & Humidity Sensor,2020/12/20 8:10 AM,40.8,70.0,31.8,37.9,,,30.2,,,,,,,,,,,,,
Garage,Temp & Humidity Sensor,2020/12/20 8:15 AM,40.8,70.0,31.8,37.9,,,30.19,,,,,,,,,,,,,
Garage,Temp & Humidity Sensor,2020/12/20 8:20 AM,40.8,70.0,31.8,37.9,,,30.19,,,,,,,,,,,,,
Garage,Temp & Humidity Sensor,2020/12/20 8:25 AM,40.8,70.0,31.8,37.9,,,30.19,,,,,,,,,,,,,
Garage,Temp & Humidity Sensor,2020/12/20 8:30 AM,40.8,70.0,31.8,37.9,,,30.19,,,,,,,,,,,,,
Garage,Temp & Humidity Sensor,2020/12/20 8:35 AM,41.0,70.0,32.0,38.1,,,30.19,,,,,,,,,,,,,
Garage,Temp & Humidity Sensor,2020/12/20 8:40 AM,41.0,70.0,32.0,38.1,,,30.19,,,,,,,,,,,,,
Garage,Temp & Humidity Sensor,2020/12/20 8:45 AM,41.0,70.0,32.0,38.1,,,30.19,,,,,,,,,,,,,
Garage,Temp & Humidity Sensor,2020/12/20 8:50 AM,41.0,70.0,32.0,38.1,,,30.2,,,,,,,,,,,,,
Garage,Temp & Humidity Sensor,2020/12/20 8:55 AM,41.0,70.0,32.0,38.1,,,30.19,,,,,,,,,,,,,
Garage,Temp & Humidity Sensor,2020/12/20 9:00 AM,41.0,70.0,32.0,38.1,,,30.18,,,,,,,,,,,,,
Garage,Temp & Humidity Sensor,2020/12/20 9:05 AM,41.1,70.0,32.1,38.2,,,30.19,,,,,,,,,,,,,
Garage,Temp & Humidity Sensor,2020/12/20 9:10 AM,41.1,70.0,32.1,38.2,,,30.19,,,,,,,,,,,,,
Garage,Temp & Humidity Sensor,2020/12/20 9:15 AM,41.1,70.0,32.1,38.2,,,30.19,,,,,,,,,,,,,
Garage,Temp & Humidity Sensor,2020/12/20 9:20 AM,41.1,70.0,32.1,38.2,,,30.19,,,,,,,,,,,,,
Garage,Temp & Humidity Sensor,2020/12/20 9:25 AM,41.1,70.0,32.1,38.2,,,30.2,,,,,,,,,,,,,
Garage,Temp & Humidity Sensor,2020/12/20 9:30 AM,41.3,70.0,32.3,38.4,,,30.19,,,,,,,,,,,,,
Garage,Temp & Humidity Sensor,2020/12/20 9:35 AM,41.3,70.0,32.3,38.4,,,30.19,,,,,,,,,,,,,
Garage,Temp & Humidity Sensor,2020/12/20 9:40 AM,41.3,70.0,32.3,38.4,,,30.2,,,,,,,,,,,,,
Garage,Temp & Humidity Sensor,2020/12/20 9:45 AM,41.3,70.0,32.3,38.4,,,30.19,,,,,,,,,,,,,
Garage,Temp & Humidity Sensor,2020/12/20 9:50 AM,41.3,70.0,32.3,38.4,,,30.18,,,,,,,,,,,,,
Garage,Temp & Humidity Sensor,2020/12/20 9:55 AM,41.5,70.0,32.5,38.6,,,30.18,,,,,,,,,,,,,
Garage,Temp & Humidity Sensor,2020/12/20 10:00 AM,41.5,70.0,32.5,38.6,,,30.17,,,,,,,,,,,,,
Garage,Temp & Humidity Sensor,2020/12/20 10:05 AM,41.5,70.0,32.5,38.6,,,30.17,,,,,,,,,,,,,
Garage,Temp & Humidity Sensor,2020/12/20 10:10 AM,41.7,70.0,32.6,38.9,,,30.17,,,,,,,,,,,,,
Garage,Temp & Humidity Sensor,2020/12/20 10:15 AM,41.7,70.0,32.6,38.9,,,30.17,,,,,,,,,,,,,
Garage,Temp & Humidity Sensor,2020/12/20 10:20 AM,41.7,70.0,32.6,38.9,,,30.17,,,,,,,,,,,,,
Garage,Temp & Humidity Sensor,2020/12/20 10:25 AM,41.7,70.0,32.6,38.9,,,30.16,,,,,,,,,,,,,
Garage,Temp & Humidity Sensor,2020/12/20 10:30 AM,41.9,70.0,32.8,39.1,,,30.16,,,,,,,,,,,,,
Garage,Temp & Humidity Sensor,2020/12/20 10:35 AM,41.9,70.0,32.8,39.1,,,30.16,,,,,,,,,,,,,
Garage,Temp & Humidity Sensor,2020/12/20 10:40 AM,41.9,71.0,33.2,39.1,,,30.16,,,,,,,,,,,,,
Garage,Temp & Humidity Sensor,2020/12/20 10:45 AM,42.0,71.0,33.3,39.2,,,30.15,,,,,,,,,,,,,
Garage,Temp & Humidity Sensor,2020/12/20 10:50 AM,42.0,71.0,33.3,39.2,,,30.15,,,,,,,,,,,,,
Garage,Temp & Humidity Sensor,2020/12/20 10:55 AM,42.0,71.0,33.3,39.2,,,30.15,,,,,,,,,,,,,
Garage,Temp & Humidity Sensor,2020/12/20 11:00 AM,42.2,71.0,33.5,39.5,,,30.15,,,,,,,,,,,,,
Garage,Temp & Humidity Sensor,2020/12/20 11:05 AM,42.2,71.0,33.5,39.5,,,30.14,,,,,,,,,,,,,
Garage,Temp & Humidity Sensor,2020/12/20 11:10 AM,42.4,71.0,33.7,39.7,,,30.14,,,,,,,,,,,,,
Garage,Temp & Humidity Sensor,2020/12/20 11:15 AM,42.4,71.0,33.7,39.7,,,30.14,,,,,,,,,,,,,
Garage,Temp & Humidity Sensor,2020/12/20 11:20 AM,42.4,71.0,33.7,39.7,,,30.13,,,,,,,,,,,,,
Garage,Temp & Humidity Sensor,2020/12/20 11:25 AM,42.6,71.0,33.9,39.9,,,30.13,,,,,,,,,,,,,
Garage,Temp & Humidity Sensor,2020/12/20 11:30 AM,42.6,71.0,33.9,39.9,,,30.12,,,,,,,,,,,,,
Garage,Temp & Humidity Sensor,2020/12/20 11:35 AM,42.8,70.0,33.7,40.1,,,30.12,,,,,,,,,,,,,
Garage,Temp & Humidity Sensor,2020/12/20 11:40 AM,42.8,70.0,33.7,40.1,,,30.12,,,,,,,,,,,,,
Garage,Temp & Humidity Sensor,2020/12/20 11:45 AM,42.8,70.0,33.7,40.1,,,30.11,,,,,,,,,,,,,
Garage,Temp & Humidity Sensor,2020/12/20 11:50 AM,42.8,70.0,33.7,40.1,,,30.1,,,,,,,,,,,,,
Garage,Temp & Humidity Sensor,2020/12/20 11:55 AM,42.9,70.0,33.8,40.2,,,30.1,,,,,,,,,,,,,
Garage,Temp & Humidity Sensor,2020/12/20 12:00 PM,43.1,71.0,34.3,40.4,,,30.1,,,,,,,,,,,,,
Garage,Temp & Humidity Sensor,2020/12/20 12:05 PM,43.1,71.0,34.3,40.4,,,30.09,,,,,,,,,,,,,
Garage,Temp & Humidity Sensor,2020/12/20 12:10 PM,43.3,71.0,34.5,40.7,,,30.09,,,,,,,,,,,,,
Garage,Temp & Humidity Sensor,2020/12/20 12:15 PM,43.3,71.0,34.5,40.7,,,30.09,,,,,,,,,,,,,
Garage,Temp & Humidity Sensor,2020/12/20 12:20 PM,43.5,71.0,34.7,40.9,,,30.08,,,,,,,,,,,,,
Garage,Temp & Humidity Sensor,2020/12/20 12:25 PM,43.5,71.0,34.7,40.9,,,30.08,,,,,,,,,,,,,
Garage,Temp & Humidity Sensor,2020/12/20 12:30 PM,43.7,71.0,34.9,41.1,,,30.08,,,,,,,,,,,,,
Garage,Temp & Humidity Sensor,2020/12/20 12:35 PM,43.7,71.0,34.9,41.1,,,30.07,,,,,,,,,,,,,
Garage,Temp & Humidity Sensor,2020/12/20 12:40 PM,43.8,71.0,35.0,41.2,,,30.06,,,,,,,,,,,,,
Garage,Temp & Humidity Sensor,2020/12/20 12:45 PM,43.8,71.0,35.0,41.2,,,30.06,,,,,,,,,,,,,
Garage,Temp & Humidity Sensor,2020/12/20 12:50 PM,44.0,72.0,35.6,41.5,,,30.06,,,,,,,,,,,,,
Garage,Temp & Humidity Sensor,2020/12/20 12:55 PM,44.2,72.0,35.8,41.7,,,30.05,,,,,,,,,,,,,
Garage,Temp & Humidity Sensor,2020/12/20 1:00 PM,44.2,72.0,35.8,41.7,,,30.05,,,,,,,,,,,,,
Garage,Temp & Humidity Sensor,2020/12/20 1:05 PM,44.4,72.0,35.9,41.9,,,30.05,,,,,,,,,,,,,
Garage,Temp & Humidity Sensor,2020/12/20 1:10 PM,44.4,72.0,35.9,41.9,,,30.05,,,,,,,,,,,,,
Garage,Temp & Humidity Sensor,2020/12/20 1:15 PM,44.6,71.0,35.8,42.1,,,30.05,,,,,,,,,,,,,
Garage,Temp & Humidity Sensor,2020/12/20 1:20 PM,44.6,72.0,36.1,42.1,,,30.05,,,,,,,,,,,,,
Garage,Temp & Humidity Sensor,2020/12/20 1:25 PM,44.6,72.0,36.1,42.1,,,30.04,,,,,,,,,,,,,
Garage,Temp & Humidity Sensor,2020/12/20 1:30 PM,44.6,72.0,36.1,42.1,,,30.04,,,,,,,,,,,,,
Garage,Temp & Humidity Sensor,2020/12/20 1:35 PM,44.7,72.0,36.2,42.3,,,30.04,,,,,,,,,,,,,
Garage,Temp & Humidity Sensor,2020/12/20 1:40 PM,44.7,72.0,36.2,42.3,,,30.03,,,,,,,,,,,,,
Garage,Temp & Humidity Sensor,2020/12/20 1:45 PM,44.9,72.0,36.4,42.5,,,30.03,,,,,,,,,,,,,
Garage,Temp & Humidity Sensor,2020/12/20 1:50 PM,44.9,72.0,36.4,42.5,,,30.03,,,,,,,,,,,,,
Garage,Temp & Humidity Sensor,2020/12/20 1:55 PM,44.9,72.0,36.4,42.5,,,30.03,,,,,,,,,,,,,
Garage,Temp & Humidity Sensor,2020/12/20 2:00 PM,45.1,72.0,36.6,42.7,,,30.03,,,,,,,,,,,,,
Garage,Temp & Humidity Sensor,2020/12/20 2:05 PM,45.1,72.0,36.6,42.7,,,30.03,,,,,,,,,,,,,
Garage,Temp & Humidity Sensor,2020/12/20 2:10 PM,45.1,72.0,36.6,42.7,,,30.03,,,,,,,,,,,,,
Garage,Temp & Humidity Sensor,2020/12/20 2:15 PM,45.3,72.0,36.8,42.9,,,30.02,,,,,,,,,,,,,
Garage,Temp & Humidity Sensor,2020/12/20 2:20 PM,45.3,72.0,36.8,42.9,,,30.02,,,,,,,,,,,,,
Garage,Temp & Humidity Sensor,2020/12/20 2:25 PM,45.3,72.0,36.8,42.9,,,30.02,,,,,,,,,,,,,
Garage,Temp & Humidity Sensor,2020/12/20 2:30 PM,45.5,72.0,37.0,43.1,,,30.03,,,,,,,,,,,,,
Garage,Temp & Humidity Sensor,2020/12/20 2:35 PM,45.5,72.0,37.0,43.1,,,30.03,,,,,,,,,,,,,
Garage,Temp & Humidity Sensor,2020/12/20 2:40 PM,45.5,72.0,37.0,43.1,,,30.03,,,,,,,,,,,,,
Garage,Temp & Humidity Sensor,2020/12/20 2:45 PM,45.6,72.0,37.1,43.2,,,30.03,,,,,,,,,,,,,
Garage,Temp & Humidity Sensor,2020/12/20 2:50 PM,45.6,73.0,37.5,43.3,,,30.03,,,,,,,,,,,,,
Garage,Temp & Humidity Sensor,2020/12/20 2:55 PM,45.6,73.0,37.5,43.3,,,30.03,,,,,,,,,,,,,
Garage,Temp & Humidity Sensor,2020/12/20 3:00 PM,45.6,73.0,37.5,43.3,,,30.03,,,,,,,,,,,,,
Garage,Temp & Humidity Sensor,2020/12/20 3:05 PM,45.6,73.0,37.5,43.3,,,30.03,,,,,,,,,,,,,
Garage,Temp & Humidity Sensor,2020/12/20 3:10 PM,45.8,73.0,37.6,43.5,,,30.03,,,,,,,,,,,,,
Garage,Temp & Humidity Sensor,2020/12/20 3:15 PM,45.8,73.0,37.6,43.5,,,30.03,,,,,,,,,,,,,
Garage,Temp & Humidity Sensor,2020/12/20 3:20 PM,45.8,73.0,37.6,43.5,,,30.03,,,,,,,,,,,,,
Garage,Temp & Humidity Sensor,2020/12/20 3:25 PM,45.8,73.0,37.6,43.5,,,30.03,,,,,,,,,,,,,
Garage,Temp & Humidity Sensor,2020/12/20 3:30 PM,45.8,73.0,37.6,43.5,,,30.03,,,,,,,,,,,,,
Garage,Temp & Humidity Sensor,2020/12/20 3:35 PM,45.8,73.0,37.6,43.5,,,30.03,,,,,,,,,,,,,
Garage,Temp & Humidity Sensor,2020/12/20 3:40 PM,45.8,73.0,37.6,43.5,,,30.02,,,,,,,,,,,,,
Garage,Temp & Humidity Sensor,2020/12/20 3:45 PM,46.0,73.0,37.8,43.7,,,30.02,,,,,,,,,,,,,
Garage,Temp & Humidity Sensor,2020/12/20 3:50 PM,46.0,73.0,37.8,43.7,,,30.02,,,,,,,,,,,,,
Garage,Temp & Humidity Sensor,2020/12/20 3:55 PM,46.4,72.0,37.9,44.1,,,30.02,,,,,,,,,,,,,
Garage,Temp & Humidity Sensor,2020/12/20 4:00 PM,46.5,73.0,38.3,44.3,,,30.02,,,,,,,,,,,,,
Garage,Temp & Humidity Sensor,2020/12/20 4:05 PM,46.7,73.0,38.5,44.5,,,30.02,,,,,,,,,,,,,
Garage,Temp & Humidity Sensor,2020/12/20 4:10 PM,46.7,73.0,38.5,44.5,,,30.02,,,,,,,,,,,,,
Garage,Temp & Humidity Sensor,2020/12/20 4:15 PM,46.7,73.0,38.5,44.5,,,30.02,,,,,,,,,,,,,
Garage,Temp & Humidity Sensor,2020/12/20 4:20 PM,46.7,73.0,38.5,44.5,,,30.02,,,,,,,,,,,,,
Garage,Temp & Humidity Sensor,2020/12/20 4:25 PM,46.7,73.0,38.5,44.5,,,30.02,,,,,,,,,,,,,
Garage,Temp & Humidity Sensor,2020/12/20 4:30 PM,46.7,73.0,38.5,44.5,,,30.02,,,,,,,,,,,,,
Garage,Temp & Humidity Sensor,2020/12/20 4:35 PM,46.7,73.0,38.5,44.5,,,30.02,,,,,,,,,,,,,
Garage,Temp & Humidity Sensor,2020/12/20 4:40 PM,46.7,73.0,38.5,44.5,,,30.03,,,,,,,,,,,,,
Garage,Temp & Humidity Sensor,2020/12/20 4:45 PM,46.7,73.0,38.5,44.5,,,30.03,,,,,,,,,,,,,
Garage,Temp & Humidity Sensor,2020/12/20 4:50 PM,46.7,73.0,38.5,44.5,,,30.03,,,,,,,,,,,,,
Garage,Temp & Humidity Sensor,2020/12/20 4:55 PM,46.7,73.0,38.5,44.5,,,30.03,,,,,,,,,,,,,
Garage,Temp & Humidity Sensor,2020/12/20 5:00 PM,46.7,73.0,38.5,44.5,,,30.04,,,,,,,,,,,,,
Garage,Temp & Humidity Sensor,2020/12/20 5:05 PM,46.7,73.0,38.5,44.5,,,30.04,,,,,,,,,,,,,
Garage,Temp & Humidity Sensor,2020/12/20 5:10 PM,46.5,73.0,38.3,44.3,,,30.04,,,,,,,,,,,,,
Garage,Temp & Humidity Sensor,2020/12/20 5:15 PM,46.5,73.0,38.3,44.3,,,30.04,,,,,,,,,,,,,
Garage,Temp & Humidity Sensor,2020/12/20 5:20 PM,46.5,73.0,38.3,44.3,,,30.04,,,,,,,,,,,,,
Garage,Temp & Humidity Sensor,2020/12/20 5:25 PM,46.5,73.0,38.3,44.3,,,30.04,,,,,,,,,,,,,
Garage,Temp & Humidity Sensor,2020/12/20 5:30 PM,46.5,73.0,38.3,44.3,,,30.04,,,,,,,,,,,,,
Garage,Temp & Humidity Sensor,2020/12/20 5:35 PM,46.5,73.0,38.3,44.3,,,30.04,,,,,,,,,,,,,
Garage,Temp & Humidity Sensor,2020/12/20 5:40 PM,46.5,73.0,38.3,44.3,,,30.04,,,,,,,,,,,,,
Garage,Temp & Humidity Sensor,2020/12/20 5:45 PM,46.5,73.0,38.3,44.3,,,30.04,,,,,,,,,,,,,
Garage,Temp & Humidity Sensor,2020/12/20 5:50 PM,46.5,73.0,38.3,44.3,,,30.04,,,,,,,,,,,,,
Garage,Temp & Humidity Sensor,2020/12/20 5:55 PM,46.5,73.0,38.3,44.3,,,30.04,,,,,,,,,,,,,
Garage,Temp & Humidity Sensor,2020/12/20 6:00 PM,46.5,73.0,38.3,44.3,,,30.04,,,,,,,,,,,,,
Garage,Temp & Humidity Sensor,2020/12/20 6:05 PM,46.5,73.0,38.3,44.3,,,30.04,,,,,,,,,,,,,
Garage,Temp & Humidity Sensor,2020/12/20 6:10 PM,46.5,73.0,38.3,44.3,,,30.04,,,,,,,,,,,,,
Garage,Temp & Humidity Sensor,2020/12/20 6:15 PM,46.5,73.0,38.3,44.3,,,30.04,,,,,,,,,,,,,
Garage,Temp & Humidity Sensor,2020/12/20 6:20 PM,46.5,73.0,38.3,44.3,,,30.04,,,,,,,,,,,,,
Garage,Temp & Humidity Sensor,2020/12/20 6:25 PM,46.5,73.0,38.3,44.3,,,30.04,,,,,,,,,,,,,
Garage,Temp & Humidity Sensor,2020/12/20 6:30 PM,46.5,73.0,38.3,44.3,,,30.04,,,,,,,,,,,,,
Garage,Temp & Humidity Sensor,2020/12/20 6:35 PM,46.4,73.0,38.2,44.2,,,30.04,,,,,,,,,,,,,
Garage,Temp & Humidity Sensor,2020/12/20 6:40 PM,46.4,73.0,38.2,44.2,,,30.04,,,,,,,,,,,,,
Garage,Temp & Humidity Sensor,2020/12/20 6:45 PM,46.4,73.0,38.2,44.2,,,30.04,,,,,,,,,,,,,
Garage,Temp & Humidity Sensor,2020/12/20 6:50 PM,46.4,73.0,38.2,44.2,,,30.04,,,,,,,,,,,,,
Garage,Temp & Humidity Sensor,2020/12/20 6:55 PM,46.4,73.0,38.2,44.2,,,30.04,,,,,,,,,,,,,
Garage,Temp & Humidity Sensor,2020/12/20 7:00 PM,46.4,73.0,38.2,44.2,,,30.04,,,,,,,,,,,,,
Garage,Temp & Humidity Sensor,2020/12/20 7:05 PM,46.4,73.0,38.2,44.2,,,30.04,,,,,,,,,,,,,
Garage,Temp & Humidity Sensor,2020/12/20 7:10 PM,46.4,73.0,38.2,44.2,,,30.03,,,,,,,,,,,,,
Garage,Temp & Humidity Sensor,2020/12/20 7:15 PM,46.4,73.0,38.2,44.2,,,30.03,,,,,,,,,,,,,
Garage,Temp & Humidity Sensor,2020/12/20 7:20 PM,46.4,73.0,38.2,44.2,,,30.04,,,,,,,,,,,,,
Garage,Temp & Humidity Sensor,2020/12/20 7:25 PM,46.4,73.0,38.2,44.2,,,30.04,,,,,,,,,,,,,
Garage,Temp & Humidity Sensor,2020/12/20 7:30 PM,46.4,73.0,38.2,44.2,,,30.03,,,,,,,,,,,,,
Garage,Temp & Humidity Sensor,2020/12/20 7:35 PM,46.4,73.0,38.2,44.2,,,30.03,,,,,,,,,,,,,
Garage,Temp & Humidity Sensor,2020/12/20 7:40 PM,46.4,73.0,38.2,44.2,,,30.03,,,,,,,,,,,,,
Garage,Temp & Humidity Sensor,2020/12/20 7:45 PM,46.4,73.0,38.2,44.2,,,30.03,,,,,,,,,,,,,
Garage,Temp & Humidity Sensor,2020/12/20 7:50 PM,46.4,73.0,38.2,44.2,,,30.03,,,,,,,,,,,,,
Garage,Temp & Humidity Sensor,2020/12/20 7:55 PM,46.4,73.0,38.2,44.2,,,30.03,,,,,,,,,,,,,
Garage,Temp & Humidity Sensor,2020/12/20 8:00 PM,46.4,73.0,38.2,44.2,,,30.03,,,,,,,,,,,,,
Garage,Temp & Humidity Sensor,2020/12/20 8:05 PM,46.4,73.0,38.2,44.2,,,30.03,,,,,,,,,,,,,
Garage,Temp & Humidity Sensor,2020/12/20 8:10 PM,46.4,73.0,38.2,44.2,,,30.03,,,,,,,,,,,,,
Garage,Temp & Humidity Sensor,2020/12/20 8:15 PM,46.4,73.0,38.2,44.2,,,30.03,,,,,,,,,,,,,
Garage,Temp & Humidity Sensor,2020/12/20 8:20 PM,46.4,73.0,38.2,44.2,,,30.02,,,,,,,,,,,,,
Garage,Temp & Humidity Sensor,2020/12/20 8:25 PM,46.4,73.0,38.2,44.2,,,30.02,,,,,,,,,,,,,
Garage,Temp & Humidity Sensor,2020/12/20 8:30 PM,46.4,73.0,38.2,44.2,,,30.02,,,,,,,,,,,,,
Garage,Temp & Humidity Sensor,2020/12/20 8:35 PM,46.4,73.0,38.2,44.2,,,30.02,,,,,,,,,,,,,
Garage,Temp & Humidity Sensor,2020/12/20 8:40 PM,46.4,73.0,38.2,44.2,,,30.02,,,,,,,,,,,,,
Garage,Temp & Humidity Sensor,2020/12/20 8:45 PM,46.4,73.0,38.2,44.2,,,30.01,,,,,,,,,,,,,
Garage,Temp & Humidity Sensor,2020/12/20 8:50 PM,46.4,73.0,38.2,44.2,,,30.01,,,,,,,,,,,,,
Garage,Temp & Humidity Sensor,2020/12/20 8:55 PM,46.4,73.0,38.2,44.2,,,30.01,,,,,,,,,,,,,
Garage,Temp & Humidity Sensor,2020/12/20 9:00 PM,46.4,73.0,38.2,44.2,,,30.01,,,,,,,,,,,,,
Garage,Temp & Humidity Sensor,2020/12/20 9:05 PM,46.4,73.0,38.2,44.2,,,30.0,,,,,,,,,,,,,
Garage,Temp & Humidity Sensor,2020/12/20 9:10 PM,46.4,73.0,38.2,44.2,,,30.0,,,,,,,,,,,,,
Garage,Temp & Humidity Sensor,2020/12/20 9:15 PM,46.4,73.0,38.2,44.2,,,30.0,,,,,,,,,,,,,
Garage,Temp & Humidity Sensor,2020/12/20 9:20 PM,46.4,73.0,38.2,44.2,,,30.0,,,,,,,,,,,,,
Garage,Temp & Humidity Sensor,2020/12/20 9:25 PM,46.4,73.0,38.2,44.2,,,30.0,,,,,,,,,,,,,
Garage,Temp & Humidity Sensor,2020/12/20 9:30 PM,46.2,74.0,38.4,44.0,,,30.0,,,,,,,,,,,,,
Garage,Temp & Humidity Sensor,2020/12/20 9:35 PM,46.2,74.0,38.4,44.0,,,30.0,,,,,,,,,,,,,
Garage,Temp & Humidity Sensor,2020/12/20 9:40 PM,46.2,74.0,38.4,44.0,,,29.99,,,,,,,,,,,,,
Garage,Temp & Humidity Sensor,2020/12/20 9:45 PM,46.2,74.0,38.4,44.0,,,29.99,,,,,,,,,,,,,
Garage,Temp & Humidity Sensor,2020/12/20 9:50 PM,46.2,74.0,38.4,44.0,,,29.99,,,,,,,,,,,,,
Garage,Temp & Humidity Sensor,2020/12/20 9:55 PM,46.2,74.0,38.4,44.0,,,29.99,,,,,,,,,,,,,
Garage,Temp & Humidity Sensor,2020/12/20 10:00 PM,46.2,74.0,38.4,44.0,,,30.0,,,,,,,,,,,,,
Garage,Temp & Humidity Sensor,2020/12/20 10:05 PM,46.2,74.0,38.4,44.0,,,30.0,,,,,,,,,,,,,
Garage,Temp & Humidity Sensor,2020/12/20 10:10 PM,46.2,74.0,38.4,44.0,,,30.01,,,,,,,,,,,,,
Garage,Temp & Humidity Sensor,2020/12/20 10:15 PM,46.2,74.0,38.4,44.0,,,30.0,,,,,,,,,,,,,
Garage,Temp & Humidity Sensor,2020/12/20 10:20 PM,46.2,74.0,38.4,44.0,,,30.0,,,,,,,,,,,,,
Garage,Temp & Humidity Sensor,2020/12/20 10:25 PM,46.2,74.0,38.4,44.0,,,30.0,,,,,,,,,,,,,
Garage,Temp & Humidity Sensor,2020/12/20 10:30 PM,46.2,74.0,38.4,44.0,,,30.0,,,,,,,,,,,,,
Garage,Temp & Humidity Sensor,2020/12/20 10:35 PM,46.2,74.0,38.4,44.0,,,30.0,,,,,,,,,,,,,
Garage,Temp & Humidity Sensor,2020/12/20 10:40 PM,46.2,74.0,38.4,44.0,,,30.0,,,,,,,,,,,,,
Garage,Temp & Humidity Sensor,2020/12/20 10:45 PM,46.2,74.0,38.4,44.0,,,30.0,,,,,,,,,,,,,
Garage,Temp & Humidity Sensor,2020/12/20 10:50 PM,46.2,74.0,38.4,44.0,,,30.0,,,,,,,,,,,,,
Garage,Temp & Humidity Sensor,2020/12/20 10:55 PM,46.2,74.0,38.4,44.0,,,30.0,,,,,,,,,,,,,
Garage,Temp & Humidity Sensor,2020/12/20 11:00 PM,46.2,74.0,38.4,44.0,,,30.0,,,,,,,,,,,,,
Garage,Temp & Humidity Sensor,2020/12/20 11:05 PM,46.2,74.0,38.4,44.0,,,29.99,,,,,,,,,,,,,
Garage,Temp & Humidity Sensor,2020/12/20 11:10 PM,46.2,74.0,38.4,44.0,,,29.99,,,,,,,,,,,,,
Garage,Temp & Humidity Sensor,2020/12/20 11:15 PM,46.2,74.0,38.4,44.0,,,29.99,,,,,,,,,,,,,
Garage,Temp & Humidity Sensor,2020/12/20 11:20 PM,46.2,74.0,38.4,44.0,,,29.98,,,,,,,,,,,,,
Garage,Temp & Humidity Sensor,2020/12/20 11:25 PM,46.2,74.0,38.4,44.0,,,29.98,,,,,,,,,,,,,
Garage,Temp & Humidity Sensor,2020/12/20 11:30 PM,46.2,74.0,38.4,44.0,,,29.99,,,,,,,,,,,,,
Garage,Temp & Humidity Sensor,2020/12/20 11:35 PM,46.2,74.0,38.4,44.0,,,29.98,,,,,,,,,,,,,
Garage,Temp & Humidity Sensor,2020/12/20 11:40 PM,46.2,74.0,38.4,44.0,,,29.98,,,,,,,,,,,,,
Garage,Temp & Humidity Sensor,2020/12/20 11:45 PM,46.2,74.0,38.4,44.0,,,29.97,,,,,,,,,,,,,
Garage,Temp & Humidity Sensor,2020/12/20 11:50 PM,46.2,74.0,38.4,44.0,,,29.97,,,,,,,,,,,,,
Garage,Temp & Humidity Sensor,2020/12/20 11:55 PM,46.2,74.0,38.4,44.0,,,29.97,,,,,,,,,,,,,
Garage,Temp & Humidity Sensor,2020/12/21 12:00 AM,46.2,74.0,38.4,44.0,,,29.97,,,,,,,,,,,,,
Garage,Temp & Humidity Sensor,2020/12/21 12:05 AM,46.2,74.0,38.4,44.0,,,29.97,,,,,,,,,,,,,
Garage,Temp & Humidity Sensor,2020/12/21 12:10 AM,46.2,74.0,38.4,44.0,,,29.97,,,,,,,,,,,,,
Garage,Temp & Humidity Sensor,2020/12/21 12:15 AM,46.2,74.0,38.4,44.0,,,29.96,,,,,,,,,,,,,
Garage,Temp & Humidity Sensor,2020/12/21 12:20 AM,46.2,74.0,38.4,44.0,,,29.96,,,,,,,,,,,,,
Garage,Temp & Humidity Sensor,2020/12/21 12:25 AM,46.2,74.0,38.4,44.0,,,29.97,,,,,,,,,,,,,
Garage,Temp & Humidity Sensor,2020/12/21 12:30 AM,46.2,74.0,38.4,44.0,,,29.97,,,,,,,,,,,,,
Garage,Temp & Humidity Sensor,2020/12/21 12:35 AM,46.2,74.0,38.4,44.0,,,29.96,,,,,,,,,,,,,
Garage,Temp & Humidity Sensor,2020/12/21 12:40 AM,46.2,74.0,38.4,44.0,,,29.97,,,,,,,,,,,,,
Garage,Temp & Humidity Sensor,2020/12/21 12:45 AM,46.2,74.0,38.4,44.0,,,29.96,,,,,,,,,,,,,
Garage,Temp & Humidity Sensor,2020/12/21 12:50 AM,46.2,74.0,38.4,44.0,,,29.96,,,,,,,,,,,,,
Garage,Temp & Humidity Sensor,2020/12/21 12:55 AM,46.2,74.0,38.4,44.0,,,29.96,,,,,,,,,,,,,
Garage,Temp & Humidity Sensor,2020/12/21 1:00 AM,46.2,74.0,38.4,44.0,,,29.96,,,,,,,,,,,,,
Garage,Temp & Humidity Sensor,2020/12/21 1:05 AM,46.0,74.0,38.2,43.8,,,29.95,,,,,,,,,,,,,
Garage,Temp & Humidity Sensor,2020/12/21 1:10 AM,46.2,74.0,38.4,44.0,,,29.95,,,,,,,,,,,,,
Garage,Temp & Humidity Sensor,2020/12/21 1:15 AM,46.0,74.0,38.2,43.8,,,29.95,,,,,,,,,,,,,
Garage,Temp & Humidity Sensor,2020/12/21 1:20 AM,46.0,74.0,38.2,43.8,,,29.95,,,,,,,,,,,,,
Garage,Temp & Humidity Sensor,2020/12/21 1:25 AM,46.0,74.0,38.2,43.8,,,29.95,,,,,,,,,,,,,
Garage,Temp & Humidity Sensor,2020/12/21 1:30 AM,46.0,74.0,38.2,43.8,,,29.95,,,,,,,,,,,,,
Garage,Temp & Humidity Sensor,2020/12/21 1:35 AM,46.0,74.0,38.2,43.8,,,29.96,,,,,,,,,,,,,
Garage,Temp & Humidity Sensor,2020/12/21 1:40 AM,46.0,74.0,38.2,43.8,,,29.95,,,,,,,,,,,,,
Garage,Temp & Humidity Sensor,2020/12/21 1:45 AM,46.0,74.0,38.2,43.8,,,29.95,,,,,,,,,,,,,
Garage,Temp & Humidity Sensor,2020/12/21 1:50 AM,46.0,74.0,38.2,43.8,,,29.95,,,,,,,,,,,,,
Garage,Temp & Humidity Sensor,2020/12/21 1:55 AM,46.0,74.0,38.2,43.8,,,29.95,,,,,,,,,,,,,
Garage,Temp & Humidity Sensor,2020/12/21 2:00 AM,46.0,74.0,38.2,43.8,,,29.95,,,,,,,,,,,,,
Garage,Temp & Humidity Sensor,2020/12/21 2:05 AM,46.0,74.0,38.2,43.8,,,29.95,,,,,,,,,,,,,
Garage,Temp & Humidity Sensor,2020/12/21 2:10 AM,46.0,74.0,38.2,43.8,,,29.95,,,,,,,,,,,,,
Garage,Temp & Humidity Sensor,2020/12/21 2:15 AM,46.0,74.0,38.2,43.8,,,29.95,,,,,,,,,,,,,
Garage,Temp & Humidity Sensor,2020/12/21 2:20 AM,46.0,74.0,38.2,43.8,,,29.95,,,,,,,,,,,,,
Garage,Temp & Humidity Sensor,2020/12/21 2:25 AM,46.0,74.0,38.2,43.8,,,29.95,,,,,,,,,,,,,
Garage,Temp & Humidity Sensor,2020/12/21 2:30 AM,46.0,74.0,38.2,43.8,,,29.94,,,,,,,,,,,,,
Garage,Temp & Humidity Sensor,2020/12/21 2:35 AM,46.0,74.0,38.2,43.8,,,29.95,,,,,,,,,,,,,
Garage,Temp & Humidity Sensor,2020/12/21 2:40 AM,46.0,74.0,38.2,43.8,,,29.96,,,,,,,,,,,,,
Garage,Temp & Humidity Sensor,2020/12/21 2:45 AM,46.0,74.0,38.2,43.8,,,29.96,,,,,,,,,,,,,
Garage,Temp & Humidity Sensor,2020/12/21 2:50 AM,46.0,74.0,38.2,43.8,,,29.96,,,,,,,,,,,,,
Garage,Temp & Humidity Sensor,2020/12/21 2:55 AM,46.0,74.0,38.2,43.8,,,29.96,,,,,,,,,,,,,
Garage,Temp & Humidity Sensor,2020/12/21 3:00 AM,46.0,74.0,38.2,43.8,,,29.96,,,,,,,,,,,,,
Garage,Temp & Humidity Sensor,2020/12/21 3:05 AM,46.0,74.0,38.2,43.8,,,29.96,,,,,,,,,,,,,
Garage,Temp & Humidity Sensor,2020/12/21 3:10 AM,46.0,74.0,38.2,43.8,,,29.96,,,,,,,,,,,,,
Garage,Temp & Humidity Sensor,2020/12/21 3:15 AM,46.0,75.0,38.5,43.8,,,29.96,,,,,,,,,,,,,
Garage,Temp & Humidity Sensor,2020/12/21 3:20 AM,46.0,75.0,38.5,43.8,,,29.96,,,,,,,,,,,,,
Garage,Temp & Humidity Sensor,2020/12/21 3:25 AM,46.0,75.0,38.5,43.8,,,29.96,,,,,,,,,,,,,
Garage,Temp & Humidity Sensor,2020/12/21 3:30 AM,46.0,75.0,38.5,43.8,,,29.96,,,,,,,,,,,,,
Garage,Temp & Humidity Sensor,2020/12/21 3:35 AM,46.0,75.0,38.5,43.8,,,29.96,,,,,,,,,,,,,
Garage,Temp & Humidity Sensor,2020/12/21 3:40 AM,46.0,75.0,38.5,43.8,,,29.96,,,,,,,,,,,,,
Garage,Temp & Humidity Sensor,2020/12/21 3:45 AM,46.0,75.0,38.5,43.8,,,29.96,,,,,,,,,,,,,
Garage,Temp & Humidity Sensor,2020/12/21 3:50 AM,46.0,75.0,38.5,43.8,,,29.97,,,,,,,,,,,,,
Garage,Temp & Humidity Sensor,2020/12/21 3:55 AM,46.0,75.0,38.5,43.8,,,29.96,,,,,,,,,,,,,
Garage,Temp & Humidity Sensor,2020/12/21 4:00 AM,46.0,75.0,38.5,43.8,,,29.96,,,,,,,,,,,,,
Garage,Temp & Humidity Sensor,2020/12/21 4:05 AM,46.0,75.0,38.5,43.8,,,29.96,,,,,,,,,,,,,
Garage,Temp & Humidity Sensor,2020/12/21 4:10 AM,46.0,75.0,38.5,43.8,,,29.96,,,,,,,,,,,,,
Garage,Temp & Humidity Sensor,2020/12/21 4:15 AM,46.0,75.0,38.5,43.8,,,29.96,,,,,,,,,,,,,
Garage,Temp & Humidity Sensor,2020/12/21 4:20 AM,46.0,75.0,38.5,43.8,,,29.95,,,,,,,,,,,,,
Garage,Temp & Humidity Sensor,2020/12/21 4:25 AM,46.0,75.0,38.5,43.8,,,29.95,,,,,,,,,,,,,
Garage,Temp & Humidity Sensor,2020/12/21 4:30 AM,46.0,75.0,38.5,43.8,,,29.95,,,,,,,,,,,,,
Garage,Temp & Humidity Sensor,2020/12/21 4:35 AM,46.0,75.0,38.5,43.8,,,29.95,,,,,,,,,,,,,
Garage,Temp & Humidity Sensor,2020/12/21 4:40 AM,46.0,75.0,38.5,43.8,,,29.95,,,,,,,,,,,,,
Garage,Temp & Humidity Sensor,2020/12/21 4:45 AM,46.0,75.0,38.5,43.8,,,29.95,,,,,,,,,,,,,
Garage,Temp & Humidity Sensor,2020/12/21 4:50 AM,46.0,75.0,38.5,43.8,,,29.95,,,,,,,,,,,,,
Garage,Temp & Humidity Sensor,2020/12/21 4:55 AM,46.0,75.0,38.5,43.8,,,29.95,,,,,,,,,,,,,
Garage,Temp & Humidity Sensor,2020/12/21 5:00 AM,45.8,75.0,38.3,43.6,,,29.95,,,,,,,,,,,,,
Garage,Temp & Humidity Sensor,2020/12/21 5:05 AM,45.8,75.0,38.3,43.6,,,29.95,,,,,,,,,,,,,
Garage,Temp & Humidity Sensor,2020/12/21 5:10 AM,45.8,75.0,38.3,43.6,,,29.95,,,,,,,,,,,,,
Garage,Temp & Humidity Sensor,2020/12/21 5:15 AM,45.8,75.0,38.3,43.6,,,29.95,,,,,,,,,,,,,
Garage,Temp & Humidity Sensor,2020/12/21 5:20 AM,45.8,75.0,38.3,43.6,,,29.95,,,,,,,,,,,,,
Garage,Temp & Humidity Sensor,2020/12/21 5:25 AM,45.8,75.0,38.3,43.6,,,29.95,,,,,,,,,,,,,
Garage,Temp & Humidity Sensor,2020/12/21 5:30 AM,45.8,75.0,38.3,43.6,,,29.95,,,,,,,,,,,,,
Garage,Temp & Humidity Sensor,2020/12/21 5:35 AM,45.8,75.0,38.3,43.6,,,29.96,,,,,,,,,,,,,
Garage,Temp & Humidity Sensor,2020/12/21 5:40 AM,45.8,75.0,38.3,43.6,,,29.95,,,,,,,,,,,,,
Garage,Temp & Humidity Sensor,2020/12/21 5:45 AM,45.8,75.0,38.3,43.6,,,29.95,,,,,,,,,,,,,
Garage,Temp & Humidity Sensor,2020/12/21 5:50 AM,45.8,75.0,38.3,43.6,,,29.96,,,,,,,,,,,,,
Garage,Temp & Humidity Sensor,2020/12/21 5:55 AM,45.8,75.0,38.3,43.6,,,29.96,,,,,,,,,,,,,
Garage,Temp & Humidity Sensor,2020/12/21 6:00 AM,45.8,75.0,38.3,43.6,,,29.96,,,,,,,,,,,,,
Garage,Temp & Humidity Sensor,2020/12/21 6:05 AM,45.8,75.0,38.3,43.6,,,29.96,,,,,,,,,,,,,
Garage,Temp & Humidity Sensor,2020/12/21 6:10 AM,45.8,75.0,38.3,43.6,,,29.96,,,,,,,,,,,,,
Garage,Temp & Humidity Sensor,2020/12/21 6:15 AM,45.8,75.0,38.3,43.6,,,29.96,,,,,,,,,,,,,
Garage,Temp & Humidity Sensor,2020/12/21 6:20 AM,45.8,75.0,38.3,43.6,,,29.96,,,,,,,,,,,,,
Garage,Temp & Humidity Sensor,2020/12/21 6:25 AM,45.8,75.0,38.3,43.6,,,29.96,,,,,,,,,,,,,
Garage,Temp & Humidity Sensor,2020/12/21 6:30 AM,45.8,75.0,38.3,43.6,,,29.96,,,,,,,,,,,,,
Garage,Temp & Humidity Sensor,2020/12/21 6:35 AM,45.8,75.0,38.3,43.6,,,29.96,,,,,,,,,,,,,
Garage,Temp & Humidity Sensor,2020/12/21 6:40 AM,45.8,75.0,38.3,43.6,,,29.96,,,,,,,,,,,,,
Garage,Temp & Humidity Sensor,2020/12/21 6:45 AM,45.8,75.0,38.3,43.6,,,29.96,,,,,,,,,,,,,
Garage,Temp & Humidity Sensor,2020/12/21 6:50 AM,45.8,75.0,38.3,43.6,,,29.96,,,,,,,,,,,,,
Garage,Temp & Humidity Sensor,2020/12/21 6:55 AM,45.8,75.0,38.3,43.6,,,29.96,,,,,,,,,,,,,
Garage,Temp & Humidity Sensor,2020/12/21 7:00 AM,45.8,75.0,38.3,43.6,,,29.96,,,,,,,,,,,,,
Garage,Temp & Humidity Sensor,2020/12/21 7:05 AM,45.8,75.0,38.3,43.6,,,29.96,,,,,,,,,,,,,
Garage,Temp & Humidity Sensor,2020/12/21 7:10 AM,45.8,75.0,38.3,43.6,,,29.97,,,,,,,,,,,,,
Garage,Temp & Humidity Sensor,2020/12/21 7:15 AM,45.8,75.0,38.3,43.6,,,29.97,,,,,,,,,,,,,
Garage,Temp & Humidity Sensor,2020/12/21 7:20 AM,45.8,75.0,38.3,43.6,,,29.97,,,,,,,,,,,,,
Garage,Temp & Humidity Sensor,2020/12/21 7:25 AM,45.8,75.0,38.3,43.6,,,29.97,,,,,,,,,,,,,
Garage,Temp & Humidity Sensor,2020/12/21 7:30 AM,45.8,75.0,38.3,43.6,,,29.97,,,,,,,,,,,,,
Garage,Temp & Humidity Sensor,2020/12/21 7:35 AM,45.8,75.0,38.3,43.6,,,29.97,,,,,,,,,,,,,
Garage,Temp & Humidity Sensor,2020/12/21 7:40 AM,45.8,75.0,38.3,43.6,,,29.98,,,,,,,,,,,,,
Garage,Temp & Humidity Sensor,2020/12/21 7:45 AM,45.8,75.0,38.3,43.6,,,29.98,,,,,,,,,,,,,
Garage,Temp & Humidity Sensor,2020/12/21 7:50 AM,45.8,75.0,38.3,43.6,,,29.97,,,,,,,,,,,,,
Garage,Temp & Humidity Sensor,2020/12/21 7:55 AM,45.8,75.0,38.3,43.6,,,29.97,,,,,,,,,,,,,
Garage,Temp & Humidity Sensor,2020/12/21 8:00 AM,45.8,75.0,38.3,43.6,,,29.97,,,,,,,,,,,,,
Garage,Temp & Humidity Sensor,2020/12/21 8:05 AM,45.8,75.0,38.3,43.6,,,29.97,,,,,,,,,,,,,
Garage,Temp & Humidity Sensor,2020/12/21 8:10 AM,45.6,75.0,38.1,43.4,,,29.97,,,,,,,,,,,,,
Garage,Temp & Humidity Sensor,2020/12/21 8:15 AM,45.8,75.0,38.3,43.6,,,29.97,,,,,,,,,,,,,
Garage,Temp & Humidity Sensor,2020/12/21 8:20 AM,45.6,75.0,38.1,43.4,,,29.97,,,,,,,,,,,,,
Garage,Temp & Humidity Sensor,2020/12/21 8:25 AM,45.6,75.0,38.1,43.4,,,29.97,,,,,,,,,,,,,
Garage,Temp & Humidity Sensor,2020/12/21 8:30 AM,45.6,75.0,38.1,43.4,,,29.97,,,,,,,,,,,,,
Garage,Temp & Humidity Sensor,2020/12/21 8:35 AM,45.8,75.0,38.3,43.6,,,29.97,,,,,,,,,,,,,
Garage,Temp & Humidity Sensor,2020/12/21 8:40 AM,45.8,75.0,38.3,43.6,,,29.97,,,,,,,,,,,,,
Garage,Temp & Humidity Sensor,2020/12/21 8:45 AM,45.8,75.0,38.3,43.6,,,29.98,,,,,,,,,,,,,
Garage,Temp & Humidity Sensor,2020/12/21 8:50 AM,45.8,75.0,38.3,43.6,,,29.98,,,,,,,,,,,,,
Garage,Temp & Humidity Sensor,2020/12/21 8:55 AM,45.8,75.0,38.3,43.6,,,29.98,,,,,,,,,,,,,
Garage,Temp & Humidity Sensor,2020/12/21 9:00 AM,45.8,75.0,38.3,43.6,,,29.97,,,,,,,,,,,,,
Garage,Temp & Humidity Sensor,2020/12/21 9:05 AM,45.8,75.0,38.3,43.6,,,29.98,,,,,,,,,,,,,
Garage,Temp & Humidity Sensor,2020/12/21 9:10 AM,45.8,75.0,38.3,43.6,,,29.98,,,,,,,,,,,,,
Garage,Temp & Humidity Sensor,2020/12/21 9:15 AM,45.8,75.0,38.3,43.6,,,29.98,,,,,,,,,,,,,
Garage,Temp & Humidity Sensor,2020/12/21 9:20 AM,45.8,75.0,38.3,43.6,,,29.98,,,,,,,,,,,,,
Garage,Temp & Humidity Sensor,2020/12/21 9:25 AM,45.8,75.0,38.3,43.6,,,29.98,,,,,,,,,,,,,
Garage,Temp & Humidity Sensor,2020/12/21 9:30 AM,45.8,75.0,38.3,43.6,,,29.99,,,,,,,,,,,,,
Garage,Temp & Humidity Sensor,2020/12/21 9:35 AM,45.8,75.0,38.3,43.6,,,29.99,,,,,,,,,,,,,
Garage,Temp & Humidity Sensor,2020/12/21 9:40 AM,46.0,75.0,38.5,43.8,,,29.99,,,,,,,,,,,,,
Garage,Temp & Humidity Sensor,2020/12/21 9:45 AM,46.0,75.0,38.5,43.8,,,30.0,,,,,,,,,,,,,
Garage,Temp & Humidity Sensor,2020/12/21 9:50 AM,46.0,75.0,38.5,43.8,,,30.0,,,,,,,,,,,,,
Garage,Temp & Humidity Sensor,2020/12/21 9:55 AM,46.0,75.0,38.5,43.8,,,29.99,,,,,,,,,,,,,
Garage,Temp & Humidity Sensor,2020/12/21 10:00 AM,46.0,75.0,38.5,43.8,,,29.99,,,,,,,,,,,,,
Garage,Temp & Humidity Sensor,2020/12/21 10:05 AM,46.2,75.0,38.7,44.0,,,29.99,,,,,,,,,,,,,
Garage,Temp & Humidity Sensor,2020/12/21 10:10 AM,46.2,75.0,38.7,44.0,,,30.0,,,,,,,,,,,,,
Garage,Temp & Humidity Sensor,2020/12/21 10:15 AM,46.2,75.0,38.7,44.0,,,30.0,,,,,,,,,,,,,
Garage,Temp & Humidity Sensor,2020/12/21 10:20 AM,46.2,75.0,38.7,44.0,,,30.0,,,,,,,,,,,,,
Garage,Temp & Humidity Sensor,2020/12/21 10:25 AM,46.4,75.0,38.9,44.3,,,30.0,,,,,,,,,,,,,
Garage,Temp & Humidity Sensor,2020/12/21 10:30 AM,46.4,75.0,38.9,44.3,,,30.01,,,,,,,,,,,,,
Garage,Temp & Humidity Sensor,2020/12/21 10:35 AM,46.4,75.0,38.9,44.3,,,30.01,,,,,,,,,,,,,
Garage,Temp & Humidity Sensor,2020/12/21 10:40 AM,46.5,75.0,39.0,44.4,,,30.0,,,,,,,,,,,,,
Garage,Temp & Humidity Sensor,2020/12/21 10:45 AM,46.5,75.0,39.0,44.4,,,30.0,,,,,,,,,,,,,
Garage,Temp & Humidity Sensor,2020/12/21 10:50 AM,46.7,75.0,39.2,44.6,,,30.0,,,,,,,,,,,,,
Garage,Temp & Humidity Sensor,2020/12/21 10:55 AM,46.7,75.0,39.2,44.6,,,30.0,,,,,,,,,,,,,
Garage,Temp & Humidity Sensor,2020/12/21 11:00 AM,46.9,75.0,39.4,44.8,,,30.0,,,,,,,,,,,,,
Garage,Temp & Humidity Sensor,2020/12/21 11:05 AM,46.9,75.0,39.4,44.8,,,29.99,,,,,,,,,,,,,
Garage,Temp & Humidity Sensor,2020/12/21 11:10 AM,46.9,75.0,39.4,44.8,,,29.99,,,,,,,,,,,,,
Garage,Temp & Humidity Sensor,2020/12/21 11:15 AM,47.1,75.0,39.6,45.0,,,29.99,,,,,,,,,,,,,
Garage,Temp & Humidity Sensor,2020/12/21 11:20 AM,47.1,75.0,39.6,45.0,,,29.99,,,,,,,,,,,,,
Garage,Temp & Humidity Sensor,2020/12/21 11:25 AM,47.3,75.0,39.8,45.3,,,29.98,,,,,,,,,,,,,
Garage,Temp & Humidity Sensor,2020/12/21 11:30 AM,47.3,75.0,39.8,45.3,,,29.98,,,,,,,,,,,,,
Garage,Temp & Humidity Sensor,2020/12/21 11:35 AM,47.4,75.0,39.9,45.4,,,29.98,,,,,,,,,,,,,
Garage,Temp & Humidity Sensor,2020/12/21 11:40 AM,47.4,75.0,39.9,45.4,,,29.98,,,,,,,,,,,,,
Garage,Temp & Humidity Sensor,2020/12/21 11:45 AM,47.6,75.0,40.1,45.6,,,29.97,,,,,,,,,,,,,
Garage,Temp & Humidity Sensor,2020/12/21 11:50 AM,47.6,75.0,40.1,45.6,,,29.97,,,,,,,,,,,,,
Garage,Temp & Humidity Sensor,2020/12/21 11:55 AM,47.8,75.0,40.3,45.8,,,29.97,,,,,,,,,,,,,
Garage,Temp & Humidity Sensor,2020/12/21 12:00 PM,47.8,75.0,40.3,45.8,,,29.97,,,,,,,,,,,,,
Garage,Temp & Humidity Sensor,2020/12/21 12:05 PM,47.8,75.0,40.3,45.8,,,29.97,,,,,,,,,,,,,
Garage,Temp & Humidity Sensor,2020/12/21 12:10 PM,48.0,75.0,40.5,46.0,,,29.96,,,,,,,,,,,,,
Garage,Temp & Humidity Sensor,2020/12/21 12:15 PM,48.0,75.0,40.5,46.0,,,29.96,,,,,,,,,,,,,
Garage,Temp & Humidity Sensor,2020/12/21 12:20 PM,48.2,74.0,40.3,46.2,,,29.96,,,,,,,,,,,,,
Garage,Temp & Humidity Sensor,2020/12/21 12:25 PM,48.2,75.0,40.7,46.2,,,29.95,,,,,,,,,,,,,
Garage,Temp & Humidity Sensor,2020/12/21 12:30 PM,48.2,75.0,40.7,46.2,,,29.95,,,,,,,,,,,,,
Garage,Temp & Humidity Sensor,2020/12/21 12:35 PM,48.3,75.0,40.7,46.4,,,29.95,,,,,,,,,,,,,
Garage,Temp & Humidity Sensor,2020/12/21 12:40 PM,48.5,75.0,40.9,46.6,,,29.95,,,,,,,,,,,,,
Garage,Temp & Humidity Sensor,2020/12/21 12:45 PM,48.5,75.0,40.9,46.6,,,29.94,,,,,,,,,,,,,
Garage,Temp & Humidity Sensor,2020/12/21 12:50 PM,48.7,75.0,41.1,46.8,,,29.94,,,,,,,,,,,,,
Garage,Temp & Humidity Sensor,2020/12/21 12:55 PM,48.9,75.0,41.3,47.0,,,29.94,,,,,,,,,,,,,
Garage,Temp & Humidity Sensor,2020/12/21 1:00 PM,49.1,75.0,41.5,47.2,,,29.93,,,,,,,,,,,,,
Garage,Temp & Humidity Sensor,2020/12/21 1:05 PM,49.2,75.0,41.6,47.3,,,29.93,,,,,,,,,,,,,
Garage,Temp & Humidity Sensor,2020/12/21 1:10 PM,49.4,75.0,41.8,47.6,,,29.93,,,,,,,,,,,,,
Garage,Temp & Humidity Sensor,2020/12/21 1:15 PM,49.6,75.0,42.0,47.8,,,29.92,,,,,,,,,,,,,
Garage,Temp & Humidity Sensor,2020/12/21 1:20 PM,49.8,75.0,42.2,48.0,,,29.92,,,,,,,,,,,,,
Garage,Temp & Humidity Sensor,2020/12/21 1:25 PM,50.0,74.0,42.0,48.2,,,29.92,,,,,,,,,,,,,
Garage,Temp & Humidity Sensor,2020/12/21 1:30 PM,50.1,74.0,42.1,48.3,,,29.92,,,,,,,,,,,,,
Garage,Temp & Humidity Sensor,2020/12/21 1:35 PM,50.3,74.0,42.3,48.5,,,29.91,,,,,,,,,,,,,
Garage,Temp & Humidity Sensor,2020/12/21 1:40 PM,50.5,74.0,42.5,48.7,,,29.92,,,,,,,,,,,,,
Garage,Temp & Humidity Sensor,2020/12/21 1:45 PM,50.5,74.0,42.5,48.7,,,29.91,,,,,,,,,,,,,
Garage,Temp & Humidity Sensor,2020/12/21 1:50 PM,50.7,74.0,42.7,48.9,,,29.92,,,,,,,,,,,,,
Garage,Temp & Humidity Sensor,2020/12/21 1:55 PM,50.7,74.0,42.7,48.9,,,29.91,,,,,,,,,,,,,
Garage,Temp & Humidity Sensor,2020/12/21 2:00 PM,50.9,74.0,42.9,49.2,,,29.91,,,,,,,,,,,,,
Garage,Temp & Humidity Sensor,2020/12/21 2:05 PM,50.9,74.0,42.9,49.2,,,29.9,,,,,,,,,,,,,
Garage,Temp & Humidity Sensor,2020/12/21 2:10 PM,50.9,74.0,42.9,49.2,,,29.9,,,,,,,,,,,,,
Garage,Temp & Humidity Sensor,2020/12/21 2:15 PM,50.9,74.0,42.9,49.2,,,29.9,,,,,,,,,,,,,
Garage,Temp & Humidity Sensor,2020/12/21 2:20 PM,51.0,74.0,43.0,49.3,,,29.9,,,,,,,,,,,,,
Garage,Temp & Humidity Sensor,2020/12/21 2:25 PM,51.0,74.0,43.0,49.3,,,29.9,,,,,,,,,,,,,
Garage,Temp & Humidity Sensor,2020/12/21 2:30 PM,51.0,74.0,43.0,49.3,,,29.9,,,,,,,,,,,,,
Garage,Temp & Humidity Sensor,2020/12/21 2:35 PM,51.0,74.0,43.0,49.3,,,29.9,,,,,,,,,,,,,
Garage,Temp & Humidity Sensor,2020/12/21 2:40 PM,51.0,74.0,43.0,49.3,,,29.9,,,,,,,,,,,,,
Garage,Temp & Humidity Sensor,2020/12/21 2:45 PM,51.0,74.0,43.0,49.3,,,29.89,,,,,,,,,,,,,
Garage,Temp & Humidity Sensor,2020/12/21 2:50 PM,51.0,74.0,43.0,49.3,,,29.89,,,,,,,,,,,,,
Garage,Temp & Humidity Sensor,2020/12/21 2:55 PM,51.2,74.0,43.2,49.5,,,29.89,,,,,,,,,,,,,
Garage,Temp & Humidity Sensor,2020/12/21 3:00 PM,51.2,74.0,43.2,49.5,,,29.89,,,,,,,,,,,,,
Garage,Temp & Humidity Sensor,2020/12/21 3:05 PM,51.2,74.0,43.2,49.5,,,29.89,,,,,,,,,,,,,
Garage,Temp & Humidity Sensor,2020/12/21 3:10 PM,51.2,74.0,43.2,49.5,,,29.89,,,,,,,,,,,,,
Garage,Temp & Humidity Sensor,2020/12/21 3:15 PM,51.2,74.0,43.2,49.5,,,29.89,,,,,,,,,,,,,
Garage,Temp & Humidity Sensor,2020/12/21 3:20 PM,51.2,74.0,43.2,49.5,,,29.89,,,,,,,,,,,,,
Garage,Temp & Humidity Sensor,2020/12/21 3:25 PM,51.2,74.0,43.2,49.5,,,29.89,,,,,,,,,,,,,
Garage,Temp & Humidity Sensor,2020/12/21 3:30 PM,51.2,74.0,43.2,49.5,,,29.89,,,,,,,,,,,,,
Garage,Temp & Humidity Sensor,2020/12/21 3:35 PM,51.2,74.0,43.2,49.5,,,29.89,,,,,,,,,,,,,
Garage,Temp & Humidity Sensor,2020/12/21 3:40 PM,51.4,74.0,43.4,49.7,,,29.89,,,,,,,,,,,,,
Garage,Temp & Humidity Sensor,2020/12/21 3:45 PM,51.4,74.0,43.4,49.7,,,29.89,,,,,,,,,,,,,
Garage,Temp & Humidity Sensor,2020/12/21 3:50 PM,51.4,74.0,43.4,49.7,,,29.88,,,,,,,,,,,,,
Garage,Temp & Humidity Sensor,2020/12/21 3:55 PM,51.4,74.0,43.4,49.7,,,29.88,,,,,,,,,,,,,
Garage,Temp & Humidity Sensor,2020/12/21 4:00 PM,51.4,74.0,43.4,49.7,,,29.88,,,,,,,,,,,,,
Garage,Temp & Humidity Sensor,2020/12/21 4:05 PM,51.4,74.0,43.4,49.7,,,29.89,,,,,,,,,,,,,
Garage,Temp & Humidity Sensor,2020/12/21 4:10 PM,51.6,74.0,43.6,49.9,,,29.89,,,,,,,,,,,,,
Garage,Temp & Humidity Sensor,2020/12/21 4:15 PM,51.6,74.0,43.6,49.9,,,29.89,,,,,,,,,,,,,
Garage,Temp & Humidity Sensor,2020/12/21 4:20 PM,51.6,74.0,43.6,49.9,,,29.89,,,,,,,,,,,,,
Garage,Temp & Humidity Sensor,2020/12/21 4:25 PM,51.6,74.0,43.6,49.9,,,29.89,,,,,,,,,,,,,
Garage,Temp & Humidity Sensor,2020/12/21 4:30 PM,51.6,73.0,43.2,49.9,,,29.89,,,,,,,,,,,,,
Garage,Temp & Humidity Sensor,2020/12/21 4:35 PM,51.4,73.0,43.0,49.7,,,29.89,,,,,,,,,,,,,
Garage,Temp & Humidity Sensor,2020/12/21 4:40 PM,51.4,73.0,43.0,49.7,,,29.88,,,,,,,,,,,,,
Garage,Temp & Humidity Sensor,2020/12/21 4:45 PM,51.4,73.0,43.0,49.7,,,29.89,,,,,,,,,,,,,
Garage,Temp & Humidity Sensor,2020/12/21 4:50 PM,51.2,73.0,42.8,49.5,,,29.89,,,,,,,,,,,,,
Garage,Temp & Humidity Sensor,2020/12/21 4:55 PM,51.2,73.0,42.8,49.5,,,29.89,,,,,,,,,,,,,
Garage,Temp & Humidity Sensor,2020/12/21 5:00 PM,51.2,73.0,42.8,49.5,,,29.88,,,,,,,,,,,,,
Garage,Temp & Humidity Sensor,2020/12/21 5:05 PM,51.0,73.0,42.7,49.2,,,29.89,,,,,,,,,,,,,
Garage,Temp & Humidity Sensor,2020/12/21 5:10 PM,51.0,73.0,42.7,49.2,,,29.89,,,,,,,,,,,,,
Garage,Temp & Humidity Sensor,2020/12/21 5:15 PM,50.9,73.0,42.6,49.1,,,29.89,,,,,,,,,,,,,
Garage,Temp & Humidity Sensor,2020/12/21 5:20 PM,50.9,73.0,42.6,49.1,,,29.89,,,,,,,,,,,,,
Garage,Temp & Humidity Sensor,2020/12/21 5:25 PM,50.7,73.0,42.4,48.9,,,29.89,,,,,,,,,,,,,
Garage,Temp & Humidity Sensor,2020/12/21 5:30 PM,50.7,73.0,42.4,48.9,,,29.89,,,,,,,,,,,,,
Garage,Temp & Humidity Sensor,2020/12/21 5:35 PM,50.5,73.0,42.2,48.7,,,29.89,,,,,,,,,,,,,
Garage,Temp & Humidity Sensor,2020/12/21 5:40 PM,50.5,73.0,42.2,48.7,,,29.89,,,,,,,,,,,,,
Garage,Temp & Humidity Sensor,2020/12/21 5:45 PM,50.3,73.0,42.0,48.5,,,29.89,,,,,,,,,,,,,
Garage,Temp & Humidity Sensor,2020/12/21 5:50 PM,50.1,73.0,41.8,48.2,,,29.89,,,,,,,,,,,,,
Garage,Temp & Humidity Sensor,2020/12/21 5:55 PM,50.1,73.0,41.8,48.2,,,29.89,,,,,,,,,,,,,
Garage,Temp & Humidity Sensor,2020/12/21 6:00 PM,50.0,73.0,41.7,48.1,,,29.88,,,,,,,,,,,,,
Garage,Temp & Humidity Sensor,2020/12/21 6:05 PM,50.0,73.0,41.7,48.1,,,29.88,,,,,,,,,,,,,
Garage,Temp & Humidity Sensor,2020/12/21 6:10 PM,49.8,73.0,41.5,47.9,,,29.88,,,,,,,,,,,,,
Garage,Temp & Humidity Sensor,2020/12/21 6:15 PM,49.8,73.0,41.5,47.9,,,29.88,,,,,,,,,,,,,
Garage,Temp & Humidity Sensor,2020/12/21 6:20 PM,49.6,73.0,41.3,47.7,,,29.89,,,,,,,,,,,,,
Garage,Temp & Humidity Sensor,2020/12/21 6:25 PM,49.6,73.0,41.3,47.7,,,29.88,,,,,,,,,,,,,
Garage,Temp & Humidity Sensor,2020/12/21 6:30 PM,49.4,73.0,41.1,47.5,,,29.88,,,,,,,,,,,,,
Garage,Temp & Humidity Sensor,2020/12/21 6:35 PM,49.2,73.0,40.9,47.3,,,29.87,,,,,,,,,,,,,
Garage,Temp & Humidity Sensor,2020/12/21 6:40 PM,49.2,73.0,40.9,47.3,,,29.87,,,,,,,,,,,,,
Garage,Temp & Humidity Sensor,2020/12/21 6:45 PM,49.1,73.0,40.8,47.1,,,29.88,,,,,,,,,,,,,
Garage,Temp & Humidity Sensor,2020/12/21 6:50 PM,49.1,73.0,40.8,47.1,,,29.88,,,,,,,,,,,,,
Garage,Temp & Humidity Sensor,2020/12/21 6:55 PM,48.9,73.0,40.6,46.9,,,29.89,,,,,,,,,,,,,
Garage,Temp & Humidity Sensor,2020/12/21 7:00 PM,48.7,73.0,40.4,46.7,,,29.89,,,,,,,,,,,,,
Garage,Temp & Humidity Sensor,2020/12/21 7:05 PM,48.7,73.0,40.4,46.7,,,29.89,,,,,,,,,,,,,
Garage,Temp & Humidity Sensor,2020/12/21 7:10 PM,48.5,73.0,40.2,46.5,,,29.89,,,,,,,,,,,,,
Garage,Temp & Humidity Sensor,2020/12/21 7:15 PM,48.5,73.0,40.2,46.5,,,29.89,,,,,,,,,,,,,
Garage,Temp & Humidity Sensor,2020/12/21 7:20 PM,48.3,73.0,40.1,46.3,,,29.89,,,,,,,,,,,,,
Garage,Temp & Humidity Sensor,2020/12/21 7:25 PM,48.2,73.0,40.0,46.2,,,29.89,,,,,,,,,,,,,
Garage,Temp & Humidity Sensor,2020/12/21 7:30 PM,48.2,73.0,40.0,46.2,,,29.89,,,,,,,,,,,,,
Garage,Temp & Humidity Sensor,2020/12/21 7:35 PM,48.2,73.0,40.0,46.2,,,29.89,,,,,,,,,,,,,
Garage,Temp & Humidity Sensor,2020/12/21 7:40 PM,48.2,73.0,40.0,46.2,,,29.9,,,,,,,,,,,,,
Garage,Temp & Humidity Sensor,2020/12/21 7:45 PM,48.0,73.0,39.8,45.9,,,29.89,,,,,,,,,,,,,
Garage,Temp & Humidity Sensor,2020/12/21 7:50 PM,48.0,73.0,39.8,45.9,,,29.89,,,,,,,,,,,,,
Garage,Temp & Humidity Sensor,2020/12/21 7:55 PM,47.8,73.0,39.6,45.7,,,29.89,,,,,,,,,,,,,
Garage,Temp & Humidity Sensor,2020/12/21 8:00 PM,47.8,73.0,39.6,45.7,,,29.89,,,,,,,,,,,,,
Garage,Temp & Humidity Sensor,2020/12/21 8:05 PM,47.6,73.0,39.4,45.5,,,29.89,,,,,,,,,,,,,
Garage,Temp & Humidity Sensor,2020/12/21 8:10 PM,47.6,73.0,39.4,45.5,,,29.89,,,,,,,,,,,,,
Garage,Temp & Humidity Sensor,2020/12/21 8:15 PM,47.4,73.0,39.2,45.3,,,29.89,,,,,,,,,,,,,
Garage,Temp & Humidity Sensor,2020/12/21 8:20 PM,47.4,73.0,39.2,45.3,,,29.9,,,,,,,,,,,,,
Garage,Temp & Humidity Sensor,2020/12/21 8:25 PM,47.4,73.0,39.2,45.3,,,29.9,,,,,,,,,,,,,
Garage,Temp & Humidity Sensor,2020/12/21 8:30 PM,47.3,73.0,39.1,45.2,,,29.9,,,,,,,,,,,,,
Garage,Temp & Humidity Sensor,2020/12/21 8:35 PM,47.3,73.0,39.1,45.2,,,29.9,,,,,,,,,,,,,
Garage,Temp & Humidity Sensor,2020/12/21 8:40 PM,47.3,73.0,39.1,45.2,,,29.9,,,,,,,,,,,,,
Garage,Temp & Humidity Sensor,2020/12/21 8:45 PM,47.1,73.0,38.9,44.9,,,29.9,,,,,,,,,,,,,
Garage,Temp & Humidity Sensor,2020/12/21 8:50 PM,47.1,73.0,38.9,44.9,,,29.9,,,,,,,,,,,,,
Garage,Temp & Humidity Sensor,2020/12/21 8:55 PM,47.1,73.0,38.9,44.9,,,29.89,,,,,,,,,,,,,
Garage,Temp & Humidity Sensor,2020/12/21 9:00 PM,47.1,73.0,38.9,44.9,,,29.89,,,,,,,,,,,,,
Garage,Temp & Humidity Sensor,2020/12/21 9:05 PM,46.9,73.0,38.7,44.7,,,29.9,,,,,,,,,,,,,
Garage,Temp & Humidity Sensor,2020/12/21 9:10 PM,46.9,73.0,38.7,44.7,,,29.9,,,,,,,,,,,,,
Garage,Temp & Humidity Sensor,2020/12/21 9:15 PM,46.9,73.0,38.7,44.7,,,29.9,,,,,,,,,,,,,
Garage,Temp & Humidity Sensor,2020/12/21 9:20 PM,46.9,73.0,38.7,44.7,,,29.9,,,,,,,,,,,,,
Garage,Temp & Humidity Sensor,2020/12/21 9:25 PM,46.9,73.0,38.7,44.7,,,29.91,,,,,,,,,,,,,
Garage,Temp & Humidity Sensor,2020/12/21 9:30 PM,46.7,73.0,38.5,44.5,,,29.91,,,,,,,,,,,,,
Garage,Temp & Humidity Sensor,2020/12/21 9:35 PM,46.7,73.0,38.5,44.5,,,29.9,,,,,,,,,,,,,
Garage,Temp & Humidity Sensor,2020/12/21 9:40 PM,46.7,73.0,38.5,44.5,,,29.91,,,,,,,,,,,,,
Garage,Temp & Humidity Sensor,2020/12/21 9:45 PM,46.5,73.0,38.3,44.3,,,29.9,,,,,,,,,,,,,
Garage,Temp & Humidity Sensor,2020/12/21 9:50 PM,46.5,73.0,38.3,44.3,,,29.9,,,,,,,,,,,,,
Garage,Temp & Humidity Sensor,2020/12/21 9:55 PM,46.5,73.0,38.3,44.3,,,29.91,,,,,,,,,,,,,
Garage,Temp & Humidity Sensor,2020/12/21 10:00 PM,46.5,73.0,38.3,44.3,,,29.9,,,,,,,,,,,,,
Garage,Temp & Humidity Sensor,2020/12/21 10:05 PM,46.4,73.0,38.2,44.2,,,29.9,,,,,,,,,,,,,
Garage,Temp & Humidity Sensor,2020/12/21 10:10 PM,46.4,73.0,38.2,44.2,,,29.9,,,,,,,,,,,,,
Garage,Temp & Humidity Sensor,2020/12/21 10:15 PM,46.4,73.0,38.2,44.2,,,29.9,,,,,,,,,,,,,
Garage,Temp & Humidity Sensor,2020/12/21 10:20 PM,46.4,73.0,38.2,44.2,,,29.91,,,,,,,,,,,,,
Garage,Temp & Humidity Sensor,2020/12/21 10:25 PM,46.4,73.0,38.2,44.2,,,29.91,,,,,,,,,,,,,
Garage,Temp & Humidity Sensor,2020/12/21 10:30 PM,46.2,74.0,38.4,44.0,,,29.91,,,,,,,,,,,,,
Garage,Temp & Humidity Sensor,2020/12/21 10:35 PM,46.2,74.0,38.4,44.0,,,29.91,,,,,,,,,,,,,
Garage,Temp & Humidity Sensor,2020/12/21 10:40 PM,46.2,74.0,38.4,44.0,,,29.91,,,,,,,,,,,,,
Garage,Temp & Humidity Sensor,2020/12/21 10:45 PM,46.2,74.0,38.4,44.0,,,29.91,,,,,,,,,,,,,
Garage,Temp & Humidity Sensor,2020/12/21 10:50 PM,46.2,74.0,38.4,44.0,,,29.91,,,,,,,,,,,,,
Garage,Temp & Humidity Sensor,2020/12/21 10:55 PM,46.0,74.0,38.2,43.8,,,29.91,,,,,,,,,,,,,
Garage,Temp & Humidity Sensor,2020/12/21 11:00 PM,46.0,74.0,38.2,43.8,,,29.91,,,,,,,,,,,,,
Garage,Temp & Humidity Sensor,2020/12/21 11:05 PM,46.0,74.0,38.2,43.8,,,29.91,,,,,,,,,,,,,
Garage,Temp & Humidity Sensor,2020/12/21 11:10 PM,46.0,74.0,38.2,43.8,,,29.91,,,,,,,,,,,,,
Garage,Temp & Humidity Sensor,2020/12/21 11:15 PM,46.0,74.0,38.2,43.8,,,29.92,,,,,,,,,,,,,
Garage,Temp & Humidity Sensor,2020/12/21 11:20 PM,46.0,74.0,38.2,43.8,,,29.92,,,,,,,,,,,,,
Garage,Temp & Humidity Sensor,2020/12/21 11:25 PM,46.0,74.0,38.2,43.8,,,29.92,,,,,,,,,,,,,
Garage,Temp & Humidity Sensor,2020/12/21 11:30 PM,45.8,74.0,38.0,43.6,,,29.92,,,,,,,,,,,,,
Garage,Temp & Humidity Sensor,2020/12/21 11:35 PM,45.8,74.0,38.0,43.6,,,29.92,,,,,,,,,,,,,
Garage,Temp & Humidity Sensor,2020/12/21 11:40 PM,45.8,74.0,38.0,43.6,,,29.92,,,,,,,,,,,,,
Garage,Temp & Humidity Sensor,2020/12/21 11:45 PM,45.8,74.0,38.0,43.6,,,29.93,,,,,,,,,,,,,
Garage,Temp & Humidity Sensor,2020/12/21 11:50 PM,45.8,74.0,38.0,43.6,,,29.93,,,,,,,,,,,,,
Garage,Temp & Humidity Sensor,2020/12/21 11:55 PM,45.8,74.0,38.0,43.6,,,29.93,,,,,,,,,,,,,
Garage,Temp & Humidity Sensor,2020/12/22 12:00 AM,45.8,74.0,38.0,43.6,,,29.93,,,,,,,,,,,,,
Garage,Temp & Humidity Sensor,2020/12/22 12:05 AM,45.8,74.0,38.0,43.6,,,29.94,,,,,,,,,,,,,
Garage,Temp & Humidity Sensor,2020/12/22 12:10 AM,45.6,74.0,37.8,43.3,,,29.93,,,,,,,,,,,,,
Garage,Temp & Humidity Sensor,2020/12/22 12:15 AM,45.6,74.0,37.8,43.3,,,29.94,,,,,,,,,,,,,
Garage,Temp & Humidity Sensor,2020/12/22 12:20 AM,45.6,74.0,37.8,43.3,,,29.94,,,,,,,,,,,,,
Garage,Temp & Humidity Sensor,2020/12/22 12:25 AM,45.6,74.0,37.8,43.3,,,29.94,,,,,,,,,,,,,
Garage,Temp & Humidity Sensor,2020/12/22 12:30 AM,45.6,74.0,37.8,43.3,,,29.94,,,,,,,,,,,,,
Garage,Temp & Humidity Sensor,2020/12/22 12:35 AM,45.5,74.0,37.7,43.2,,,29.94,,,,,,,,,,,,,
Garage,Temp & Humidity Sensor,2020/12/22 12:40 AM,45.5,74.0,37.7,43.2,,,29.94,,,,,,,,,,,,,
Garage,Temp & Humidity Sensor,2020/12/22 12:45 AM,45.5,74.0,37.7,43.2,,,29.95,,,,,,,,,,,,,
Garage,Temp & Humidity Sensor,2020/12/22 12:50 AM,45.5,74.0,37.7,43.2,,,29.95,,,,,,,,,,,,,
Garage,Temp & Humidity Sensor,2020/12/22 12:55 AM,45.5,74.0,37.7,43.2,,,29.95,,,,,,,,,,,,,
Garage,Temp & Humidity Sensor,2020/12/22 1:00 AM,45.3,74.0,37.5,43.0,,,29.95,,,,,,,,,,,,,
Garage,Temp & Humidity Sensor,2020/12/22 1:05 AM,45.3,74.0,37.5,43.0,,,29.95,,,,,,,,,,,,,
Garage,Temp & Humidity Sensor,2020/12/22 1:10 AM,45.3,74.0,37.5,43.0,,,29.95,,,,,,,,,,,,,
Garage,Temp & Humidity Sensor,2020/12/22 1:15 AM,45.3,74.0,37.5,43.0,,,29.95,,,,,,,,,,,,,
Garage,Temp & Humidity Sensor,2020/12/22 1:20 AM,45.1,74.0,37.3,42.8,,,29.96,,,,,,,,,,,,,
Garage,Temp & Humidity Sensor,2020/12/22 1:25 AM,45.1,74.0,37.3,42.8,,,29.96,,,,,,,,,,,,,
Garage,Temp & Humidity Sensor,2020/12/22 1:30 AM,45.1,74.0,37.3,42.8,,,29.96,,,,,,,,,,,,,
Garage,Temp & Humidity Sensor,2020/12/22 1:35 AM,45.1,74.0,37.3,42.8,,,29.96,,,,,,,,,,,,,
Garage,Temp & Humidity Sensor,2020/12/22 1:40 AM,44.9,74.0,37.1,42.6,,,29.96,,,,,,,,,,,,,
Garage,Temp & Humidity Sensor,2020/12/22 1:45 AM,44.9,74.0,37.1,42.6,,,29.97,,,,,,,,,,,,,
Garage,Temp & Humidity Sensor,2020/12/22 1:50 AM,44.9,74.0,37.1,42.6,,,29.97,,,,,,,,,,,,,
Garage,Temp & Humidity Sensor,2020/12/22 1:55 AM,44.9,74.0,37.1,42.6,,,29.97,,,,,,,,,,,,,
Garage,Temp & Humidity Sensor,2020/12/22 2:00 AM,44.7,74.0,36.9,42.3,,,29.97,,,,,,,,,,,,,
Garage,Temp & Humidity Sensor,2020/12/22 2:05 AM,44.7,74.0,36.9,42.3,,,29.97,,,,,,,,,,,,,
Garage,Temp & Humidity Sensor,2020/12/22 2:10 AM,44.7,74.0,36.9,42.3,,,29.97,,,,,,,,,,,,,
Garage,Temp & Humidity Sensor,2020/12/22 2:15 AM,44.7,74.0,36.9,42.3,,,29.97,,,,,,,,,,,,,
Garage,Temp & Humidity Sensor,2020/12/22 2:20 AM,44.6,74.0,36.8,42.2,,,29.97,,,,,,,,,,,,,
Garage,Temp & Humidity Sensor,2020/12/22 2:25 AM,44.6,74.0,36.8,42.2,,,29.97,,,,,,,,,,,,,
Garage,Temp & Humidity Sensor,2020/12/22 2:30 AM,44.6,74.0,36.8,42.2,,,29.97,,,,,,,,,,,,,
Garage,Temp & Humidity Sensor,2020/12/22 2:35 AM,44.6,74.0,36.8,42.2,,,29.97,,,,,,,,,,,,,
Garage,Temp & Humidity Sensor,2020/12/22 2:40 AM,44.6,74.0,36.8,42.2,,,29.97,,,,,,,,,,,,,
Garage,Temp & Humidity Sensor,2020/12/22 2:45 AM,44.6,74.0,36.8,42.2,,,29.97,,,,,,,,,,,,,
Garage,Temp & Humidity Sensor,2020/12/22 2:50 AM,44.6,74.0,36.8,42.2,,,29.97,,,,,,,,,,,,,
Garage,Temp & Humidity Sensor,2020/12/22 2:55 AM,44.6,74.0,36.8,42.2,,,29.97,,,,,,,,,,,,,
Garage,Temp & Humidity Sensor,2020/12/22 3:00 AM,44.6,74.0,36.8,42.2,,,29.97,,,,,,,,,,,,,
Garage,Temp & Humidity Sensor,2020/12/22 3:05 AM,44.4,74.0,36.6,42.0,,,29.97,,,,,,,,,,,,,
Garage,Temp & Humidity Sensor,2020/12/22 3:10 AM,44.4,74.0,36.6,42.0,,,29.97,,,,,,,,,,,,,
Garage,Temp & Humidity Sensor,2020/12/22 3:15 AM,44.4,74.0,36.6,42.0,,,29.97,,,,,,,,,,,,,
Garage,Temp & Humidity Sensor,2020/12/22 3:20 AM,44.4,74.0,36.6,42.0,,,29.97,,,,,,,,,,,,,
Garage,Temp & Humidity Sensor,2020/12/22 3:25 AM,44.2,74.0,36.4,41.8,,,29.97,,,,,,,,,,,,,
Garage,Temp & Humidity Sensor,2020/12/22 3:30 AM,44.2,74.0,36.4,41.8,,,29.97,,,,,,,,,,,,,
Garage,Temp & Humidity Sensor,2020/12/22 3:35 AM,44.2,74.0,36.4,41.8,,,29.97,,,,,,,,,,,,,
Garage,Temp & Humidity Sensor,2020/12/22 3:40 AM,44.2,74.0,36.4,41.8,,,29.97,,,,,,,,,,,,,
Garage,Temp & Humidity Sensor,2020/12/22 3:45 AM,44.0,74.0,36.3,41.6,,,29.97,,,,,,,,,,,,,
Garage,Temp & Humidity Sensor,2020/12/22 3:50 AM,44.0,74.0,36.3,41.6,,,29.97,,,,,,,,,,,,,
Garage,Temp & Humidity Sensor,2020/12/22 3:55 AM,43.8,74.0,36.1,41.4,,,29.97,,,,,,,,,,,,,
Garage,Temp & Humidity Sensor,2020/12/22 4:00 AM,43.8,74.0,36.1,41.4,,,29.97,,,,,,,,,,,,,
Garage,Temp & Humidity Sensor,2020/12/22 4:05 AM,43.8,74.0,36.1,41.4,,,29.97,,,,,,,,,,,,,
Garage,Temp & Humidity Sensor,2020/12/22 4:10 AM,43.8,74.0,36.1,41.4,,,29.97,,,,,,,,,,,,,
Garage,Temp & Humidity Sensor,2020/12/22 4:15 AM,43.7,74.0,36.0,41.2,,,29.97,,,,,,,,,,,,,
Garage,Temp & Humidity Sensor,2020/12/22 4:20 AM,43.7,74.0,36.0,41.2,,,29.97,,,,,,,,,,,,,
Garage,Temp & Humidity Sensor,2020/12/22 4:25 AM,43.7,74.0,36.0,41.2,,,29.97,,,,,,,,,,,,,
Garage,Temp & Humidity Sensor,2020/12/22 4:30 AM,43.5,74.0,35.8,41.0,,,29.97,,,,,,,,,,,,,
Garage,Temp & Humidity Sensor,2020/12/22 4:35 AM,43.5,74.0,35.8,41.0,,,29.97,,,,,,,,,,,,,
Garage,Temp & Humidity Sensor,2020/12/22 4:40 AM,43.5,74.0,35.8,41.0,,,29.97,,,,,,,,,,,,,
Garage,Temp & Humidity Sensor,2020/12/22 4:45 AM,43.5,74.0,35.8,41.0,,,29.97,,,,,,,,,,,,,
Garage,Temp & Humidity Sensor,2020/12/22 4:50 AM,43.3,74.0,35.6,40.8,,,29.97,,,,,,,,,,,,,
Garage,Temp & Humidity Sensor,2020/12/22 4:55 AM,43.3,74.0,35.6,40.8,,,29.97,,,,,,,,,,,,,
Garage,Temp & Humidity Sensor,2020/12/22 5:00 AM,43.3,74.0,35.6,40.8,,,29.97,,,,,,,,,,,,,
Garage,Temp & Humidity Sensor,2020/12/22 5:05 AM,43.1,74.0,35.4,40.6,,,29.97,,,,,,,,,,,,,
Garage,Temp & Humidity Sensor,2020/12/22 5:10 AM,43.1,74.0,35.4,40.6,,,29.98,,,,,,,,,,,,,
Garage,Temp & Humidity Sensor,2020/12/22 5:15 AM,43.1,74.0,35.4,40.6,,,29.98,,,,,,,,,,,,,
Garage,Temp & Humidity Sensor,2020/12/22 5:20 AM,42.9,74.0,35.2,40.4,,,29.98,,,,,,,,,,,,,
Garage,Temp & Humidity Sensor,2020/12/22 5:25 AM,42.9,74.0,35.2,40.4,,,29.98,,,,,,,,,,,,,
Garage,Temp & Humidity Sensor,2020/12/22 5:30 AM,42.9,74.0,35.2,40.4,,,29.98,,,,,,,,,,,,,
Garage,Temp & Humidity Sensor,2020/12/22 5:35 AM,42.8,74.0,35.1,40.3,,,29.98,,,,,,,,,,,,,
Garage,Temp & Humidity Sensor,2020/12/22 5:40 AM,42.8,74.0,35.1,40.3,,,29.99,,,,,,,,,,,,,
Garage,Temp & Humidity Sensor,2020/12/22 5:45 AM,42.8,74.0,35.1,40.3,,,29.99,,,,,,,,,,,,,
Garage,Temp & Humidity Sensor,2020/12/22 5:50 AM,42.8,74.0,35.1,40.3,,,29.99,,,,,,,,,,,,,
Garage,Temp & Humidity Sensor,2020/12/22 5:55 AM,42.8,74.0,35.1,40.3,,,29.98,,,,,,,,,,,,,
Garage,Temp & Humidity Sensor,2020/12/22 6:00 AM,42.8,74.0,35.1,40.3,,,29.99,,,,,,,,,,,,,
Garage,Temp & Humidity Sensor,2020/12/22 6:05 AM,42.6,74.0,34.9,40.0,,,29.99,,,,,,,,,,,,,
Garage,Temp & Humidity Sensor,2020/12/22 6:10 AM,42.6,74.0,34.9,40.0,,,30.0,,,,,,,,,,,,,
Garage,Temp & Humidity Sensor,2020/12/22 6:15 AM,42.6,74.0,34.9,40.0,,,30.0,,,,,,,,,,,,,
Garage,Temp & Humidity Sensor,2020/12/22 6:20 AM,42.6,74.0,34.9,40.0,,,30.0,,,,,,,,,,,,,
Garage,Temp & Humidity Sensor,2020/12/22 6:25 AM,42.4,74.0,34.7,39.8,,,30.0,,,,,,,,,,,,,
Garage,Temp & Humidity Sensor,2020/12/22 6:30 AM,42.4,74.0,34.7,39.8,,,30.01,,,,,,,,,,,,,
Garage,Temp & Humidity Sensor,2020/12/22 6:35 AM,42.4,74.0,34.7,39.8,,,30.01,,,,,,,,,,,,,
Garage,Temp & Humidity Sensor,2020/12/22 6:40 AM,42.4,74.0,34.7,39.8,,,30.02,,,,,,,,,,,,,
Garage,Temp & Humidity Sensor,2020/12/22 6:45 AM,42.4,74.0,34.7,39.8,,,30.02,,,,,,,,,,,,,
Garage,Temp & Humidity Sensor,2020/12/22 6:50 AM,42.2,74.0,34.5,39.6,,,30.02,,,,,,,,,,,,,
Garage,Temp & Humidity Sensor,2020/12/22 6:55 AM,42.2,74.0,34.5,39.6,,,30.02,,,,,,,,,,,,,
Garage,Temp & Humidity Sensor,2020/12/22 7:00 AM,42.2,74.0,34.5,39.6,,,30.02,,,,,,,,,,,,,
Garage,Temp & Humidity Sensor,2020/12/22 7:05 AM,42.2,74.0,34.5,39.6,,,30.02,,,,,,,,,,,,,
Garage,Temp & Humidity Sensor,2020/12/22 7:10 AM,42.0,74.0,34.3,39.4,,,30.03,,,,,,,,,,,,,
Garage,Temp & Humidity Sensor,2020/12/22 7:15 AM,42.0,74.0,34.3,39.4,,,30.03,,,,,,,,,,,,,
Garage,Temp & Humidity Sensor,2020/12/22 7:20 AM,42.0,74.0,34.3,39.4,,,30.03,,,,,,,,,,,,,
Garage,Temp & Humidity Sensor,2020/12/22 7:25 AM,42.0,74.0,34.3,39.4,,,30.03,,,,,,,,,,,,,
Garage,Temp & Humidity Sensor,2020/12/22 7:30 AM,42.0,74.0,34.3,39.4,,,30.03,,,,,,,,,,,,,
Garage,Temp & Humidity Sensor,2020/12/22 7:35 AM,41.9,74.0,34.2,39.3,,,30.03,,,,,,,,,,,,,
Garage,Temp & Humidity Sensor,2020/12/22 7:40 AM,41.9,74.0,34.2,39.3,,,30.04,,,,,,,,,,,,,
Garage,Temp & Humidity Sensor,2020/12/22 7:45 AM,41.9,74.0,34.2,39.3,,,30.04,,,,,,,,,,,,,
Garage,Temp & Humidity Sensor,2020/12/22 7:50 AM,41.9,74.0,34.2,39.3,,,30.04,,,,,,,,,,,,,
Garage,Temp & Humidity Sensor,2020/12/22 7:55 AM,41.7,74.0,34.0,39.0,,,30.05,,,,,,,,,,,,,
Garage,Temp & Humidity Sensor,2020/12/22 8:00 AM,41.7,74.0,34.0,39.0,,,30.05,,,,,,,,,,,,,
Garage,Temp & Humidity Sensor,2020/12/22 8:05 AM,41.7,74.0,34.0,39.0,,,30.05,,,,,,,,,,,,,
Garage,Temp & Humidity Sensor,2020/12/22 8:10 AM,41.7,74.0,34.0,39.0,,,30.06,,,,,,,,,,,,,
Garage,Temp & Humidity Sensor,2020/12/22 8:15 AM,41.7,74.0,34.0,39.0,,,30.06,,,,,,,,,,,,,
Garage,Temp & Humidity Sensor,2020/12/22 8:20 AM,41.7,74.0,34.0,39.0,,,30.06,,,,,,,,,,,,,
Garage,Temp & Humidity Sensor,2020/12/22 8:25 AM,41.5,74.0,33.8,38.8,,,30.07,,,,,,,,,,,,,
Garage,Temp & Humidity Sensor,2020/12/22 8:30 AM,41.5,74.0,33.8,38.8,,,30.07,,,,,,,,,,,,,
Garage,Temp & Humidity Sensor,2020/12/22 8:35 AM,41.5,74.0,33.8,38.8,,,30.07,,,,,,,,,,,,,
Garage,Temp & Humidity Sensor,2020/12/22 8:40 AM,41.5,74.0,33.8,38.8,,,30.08,,,,,,,,,,,,,
Garage,Temp & Humidity Sensor,2020/12/22 8:45 AM,41.5,74.0,33.8,38.8,,,30.08,,,,,,,,,,,,,
Garage,Temp & Humidity Sensor,2020/12/22 8:50 AM,41.5,74.0,33.8,38.8,,,30.08,,,,,,,,,,,,,
Garage,Temp & Humidity Sensor,2020/12/22 8:55 AM,41.5,74.0,33.8,38.8,,,30.08,,,,,,,,,,,,,
Garage,Temp & Humidity Sensor,2020/12/22 9:00 AM,41.5,74.0,33.8,38.8,,,30.09,,,,,,,,,,,,,
Garage,Temp & Humidity Sensor,2020/12/22 9:05 AM,41.5,74.0,33.8,38.8,,,30.09,,,,,,,,,,,,,
Garage,Temp & Humidity Sensor,2020/12/22 9:10 AM,41.5,74.0,33.8,38.8,,,30.09,,,,,,,,,,,,,
Garage,Temp & Humidity Sensor,2020/12/22 9:15 AM,41.7,74.0,34.0,39.0,,,30.1,,,,,,,,,,,,,
Garage,Temp & Humidity Sensor,2020/12/22 9:20 AM,41.7,74.0,34.0,39.0,,,30.1,,,,,,,,,,,,,
Garage,Temp & Humidity Sensor,2020/12/22 9:25 AM,41.7,74.0,34.0,39.0,,,30.1,,,,,,,,,,,,,
Garage,Temp & Humidity Sensor,2020/12/22 9:30 AM,41.7,74.0,34.0,39.0,,,30.11,,,,,,,,,,,,,
Garage,Temp & Humidity Sensor,2020/12/22 9:35 AM,41.9,74.0,34.2,39.3,,,30.11,,,,,,,,,,,,,
Garage,Temp & Humidity Sensor,2020/12/22 9:40 AM,41.9,74.0,34.2,39.3,,,30.11,,,,,,,,,,,,,
Garage,Temp & Humidity Sensor,2020/12/22 9:45 AM,41.9,74.0,34.2,39.3,,,30.11,,,,,,,,,,,,,
Garage,Temp & Humidity Sensor,2020/12/22 9:50 AM,42.0,74.0,34.3,39.4,,,30.11,,,,,,,,,,,,,
Garage,Temp & Humidity Sensor,2020/12/22 9:55 AM,42.0,74.0,34.3,39.4,,,30.12,,,,,,,,,,,,,
Garage,Temp & Humidity Sensor,2020/12/22 10:00 AM,42.2,74.0,34.5,39.6,,,30.12,,,,,,,,,,,,,
Garage,Temp & Humidity Sensor,2020/12/22 10:05 AM,42.2,74.0,34.5,39.6,,,30.12,,,,,,,,,,,,,
Garage,Temp & Humidity Sensor,2020/12/22 10:10 AM,42.4,74.0,34.7,39.8,,,30.13,,,,,,,,,,,,,
Garage,Temp & Humidity Sensor,2020/12/22 10:15 AM,42.4,74.0,34.7,39.8,,,30.12,,,,,,,,,,,,,
Garage,Temp & Humidity Sensor,2020/12/22 10:20 AM,42.6,74.0,34.9,40.0,,,30.13,,,,,,,,,,,,,
Garage,Temp & Humidity Sensor,2020/12/22 10:25 AM,42.8,74.0,35.1,40.3,,,30.13,,,,,,,,,,,,,
Garage,Temp & Humidity Sensor,2020/12/22 10:30 AM,42.8,74.0,35.1,40.3,,,30.13,,,,,,,,,,,,,
Garage,Temp & Humidity Sensor,2020/12/22 10:35 AM,42.8,74.0,35.1,40.3,,,30.13,,,,,,,,,,,,,
Garage,Temp & Humidity Sensor,2020/12/22 10:40 AM,43.1,74.0,35.4,40.6,,,30.14,,,,,,,,,,,,,
Garage,Temp & Humidity Sensor,2020/12/22 10:45 AM,43.1,74.0,35.4,40.6,,,30.13,,,,,,,,,,,,,
Garage,Temp & Humidity Sensor,2020/12/22 10:50 AM,43.3,74.0,35.6,40.8,,,30.14,,,,,,,,,,,,,
Garage,Temp & Humidity Sensor,2020/12/22 10:55 AM,43.5,74.0,35.8,41.0,,,30.15,,,,,,,,,,,,,
Garage,Temp & Humidity Sensor,2020/12/22 11:00 AM,43.7,74.0,36.0,41.2,,,30.15,,,,,,,,,,,,,
Garage,Temp & Humidity Sensor,2020/12/22 11:05 AM,43.7,74.0,36.0,41.2,,,30.15,,,,,,,,,,,,,
Garage,Temp & Humidity Sensor,2020/12/22 11:10 AM,43.8,74.0,36.1,41.4,,,30.15,,,,,,,,,,,,,
Garage,Temp & Humidity Sensor,2020/12/22 11:15 AM,44.0,74.0,36.3,41.6,,,30.15,,,,,,,,,,,,,
Garage,Temp & Humidity Sensor,2020/12/22 11:20 AM,44.2,74.0,36.4,41.8,,,30.15,,,,,,,,,,,,,
Garage,Temp & Humidity Sensor,2020/12/22 11:25 AM,44.4,74.0,36.6,42.0,,,30.15,,,,,,,,,,,,,
Garage,Temp & Humidity Sensor,2020/12/22 11:30 AM,44.6,73.0,36.5,42.2,,,30.14,,,,,,,,,,,,,
Garage,Temp & Humidity Sensor,2020/12/22 11:35 AM,44.6,73.0,36.5,42.2,,,30.15,,,,,,,,,,,,,
Garage,Temp & Humidity Sensor,2020/12/22 11:40 AM,44.6,73.0,36.5,42.2,,,30.15,,,,,,,,,,,,,
Garage,Temp & Humidity Sensor,2020/12/22 11:45 AM,44.7,73.0,36.6,42.3,,,30.15,,,,,,,,,,,,,
Garage,Temp & Humidity Sensor,2020/12/22 11:50 AM,44.9,73.0,36.8,42.5,,,30.15,,,,,,,,,,,,,
Garage,Temp & Humidity Sensor,2020/12/22 11:55 AM,45.1,73.0,37.0,42.7,,,30.15,,,,,,,,,,,,,
Garage,Temp & Humidity Sensor,2020/12/22 12:00 PM,45.1,73.0,37.0,42.7,,,30.15,,,,,,,,,,,,,
Garage,Temp & Humidity Sensor,2020/12/22 12:05 PM,45.3,73.0,37.2,43.0,,,30.15,,,,,,,,,,,,,
Garage,Temp & Humidity Sensor,2020/12/22 12:10 PM,45.5,73.0,37.4,43.2,,,30.15,,,,,,,,,,,,,
Garage,Temp & Humidity Sensor,2020/12/22 12:15 PM,45.6,73.0,37.5,43.3,,,30.15,,,,,,,,,,,,,
Garage,Temp & Humidity Sensor,2020/12/22 12:20 PM,45.8,73.0,37.6,43.5,,,30.15,,,,,,,,,,,,,
Garage,Temp & Humidity Sensor,2020/12/22 12:25 PM,45.8,73.0,37.6,43.5,,,30.15,,,,,,,,,,,,,
Garage,Temp & Humidity Sensor,2020/12/22 12:30 PM,46.0,73.0,37.8,43.7,,,30.16,,,,,,,,,,,,,
Garage,Temp & Humidity Sensor,2020/12/22 12:35 PM,46.2,73.0,38.0,44.0,,,30.16,,,,,,,,,,,,,
Garage,Temp & Humidity Sensor,2020/12/22 12:40 PM,46.4,72.0,37.9,44.1,,,30.16,,,,,,,,,,,,,
Garage,Temp & Humidity Sensor,2020/12/22 12:45 PM,46.5,72.0,38.0,44.2,,,30.16,,,,,,,,,,,,,
Garage,Temp & Humidity Sensor,2020/12/22 12:50 PM,46.5,72.0,38.0,44.2,,,30.16,,,,,,,,,,,,,
Garage,Temp & Humidity Sensor,2020/12/22 12:55 PM,46.7,72.0,38.2,44.5,,,30.16,,,,,,,,,,,,,
Garage,Temp & Humidity Sensor,2020/12/22 1:00 PM,47.1,72.0,38.5,44.9,,,30.16,,,,,,,,,,,,,
Garage,Temp & Humidity Sensor,2020/12/22 1:05 PM,47.3,72.0,38.7,45.1,,,30.16,,,,,,,,,,,,,
Garage,Temp & Humidity Sensor,2020/12/22 1:10 PM,47.4,72.0,38.8,45.2,,,30.16,,,,,,,,,,,,,
Garage,Temp & Humidity Sensor,2020/12/22 1:15 PM,47.8,72.0,39.2,45.7,,,30.17,,,,,,,,,,,,,
Garage,Temp & Humidity Sensor,2020/12/22 1:20 PM,48.0,72.0,39.4,45.9,,,30.16,,,,,,,,,,,,,
Garage,Temp & Humidity Sensor,2020/12/22 1:25 PM,48.2,71.0,39.2,46.1,,,30.16,,,,,,,,,,,,,
Garage,Temp & Humidity Sensor,2020/12/22 1:30 PM,48.2,71.0,39.2,46.1,,,30.16,,,,,,,,,,,,,
Garage,Temp & Humidity Sensor,2020/12/22 1:35 PM,48.5,71.0,39.5,46.4,,,30.16,,,,,,,,,,,,,
Garage,Temp & Humidity Sensor,2020/12/22 1:40 PM,48.7,71.0,39.7,46.6,,,30.16,,,,,,,,,,,,,
Garage,Temp & Humidity Sensor,2020/12/22 1:45 PM,48.7,71.0,39.7,46.6,,,30.16,,,,,,,,,,,,,
Garage,Temp & Humidity Sensor,2020/12/22 1:50 PM,48.9,71.0,39.9,46.8,,,30.17,,,,,,,,,,,,,
Garage,Temp & Humidity Sensor,2020/12/22 1:55 PM,48.9,71.0,39.9,46.8,,,30.16,,,,,,,,,,,,,
Garage,Temp & Humidity Sensor,2020/12/22 2:00 PM,49.1,71.0,40.1,47.0,,,30.16,,,,,,,,,,,,,
Garage,Temp & Humidity Sensor,2020/12/22 2:05 PM,49.1,71.0,40.1,47.0,,,30.17,,,,,,,,,,,,,
Garage,Temp & Humidity Sensor,2020/12/22 2:10 PM,49.2,71.0,40.2,47.2,,,30.17,,,,,,,,,,,,,
Garage,Temp & Humidity Sensor,2020/12/22 2:15 PM,49.2,71.0,40.2,47.2,,,30.17,,,,,,,,,,,,,
Garage,Temp & Humidity Sensor,2020/12/22 2:20 PM,49.2,71.0,40.2,47.2,,,30.17,,,,,,,,,,,,,
Garage,Temp & Humidity Sensor,2020/12/22 2:25 PM,49.4,71.0,40.4,47.4,,,30.17,,,,,,,,,,,,,
Garage,Temp & Humidity Sensor,2020/12/22 2:30 PM,49.4,71.0,40.4,47.4,,,30.17,,,,,,,,,,,,,
Garage,Temp & Humidity Sensor,2020/12/22 2:35 PM,49.4,71.0,40.4,47.4,,,30.17,,,,,,,,,,,,,
Garage,Temp & Humidity Sensor,2020/12/22 2:40 PM,49.4,71.0,40.4,47.4,,,30.17,,,,,,,,,,,,,
Garage,Temp & Humidity Sensor,2020/12/22 2:45 PM,49.4,71.0,40.4,47.4,,,30.18,,,,,,,,,,,,,
Garage,Temp & Humidity Sensor,2020/12/22 2:50 PM,49.6,71.0,40.6,47.6,,,30.18,,,,,,,,,,,,,
Garage,Temp & Humidity Sensor,2020/12/22 2:55 PM,49.6,71.0,40.6,47.6,,,30.18,,,,,,,,,,,,,
Garage,Temp & Humidity Sensor,2020/12/22 3:00 PM,49.6,71.0,40.6,47.6,,,30.19,,,,,,,,,,,,,
Garage,Temp & Humidity Sensor,2020/12/22 3:05 PM,49.6,71.0,40.6,47.6,,,30.18,,,,,,,,,,,,,
Garage,Temp & Humidity Sensor,2020/12/22 3:10 PM,49.6,71.0,40.6,47.6,,,30.18,,,,,,,,,,,,,
Garage,Temp & Humidity Sensor,2020/12/22 3:15 PM,49.8,71.0,40.8,47.8,,,30.19,,,,,,,,,,,,,
Garage,Temp & Humidity Sensor,2020/12/22 3:20 PM,49.8,71.0,40.8,47.8,,,30.19,,,,,,,,,,,,,
Garage,Temp & Humidity Sensor,2020/12/22 3:25 PM,49.8,71.0,40.8,47.8,,,30.19,,,,,,,,,,,,,
Garage,Temp & Humidity Sensor,2020/12/22 3:30 PM,50.0,70.0,40.6,48.0,,,30.19,,,,,,,,,,,,,
Garage,Temp & Humidity Sensor,2020/12/22 3:35 PM,50.0,70.0,40.6,48.0,,,30.19,,,,,,,,,,,,,
Garage,Temp & Humidity Sensor,2020/12/22 3:40 PM,50.0,69.0,40.2,47.9,,,30.2,,,,,,,,,,,,,
Garage,Temp & Humidity Sensor,2020/12/22 3:45 PM,50.0,69.0,40.2,47.9,,,30.2,,,,,,,,,,,,,
Garage,Temp & Humidity Sensor,2020/12/22 3:50 PM,50.1,69.0,40.3,48.1,,,30.2,,,,,,,,,,,,,
Garage,Temp & Humidity Sensor,2020/12/22 3:55 PM,50.1,68.0,40.0,48.0,,,30.21,,,,,,,,,,,,,
Garage,Temp & Humidity Sensor,2020/12/22 4:00 PM,50.1,68.0,40.0,48.0,,,30.21,,,,,,,,,,,,,
Garage,Temp & Humidity Sensor,2020/12/22 4:05 PM,50.1,68.0,40.0,48.0,,,30.21,,,,,,,,,,,,,
Garage,Temp & Humidity Sensor,2020/12/22 4:10 PM,50.1,67.0,39.6,48.0,,,30.21,,,,,,,,,,,,,
Garage,Temp & Humidity Sensor,2020/12/22 4:15 PM,50.3,67.0,39.8,48.2,,,30.21,,,,,,,,,,,,,
Garage,Temp & Humidity Sensor,2020/12/22 4:20 PM,50.1,66.0,39.2,47.9,,,30.21,,,,,,,,,,,,,
Garage,Temp & Humidity Sensor,2020/12/22 4:25 PM,50.1,66.0,39.2,47.9,,,30.22,,,,,,,,,,,,,
Garage,Temp & Humidity Sensor,2020/12/22 4:30 PM,50.1,66.0,39.2,47.9,,,30.22,,,,,,,,,,,,,
Garage,Temp & Humidity Sensor,2020/12/22 4:35 PM,50.0,66.0,39.1,47.8,,,30.22,,,,,,,,,,,,,
Garage,Temp & Humidity Sensor,2020/12/22 4:40 PM,50.0,66.0,39.1,47.8,,,30.21,,,,,,,,,,,,,
Garage,Temp & Humidity Sensor,2020/12/22 4:45 PM,49.8,66.0,38.9,47.6,,,30.22,,,,,,,,,,,,,
Garage,Temp & Humidity Sensor,2020/12/22 4:50 PM,49.8,66.0,38.9,47.6,,,30.23,,,,,,,,,,,,,
Garage,Temp & Humidity Sensor,2020/12/22 4:55 PM,49.6,66.0,38.7,47.4,,,30.23,,,,,,,,,,,,,
Garage,Temp & Humidity Sensor,2020/12/22 5:00 PM,49.4,66.0,38.5,47.1,,,30.23,,,,,,,,,,,,,
Garage,Temp & Humidity Sensor,2020/12/22 5:05 PM,49.2,66.0,38.3,46.9,,,30.22,,,,,,,,,,,,,
Garage,Temp & Humidity Sensor,2020/12/22 5:10 PM,49.1,66.0,38.2,46.8,,,30.22,,,,,,,,,,,,,
Garage,Temp & Humidity Sensor,2020/12/22 5:15 PM,48.9,66.0,38.0,46.6,,,30.23,,,,,,,,,,,,,
Garage,Temp & Humidity Sensor,2020/12/22 5:20 PM,48.7,66.0,37.9,46.4,,,30.23,,,,,,,,,,,,,
Garage,Temp & Humidity Sensor,2020/12/22 5:25 PM,48.5,66.0,37.7,46.2,,,30.24,,,,,,,,,,,,,
Garage,Temp & Humidity Sensor,2020/12/22 5:30 PM,48.2,65.0,37.0,45.8,,,30.23,,,,,,,,,,,,,
Garage,Temp & Humidity Sensor,2020/12/22 5:35 PM,48.2,65.0,37.0,45.8,,,30.23,,,,,,,,,,,,,
Garage,Temp & Humidity Sensor,2020/12/22 5:40 PM,48.0,66.0,37.2,45.6,,,30.24,,,,,,,,,,,,,
Garage,Temp & Humidity Sensor,2020/12/22 5:45 PM,48.0,66.0,37.2,45.6,,,30.25,,,,,,,,,,,,,
Garage,Temp & Humidity Sensor,2020/12/22 5:50 PM,48.0,66.0,37.2,45.6,,,30.25,,,,,,,,,,,,,
Garage,Temp & Humidity Sensor,2020/12/22 5:55 PM,48.0,66.0,37.2,45.6,,,30.24,,,,,,,,,,,,,
Garage,Temp & Humidity Sensor,2020/12/22 6:00 PM,47.8,66.0,37.0,45.4,,,30.24,,,,,,,,,,,,,
Garage,Temp & Humidity Sensor,2020/12/22 6:05 PM,47.8,66.0,37.0,45.4,,,30.25,,,,,,,,,,,,,
Garage,Temp & Humidity Sensor,2020/12/22 6:10 PM,47.6,66.0,36.8,45.2,,,30.25,,,,,,,,,,,,,
Garage,Temp & Humidity Sensor,2020/12/22 6:15 PM,47.6,66.0,36.8,45.2,,,30.26,,,,,,,,,,,,,
Garage,Temp & Humidity Sensor,2020/12/22 6:20 PM,47.4,66.0,36.6,44.9,,,30.26,,,,,,,,,,,,,
Garage,Temp & Humidity Sensor,2020/12/22 6:25 PM,47.4,66.0,36.6,44.9,,,30.25,,,,,,,,,,,,,
Garage,Temp & Humidity Sensor,2020/12/22 6:30 PM,47.3,66.0,36.5,44.8,,,30.26,,,,,,,,,,,,,
Garage,Temp & Humidity Sensor,2020/12/22 6:35 PM,47.3,66.0,36.5,44.8,,,30.27,,,,,,,,,,,,,
Garage,Temp & Humidity Sensor,2020/12/22 6:40 PM,47.1,66.0,36.3,44.6,,,30.27,,,,,,,,,,,,,
Garage,Temp & Humidity Sensor,2020/12/22 6:45 PM,46.9,66.0,36.1,44.4,,,30.27,,,,,,,,,,,,,
Garage,Temp & Humidity Sensor,2020/12/22 6:50 PM,46.9,66.0,36.1,44.4,,,30.27,,,,,,,,,,,,,
Garage,Temp & Humidity Sensor,2020/12/22 6:55 PM,46.7,66.0,36.0,44.2,,,30.27,,,,,,,,,,,,,
Garage,Temp & Humidity Sensor,2020/12/22 7:00 PM,46.5,67.0,36.1,44.0,,,30.28,,,,,,,,,,,,,
Garage,Temp & Humidity Sensor,2020/12/22 7:05 PM,46.5,67.0,36.1,44.0,,,30.28,,,,,,,,,,,,,
Garage,Temp & Humidity Sensor,2020/12/22 7:10 PM,46.4,67.0,36.0,43.9,,,30.28,,,,,,,,,,,,,
Garage,Temp & Humidity Sensor,2020/12/22 7:15 PM,46.2,67.0,35.9,43.7,,,30.29,,,,,,,,,,,,,
Garage,Temp & Humidity Sensor,2020/12/22 7:20 PM,46.2,67.0,35.9,43.7,,,30.29,,,,,,,,,,,,,
Garage,Temp & Humidity Sensor,2020/12/22 7:25 PM,46.0,67.0,35.7,43.4,,,30.3,,,,,,,,,,,,,
Garage,Temp & Humidity Sensor,2020/12/22 7:30 PM,46.0,67.0,35.7,43.4,,,30.29,,,,,,,,,,,,,
Garage,Temp & Humidity Sensor,2020/12/22 7:35 PM,45.8,67.0,35.5,43.2,,,30.29,,,,,,,,,,,,,
Garage,Temp & Humidity Sensor,2020/12/22 7:40 PM,45.6,67.0,35.3,43.0,,,30.29,,,,,,,,,,,,,
Garage,Temp & Humidity Sensor,2020/12/22 7:45 PM,45.6,67.0,35.3,43.0,,,30.3,,,,,,,,,,,,,
Garage,Temp & Humidity Sensor,2020/12/22 7:50 PM,45.5,67.0,35.2,42.9,,,30.29,,,,,,,,,,,,,
Garage,Temp & Humidity Sensor,2020/12/22 7:55 PM,45.3,67.0,35.0,42.7,,,30.3,,,,,,,,,,,,,
Garage,Temp & Humidity Sensor,2020/12/22 8:00 PM,45.3,67.0,35.0,42.7,,,30.3,,,,,,,,,,,,,
Garage,Temp & Humidity Sensor,2020/12/22 8:05 PM,45.1,67.0,34.8,42.5,,,30.3,,,,,,,,,,,,,
Garage,Temp & Humidity Sensor,2020/12/22 8:10 PM,44.9,67.0,34.6,42.2,,,30.3,,,,,,,,,,,,,
Garage,Temp & Humidity Sensor,2020/12/22 8:15 PM,44.9,67.0,34.6,42.2,,,30.31,,,,,,,,,,,,,
Garage,Temp & Humidity Sensor,2020/12/22 8:20 PM,44.7,67.0,34.4,42.0,,,30.31,,,,,,,,,,,,,
Garage,Temp & Humidity Sensor,2020/12/22 8:25 PM,44.7,67.0,34.4,42.0,,,30.31,,,,,,,,,,,,,
Garage,Temp & Humidity Sensor,2020/12/22 8:30 PM,44.6,67.0,34.3,41.9,,,30.31,,,,,,,,,,,,,
Garage,Temp & Humidity Sensor,2020/12/22 8:35 PM,44.6,67.0,34.3,41.9,,,30.32,,,,,,,,,,,,,
Garage,Temp & Humidity Sensor,2020/12/22 8:40 PM,44.6,67.0,34.3,41.9,,,30.32,,,,,,,,,,,,,
Garage,Temp & Humidity Sensor,2020/12/22 8:45 PM,44.4,68.0,34.5,41.7,,,30.32,,,,,,,,,,,,,
Garage,Temp & Humidity Sensor,2020/12/22 8:50 PM,44.4,68.0,34.5,41.7,,,30.32,,,,,,,,,,,,,
Garage,Temp & Humidity Sensor,2020/12/22 8:55 PM,44.2,68.0,34.3,41.5,,,30.32,,,,,,,,,,,,,
Garage,Temp & Humidity Sensor,2020/12/22 9:00 PM,44.2,68.0,34.3,41.5,,,30.32,,,,,,,,,,,,,
Garage,Temp & Humidity Sensor,2020/12/22 9:05 PM,44.0,68.0,34.1,41.3,,,30.32,,,,,,,,,,,,,
Garage,Temp & Humidity Sensor,2020/12/22 9:10 PM,44.0,68.0,34.1,41.3,,,30.32,,,,,,,,,,,,,
Garage,Temp & Humidity Sensor,2020/12/22 9:15 PM,43.8,68.0,33.9,41.1,,,30.33,,,,,,,,,,,,,
Garage,Temp & Humidity Sensor,2020/12/22 9:20 PM,43.7,68.0,33.8,41.0,,,30.33,,,,,,,,,,,,,
Garage,Temp & Humidity Sensor,2020/12/22 9:25 PM,43.7,68.0,33.8,41.0,,,30.32,,,,,,,,,,,,,
Garage,Temp & Humidity Sensor,2020/12/22 9:30 PM,43.5,68.0,33.7,40.7,,,30.33,,,,,,,,,,,,,
Garage,Temp & Humidity Sensor,2020/12/22 9:35 PM,43.5,68.0,33.7,40.7,,,30.33,,,,,,,,,,,,,
Garage,Temp & Humidity Sensor,2020/12/22 9:40 PM,43.3,68.0,33.5,40.5,,,30.33,,,,,,,,,,,,,
Garage,Temp & Humidity Sensor,2020/12/22 9:45 PM,43.3,68.0,33.5,40.5,,,30.33,,,,,,,,,,,,,
Garage,Temp & Humidity Sensor,2020/12/22 9:50 PM,43.1,68.0,33.3,40.3,,,30.33,,,,,,,,,,,,,
Garage,Temp & Humidity Sensor,2020/12/22 9:55 PM,43.1,68.0,33.3,40.3,,,30.33,,,,,,,,,,,,,
Garage,Temp & Humidity Sensor,2020/12/22 10:00 PM,42.9,68.0,33.1,40.1,,,30.34,,,,,,,,,,,,,
Garage,Temp & Humidity Sensor,2020/12/22 10:05 PM,42.8,68.0,33.0,40.0,,,30.33,,,,,,,,,,,,,
Garage,Temp & Humidity Sensor,2020/12/22 10:10 PM,42.8,68.0,33.0,40.0,,,30.33,,,,,,,,,,,,,
Garage,Temp & Humidity Sensor,2020/12/22 10:15 PM,42.8,68.0,33.0,40.0,,,30.34,,,,,,,,,,,,,
Garage,Temp & Humidity Sensor,2020/12/22 10:20 PM,42.8,68.0,33.0,40.0,,,30.33,,,,,,,,,,,,,
Garage,Temp & Humidity Sensor,2020/12/22 10:25 PM,42.6,69.0,33.2,39.8,,,30.34,,,,,,,,,,,,,
Garage,Temp & Humidity Sensor,2020/12/22 10:30 PM,42.6,68.0,32.8,39.8,,,30.34,,,,,,,,,,,,,
Garage,Temp & Humidity Sensor,2020/12/22 10:35 PM,42.6,68.0,32.8,39.8,,,30.34,,,,,,,,,,,,,
Garage,Temp & Humidity Sensor,2020/12/22 10:40 PM,42.4,68.0,32.6,39.5,,,30.34,,,,,,,,,,,,,
Garage,Temp & Humidity Sensor,2020/12/22 10:45 PM,42.4,68.0,32.6,39.5,,,30.34,,,,,,,,,,,,,
Garage,Temp & Humidity Sensor,2020/12/22 10:50 PM,42.2,68.0,32.4,39.3,,,30.34,,,,,,,,,,,,,
Garage,Temp & Humidity Sensor,2020/12/22 10:55 PM,42.2,68.0,32.4,39.3,,,30.34,,,,,,,,,,,,,
Garage,Temp & Humidity Sensor,2020/12/22 11:00 PM,42.0,68.0,32.2,39.1,,,30.34,,,,,,,,,,,,,
Garage,Temp & Humidity Sensor,2020/12/22 11:05 PM,41.9,68.0,32.1,39.0,,,30.34,,,,,,,,,,,,,
Garage,Temp & Humidity Sensor,2020/12/22 11:10 PM,41.9,68.0,32.1,39.0,,,30.34,,,,,,,,,,,,,
Garage,Temp & Humidity Sensor,2020/12/22 11:15 PM,41.9,68.0,32.1,39.0,,,30.34,,,,,,,,,,,,,
Garage,Temp & Humidity Sensor,2020/12/22 11:20 PM,41.7,68.0,31.9,38.8,,,30.34,,,,,,,,,,,,,
Garage,Temp & Humidity Sensor,2020/12/22 11:25 PM,41.7,68.0,31.9,38.8,,,30.34,,,,,,,,,,,,,
Garage,Temp & Humidity Sensor,2020/12/22 11:30 PM,41.5,68.0,31.7,38.5,,,30.34,,,,,,,,,,,,,
Garage,Temp & Humidity Sensor,2020/12/22 11:35 PM,41.5,68.0,31.7,38.5,,,30.34,,,,,,,,,,,,,
Garage,Temp & Humidity Sensor,2020/12/22 11:40 PM,41.3,68.0,31.5,38.3,,,30.34,,,,,,,,,,,,,
Garage,Temp & Humidity Sensor,2020/12/22 11:45 PM,41.3,68.0,31.5,38.3,,,30.34,,,,,,,,,,,,,
Garage,Temp & Humidity Sensor,2020/12/22 11:50 PM,41.3,68.0,31.5,38.3,,,30.35,,,,,,,,,,,,,
Garage,Temp & Humidity Sensor,2020/12/22 11:55 PM,41.1,68.0,31.4,38.1,,,30.34,,,,,,,,,,,,,
Garage,Temp & Humidity Sensor,2020/12/23 12:00 AM,41.0,68.0,31.3,38.0,,,30.34,,,,,,,,,,,,,
Garage,Temp & Humidity Sensor,2020/12/23 12:05 AM,41.0,68.0,31.3,38.0,,,30.34,,,,,,,,,,,,,
Garage,Temp & Humidity Sensor,2020/12/23 12:10 AM,41.0,68.0,31.3,38.0,,,30.34,,,,,,,,,,,,,
Garage,Temp & Humidity Sensor,2020/12/23 12:15 AM,40.8,69.0,31.4,37.8,,,30.35,,,,,,,,,,,,,
Garage,Temp & Humidity Sensor,2020/12/23 12:20 AM,40.8,69.0,31.4,37.8,,,30.34,,,,,,,,,,,,,
Garage,Temp & Humidity Sensor,2020/12/23 12:25 AM,40.6,69.0,31.2,37.6,,,30.34,,,,,,,,,,,,,
Garage,Temp & Humidity Sensor,2020/12/23 12:30 AM,40.6,69.0,31.2,37.6,,,30.35,,,,,,,,,,,,,
Garage,Temp & Humidity Sensor,2020/12/23 12:35 AM,40.6,69.0,31.2,37.6,,,30.34,,,,,,,,,,,,,
Garage,Temp & Humidity Sensor,2020/12/23 12:40 AM,40.4,69.0,31.0,37.4,,,30.35,,,,,,,,,,,,,
Garage,Temp & Humidity Sensor,2020/12/23 12:45 AM,40.4,69.0,31.0,37.4,,,30.35,,,,,,,,,,,,,
Garage,Temp & Humidity Sensor,2020/12/23 12:50 AM,40.2,69.0,30.9,37.2,,,30.36,,,,,,,,,,,,,
Garage,Temp & Humidity Sensor,2020/12/23 12:55 AM,40.2,69.0,30.9,37.2,,,30.36,,,,,,,,,,,,,
Garage,Temp & Humidity Sensor,2020/12/23 1:00 AM,40.2,69.0,30.9,37.2,,,30.36,,,,,,,,,,,,,
Garage,Temp & Humidity Sensor,2020/12/23 1:05 AM,40.1,69.0,30.8,37.1,,,30.36,,,,,,,,,,,,,
Garage,Temp & Humidity Sensor,2020/12/23 1:10 AM,40.1,69.0,30.8,37.1,,,30.37,,,,,,,,,,,,,
Garage,Temp & Humidity Sensor,2020/12/23 1:15 AM,40.1,69.0,30.8,37.1,,,30.36,,,,,,,,,,,,,
Garage,Temp & Humidity Sensor,2020/12/23 1:20 AM,39.9,69.0,30.6,39.9,,,30.37,,,,,,,,,,,,,
Garage,Temp & Humidity Sensor,2020/12/23 1:25 AM,39.9,69.0,30.6,39.9,,,30.37,,,,,,,,,,,,,
Garage,Temp & Humidity Sensor,2020/12/23 1:30 AM,39.9,69.0,30.6,39.9,,,30.37,,,,,,,,,,,,,
Garage,Temp & Humidity Sensor,2020/12/23 1:35 AM,39.7,69.0,30.4,39.7,,,30.38,,,,,,,,,,,,,
Garage,Temp & Humidity Sensor,2020/12/23 1:40 AM,39.7,69.0,30.4,39.7,,,30.38,,,,,,,,,,,,,
Garage,Temp & Humidity Sensor,2020/12/23 1:45 AM,39.7,69.0,30.4,39.7,,,30.37,,,,,,,,,,,,,
Garage,Temp & Humidity Sensor,2020/12/23 1:50 AM,39.7,69.0,30.4,39.7,,,30.37,,,,,,,,,,,,,
Garage,Temp & Humidity Sensor,2020/12/23 1:55 AM,39.5,69.0,30.2,39.5,,,30.37,,,,,,,,,,,,,
Garage,Temp & Humidity Sensor,2020/12/23 2:00 AM,39.5,69.0,30.2,39.5,,,30.37,,,,,,,,,,,,,
Garage,Temp & Humidity Sensor,2020/12/23 2:05 AM,39.5,69.0,30.2,39.5,,,30.37,,,,,,,,,,,,,
Garage,Temp & Humidity Sensor,2020/12/23 2:10 AM,39.3,69.0,30.0,39.3,,,30.37,,,,,,,,,,,,,
Garage,Temp & Humidity Sensor,2020/12/23 2:15 AM,39.3,69.0,30.0,39.3,,,30.38,,,,,,,,,,,,,
Garage,Temp & Humidity Sensor,2020/12/23 2:20 AM,39.3,69.0,30.0,39.3,,,30.38,,,,,,,,,,,,,
Garage,Temp & Humidity Sensor,2020/12/23 2:25 AM,39.3,69.0,30.0,39.3,,,30.38,,,,,,,,,,,,,
Garage,Temp & Humidity Sensor,2020/12/23 2:30 AM,39.2,69.0,29.9,39.2,,,30.37,,,,,,,,,,,,,
Garage,Temp & Humidity Sensor,2020/12/23 2:35 AM,39.2,68.0,29.5,39.2,,,30.37,,,,,,,,,,,,,
Garage,Temp & Humidity Sensor,2020/12/23 2:40 AM,39.2,68.0,29.5,39.2,,,30.37,,,,,,,,,,,,,
Garage,Temp & Humidity Sensor,2020/12/23 2:45 AM,39.2,68.0,29.5,39.2,,,30.37,,,,,,,,,,,,,
Garage,Temp & Humidity Sensor,2020/12/23 2:50 AM,39.2,68.0,29.5,39.2,,,30.38,,,,,,,,,,,,,
Garage,Temp & Humidity Sensor,2020/12/23 2:55 AM,39.2,68.0,29.5,39.2,,,30.37,,,,,,,,,,,,,
Garage,Temp & Humidity Sensor,2020/12/23 3:00 AM,39.2,68.0,29.5,39.2,,,30.38,,,,,,,,,,,,,
Garage,Temp & Humidity Sensor,2020/12/23 3:05 AM,39.0,69.0,29.7,39.0,,,30.37,,,,,,,,,,,,,
Garage,Temp & Humidity Sensor,2020/12/23 3:10 AM,39.0,69.0,29.7,39.0,,,30.37,,,,,,,,,,,,,
Garage,Temp & Humidity Sensor,2020/12/23 3:15 AM,39.0,69.0,29.7,39.0,,,30.37,,,,,,,,,,,,,
Garage,Temp & Humidity Sensor,2020/12/23 3:20 AM,39.0,69.0,29.7,39.0,,,30.37,,,,,,,,,,,,,
Garage,Temp & Humidity Sensor,2020/12/23 3:25 AM,39.0,69.0,29.7,39.0,,,30.38,,,,,,,,,,,,,
Garage,Temp & Humidity Sensor,2020/12/23 3:30 AM,38.8,69.0,29.5,38.8,,,30.37,,,,,,,,,,,,,
Garage,Temp & Humidity Sensor,2020/12/23 3:35 AM,38.8,69.0,29.5,38.8,,,30.37,,,,,,,,,,,,,
Garage,Temp & Humidity Sensor,2020/12/23 3:40 AM,38.8,69.0,29.5,38.8,,,30.36,,,,,,,,,,,,,
Garage,Temp & Humidity Sensor,2020/12/23 3:45 AM,38.6,69.0,29.3,38.6,,,30.37,,,,,,,,,,,,,
Garage,Temp & Humidity Sensor,2020/12/23 3:50 AM,38.6,69.0,29.3,38.6,,,30.36,,,,,,,,,,,,,
Garage,Temp & Humidity Sensor,2020/12/23 3:55 AM,38.6,69.0,29.3,38.6,,,30.37,,,,,,,,,,,,,
Garage,Temp & Humidity Sensor,2020/12/23 4:00 AM,38.6,69.0,29.3,38.6,,,30.36,,,,,,,,,,,,,
Garage,Temp & Humidity Sensor,2020/12/23 4:05 AM,38.6,69.0,29.3,38.6,,,30.37,,,,,,,,,,,,,
Garage,Temp & Humidity Sensor,2020/12/23 4:10 AM,38.4,69.0,29.1,38.4,,,30.37,,,,,,,,,,,,,
Garage,Temp & Humidity Sensor,2020/12/23 4:15 AM,38.4,69.0,29.1,38.4,,,30.38,,,,,,,,,,,,,
Garage,Temp & Humidity Sensor,2020/12/23 4:20 AM,38.4,69.0,29.1,38.4,,,30.38,,,,,,,,,,,,,
Garage,Temp & Humidity Sensor,2020/12/23 4:25 AM,38.4,69.0,29.1,38.4,,,30.38,,,,,,,,,,,,,
Garage,Temp & Humidity Sensor,2020/12/23 4:30 AM,38.3,69.0,29.0,38.3,,,30.37,,,,,,,,,,,,,
Garage,Temp & Humidity Sensor,2020/12/23 4:35 AM,38.3,69.0,29.0,38.3,,,30.37,,,,,,,,,,,,,
Garage,Temp & Humidity Sensor,2020/12/23 4:40 AM,38.3,69.0,29.0,38.3,,,30.37,,,,,,,,,,,,,
Garage,Temp & Humidity Sensor,2020/12/23 4:45 AM,38.3,69.0,29.0,38.3,,,30.37,,,,,,,,,,,,,
Garage,Temp & Humidity Sensor,2020/12/23 4:50 AM,38.1,69.0,28.8,38.1,,,30.37,,,,,,,,,,,,,
Garage,Temp & Humidity Sensor,2020/12/23 4:55 AM,38.1,69.0,28.8,38.1,,,30.38,,,,,,,,,,,,,
Garage,Temp & Humidity Sensor,2020/12/23 5:00 AM,38.1,69.0,28.8,38.1,,,30.37,,,,,,,,,,,,,
Garage,Temp & Humidity Sensor,2020/12/23 5:05 AM,38.1,69.0,28.8,38.1,,,30.37,,,,,,,,,,,,,
Garage,Temp & Humidity Sensor,2020/12/23 5:10 AM,37.9,69.0,28.7,37.9,,,30.37,,,,,,,,,,,,,
Garage,Temp & Humidity Sensor,2020/12/23 5:15 AM,37.9,69.0,28.7,37.9,,,30.37,,,,,,,,,,,,,
Garage,Temp & Humidity Sensor,2020/12/23 5:20 AM,37.9,69.0,28.7,37.9,,,30.38,,,,,,,,,,,,,
Garage,Temp & Humidity Sensor,2020/12/23 5:25 AM,37.7,69.0,28.5,37.7,,,30.38,,,,,,,,,,,,,
Garage,Temp & Humidity Sensor,2020/12/23 5:30 AM,37.7,69.0,28.5,37.7,,,30.38,,,,,,,,,,,,,
Garage,Temp & Humidity Sensor,2020/12/23 5:35 AM,37.7,69.0,28.5,37.7,,,30.38,,,,,,,,,,,,,
Garage,Temp & Humidity Sensor,2020/12/23 5:40 AM,37.7,69.0,28.5,37.7,,,30.39,,,,,,,,,,,,,
Garage,Temp & Humidity Sensor,2020/12/23 5:45 AM,37.7,69.0,28.5,37.7,,,30.39,,,,,,,,,,,,,
Garage,Temp & Humidity Sensor,2020/12/23 5:50 AM,37.4,69.0,28.2,37.4,,,30.39,,,,,,,,,,,,,
Garage,Temp & Humidity Sensor,2020/12/23 5:55 AM,37.4,69.0,28.2,37.4,,,30.39,,,,,,,,,,,,,
Garage,Temp & Humidity Sensor,2020/12/23 6:00 AM,37.4,69.0,28.2,37.4,,,30.39,,,,,,,,,,,,,
Garage,Temp & Humidity Sensor,2020/12/23 6:05 AM,37.4,69.0,28.2,37.4,,,30.39,,,,,,,,,,,,,
Garage,Temp & Humidity Sensor,2020/12/23 6:10 AM,37.4,69.0,28.2,37.4,,,30.4,,,,,,,,,,,,,
Garage,Temp & Humidity Sensor,2020/12/23 6:15 AM,37.4,69.0,28.2,37.4,,,30.4,,,,,,,,,,,,,
Garage,Temp & Humidity Sensor,2020/12/23 6:20 AM,37.4,69.0,28.2,37.4,,,30.41,,,,,,,,,,,,,
Garage,Temp & Humidity Sensor,2020/12/23 6:25 AM,37.2,69.0,28.0,37.2,,,30.4,,,,,,,,,,,,,
Garage,Temp & Humidity Sensor,2020/12/23 6:30 AM,37.2,69.0,28.0,37.2,,,30.41,,,,,,,,,,,,,
Garage,Temp & Humidity Sensor,2020/12/23 6:35 AM,37.2,69.0,28.0,37.2,,,30.41,,,,,,,,,,,,,
Garage,Temp & Humidity Sensor,2020/12/23 6:40 AM,37.2,69.0,28.0,37.2,,,30.41,,,,,,,,,,,,,
Garage,Temp & Humidity Sensor,2020/12/23 6:45 AM,37.2,69.0,28.0,37.2,,,30.41,,,,,,,,,,,,,
Garage,Temp & Humidity Sensor,2020/12/23 6:50 AM,37.0,69.0,27.8,37.0,,,30.41,,,,,,,,,,,,,
Garage,Temp & Humidity Sensor,2020/12/23 6:55 AM,37.0,69.0,27.8,37.0,,,30.41,,,,,,,,,,,,,
Garage,Temp & Humidity Sensor,2020/12/23 7:00 AM,37.0,69.0,27.8,37.0,,,30.41,,,,,,,,,,,,,
Garage,Temp & Humidity Sensor,2020/12/23 7:05 AM,37.0,69.0,27.8,37.0,,,30.42,,,,,,,,,,,,,
Garage,Temp & Humidity Sensor,2020/12/23 7:10 AM,36.8,69.0,27.6,36.8,,,30.42,,,,,,,,,,,,,
Garage,Temp & Humidity Sensor,2020/12/23 7:15 AM,36.6,69.0,27.4,36.6,,,30.42,,,,,,,,,,,,,
Garage,Temp & Humidity Sensor,2020/12/23 7:20 AM,36.6,69.0,27.4,36.6,,,30.42,,,,,,,,,,,,,
Garage,Temp & Humidity Sensor,2020/12/23 7:25 AM,36.5,69.0,27.3,36.5,,,30.42,,,,,,,,,,,,,
Garage,Temp & Humidity Sensor,2020/12/23 7:30 AM,36.5,69.0,27.3,36.5,,,30.42,,,,,,,,,,,,,
Garage,Temp & Humidity Sensor,2020/12/23 7:35 AM,36.5,69.0,27.3,36.5,,,30.43,,,,,,,,,,,,,
Garage,Temp & Humidity Sensor,2020/12/23 7:40 AM,36.5,69.0,27.3,36.5,,,30.43,,,,,,,,,,,,,
Garage,Temp & Humidity Sensor,2020/12/23 7:45 AM,36.5,69.0,27.3,36.5,,,30.43,,,,,,,,,,,,,
Garage,Temp & Humidity Sensor,2020/12/23 7:50 AM,36.3,69.0,27.1,36.3,,,30.43,,,,,,,,,,,,,
Garage,Temp & Humidity Sensor,2020/12/23 7:55 AM,36.3,69.0,27.1,36.3,,,30.44,,,,,,,,,,,,,
Garage,Temp & Humidity Sensor,2020/12/23 8:00 AM,36.3,69.0,27.1,36.3,,,30.44,,,,,,,,,,,,,
Garage,Temp & Humidity Sensor,2020/12/23 8:05 AM,36.3,69.0,27.1,36.3,,,30.44,,,,,,,,,,,,,
Garage,Temp & Humidity Sensor,2020/12/23 8:10 AM,36.3,69.0,27.1,36.3,,,30.44,,,,,,,,,,,,,
Garage,Temp & Humidity Sensor,2020/12/23 8:15 AM,36.3,69.0,27.1,36.3,,,30.44,,,,,,,,,,,,,
Garage,Temp & Humidity Sensor,2020/12/23 8:20 AM,36.3,69.0,27.1,36.3,,,30.44,,,,,,,,,,,,,
Garage,Temp & Humidity Sensor,2020/12/23 8:25 AM,36.3,69.0,27.1,36.3,,,30.45,,,,,,,,,,,,,
Garage,Temp & Humidity Sensor,2020/12/23 8:30 AM,36.3,69.0,27.1,36.3,,,30.45,,,,,,,,,,,,,
Garage,Temp & Humidity Sensor,2020/12/23 8:35 AM,36.3,69.0,27.1,36.3,,,30.45,,,,,,,,,,,,,
Garage,Temp & Humidity Sensor,2020/12/23 8:40 AM,36.3,69.0,27.1,36.3,,,30.45,,,,,,,,,,,,,
Garage,Temp & Humidity Sensor,2020/12/23 8:45 AM,36.3,69.0,27.1,36.3,,,30.45,,,,,,,,,,,,,
Garage,Temp & Humidity Sensor,2020/12/23 8:50 AM,36.3,69.0,27.1,36.3,,,30.45,,,,,,,,,,,,,
Garage,Temp & Humidity Sensor,2020/12/23 8:55 AM,36.3,69.0,27.1,36.3,,,30.45,,,,,,,,,,,,,
Garage,Temp & Humidity Sensor,2020/12/23 9:00 AM,36.5,69.0,27.3,36.5,,,30.45,,,,,,,,,,,,,
Garage,Temp & Humidity Sensor,2020/12/23 9:05 AM,36.5,69.0,27.3,36.5,,,30.45,,,,,,,,,,,,,
Garage,Temp & Humidity Sensor,2020/12/23 9:10 AM,36.5,69.0,27.3,36.5,,,30.45,,,,,,,,,,,,,
Garage,Temp & Humidity Sensor,2020/12/23 9:15 AM,36.6,69.0,27.4,36.6,,,30.45,,,,,,,,,,,,,
Garage,Temp & Humidity Sensor,2020/12/23 9:20 AM,36.6,69.0,27.4,36.6,,,30.45,,,,,,,,,,,,,
Garage,Temp & Humidity Sensor,2020/12/23 9:25 AM,36.8,69.0,27.6,36.8,,,30.45,,,,,,,,,,,,,
Garage,Temp & Humidity Sensor,2020/12/23 9:30 AM,36.8,70.0,27.9,36.8,,,30.46,,,,,,,,,,,,,
Garage,Temp & Humidity Sensor,2020/12/23 9:35 AM,37.0,70.0,28.1,37.0,,,30.45,,,,,,,,,,,,,
Garage,Temp & Humidity Sensor,2020/12/23 9:40 AM,37.0,70.0,28.1,37.0,,,30.45,,,,,,,,,,,,,
Garage,Temp & Humidity Sensor,2020/12/23 9:45 AM,37.2,70.0,28.3,37.2,,,30.46,,,,,,,,,,,,,
Garage,Temp & Humidity Sensor,2020/12/23 9:50 AM,37.2,70.0,28.3,37.2,,,30.46,,,,,,,,,,,,,
Garage,Temp & Humidity Sensor,2020/12/23 9:55 AM,37.4,69.0,28.2,37.4,,,30.45,,,,,,,,,,,,,
Garage,Temp & Humidity Sensor,2020/12/23 10:00 AM,37.4,69.0,28.2,37.4,,,30.46,,,,,,,,,,,,,
Garage,Temp & Humidity Sensor,2020/12/23 10:05 AM,37.4,69.0,28.2,37.4,,,30.46,,,,,,,,,,,,,
Garage,Temp & Humidity Sensor,2020/12/23 10:10 AM,37.7,69.0,28.5,37.7,,,30.46,,,,,,,,,,,,,
Garage,Temp & Humidity Sensor,2020/12/23 10:15 AM,37.9,69.0,28.7,37.9,,,30.45,,,,,,,,,,,,,
Garage,Temp & Humidity Sensor,2020/12/23 10:20 AM,38.1,69.0,28.8,38.1,,,30.46,,,,,,,,,,,,,
Garage,Temp & Humidity Sensor,2020/12/23 10:25 AM,38.3,69.0,29.0,38.3,,,30.46,,,,,,,,,,,,,
Garage,Temp & Humidity Sensor,2020/12/23 10:30 AM,38.4,69.0,29.1,38.4,,,30.46,,,,,,,,,,,,,
Garage,Temp & Humidity Sensor,2020/12/23 10:35 AM,38.6,69.0,29.3,38.6,,,30.46,,,,,,,,,,,,,
Garage,Temp & Humidity Sensor,2020/12/23 10:40 AM,38.8,70.0,29.9,38.8,,,30.45,,,,,,,,,,,,,
Garage,Temp & Humidity Sensor,2020/12/23 10:45 AM,39.0,70.0,30.1,39.0,,,30.45,,,,,,,,,,,,,
Garage,Temp & Humidity Sensor,2020/12/23 10:50 AM,39.2,69.0,29.9,39.2,,,30.45,,,,,,,,,,,,,
Garage,Temp & Humidity Sensor,2020/12/23 10:55 AM,39.2,69.0,29.9,39.2,,,30.45,,,,,,,,,,,,,
Garage,Temp & Humidity Sensor,2020/12/23 11:00 AM,39.3,69.0,30.0,39.3,,,30.45,,,,,,,,,,,,,
Garage,Temp & Humidity Sensor,2020/12/23 11:05 AM,39.5,69.0,30.2,39.5,,,30.44,,,,,,,,,,,,,
Garage,Temp & Humidity Sensor,2020/12/23 11:10 AM,39.7,69.0,30.4,39.7,,,30.44,,,,,,,,,,,,,
Garage,Temp & Humidity Sensor,2020/12/23 11:15 AM,39.9,69.0,30.6,39.9,,,30.43,,,,,,,,,,,,,
Garage,Temp & Humidity Sensor,2020/12/23 11:20 AM,40.1,69.0,30.8,37.1,,,30.43,,,,,,,,,,,,,
Garage,Temp & Humidity Sensor,2020/12/23 11:25 AM,40.2,69.0,30.9,37.2,,,30.43,,,,,,,,,,,,,
Garage,Temp & Humidity Sensor,2020/12/23 11:30 AM,40.4,69.0,31.0,37.4,,,30.43,,,,,,,,,,,,,
Garage,Temp & Humidity Sensor,2020/12/23 11:35 AM,40.6,70.0,31.6,37.6,,,30.42,,,,,,,,,,,,,
Garage,Temp & Humidity Sensor,2020/12/23 11:40 AM,41.0,69.0,31.6,38.0,,,30.42,,,,,,,,,,,,,
Garage,Temp & Humidity Sensor,2020/12/23 11:45 AM,41.1,69.0,31.7,38.2,,,30.42,,,,,,,,,,,,,
Garage,Temp & Humidity Sensor,2020/12/23 11:50 AM,41.3,69.0,31.9,38.4,,,30.42,,,,,,,,,,,,,
Garage,Temp & Humidity Sensor,2020/12/23 11:55 AM,41.5,69.0,32.1,38.6,,,30.41,,,,,,,,,,,,,
Garage,Temp & Humidity Sensor,2020/12/23 12:00 PM,41.7,69.0,32.3,38.8,,,30.41,,,,,,,,,,,,,
Garage,Temp & Humidity Sensor,2020/12/23 12:05 PM,41.9,69.0,32.5,39.0,,,30.41,,,,,,,,,,,,,
Garage,Temp & Humidity Sensor,2020/12/23 12:10 PM,42.0,69.0,32.6,39.1,,,30.4,,,,,,,,,,,,,
Garage,Temp & Humidity Sensor,2020/12/23 12:15 PM,42.2,69.0,32.8,39.4,,,30.39,,,,,,,,,,,,,
Garage,Temp & Humidity Sensor,2020/12/23 12:20 PM,42.4,69.0,33.0,39.6,,,30.39,,,,,,,,,,,,,
Garage,Temp & Humidity Sensor,2020/12/23 12:25 PM,42.6,69.0,33.2,39.8,,,30.39,,,,,,,,,,,,,
Garage,Temp & Humidity Sensor,2020/12/23 12:30 PM,42.8,69.0,33.3,40.0,,,30.39,,,,,,,,,,,,,
Garage,Temp & Humidity Sensor,2020/12/23 12:35 PM,42.9,69.0,33.4,40.1,,,30.39,,,,,,,,,,,,,
Garage,Temp & Humidity Sensor,2020/12/23 12:40 PM,43.1,69.0,33.6,40.4,,,30.39,,,,,,,,,,,,,
Garage,Temp & Humidity Sensor,2020/12/23 12:45 PM,43.3,69.0,33.8,40.6,,,30.39,,,,,,,,,,,,,
Garage,Temp & Humidity Sensor,2020/12/23 12:50 PM,43.5,69.0,34.0,40.8,,,30.39,,,,,,,,,,,,,
Garage,Temp & Humidity Sensor,2020/12/23 12:55 PM,43.7,69.0,34.2,41.0,,,30.39,,,,,,,,,,,,,
Garage,Temp & Humidity Sensor,2020/12/23 1:00 PM,44.0,69.0,34.5,41.3,,,30.38,,,,,,,,,,,,,
Garage,Temp & Humidity Sensor,2020/12/23 1:05 PM,44.2,69.0,34.7,41.6,,,30.38,,,,,,,,,,,,,
Garage,Temp & Humidity Sensor,2020/12/23 1:10 PM,44.6,69.0,35.1,42.0,,,30.38,,,,,,,,,,,,,
Garage,Temp & Humidity Sensor,2020/12/23 1:15 PM,44.6,69.0,35.1,42.0,,,30.38,,,,,,,,,,,,,
Garage,Temp & Humidity Sensor,2020/12/23 1:20 PM,44.9,69.0,35.4,42.3,,,30.38,,,,,,,,,,,,,
Garage,Temp & Humidity Sensor,2020/12/23 1:25 PM,45.3,69.0,35.7,42.8,,,30.38,,,,,,,,,,,,,
Garage,Temp & Humidity Sensor,2020/12/23 1:30 PM,45.5,69.0,35.9,43.0,,,30.38,,,,,,,,,,,,,
Garage,Temp & Humidity Sensor,2020/12/23 1:35 PM,46.2,69.0,36.6,43.8,,,30.37,,,,,,,,,,,,,
Garage,Temp & Humidity Sensor,2020/12/23 1:40 PM,46.7,68.0,36.7,44.3,,,30.37,,,,,,,,,,,,,
Garage,Temp & Humidity Sensor,2020/12/23 1:45 PM,47.3,67.0,36.9,44.9,,,30.37,,,,,,,,,,,,,
Garage,Temp & Humidity Sensor,2020/12/23 1:50 PM,47.6,67.0,37.2,45.2,,,30.37,,,,,,,,,,,,,
Garage,Temp & Humidity Sensor,2020/12/23 1:55 PM,48.0,67.0,37.6,45.6,,,30.36,,,,,,,,,,,,,
Garage,Temp & Humidity Sensor,2020/12/23 2:00 PM,48.2,66.0,37.4,45.8,,,30.36,,,,,,,,,,,,,
Garage,Temp & Humidity Sensor,2020/12/23 2:05 PM,48.3,65.0,37.1,45.9,,,30.36,,,,,,,,,,,,,
Garage,Temp & Humidity Sensor,2020/12/23 2:10 PM,48.7,65.0,37.5,46.3,,,30.35,,,,,,,,,,,,,
Garage,Temp & Humidity Sensor,2020/12/23 2:15 PM,48.9,65.0,37.7,46.5,,,30.35,,,,,,,,,,,,,
Garage,Temp & Humidity Sensor,2020/12/23 2:20 PM,49.1,64.0,37.5,46.7,,,30.34,,,,,,,,,,,,,
Garage,Temp & Humidity Sensor,2020/12/23 2:25 PM,49.1,64.0,37.5,46.7,,,30.34,,,,,,,,,,,,,
Garage,Temp & Humidity Sensor,2020/12/23 2:30 PM,49.2,64.0,37.5,46.8,,,30.33,,,,,,,,,,,,,
Garage,Temp & Humidity Sensor,2020/12/23 2:35 PM,49.4,64.0,37.7,47.0,,,30.32,,,,,,,,,,,,,
Garage,Temp & Humidity Sensor,2020/12/23 2:40 PM,49.6,63.0,37.5,47.2,,,30.32,,,,,,,,,,,,,
Garage,Temp & Humidity Sensor,2020/12/23 2:45 PM,49.6,63.0,37.5,47.2,,,30.32,,,,,,,,,,,,,
Garage,Temp & Humidity Sensor,2020/12/23 2:50 PM,49.8,63.0,37.7,47.4,,,30.32,,,,,,,,,,,,,
Garage,Temp & Humidity Sensor,2020/12/23 2:55 PM,49.8,62.0,37.3,47.4,,,30.32,,,,,,,,,,,,,
Garage,Temp & Humidity Sensor,2020/12/23 3:00 PM,50.0,62.0,37.5,47.6,,,30.31,,,,,,,,,,,,,
Garage,Temp & Humidity Sensor,2020/12/23 3:05 PM,50.1,62.0,37.6,47.7,,,30.31,,,,,,,,,,,,,
Garage,Temp & Humidity Sensor,2020/12/23 3:10 PM,50.1,61.0,37.2,47.7,,,30.31,,,,,,,,,,,,,
Garage,Temp & Humidity Sensor,2020/12/23 3:15 PM,50.1,61.0,37.2,47.7,,,30.31,,,,,,,,,,,,,
Garage,Temp & Humidity Sensor,2020/12/23 3:20 PM,50.3,61.0,37.4,47.9,,,30.31,,,,,,,,,,,,,
Garage,Temp & Humidity Sensor,2020/12/23 3:25 PM,50.3,61.0,37.4,47.9,,,30.31,,,,,,,,,,,,,
Garage,Temp & Humidity Sensor,2020/12/23 3:30 PM,50.3,61.0,37.4,47.9,,,30.31,,,,,,,,,,,,,
Garage,Temp & Humidity Sensor,2020/12/23 3:35 PM,50.5,61.0,37.6,48.1,,,30.31,,,,,,,,,,,,,
Garage,Temp & Humidity Sensor,2020/12/23 3:40 PM,50.5,61.0,37.6,48.1,,,30.31,,,,,,,,,,,,,
Garage,Temp & Humidity Sensor,2020/12/23 3:45 PM,50.5,61.0,37.6,48.1,,,30.3,,,,,,,,,,,,,
Garage,Temp & Humidity Sensor,2020/12/23 3:50 PM,50.5,61.0,37.6,48.1,,,30.3,,,,,,,,,,,,,
Garage,Temp & Humidity Sensor,2020/12/23 3:55 PM,50.7,61.0,37.7,48.3,,,30.3,,,,,,,,,,,,,
Garage,Temp & Humidity Sensor,2020/12/23 4:00 PM,50.7,61.0,37.7,48.3,,,30.31,,,,,,,,,,,,,
Garage,Temp & Humidity Sensor,2020/12/23 4:05 PM,50.7,61.0,37.7,48.3,,,30.31,,,,,,,,,,,,,
Garage,Temp & Humidity Sensor,2020/12/23 4:10 PM,50.9,61.0,37.9,48.6,,,30.31,,,,,,,,,,,,,
Garage,Temp & Humidity Sensor,2020/12/23 4:15 PM,50.7,61.0,37.7,48.3,,,30.31,,,,,,,,,,,,,
Garage,Temp & Humidity Sensor,2020/12/23 4:20 PM,50.9,61.0,37.9,48.6,,,30.31,,,,,,,,,,,,,
Garage,Temp & Humidity Sensor,2020/12/23 4:25 PM,50.9,61.0,37.9,48.6,,,30.31,,,,,,,,,,,,,
Garage,Temp & Humidity Sensor,2020/12/23 4:30 PM,50.7,61.0,37.7,48.3,,,30.31,,,,,,,,,,,,,
Garage,Temp & Humidity Sensor,2020/12/23 4:35 PM,50.7,61.0,37.7,48.3,,,30.31,,,,,,,,,,,,,
Garage,Temp & Humidity Sensor,2020/12/23 4:40 PM,50.7,61.0,37.7,48.3,,,30.31,,,,,,,,,,,,,
Garage,Temp & Humidity Sensor,2020/12/23 4:45 PM,50.7,61.0,37.7,48.3,,,30.31,,,,,,,,,,,,,
Garage,Temp & Humidity Sensor,2020/12/23 4:50 PM,50.5,61.0,37.6,48.1,,,30.31,,,,,,,,,,,,,
Garage,Temp & Humidity Sensor,2020/12/23 4:55 PM,50.5,61.0,37.6,48.1,,,30.31,,,,,,,,,,,,,
Garage,Temp & Humidity Sensor,2020/12/23 5:00 PM,50.3,61.0,37.4,47.9,,,30.31,,,,,,,,,,,,,
Garage,Temp & Humidity Sensor,2020/12/23 5:05 PM,50.3,61.0,37.4,47.9,,,30.31,,,,,,,,,,,,,
Garage,Temp & Humidity Sensor,2020/12/23 5:10 PM,50.1,61.0,37.2,47.7,,,30.31,,,,,,,,,,,,,
Garage,Temp & Humidity Sensor,2020/12/23 5:15 PM,50.1,61.0,37.2,47.7,,,30.31,,,,,,,,,,,,,
Garage,Temp & Humidity Sensor,2020/12/23 5:20 PM,50.0,61.0,37.1,47.6,,,30.31,,,,,,,,,,,,,
Garage,Temp & Humidity Sensor,2020/12/23 5:25 PM,50.0,61.0,37.1,47.6,,,30.31,,,,,,,,,,,,,
Garage,Temp & Humidity Sensor,2020/12/23 5:30 PM,49.8,62.0,37.3,47.4,,,30.31,,,,,,,,,,,,,
Garage,Temp & Humidity Sensor,2020/12/23 5:35 PM,49.8,62.0,37.3,47.4,,,30.32,,,,,,,,,,,,,
Garage,Temp & Humidity Sensor,2020/12/23 5:40 PM,49.6,62.0,37.1,47.2,,,30.32,,,,,,,,,,,,,
Garage,Temp & Humidity Sensor,2020/12/23 5:45 PM,49.6,62.0,37.1,47.2,,,30.32,,,,,,,,,,,,,
Garage,Temp & Humidity Sensor,2020/12/23 5:50 PM,49.4,62.0,36.9,47.0,,,30.32,,,,,,,,,,,,,
Garage,Temp & Humidity Sensor,2020/12/23 5:55 PM,49.4,62.0,36.9,47.0,,,30.32,,,,,,,,,,,,,
Garage,Temp & Humidity Sensor,2020/12/23 6:00 PM,49.2,62.0,36.7,46.7,,,30.31,,,,,,,,,,,,,
Garage,Temp & Humidity Sensor,2020/12/23 6:05 PM,49.2,62.0,36.7,46.7,,,30.31,,,,,,,,,,,,,
Garage,Temp & Humidity Sensor,2020/12/23 6:10 PM,49.1,62.0,36.6,46.6,,,30.31,,,,,,,,,,,,,
Garage,Temp & Humidity Sensor,2020/12/23 6:15 PM,49.1,62.0,36.6,46.6,,,30.31,,,,,,,,,,,,,
Garage,Temp & Humidity Sensor,2020/12/23 6:20 PM,48.9,62.0,36.5,46.4,,,30.31,,,,,,,,,,,,,
Garage,Temp & Humidity Sensor,2020/12/23 6:25 PM,48.9,62.0,36.5,46.4,,,30.31,,,,,,,,,,,,,
Garage,Temp & Humidity Sensor,2020/12/23 6:30 PM,48.7,62.0,36.3,46.2,,,30.31,,,,,,,,,,,,,
Garage,Temp & Humidity Sensor,2020/12/23 6:35 PM,48.7,62.0,36.3,46.2,,,30.31,,,,,,,,,,,,,
Garage,Temp & Humidity Sensor,2020/12/23 6:40 PM,48.5,62.0,36.1,46.0,,,30.31,,,,,,,,,,,,,
Garage,Temp & Humidity Sensor,2020/12/23 6:45 PM,48.5,62.0,36.1,46.0,,,30.3,,,,,,,,,,,,,
Garage,Temp & Humidity Sensor,2020/12/23 6:50 PM,48.2,62.0,35.8,45.6,,,30.3,,,,,,,,,,,,,
Garage,Temp & Humidity Sensor,2020/12/23 6:55 PM,48.2,62.0,35.8,45.6,,,30.3,,,,,,,,,,,,,
Garage,Temp & Humidity Sensor,2020/12/23 7:00 PM,48.2,62.0,35.8,45.6,,,30.3,,,,,,,,,,,,,
Garage,Temp & Humidity Sensor,2020/12/23 7:05 PM,48.2,62.0,35.8,45.6,,,30.3,,,,,,,,,,,,,
Garage,Temp & Humidity Sensor,2020/12/23 7:10 PM,48.2,62.0,35.8,45.6,,,30.29,,,,,,,,,,,,,
Garage,Temp & Humidity Sensor,2020/12/23 7:15 PM,48.0,63.0,36.0,45.5,,,30.3,,,,,,,,,,,,,
Garage,Temp & Humidity Sensor,2020/12/23 7:20 PM,48.0,63.0,36.0,45.5,,,30.3,,,,,,,,,,,,,
Garage,Temp & Humidity Sensor,2020/12/23 7:25 PM,47.8,63.0,35.8,45.2,,,30.3,,,,,,,,,,,,,
Garage,Temp & Humidity Sensor,2020/12/23 7:30 PM,47.8,63.0,35.8,45.2,,,30.3,,,,,,,,,,,,,
Garage,Temp & Humidity Sensor,2020/12/23 7:35 PM,47.8,63.0,35.8,45.2,,,30.3,,,,,,,,,,,,,
Garage,Temp & Humidity Sensor,2020/12/23 7:40 PM,47.8,63.0,35.8,45.2,,,30.3,,,,,,,,,,,,,
Garage,Temp & Humidity Sensor,2020/12/23 7:45 PM,47.6,63.0,35.6,45.0,,,30.29,,,,,,,,,,,,,
Garage,Temp & Humidity Sensor,2020/12/23 7:50 PM,47.6,63.0,35.6,45.0,,,30.29,,,,,,,,,,,,,
Garage,Temp & Humidity Sensor,2020/12/23 7:55 PM,47.6,63.0,35.6,45.0,,,30.28,,,,,,,,,,,,,
Garage,Temp & Humidity Sensor,2020/12/23 8:00 PM,47.6,63.0,35.6,45.0,,,30.28,,,,,,,,,,,,,
Garage,Temp & Humidity Sensor,2020/12/23 8:05 PM,47.4,63.0,35.4,44.8,,,30.27,,,,,,,,,,,,,
Garage,Temp & Humidity Sensor,2020/12/23 8:10 PM,47.4,63.0,35.4,44.8,,,30.27,,,,,,,,,,,,,
Garage,Temp & Humidity Sensor,2020/12/23 8:15 PM,47.4,63.0,35.4,44.8,,,30.27,,,,,,,,,,,,,
Garage,Temp & Humidity Sensor,2020/12/23 8:20 PM,47.4,63.0,35.4,44.8,,,30.27,,,,,,,,,,,,,
Garage,Temp & Humidity Sensor,2020/12/23 8:25 PM,47.4,63.0,35.4,44.8,,,30.27,,,,,,,,,,,,,
Garage,Temp & Humidity Sensor,2020/12/23 8:30 PM,47.4,63.0,35.4,44.8,,,30.26,,,,,,,,,,,,,
Garage,Temp & Humidity Sensor,2020/12/23 8:35 PM,47.4,63.0,35.4,44.8,,,30.26,,,,,,,,,,,,,
Garage,Temp & Humidity Sensor,2020/12/23 8:40 PM,47.4,63.0,35.4,44.8,,,30.26,,,,,,,,,,,,,
Garage,Temp & Humidity Sensor,2020/12/23 8:45 PM,47.3,64.0,35.7,44.7,,,30.26,,,,,,,,,,,,,
Garage,Temp & Humidity Sensor,2020/12/23 8:50 PM,47.3,64.0,35.7,44.7,,,30.26,,,,,,,,,,,,,
Garage,Temp & Humidity Sensor,2020/12/23 8:55 PM,47.3,64.0,35.7,44.7,,,30.26,,,,,,,,,,,,,
Garage,Temp & Humidity Sensor,2020/12/23 9:00 PM,47.3,64.0,35.7,44.7,,,30.26,,,,,,,,,,,,,
Garage,Temp & Humidity Sensor,2020/12/23 9:05 PM,47.3,64.0,35.7,44.7,,,30.25,,,,,,,,,,,,,
Garage,Temp & Humidity Sensor,2020/12/23 9:10 PM,47.3,64.0,35.7,44.7,,,30.26,,,,,,,,,,,,,
Garage,Temp & Humidity Sensor,2020/12/23 9:15 PM,47.3,64.0,35.7,44.7,,,30.25,,,,,,,,,,,,,
Garage,Temp & Humidity Sensor,2020/12/23 9:20 PM,47.1,64.0,35.6,44.5,,,30.25,,,,,,,,,,,,,
Garage,Temp & Humidity Sensor,2020/12/23 9:25 PM,47.1,64.0,35.6,44.5,,,30.25,,,,,,,,,,,,,
Garage,Temp & Humidity Sensor,2020/12/23 9:30 PM,47.1,64.0,35.6,44.5,,,30.25,,,,,,,,,,,,,
Garage,Temp & Humidity Sensor,2020/12/23 9:35 PM,47.1,64.0,35.6,44.5,,,30.25,,,,,,,,,,,,,
Garage,Temp & Humidity Sensor,2020/12/23 9:40 PM,47.1,64.0,35.6,44.5,,,30.24,,,,,,,,,,,,,
Garage,Temp & Humidity Sensor,2020/12/23 9:45 PM,47.1,64.0,35.6,44.5,,,30.24,,,,,,,,,,,,,
Garage,Temp & Humidity Sensor,2020/12/23 9:50 PM,46.9,64.0,35.4,44.3,,,30.24,,,,,,,,,,,,,
Garage,Temp & Humidity Sensor,2020/12/23 9:55 PM,46.9,64.0,35.4,44.3,,,30.24,,,,,,,,,,,,,
Garage,Temp & Humidity Sensor,2020/12/23 10:00 PM,46.9,64.0,35.4,44.3,,,30.24,,,,,,,,,,,,,
Garage,Temp & Humidity Sensor,2020/12/23 10:05 PM,46.9,64.0,35.4,44.3,,,30.23,,,,,,,,,,,,,
Garage,Temp & Humidity Sensor,2020/12/23 10:10 PM,46.9,64.0,35.4,44.3,,,30.23,,,,,,,,,,,,,
Garage,Temp & Humidity Sensor,2020/12/23 10:15 PM,46.9,64.0,35.4,44.3,,,30.24,,,,,,,,,,,,,
Garage,Temp & Humidity Sensor,2020/12/23 10:20 PM,46.7,64.0,35.2,44.1,,,30.24,,,,,,,,,,,,,
Garage,Temp & Humidity Sensor,2020/12/23 10:25 PM,46.7,64.0,35.2,44.1,,,30.23,,,,,,,,,,,,,
Garage,Temp & Humidity Sensor,2020/12/23 10:30 PM,46.7,64.0,35.2,44.1,,,30.24,,,,,,,,,,,,,
Garage,Temp & Humidity Sensor,2020/12/23 10:35 PM,46.7,64.0,35.2,44.1,,,30.24,,,,,,,,,,,,,
Garage,Temp & Humidity Sensor,2020/12/23 10:40 PM,46.7,64.0,35.2,44.1,,,30.24,,,,,,,,,,,,,
Garage,Temp & Humidity Sensor,2020/12/23 10:45 PM,46.7,64.0,35.2,44.1,,,30.23,,,,,,,,,,,,,
Garage,Temp & Humidity Sensor,2020/12/23 10:50 PM,46.7,64.0,35.2,44.1,,,30.23,,,,,,,,,,,,,
Garage,Temp & Humidity Sensor,2020/12/23 10:55 PM,46.5,64.0,35.0,43.9,,,30.23,,,,,,,,,,,,,
Garage,Temp & Humidity Sensor,2020/12/23 11:00 PM,46.5,64.0,35.0,43.9,,,30.23,,,,,,,,,,,,,
Garage,Temp & Humidity Sensor,2020/12/23 11:05 PM,46.5,64.0,35.0,43.9,,,30.23,,,,,,,,,,,,,
Garage,Temp & Humidity Sensor,2020/12/23 11:10 PM,46.5,64.0,35.0,43.9,,,30.22,,,,,,,,,,,,,
Garage,Temp & Humidity Sensor,2020/12/23 11:15 PM,46.5,65.0,35.4,43.9,,,30.22,,,,,,,,,,,,,
Garage,Temp & Humidity Sensor,2020/12/23 11:20 PM,46.5,65.0,35.4,43.9,,,30.22,,,,,,,,,,,,,
Garage,Temp & Humidity Sensor,2020/12/23 11:25 PM,46.5,65.0,35.4,43.9,,,30.22,,,,,,,,,,,,,
Garage,Temp & Humidity Sensor,2020/12/23 11:30 PM,46.5,65.0,35.4,43.9,,,30.22,,,,,,,,,,,,,
Garage,Temp & Humidity Sensor,2020/12/23 11:35 PM,46.5,65.0,35.4,43.9,,,30.22,,,,,,,,,,,,,
Garage,Temp & Humidity Sensor,2020/12/23 11:40 PM,46.5,65.0,35.4,43.9,,,30.22,,,,,,,,,,,,,
Garage,Temp & Humidity Sensor,2020/12/23 11:45 PM,46.7,65.0,35.6,44.1,,,30.22,,,,,,,,,,,,,
Garage,Temp & Humidity Sensor,2020/12/23 11:50 PM,46.7,65.0,35.6,44.1,,,30.22,,,,,,,,,,,,,
Garage,Temp & Humidity Sensor,2020/12/23 11:55 PM,46.7,65.0,35.6,44.1,,,30.22,,,,,,,,,,,,,
Garage,Temp & Humidity Sensor,2020/12/24 12:00 AM,46.7,65.0,35.6,44.1,,,30.22,,,,,,,,,,,,,
Garage,Temp & Humidity Sensor,2020/12/24 12:05 AM,46.7,65.0,35.6,44.1,,,30.21,,,,,,,,,,,,,
Garage,Temp & Humidity Sensor,2020/12/24 12:10 AM,46.7,65.0,35.6,44.1,,,30.21,,,,,,,,,,,,,
Garage,Temp & Humidity Sensor,2020/12/24 12:15 AM,46.7,65.0,35.6,44.1,,,30.21,,,,,,,,,,,,,
Garage,Temp & Humidity Sensor,2020/12/24 12:20 AM,46.7,65.0,35.6,44.1,,,30.21,,,,,,,,,,,,,
Garage,Temp & Humidity Sensor,2020/12/24 12:25 AM,46.9,65.0,35.8,44.3,,,30.21,,,,,,,,,,,,,
Garage,Temp & Humidity Sensor,2020/12/24 12:30 AM,46.9,65.0,35.8,44.3,,,30.2,,,,,,,,,,,,,
Garage,Temp & Humidity Sensor,2020/12/24 12:35 AM,46.9,65.0,35.8,44.3,,,30.2,,,,,,,,,,,,,
Garage,Temp & Humidity Sensor,2020/12/24 12:40 AM,46.9,65.0,35.8,44.3,,,30.2,,,,,,,,,,,,,
Garage,Temp & Humidity Sensor,2020/12/24 12:45 AM,46.9,65.0,35.8,44.3,,,30.19,,,,,,,,,,,,,
Garage,Temp & Humidity Sensor,2020/12/24 12:50 AM,46.9,65.0,35.8,44.3,,,30.19,,,,,,,,,,,,,
Garage,Temp & Humidity Sensor,2020/12/24 12:55 AM,47.1,65.0,35.9,44.6,,,30.18,,,,,,,,,,,,,
Garage,Temp & Humidity Sensor,2020/12/24 1:00 AM,47.1,65.0,35.9,44.6,,,30.18,,,,,,,,,,,,,
Garage,Temp & Humidity Sensor,2020/12/24 1:05 AM,47.1,65.0,35.9,44.6,,,30.17,,,,,,,,,,,,,
Garage,Temp & Humidity Sensor,2020/12/24 1:10 AM,47.1,65.0,35.9,44.6,,,30.17,,,,,,,,,,,,,
Garage,Temp & Humidity Sensor,2020/12/24 1:15 AM,47.1,65.0,35.9,44.6,,,30.17,,,,,,,,,,,,,
Garage,Temp & Humidity Sensor,2020/12/24 1:20 AM,47.1,65.0,35.9,44.6,,,30.17,,,,,,,,,,,,,
Garage,Temp & Humidity Sensor,2020/12/24 1:25 AM,47.3,65.0,36.1,44.8,,,30.16,,,,,,,,,,,,,
Garage,Temp & Humidity Sensor,2020/12/24 1:30 AM,47.3,65.0,36.1,44.8,,,30.16,,,,,,,,,,,,,
Garage,Temp & Humidity Sensor,2020/12/24 1:35 AM,47.3,66.0,36.5,44.8,,,30.16,,,,,,,,,,,,,
Garage,Temp & Humidity Sensor,2020/12/24 1:40 AM,47.3,66.0,36.5,44.8,,,30.15,,,,,,,,,,,,,
Garage,Temp & Humidity Sensor,2020/12/24 1:45 AM,47.3,66.0,36.5,44.8,,,30.15,,,,,,,,,,,,,
Garage,Temp & Humidity Sensor,2020/12/24 1:50 AM,47.4,66.0,36.6,44.9,,,30.15,,,,,,,,,,,,,
Garage,Temp & Humidity Sensor,2020/12/24 1:55 AM,47.4,66.0,36.6,44.9,,,30.15,,,,,,,,,,,,,
Garage,Temp & Humidity Sensor,2020/12/24 2:00 AM,47.4,66.0,36.6,44.9,,,30.15,,,,,,,,,,,,,
Garage,Temp & Humidity Sensor,2020/12/24 2:05 AM,47.4,66.0,36.6,44.9,,,30.14,,,,,,,,,,,,,
Garage,Temp & Humidity Sensor,2020/12/24 2:10 AM,47.4,66.0,36.6,44.9,,,30.14,,,,,,,,,,,,,
Garage,Temp & Humidity Sensor,2020/12/24 2:15 AM,47.4,66.0,36.6,44.9,,,30.14,,,,,,,,,,,,,
Garage,Temp & Humidity Sensor,2020/12/24 2:20 AM,47.6,66.0,36.8,45.2,,,30.14,,,,,,,,,,,,,
Garage,Temp & Humidity Sensor,2020/12/24 2:25 AM,47.6,66.0,36.8,45.2,,,30.13,,,,,,,,,,,,,
Garage,Temp & Humidity Sensor,2020/12/24 2:30 AM,47.6,66.0,36.8,45.2,,,30.13,,,,,,,,,,,,,
Garage,Temp & Humidity Sensor,2020/12/24 2:35 AM,47.6,66.0,36.8,45.2,,,30.13,,,,,,,,,,,,,
Garage,Temp & Humidity Sensor,2020/12/24 2:40 AM,47.6,66.0,36.8,45.2,,,30.13,,,,,,,,,,,,,
Garage,Temp & Humidity Sensor,2020/12/24 2:45 AM,47.6,66.0,36.8,45.2,,,30.12,,,,,,,,,,,,,
Garage,Temp & Humidity Sensor,2020/12/24 2:50 AM,47.8,66.0,37.0,45.4,,,30.12,,,,,,,,,,,,,
Garage,Temp & Humidity Sensor,2020/12/24 2:55 AM,47.8,66.0,37.0,45.4,,,30.11,,,,,,,,,,,,,
Garage,Temp & Humidity Sensor,2020/12/24 3:00 AM,47.8,66.0,37.0,45.4,,,30.11,,,,,,,,,,,,,
Garage,Temp & Humidity Sensor,2020/12/24 3:05 AM,47.8,66.0,37.0,45.4,,,30.11,,,,,,,,,,,,,
Garage,Temp & Humidity Sensor,2020/12/24 3:10 AM,47.8,66.0,37.0,45.4,,,30.1,,,,,,,,,,,,,
Garage,Temp & Humidity Sensor,2020/12/24 3:15 AM,47.8,66.0,37.0,45.4,,,30.1,,,,,,,,,,,,,
Garage,Temp & Humidity Sensor,2020/12/24 3:20 AM,48.0,66.0,37.2,45.6,,,30.09,,,,,,,,,,,,,
Garage,Temp & Humidity Sensor,2020/12/24 3:25 AM,48.0,66.0,37.2,45.6,,,30.09,,,,,,,,,,,,,
Garage,Temp & Humidity Sensor,2020/12/24 3:30 AM,48.0,66.0,37.2,45.6,,,30.09,,,,,,,,,,,,,
Garage,Temp & Humidity Sensor,2020/12/24 3:35 AM,48.0,67.0,37.6,45.6,,,30.09,,,,,,,,,,,,,
Garage,Temp & Humidity Sensor,2020/12/24 3:40 AM,48.0,67.0,37.6,45.6,,,30.09,,,,,,,,,,,,,
Garage,Temp & Humidity Sensor,2020/12/24 3:45 AM,48.2,66.0,37.4,45.8,,,30.09,,,,,,,,,,,,,
Garage,Temp & Humidity Sensor,2020/12/24 3:50 AM,48.2,66.0,37.4,45.8,,,30.08,,,,,,,,,,,,,
Garage,Temp & Humidity Sensor,2020/12/24 3:55 AM,48.2,66.0,37.4,45.8,,,30.08,,,,,,,,,,,,,
Garage,Temp & Humidity Sensor,2020/12/24 4:00 AM,48.2,66.0,37.4,45.8,,,30.07,,,,,,,,,,,,,
Garage,Temp & Humidity Sensor,2020/12/24 4:05 AM,48.2,66.0,37.4,45.8,,,30.07,,,,,,,,,,,,,
Garage,Temp & Humidity Sensor,2020/12/24 4:15 AM,48.2,66.0,37.4,45.8,,,30.07,,,,,,,,,,,,,
Garage,Temp & Humidity Sensor,2020/12/24 4:20 AM,48.3,66.0,37.5,45.9,,,30.06,,,,,,,,,,,,,
Garage,Temp & Humidity Sensor,2020/12/24 4:25 AM,48.3,66.0,37.5,45.9,,,30.06,,,,,,,,,,,,,
Garage,Temp & Humidity Sensor,2020/12/24 4:30 AM,48.5,67.0,38.0,46.2,,,30.06,,,,,,,,,,,,,
Garage,Temp & Humidity Sensor,2020/12/24 4:35 AM,48.5,67.0,38.0,46.2,,,30.05,,,,,,,,,,,,,
Garage,Temp & Humidity Sensor,2020/12/24 4:40 AM,48.5,67.0,38.0,46.2,,,30.06,,,,,,,,,,,,,
Garage,Temp & Humidity Sensor,2020/12/24 4:45 AM,48.5,67.0,38.0,46.2,,,30.06,,,,,,,,,,,,,
Garage,Temp & Humidity Sensor,2020/12/24 4:50 AM,48.7,67.0,38.2,46.4,,,30.05,,,,,,,,,,,,,
Garage,Temp & Humidity Sensor,2020/12/24 4:55 AM,48.7,67.0,38.2,46.4,,,30.05,,,,,,,,,,,,,
Garage,Temp & Humidity Sensor,2020/12/24 5:00 AM,48.7,67.0,38.2,46.4,,,30.05,,,,,,,,,,,,,
Garage,Temp & Humidity Sensor,2020/12/24 5:05 AM,48.7,67.0,38.2,46.4,,,30.05,,,,,,,,,,,,,
Garage,Temp & Humidity Sensor,2020/12/24 5:10 AM,48.9,67.0,38.4,46.6,,,30.05,,,,,,,,,,,,,
Garage,Temp & Humidity Sensor,2020/12/24 5:15 AM,48.9,67.0,38.4,46.6,,,30.05,,,,,,,,,,,,,
Garage,Temp & Humidity Sensor,2020/12/24 5:20 AM,48.9,67.0,38.4,46.6,,,30.04,,,,,,,,,,,,,
Garage,Temp & Humidity Sensor,2020/12/24 5:25 AM,48.9,67.0,38.4,46.6,,,30.04,,,,,,,,,,,,,
Garage,Temp & Humidity Sensor,2020/12/24 5:30 AM,48.9,67.0,38.4,46.6,,,30.04,,,,,,,,,,,,,
Garage,Temp & Humidity Sensor,2020/12/24 5:35 AM,49.1,67.0,38.6,46.9,,,30.04,,,,,,,,,,,,,
Garage,Temp & Humidity Sensor,2020/12/24 5:40 AM,49.1,67.0,38.6,46.9,,,30.03,,,,,,,,,,,,,
Garage,Temp & Humidity Sensor,2020/12/24 5:45 AM,49.1,67.0,38.6,46.9,,,30.03,,,,,,,,,,,,,
Garage,Temp & Humidity Sensor,2020/12/24 5:50 AM,49.1,67.0,38.6,46.9,,,30.03,,,,,,,,,,,,,
Garage,Temp & Humidity Sensor,2020/12/24 5:55 AM,49.1,67.0,38.6,46.9,,,30.03,,,,,,,,,,,,,
Garage,Temp & Humidity Sensor,2020/12/24 6:00 AM,49.2,67.0,38.7,47.0,,,30.03,,,,,,,,,,,,,
Garage,Temp & Humidity Sensor,2020/12/24 6:05 AM,49.2,67.0,38.7,47.0,,,30.03,,,,,,,,,,,,,
Garage,Temp & Humidity Sensor,2020/12/24 6:10 AM,49.2,67.0,38.7,47.0,,,30.03,,,,,,,,,,,,,
Garage,Temp & Humidity Sensor,2020/12/24 6:15 AM,49.2,68.0,39.1,47.0,,,30.03,,,,,,,,,,,,,
Garage,Temp & Humidity Sensor,2020/12/24 6:20 AM,49.4,68.0,39.3,47.2,,,30.03,,,,,,,,,,,,,
Garage,Temp & Humidity Sensor,2020/12/24 6:25 AM,49.4,68.0,39.3,47.2,,,30.04,,,,,,,,,,,,,
Garage,Temp & Humidity Sensor,2020/12/24 6:30 AM,49.4,68.0,39.3,47.2,,,30.05,,,,,,,,,,,,,
Garage,Temp & Humidity Sensor,2020/12/24 6:35 AM,49.6,68.0,39.5,47.5,,,30.04,,,,,,,,,,,,,
Garage,Temp & Humidity Sensor,2020/12/24 6:40 AM,49.6,68.0,39.5,47.5,,,30.04,,,,,,,,,,,,,
Garage,Temp & Humidity Sensor,2020/12/24 6:45 AM,49.6,68.0,39.5,47.5,,,30.04,,,,,,,,,,,,,
Garage,Temp & Humidity Sensor,2020/12/24 6:50 AM,49.6,68.0,39.5,47.5,,,30.03,,,,,,,,,,,,,
Garage,Temp & Humidity Sensor,2020/12/24 6:55 AM,49.8,68.0,39.7,47.7,,,30.04,,,,,,,,,,,,,
Garage,Temp & Humidity Sensor,2020/12/24 7:00 AM,49.8,68.0,39.7,47.7,,,30.03,,,,,,,,,,,,,
Garage,Temp & Humidity Sensor,2020/12/24 7:05 AM,49.8,68.0,39.7,47.7,,,30.03,,,,,,,,,,,,,
Garage,Temp & Humidity Sensor,2020/12/24 7:10 AM,50.0,68.0,39.9,47.9,,,30.03,,,,,,,,,,,,,
Garage,Temp & Humidity Sensor,2020/12/24 7:15 AM,50.0,68.0,39.9,47.9,,,30.02,,,,,,,,,,,,,
Garage,Temp & Humidity Sensor,2020/12/24 7:20 AM,50.0,68.0,39.9,47.9,,,30.03,,,,,,,,,,,,,
Garage,Temp & Humidity Sensor,2020/12/24 7:25 AM,50.1,68.0,40.0,48.0,,,30.03,,,,,,,,,,,,,
Garage,Temp & Humidity Sensor,2020/12/24 7:30 AM,50.1,68.0,40.0,48.0,,,30.02,,,,,,,,,,,,,
Garage,Temp & Humidity Sensor,2020/12/24 7:35 AM,50.1,68.0,40.0,48.0,,,30.03,,,,,,,,,,,,,
Garage,Temp & Humidity Sensor,2020/12/24 7:40 AM,50.3,68.0,40.1,48.2,,,30.02,,,,,,,,,,,,,
Garage,Temp & Humidity Sensor,2020/12/24 7:45 AM,50.3,68.0,40.1,48.2,,,30.02,,,,,,,,,,,,,
Garage,Temp & Humidity Sensor,2020/12/24 7:50 AM,50.3,68.0,40.1,48.2,,,30.01,,,,,,,,,,,,,
Garage,Temp & Humidity Sensor,2020/12/24 7:55 AM,50.5,69.0,40.7,48.5,,,30.01,,,,,,,,,,,,,
Garage,Temp & Humidity Sensor,2020/12/24 8:00 AM,50.5,69.0,40.7,48.5,,,30.0,,,,,,,,,,,,,
Garage,Temp & Humidity Sensor,2020/12/24 8:05 AM,50.5,69.0,40.7,48.5,,,30.0,,,,,,,,,,,,,
Garage,Temp & Humidity Sensor,2020/12/24 8:10 AM,50.7,69.0,40.9,48.7,,,30.0,,,,,,,,,,,,,
Garage,Temp & Humidity Sensor,2020/12/24 8:15 AM,50.7,69.0,40.9,48.7,,,30.01,,,,,,,,,,,,,
Garage,Temp & Humidity Sensor,2020/12/24 8:20 AM,50.7,69.0,40.9,48.7,,,30.01,,,,,,,,,,,,,
Garage,Temp & Humidity Sensor,2020/12/24 8:25 AM,50.7,69.0,40.9,48.7,,,30.0,,,,,,,,,,,,,
Garage,Temp & Humidity Sensor,2020/12/24 8:30 AM,50.9,69.0,41.1,48.9,,,30.0,,,,,,,,,,,,,
Garage,Temp & Humidity Sensor,2020/12/24 8:35 AM,50.9,69.0,41.1,48.9,,,29.98,,,,,,,,,,,,,
Garage,Temp & Humidity Sensor,2020/12/24 8:40 AM,50.9,69.0,41.1,48.9,,,29.98,,,,,,,,,,,,,
Garage,Temp & Humidity Sensor,2020/12/24 8:45 AM,51.0,69.0,41.2,49.0,,,29.98,,,,,,,,,,,,,
Garage,Temp & Humidity Sensor,2020/12/24 8:50 AM,51.0,69.0,41.2,49.0,,,29.98,,,,,,,,,,,,,
Garage,Temp & Humidity Sensor,2020/12/24 8:55 AM,51.0,69.0,41.2,49.0,,,30.0,,,,,,,,,,,,,
Garage,Temp & Humidity Sensor,2020/12/24 9:00 AM,51.0,69.0,41.2,49.0,,,29.99,,,,,,,,,,,,,
Garage,Temp & Humidity Sensor,2020/12/24 9:05 AM,51.2,69.0,41.4,49.3,,,29.99,,,,,,,,,,,,,
Garage,Temp & Humidity Sensor,2020/12/24 9:10 AM,51.2,69.0,41.4,49.3,,,29.99,,,,,,,,,,,,,
Garage,Temp & Humidity Sensor,2020/12/24 9:15 AM,51.2,70.0,41.8,49.3,,,29.99,,,,,,,,,,,,,
Garage,Temp & Humidity Sensor,2020/12/24 9:20 AM,51.4,70.0,41.9,49.5,,,29.98,,,,,,,,,,,,,
Garage,Temp & Humidity Sensor,2020/12/24 9:25 AM,51.4,70.0,41.9,49.5,,,29.98,,,,,,,,,,,,,
Garage,Temp & Humidity Sensor,2020/12/24 9:30 AM,51.4,70.0,41.9,49.5,,,29.98,,,,,,,,,,,,,
Garage,Temp & Humidity Sensor,2020/12/24 9:35 AM,51.4,70.0,41.9,49.5,,,29.98,,,,,,,,,,,,,
Garage,Temp & Humidity Sensor,2020/12/24 9:40 AM,51.6,70.0,42.1,49.8,,,29.97,,,,,,,,,,,,,
Garage,Temp & Humidity Sensor,2020/12/24 9:45 AM,51.6,70.0,42.1,49.8,,,29.97,,,,,,,,,,,,,
Garage,Temp & Humidity Sensor,2020/12/24 9:50 AM,51.6,70.0,42.1,49.8,,,29.97,,,,,,,,,,,,,
Garage,Temp & Humidity Sensor,2020/12/24 9:55 AM,51.6,70.0,42.1,49.8,,,29.97,,,,,,,,,,,,,
Garage,Temp & Humidity Sensor,2020/12/24 10:00 AM,51.8,69.0,42.0,49.9,,,29.96,,,,,,,,,,,,,
Garage,Temp & Humidity Sensor,2020/12/24 10:05 AM,51.8,69.0,42.0,49.9,,,29.95,,,,,,,,,,,,,
Garage,Temp & Humidity Sensor,2020/12/24 10:10 AM,51.8,69.0,42.0,49.9,,,29.95,,,,,,,,,,,,,
Garage,Temp & Humidity Sensor,2020/12/24 10:15 AM,51.9,69.0,42.1,50.0,,,29.94,,,,,,,,,,,,,
Garage,Temp & Humidity Sensor,2020/12/24 10:20 AM,51.9,70.0,42.4,50.1,,,29.94,,,,,,,,,,,,,
Garage,Temp & Humidity Sensor,2020/12/24 10:25 AM,51.9,70.0,42.4,50.1,,,29.94,,,,,,,,,,,,,
Garage,Temp & Humidity Sensor,2020/12/24 10:30 AM,52.1,70.0,42.6,50.3,,,29.94,,,,,,,,,,,,,
Garage,Temp & Humidity Sensor,2020/12/24 10:35 AM,52.1,70.0,42.6,50.3,,,29.94,,,,,,,,,,,,,
Garage,Temp & Humidity Sensor,2020/12/24 10:40 AM,52.1,70.0,42.6,50.3,,,29.94,,,,,,,,,,,,,
Garage,Temp & Humidity Sensor,2020/12/24 10:45 AM,52.1,70.0,42.6,50.3,,,29.93,,,,,,,,,,,,,
Garage,Temp & Humidity Sensor,2020/12/24 10:50 AM,52.3,70.0,42.8,50.5,,,29.93,,,,,,,,,,,,,
Garage,Temp & Humidity Sensor,2020/12/24 10:55 AM,52.3,70.0,42.8,50.5,,,29.92,,,,,,,,,,,,,
Garage,Temp & Humidity Sensor,2020/12/24 11:00 AM,52.5,70.0,43.0,50.7,,,29.91,,,,,,,,,,,,,
Garage,Temp & Humidity Sensor,2020/12/24 11:05 AM,52.5,70.0,43.0,50.7,,,29.91,,,,,,,,,,,,,
Garage,Temp & Humidity Sensor,2020/12/24 11:10 AM,52.7,71.0,43.6,51.0,,,29.91,,,,,,,,,,,,,
Garage,Temp & Humidity Sensor,2020/12/24 11:15 AM,52.7,71.0,43.6,51.0,,,29.9,,,,,,,,,,,,,
Garage,Temp & Humidity Sensor,2020/12/24 11:20 AM,52.8,71.0,43.7,51.1,,,29.89,,,,,,,,,,,,,
Garage,Temp & Humidity Sensor,2020/12/24 11:25 AM,52.8,71.0,43.7,51.1,,,29.88,,,,,,,,,,,,,
Garage,Temp & Humidity Sensor,2020/12/24 11:30 AM,53.0,71.0,43.9,51.3,,,29.88,,,,,,,,,,,,,
Garage,Temp & Humidity Sensor,2020/12/24 11:35 AM,53.2,71.0,44.0,51.6,,,29.88,,,,,,,,,,,,,
Garage,Temp & Humidity Sensor,2020/12/24 11:40 AM,53.2,71.0,44.0,51.6,,,29.87,,,,,,,,,,,,,
Garage,Temp & Humidity Sensor,2020/12/24 11:45 AM,53.4,71.0,44.2,51.8,,,29.87,,,,,,,,,,,,,
Garage,Temp & Humidity Sensor,2020/12/24 11:50 AM,53.4,71.0,44.2,51.8,,,29.85,,,,,,,,,,,,,
Garage,Temp & Humidity Sensor,2020/12/24 11:55 AM,53.6,71.0,44.4,52.0,,,29.85,,,,,,,,,,,,,
Garage,Temp & Humidity Sensor,2020/12/24 12:00 PM,53.6,71.0,44.4,52.0,,,29.85,,,,,,,,,,,,,
Garage,Temp & Humidity Sensor,2020/12/24 12:05 PM,53.7,71.0,44.5,52.1,,,29.85,,,,,,,,,,,,,
Garage,Temp & Humidity Sensor,2020/12/24 12:10 PM,53.9,71.0,44.7,52.3,,,29.84,,,,,,,,,,,,,
Garage,Temp & Humidity Sensor,2020/12/24 12:15 PM,53.9,71.0,44.7,52.3,,,29.84,,,,,,,,,,,,,
Garage,Temp & Humidity Sensor,2020/12/24 12:20 PM,53.9,71.0,44.7,52.3,,,29.83,,,,,,,,,,,,,
Garage,Temp & Humidity Sensor,2020/12/24 12:25 PM,54.1,71.0,44.9,52.5,,,29.83,,,,,,,,,,,,,
Garage,Temp & Humidity Sensor,2020/12/24 12:30 PM,54.3,71.0,45.1,52.8,,,29.82,,,,,,,,,,,,,
Garage,Temp & Humidity Sensor,2020/12/24 12:35 PM,54.3,71.0,45.1,52.8,,,29.82,,,,,,,,,,,,,
Garage,Temp & Humidity Sensor,2020/12/24 12:40 PM,54.3,71.0,45.1,52.8,,,29.82,,,,,,,,,,,,,
Garage,Temp & Humidity Sensor,2020/12/24 12:45 PM,54.5,71.0,45.3,53.0,,,29.81,,,,,,,,,,,,,
Garage,Temp & Humidity Sensor,2020/12/24 12:50 PM,54.5,72.0,45.7,53.0,,,29.8,,,,,,,,,,,,,
Garage,Temp & Humidity Sensor,2020/12/24 12:55 PM,54.5,72.0,45.7,53.0,,,29.8,,,,,,,,,,,,,
Garage,Temp & Humidity Sensor,2020/12/24 1:00 PM,54.6,72.0,45.8,53.1,,,29.8,,,,,,,,,,,,,
Garage,Temp & Humidity Sensor,2020/12/24 1:05 PM,54.6,71.0,45.4,53.1,,,29.8,,,,,,,,,,,,,
Garage,Temp & Humidity Sensor,2020/12/24 1:10 PM,54.8,71.0,45.6,53.3,,,29.8,,,,,,,,,,,,,
Garage,Temp & Humidity Sensor,2020/12/24 1:15 PM,54.8,71.0,45.6,53.3,,,29.79,,,,,,,,,,,,,
Garage,Temp & Humidity Sensor,2020/12/24 1:20 PM,55.0,72.0,46.1,53.6,,,29.79,,,,,,,,,,,,,
Garage,Temp & Humidity Sensor,2020/12/24 1:25 PM,55.0,72.0,46.1,53.6,,,29.79,,,,,,,,,,,,,
Garage,Temp & Humidity Sensor,2020/12/24 1:30 PM,55.2,72.0,46.3,53.8,,,29.78,,,,,,,,,,,,,
Garage,Temp & Humidity Sensor,2020/12/24 1:35 PM,55.2,72.0,46.3,53.8,,,29.78,,,,,,,,,,,,,
Garage,Temp & Humidity Sensor,2020/12/24 1:40 PM,55.4,71.0,46.2,54.0,,,29.78,,,,,,,,,,,,,
Garage,Temp & Humidity Sensor,2020/12/24 1:45 PM,55.4,71.0,46.2,54.0,,,29.78,,,,,,,,,,,,,
Garage,Temp & Humidity Sensor,2020/12/24 1:50 PM,55.4,71.0,46.2,54.0,,,29.79,,,,,,,,,,,,,
Garage,Temp & Humidity Sensor,2020/12/24 1:55 PM,55.5,71.0,46.3,54.1,,,29.79,,,,,,,,,,,,,
Garage,Temp & Humidity Sensor,2020/12/24 2:00 PM,55.5,71.0,46.3,54.1,,,29.79,,,,,,,,,,,,,
Garage,Temp & Humidity Sensor,2020/12/24 2:05 PM,55.5,71.0,46.3,54.1,,,29.78,,,,,,,,,,,,,
Garage,Temp & Humidity Sensor,2020/12/24 2:10 PM,55.7,72.0,46.8,54.4,,,29.78,,,,,,,,,,,,,
Garage,Temp & Humidity Sensor,2020/12/24 2:15 PM,55.7,72.0,46.8,54.4,,,29.78,,,,,,,,,,,,,
Garage,Temp & Humidity Sensor,2020/12/24 2:20 PM,55.7,72.0,46.8,54.4,,,29.78,,,,,,,,,,,,,
Garage,Temp & Humidity Sensor,2020/12/24 2:25 PM,55.9,72.0,47.0,54.6,,,29.77,,,,,,,,,,,,,
Garage,Temp & Humidity Sensor,2020/12/24 2:30 PM,55.9,72.0,47.0,54.6,,,29.76,,,,,,,,,,,,,
Garage,Temp & Humidity Sensor,2020/12/24 2:35 PM,56.1,72.0,47.2,54.8,,,29.76,,,,,,,,,,,,,
Garage,Temp & Humidity Sensor,2020/12/24 2:40 PM,56.1,72.0,47.2,54.8,,,29.75,,,,,,,,,,,,,
Garage,Temp & Humidity Sensor,2020/12/24 2:45 PM,56.3,72.0,47.4,55.0,,,29.74,,,,,,,,,,,,,
Garage,Temp & Humidity Sensor,2020/12/24 2:50 PM,56.3,73.0,47.8,55.1,,,29.74,,,,,,,,,,,,,
Garage,Temp & Humidity Sensor,2020/12/24 2:55 PM,56.4,73.0,47.9,55.2,,,29.74,,,,,,,,,,,,,
Garage,Temp & Humidity Sensor,2020/12/24 3:00 PM,56.4,73.0,47.9,55.2,,,29.74,,,,,,,,,,,,,
Garage,Temp & Humidity Sensor,2020/12/24 3:05 PM,56.6,73.0,48.0,55.4,,,29.74,,,,,,,,,,,,,
Garage,Temp & Humidity Sensor,2020/12/24 3:10 PM,56.6,73.0,48.0,55.4,,,29.74,,,,,,,,,,,,,
Garage,Temp & Humidity Sensor,2020/12/24 3:15 PM,56.8,73.0,48.2,55.6,,,29.73,,,,,,,,,,,,,
Garage,Temp & Humidity Sensor,2020/12/24 3:20 PM,56.8,73.0,48.2,55.6,,,29.73,,,,,,,,,,,,,
Garage,Temp & Humidity Sensor,2020/12/24 3:25 PM,56.8,73.0,48.2,55.6,,,29.73,,,,,,,,,,,,,
Garage,Temp & Humidity Sensor,2020/12/24 3:30 PM,57.0,73.0,48.4,55.8,,,29.72,,,,,,,,,,,,,
Garage,Temp & Humidity Sensor,2020/12/24 3:35 PM,57.0,73.0,48.4,55.8,,,29.72,,,,,,,,,,,,,
Garage,Temp & Humidity Sensor,2020/12/24 3:40 PM,57.2,73.0,48.6,56.1,,,29.71,,,,,,,,,,,,,
Garage,Temp & Humidity Sensor,2020/12/24 3:45 PM,57.2,73.0,48.6,56.1,,,29.7,,,,,,,,,,,,,
Garage,Temp & Humidity Sensor,2020/12/24 3:50 PM,57.2,73.0,48.6,56.1,,,29.7,,,,,,,,,,,,,
Garage,Temp & Humidity Sensor,2020/12/24 3:55 PM,57.2,73.0,48.6,56.1,,,29.7,,,,,,,,,,,,,
Garage,Temp & Humidity Sensor,2020/12/24 4:00 PM,57.3,73.0,48.7,56.2,,,29.69,,,,,,,,,,,,,
Garage,Temp & Humidity Sensor,2020/12/24 4:05 PM,57.3,73.0,48.7,56.2,,,29.69,,,,,,,,,,,,,
Garage,Temp & Humidity Sensor,2020/12/24 4:10 PM,57.3,73.0,48.7,56.2,,,29.69,,,,,,,,,,,,,
Garage,Temp & Humidity Sensor,2020/12/24 4:15 PM,57.3,73.0,48.7,56.2,,,29.69,,,,,,,,,,,,,
Garage,Temp & Humidity Sensor,2020/12/24 4:20 PM,57.5,73.0,48.9,56.4,,,29.69,,,,,,,,,,,,,
Garage,Temp & Humidity Sensor,2020/12/24 4:25 PM,57.5,73.0,48.9,56.4,,,29.69,,,,,,,,,,,,,
Garage,Temp & Humidity Sensor,2020/12/24 4:30 PM,57.5,73.0,48.9,56.4,,,29.69,,,,,,,,,,,,,
Garage,Temp & Humidity Sensor,2020/12/24 4:35 PM,57.5,73.0,48.9,56.4,,,29.68,,,,,,,,,,,,,
Garage,Temp & Humidity Sensor,2020/12/24 4:40 PM,57.5,73.0,48.9,56.4,,,29.68,,,,,,,,,,,,,
Garage,Temp & Humidity Sensor,2020/12/24 4:45 PM,57.5,73.0,48.9,56.4,,,29.68,,,,,,,,,,,,,
Garage,Temp & Humidity Sensor,2020/12/24 4:50 PM,57.7,73.0,49.1,56.6,,,29.68,,,,,,,,,,,,,
Garage,Temp & Humidity Sensor,2020/12/24 4:55 PM,57.7,73.0,49.1,56.6,,,29.67,,,,,,,,,,,,,
Garage,Temp & Humidity Sensor,2020/12/24 5:00 PM,57.7,73.0,49.1,56.6,,,29.66,,,,,,,,,,,,,
Garage,Temp & Humidity Sensor,2020/12/24 5:05 PM,57.7,73.0,49.1,56.6,,,29.67,,,,,,,,,,,,,
Garage,Temp & Humidity Sensor,2020/12/24 5:10 PM,57.7,73.0,49.1,56.6,,,29.66,,,,,,,,,,,,,
Garage,Temp & Humidity Sensor,2020/12/24 5:15 PM,57.7,73.0,49.1,56.6,,,29.66,,,,,,,,,,,,,
Garage,Temp & Humidity Sensor,2020/12/24 5:20 PM,57.7,73.0,49.1,56.6,,,29.65,,,,,,,,,,,,,
Garage,Temp & Humidity Sensor,2020/12/24 5:25 PM,57.7,73.0,49.1,56.6,,,29.65,,,,,,,,,,,,,
Garage,Temp & Humidity Sensor,2020/12/24 5:30 PM,57.7,73.0,49.1,56.6,,,29.64,,,,,,,,,,,,,
Garage,Temp & Humidity Sensor,2020/12/24 5:35 PM,57.7,73.0,49.1,56.6,,,29.64,,,,,,,,,,,,,
Garage,Temp & Humidity Sensor,2020/12/24 5:40 PM,57.9,73.0,49.3,56.8,,,29.64,,,,,,,,,,,,,
Garage,Temp & Humidity Sensor,2020/12/24 5:45 PM,57.9,73.0,49.3,56.8,,,29.63,,,,,,,,,,,,,
Garage,Temp & Humidity Sensor,2020/12/24 5:50 PM,57.9,74.0,49.7,56.9,,,29.62,,,,,,,,,,,,,
Garage,Temp & Humidity Sensor,2020/12/24 5:55 PM,57.9,74.0,49.7,56.9,,,29.62,,,,,,,,,,,,,
Garage,Temp & Humidity Sensor,2020/12/24 6:00 PM,57.9,74.0,49.7,56.9,,,29.61,,,,,,,,,,,,,
Garage,Temp & Humidity Sensor,2020/12/24 6:05 PM,57.9,74.0,49.7,56.9,,,29.61,,,,,,,,,,,,,
Garage,Temp & Humidity Sensor,2020/12/24 6:10 PM,57.9,74.0,49.7,56.9,,,29.6,,,,,,,,,,,,,
Garage,Temp & Humidity Sensor,2020/12/24 6:15 PM,57.9,74.0,49.7,56.9,,,29.6,,,,,,,,,,,,,
Garage,Temp & Humidity Sensor,2020/12/24 6:20 PM,57.9,74.0,49.7,56.9,,,29.6,,,,,,,,,,,,,
Garage,Temp & Humidity Sensor,2020/12/24 6:25 PM,57.9,74.0,49.7,56.9,,,29.6,,,,,,,,,,,,,
Garage,Temp & Humidity Sensor,2020/12/24 6:30 PM,57.9,74.0,49.7,56.9,,,29.59,,,,,,,,,,,,,
Garage,Temp & Humidity Sensor,2020/12/24 6:35 PM,58.1,74.0,49.9,57.1,,,29.59,,,,,,,,,,,,,
Garage,Temp & Humidity Sensor,2020/12/24 6:40 PM,58.1,74.0,49.9,57.1,,,29.59,,,,,,,,,,,,,
Garage,Temp & Humidity Sensor,2020/12/24 6:45 PM,58.1,74.0,49.9,57.1,,,29.6,,,,,,,,,,,,,
Garage,Temp & Humidity Sensor,2020/12/24 6:50 PM,58.1,74.0,49.9,57.1,,,29.6,,,,,,,,,,,,,
Garage,Temp & Humidity Sensor,2020/12/24 6:55 PM,58.1,74.0,49.9,57.1,,,29.59,,,,,,,,,,,,,
Garage,Temp & Humidity Sensor,2020/12/24 7:00 PM,58.1,74.0,49.9,57.1,,,29.6,,,,,,,,,,,,,
Garage,Temp & Humidity Sensor,2020/12/24 7:05 PM,58.1,74.0,49.9,57.1,,,29.6,,,,,,,,,,,,,
Garage,Temp & Humidity Sensor,2020/12/24 7:10 PM,58.1,74.0,49.9,57.1,,,29.6,,,,,,,,,,,,,
Garage,Temp & Humidity Sensor,2020/12/24 7:15 PM,58.1,74.0,49.9,57.1,,,29.6,,,,,,,,,,,,,
Garage,Temp & Humidity Sensor,2020/12/24 7:20 PM,58.1,74.0,49.9,57.1,,,29.6,,,,,,,,,,,,,
Garage,Temp & Humidity Sensor,2020/12/24 7:25 PM,58.1,73.0,49.5,57.0,,,29.59,,,,,,,,,,,,,
Garage,Temp & Humidity Sensor,2020/12/24 7:30 PM,57.9,73.0,49.3,56.8,,,29.58,,,,,,,,,,,,,
Garage,Temp & Humidity Sensor,2020/12/24 7:35 PM,57.9,73.0,49.3,56.8,,,29.58,,,,,,,,,,,,,
Garage,Temp & Humidity Sensor,2020/12/24 7:40 PM,57.9,73.0,49.3,56.8,,,29.59,,,,,,,,,,,,,
Garage,Temp & Humidity Sensor,2020/12/24 7:45 PM,57.9,73.0,49.3,56.8,,,29.58,,,,,,,,,,,,,
Garage,Temp & Humidity Sensor,2020/12/24 7:50 PM,57.9,73.0,49.3,56.8,,,29.57,,,,,,,,,,,,,
Garage,Temp & Humidity Sensor,2020/12/24 7:55 PM,57.9,73.0,49.3,56.8,,,29.57,,,,,,,,,,,,,
Garage,Temp & Humidity Sensor,2020/12/24 8:00 PM,57.9,73.0,49.3,56.8,,,29.56,,,,,,,,,,,,,
Garage,Temp & Humidity Sensor,2020/12/24 8:05 PM,57.9,73.0,49.3,56.8,,,29.55,,,,,,,,,,,,,
Garage,Temp & Humidity Sensor,2020/12/24 8:10 PM,57.9,73.0,49.3,56.8,,,29.55,,,,,,,,,,,,,
Garage,Temp & Humidity Sensor,2020/12/24 8:15 PM,57.9,73.0,49.3,56.8,,,29.56,,,,,,,,,,,,,
Garage,Temp & Humidity Sensor,2020/12/24 8:20 PM,57.7,73.0,49.1,56.6,,,29.55,,,,,,,,,,,,,
Garage,Temp & Humidity Sensor,2020/12/24 8:25 PM,57.7,73.0,49.1,56.6,,,29.55,,,,,,,,,,,,,
Garage,Temp & Humidity Sensor,2020/12/24 8:30 PM,57.7,73.0,49.1,56.6,,,29.56,,,,,,,,,,,,,
Garage,Temp & Humidity Sensor,2020/12/24 8:35 PM,57.7,73.0,49.1,56.6,,,29.56,,,,,,,,,,,,,
Garage,Temp & Humidity Sensor,2020/12/24 8:40 PM,57.7,73.0,49.1,56.6,,,29.56,,,,,,,,,,,,,
Garage,Temp & Humidity Sensor,2020/12/24 8:45 PM,57.7,73.0,49.1,56.6,,,29.57,,,,,,,,,,,,,
Garage,Temp & Humidity Sensor,2020/12/24 8:50 PM,57.7,73.0,49.1,56.6,,,29.56,,,,,,,,,,,,,
Garage,Temp & Humidity Sensor,2020/12/24 8:55 PM,57.7,73.0,49.1,56.6,,,29.56,,,,,,,,,,,,,
Garage,Temp & Humidity Sensor,2020/12/24 9:00 PM,57.7,73.0,49.1,56.6,,,29.56,,,,,,,,,,,,,
Garage,Temp & Humidity Sensor,2020/12/24 9:05 PM,57.7,73.0,49.1,56.6,,,29.56,,,,,,,,,,,,,
Garage,Temp & Humidity Sensor,2020/12/24 9:10 PM,57.7,73.0,49.1,56.6,,,29.56,,,,,,,,,,,,,
Garage,Temp & Humidity Sensor,2020/12/24 9:15 PM,57.7,73.0,49.1,56.6,,,29.57,,,,,,,,,,,,,
Garage,Temp & Humidity Sensor,2020/12/24 9:20 PM,57.7,73.0,49.1,56.6,,,29.57,,,,,,,,,,,,,
Garage,Temp & Humidity Sensor,2020/12/24 9:25 PM,57.7,73.0,49.1,56.6,,,29.56,,,,,,,,,,,,,
Garage,Temp & Humidity Sensor,2020/12/24 9:30 PM,57.5,73.0,48.9,56.4,,,29.56,,,,,,,,,,,,,
Garage,Temp & Humidity Sensor,2020/12/24 9:35 PM,57.5,73.0,48.9,56.4,,,29.56,,,,,,,,,,,,,
Garage,Temp & Humidity Sensor,2020/12/24 9:40 PM,57.5,73.0,48.9,56.4,,,29.57,,,,,,,,,,,,,
Garage,Temp & Humidity Sensor,2020/12/24 9:45 PM,57.5,73.0,48.9,56.4,,,29.57,,,,,,,,,,,,,
Garage,Temp & Humidity Sensor,2020/12/24 9:50 PM,57.5,73.0,48.9,56.4,,,29.56,,,,,,,,,,,,,
Garage,Temp & Humidity Sensor,2020/12/24 9:55 PM,57.5,73.0,48.9,56.4,,,29.56,,,,,,,,,,,,,
Garage,Temp & Humidity Sensor,2020/12/24 10:00 PM,57.5,73.0,48.9,56.4,,,29.56,,,,,,,,,,,,,
Garage,Temp & Humidity Sensor,2020/12/24 10:05 PM,57.3,73.0,48.7,56.2,,,29.57,,,,,,,,,,,,,
Garage,Temp & Humidity Sensor,2020/12/24 10:10 PM,57.3,73.0,48.7,56.2,,,29.56,,,,,,,,,,,,,
Garage,Temp & Humidity Sensor,2020/12/24 10:15 PM,57.3,73.0,48.7,56.2,,,29.56,,,,,,,,,,,,,
Garage,Temp & Humidity Sensor,2020/12/24 10:20 PM,57.3,73.0,48.7,56.2,,,29.55,,,,,,,,,,,,,
Garage,Temp & Humidity Sensor,2020/12/24 10:25 PM,57.3,73.0,48.7,56.2,,,29.55,,,,,,,,,,,,,
Garage,Temp & Humidity Sensor,2020/12/24 10:30 PM,57.3,73.0,48.7,56.2,,,29.55,,,,,,,,,,,,,
Garage,Temp & Humidity Sensor,2020/12/24 10:35 PM,57.2,73.0,48.6,56.1,,,29.55,,,,,,,,,,,,,
Garage,Temp & Humidity Sensor,2020/12/24 10:40 PM,57.2,73.0,48.6,56.1,,,29.55,,,,,,,,,,,,,
Garage,Temp & Humidity Sensor,2020/12/24 10:45 PM,57.2,73.0,48.6,56.1,,,29.55,,,,,,,,,,,,,
Garage,Temp & Humidity Sensor,2020/12/24 10:50 PM,57.2,73.0,48.6,56.1,,,29.55,,,,,,,,,,,,,
Garage,Temp & Humidity Sensor,2020/12/24 10:55 PM,57.2,73.0,48.6,56.1,,,29.54,,,,,,,,,,,,,
Garage,Temp & Humidity Sensor,2020/12/24 11:00 PM,57.2,73.0,48.6,56.1,,,29.54,,,,,,,,,,,,,
Garage,Temp & Humidity Sensor,2020/12/24 11:05 PM,57.0,74.0,48.8,55.9,,,29.54,,,,,,,,,,,,,
Garage,Temp & Humidity Sensor,2020/12/24 11:10 PM,57.0,74.0,48.8,55.9,,,29.54,,,,,,,,,,,,,
Garage,Temp & Humidity Sensor,2020/12/24 11:15 PM,57.0,74.0,48.8,55.9,,,29.54,,,,,,,,,,,,,
Garage,Temp & Humidity Sensor,2020/12/24 11:20 PM,57.0,74.0,48.8,55.9,,,29.54,,,,,,,,,,,,,
Garage,Temp & Humidity Sensor,2020/12/24 11:25 PM,57.0,74.0,48.8,55.9,,,29.54,,,,,,,,,,,,,
Garage,Temp & Humidity Sensor,2020/12/24 11:30 PM,57.0,74.0,48.8,55.9,,,29.53,,,,,,,,,,,,,
Garage,Temp & Humidity Sensor,2020/12/24 11:35 PM,56.8,74.0,48.6,55.7,,,29.53,,,,,,,,,,,,,
Garage,Temp & Humidity Sensor,2020/12/24 11:40 PM,56.8,74.0,48.6,55.7,,,29.53,,,,,,,,,,,,,
Garage,Temp & Humidity Sensor,2020/12/24 11:45 PM,56.8,74.0,48.6,55.7,,,29.54,,,,,,,,,,,,,
Garage,Temp & Humidity Sensor,2020/12/24 11:50 PM,56.8,74.0,48.6,55.7,,,29.54,,,,,,,,,,,,,
Garage,Temp & Humidity Sensor,2020/12/24 11:55 PM,56.8,74.0,48.6,55.7,,,29.55,,,,,,,,,,,,,
Garage,Temp & Humidity Sensor,2020/12/25 12:00 AM,56.8,74.0,48.6,55.7,,,29.54,,,,,,,,,,,,,
Garage,Temp & Humidity Sensor,2020/12/25 12:05 AM,56.6,74.0,48.4,55.4,,,29.55,,,,,,,,,,,,,
Garage,Temp & Humidity Sensor,2020/12/25 12:10 AM,56.6,74.0,48.4,55.4,,,29.54,,,,,,,,,,,,,
Garage,Temp & Humidity Sensor,2020/12/25 12:15 AM,56.6,74.0,48.4,55.4,,,29.54,,,,,,,,,,,,,
Garage,Temp & Humidity Sensor,2020/12/25 12:20 AM,56.4,74.0,48.2,55.2,,,29.56,,,,,,,,,,,,,
Garage,Temp & Humidity Sensor,2020/12/25 12:25 AM,56.4,74.0,48.2,55.2,,,29.54,,,,,,,,,,,,,
Garage,Temp & Humidity Sensor,2020/12/25 12:30 AM,56.3,74.0,48.1,55.1,,,29.53,,,,,,,,,,,,,
Garage,Temp & Humidity Sensor,2020/12/25 12:35 AM,56.3,74.0,48.1,55.1,,,29.52,,,,,,,,,,,,,
Garage,Temp & Humidity Sensor,2020/12/25 12:40 AM,56.3,74.0,48.1,55.1,,,29.56,,,,,,,,,,,,,
Garage,Temp & Humidity Sensor,2020/12/25 12:45 AM,56.1,74.0,47.9,54.9,,,29.55,,,,,,,,,,,,,
Garage,Temp & Humidity Sensor,2020/12/25 12:50 AM,55.9,74.0,47.7,54.7,,,29.57,,,,,,,,,,,,,
Garage,Temp & Humidity Sensor,2020/12/25 12:55 AM,55.7,74.0,47.5,54.4,,,29.56,,,,,,,,,,,,,
Garage,Temp & Humidity Sensor,2020/12/25 1:00 AM,55.7,74.0,47.5,54.4,,,29.57,,,,,,,,,,,,,
Garage,Temp & Humidity Sensor,2020/12/25 1:05 AM,55.5,74.0,47.3,54.2,,,29.57,,,,,,,,,,,,,
Garage,Temp & Humidity Sensor,2020/12/25 1:10 AM,55.4,74.0,47.3,54.1,,,29.58,,,,,,,,,,,,,
Garage,Temp & Humidity Sensor,2020/12/25 1:15 AM,55.2,74.0,47.1,53.9,,,29.59,,,,,,,,,,,,,
Garage,Temp & Humidity Sensor,2020/12/25 1:20 AM,55.0,74.0,46.9,53.7,,,29.59,,,,,,,,,,,,,
Garage,Temp & Humidity Sensor,2020/12/25 1:25 AM,54.8,74.0,46.7,53.5,,,29.59,,,,,,,,,,,,,
Garage,Temp & Humidity Sensor,2020/12/25 1:30 AM,54.6,74.0,46.5,53.2,,,29.59,,,,,,,,,,,,,
Garage,Temp & Humidity Sensor,2020/12/25 1:35 AM,54.3,74.0,46.2,52.9,,,29.59,,,,,,,,,,,,,
Garage,Temp & Humidity Sensor,2020/12/25 1:40 AM,54.1,74.0,46.0,52.7,,,29.6,,,,,,,,,,,,,
Garage,Temp & Humidity Sensor,2020/12/25 1:45 AM,53.9,74.0,45.8,52.5,,,29.61,,,,,,,,,,,,,
Garage,Temp & Humidity Sensor,2020/12/25 1:50 AM,53.7,74.0,45.6,52.2,,,29.6,,,,,,,,,,,,,
Garage,Temp & Humidity Sensor,2020/12/25 1:55 AM,53.6,74.0,45.5,52.1,,,29.61,,,,,,,,,,,,,
Garage,Temp & Humidity Sensor,2020/12/25 2:00 AM,53.4,74.0,45.3,51.9,,,29.61,,,,,,,,,,,,,
Garage,Temp & Humidity Sensor,2020/12/25 2:05 AM,53.0,74.0,44.9,51.5,,,29.61,,,,,,,,,,,,,
Garage,Temp & Humidity Sensor,2020/12/25 2:10 AM,52.8,74.0,44.7,51.3,,,29.62,,,,,,,,,,,,,
Garage,Temp & Humidity Sensor,2020/12/25 2:15 AM,52.7,74.0,44.6,51.1,,,29.63,,,,,,,,,,,,,
Garage,Temp & Humidity Sensor,2020/12/25 2:20 AM,52.5,74.0,44.5,50.9,,,29.62,,,,,,,,,,,,,
Garage,Temp & Humidity Sensor,2020/12/25 2:25 AM,52.3,74.0,44.3,50.7,,,29.63,,,,,,,,,,,,,
Garage,Temp & Humidity Sensor,2020/12/25 2:30 AM,52.1,74.0,44.1,50.5,,,29.63,,,,,,,,,,,,,
Garage,Temp & Humidity Sensor,2020/12/25 2:35 AM,51.9,74.0,43.9,50.3,,,29.63,,,,,,,,,,,,,
Garage,Temp & Humidity Sensor,2020/12/25 2:40 AM,51.8,74.0,43.8,50.2,,,29.64,,,,,,,,,,,,,
Garage,Temp & Humidity Sensor,2020/12/25 2:45 AM,51.6,74.0,43.6,49.9,,,29.65,,,,,,,,,,,,,
Garage,Temp & Humidity Sensor,2020/12/25 2:50 AM,51.4,74.0,43.4,49.7,,,29.64,,,,,,,,,,,,,
Garage,Temp & Humidity Sensor,2020/12/25 2:55 AM,51.2,74.0,43.2,49.5,,,29.64,,,,,,,,,,,,,
Garage,Temp & Humidity Sensor,2020/12/25 3:00 AM,51.2,74.0,43.2,49.5,,,29.65,,,,,,,,,,,,,
Garage,Temp & Humidity Sensor,2020/12/25 3:05 AM,51.0,74.0,43.0,49.3,,,29.66,,,,,,,,,,,,,
Garage,Temp & Humidity Sensor,2020/12/25 3:10 AM,50.9,74.0,42.9,49.2,,,29.65,,,,,,,,,,,,,
Garage,Temp & Humidity Sensor,2020/12/25 3:15 AM,50.7,74.0,42.7,48.9,,,29.65,,,,,,,,,,,,,
Garage,Temp & Humidity Sensor,2020/12/25 3:20 AM,50.5,74.0,42.5,48.7,,,29.65,,,,,,,,,,,,,
Garage,Temp & Humidity Sensor,2020/12/25 3:25 AM,50.3,74.0,42.3,48.5,,,29.64,,,,,,,,,,,,,
Garage,Temp & Humidity Sensor,2020/12/25 3:30 AM,50.1,74.0,42.1,48.3,,,29.64,,,,,,,,,,,,,
Garage,Temp & Humidity Sensor,2020/12/25 3:35 AM,50.1,74.0,42.1,48.3,,,29.65,,,,,,,,,,,,,
Garage,Temp & Humidity Sensor,2020/12/25 3:40 AM,50.0,74.0,42.0,48.2,,,29.65,,,,,,,,,,,,,
Garage,Temp & Humidity Sensor,2020/12/25 3:45 AM,49.8,74.0,41.9,48.0,,,29.65,,,,,,,,,,,,,
Garage,Temp & Humidity Sensor,2020/12/25 3:50 AM,49.6,74.0,41.7,47.7,,,29.66,,,,,,,,,,,,,
Garage,Temp & Humidity Sensor,2020/12/25 3:55 AM,49.4,74.0,41.5,47.5,,,29.65,,,,,,,,,,,,,
Garage,Temp & Humidity Sensor,2020/12/25 4:00 AM,49.4,74.0,41.5,47.5,,,29.65,,,,,,,,,,,,,
Garage,Temp & Humidity Sensor,2020/12/25 4:05 AM,49.2,74.0,41.3,47.3,,,29.65,,,,,,,,,,,,,
Garage,Temp & Humidity Sensor,2020/12/25 4:10 AM,49.1,74.0,41.2,47.2,,,29.65,,,,,,,,,,,,,
Garage,Temp & Humidity Sensor,2020/12/25 4:15 AM,48.9,74.0,41.0,47.0,,,29.65,,,,,,,,,,,,,
Garage,Temp & Humidity Sensor,2020/12/25 4:20 AM,48.9,74.0,41.0,47.0,,,29.66,,,,,,,,,,,,,
Garage,Temp & Humidity Sensor,2020/12/25 4:25 AM,48.7,74.0,40.8,46.7,,,29.65,,,,,,,,,,,,,
Garage,Temp & Humidity Sensor,2020/12/25 4:30 AM,48.5,74.0,40.6,46.5,,,29.66,,,,,,,,,,,,,
Garage,Temp & Humidity Sensor,2020/12/25 4:35 AM,48.5,73.0,40.2,46.5,,,29.66,,,,,,,,,,,,,
Garage,Temp & Humidity Sensor,2020/12/25 4:40 AM,48.2,73.0,40.0,46.2,,,29.67,,,,,,,,,,,,,
Garage,Temp & Humidity Sensor,2020/12/25 4:45 AM,48.2,73.0,40.0,46.2,,,29.67,,,,,,,,,,,,,
Garage,Temp & Humidity Sensor,2020/12/25 4:50 AM,48.2,73.0,40.0,46.2,,,29.66,,,,,,,,,,,,,
Garage,Temp & Humidity Sensor,2020/12/25 4:55 AM,48.2,73.0,40.0,46.2,,,29.66,,,,,,,,,,,,,
Garage,Temp & Humidity Sensor,2020/12/25 5:00 AM,48.0,74.0,40.1,46.0,,,29.67,,,,,,,,,,,,,
Garage,Temp & Humidity Sensor,2020/12/25 5:05 AM,47.8,74.0,39.9,45.8,,,29.67,,,,,,,,,,,,,
Garage,Temp & Humidity Sensor,2020/12/25 5:10 AM,47.8,74.0,39.9,45.8,,,29.68,,,,,,,,,,,,,
Garage,Temp & Humidity Sensor,2020/12/25 5:15 AM,47.6,74.0,39.7,45.5,,,29.68,,,,,,,,,,,,,
Garage,Temp & Humidity Sensor,2020/12/25 5:20 AM,47.6,73.0,39.4,45.5,,,29.68,,,,,,,,,,,,,
Garage,Temp & Humidity Sensor,2020/12/25 5:25 AM,47.4,73.0,39.2,45.3,,,29.69,,,,,,,,,,,,,
Garage,Temp & Humidity Sensor,2020/12/25 5:30 AM,47.4,73.0,39.2,45.3,,,29.69,,,,,,,,,,,,,
Garage,Temp & Humidity Sensor,2020/12/25 5:35 AM,47.3,73.0,39.1,45.2,,,29.7,,,,,,,,,,,,,
Garage,Temp & Humidity Sensor,2020/12/25 5:40 AM,47.1,73.0,38.9,44.9,,,29.71,,,,,,,,,,,,,
Garage,Temp & Humidity Sensor,2020/12/25 5:45 AM,47.1,73.0,38.9,44.9,,,29.71,,,,,,,,,,,,,
Garage,Temp & Humidity Sensor,2020/12/25 5:50 AM,46.9,73.0,38.7,44.7,,,29.71,,,,,,,,,,,,,
Garage,Temp & Humidity Sensor,2020/12/25 5:55 AM,46.9,73.0,38.7,44.7,,,29.71,,,,,,,,,,,,,
Garage,Temp & Humidity Sensor,2020/12/25 6:00 AM,46.7,73.0,38.5,44.5,,,29.72,,,,,,,,,,,,,
Garage,Temp & Humidity Sensor,2020/12/25 6:05 AM,46.5,73.0,38.3,44.3,,,29.72,,,,,,,,,,,,,
Garage,Temp & Humidity Sensor,2020/12/25 6:10 AM,46.5,73.0,38.3,44.3,,,29.72,,,,,,,,,,,,,
Garage,Temp & Humidity Sensor,2020/12/25 6:15 AM,46.4,73.0,38.2,44.2,,,29.72,,,,,,,,,,,,,
Garage,Temp & Humidity Sensor,2020/12/25 6:20 AM,46.4,73.0,38.2,44.2,,,29.73,,,,,,,,,,,,,
Garage,Temp & Humidity Sensor,2020/12/25 6:25 AM,46.2,73.0,38.0,44.0,,,29.73,,,,,,,,,,,,,
Garage,Temp & Humidity Sensor,2020/12/25 6:30 AM,46.2,73.0,38.0,44.0,,,29.74,,,,,,,,,,,,,
Garage,Temp & Humidity Sensor,2020/12/25 6:35 AM,46.0,73.0,37.8,43.7,,,29.74,,,,,,,,,,,,,
Garage,Temp & Humidity Sensor,2020/12/25 6:40 AM,46.0,73.0,37.8,43.7,,,29.74,,,,,,,,,,,,,
Garage,Temp & Humidity Sensor,2020/12/25 6:45 AM,45.8,73.0,37.6,43.5,,,29.75,,,,,,,,,,,,,
Garage,Temp & Humidity Sensor,2020/12/25 6:50 AM,45.8,73.0,37.6,43.5,,,29.75,,,,,,,,,,,,,
Garage,Temp & Humidity Sensor,2020/12/25 6:55 AM,45.8,73.0,37.6,43.5,,,29.75,,,,,,,,,,,,,
Garage,Temp & Humidity Sensor,2020/12/25 7:00 AM,45.6,73.0,37.5,43.3,,,29.76,,,,,,,,,,,,,
Garage,Temp & Humidity Sensor,2020/12/25 7:05 AM,45.6,72.0,37.1,43.2,,,29.76,,,,,,,,,,,,,
Garage,Temp & Humidity Sensor,2020/12/25 7:10 AM,45.5,72.0,37.0,43.1,,,29.76,,,,,,,,,,,,,
Garage,Temp & Humidity Sensor,2020/12/25 7:15 AM,45.5,72.0,37.0,43.1,,,29.77,,,,,,,,,,,,,
Garage,Temp & Humidity Sensor,2020/12/25 7:20 AM,45.3,72.0,36.8,42.9,,,29.77,,,,,,,,,,,,,
Garage,Temp & Humidity Sensor,2020/12/25 7:25 AM,45.3,72.0,36.8,42.9,,,29.77,,,,,,,,,,,,,
Garage,Temp & Humidity Sensor,2020/12/25 7:30 AM,45.1,72.0,36.6,42.7,,,29.77,,,,,,,,,,,,,
Garage,Temp & Humidity Sensor,2020/12/25 7:35 AM,45.1,72.0,36.6,42.7,,,29.77,,,,,,,,,,,,,
Garage,Temp & Humidity Sensor,2020/12/25 7:40 AM,44.9,72.0,36.4,42.5,,,29.77,,,,,,,,,,,,,
Garage,Temp & Humidity Sensor,2020/12/25 7:45 AM,44.7,72.0,36.2,42.3,,,29.77,,,,,,,,,,,,,
Garage,Temp & Humidity Sensor,2020/12/25 7:50 AM,44.7,72.0,36.2,42.3,,,29.78,,,,,,,,,,,,,
Garage,Temp & Humidity Sensor,2020/12/25 7:55 AM,44.6,72.0,36.1,42.1,,,29.78,,,,,,,,,,,,,
Garage,Temp & Humidity Sensor,2020/12/25 8:00 AM,44.6,71.0,35.8,42.1,,,29.78,,,,,,,,,,,,,
Garage,Temp & Humidity Sensor,2020/12/25 8:05 AM,44.6,71.0,35.8,42.1,,,29.79,,,,,,,,,,,,,
Garage,Temp & Humidity Sensor,2020/12/25 8:10 AM,44.4,72.0,35.9,41.9,,,29.79,,,,,,,,,,,,,
Garage,Temp & Humidity Sensor,2020/12/25 8:15 AM,44.4,72.0,35.9,41.9,,,29.8,,,,,,,,,,,,,
Garage,Temp & Humidity Sensor,2020/12/25 8:20 AM,44.2,72.0,35.8,41.7,,,29.8,,,,,,,,,,,,,
Garage,Temp & Humidity Sensor,2020/12/25 8:25 AM,44.0,72.0,35.6,41.5,,,29.81,,,,,,,,,,,,,
Garage,Temp & Humidity Sensor,2020/12/25 8:30 AM,44.0,72.0,35.6,41.5,,,29.81,,,,,,,,,,,,,
Garage,Temp & Humidity Sensor,2020/12/25 8:35 AM,43.8,72.0,35.4,41.3,,,29.81,,,,,,,,,,,,,
Garage,Temp & Humidity Sensor,2020/12/25 8:40 AM,43.8,71.0,35.0,41.2,,,29.82,,,,,,,,,,,,,
Garage,Temp & Humidity Sensor,2020/12/25 8:45 AM,43.7,71.0,34.9,41.1,,,29.82,,,,,,,,,,,,,
Garage,Temp & Humidity Sensor,2020/12/25 8:50 AM,43.5,71.0,34.7,40.9,,,29.82,,,,,,,,,,,,,
Garage,Temp & Humidity Sensor,2020/12/25 8:55 AM,43.5,71.0,34.7,40.9,,,29.82,,,,,,,,,,,,,
Garage,Temp & Humidity Sensor,2020/12/25 9:00 AM,43.5,71.0,34.7,40.9,,,29.82,,,,,,,,,,,,,
Garage,Temp & Humidity Sensor,2020/12/25 9:05 AM,43.3,71.0,34.5,40.7,,,29.83,,,,,,,,,,,,,
Garage,Temp & Humidity Sensor,2020/12/25 9:10 AM,43.3,71.0,34.5,40.7,,,29.83,,,,,,,,,,,,,
Garage,Temp & Humidity Sensor,2020/12/25 9:15 AM,43.3,71.0,34.5,40.7,,,29.83,,,,,,,,,,,,,
Garage,Temp & Humidity Sensor,2020/12/25 9:20 AM,43.3,71.0,34.5,40.7,,,29.84,,,,,,,,,,,,,
Garage,Temp & Humidity Sensor,2020/12/25 9:25 AM,43.3,71.0,34.5,40.7,,,29.84,,,,,,,,,,,,,
Garage,Temp & Humidity Sensor,2020/12/25 9:30 AM,43.1,71.0,34.3,40.4,,,29.84,,,,,,,,,,,,,
Garage,Temp & Humidity Sensor,2020/12/25 9:35 AM,43.1,70.0,34.0,40.4,,,29.84,,,,,,,,,,,,,
Garage,Temp & Humidity Sensor,2020/12/25 9:40 AM,43.1,70.0,34.0,40.4,,,29.85,,,,,,,,,,,,,
Garage,Temp & Humidity Sensor,2020/12/25 9:45 AM,43.1,70.0,34.0,40.4,,,29.85,,,,,,,,,,,,,
Garage,Temp & Humidity Sensor,2020/12/25 9:50 AM,42.9,70.0,33.8,40.2,,,29.85,,,,,,,,,,,,,
Garage,Temp & Humidity Sensor,2020/12/25 9:55 AM,42.9,70.0,33.8,40.2,,,29.86,,,,,,,,,,,,,
Garage,Temp & Humidity Sensor,2020/12/25 10:00 AM,42.9,70.0,33.8,40.2,,,29.86,,,,,,,,,,,,,
Garage,Temp & Humidity Sensor,2020/12/25 10:05 AM,42.8,70.0,33.7,40.1,,,29.86,,,,,,,,,,,,,
Garage,Temp & Humidity Sensor,2020/12/25 10:10 AM,42.8,70.0,33.7,40.1,,,29.86,,,,,,,,,,,,,
Garage,Temp & Humidity Sensor,2020/12/25 10:15 AM,42.8,70.0,33.7,40.1,,,29.87,,,,,,,,,,,,,
Garage,Temp & Humidity Sensor,2020/12/25 10:20 AM,42.8,70.0,33.7,40.1,,,29.87,,,,,,,,,,,,,
Garage,Temp & Humidity Sensor,2020/12/25 10:25 AM,42.8,69.0,33.3,40.0,,,29.87,,,,,,,,,,,,,
Garage,Temp & Humidity Sensor,2020/12/25 10:30 AM,42.8,69.0,33.3,40.0,,,29.87,,,,,,,,,,,,,
Garage,Temp & Humidity Sensor,2020/12/25 10:35 AM,42.8,69.0,33.3,40.0,,,29.87,,,,,,,,,,,,,
Garage,Temp & Humidity Sensor,2020/12/25 10:40 AM,42.6,70.0,33.5,39.9,,,29.88,,,,,,,,,,,,,
Garage,Temp & Humidity Sensor,2020/12/25 10:45 AM,42.6,70.0,33.5,39.9,,,29.89,,,,,,,,,,,,,
Garage,Temp & Humidity Sensor,2020/12/25 10:50 AM,42.6,70.0,33.5,39.9,,,29.88,,,,,,,,,,,,,
Garage,Temp & Humidity Sensor,2020/12/25 10:55 AM,42.4,69.0,33.0,39.6,,,29.88,,,,,,,,,,,,,
Garage,Temp & Humidity Sensor,2020/12/25 11:00 AM,42.4,69.0,33.0,39.6,,,29.88,,,,,,,,,,,,,
Garage,Temp & Humidity Sensor,2020/12/25 11:05 AM,42.4,69.0,33.0,39.6,,,29.88,,,,,,,,,,,,,
Garage,Temp & Humidity Sensor,2020/12/25 11:10 AM,42.4,69.0,33.0,39.6,,,29.89,,,,,,,,,,,,,
Garage,Temp & Humidity Sensor,2020/12/25 11:15 AM,42.2,69.0,32.8,39.4,,,29.89,,,,,,,,,,,,,
Garage,Temp & Humidity Sensor,2020/12/25 11:20 AM,42.2,69.0,32.8,39.4,,,29.89,,,,,,,,,,,,,
Garage,Temp & Humidity Sensor,2020/12/25 11:25 AM,42.2,69.0,32.8,39.4,,,29.89,,,,,,,,,,,,,
Garage,Temp & Humidity Sensor,2020/12/25 11:30 AM,42.0,69.0,32.6,39.1,,,29.89,,,,,,,,,,,,,
Garage,Temp & Humidity Sensor,2020/12/25 11:35 AM,41.7,68.0,31.9,38.8,,,29.88,,,,,,,,,,,,,
Garage,Temp & Humidity Sensor,2020/12/25 11:40 AM,41.1,67.0,31.0,38.1,,,29.88,,,,,,,,,,,,,
Garage,Temp & Humidity Sensor,2020/12/25 11:45 AM,41.1,67.0,31.0,38.1,,,29.88,,,,,,,,,,,,,
Garage,Temp & Humidity Sensor,2020/12/25 11:50 AM,41.1,67.0,31.0,38.1,,,29.88,,,,,,,,,,,,,
Garage,Temp & Humidity Sensor,2020/12/25 11:55 AM,41.1,66.0,30.6,38.0,,,29.88,,,,,,,,,,,,,
Garage,Temp & Humidity Sensor,2020/12/25 12:00 PM,41.1,66.0,30.6,38.0,,,29.88,,,,,,,,,,,,,
Garage,Temp & Humidity Sensor,2020/12/25 12:05 PM,41.1,66.0,30.6,38.0,,,29.88,,,,,,,,,,,,,
Garage,Temp & Humidity Sensor,2020/12/25 12:10 PM,41.1,66.0,30.6,38.0,,,29.88,,,,,,,,,,,,,
Garage,Temp & Humidity Sensor,2020/12/25 12:15 PM,41.1,66.0,30.6,38.0,,,29.88,,,,,,,,,,,,,
Garage,Temp & Humidity Sensor,2020/12/25 12:20 PM,41.1,66.0,30.6,38.0,,,29.88,,,,,,,,,,,,,
Garage,Temp & Humidity Sensor,2020/12/25 12:25 PM,41.1,66.0,30.6,38.0,,,29.88,,,,,,,,,,,,,
Garage,Temp & Humidity Sensor,2020/12/25 12:30 PM,41.1,66.0,30.6,38.0,,,29.87,,,,,,,,,,,,,
Garage,Temp & Humidity Sensor,2020/12/25 12:35 PM,41.1,66.0,30.6,38.0,,,29.87,,,,,,,,,,,,,
Garage,Temp & Humidity Sensor,2020/12/25 12:40 PM,41.1,66.0,30.6,38.0,,,29.87,,,,,,,,,,,,,
Garage,Temp & Humidity Sensor,2020/12/25 12:45 PM,41.1,66.0,30.6,38.0,,,29.87,,,,,,,,,,,,,
Garage,Temp & Humidity Sensor,2020/12/25 12:50 PM,41.1,66.0,30.6,38.0,,,29.87,,,,,,,,,,,,,
Garage,Temp & Humidity Sensor,2020/12/25 12:55 PM,41.3,65.0,30.4,38.2,,,29.87,,,,,,,,,,,,,
Garage,Temp & Humidity Sensor,2020/12/25 1:00 PM,41.3,65.0,30.4,38.2,,,29.87,,,,,,,,,,,,,
Garage,Temp & Humidity Sensor,2020/12/25 1:05 PM,41.5,65.0,30.6,38.4,,,29.87,,,,,,,,,,,,,
Garage,Temp & Humidity Sensor,2020/12/25 1:10 PM,41.7,65.0,30.8,38.6,,,29.87,,,,,,,,,,,,,
Garage,Temp & Humidity Sensor,2020/12/25 1:15 PM,41.9,65.0,31.0,38.8,,,29.87,,,,,,,,,,,,,
Garage,Temp & Humidity Sensor,2020/12/25 1:20 PM,42.0,65.0,31.1,39.0,,,29.87,,,,,,,,,,,,,
Garage,Temp & Humidity Sensor,2020/12/25 1:25 PM,42.2,65.0,31.3,39.2,,,29.87,,,,,,,,,,,,,
Garage,Temp & Humidity Sensor,2020/12/25 1:30 PM,42.2,65.0,31.3,39.2,,,29.87,,,,,,,,,,,,,
Garage,Temp & Humidity Sensor,2020/12/25 1:35 PM,42.4,65.0,31.5,39.4,,,29.88,,,,,,,,,,,,,
Garage,Temp & Humidity Sensor,2020/12/25 1:40 PM,42.6,65.0,31.7,39.6,,,29.88,,,,,,,,,,,,,
Garage,Temp & Humidity Sensor,2020/12/25 1:45 PM,42.6,65.0,31.7,39.6,,,29.88,,,,,,,,,,,,,
Garage,Temp & Humidity Sensor,2020/12/25 1:50 PM,42.8,65.0,31.9,39.8,,,29.88,,,,,,,,,,,,,
Garage,Temp & Humidity Sensor,2020/12/25 1:55 PM,42.8,65.0,31.9,39.8,,,29.88,,,,,,,,,,,,,
Garage,Temp & Humidity Sensor,2020/12/25 2:00 PM,42.8,65.0,31.9,39.8,,,29.88,,,,,,,,,,,,,
Garage,Temp & Humidity Sensor,2020/12/25 2:05 PM,42.8,64.0,31.5,39.8,,,29.88,,,,,,,,,,,,,
Garage,Temp & Humidity Sensor,2020/12/25 2:10 PM,42.8,64.0,31.5,39.8,,,29.88,,,,,,,,,,,,,
Garage,Temp & Humidity Sensor,2020/12/25 2:15 PM,42.8,64.0,31.5,39.8,,,29.89,,,,,,,,,,,,,
Garage,Temp & Humidity Sensor,2020/12/25 2:20 PM,42.8,64.0,31.5,39.8,,,29.88,,,,,,,,,,,,,
Garage,Temp & Humidity Sensor,2020/12/25 2:25 PM,42.8,64.0,31.5,39.8,,,29.88,,,,,,,,,,,,,
Garage,Temp & Humidity Sensor,2020/12/25 2:30 PM,42.8,64.0,31.5,39.8,,,29.89,,,,,,,,,,,,,
Garage,Temp & Humidity Sensor,2020/12/25 2:35 PM,42.6,65.0,31.7,39.6,,,29.89,,,,,,,,,,,,,
Garage,Temp & Humidity Sensor,2020/12/25 2:40 PM,42.6,65.0,31.7,39.6,,,29.89,,,,,,,,,,,,,
Garage,Temp & Humidity Sensor,2020/12/25 2:45 PM,42.6,65.0,31.7,39.6,,,29.89,,,,,,,,,,,,,
Garage,Temp & Humidity Sensor,2020/12/25 2:50 PM,42.4,65.0,31.5,39.4,,,29.89,,,,,,,,,,,,,
Garage,Temp & Humidity Sensor,2020/12/25 2:55 PM,42.4,65.0,31.5,39.4,,,29.9,,,,,,,,,,,,,
Garage,Temp & Humidity Sensor,2020/12/25 3:00 PM,42.4,65.0,31.5,39.4,,,29.9,,,,,,,,,,,,,
Garage,Temp & Humidity Sensor,2020/12/25 3:05 PM,42.2,65.0,31.3,39.2,,,29.9,,,,,,,,,,,,,
Garage,Temp & Humidity Sensor,2020/12/25 3:10 PM,42.2,64.0,30.9,39.1,,,29.9,,,,,,,,,,,,,
Garage,Temp & Humidity Sensor,2020/12/25 3:15 PM,42.2,64.0,30.9,39.1,,,29.9,,,,,,,,,,,,,
Garage,Temp & Humidity Sensor,2020/12/25 3:20 PM,42.0,64.0,30.7,38.9,,,29.9,,,,,,,,,,,,,
Garage,Temp & Humidity Sensor,2020/12/25 3:25 PM,42.0,64.0,30.7,38.9,,,29.91,,,,,,,,,,,,,
Garage,Temp & Humidity Sensor,2020/12/25 3:30 PM,42.0,64.0,30.7,38.9,,,29.91,,,,,,,,,,,,,
Garage,Temp & Humidity Sensor,2020/12/25 3:35 PM,42.0,64.0,30.7,38.9,,,29.91,,,,,,,,,,,,,
Garage,Temp & Humidity Sensor,2020/12/25 3:40 PM,41.9,64.0,30.6,38.8,,,29.91,,,,,,,,,,,,,
Garage,Temp & Humidity Sensor,2020/12/25 3:45 PM,41.9,64.0,30.6,38.8,,,29.91,,,,,,,,,,,,,
Garage,Temp & Humidity Sensor,2020/12/25 3:50 PM,41.9,64.0,30.6,38.8,,,29.91,,,,,,,,,,,,,
Garage,Temp & Humidity Sensor,2020/12/25 3:55 PM,41.9,64.0,30.6,38.8,,,29.92,,,,,,,,,,,,,
Garage,Temp & Humidity Sensor,2020/12/25 4:00 PM,41.9,64.0,30.6,38.8,,,29.92,,,,,,,,,,,,,
Garage,Temp & Humidity Sensor,2020/12/25 4:05 PM,42.0,64.0,30.7,38.9,,,29.93,,,,,,,,,,,,,
Garage,Temp & Humidity Sensor,2020/12/25 4:10 PM,42.0,64.0,30.7,38.9,,,29.93,,,,,,,,,,,,,
Garage,Temp & Humidity Sensor,2020/12/25 4:15 PM,42.0,64.0,30.7,38.9,,,29.94,,,,,,,,,,,,,
Garage,Temp & Humidity Sensor,2020/12/25 4:20 PM,42.0,64.0,30.7,38.9,,,29.94,,,,,,,,,,,,,
Garage,Temp & Humidity Sensor,2020/12/25 4:25 PM,42.0,64.0,30.7,38.9,,,29.95,,,,,,,,,,,,,
Garage,Temp & Humidity Sensor,2020/12/25 4:30 PM,42.0,64.0,30.7,38.9,,,29.95,,,,,,,,,,,,,
Garage,Temp & Humidity Sensor,2020/12/25 4:35 PM,41.9,64.0,30.6,38.8,,,29.95,,,,,,,,,,,,,
Garage,Temp & Humidity Sensor,2020/12/25 4:40 PM,41.9,63.0,30.2,38.8,,,29.95,,,,,,,,,,,,,
Garage,Temp & Humidity Sensor,2020/12/25 4:45 PM,41.9,63.0,30.2,38.8,,,29.96,,,,,,,,,,,,,
Garage,Temp & Humidity Sensor,2020/12/25 4:50 PM,41.9,63.0,30.2,38.8,,,29.96,,,,,,,,,,,,,
Garage,Temp & Humidity Sensor,2020/12/25 4:55 PM,41.7,63.0,30.0,38.5,,,29.96,,,,,,,,,,,,,
Garage,Temp & Humidity Sensor,2020/12/25 5:00 PM,41.7,63.0,30.0,38.5,,,29.97,,,,,,,,,,,,,
Garage,Temp & Humidity Sensor,2020/12/25 5:05 PM,41.5,63.0,29.9,38.3,,,29.97,,,,,,,,,,,,,
Garage,Temp & Humidity Sensor,2020/12/25 5:10 PM,41.5,63.0,29.9,38.3,,,29.97,,,,,,,,,,,,,
Garage,Temp & Humidity Sensor,2020/12/25 5:15 PM,41.5,63.0,29.9,38.3,,,29.98,,,,,,,,,,,,,
Garage,Temp & Humidity Sensor,2020/12/25 5:20 PM,41.3,63.0,29.7,38.1,,,29.98,,,,,,,,,,,,,
Garage,Temp & Humidity Sensor,2020/12/25 5:25 PM,41.1,63.0,29.5,37.9,,,29.98,,,,,,,,,,,,,
Garage,Temp & Humidity Sensor,2020/12/25 5:30 PM,41.1,63.0,29.5,37.9,,,29.99,,,,,,,,,,,,,
Garage,Temp & Humidity Sensor,2020/12/25 5:35 PM,41.0,63.0,29.4,37.8,,,29.99,,,,,,,,,,,,,
Garage,Temp & Humidity Sensor,2020/12/25 5:40 PM,41.0,63.0,29.4,37.8,,,30.0,,,,,,,,,,,,,
Garage,Temp & Humidity Sensor,2020/12/25 5:45 PM,40.8,63.0,29.2,37.5,,,30.0,,,,,,,,,,,,,
Garage,Temp & Humidity Sensor,2020/12/25 5:50 PM,40.8,63.0,29.2,37.5,,,30.0,,,,,,,,,,,,,
Garage,Temp & Humidity Sensor,2020/12/25 5:55 PM,40.6,63.0,29.0,37.3,,,30.0,,,,,,,,,,,,,
Garage,Temp & Humidity Sensor,2020/12/25 6:00 PM,40.6,63.0,29.0,37.3,,,30.0,,,,,,,,,,,,,
Garage,Temp & Humidity Sensor,2020/12/25 6:05 PM,40.4,63.0,28.8,37.1,,,30.01,,,,,,,,,,,,,
Garage,Temp & Humidity Sensor,2020/12/25 6:10 PM,40.4,63.0,28.8,37.1,,,30.01,,,,,,,,,,,,,
Garage,Temp & Humidity Sensor,2020/12/25 6:15 PM,40.2,63.0,28.6,36.9,,,30.01,,,,,,,,,,,,,
Garage,Temp & Humidity Sensor,2020/12/25 6:20 PM,40.2,63.0,28.6,36.9,,,30.02,,,,,,,,,,,,,
Garage,Temp & Humidity Sensor,2020/12/25 6:25 PM,40.1,63.0,28.5,36.8,,,30.02,,,,,,,,,,,,,
Garage,Temp & Humidity Sensor,2020/12/25 6:30 PM,40.1,63.0,28.5,36.8,,,30.02,,,,,,,,,,,,,
Garage,Temp & Humidity Sensor,2020/12/25 6:35 PM,39.9,63.0,28.3,39.9,,,30.02,,,,,,,,,,,,,
Garage,Temp & Humidity Sensor,2020/12/25 6:40 PM,39.9,63.0,28.3,39.9,,,30.03,,,,,,,,,,,,,
Garage,Temp & Humidity Sensor,2020/12/25 6:45 PM,39.7,63.0,28.2,39.7,,,30.03,,,,,,,,,,,,,
Garage,Temp & Humidity Sensor,2020/12/25 6:50 PM,39.7,63.0,28.2,39.7,,,30.03,,,,,,,,,,,,,
Garage,Temp & Humidity Sensor,2020/12/25 6:55 PM,39.7,62.0,27.8,39.7,,,30.03,,,,,,,,,,,,,
Garage,Temp & Humidity Sensor,2020/12/25 7:00 PM,39.5,62.0,27.6,39.5,,,30.03,,,,,,,,,,,,,
Garage,Temp & Humidity Sensor,2020/12/25 7:05 PM,39.5,62.0,27.6,39.5,,,30.03,,,,,,,,,,,,,
Garage,Temp & Humidity Sensor,2020/12/25 7:10 PM,39.3,62.0,27.4,39.3,,,30.03,,,,,,,,,,,,,
Garage,Temp & Humidity Sensor,2020/12/25 7:15 PM,39.3,62.0,27.4,39.3,,,30.03,,,,,,,,,,,,,
Garage,Temp & Humidity Sensor,2020/12/25 7:20 PM,39.2,62.0,27.3,39.2,,,30.03,,,,,,,,,,,,,
Garage,Temp & Humidity Sensor,2020/12/25 7:25 PM,39.2,62.0,27.3,39.2,,,30.03,,,,,,,,,,,,,
Garage,Temp & Humidity Sensor,2020/12/25 7:30 PM,39.2,62.0,27.3,39.2,,,30.03,,,,,,,,,,,,,
Garage,Temp & Humidity Sensor,2020/12/25 7:35 PM,39.2,62.0,27.3,39.2,,,30.02,,,,,,,,,,,,,
Garage,Temp & Humidity Sensor,2020/12/25 7:40 PM,39.0,63.0,27.5,39.0,,,30.02,,,,,,,,,,,,,
Garage,Temp & Humidity Sensor,2020/12/25 7:50 PM,39.0,63.0,27.5,39.0,,,30.02,,,,,,,,,,,,,
Garage,Temp & Humidity Sensor,2020/12/25 7:55 PM,38.8,62.0,26.9,38.8,,,30.02,,,,,,,,,,,,,
Garage,Temp & Humidity Sensor,2020/12/25 8:00 PM,38.8,62.0,26.9,38.8,,,30.02,,,,,,,,,,,,,
Garage,Temp & Humidity Sensor,2020/12/25 8:05 PM,38.6,62.0,26.7,38.6,,,30.03,,,,,,,,,,,,,
Garage,Temp & Humidity Sensor,2020/12/25 8:10 PM,38.6,62.0,26.7,38.6,,,30.03,,,,,,,,,,,,,
Garage,Temp & Humidity Sensor,2020/12/25 8:15 PM,38.4,62.0,26.5,38.4,,,30.03,,,,,,,,,,,,,
Garage,Temp & Humidity Sensor,2020/12/25 8:20 PM,38.4,62.0,26.5,38.4,,,30.03,,,,,,,,,,,,,
Garage,Temp & Humidity Sensor,2020/12/25 8:25 PM,38.4,62.0,26.5,38.4,,,30.03,,,,,,,,,,,,,
Garage,Temp & Humidity Sensor,2020/12/25 8:30 PM,38.3,62.0,26.4,38.3,,,30.03,,,,,,,,,,,,,
Garage,Temp & Humidity Sensor,2020/12/25 8:35 PM,38.3,62.0,26.4,38.3,,,30.04,,,,,,,,,,,,,
Garage,Temp & Humidity Sensor,2020/12/25 8:40 PM,38.3,62.0,26.4,38.3,,,30.04,,,,,,,,,,,,,
Garage,Temp & Humidity Sensor,2020/12/25 8:45 PM,38.1,62.0,26.2,38.1,,,30.05,,,,,,,,,,,,,
Garage,Temp & Humidity Sensor,2020/12/25 8:50 PM,38.1,62.0,26.2,38.1,,,30.05,,,,,,,,,,,,,
Garage,Temp & Humidity Sensor,2020/12/25 8:55 PM,38.1,62.0,26.2,38.1,,,30.05,,,,,,,,,,,,,
Garage,Temp & Humidity Sensor,2020/12/25 9:00 PM,37.9,62.0,26.1,37.9,,,30.05,,,,,,,,,,,,,
Garage,Temp & Humidity Sensor,2020/12/25 9:05 PM,37.9,62.0,26.1,37.9,,,30.05,,,,,,,,,,,,,
Garage,Temp & Humidity Sensor,2020/12/25 9:10 PM,37.7,62.0,25.9,37.7,,,30.05,,,,,,,,,,,,,
Garage,Temp & Humidity Sensor,2020/12/25 9:15 PM,37.7,62.0,25.9,37.7,,,30.05,,,,,,,,,,,,,
Garage,Temp & Humidity Sensor,2020/12/25 9:20 PM,37.7,62.0,25.9,37.7,,,30.06,,,,,,,,,,,,,
Garage,Temp & Humidity Sensor,2020/12/25 9:25 PM,37.4,62.0,25.6,37.4,,,30.06,,,,,,,,,,,,,
Garage,Temp & Humidity Sensor,2020/12/25 9:30 PM,37.4,62.0,25.6,37.4,,,30.06,,,,,,,,,,,,,
Garage,Temp & Humidity Sensor,2020/12/25 9:35 PM,37.4,62.0,25.6,37.4,,,30.06,,,,,,,,,,,,,
Garage,Temp & Humidity Sensor,2020/12/25 9:40 PM,37.4,62.0,25.6,37.4,,,30.06,,,,,,,,,,,,,
Garage,Temp & Humidity Sensor,2020/12/25 9:45 PM,37.2,62.0,25.4,37.2,,,30.06,,,,,,,,,,,,,
Garage,Temp & Humidity Sensor,2020/12/25 9:50 PM,37.2,62.0,25.4,37.2,,,30.06,,,,,,,,,,,,,
Garage,Temp & Humidity Sensor,2020/12/25 9:55 PM,37.2,62.0,25.4,37.2,,,30.07,,,,,,,,,,,,,
Garage,Temp & Humidity Sensor,2020/12/25 10:00 PM,37.0,62.0,25.2,37.0,,,30.07,,,,,,,,,,,,,
Garage,Temp & Humidity Sensor,2020/12/25 10:05 PM,37.0,62.0,25.2,37.0,,,30.07,,,,,,,,,,,,,
Garage,Temp & Humidity Sensor,2020/12/25 10:10 PM,36.8,62.0,25.0,36.8,,,30.08,,,,,,,,,,,,,
Garage,Temp & Humidity Sensor,2020/12/25 10:15 PM,36.8,62.0,25.0,36.8,,,30.08,,,,,,,,,,,,,
Garage,Temp & Humidity Sensor,2020/12/25 10:20 PM,36.6,62.0,24.8,36.6,,,30.09,,,,,,,,,,,,,
Garage,Temp & Humidity Sensor,2020/12/25 10:25 PM,36.6,62.0,24.8,36.6,,,30.09,,,,,,,,,,,,,
Garage,Temp & Humidity Sensor,2020/12/25 10:30 PM,36.5,62.0,24.7,36.5,,,30.09,,,,,,,,,,,,,
Garage,Temp & Humidity Sensor,2020/12/25 10:35 PM,36.3,62.0,24.5,36.3,,,30.09,,,,,,,,,,,,,
Garage,Temp & Humidity Sensor,2020/12/25 10:40 PM,36.3,62.0,24.5,36.3,,,30.09,,,,,,,,,,,,,
Garage,Temp & Humidity Sensor,2020/12/25 10:45 PM,36.1,62.0,24.4,36.1,,,30.09,,,,,,,,,,,,,
Garage,Temp & Humidity Sensor,2020/12/25 10:50 PM,36.1,62.0,24.4,36.1,,,30.09,,,,,,,,,,,,,
Garage,Temp & Humidity Sensor,2020/12/25 10:55 PM,35.9,62.0,24.2,35.9,,,30.09,,,,,,,,,,,,,
Garage,Temp & Humidity Sensor,2020/12/25 11:00 PM,35.9,62.0,24.2,35.9,,,30.09,,,,,,,,,,,,,
Garage,Temp & Humidity Sensor,2020/12/25 11:05 PM,35.9,62.0,24.2,35.9,,,30.09,,,,,,,,,,,,,
Garage,Temp & Humidity Sensor,2020/12/25 11:10 PM,35.7,62.0,24.0,35.7,,,30.1,,,,,,,,,,,,,
Garage,Temp & Humidity Sensor,2020/12/25 11:15 PM,35.7,61.0,23.6,35.7,,,30.1,,,,,,,,,,,,,
Garage,Temp & Humidity Sensor,2020/12/25 11:20 PM,35.6,61.0,23.5,35.6,,,30.1,,,,,,,,,,,,,
Garage,Temp & Humidity Sensor,2020/12/25 11:25 PM,35.6,61.0,23.5,35.6,,,30.1,,,,,,,,,,,,,
Garage,Temp & Humidity Sensor,2020/12/25 11:30 PM,35.6,61.0,23.5,35.6,,,30.1,,,,,,,,,,,,,
Garage,Temp & Humidity Sensor,2020/12/25 11:35 PM,35.6,61.0,23.5,35.6,,,30.1,,,,,,,,,,,,,
Garage,Temp & Humidity Sensor,2020/12/25 11:40 PM,35.6,61.0,23.5,35.6,,,30.11,,,,,,,,,,,,,
Garage,Temp & Humidity Sensor,2020/12/25 11:45 PM,35.4,62.0,23.7,35.4,,,30.11,,,,,,,,,,,,,
Garage,Temp & Humidity Sensor,2020/12/25 11:50 PM,35.4,62.0,23.7,35.4,,,30.11,,,,,,,,,,,,,
Garage,Temp & Humidity Sensor,2020/12/25 11:55 PM,35.4,62.0,23.7,35.4,,,30.11,,,,,,,,,,,,,
Garage,Temp & Humidity Sensor,2020/12/26 12:00 AM,35.2,62.0,23.5,35.2,,,30.11,,,,,,,,,,,,,
Garage,Temp & Humidity Sensor,2020/12/26 12:05 AM,35.2,62.0,23.5,35.2,,,30.11,,,,,,,,,,,,,
Garage,Temp & Humidity Sensor,2020/12/26 12:10 AM,35.2,62.0,23.5,35.2,,,30.11,,,,,,,,,,,,,
Garage,Temp & Humidity Sensor,2020/12/26 12:15 AM,35.0,62.0,23.3,35.0,,,30.11,,,,,,,,,,,,,
Garage,Temp & Humidity Sensor,2020/12/26 12:20 AM,35.0,62.0,23.3,35.0,,,30.11,,,,,,,,,,,,,
Garage,Temp & Humidity Sensor,2020/12/26 12:25 AM,35.0,62.0,23.3,35.0,,,30.11,,,,,,,,,,,,,
Garage,Temp & Humidity Sensor,2020/12/26 12:30 AM,35.0,62.0,23.3,35.0,,,30.11,,,,,,,,,,,,,
Garage,Temp & Humidity Sensor,2020/12/26 12:35 AM,34.8,62.0,23.1,34.8,,,30.12,,,,,,,,,,,,,
Garage,Temp & Humidity Sensor,2020/12/26 12:40 AM,34.8,61.0,22.7,34.8,,,30.12,,,,,,,,,,,,,
Garage,Temp & Humidity Sensor,2020/12/26 12:45 AM,34.8,61.0,22.7,34.8,,,30.11,,,,,,,,,,,,,
Garage,Temp & Humidity Sensor,2020/12/26 12:50 AM,34.7,61.0,22.6,34.7,,,30.11,,,,,,,,,,,,,
Garage,Temp & Humidity Sensor,2020/12/26 12:55 AM,34.7,61.0,22.6,34.7,,,30.11,,,,,,,,,,,,,
Garage,Temp & Humidity Sensor,2020/12/26 1:00 AM,34.7,61.0,22.6,34.7,,,30.12,,,,,,,,,,,,,
Garage,Temp & Humidity Sensor,2020/12/26 1:05 AM,34.5,61.0,22.5,34.5,,,30.12,,,,,,,,,,,,,
Garage,Temp & Humidity Sensor,2020/12/26 1:10 AM,34.5,61.0,22.5,34.5,,,30.12,,,,,,,,,,,,,
Garage,Temp & Humidity Sensor,2020/12/26 1:15 AM,34.5,61.0,22.5,34.5,,,30.12,,,,,,,,,,,,,
Garage,Temp & Humidity Sensor,2020/12/26 1:20 AM,34.5,61.0,22.5,34.5,,,30.13,,,,,,,,,,,,,
Garage,Temp & Humidity Sensor,2020/12/26 1:25 AM,34.3,61.0,22.3,34.3,,,30.13,,,,,,,,,,,,,
Garage,Temp & Humidity Sensor,2020/12/26 1:30 AM,34.3,61.0,22.3,34.3,,,30.12,,,,,,,,,,,,,
Garage,Temp & Humidity Sensor,2020/12/26 1:35 AM,34.3,61.0,22.3,34.3,,,30.12,,,,,,,,,,,,,
Garage,Temp & Humidity Sensor,2020/12/26 1:40 AM,34.1,61.0,22.1,34.1,,,30.12,,,,,,,,,,,,,
Garage,Temp & Humidity Sensor,2020/12/26 1:45 AM,34.1,61.0,22.1,34.1,,,30.13,,,,,,,,,,,,,
Garage,Temp & Humidity Sensor,2020/12/26 1:50 AM,34.1,61.0,22.1,34.1,,,30.13,,,,,,,,,,,,,
Garage,Temp & Humidity Sensor,2020/12/26 1:55 AM,34.1,61.0,22.1,34.1,,,30.13,,,,,,,,,,,,,
Garage,Temp & Humidity Sensor,2020/12/26 2:00 AM,33.9,61.0,21.9,33.9,,,30.14,,,,,,,,,,,,,
Garage,Temp & Humidity Sensor,2020/12/26 2:05 AM,33.9,61.0,21.9,33.9,,,30.14,,,,,,,,,,,,,
Garage,Temp & Humidity Sensor,2020/12/26 2:10 AM,33.9,61.0,21.9,33.9,,,30.14,,,,,,,,,,,,,
Garage,Temp & Humidity Sensor,2020/12/26 2:15 AM,33.8,61.0,21.8,33.8,,,30.14,,,,,,,,,,,,,
Garage,Temp & Humidity Sensor,2020/12/26 2:20 AM,33.8,61.0,21.8,33.8,,,30.14,,,,,,,,,,,,,
Garage,Temp & Humidity Sensor,2020/12/26 2:25 AM,33.8,61.0,21.8,33.8,,,30.14,,,,,,,,,,,,,
Garage,Temp & Humidity Sensor,2020/12/26 2:30 AM,33.8,61.0,21.8,33.8,,,30.14,,,,,,,,,,,,,
Garage,Temp & Humidity Sensor,2020/12/26 2:35 AM,33.8,61.0,21.8,33.8,,,30.15,,,,,,,,,,,,,
Garage,Temp & Humidity Sensor,2020/12/26 2:40 AM,33.8,61.0,21.8,33.8,,,30.14,,,,,,,,,,,,,
Garage,Temp & Humidity Sensor,2020/12/26 2:45 AM,33.8,61.0,21.8,33.8,,,30.14,,,,,,,,,,,,,
Garage,Temp & Humidity Sensor,2020/12/26 2:50 AM,33.6,62.0,22.0,33.6,,,30.15,,,,,,,,,,,,,
Garage,Temp & Humidity Sensor,2020/12/26 2:55 AM,33.6,62.0,22.0,33.6,,,30.15,,,,,,,,,,,,,
Garage,Temp & Humidity Sensor,2020/12/26 3:00 AM,33.6,62.0,22.0,33.6,,,30.15,,,,,,,,,,,,,
Garage,Temp & Humidity Sensor,2020/12/26 3:05 AM,33.6,61.0,21.6,33.6,,,30.15,,,,,,,,,,,,,
Garage,Temp & Humidity Sensor,2020/12/26 3:10 AM,33.4,61.0,21.4,33.4,,,30.16,,,,,,,,,,,,,
Garage,Temp & Humidity Sensor,2020/12/26 3:15 AM,33.4,61.0,21.4,33.4,,,30.16,,,,,,,,,,,,,
Garage,Temp & Humidity Sensor,2020/12/26 3:20 AM,33.4,61.0,21.4,33.4,,,30.16,,,,,,,,,,,,,
Garage,Temp & Humidity Sensor,2020/12/26 3:25 AM,33.4,61.0,21.4,33.4,,,30.16,,,,,,,,,,,,,
Garage,Temp & Humidity Sensor,2020/12/26 3:30 AM,33.2,61.0,21.2,33.2,,,30.16,,,,,,,,,,,,,
Garage,Temp & Humidity Sensor,2020/12/26 3:35 AM,33.2,61.0,21.2,33.2,,,30.16,,,,,,,,,,,,,
Garage,Temp & Humidity Sensor,2020/12/26 3:40 AM,33.2,61.0,21.2,33.2,,,30.16,,,,,,,,,,,,,
Garage,Temp & Humidity Sensor,2020/12/26 3:45 AM,33.2,61.0,21.2,33.2,,,30.16,,,,,,,,,,,,,
Garage,Temp & Humidity Sensor,2020/12/26 3:50 AM,33.0,61.0,21.0,33.0,,,30.16,,,,,,,,,,,,,
Garage,Temp & Humidity Sensor,2020/12/26 3:55 AM,33.0,61.0,21.0,33.0,,,30.15,,,,,,,,,,,,,
Garage,Temp & Humidity Sensor,2020/12/26 4:00 AM,33.0,61.0,21.0,33.0,,,30.16,,,,,,,,,,,,,
Garage,Temp & Humidity Sensor,2020/12/26 4:05 AM,33.0,61.0,21.0,33.0,,,30.16,,,,,,,,,,,,,
Garage,Temp & Humidity Sensor,2020/12/26 4:10 AM,32.9,61.0,20.9,32.9,,,30.16,,,,,,,,,,,,,
Garage,Temp & Humidity Sensor,2020/12/26 4:15 AM,32.9,61.0,20.9,32.9,,,30.16,,,,,,,,,,,,,
Garage,Temp & Humidity Sensor,2020/12/26 4:20 AM,32.9,61.0,20.9,32.9,,,30.15,,,,,,,,,,,,,
Garage,Temp & Humidity Sensor,2020/12/26 4:25 AM,32.9,61.0,20.9,32.9,,,30.15,,,,,,,,,,,,,
Garage,Temp & Humidity Sensor,2020/12/26 4:30 AM,32.9,61.0,20.9,32.9,,,30.14,,,,,,,,,,,,,
Garage,Temp & Humidity Sensor,2020/12/26 4:35 AM,32.9,61.0,20.9,32.9,,,30.14,,,,,,,,,,,,,
Garage,Temp & Humidity Sensor,2020/12/26 4:40 AM,32.9,61.0,20.9,32.9,,,30.13,,,,,,,,,,,,,
Garage,Temp & Humidity Sensor,2020/12/26 4:45 AM,32.7,61.0,20.8,32.7,,,30.13,,,,,,,,,,,,,
Garage,Temp & Humidity Sensor,2020/12/26 4:50 AM,32.7,61.0,20.8,32.7,,,30.13,,,,,,,,,,,,,
Garage,Temp & Humidity Sensor,2020/12/26 4:55 AM,32.5,61.0,20.6,32.5,,,30.13,,,,,,,,,,,,,
Garage,Temp & Humidity Sensor,2020/12/26 5:00 AM,32.5,61.0,20.6,32.5,,,30.13,,,,,,,,,,,,,
Garage,Temp & Humidity Sensor,2020/12/26 5:05 AM,32.3,61.0,20.4,32.3,,,30.14,,,,,,,,,,,,,
Garage,Temp & Humidity Sensor,2020/12/26 5:10 AM,32.3,61.0,20.4,32.3,,,30.14,,,,,,,,,,,,,
Garage,Temp & Humidity Sensor,2020/12/26 5:15 AM,32.3,61.0,20.4,32.3,,,30.14,,,,,,,,,,,,,
Garage,Temp & Humidity Sensor,2020/12/26 5:20 AM,32.1,61.0,20.2,32.1,,,30.15,,,,,,,,,,,,,
Garage,Temp & Humidity Sensor,2020/12/26 5:25 AM,32.1,61.0,20.2,32.1,,,30.15,,,,,,,,,,,,,
Garage,Temp & Humidity Sensor,2020/12/26 5:30 AM,32.1,61.0,20.2,32.1,,,30.15,,,,,,,,,,,,,
Garage,Temp & Humidity Sensor,2020/12/26 5:35 AM,32.1,61.0,20.2,32.1,,,30.15,,,,,,,,,,,,,
Garage,Temp & Humidity Sensor,2020/12/26 5:40 AM,32.1,61.0,20.2,32.1,,,30.16,,,,,,,,,,,,,
Garage,Temp & Humidity Sensor,2020/12/26 5:45 AM,32.0,61.0,20.1,32.0,,,30.16,,,,,,,,,,,,,
Garage,Temp & Humidity Sensor,2020/12/26 5:50 AM,32.0,61.0,20.1,32.0,,,30.16,,,,,,,,,,,,,
Garage,Temp & Humidity Sensor,2020/12/26 5:55 AM,32.0,61.0,20.1,32.0,,,30.16,,,,,,,,,,,,,
Garage,Temp & Humidity Sensor,2020/12/26 6:00 AM,32.0,61.0,20.1,32.0,,,30.16,,,,,,,,,,,,,
Garage,Temp & Humidity Sensor,2020/12/26 6:05 AM,32.0,61.0,20.1,32.0,,,30.16,,,,,,,,,,,,,
Garage,Temp & Humidity Sensor,2020/12/26 6:10 AM,32.0,61.0,20.1,32.0,,,30.17,,,,,,,,,,,,,
Garage,Temp & Humidity Sensor,2020/12/26 6:15 AM,32.0,61.0,20.1,32.0,,,30.16,,,,,,,,,,,,,
Garage,Temp & Humidity Sensor,2020/12/26 6:20 AM,32.0,61.0,20.1,32.0,,,30.17,,,,,,,,,,,,,
Garage,Temp & Humidity Sensor,2020/12/26 6:25 AM,31.8,62.0,20.3,31.8,,,30.17,,,,,,,,,,,,,
Garage,Temp & Humidity Sensor,2020/12/26 6:30 AM,31.8,62.0,20.3,31.8,,,30.17,,,,,,,,,,,,,
Garage,Temp & Humidity Sensor,2020/12/26 6:35 AM,31.8,62.0,20.3,31.8,,,30.17,,,,,,,,,,,,,
Garage,Temp & Humidity Sensor,2020/12/26 6:40 AM,31.8,62.0,20.3,31.8,,,30.17,,,,,,,,,,,,,
Garage,Temp & Humidity Sensor,2020/12/26 6:45 AM,31.8,62.0,20.3,31.8,,,30.17,,,,,,,,,,,,,
Garage,Temp & Humidity Sensor,2020/12/26 6:50 AM,31.6,62.0,20.1,31.6,,,30.17,,,,,,,,,,,,,
Garage,Temp & Humidity Sensor,2020/12/26 6:55 AM,31.6,62.0,20.1,31.6,,,30.17,,,,,,,,,,,,,
Garage,Temp & Humidity Sensor,2020/12/26 7:00 AM,31.6,62.0,20.1,31.6,,,30.17,,,,,,,,,,,,,
Garage,Temp & Humidity Sensor,2020/12/26 7:05 AM,31.6,62.0,20.1,31.6,,,30.17,,,,,,,,,,,,,
Garage,Temp & Humidity Sensor,2020/12/26 7:10 AM,31.4,62.0,19.9,31.4,,,30.17,,,,,,,,,,,,,
Garage,Temp & Humidity Sensor,2020/12/26 7:15 AM,31.4,62.0,19.9,31.4,,,30.17,,,,,,,,,,,,,
Garage,Temp & Humidity Sensor,2020/12/26 7:20 AM,31.4,62.0,19.9,31.4,,,30.17,,,,,,,,,,,,,
Garage,Temp & Humidity Sensor,2020/12/26 7:25 AM,31.4,62.0,19.9,31.4,,,30.17,,,,,,,,,,,,,
Garage,Temp & Humidity Sensor,2020/12/26 7:30 AM,31.2,62.0,19.7,31.2,,,30.16,,,,,,,,,,,,,
Garage,Temp & Humidity Sensor,2020/12/26 7:35 AM,31.2,62.0,19.7,31.2,,,30.16,,,,,,,,,,,,,
Garage,Temp & Humidity Sensor,2020/12/26 7:40 AM,31.2,62.0,19.7,31.2,,,30.16,,,,,,,,,,,,,
Garage,Temp & Humidity Sensor,2020/12/26 7:45 AM,31.2,62.0,19.7,31.2,,,30.16,,,,,,,,,,,,,
Garage,Temp & Humidity Sensor,2020/12/26 7:50 AM,31.2,62.0,19.7,31.2,,,30.16,,,,,,,,,,,,,
Garage,Temp & Humidity Sensor,2020/12/26 7:55 AM,31.1,62.0,19.6,31.1,,,30.16,,,,,,,,,,,,,
Garage,Temp & Humidity Sensor,2020/12/26 8:00 AM,31.1,62.0,19.6,31.1,,,30.17,,,,,,,,,,,,,
Garage,Temp & Humidity Sensor,2020/12/26 8:05 AM,31.1,62.0,19.6,31.1,,,30.17,,,,,,,,,,,,,
Garage,Temp & Humidity Sensor,2020/12/26 8:10 AM,31.1,62.0,19.6,31.1,,,30.17,,,,,,,,,,,,,
Garage,Temp & Humidity Sensor,2020/12/26 8:15 AM,30.9,62.0,19.4,30.9,,,30.17,,,,,,,,,,,,,
Garage,Temp & Humidity Sensor,2020/12/26 8:20 AM,30.9,62.0,19.4,30.9,,,30.17,,,,,,,,,,,,,
Garage,Temp & Humidity Sensor,2020/12/26 8:25 AM,30.9,62.0,19.4,30.9,,,30.17,,,,,,,,,,,,,
Garage,Temp & Humidity Sensor,2020/12/26 8:30 AM,30.9,62.0,19.4,30.9,,,30.17,,,,,,,,,,,,,
Garage,Temp & Humidity Sensor,2020/12/26 8:35 AM,30.9,62.0,19.4,30.9,,,30.17,,,,,,,,,,,,,
Garage,Temp & Humidity Sensor,2020/12/26 8:40 AM,31.1,62.0,19.6,31.1,,,30.17,,,,,,,,,,,,,
Garage,Temp & Humidity Sensor,2020/12/26 8:45 AM,31.1,62.0,19.6,31.1,,,30.17,,,,,,,,,,,,,
Garage,Temp & Humidity Sensor,2020/12/26 8:50 AM,31.1,62.0,19.6,31.1,,,30.18,,,,,,,,,,,,,
Garage,Temp & Humidity Sensor,2020/12/26 8:55 AM,31.1,62.0,19.6,31.1,,,30.17,,,,,,,,,,,,,
Garage,Temp & Humidity Sensor,2020/12/26 9:00 AM,31.1,62.0,19.6,31.1,,,30.18,,,,,,,,,,,,,
Garage,Temp & Humidity Sensor,2020/12/26 9:05 AM,31.1,62.0,19.6,31.1,,,30.18,,,,,,,,,,,,,
Garage,Temp & Humidity Sensor,2020/12/26 9:10 AM,31.1,62.0,19.6,31.1,,,30.18,,,,,,,,,,,,,
Garage,Temp & Humidity Sensor,2020/12/26 9:15 AM,31.1,62.0,19.6,31.1,,,30.18,,,,,,,,,,,,,
Garage,Temp & Humidity Sensor,2020/12/26 9:20 AM,31.2,62.0,19.7,31.2,,,30.19,,,,,,,,,,,,,
Garage,Temp & Humidity Sensor,2020/12/26 9:25 AM,31.2,62.0,19.7,31.2,,,30.19,,,,,,,,,,,,,
Garage,Temp & Humidity Sensor,2020/12/26 9:30 AM,31.2,62.0,19.7,31.2,,,30.19,,,,,,,,,,,,,
Garage,Temp & Humidity Sensor,2020/12/26 9:35 AM,31.2,62.0,19.7,31.2,,,30.19,,,,,,,,,,,,,
Garage,Temp & Humidity Sensor,2020/12/26 9:40 AM,31.4,62.0,19.9,31.4,,,30.19,,,,,,,,,,,,,
Garage,Temp & Humidity Sensor,2020/12/26 9:45 AM,31.4,62.0,19.9,31.4,,,30.19,,,,,,,,,,,,,
Garage,Temp & Humidity Sensor,2020/12/26 9:50 AM,31.4,62.0,19.9,31.4,,,30.19,,,,,,,,,,,,,
Garage,Temp & Humidity Sensor,2020/12/26 9:55 AM,31.6,62.0,20.1,31.6,,,30.19,,,,,,,,,,,,,
Garage,Temp & Humidity Sensor,2020/12/26 10:00 AM,31.6,62.0,20.1,31.6,,,30.19,,,,,,,,,,,,,
Garage,Temp & Humidity Sensor,2020/12/26 10:05 AM,31.8,62.0,20.3,31.8,,,30.19,,,,,,,,,,,,,
Garage,Temp & Humidity Sensor,2020/12/26 10:10 AM,31.8,62.0,20.3,31.8,,,30.19,,,,,,,,,,,,,
Garage,Temp & Humidity Sensor,2020/12/26 10:15 AM,32.0,61.0,20.1,32.0,,,30.2,,,,,,,,,,,,,
Garage,Temp & Humidity Sensor,2020/12/26 10:20 AM,32.0,61.0,20.1,32.0,,,30.2,,,,,,,,,,,,,
Garage,Temp & Humidity Sensor,2020/12/26 10:25 AM,32.0,61.0,20.1,32.0,,,30.2,,,,,,,,,,,,,
Garage,Temp & Humidity Sensor,2020/12/26 10:30 AM,32.0,61.0,20.1,32.0,,,30.2,,,,,,,,,,,,,
Garage,Temp & Humidity Sensor,2020/12/26 10:35 AM,32.1,61.0,20.2,32.1,,,30.2,,,,,,,,,,,,,
Garage,Temp & Humidity Sensor,2020/12/26 10:40 AM,32.3,61.0,20.4,32.3,,,30.19,,,,,,,,,,,,,
Garage,Temp & Humidity Sensor,2020/12/26 10:45 AM,32.3,61.0,20.4,32.3,,,30.19,,,,,,,,,,,,,
Garage,Temp & Humidity Sensor,2020/12/26 10:50 AM,32.5,61.0,20.6,32.5,,,30.19,,,,,,,,,,,,,
Garage,Temp & Humidity Sensor,2020/12/26 10:55 AM,32.5,61.0,20.6,32.5,,,30.2,,,,,,,,,,,,,
Garage,Temp & Humidity Sensor,2020/12/26 11:00 AM,32.7,61.0,20.8,32.7,,,30.2,,,,,,,,,,,,,
Garage,Temp & Humidity Sensor,2020/12/26 11:05 AM,32.9,61.0,20.9,32.9,,,30.2,,,,,,,,,,,,,
Garage,Temp & Humidity Sensor,2020/12/26 11:10 AM,32.9,61.0,20.9,32.9,,,30.19,,,,,,,,,,,,,
Garage,Temp & Humidity Sensor,2020/12/26 11:15 AM,32.9,61.0,20.9,32.9,,,30.19,,,,,,,,,,,,,
Garage,Temp & Humidity Sensor,2020/12/26 11:20 AM,33.0,61.0,21.0,33.0,,,30.19,,,,,,,,,,,,,
Garage,Temp & Humidity Sensor,2020/12/26 11:25 AM,33.0,61.0,21.0,33.0,,,30.19,,,,,,,,,,,,,
Garage,Temp & Humidity Sensor,2020/12/26 11:30 AM,33.2,61.0,21.2,33.2,,,30.19,,,,,,,,,,,,,
Garage,Temp & Humidity Sensor,2020/12/26 11:35 AM,33.4,61.0,21.4,33.4,,,30.18,,,,,,,,,,,,,
Garage,Temp & Humidity Sensor,2020/12/26 11:40 AM,33.6,61.0,21.6,33.6,,,30.18,,,,,,,,,,,,,
Garage,Temp & Humidity Sensor,2020/12/26 11:45 AM,33.8,61.0,21.8,33.8,,,30.18,,,,,,,,,,,,,
Garage,Temp & Humidity Sensor,2020/12/26 11:50 AM,33.8,61.0,21.8,33.8,,,30.17,,,,,,,,,,,,,
Garage,Temp & Humidity Sensor,2020/12/26 11:55 AM,33.8,61.0,21.8,33.8,,,30.17,,,,,,,,,,,,,
Garage,Temp & Humidity Sensor,2020/12/26 12:00 PM,33.9,61.0,21.9,33.9,,,30.17,,,,,,,,,,,,,
Garage,Temp & Humidity Sensor,2020/12/26 12:05 PM,33.9,61.0,21.9,33.9,,,30.17,,,,,,,,,,,,,
Garage,Temp & Humidity Sensor,2020/12/26 12:10 PM,34.1,61.0,22.1,34.1,,,30.16,,,,,,,,,,,,,
Garage,Temp & Humidity Sensor,2020/12/26 12:15 PM,34.3,61.0,22.3,34.3,,,30.16,,,,,,,,,,,,,
Garage,Temp & Humidity Sensor,2020/12/26 12:20 PM,34.5,61.0,22.5,34.5,,,30.16,,,,,,,,,,,,,
Garage,Temp & Humidity Sensor,2020/12/26 12:25 PM,34.7,61.0,22.6,34.7,,,30.16,,,,,,,,,,,,,
Garage,Temp & Humidity Sensor,2020/12/26 12:30 PM,34.7,61.0,22.6,34.7,,,30.15,,,,,,,,,,,,,
Garage,Temp & Humidity Sensor,2020/12/26 12:35 PM,34.8,61.0,22.7,34.8,,,30.15,,,,,,,,,,,,,
Garage,Temp & Humidity Sensor,2020/12/26 12:40 PM,35.0,61.0,22.9,35.0,,,30.15,,,,,,,,,,,,,
Garage,Temp & Humidity Sensor,2020/12/26 12:45 PM,35.2,61.0,23.1,35.2,,,30.15,,,,,,,,,,,,,
Garage,Temp & Humidity Sensor,2020/12/26 12:50 PM,35.4,61.0,23.3,35.4,,,30.14,,,,,,,,,,,,,
Garage,Temp & Humidity Sensor,2020/12/26 12:55 PM,35.6,61.0,23.5,35.6,,,30.14,,,,,,,,,,,,,
Garage,Temp & Humidity Sensor,2020/12/26 1:00 PM,35.6,61.0,23.5,35.6,,,30.14,,,,,,,,,,,,,
Garage,Temp & Humidity Sensor,2020/12/26 1:05 PM,35.7,61.0,23.6,35.7,,,30.14,,,,,,,,,,,,,
Garage,Temp & Humidity Sensor,2020/12/26 1:10 PM,36.1,61.0,24.0,36.1,,,30.14,,,,,,,,,,,,,
Garage,Temp & Humidity Sensor,2020/12/26 1:15 PM,36.5,61.0,24.3,36.5,,,30.14,,,,,,,,,,,,,
Garage,Temp & Humidity Sensor,2020/12/26 1:20 PM,36.6,61.0,24.4,36.6,,,30.14,,,,,,,,,,,,,
Garage,Temp & Humidity Sensor,2020/12/26 1:25 PM,36.8,61.0,24.6,36.8,,,30.13,,,,,,,,,,,,,
Garage,Temp & Humidity Sensor,2020/12/26 1:30 PM,37.2,61.0,25.0,37.2,,,30.13,,,,,,,,,,,,,
Garage,Temp & Humidity Sensor,2020/12/26 1:35 PM,37.4,61.0,25.2,37.4,,,30.13,,,,,,,,,,,,,
Garage,Temp & Humidity Sensor,2020/12/26 1:40 PM,37.4,61.0,25.2,37.4,,,30.13,,,,,,,,,,,,,
Garage,Temp & Humidity Sensor,2020/12/26 1:45 PM,37.7,61.0,25.5,37.7,,,30.13,,,,,,,,,,,,,
Garage,Temp & Humidity Sensor,2020/12/26 1:50 PM,37.9,61.0,25.7,37.9,,,30.13,,,,,,,,,,,,,
Garage,Temp & Humidity Sensor,2020/12/26 1:55 PM,38.1,61.0,25.9,38.1,,,30.13,,,,,,,,,,,,,
Garage,Temp & Humidity Sensor,2020/12/26 2:00 PM,38.1,61.0,25.9,38.1,,,30.13,,,,,,,,,,,,,
Garage,Temp & Humidity Sensor,2020/12/26 2:05 PM,38.3,61.0,26.0,38.3,,,30.12,,,,,,,,,,,,,
Garage,Temp & Humidity Sensor,2020/12/26 2:10 PM,38.4,61.0,26.1,38.4,,,30.12,,,,,,,,,,,,,
Garage,Temp & Humidity Sensor,2020/12/26 2:15 PM,38.4,61.0,26.1,38.4,,,30.12,,,,,,,,,,,,,
Garage,Temp & Humidity Sensor,2020/12/26 2:20 PM,38.6,61.0,26.3,38.6,,,30.12,,,,,,,,,,,,,
Garage,Temp & Humidity Sensor,2020/12/26 2:25 PM,38.6,61.0,26.3,38.6,,,30.12,,,,,,,,,,,,,
Garage,Temp & Humidity Sensor,2020/12/26 2:30 PM,38.6,61.0,26.3,38.6,,,30.12,,,,,,,,,,,,,
Garage,Temp & Humidity Sensor,2020/12/26 2:35 PM,38.6,61.0,26.3,38.6,,,30.12,,,,,,,,,,,,,
Garage,Temp & Humidity Sensor,2020/12/26 2:40 PM,38.8,61.0,26.5,38.8,,,30.12,,,,,,,,,,,,,
Garage,Temp & Humidity Sensor,2020/12/26 2:45 PM,38.8,61.0,26.5,38.8,,,30.12,,,,,,,,,,,,,
Garage,Temp & Humidity Sensor,2020/12/26 2:50 PM,38.8,61.0,26.5,38.8,,,30.12,,,,,,,,,,,,,
Garage,Temp & Humidity Sensor,2020/12/26 2:55 PM,39.0,61.0,26.7,39.0,,,30.11,,,,,,,,,,,,,
Garage,Temp & Humidity Sensor,2020/12/26 3:00 PM,39.0,61.0,26.7,39.0,,,30.12,,,,,,,,,,,,,
Garage,Temp & Humidity Sensor,2020/12/26 3:05 PM,39.0,61.0,26.7,39.0,,,30.12,,,,,,,,,,,,,
Garage,Temp & Humidity Sensor,2020/12/26 3:10 PM,39.2,61.0,26.9,39.2,,,30.11,,,,,,,,,,,,,
Garage,Temp & Humidity Sensor,2020/12/26 3:15 PM,39.2,61.0,26.9,39.2,,,30.11,,,,,,,,,,,,,
Garage,Temp & Humidity Sensor,2020/12/26 3:20 PM,39.2,61.0,26.9,39.2,,,30.12,,,,,,,,,,,,,
Garage,Temp & Humidity Sensor,2020/12/26 3:25 PM,39.2,61.0,26.9,39.2,,,30.12,,,,,,,,,,,,,
Garage,Temp & Humidity Sensor,2020/12/26 3:30 PM,39.2,61.0,26.9,39.2,,,30.12,,,,,,,,,,,,,
Garage,Temp & Humidity Sensor,2020/12/26 3:35 PM,39.2,61.0,26.9,39.2,,,30.12,,,,,,,,,,,,,
Garage,Temp & Humidity Sensor,2020/12/26 3:40 PM,39.2,61.0,26.9,39.2,,,30.12,,,,,,,,,,,,,
Garage,Temp & Humidity Sensor,2020/12/26 3:45 PM,39.3,61.0,27.0,39.3,,,30.12,,,,,,,,,,,,,
Garage,Temp & Humidity Sensor,2020/12/26 3:50 PM,39.3,61.0,27.0,39.3,,,30.12,,,,,,,,,,,,,
Garage,Temp & Humidity Sensor,2020/12/26 3:55 PM,39.3,61.0,27.0,39.3,,,30.11,,,,,,,,,,,,,
Garage,Temp & Humidity Sensor,2020/12/26 4:00 PM,39.5,61.0,27.2,39.5,,,30.11,,,,,,,,,,,,,
Garage,Temp & Humidity Sensor,2020/12/26 4:05 PM,39.5,61.0,27.2,39.5,,,30.12,,,,,,,,,,,,,
Garage,Temp & Humidity Sensor,2020/12/26 4:10 PM,39.7,61.0,27.4,39.7,,,30.11,,,,,,,,,,,,,
Garage,Temp & Humidity Sensor,2020/12/26 4:15 PM,39.7,61.0,27.4,39.7,,,30.11,,,,,,,,,,,,,
Garage,Temp & Humidity Sensor,2020/12/26 4:20 PM,39.7,61.0,27.4,39.7,,,30.11,,,,,,,,,,,,,
Garage,Temp & Humidity Sensor,2020/12/26 4:25 PM,39.9,61.0,27.6,39.9,,,30.11,,,,,,,,,,,,,
Garage,Temp & Humidity Sensor,2020/12/26 4:30 PM,39.9,61.0,27.6,39.9,,,30.12,,,,,,,,,,,,,
Garage,Temp & Humidity Sensor,2020/12/26 4:35 PM,39.9,61.0,27.6,39.9,,,30.11,,,,,,,,,,,,,
Garage,Temp & Humidity Sensor,2020/12/26 4:40 PM,39.9,61.0,27.6,39.9,,,30.11,,,,,,,,,,,,,
Garage,Temp & Humidity Sensor,2020/12/26 4:45 PM,39.7,61.0,27.4,39.7,,,30.11,,,,,,,,,,,,,
Garage,Temp & Humidity Sensor,2020/12/26 4:50 PM,39.7,61.0,27.4,39.7,,,30.11,,,,,,,,,,,,,
Garage,Temp & Humidity Sensor,2020/12/26 4:55 PM,39.7,61.0,27.4,39.7,,,30.11,,,,,,,,,,,,,
Garage,Temp & Humidity Sensor,2020/12/26 5:00 PM,39.7,61.0,27.4,39.7,,,30.11,,,,,,,,,,,,,
Garage,Temp & Humidity Sensor,2020/12/26 5:05 PM,39.5,61.0,27.2,39.5,,,30.11,,,,,,,,,,,,,
Garage,Temp & Humidity Sensor,2020/12/26 5:10 PM,39.5,61.0,27.2,39.5,,,30.11,,,,,,,,,,,,,
Garage,Temp & Humidity Sensor,2020/12/26 5:15 PM,39.5,61.0,27.2,39.5,,,30.11,,,,,,,,,,,,,
Garage,Temp & Humidity Sensor,2020/12/26 5:20 PM,39.3,61.0,27.0,39.3,,,30.11,,,,,,,,,,,,,
Garage,Temp & Humidity Sensor,2020/12/26 5:25 PM,39.3,61.0,27.0,39.3,,,30.11,,,,,,,,,,,,,
Garage,Temp & Humidity Sensor,2020/12/26 5:30 PM,39.2,60.0,26.5,39.2,,,30.11,,,,,,,,,,,,,
Garage,Temp & Humidity Sensor,2020/12/26 5:35 PM,39.2,60.0,26.5,39.2,,,30.11,,,,,,,,,,,,,
Garage,Temp & Humidity Sensor,2020/12/26 5:40 PM,39.2,60.0,26.5,39.2,,,30.11,,,,,,,,,,,,,
Garage,Temp & Humidity Sensor,2020/12/26 5:45 PM,39.2,60.0,26.5,39.2,,,30.11,,,,,,,,,,,,,
Garage,Temp & Humidity Sensor,2020/12/26 5:50 PM,39.0,61.0,26.7,39.0,,,30.11,,,,,,,,,,,,,
Garage,Temp & Humidity Sensor,2020/12/26 5:55 PM,39.0,61.0,26.7,39.0,,,30.11,,,,,,,,,,,,,
Garage,Temp & Humidity Sensor,2020/12/26 6:00 PM,38.8,61.0,26.5,38.8,,,30.11,,,,,,,,,,,,,
Garage,Temp & Humidity Sensor,2020/12/26 6:05 PM,38.8,61.0,26.5,38.8,,,30.12,,,,,,,,,,,,,
Garage,Temp & Humidity Sensor,2020/12/26 6:10 PM,38.6,61.0,26.3,38.6,,,30.12,,,,,,,,,,,,,
Garage,Temp & Humidity Sensor,2020/12/26 6:15 PM,38.4,61.0,26.1,38.4,,,30.13,,,,,,,,,,,,,
Garage,Temp & Humidity Sensor,2020/12/26 6:20 PM,38.4,61.0,26.1,38.4,,,30.12,,,,,,,,,,,,,
Garage,Temp & Humidity Sensor,2020/12/26 6:25 PM,38.3,61.0,26.0,38.3,,,30.13,,,,,,,,,,,,,
Garage,Temp & Humidity Sensor,2020/12/26 6:30 PM,38.3,61.0,26.0,38.3,,,30.13,,,,,,,,,,,,,
Garage,Temp & Humidity Sensor,2020/12/26 6:35 PM,38.1,61.0,25.9,38.1,,,30.13,,,,,,,,,,,,,
Garage,Temp & Humidity Sensor,2020/12/26 6:40 PM,38.1,61.0,25.9,38.1,,,30.13,,,,,,,,,,,,,
Garage,Temp & Humidity Sensor,2020/12/26 6:45 PM,37.9,61.0,25.7,37.9,,,30.13,,,,,,,,,,,,,
Garage,Temp & Humidity Sensor,2020/12/26 6:50 PM,37.7,61.0,25.5,37.7,,,30.13,,,,,,,,,,,,,
Garage,Temp & Humidity Sensor,2020/12/26 6:55 PM,37.7,61.0,25.5,37.7,,,30.14,,,,,,,,,,,,,
Garage,Temp & Humidity Sensor,2020/12/26 7:00 PM,37.5,61.0,25.3,37.5,,,30.14,,,,,,,,,,,,,
Garage,Temp & Humidity Sensor,2020/12/26 7:05 PM,37.4,61.0,25.2,37.4,,,30.14,,,,,,,,,,,,,
Garage,Temp & Humidity Sensor,2020/12/26 7:10 PM,37.4,61.0,25.2,37.4,,,30.13,,,,,,,,,,,,,
Garage,Temp & Humidity Sensor,2020/12/26 7:15 PM,37.4,61.0,25.2,37.4,,,30.14,,,,,,,,,,,,,
Garage,Temp & Humidity Sensor,2020/12/26 7:20 PM,37.2,61.0,25.0,37.2,,,30.14,,,,,,,,,,,,,
Garage,Temp & Humidity Sensor,2020/12/26 7:25 PM,37.2,61.0,25.0,37.2,,,30.14,,,,,,,,,,,,,
Garage,Temp & Humidity Sensor,2020/12/26 7:30 PM,37.0,61.0,24.8,37.0,,,30.14,,,,,,,,,,,,,
Garage,Temp & Humidity Sensor,2020/12/26 7:35 PM,37.0,61.0,24.8,37.0,,,30.14,,,,,,,,,,,,,
Garage,Temp & Humidity Sensor,2020/12/26 7:40 PM,36.8,61.0,24.6,36.8,,,30.14,,,,,,,,,,,,,
Garage,Temp & Humidity Sensor,2020/12/26 7:45 PM,36.8,61.0,24.6,36.8,,,30.15,,,,,,,,,,,,,
Garage,Temp & Humidity Sensor,2020/12/26 7:50 PM,36.6,61.0,24.4,36.6,,,30.15,,,,,,,,,,,,,
Garage,Temp & Humidity Sensor,2020/12/26 7:55 PM,36.6,61.0,24.4,36.6,,,30.15,,,,,,,,,,,,,
Garage,Temp & Humidity Sensor,2020/12/26 8:00 PM,36.6,61.0,24.4,36.6,,,30.14,,,,,,,,,,,,,
Garage,Temp & Humidity Sensor,2020/12/26 8:05 PM,36.5,61.0,24.3,36.5,,,30.14,,,,,,,,,,,,,
Garage,Temp & Humidity Sensor,2020/12/26 8:10 PM,36.5,61.0,24.3,36.5,,,30.14,,,,,,,,,,,,,
Garage,Temp & Humidity Sensor,2020/12/26 8:15 PM,36.3,61.0,24.2,36.3,,,30.14,,,,,,,,,,,,,
Garage,Temp & Humidity Sensor,2020/12/26 8:20 PM,36.3,61.0,24.2,36.3,,,30.15,,,,,,,,,,,,,
Garage,Temp & Humidity Sensor,2020/12/26 8:25 PM,36.3,61.0,24.2,36.3,,,30.14,,,,,,,,,,,,,
Garage,Temp & Humidity Sensor,2020/12/26 8:30 PM,36.1,61.0,24.0,36.1,,,30.14,,,,,,,,,,,,,
Garage,Temp & Humidity Sensor,2020/12/26 8:35 PM,36.1,61.0,24.0,36.1,,,30.14,,,,,,,,,,,,,
Garage,Temp & Humidity Sensor,2020/12/26 8:40 PM,36.1,61.0,24.0,36.1,,,30.14,,,,,,,,,,,,,
Garage,Temp & Humidity Sensor,2020/12/26 8:45 PM,35.9,61.0,23.8,35.9,,,30.15,,,,,,,,,,,,,
Garage,Temp & Humidity Sensor,2020/12/26 8:50 PM,35.9,61.0,23.8,35.9,,,30.15,,,,,,,,,,,,,
Garage,Temp & Humidity Sensor,2020/12/26 8:55 PM,35.7,61.0,23.6,35.7,,,30.15,,,,,,,,,,,,,
Garage,Temp & Humidity Sensor,2020/12/26 9:00 PM,35.7,61.0,23.6,35.7,,,30.15,,,,,,,,,,,,,
Garage,Temp & Humidity Sensor,2020/12/26 9:05 PM,35.7,61.0,23.6,35.7,,,30.15,,,,,,,,,,,,,
Garage,Temp & Humidity Sensor,2020/12/26 9:10 PM,35.6,61.0,23.5,35.6,,,30.15,,,,,,,,,,,,,
Garage,Temp & Humidity Sensor,2020/12/26 9:15 PM,35.6,61.0,23.5,35.6,,,30.15,,,,,,,,,,,,,
Garage,Temp & Humidity Sensor,2020/12/26 9:20 PM,35.6,61.0,23.5,35.6,,,30.15,,,,,,,,,,,,,
Garage,Temp & Humidity Sensor,2020/12/26 9:25 PM,35.6,61.0,23.5,35.6,,,30.15,,,,,,,,,,,,,
Garage,Temp & Humidity Sensor,2020/12/26 9:30 PM,35.6,61.0,23.5,35.6,,,30.15,,,,,,,,,,,,,
Garage,Temp & Humidity Sensor,2020/12/26 9:35 PM,35.6,61.0,23.5,35.6,,,30.15,,,,,,,,,,,,,
Garage,Temp & Humidity Sensor,2020/12/26 9:40 PM,35.6,61.0,23.5,35.6,,,30.16,,,,,,,,,,,,,
Garage,Temp & Humidity Sensor,2020/12/26 9:45 PM,35.4,61.0,23.3,35.4,,,30.16,,,,,,,,,,,,,
Garage,Temp & Humidity Sensor,2020/12/26 9:50 PM,35.4,61.0,23.3,35.4,,,30.16,,,,,,,,,,,,,
Garage,Temp & Humidity Sensor,2020/12/26 9:55 PM,35.4,61.0,23.3,35.4,,,30.16,,,,,,,,,,,,,
Garage,Temp & Humidity Sensor,2020/12/26 10:00 PM,35.4,61.0,23.3,35.4,,,30.16,,,,,,,,,,,,,
Garage,Temp & Humidity Sensor,2020/12/26 10:05 PM,35.2,61.0,23.1,35.2,,,30.16,,,,,,,,,,,,,
Garage,Temp & Humidity Sensor,2020/12/26 10:10 PM,35.2,61.0,23.1,35.2,,,30.16,,,,,,,,,,,,,
Garage,Temp & Humidity Sensor,2020/12/26 10:15 PM,35.2,61.0,23.1,35.2,,,30.17,,,,,,,,,,,,,
Garage,Temp & Humidity Sensor,2020/12/26 10:20 PM,35.0,61.0,22.9,35.0,,,30.17,,,,,,,,,,,,,
Garage,Temp & Humidity Sensor,2020/12/26 10:25 PM,35.0,61.0,22.9,35.0,,,30.17,,,,,,,,,,,,,
Garage,Temp & Humidity Sensor,2020/12/26 10:30 PM,35.0,61.0,22.9,35.0,,,30.17,,,,,,,,,,,,,
Garage,Temp & Humidity Sensor,2020/12/26 10:35 PM,35.0,61.0,22.9,35.0,,,30.17,,,,,,,,,,,,,
Garage,Temp & Humidity Sensor,2020/12/26 10:40 PM,34.8,61.0,22.7,34.8,,,30.17,,,,,,,,,,,,,
Garage,Temp & Humidity Sensor,2020/12/26 10:45 PM,34.8,61.0,22.7,34.8,,,30.17,,,,,,,,,,,,,
Garage,Temp & Humidity Sensor,2020/12/26 10:50 PM,34.8,61.0,22.7,34.8,,,30.17,,,,,,,,,,,,,
Garage,Temp & Humidity Sensor,2020/12/26 10:55 PM,34.7,61.0,22.6,34.7,,,30.17,,,,,,,,,,,,,
Garage,Temp & Humidity Sensor,2020/12/26 11:00 PM,34.7,61.0,22.6,34.7,,,30.17,,,,,,,,,,,,,
Garage,Temp & Humidity Sensor,2020/12/26 11:05 PM,34.7,61.0,22.6,34.7,,,30.17,,,,,,,,,,,,,
Garage,Temp & Humidity Sensor,2020/12/26 11:10 PM,34.7,61.0,22.6,34.7,,,30.17,,,,,,,,,,,,,
Garage,Temp & Humidity Sensor,2020/12/26 11:15 PM,34.5,61.0,22.5,34.5,,,30.17,,,,,,,,,,,,,
Garage,Temp & Humidity Sensor,2020/12/26 11:20 PM,34.5,61.0,22.5,34.5,,,30.17,,,,,,,,,,,,,
Garage,Temp & Humidity Sensor,2020/12/26 11:25 PM,34.5,61.0,22.5,34.5,,,30.17,,,,,,,,,,,,,
Garage,Temp & Humidity Sensor,2020/12/26 11:30 PM,34.5,61.0,22.5,34.5,,,30.17,,,,,,,,,,,,,
Garage,Temp & Humidity Sensor,2020/12/26 11:35 PM,34.3,61.0,22.3,34.3,,,30.17,,,,,,,,,,,,,
Garage,Temp & Humidity Sensor,2020/12/26 11:40 PM,34.3,61.0,22.3,34.3,,,30.17,,,,,,,,,,,,,
Garage,Temp & Humidity Sensor,2020/12/26 11:45 PM,34.3,61.0,22.3,34.3,,,30.18,,,,,,,,,,,,,
Garage,Temp & Humidity Sensor,2020/12/26 11:50 PM,34.3,61.0,22.3,34.3,,,30.18,,,,,,,,,,,,,
Garage,Temp & Humidity Sensor,2020/12/26 11:55 PM,34.1,61.0,22.1,34.1,,,30.18,,,,,,,,,,,,,
Garage,Temp & Humidity Sensor,2020/12/27 12:00 AM,34.1,61.0,22.1,34.1,,,30.18,,,,,,,,,,,,,
Garage,Temp & Humidity Sensor,2020/12/27 12:05 AM,34.1,61.0,22.1,34.1,,,30.18,,,,,,,,,,,,,
Garage,Temp & Humidity Sensor,2020/12/27 12:10 AM,34.1,61.0,22.1,34.1,,,30.18,,,,,,,,,,,,,
Garage,Temp & Humidity Sensor,2020/12/27 12:15 AM,34.1,61.0,22.1,34.1,,,30.18,,,,,,,,,,,,,
Garage,Temp & Humidity Sensor,2020/12/27 12:20 AM,33.9,61.0,21.9,33.9,,,30.18,,,,,,,,,,,,,
Garage,Temp & Humidity Sensor,2020/12/27 12:25 AM,33.9,61.0,21.9,33.9,,,30.18,,,,,,,,,,,,,
Garage,Temp & Humidity Sensor,2020/12/27 12:30 AM,33.9,61.0,21.9,33.9,,,30.18,,,,,,,,,,,,,
Garage,Temp & Humidity Sensor,2020/12/27 12:35 AM,33.9,61.0,21.9,33.9,,,30.18,,,,,,,,,,,,,
Garage,Temp & Humidity Sensor,2020/12/27 12:40 AM,33.8,61.0,21.8,33.8,,,30.18,,,,,,,,,,,,,
Garage,Temp & Humidity Sensor,2020/12/27 12:45 AM,33.8,61.0,21.8,33.8,,,30.18,,,,,,,,,,,,,
Garage,Temp & Humidity Sensor,2020/12/27 12:50 AM,33.8,61.0,21.8,33.8,,,30.18,,,,,,,,,,,,,
Garage,Temp & Humidity Sensor,2020/12/27 12:55 AM,33.8,61.0,21.8,33.8,,,30.18,,,,,,,,,,,,,
Garage,Temp & Humidity Sensor,2020/12/27 1:00 AM,33.8,61.0,21.8,33.8,,,30.19,,,,,,,,,,,,,
Garage,Temp & Humidity Sensor,2020/12/27 1:05 AM,33.8,61.0,21.8,33.8,,,30.19,,,,,,,,,,,,,
Garage,Temp & Humidity Sensor,2020/12/27 1:10 AM,33.8,61.0,21.8,33.8,,,30.19,,,,,,,,,,,,,
Garage,Temp & Humidity Sensor,2020/12/27 1:15 AM,33.8,61.0,21.8,33.8,,,30.19,,,,,,,,,,,,,
Garage,Temp & Humidity Sensor,2020/12/27 1:20 AM,33.8,61.0,21.8,33.8,,,30.19,,,,,,,,,,,,,
Garage,Temp & Humidity Sensor,2020/12/27 1:25 AM,33.6,61.0,21.6,33.6,,,30.19,,,,,,,,,,,,,
Garage,Temp & Humidity Sensor,2020/12/27 1:30 AM,33.6,61.0,21.6,33.6,,,30.19,,,,,,,,,,,,,
Garage,Temp & Humidity Sensor,2020/12/27 1:35 AM,33.6,61.0,21.6,33.6,,,30.19,,,,,,,,,,,,,
Garage,Temp & Humidity Sensor,2020/12/27 1:40 AM,33.6,61.0,21.6,33.6,,,30.2,,,,,,,,,,,,,
Garage,Temp & Humidity Sensor,2020/12/27 1:45 AM,33.4,61.0,21.4,33.4,,,30.2,,,,,,,,,,,,,
Garage,Temp & Humidity Sensor,2020/12/27 1:50 AM,33.4,61.0,21.4,33.4,,,30.2,,,,,,,,,,,,,
Garage,Temp & Humidity Sensor,2020/12/27 1:55 AM,33.4,61.0,21.4,33.4,,,30.2,,,,,,,,,,,,,
Garage,Temp & Humidity Sensor,2020/12/27 2:00 AM,33.4,61.0,21.4,33.4,,,30.2,,,,,,,,,,,,,
Garage,Temp & Humidity Sensor,2020/12/27 2:05 AM,33.4,61.0,21.4,33.4,,,30.2,,,,,,,,,,,,,
Garage,Temp & Humidity Sensor,2020/12/27 2:10 AM,33.2,61.0,21.2,33.2,,,30.2,,,,,,,,,,,,,
Garage,Temp & Humidity Sensor,2020/12/27 2:15 AM,33.2,61.0,21.2,33.2,,,30.2,,,,,,,,,,,,,
Garage,Temp & Humidity Sensor,2020/12/27 2:20 AM,33.2,61.0,21.2,33.2,,,30.21,,,,,,,,,,,,,
Garage,Temp & Humidity Sensor,2020/12/27 2:25 AM,33.2,61.0,21.2,33.2,,,30.21,,,,,,,,,,,,,
Garage,Temp & Humidity Sensor,2020/12/27 2:30 AM,33.2,61.0,21.2,33.2,,,30.21,,,,,,,,,,,,,
Garage,Temp & Humidity Sensor,2020/12/27 2:35 AM,33.0,61.0,21.0,33.0,,,30.21,,,,,,,,,,,,,
Garage,Temp & Humidity Sensor,2020/12/27 2:40 AM,33.0,61.0,21.0,33.0,,,30.21,,,,,,,,,,,,,
Garage,Temp & Humidity Sensor,2020/12/27 2:45 AM,33.0,61.0,21.0,33.0,,,30.21,,,,,,,,,,,,,
Garage,Temp & Humidity Sensor,2020/12/27 2:50 AM,33.0,61.0,21.0,33.0,,,30.21,,,,,,,,,,,,,
Garage,Temp & Humidity Sensor,2020/12/27 2:55 AM,33.0,61.0,21.0,33.0,,,30.21,,,,,,,,,,,,,
Garage,Temp & Humidity Sensor,2020/12/27 3:00 AM,32.9,61.0,20.9,32.9,,,30.21,,,,,,,,,,,,,
Garage,Temp & Humidity Sensor,2020/12/27 3:05 AM,32.9,61.0,20.9,32.9,,,30.21,,,,,,,,,,,,,
Garage,Temp & Humidity Sensor,2020/12/27 3:10 AM,32.9,61.0,20.9,32.9,,,30.21,,,,,,,,,,,,,
Garage,Temp & Humidity Sensor,2020/12/27 3:15 AM,32.9,61.0,20.9,32.9,,,30.22,,,,,,,,,,,,,
Garage,Temp & Humidity Sensor,2020/12/27 3:20 AM,32.9,61.0,20.9,32.9,,,30.22,,,,,,,,,,,,,
Garage,Temp & Humidity Sensor,2020/12/27 3:25 AM,32.9,61.0,20.9,32.9,,,30.21,,,,,,,,,,,,,
Garage,Temp & Humidity Sensor,2020/12/27 3:30 AM,32.9,61.0,20.9,32.9,,,30.21,,,,,,,,,,,,,
Garage,Temp & Humidity Sensor,2020/12/27 3:35 AM,32.9,61.0,20.9,32.9,,,30.22,,,,,,,,,,,,,
Garage,Temp & Humidity Sensor,2020/12/27 3:40 AM,32.9,61.0,20.9,32.9,,,30.22,,,,,,,,,,,,,
Garage,Temp & Humidity Sensor,2020/12/27 3:45 AM,32.9,61.0,20.9,32.9,,,30.22,,,,,,,,,,,,,
Garage,Temp & Humidity Sensor,2020/12/27 3:50 AM,32.7,61.0,20.8,32.7,,,30.22,,,,,,,,,,,,,
Garage,Temp & Humidity Sensor,2020/12/27 3:55 AM,32.7,61.0,20.8,32.7,,,30.22,,,,,,,,,,,,,
Garage,Temp & Humidity Sensor,2020/12/27 4:00 AM,32.7,61.0,20.8,32.7,,,30.22,,,,,,,,,,,,,
Garage,Temp & Humidity Sensor,2020/12/27 4:05 AM,32.7,61.0,20.8,32.7,,,30.22,,,,,,,,,,,,,
Garage,Temp & Humidity Sensor,2020/12/27 4:10 AM,32.7,61.0,20.8,32.7,,,30.22,,,,,,,,,,,,,
Garage,Temp & Humidity Sensor,2020/12/27 4:15 AM,32.7,61.0,20.8,32.7,,,30.22,,,,,,,,,,,,,
Garage,Temp & Humidity Sensor,2020/12/27 4:20 AM,32.5,61.0,20.6,32.5,,,30.22,,,,,,,,,,,,,
Garage,Temp & Humidity Sensor,2020/12/27 4:25 AM,32.5,61.0,20.6,32.5,,,30.22,,,,,,,,,,,,,
Garage,Temp & Humidity Sensor,2020/12/27 4:30 AM,32.5,61.0,20.6,32.5,,,30.22,,,,,,,,,,,,,
Garage,Temp & Humidity Sensor,2020/12/27 4:35 AM,32.5,61.0,20.6,32.5,,,30.22,,,,,,,,,,,,,
Garage,Temp & Humidity Sensor,2020/12/27 4:40 AM,32.3,61.0,20.4,32.3,,,30.22,,,,,,,,,,,,,
Garage,Temp & Humidity Sensor,2020/12/27 4:45 AM,32.3,61.0,20.4,32.3,,,30.22,,,,,,,,,,,,,
Garage,Temp & Humidity Sensor,2020/12/27 4:50 AM,32.3,61.0,20.4,32.3,,,30.22,,,,,,,,,,,,,
Garage,Temp & Humidity Sensor,2020/12/27 4:55 AM,32.3,61.0,20.4,32.3,,,30.22,,,,,,,,,,,,,
Garage,Temp & Humidity Sensor,2020/12/27 5:00 AM,32.1,61.0,20.2,32.1,,,30.22,,,,,,,,,,,,,
Garage,Temp & Humidity Sensor,2020/12/27 5:05 AM,32.1,61.0,20.2,32.1,,,30.22,,,,,,,,,,,,,
Garage,Temp & Humidity Sensor,2020/12/27 5:10 AM,32.1,61.0,20.2,32.1,,,30.23,,,,,,,,,,,,,
Garage,Temp & Humidity Sensor,2020/12/27 5:15 AM,32.1,61.0,20.2,32.1,,,30.23,,,,,,,,,,,,,
Garage,Temp & Humidity Sensor,2020/12/27 5:20 AM,32.1,61.0,20.2,32.1,,,30.22,,,,,,,,,,,,,
Garage,Temp & Humidity Sensor,2020/12/27 5:25 AM,32.1,61.0,20.2,32.1,,,30.22,,,,,,,,,,,,,
Garage,Temp & Humidity Sensor,2020/12/27 5:30 AM,32.0,61.0,20.1,32.0,,,30.23,,,,,,,,,,,,,
Garage,Temp & Humidity Sensor,2020/12/27 5:35 AM,32.0,61.0,20.1,32.0,,,30.23,,,,,,,,,,,,,
Garage,Temp & Humidity Sensor,2020/12/27 5:40 AM,32.0,61.0,20.1,32.0,,,30.23,,,,,,,,,,,,,
Garage,Temp & Humidity Sensor,2020/12/27 5:45 AM,32.0,61.0,20.1,32.0,,,30.23,,,,,,,,,,,,,
Garage,Temp & Humidity Sensor,2020/12/27 5:50 AM,32.0,61.0,20.1,32.0,,,30.24,,,,,,,,,,,,,
Garage,Temp & Humidity Sensor,2020/12/27 5:55 AM,32.0,61.0,20.1,32.0,,,30.24,,,,,,,,,,,,,
Garage,Temp & Humidity Sensor,2020/12/27 6:00 AM,32.0,61.0,20.1,32.0,,,30.25,,,,,,,,,,,,,
Garage,Temp & Humidity Sensor,2020/12/27 6:05 AM,32.0,61.0,20.1,32.0,,,30.25,,,,,,,,,,,,,
Garage,Temp & Humidity Sensor,2020/12/27 6:10 AM,32.0,61.0,20.1,32.0,,,30.25,,,,,,,,,,,,,
Garage,Temp & Humidity Sensor,2020/12/27 6:15 AM,32.0,61.0,20.1,32.0,,,30.25,,,,,,,,,,,,,
Garage,Temp & Humidity Sensor,2020/12/27 6:20 AM,32.0,61.0,20.1,32.0,,,30.26,,,,,,,,,,,,,
Garage,Temp & Humidity Sensor,2020/12/27 6:25 AM,31.8,62.0,20.3,31.8,,,30.26,,,,,,,,,,,,,
Garage,Temp & Humidity Sensor,2020/12/27 6:30 AM,31.8,62.0,20.3,31.8,,,30.26,,,,,,,,,,,,,
Garage,Temp & Humidity Sensor,2020/12/27 6:35 AM,31.8,62.0,20.3,31.8,,,30.26,,,,,,,,,,,,,
Garage,Temp & Humidity Sensor,2020/12/27 6:40 AM,31.8,62.0,20.3,31.8,,,30.26,,,,,,,,,,,,,
Garage,Temp & Humidity Sensor,2020/12/27 6:45 AM,31.8,62.0,20.3,31.8,,,30.27,,,,,,,,,,,,,
Garage,Temp & Humidity Sensor,2020/12/27 6:50 AM,31.8,62.0,20.3,31.8,,,30.27,,,,,,,,,,,,,
Garage,Temp & Humidity Sensor,2020/12/27 6:55 AM,31.6,62.0,20.1,31.6,,,30.28,,,,,,,,,,,,,
Garage,Temp & Humidity Sensor,2020/12/27 7:00 AM,31.6,62.0,20.1,31.6,,,30.28,,,,,,,,,,,,,
Garage,Temp & Humidity Sensor,2020/12/27 7:05 AM,31.6,62.0,20.1,31.6,,,30.28,,,,,,,,,,,,,
Garage,Temp & Humidity Sensor,2020/12/27 7:10 AM,31.6,62.0,20.1,31.6,,,30.28,,,,,,,,,,,,,
Garage,Temp & Humidity Sensor,2020/12/27 7:15 AM,31.6,62.0,20.1,31.6,,,30.28,,,,,,,,,,,,,
Garage,Temp & Humidity Sensor,2020/12/27 7:20 AM,31.6,62.0,20.1,31.6,,,30.28,,,,,,,,,,,,,
Garage,Temp & Humidity Sensor,2020/12/27 7:25 AM,31.4,62.0,19.9,31.4,,,30.29,,,,,,,,,,,,,
Garage,Temp & Humidity Sensor,2020/12/27 7:30 AM,31.4,62.0,19.9,31.4,,,30.29,,,,,,,,,,,,,
Garage,Temp & Humidity Sensor,2020/12/27 7:35 AM,31.4,62.0,19.9,31.4,,,30.29,,,,,,,,,,,,,
Garage,Temp & Humidity Sensor,2020/12/27 7:40 AM,31.4,62.0,19.9,31.4,,,30.29,,,,,,,,,,,,,
Garage,Temp & Humidity Sensor,2020/12/27 7:45 AM,31.4,62.0,19.9,31.4,,,30.29,,,,,,,,,,,,,
Garage,Temp & Humidity Sensor,2020/12/27 7:50 AM,31.4,62.0,19.9,31.4,,,30.29,,,,,,,,,,,,,
Garage,Temp & Humidity Sensor,2020/12/27 7:55 AM,31.4,62.0,19.9,31.4,,,30.29,,,,,,,,,,,,,
Garage,Temp & Humidity Sensor,2020/12/27 8:00 AM,31.2,62.0,19.7,31.2,,,30.29,,,,,,,,,,,,,
Garage,Temp & Humidity Sensor,2020/12/27 8:05 AM,31.2,62.0,19.7,31.2,,,30.29,,,,,,,,,,,,,
Garage,Temp & Humidity Sensor,2020/12/27 8:10 AM,31.2,62.0,19.7,31.2,,,30.29,,,,,,,,,,,,,
Garage,Temp & Humidity Sensor,2020/12/27 8:15 AM,31.2,62.0,19.7,31.2,,,30.29,,,,,,,,,,,,,
Garage,Temp & Humidity Sensor,2020/12/27 8:20 AM,31.2,62.0,19.7,31.2,,,30.29,,,,,,,,,,,,,
Garage,Temp & Humidity Sensor,2020/12/27 8:25 AM,31.2,62.0,19.7,31.2,,,30.29,,,,,,,,,,,,,
Garage,Temp & Humidity Sensor,2020/12/27 8:30 AM,31.2,62.0,19.7,31.2,,,30.3,,,,,,,,,,,,,
Garage,Temp & Humidity Sensor,2020/12/27 8:35 AM,31.4,62.0,19.9,31.4,,,30.3,,,,,,,,,,,,,
Garage,Temp & Humidity Sensor,2020/12/27 8:40 AM,31.4,62.0,19.9,31.4,,,30.3,,,,,,,,,,,,,
Garage,Temp & Humidity Sensor,2020/12/27 8:45 AM,31.4,62.0,19.9,31.4,,,30.3,,,,,,,,,,,,,
Greenhouse,Temp & Humidity Sensor,2020/11/27 12:00 AM,58.4,93.0,56.4,58.3,,,30.09,,,,,,,,,,,,,
Greenhouse,Temp & Humidity Sensor,2020/11/27 12:05 AM,58.4,93.0,56.4,58.3,,,30.09,,,,,,,,,,,,,
Greenhouse,Temp & Humidity Sensor,2020/11/27 12:10 AM,58.4,93.0,56.4,58.3,,,30.09,,,,,,,,,,,,,
Greenhouse,Temp & Humidity Sensor,2020/11/27 12:15 AM,58.6,93.0,56.6,58.5,,,30.09,,,,,,,,,,,,,
Greenhouse,Temp & Humidity Sensor,2020/11/27 12:20 AM,58.6,93.0,56.6,58.5,,,30.09,,,,,,,,,,,,,
Greenhouse,Temp & Humidity Sensor,2020/11/27 12:25 AM,58.8,93.0,56.8,58.8,,,30.09,,,,,,,,,,,,,
Greenhouse,Temp & Humidity Sensor,2020/11/27 12:30 AM,58.8,93.0,56.8,58.8,,,30.09,,,,,,,,,,,,,
Greenhouse,Temp & Humidity Sensor,2020/11/27 12:35 AM,58.8,93.0,56.8,58.8,,,30.09,,,,,,,,,,,,,
Greenhouse,Temp & Humidity Sensor,2020/11/27 12:40 AM,59.0,92.0,56.7,58.9,,,30.08,,,,,,,,,,,,,
Greenhouse,Temp & Humidity Sensor,2020/11/27 12:45 AM,59.0,92.0,56.7,58.9,,,30.08,,,,,,,,,,,,,
Greenhouse,Temp & Humidity Sensor,2020/11/27 12:50 AM,59.0,92.0,56.7,58.9,,,30.09,,,,,,,,,,,,,
Greenhouse,Temp & Humidity Sensor,2020/11/27 12:55 AM,59.1,92.0,56.8,59.0,,,30.08,,,,,,,,,,,,,
Greenhouse,Temp & Humidity Sensor,2020/11/27 1:00 AM,59.1,92.0,56.8,59.0,,,30.08,,,,,,,,,,,,,
Greenhouse,Temp & Humidity Sensor,2020/11/27 1:05 AM,59.1,92.0,56.8,59.0,,,30.09,,,,,,,,,,,,,
Greenhouse,Temp & Humidity Sensor,2020/11/27 1:10 AM,59.1,92.0,56.8,59.0,,,30.09,,,,,,,,,,,,,
Greenhouse,Temp & Humidity Sensor,2020/11/27 1:15 AM,59.1,92.0,56.8,59.0,,,30.09,,,,,,,,,,,,,
Greenhouse,Temp & Humidity Sensor,2020/11/27 1:20 AM,59.3,92.0,57.0,59.3,,,30.09,,,,,,,,,,,,,
Greenhouse,Temp & Humidity Sensor,2020/11/27 1:25 AM,59.3,92.0,57.0,59.3,,,30.09,,,,,,,,,,,,,
Greenhouse,Temp & Humidity Sensor,2020/11/27 1:30 AM,59.3,92.0,57.0,59.3,,,30.09,,,,,,,,,,,,,
Greenhouse,Temp & Humidity Sensor,2020/11/27 1:35 AM,59.5,92.0,57.2,59.5,,,30.09,,,,,,,,,,,,,
Greenhouse,Temp & Humidity Sensor,2020/11/27 1:40 AM,59.5,92.0,57.2,59.5,,,30.09,,,,,,,,,,,,,
Greenhouse,Temp & Humidity Sensor,2020/11/27 1:45 AM,59.5,92.0,57.2,59.5,,,30.08,,,,,,,,,,,,,
Greenhouse,Temp & Humidity Sensor,2020/11/27 1:50 AM,59.5,92.0,57.2,59.5,,,30.08,,,,,,,,,,,,,
Greenhouse,Temp & Humidity Sensor,2020/11/27 1:55 AM,59.7,92.0,57.4,59.7,,,30.08,,,,,,,,,,,,,
Greenhouse,Temp & Humidity Sensor,2020/11/27 2:00 AM,59.7,92.0,57.4,59.7,,,30.08,,,,,,,,,,,,,
Greenhouse,Temp & Humidity Sensor,2020/11/27 2:05 AM,59.7,92.0,57.4,59.7,,,30.08,,,,,,,,,,,,,
Greenhouse,Temp & Humidity Sensor,2020/11/27 2:10 AM,59.7,92.0,57.4,59.7,,,30.08,,,,,,,,,,,,,
Greenhouse,Temp & Humidity Sensor,2020/11/27 2:15 AM,59.9,92.0,57.6,59.9,,,30.08,,,,,,,,,,,,,
Greenhouse,Temp & Humidity Sensor,2020/11/27 2:20 AM,59.9,92.0,57.6,59.9,,,30.08,,,,,,,,,,,,,
Greenhouse,Temp & Humidity Sensor,2020/11/27 2:25 AM,59.9,92.0,57.6,59.9,,,30.07,,,,,,,,,,,,,
Greenhouse,Temp & Humidity Sensor,2020/11/27 2:30 AM,60.0,92.0,57.7,60.0,,,30.08,,,,,,,,,,,,,
Greenhouse,Temp & Humidity Sensor,2020/11/27 2:35 AM,60.0,92.0,57.7,60.0,,,30.08,,,,,,,,,,,,,
Greenhouse,Temp & Humidity Sensor,2020/11/27 2:40 AM,60.0,92.0,57.7,60.0,,,30.08,,,,,,,,,,,,,
Greenhouse,Temp & Humidity Sensor,2020/11/27 2:45 AM,60.2,92.0,57.9,60.2,,,30.08,,,,,,,,,,,,,
Greenhouse,Temp & Humidity Sensor,2020/11/27 2:50 AM,60.2,92.0,57.9,60.2,,,30.08,,,,,,,,,,,,,
Greenhouse,Temp & Humidity Sensor,2020/11/27 2:55 AM,60.2,92.0,57.9,60.2,,,30.07,,,,,,,,,,,,,
Greenhouse,Temp & Humidity Sensor,2020/11/27 3:00 AM,60.2,92.0,57.9,60.2,,,30.08,,,,,,,,,,,,,
Greenhouse,Temp & Humidity Sensor,2020/11/27 3:05 AM,60.4,92.0,58.1,60.5,,,30.08,,,,,,,,,,,,,
Greenhouse,Temp & Humidity Sensor,2020/11/27 3:10 AM,60.4,92.0,58.1,60.5,,,30.08,,,,,,,,,,,,,
Greenhouse,Temp & Humidity Sensor,2020/11/27 3:15 AM,60.4,92.0,58.1,60.5,,,30.08,,,,,,,,,,,,,
Greenhouse,Temp & Humidity Sensor,2020/11/27 3:20 AM,60.4,92.0,58.1,60.5,,,30.07,,,,,,,,,,,,,
Greenhouse,Temp & Humidity Sensor,2020/11/27 3:25 AM,60.4,92.0,58.1,60.5,,,30.07,,,,,,,,,,,,,
Greenhouse,Temp & Humidity Sensor,2020/11/27 3:30 AM,60.4,92.0,58.1,60.5,,,30.07,,,,,,,,,,,,,
Greenhouse,Temp & Humidity Sensor,2020/11/27 3:35 AM,60.4,92.0,58.1,60.5,,,30.07,,,,,,,,,,,,,
Greenhouse,Temp & Humidity Sensor,2020/11/27 3:40 AM,60.8,92.0,58.5,60.9,,,30.07,,,,,,,,,,,,,
Greenhouse,Temp & Humidity Sensor,2020/11/27 3:45 AM,60.8,92.0,58.5,60.9,,,30.07,,,,,,,,,,,,,
Greenhouse,Temp & Humidity Sensor,2020/11/27 3:50 AM,60.8,92.0,58.5,60.9,,,30.07,,,,,,,,,,,,,
Greenhouse,Temp & Humidity Sensor,2020/11/27 3:55 AM,60.8,92.0,58.5,60.9,,,30.08,,,,,,,,,,,,,
Greenhouse,Temp & Humidity Sensor,2020/11/27 4:00 AM,60.8,92.0,58.5,60.9,,,30.07,,,,,,,,,,,,,
Greenhouse,Temp & Humidity Sensor,2020/11/27 4:05 AM,60.8,92.0,58.5,60.9,,,30.07,,,,,,,,,,,,,
Greenhouse,Temp & Humidity Sensor,2020/11/27 4:10 AM,60.8,92.0,58.5,60.9,,,30.07,,,,,,,,,,,,,
Greenhouse,Temp & Humidity Sensor,2020/11/27 4:15 AM,60.9,92.0,58.6,61.0,,,30.07,,,,,,,,,,,,,
Greenhouse,Temp & Humidity Sensor,2020/11/27 4:20 AM,60.9,92.0,58.6,61.0,,,30.07,,,,,,,,,,,,,
Greenhouse,Temp & Humidity Sensor,2020/11/27 4:25 AM,60.9,92.0,58.6,61.0,,,30.08,,,,,,,,,,,,,
Greenhouse,Temp & Humidity Sensor,2020/11/27 4:30 AM,60.9,92.0,58.6,61.0,,,30.08,,,,,,,,,,,,,
Greenhouse,Temp & Humidity Sensor,2020/11/27 4:35 AM,60.9,92.0,58.6,61.0,,,30.08,,,,,,,,,,,,,
Greenhouse,Temp & Humidity Sensor,2020/11/27 4:40 AM,60.9,92.0,58.6,61.0,,,30.08,,,,,,,,,,,,,
Greenhouse,Temp & Humidity Sensor,2020/11/27 4:45 AM,60.9,92.0,58.6,61.0,,,30.08,,,,,,,,,,,,,
Greenhouse,Temp & Humidity Sensor,2020/11/27 4:50 AM,60.9,92.0,58.6,61.0,,,30.08,,,,,,,,,,,,,
Greenhouse,Temp & Humidity Sensor,2020/11/27 4:55 AM,60.9,92.0,58.6,61.0,,,30.07,,,,,,,,,,,,,
Greenhouse,Temp & Humidity Sensor,2020/11/27 5:00 AM,60.9,92.0,58.6,61.0,,,30.07,,,,,,,,,,,,,
Greenhouse,Temp & Humidity Sensor,2020/11/27 5:05 AM,60.8,92.0,58.5,60.9,,,30.07,,,,,,,,,,,,,
Greenhouse,Temp & Humidity Sensor,2020/11/27 5:10 AM,60.9,92.0,58.6,61.0,,,30.07,,,,,,,,,,,,,
Greenhouse,Temp & Humidity Sensor,2020/11/27 5:15 AM,60.9,92.0,58.6,61.0,,,30.08,,,,,,,,,,,,,
Greenhouse,Temp & Humidity Sensor,2020/11/27 5:20 AM,60.9,92.0,58.6,61.0,,,30.07,,,,,,,,,,,,,
Greenhouse,Temp & Humidity Sensor,2020/11/27 5:25 AM,60.9,92.0,58.6,61.0,,,30.07,,,,,,,,,,,,,
Greenhouse,Temp & Humidity Sensor,2020/11/27 5:30 AM,60.9,92.0,58.6,61.0,,,30.08,,,,,,,,,,,,,
Greenhouse,Temp & Humidity Sensor,2020/11/27 5:35 AM,60.8,92.0,58.5,60.9,,,30.07,,,,,,,,,,,,,
Greenhouse,Temp & Humidity Sensor,2020/11/27 5:40 AM,60.8,92.0,58.5,60.9,,,30.07,,,,,,,,,,,,,
Greenhouse,Temp & Humidity Sensor,2020/11/27 5:45 AM,60.8,92.0,58.5,60.9,,,30.07,,,,,,,,,,,,,
Greenhouse,Temp & Humidity Sensor,2020/11/27 5:50 AM,60.8,92.0,58.5,60.9,,,30.07,,,,,,,,,,,,,
Greenhouse,Temp & Humidity Sensor,2020/11/27 5:55 AM,60.8,92.0,58.5,60.9,,,30.07,,,,,,,,,,,,,
Greenhouse,Temp & Humidity Sensor,2020/11/27 6:00 AM,60.8,92.0,58.5,60.9,,,30.08,,,,,,,,,,,,,
Greenhouse,Temp & Humidity Sensor,2020/11/27 6:05 AM,60.8,92.0,58.5,60.9,,,30.08,,,,,,,,,,,,,
Greenhouse,Temp & Humidity Sensor,2020/11/27 6:10 AM,60.4,93.0,58.4,60.5,,,30.07,,,,,,,,,,,,,
Greenhouse,Temp & Humidity Sensor,2020/11/27 6:15 AM,60.4,93.0,58.4,60.5,,,30.07,,,,,,,,,,,,,
Greenhouse,Temp & Humidity Sensor,2020/11/27 6:20 AM,60.4,93.0,58.4,60.5,,,30.08,,,,,,,,,,,,,
Greenhouse,Temp & Humidity Sensor,2020/11/27 6:25 AM,60.4,93.0,58.4,60.5,,,30.08,,,,,,,,,,,,,
Greenhouse,Temp & Humidity Sensor,2020/11/27 6:30 AM,60.4,93.0,58.4,60.5,,,30.08,,,,,,,,,,,,,
Greenhouse,Temp & Humidity Sensor,2020/11/27 6:35 AM,60.4,93.0,58.4,60.5,,,30.08,,,,,,,,,,,,,
Greenhouse,Temp & Humidity Sensor,2020/11/27 6:40 AM,60.4,93.0,58.4,60.5,,,30.08,,,,,,,,,,,,,
Greenhouse,Temp & Humidity Sensor,2020/11/27 6:45 AM,60.2,93.0,58.2,60.3,,,30.08,,,,,,,,,,,,,
Greenhouse,Temp & Humidity Sensor,2020/11/27 6:50 AM,60.2,93.0,58.2,60.3,,,30.09,,,,,,,,,,,,,
Greenhouse,Temp & Humidity Sensor,2020/11/27 6:55 AM,60.2,93.0,58.2,60.3,,,30.09,,,,,,,,,,,,,
Greenhouse,Temp & Humidity Sensor,2020/11/27 7:00 AM,60.2,93.0,58.2,60.3,,,30.09,,,,,,,,,,,,,
Greenhouse,Temp & Humidity Sensor,2020/11/27 7:05 AM,60.4,93.0,58.4,60.5,,,30.09,,,,,,,,,,,,,
Greenhouse,Temp & Humidity Sensor,2020/11/27 7:10 AM,60.4,93.0,58.4,60.5,,,30.09,,,,,,,,,,,,,
Greenhouse,Temp & Humidity Sensor,2020/11/27 7:15 AM,60.4,93.0,58.4,60.5,,,30.09,,,,,,,,,,,,,
Greenhouse,Temp & Humidity Sensor,2020/11/27 7:20 AM,60.4,93.0,58.4,60.5,,,30.09,,,,,,,,,,,,,
Greenhouse,Temp & Humidity Sensor,2020/11/27 7:25 AM,60.8,92.0,58.5,60.9,,,30.1,,,,,,,,,,,,,
Greenhouse,Temp & Humidity Sensor,2020/11/27 7:30 AM,60.4,93.0,58.4,60.5,,,30.1,,,,,,,,,,,,,
Greenhouse,Temp & Humidity Sensor,2020/11/27 7:35 AM,60.4,93.0,58.4,60.5,,,30.1,,,,,,,,,,,,,
Greenhouse,Temp & Humidity Sensor,2020/11/27 7:40 AM,60.4,93.0,58.4,60.5,,,30.1,,,,,,,,,,,,,
Greenhouse,Temp & Humidity Sensor,2020/11/27 7:45 AM,60.8,92.0,58.5,60.9,,,30.1,,,,,,,,,,,,,
Greenhouse,Temp & Humidity Sensor,2020/11/27 7:50 AM,60.8,92.0,58.5,60.9,,,30.1,,,,,,,,,,,,,
Greenhouse,Temp & Humidity Sensor,2020/11/27 7:55 AM,60.8,92.0,58.5,60.9,,,30.1,,,,,,,,,,,,,
Greenhouse,Temp & Humidity Sensor,2020/11/27 8:00 AM,60.4,93.0,58.4,60.5,,,30.1,,,,,,,,,,,,,
Greenhouse,Temp & Humidity Sensor,2020/11/27 8:05 AM,60.8,92.0,58.5,60.9,,,30.1,,,,,,,,,,,,,
Greenhouse,Temp & Humidity Sensor,2020/11/27 8:10 AM,60.8,92.0,58.5,60.9,,,30.1,,,,,,,,,,,,,
Greenhouse,Temp & Humidity Sensor,2020/11/27 8:15 AM,60.8,92.0,58.5,60.9,,,30.1,,,,,,,,,,,,,
Greenhouse,Temp & Humidity Sensor,2020/11/27 8:20 AM,60.8,92.0,58.5,60.9,,,30.1,,,,,,,,,,,,,
Greenhouse,Temp & Humidity Sensor,2020/11/27 8:25 AM,60.8,92.0,58.5,60.9,,,30.1,,,,,,,,,,,,,
Greenhouse,Temp & Humidity Sensor,2020/11/27 8:30 AM,60.9,92.0,58.6,61.0,,,30.1,,,,,,,,,,,,,
Greenhouse,Temp & Humidity Sensor,2020/11/27 8:35 AM,61.1,92.0,58.8,61.2,,,30.1,,,,,,,,,,,,,
Greenhouse,Temp & Humidity Sensor,2020/11/27 8:40 AM,61.7,92.0,59.3,61.9,,,30.11,,,,,,,,,,,,,
Greenhouse,Temp & Humidity Sensor,2020/11/27 8:45 AM,62.6,91.0,59.9,62.8,,,30.11,,,,,,,,,,,,,
Greenhouse,Temp & Humidity Sensor,2020/11/27 8:50 AM,62.7,91.0,60.0,62.9,,,30.11,,,,,,,,,,,,,
Greenhouse,Temp & Humidity Sensor,2020/11/27 8:55 AM,62.7,91.0,60.0,62.9,,,30.11,,,,,,,,,,,,,
Greenhouse,Temp & Humidity Sensor,2020/11/27 9:00 AM,62.6,90.0,59.6,62.8,,,30.11,,,,,,,,,,,,,
Greenhouse,Temp & Humidity Sensor,2020/11/27 9:05 AM,62.2,92.0,59.8,62.4,,,30.11,,,,,,,,,,,,,
Greenhouse,Temp & Humidity Sensor,2020/11/27 9:10 AM,62.6,91.0,59.9,62.8,,,30.11,,,,,,,,,,,,,
Greenhouse,Temp & Humidity Sensor,2020/11/27 9:15 AM,62.6,91.0,59.9,62.8,,,30.11,,,,,,,,,,,,,
Greenhouse,Temp & Humidity Sensor,2020/11/27 9:20 AM,63.3,91.0,60.6,63.6,,,30.11,,,,,,,,,,,,,
Greenhouse,Temp & Humidity Sensor,2020/11/27 9:25 AM,63.5,91.0,60.8,63.8,,,30.11,,,,,,,,,,,,,
Greenhouse,Temp & Humidity Sensor,2020/11/27 9:30 AM,63.6,91.0,60.9,63.9,,,30.11,,,,,,,,,,,,,
Greenhouse,Temp & Humidity Sensor,2020/11/27 9:35 AM,63.6,91.0,60.9,63.9,,,30.11,,,,,,,,,,,,,
Greenhouse,Temp & Humidity Sensor,2020/11/27 9:40 AM,63.5,91.0,60.8,63.8,,,30.11,,,,,,,,,,,,,
Greenhouse,Temp & Humidity Sensor,2020/11/27 9:45 AM,63.6,91.0,60.9,63.9,,,30.11,,,,,,,,,,,,,
Greenhouse,Temp & Humidity Sensor,2020/11/27 9:50 AM,64.0,91.0,61.3,64.4,,,30.12,,,,,,,,,,,,,
Greenhouse,Temp & Humidity Sensor,2020/11/27 9:55 AM,64.9,90.0,61.9,65.3,,,30.11,,,,,,,,,,,,,
Greenhouse,Temp & Humidity Sensor,2020/11/27 10:00 AM,65.8,89.0,62.5,66.3,,,30.11,,,,,,,,,,,,,
Greenhouse,Temp & Humidity Sensor,2020/11/27 10:05 AM,65.8,89.0,62.5,66.3,,,30.11,,,,,,,,,,,,,
Greenhouse,Temp & Humidity Sensor,2020/11/27 10:10 AM,66.2,88.0,62.5,66.7,,,30.11,,,,,,,,,,,,,
Greenhouse,Temp & Humidity Sensor,2020/11/27 10:15 AM,64.9,88.0,61.3,65.2,,,30.11,,,,,,,,,,,,,
Greenhouse,Temp & Humidity Sensor,2020/11/27 10:20 AM,66.5,88.0,62.8,67.0,,,30.11,,,,,,,,,,,,,
Greenhouse,Temp & Humidity Sensor,2020/11/27 10:25 AM,67.1,81.0,61.1,67.3,,,30.11,,,,,,,,,,,,,
Greenhouse,Temp & Humidity Sensor,2020/11/27 10:30 AM,65.1,81.0,59.1,65.1,,,30.11,,,,,,,,,,,,,
Greenhouse,Temp & Humidity Sensor,2020/11/27 10:35 AM,64.4,84.0,59.5,64.5,,,30.11,,,,,,,,,,,,,
Greenhouse,Temp & Humidity Sensor,2020/11/27 10:40 AM,65.4,86.0,61.1,65.7,,,30.11,,,,,,,,,,,,,
Greenhouse,Temp & Humidity Sensor,2020/11/27 10:45 AM,65.3,82.0,59.7,65.4,,,30.11,,,,,,,,,,,,,
Greenhouse,Temp & Humidity Sensor,2020/11/27 10:50 AM,64.0,83.0,58.7,64.0,,,30.11,,,,,,,,,,,,,
Greenhouse,Temp & Humidity Sensor,2020/11/27 10:55 AM,64.0,83.0,58.7,64.0,,,30.11,,,,,,,,,,,,,
Greenhouse,Temp & Humidity Sensor,2020/11/27 11:00 AM,66.5,83.0,61.2,66.8,,,30.11,,,,,,,,,,,,,
Greenhouse,Temp & Humidity Sensor,2020/11/27 11:05 AM,66.5,79.0,59.8,66.6,,,30.1,,,,,,,,,,,,,
Greenhouse,Temp & Humidity Sensor,2020/11/27 11:10 AM,66.2,78.0,59.1,66.2,,,30.1,,,,,,,,,,,,,
Greenhouse,Temp & Humidity Sensor,2020/11/27 11:15 AM,64.4,78.0,57.4,64.2,,,30.1,,,,,,,,,,,,,
Greenhouse,Temp & Humidity Sensor,2020/11/27 11:20 AM,64.7,82.0,59.1,64.7,,,30.1,,,,,,,,,,,,,
Greenhouse,Temp & Humidity Sensor,2020/11/27 11:25 AM,64.9,82.0,59.3,64.9,,,30.1,,,,,,,,,,,,,
Greenhouse,Temp & Humidity Sensor,2020/11/27 11:30 AM,66.5,81.0,60.5,66.7,,,30.09,,,,,,,,,,,,,
Greenhouse,Temp & Humidity Sensor,2020/11/27 11:35 AM,66.3,74.0,57.8,66.1,,,30.09,,,,,,,,,,,,,
Greenhouse,Temp & Humidity Sensor,2020/11/27 11:40 AM,67.1,73.0,58.1,66.9,,,30.09,,,,,,,,,,,,,
Greenhouse,Temp & Humidity Sensor,2020/11/27 11:45 AM,67.6,71.0,57.9,67.4,,,30.08,,,,,,,,,,,,,
Greenhouse,Temp & Humidity Sensor,2020/11/27 11:50 AM,65.8,71.0,56.1,65.4,,,30.08,,,,,,,,,,,,,
Greenhouse,Temp & Humidity Sensor,2020/11/27 11:55 AM,65.6,75.0,57.5,65.4,,,30.08,,,,,,,,,,,,,
Greenhouse,Temp & Humidity Sensor,2020/11/27 12:00 PM,66.9,71.0,57.2,66.6,,,30.08,,,,,,,,,,,,,
Greenhouse,Temp & Humidity Sensor,2020/11/27 12:05 PM,65.8,72.0,56.5,65.5,,,30.08,,,,,,,,,,,,,
Greenhouse,Temp & Humidity Sensor,2020/11/27 12:10 PM,64.7,75.0,56.6,64.4,,,30.08,,,,,,,,,,,,,
Greenhouse,Temp & Humidity Sensor,2020/11/27 12:15 PM,65.6,74.0,57.1,65.3,,,30.08,,,,,,,,,,,,,
Greenhouse,Temp & Humidity Sensor,2020/11/27 12:20 PM,64.9,75.0,56.8,64.6,,,30.08,,,,,,,,,,,,,
Greenhouse,Temp & Humidity Sensor,2020/11/27 12:25 PM,65.4,74.0,56.9,65.1,,,30.08,,,,,,,,,,,,,
Greenhouse,Temp & Humidity Sensor,2020/11/27 12:30 PM,65.4,75.0,57.3,65.2,,,30.07,,,,,,,,,,,,,
Greenhouse,Temp & Humidity Sensor,2020/11/27 12:35 PM,65.1,75.0,57.0,64.8,,,30.08,,,,,,,,,,,,,
Greenhouse,Temp & Humidity Sensor,2020/11/27 12:40 PM,65.4,73.0,56.5,65.1,,,30.08,,,,,,,,,,,,,
Greenhouse,Temp & Humidity Sensor,2020/11/27 12:45 PM,63.8,75.0,55.7,63.4,,,30.08,,,,,,,,,,,,,
Greenhouse,Temp & Humidity Sensor,2020/11/27 12:50 PM,63.3,78.0,56.3,63.0,,,30.08,,,,,,,,,,,,,
Greenhouse,Temp & Humidity Sensor,2020/11/27 12:55 PM,62.9,77.0,55.6,62.5,,,30.08,,,,,,,,,,,,,
Greenhouse,Temp & Humidity Sensor,2020/11/27 1:00 PM,62.0,77.0,54.7,61.5,,,30.08,,,,,,,,,,,,,
Greenhouse,Temp & Humidity Sensor,2020/11/27 1:05 PM,62.0,77.0,54.7,61.5,,,30.07,,,,,,,,,,,,,
Greenhouse,Temp & Humidity Sensor,2020/11/27 1:10 PM,64.4,74.0,55.9,64.0,,,30.08,,,,,,,,,,,,,
Greenhouse,Temp & Humidity Sensor,2020/11/27 1:15 PM,64.0,70.0,54.0,63.4,,,30.07,,,,,,,,,,,,,
Greenhouse,Temp & Humidity Sensor,2020/11/27 1:20 PM,65.4,66.0,53.7,64.7,,,30.07,,,,,,,,,,,,,
Greenhouse,Temp & Humidity Sensor,2020/11/27 1:25 PM,64.7,67.0,53.5,64.0,,,30.07,,,,,,,,,,,,,
Greenhouse,Temp & Humidity Sensor,2020/11/27 1:30 PM,63.6,69.0,53.2,62.9,,,30.07,,,,,,,,,,,,,
Greenhouse,Temp & Humidity Sensor,2020/11/27 1:35 PM,62.6,71.0,53.1,61.9,,,30.07,,,,,,,,,,,,,
Greenhouse,Temp & Humidity Sensor,2020/11/27 1:40 PM,62.4,75.0,54.4,61.9,,,30.06,,,,,,,,,,,,,
Greenhouse,Temp & Humidity Sensor,2020/11/27 1:45 PM,64.0,74.0,55.5,63.6,,,30.06,,,,,,,,,,,,,
Greenhouse,Temp & Humidity Sensor,2020/11/27 1:50 PM,63.5,72.0,54.3,62.9,,,30.06,,,,,,,,,,,,,
Greenhouse,Temp & Humidity Sensor,2020/11/27 1:55 PM,64.4,74.0,55.9,64.0,,,30.06,,,,,,,,,,,,,
Greenhouse,Temp & Humidity Sensor,2020/11/27 2:00 PM,62.7,72.0,53.5,62.1,,,30.06,,,,,,,,,,,,,
Greenhouse,Temp & Humidity Sensor,2020/11/27 2:05 PM,62.7,75.0,54.7,62.2,,,30.05,,,,,,,,,,,,,
Greenhouse,Temp & Humidity Sensor,2020/11/27 2:10 PM,62.6,74.0,54.2,62.0,,,30.05,,,,,,,,,,,,,
Greenhouse,Temp & Humidity Sensor,2020/11/27 2:15 PM,62.2,74.0,53.8,61.6,,,30.04,,,,,,,,,,,,,
Greenhouse,Temp & Humidity Sensor,2020/11/27 2:20 PM,62.7,74.0,54.3,62.1,,,30.03,,,,,,,,,,,,,
Greenhouse,Temp & Humidity Sensor,2020/11/27 2:25 PM,62.7,74.0,54.3,62.1,,,30.03,,,,,,,,,,,,,
Greenhouse,Temp & Humidity Sensor,2020/11/27 2:30 PM,63.5,73.0,54.7,63.0,,,30.03,,,,,,,,,,,,,
Greenhouse,Temp & Humidity Sensor,2020/11/27 2:35 PM,62.7,72.0,53.5,62.1,,,30.03,,,,,,,,,,,,,
Greenhouse,Temp & Humidity Sensor,2020/11/27 2:40 PM,63.1,72.0,53.9,62.5,,,30.04,,,,,,,,,,,,,
Greenhouse,Temp & Humidity Sensor,2020/11/27 2:45 PM,63.3,74.0,54.9,62.8,,,30.04,,,,,,,,,,,,,
Greenhouse,Temp & Humidity Sensor,2020/11/27 2:50 PM,63.1,74.0,54.7,62.6,,,30.04,,,,,,,,,,,,,
Greenhouse,Temp & Humidity Sensor,2020/11/27 2:55 PM,63.3,72.0,54.1,62.7,,,30.03,,,,,,,,,,,,,
Greenhouse,Temp & Humidity Sensor,2020/11/27 3:00 PM,62.9,73.0,54.1,62.3,,,30.03,,,,,,,,,,,,,
Greenhouse,Temp & Humidity Sensor,2020/11/27 3:05 PM,62.7,74.0,54.3,62.1,,,30.03,,,,,,,,,,,,,
Greenhouse,Temp & Humidity Sensor,2020/11/27 3:10 PM,62.7,74.0,54.3,62.1,,,30.04,,,,,,,,,,,,,
Greenhouse,Temp & Humidity Sensor,2020/11/27 3:15 PM,62.6,73.0,53.8,62.0,,,30.03,,,,,,,,,,,,,
Greenhouse,Temp & Humidity Sensor,2020/11/27 3:20 PM,63.5,74.0,55.1,63.0,,,30.04,,,,,,,,,,,,,
Greenhouse,Temp & Humidity Sensor,2020/11/27 3:25 PM,63.1,75.0,55.0,62.6,,,30.04,,,,,,,,,,,,,
Greenhouse,Temp & Humidity Sensor,2020/11/27 3:30 PM,62.9,72.0,53.7,62.3,,,30.03,,,,,,,,,,,,,
Greenhouse,Temp & Humidity Sensor,2020/11/27 3:35 PM,65.1,73.0,56.2,64.7,,,30.03,,,,,,,,,,,,,
Greenhouse,Temp & Humidity Sensor,2020/11/27 3:40 PM,64.5,73.0,55.6,64.1,,,30.03,,,,,,,,,,,,,
Greenhouse,Temp & Humidity Sensor,2020/11/27 3:45 PM,63.3,73.0,54.5,62.8,,,30.03,,,,,,,,,,,,,
Greenhouse,Temp & Humidity Sensor,2020/11/27 3:50 PM,62.4,76.0,54.7,61.9,,,30.03,,,,,,,,,,,,,
Greenhouse,Temp & Humidity Sensor,2020/11/27 3:55 PM,61.8,76.0,54.2,61.3,,,30.04,,,,,,,,,,,,,
Greenhouse,Temp & Humidity Sensor,2020/11/27 4:00 PM,61.3,77.0,54.0,60.7,,,30.04,,,,,,,,,,,,,
Greenhouse,Temp & Humidity Sensor,2020/11/27 4:05 PM,60.8,78.0,53.9,60.2,,,30.04,,,,,,,,,,,,,
Greenhouse,Temp & Humidity Sensor,2020/11/27 4:10 PM,60.4,79.0,53.9,59.9,,,30.05,,,,,,,,,,,,,
Greenhouse,Temp & Humidity Sensor,2020/11/27 4:15 PM,60.0,79.0,53.5,59.4,,,30.05,,,,,,,,,,,,,
Greenhouse,Temp & Humidity Sensor,2020/11/27 4:20 PM,59.9,80.0,53.7,59.4,,,30.05,,,,,,,,,,,,,
Greenhouse,Temp & Humidity Sensor,2020/11/27 4:25 PM,59.7,80.0,53.5,59.1,,,30.05,,,,,,,,,,,,,
Greenhouse,Temp & Humidity Sensor,2020/11/27 4:30 PM,59.3,81.0,53.5,58.7,,,30.05,,,,,,,,,,,,,
Greenhouse,Temp & Humidity Sensor,2020/11/27 4:35 PM,59.1,81.0,53.3,58.5,,,30.05,,,,,,,,,,,,,
Greenhouse,Temp & Humidity Sensor,2020/11/27 4:40 PM,59.0,82.0,53.5,58.5,,,30.04,,,,,,,,,,,,,
Greenhouse,Temp & Humidity Sensor,2020/11/27 4:45 PM,59.0,82.0,53.5,58.5,,,30.04,,,,,,,,,,,,,
Greenhouse,Temp & Humidity Sensor,2020/11/27 4:50 PM,58.4,83.0,53.3,57.8,,,30.04,,,,,,,,,,,,,
Greenhouse,Temp & Humidity Sensor,2020/11/27 4:55 PM,58.2,85.0,53.7,57.7,,,30.04,,,,,,,,,,,,,
Greenhouse,Temp & Humidity Sensor,2020/11/27 5:00 PM,58.1,85.0,53.6,57.6,,,30.04,,,,,,,,,,,,,
Greenhouse,Temp & Humidity Sensor,2020/11/27 5:05 PM,57.7,86.0,53.5,57.2,,,30.04,,,,,,,,,,,,,
Greenhouse,Temp & Humidity Sensor,2020/11/27 5:10 PM,57.2,86.0,53.0,56.7,,,30.04,,,,,,,,,,,,,
Greenhouse,Temp & Humidity Sensor,2020/11/27 5:15 PM,56.8,86.0,52.7,56.2,,,30.05,,,,,,,,,,,,,
Greenhouse,Temp & Humidity Sensor,2020/11/27 5:20 PM,56.8,87.0,53.0,56.3,,,30.05,,,,,,,,,,,,,
Greenhouse,Temp & Humidity Sensor,2020/11/27 5:25 PM,56.6,87.0,52.8,56.0,,,30.04,,,,,,,,,,,,,
Greenhouse,Temp & Humidity Sensor,2020/11/27 5:30 PM,56.4,87.0,52.6,55.8,,,30.05,,,,,,,,,,,,,
Greenhouse,Temp & Humidity Sensor,2020/11/27 5:35 PM,56.1,87.0,52.3,55.5,,,30.04,,,,,,,,,,,,,
Greenhouse,Temp & Humidity Sensor,2020/11/27 5:40 PM,55.9,87.0,52.1,55.3,,,30.05,,,,,,,,,,,,,
Greenhouse,Temp & Humidity Sensor,2020/11/27 5:45 PM,55.7,87.0,51.9,55.1,,,30.05,,,,,,,,,,,,,
Greenhouse,Temp & Humidity Sensor,2020/11/27 5:50 PM,55.4,88.0,51.9,54.8,,,30.05,,,,,,,,,,,,,
Greenhouse,Temp & Humidity Sensor,2020/11/27 5:55 PM,55.2,88.0,51.7,54.6,,,30.05,,,,,,,,,,,,,
Greenhouse,Temp & Humidity Sensor,2020/11/27 6:00 PM,55.4,88.0,51.9,54.8,,,30.05,,,,,,,,,,,,,
Greenhouse,Temp & Humidity Sensor,2020/11/27 6:05 PM,55.2,88.0,51.7,54.6,,,30.05,,,,,,,,,,,,,
Greenhouse,Temp & Humidity Sensor,2020/11/27 6:10 PM,55.2,89.0,52.0,54.6,,,30.05,,,,,,,,,,,,,
Greenhouse,Temp & Humidity Sensor,2020/11/27 6:15 PM,55.0,89.0,51.8,54.4,,,30.05,,,,,,,,,,,,,
Greenhouse,Temp & Humidity Sensor,2020/11/27 6:20 PM,55.2,89.0,52.0,54.6,,,30.05,,,,,,,,,,,,,
Greenhouse,Temp & Humidity Sensor,2020/11/27 6:25 PM,55.0,89.0,51.8,54.4,,,30.06,,,,,,,,,,,,,
Greenhouse,Temp & Humidity Sensor,2020/11/27 6:30 PM,55.0,89.0,51.8,54.4,,,30.06,,,,,,,,,,,,,
Greenhouse,Temp & Humidity Sensor,2020/11/27 6:35 PM,55.0,89.0,51.8,54.4,,,30.06,,,,,,,,,,,,,
Greenhouse,Temp & Humidity Sensor,2020/11/27 6:40 PM,55.0,89.0,51.8,54.4,,,30.06,,,,,,,,,,,,,
Greenhouse,Temp & Humidity Sensor,2020/11/27 6:45 PM,55.0,90.0,52.1,54.4,,,30.06,,,,,,,,,,,,,
Greenhouse,Temp & Humidity Sensor,2020/11/27 6:50 PM,54.8,90.0,51.9,54.2,,,30.06,,,,,,,,,,,,,
Greenhouse,Temp & Humidity Sensor,2020/11/27 6:55 PM,54.8,89.0,51.6,54.2,,,30.06,,,,,,,,,,,,,
Greenhouse,Temp & Humidity Sensor,2020/11/27 7:00 PM,54.6,89.0,51.4,53.9,,,30.06,,,,,,,,,,,,,
Greenhouse,Temp & Humidity Sensor,2020/11/27 7:05 PM,54.5,90.0,51.6,53.9,,,30.07,,,,,,,,,,,,,
Greenhouse,Temp & Humidity Sensor,2020/11/27 7:10 PM,54.5,89.0,51.3,53.8,,,30.06,,,,,,,,,,,,,
Greenhouse,Temp & Humidity Sensor,2020/11/27 7:15 PM,54.3,89.0,51.1,53.6,,,30.06,,,,,,,,,,,,,
Greenhouse,Temp & Humidity Sensor,2020/11/27 7:20 PM,54.1,89.0,50.9,53.4,,,30.06,,,,,,,,,,,,,
Greenhouse,Temp & Humidity Sensor,2020/11/27 7:25 PM,54.1,89.0,50.9,53.4,,,30.06,,,,,,,,,,,,,
Greenhouse,Temp & Humidity Sensor,2020/11/27 7:30 PM,54.1,90.0,51.2,53.4,,,30.06,,,,,,,,,,,,,
Greenhouse,Temp & Humidity Sensor,2020/11/27 7:35 PM,54.1,90.0,51.2,53.4,,,30.06,,,,,,,,,,,,,
Greenhouse,Temp & Humidity Sensor,2020/11/27 7:40 PM,54.1,90.0,51.2,53.4,,,30.05,,,,,,,,,,,,,
Greenhouse,Temp & Humidity Sensor,2020/11/27 7:45 PM,54.1,91.0,51.5,53.5,,,30.05,,,,,,,,,,,,,
Greenhouse,Temp & Humidity Sensor,2020/11/27 7:50 PM,53.9,91.0,51.3,53.3,,,30.05,,,,,,,,,,,,,
Greenhouse,Temp & Humidity Sensor,2020/11/27 7:55 PM,53.7,90.0,50.8,53.0,,,30.05,,,,,,,,,,,,,
Greenhouse,Temp & Humidity Sensor,2020/11/27 8:00 PM,53.7,90.0,50.8,53.0,,,30.05,,,,,,,,,,,,,
Greenhouse,Temp & Humidity Sensor,2020/11/27 8:05 PM,53.6,90.0,50.7,52.9,,,30.05,,,,,,,,,,,,,
Greenhouse,Temp & Humidity Sensor,2020/11/27 8:10 PM,53.7,91.0,51.1,53.0,,,30.05,,,,,,,,,,,,,
Greenhouse,Temp & Humidity Sensor,2020/11/27 8:15 PM,53.7,91.0,51.1,53.0,,,30.05,,,,,,,,,,,,,
Greenhouse,Temp & Humidity Sensor,2020/11/27 8:20 PM,53.9,92.0,51.6,53.3,,,30.06,,,,,,,,,,,,,
Greenhouse,Temp & Humidity Sensor,2020/11/27 8:25 PM,53.7,92.0,51.4,53.1,,,30.06,,,,,,,,,,,,,
Greenhouse,Temp & Humidity Sensor,2020/11/27 8:30 PM,53.4,93.0,51.4,52.8,,,30.06,,,,,,,,,,,,,
Greenhouse,Temp & Humidity Sensor,2020/11/27 8:35 PM,53.2,93.0,51.2,52.6,,,30.06,,,,,,,,,,,,,
Greenhouse,Temp & Humidity Sensor,2020/11/27 8:40 PM,53.4,93.0,51.4,52.8,,,30.06,,,,,,,,,,,,,
Greenhouse,Temp & Humidity Sensor,2020/11/27 8:45 PM,53.2,93.0,51.2,52.6,,,30.06,,,,,,,,,,,,,
Greenhouse,Temp & Humidity Sensor,2020/11/27 8:50 PM,53.0,93.0,51.0,52.4,,,30.06,,,,,,,,,,,,,
Greenhouse,Temp & Humidity Sensor,2020/11/27 8:55 PM,53.0,93.0,51.0,52.4,,,30.06,,,,,,,,,,,,,
Greenhouse,Temp & Humidity Sensor,2020/11/27 9:00 PM,53.0,93.0,51.0,52.4,,,30.06,,,,,,,,,,,,,
Greenhouse,Temp & Humidity Sensor,2020/11/27 9:05 PM,52.8,93.0,50.8,52.2,,,30.06,,,,,,,,,,,,,
Greenhouse,Temp & Humidity Sensor,2020/11/27 9:10 PM,52.8,93.0,50.8,52.2,,,30.06,,,,,,,,,,,,,
Greenhouse,Temp & Humidity Sensor,2020/11/27 9:15 PM,52.8,93.0,50.8,52.2,,,30.06,,,,,,,,,,,,,
Greenhouse,Temp & Humidity Sensor,2020/11/27 9:20 PM,52.7,93.0,50.7,52.0,,,30.06,,,,,,,,,,,,,
Greenhouse,Temp & Humidity Sensor,2020/11/27 9:25 PM,52.7,93.0,50.7,52.0,,,30.06,,,,,,,,,,,,,
Greenhouse,Temp & Humidity Sensor,2020/11/27 9:30 PM,52.7,93.0,50.7,52.0,,,30.06,,,,,,,,,,,,,
Greenhouse,Temp & Humidity Sensor,2020/11/27 9:35 PM,52.5,93.0,50.5,51.8,,,30.06,,,,,,,,,,,,,
Greenhouse,Temp & Humidity Sensor,2020/11/27 9:40 PM,52.3,93.0,50.3,51.6,,,30.05,,,,,,,,,,,,,
Greenhouse,Temp & Humidity Sensor,2020/11/27 9:45 PM,52.1,93.0,50.1,51.4,,,30.06,,,,,,,,,,,,,
Greenhouse,Temp & Humidity Sensor,2020/11/27 9:50 PM,52.1,93.0,50.1,51.4,,,30.06,,,,,,,,,,,,,
Greenhouse,Temp & Humidity Sensor,2020/11/27 9:55 PM,52.1,93.0,50.1,51.4,,,30.06,,,,,,,,,,,,,
Greenhouse,Temp & Humidity Sensor,2020/11/27 10:00 PM,52.1,93.0,50.1,51.4,,,30.06,,,,,,,,,,,,,
Greenhouse,Temp & Humidity Sensor,2020/11/27 10:05 PM,52.1,93.0,50.1,51.4,,,30.06,,,,,,,,,,,,,
Greenhouse,Temp & Humidity Sensor,2020/11/27 10:10 PM,52.1,93.0,50.1,51.4,,,30.05,,,,,,,,,,,,,
Greenhouse,Temp & Humidity Sensor,2020/11/27 10:15 PM,51.9,93.0,49.9,51.2,,,30.06,,,,,,,,,,,,,
Greenhouse,Temp & Humidity Sensor,2020/11/27 10:20 PM,51.9,93.0,49.9,51.2,,,30.06,,,,,,,,,,,,,
Greenhouse,Temp & Humidity Sensor,2020/11/27 10:25 PM,51.9,93.0,49.9,51.2,,,30.05,,,,,,,,,,,,,
Greenhouse,Temp & Humidity Sensor,2020/11/27 10:30 PM,51.9,93.0,49.9,51.2,,,30.05,,,,,,,,,,,,,
Greenhouse,Temp & Humidity Sensor,2020/11/27 10:35 PM,51.8,93.0,49.8,51.1,,,30.05,,,,,,,,,,,,,
Greenhouse,Temp & Humidity Sensor,2020/11/27 10:40 PM,51.8,93.0,49.8,51.1,,,30.05,,,,,,,,,,,,,
Greenhouse,Temp & Humidity Sensor,2020/11/27 10:45 PM,51.8,93.0,49.8,51.1,,,30.05,,,,,,,,,,,,,
Greenhouse,Temp & Humidity Sensor,2020/11/27 10:50 PM,51.8,93.0,49.8,51.1,,,30.05,,,,,,,,,,,,,
Greenhouse,Temp & Humidity Sensor,2020/11/27 10:55 PM,51.8,93.0,49.8,51.1,,,30.04,,,,,,,,,,,,,
Greenhouse,Temp & Humidity Sensor,2020/11/27 11:00 PM,51.8,93.0,49.8,51.1,,,30.05,,,,,,,,,,,,,
Greenhouse,Temp & Humidity Sensor,2020/11/27 11:05 PM,51.8,93.0,49.8,51.1,,,30.05,,,,,,,,,,,,,
Greenhouse,Temp & Humidity Sensor,2020/11/27 11:10 PM,51.8,93.0,49.8,51.1,,,30.05,,,,,,,,,,,,,
Greenhouse,Temp & Humidity Sensor,2020/11/27 11:15 PM,51.8,93.0,49.8,51.1,,,30.04,,,,,,,,,,,,,
Greenhouse,Temp & Humidity Sensor,2020/11/27 11:20 PM,51.8,93.0,49.8,51.1,,,30.04,,,,,,,,,,,,,
Greenhouse,Temp & Humidity Sensor,2020/11/27 11:25 PM,51.8,93.0,49.8,51.1,,,30.04,,,,,,,,,,,,,
Greenhouse,Temp & Humidity Sensor,2020/11/27 11:30 PM,51.8,93.0,49.8,51.1,,,30.05,,,,,,,,,,,,,
Greenhouse,Temp & Humidity Sensor,2020/11/27 11:35 PM,51.8,94.0,50.1,51.1,,,30.05,,,,,,,,,,,,,
Greenhouse,Temp & Humidity Sensor,2020/11/27 11:40 PM,51.8,94.0,50.1,51.1,,,30.05,,,,,,,,,,,,,
Greenhouse,Temp & Humidity Sensor,2020/11/27 11:45 PM,51.9,94.0,50.2,51.2,,,30.05,,,,,,,,,,,,,
Greenhouse,Temp & Humidity Sensor,2020/11/27 11:50 PM,51.8,94.0,50.1,51.1,,,30.05,,,,,,,,,,,,,
Greenhouse,Temp & Humidity Sensor,2020/11/27 11:55 PM,51.8,94.0,50.1,51.1,,,30.04,,,,,,,,,,,,,
Greenhouse,Temp & Humidity Sensor,2020/11/28 12:00 AM,51.9,94.0,50.2,51.2,,,30.04,,,,,,,,,,,,,
Greenhouse,Temp & Humidity Sensor,2020/11/28 12:05 AM,51.9,94.0,50.2,51.2,,,30.04,,,,,,,,,,,,,
Greenhouse,Temp & Humidity Sensor,2020/11/28 12:10 AM,51.9,94.0,50.2,51.2,,,30.04,,,,,,,,,,,,,
Greenhouse,Temp & Humidity Sensor,2020/11/28 12:15 AM,51.9,94.0,50.2,51.2,,,30.04,,,,,,,,,,,,,
Greenhouse,Temp & Humidity Sensor,2020/11/28 12:20 AM,51.9,94.0,50.2,51.2,,,30.04,,,,,,,,,,,,,
Greenhouse,Temp & Humidity Sensor,2020/11/28 12:25 AM,51.9,94.0,50.2,51.2,,,30.04,,,,,,,,,,,,,
Greenhouse,Temp & Humidity Sensor,2020/11/28 12:30 AM,52.1,94.0,50.4,51.4,,,30.04,,,,,,,,,,,,,
Greenhouse,Temp & Humidity Sensor,2020/11/28 12:35 AM,52.1,94.0,50.4,51.4,,,30.04,,,,,,,,,,,,,
Greenhouse,Temp & Humidity Sensor,2020/11/28 12:40 AM,51.9,94.0,50.2,51.2,,,30.04,,,,,,,,,,,,,
Greenhouse,Temp & Humidity Sensor,2020/11/28 12:45 AM,52.1,94.0,50.4,51.4,,,30.03,,,,,,,,,,,,,
Greenhouse,Temp & Humidity Sensor,2020/11/28 12:50 AM,52.1,94.0,50.4,51.4,,,30.03,,,,,,,,,,,,,
Greenhouse,Temp & Humidity Sensor,2020/11/28 12:55 AM,52.1,94.0,50.4,51.4,,,30.04,,,,,,,,,,,,,
Greenhouse,Temp & Humidity Sensor,2020/11/28 1:00 AM,52.1,95.0,50.7,51.5,,,30.04,,,,,,,,,,,,,
Greenhouse,Temp & Humidity Sensor,2020/11/28 1:05 AM,52.1,95.0,50.7,51.5,,,30.04,,,,,,,,,,,,,
Greenhouse,Temp & Humidity Sensor,2020/11/28 1:10 AM,52.3,95.0,50.9,51.7,,,30.04,,,,,,,,,,,,,
Greenhouse,Temp & Humidity Sensor,2020/11/28 1:15 AM,52.3,95.0,50.9,51.7,,,30.04,,,,,,,,,,,,,
Greenhouse,Temp & Humidity Sensor,2020/11/28 1:20 AM,52.3,95.0,50.9,51.7,,,30.04,,,,,,,,,,,,,
Greenhouse,Temp & Humidity Sensor,2020/11/28 1:25 AM,52.3,94.0,50.6,51.6,,,30.03,,,,,,,,,,,,,
Greenhouse,Temp & Humidity Sensor,2020/11/28 1:30 AM,52.5,94.0,50.8,51.9,,,30.03,,,,,,,,,,,,,
Greenhouse,Temp & Humidity Sensor,2020/11/28 1:35 AM,52.3,94.0,50.6,51.6,,,30.04,,,,,,,,,,,,,
Greenhouse,Temp & Humidity Sensor,2020/11/28 1:40 AM,52.3,94.0,50.6,51.6,,,30.04,,,,,,,,,,,,,
Greenhouse,Temp & Humidity Sensor,2020/11/28 1:45 AM,52.3,95.0,50.9,51.7,,,30.03,,,,,,,,,,,,,
Greenhouse,Temp & Humidity Sensor,2020/11/28 1:50 AM,52.5,95.0,51.1,51.9,,,30.03,,,,,,,,,,,,,
Greenhouse,Temp & Humidity Sensor,2020/11/28 1:55 AM,52.3,95.0,50.9,51.7,,,30.03,,,,,,,,,,,,,
Greenhouse,Temp & Humidity Sensor,2020/11/28 2:00 AM,52.3,95.0,50.9,51.7,,,30.03,,,,,,,,,,,,,
Greenhouse,Temp & Humidity Sensor,2020/11/28 2:05 AM,52.3,95.0,50.9,51.7,,,30.03,,,,,,,,,,,,,
Greenhouse,Temp & Humidity Sensor,2020/11/28 2:10 AM,52.5,94.0,50.8,51.9,,,30.03,,,,,,,,,,,,,
Greenhouse,Temp & Humidity Sensor,2020/11/28 2:15 AM,52.5,95.0,51.1,51.9,,,30.04,,,,,,,,,,,,,
Greenhouse,Temp & Humidity Sensor,2020/11/28 2:20 AM,52.5,95.0,51.1,51.9,,,30.04,,,,,,,,,,,,,
Greenhouse,Temp & Humidity Sensor,2020/11/28 2:25 AM,52.5,95.0,51.1,51.9,,,30.03,,,,,,,,,,,,,
Greenhouse,Temp & Humidity Sensor,2020/11/28 2:30 AM,52.7,95.0,51.3,52.1,,,30.03,,,,,,,,,,,,,
Greenhouse,Temp & Humidity Sensor,2020/11/28 2:35 AM,52.7,95.0,51.3,52.1,,,30.03,,,,,,,,,,,,,
Greenhouse,Temp & Humidity Sensor,2020/11/28 2:40 AM,52.7,95.0,51.3,52.1,,,30.03,,,,,,,,,,,,,
Greenhouse,Temp & Humidity Sensor,2020/11/28 2:45 AM,52.7,95.0,51.3,52.1,,,30.04,,,,,,,,,,,,,
Greenhouse,Temp & Humidity Sensor,2020/11/28 2:50 AM,52.7,95.0,51.3,52.1,,,30.03,,,,,,,,,,,,,
Greenhouse,Temp & Humidity Sensor,2020/11/28 2:55 AM,52.7,95.0,51.3,52.1,,,30.03,,,,,,,,,,,,,
Greenhouse,Temp & Humidity Sensor,2020/11/28 3:00 AM,52.7,95.0,51.3,52.1,,,30.04,,,,,,,,,,,,,
Greenhouse,Temp & Humidity Sensor,2020/11/28 3:05 AM,52.7,95.0,51.3,52.1,,,30.04,,,,,,,,,,,,,
Greenhouse,Temp & Humidity Sensor,2020/11/28 3:10 AM,52.7,95.0,51.3,52.1,,,30.04,,,,,,,,,,,,,
Greenhouse,Temp & Humidity Sensor,2020/11/28 3:15 AM,52.7,95.0,51.3,52.1,,,30.04,,,,,,,,,,,,,
Greenhouse,Temp & Humidity Sensor,2020/11/28 3:20 AM,52.7,95.0,51.3,52.1,,,30.04,,,,,,,,,,,,,
Greenhouse,Temp & Humidity Sensor,2020/11/28 3:25 AM,52.7,95.0,51.3,52.1,,,30.04,,,,,,,,,,,,,
Greenhouse,Temp & Humidity Sensor,2020/11/28 3:30 AM,52.7,95.0,51.3,52.1,,,30.04,,,,,,,,,,,,,
Greenhouse,Temp & Humidity Sensor,2020/11/28 3:35 AM,52.8,95.0,51.4,52.2,,,30.04,,,,,,,,,,,,,
Greenhouse,Temp & Humidity Sensor,2020/11/28 3:40 AM,52.8,95.0,51.4,52.2,,,30.04,,,,,,,,,,,,,
Greenhouse,Temp & Humidity Sensor,2020/11/28 3:45 AM,52.8,94.0,51.1,52.2,,,30.04,,,,,,,,,,,,,
Greenhouse,Temp & Humidity Sensor,2020/11/28 3:50 AM,52.8,95.0,51.4,52.2,,,30.04,,,,,,,,,,,,,
Greenhouse,Temp & Humidity Sensor,2020/11/28 3:55 AM,52.8,94.0,51.1,52.2,,,30.04,,,,,,,,,,,,,
Greenhouse,Temp & Humidity Sensor,2020/11/28 4:00 AM,52.7,94.0,51.0,52.1,,,30.04,,,,,,,,,,,,,
Greenhouse,Temp & Humidity Sensor,2020/11/28 4:05 AM,52.7,94.0,51.0,52.1,,,30.04,,,,,,,,,,,,,
Greenhouse,Temp & Humidity Sensor,2020/11/28 4:10 AM,52.7,94.0,51.0,52.1,,,30.03,,,,,,,,,,,,,
Greenhouse,Temp & Humidity Sensor,2020/11/28 4:15 AM,52.7,94.0,51.0,52.1,,,30.03,,,,,,,,,,,,,
Greenhouse,Temp & Humidity Sensor,2020/11/28 4:20 AM,52.7,94.0,51.0,52.1,,,30.03,,,,,,,,,,,,,
Greenhouse,Temp & Humidity Sensor,2020/11/28 4:25 AM,52.7,94.0,51.0,52.1,,,30.03,,,,,,,,,,,,,
Greenhouse,Temp & Humidity Sensor,2020/11/28 4:30 AM,52.8,94.0,51.1,52.2,,,30.03,,,,,,,,,,,,,
Greenhouse,Temp & Humidity Sensor,2020/11/28 4:35 AM,52.8,94.0,51.1,52.2,,,30.03,,,,,,,,,,,,,
Greenhouse,Temp & Humidity Sensor,2020/11/28 4:40 AM,52.8,94.0,51.1,52.2,,,30.02,,,,,,,,,,,,,
Greenhouse,Temp & Humidity Sensor,2020/11/28 4:45 AM,52.8,94.0,51.1,52.2,,,30.02,,,,,,,,,,,,,
Greenhouse,Temp & Humidity Sensor,2020/11/28 4:50 AM,52.8,94.0,51.1,52.2,,,30.02,,,,,,,,,,,,,
Greenhouse,Temp & Humidity Sensor,2020/11/28 4:55 AM,52.8,94.0,51.1,52.2,,,30.02,,,,,,,,,,,,,
Greenhouse,Temp & Humidity Sensor,2020/11/28 5:00 AM,53.0,94.0,51.3,52.4,,,30.02,,,,,,,,,,,,,
Greenhouse,Temp & Humidity Sensor,2020/11/28 5:05 AM,53.2,94.0,51.5,52.6,,,30.02,,,,,,,,,,,,,
Greenhouse,Temp & Humidity Sensor,2020/11/28 5:10 AM,53.2,94.0,51.5,52.6,,,30.03,,,,,,,,,,,,,
Greenhouse,Temp & Humidity Sensor,2020/11/28 5:15 AM,53.2,95.0,51.8,52.7,,,30.03,,,,,,,,,,,,,
Greenhouse,Temp & Humidity Sensor,2020/11/28 5:20 AM,53.2,95.0,51.8,52.7,,,30.03,,,,,,,,,,,,,
Greenhouse,Temp & Humidity Sensor,2020/11/28 5:25 AM,53.2,95.0,51.8,52.7,,,30.04,,,,,,,,,,,,,
Greenhouse,Temp & Humidity Sensor,2020/11/28 5:35 AM,53.4,95.0,52.0,52.9,,,30.03,,,,,,,,,,,,,
Greenhouse,Temp & Humidity Sensor,2020/11/28 5:40 AM,53.4,95.0,52.0,52.9,,,30.04,,,,,,,,,,,,,
Greenhouse,Temp & Humidity Sensor,2020/11/28 5:45 AM,53.4,95.0,52.0,52.9,,,30.04,,,,,,,,,,,,,
Greenhouse,Temp & Humidity Sensor,2020/11/28 5:50 AM,53.4,95.0,52.0,52.9,,,30.05,,,,,,,,,,,,,
Greenhouse,Temp & Humidity Sensor,2020/11/28 5:55 AM,53.6,94.0,51.9,53.1,,,30.05,,,,,,,,,,,,,
Greenhouse,Temp & Humidity Sensor,2020/11/28 6:00 AM,53.7,94.0,52.0,53.2,,,30.05,,,,,,,,,,,,,
Greenhouse,Temp & Humidity Sensor,2020/11/28 6:05 AM,53.9,94.0,52.2,53.4,,,30.06,,,,,,,,,,,,,
Greenhouse,Temp & Humidity Sensor,2020/11/28 6:10 AM,53.9,94.0,52.2,53.4,,,30.06,,,,,,,,,,,,,
Greenhouse,Temp & Humidity Sensor,2020/11/28 6:15 AM,53.9,94.0,52.2,53.4,,,30.06,,,,,,,,,,,,,
Greenhouse,Temp & Humidity Sensor,2020/11/28 6:20 AM,54.1,94.0,52.4,53.6,,,30.07,,,,,,,,,,,,,
Greenhouse,Temp & Humidity Sensor,2020/11/28 6:25 AM,54.1,94.0,52.4,53.6,,,30.07,,,,,,,,,,,,,
Greenhouse,Temp & Humidity Sensor,2020/11/28 6:30 AM,54.1,94.0,52.4,53.6,,,30.07,,,,,,,,,,,,,
Greenhouse,Temp & Humidity Sensor,2020/11/28 6:35 AM,54.1,94.0,52.4,53.6,,,30.07,,,,,,,,,,,,,
Greenhouse,Temp & Humidity Sensor,2020/11/28 6:40 AM,54.1,94.0,52.4,53.6,,,30.07,,,,,,,,,,,,,
Greenhouse,Temp & Humidity Sensor,2020/11/28 6:45 AM,54.1,94.0,52.4,53.6,,,30.07,,,,,,,,,,,,,
Greenhouse,Temp & Humidity Sensor,2020/11/28 6:50 AM,54.1,94.0,52.4,53.6,,,30.07,,,,,,,,,,,,,
Greenhouse,Temp & Humidity Sensor,2020/11/28 6:55 AM,54.1,94.0,52.4,53.6,,,30.08,,,,,,,,,,,,,
Greenhouse,Temp & Humidity Sensor,2020/11/28 7:00 AM,54.3,94.0,52.6,53.8,,,30.08,,,,,,,,,,,,,
Greenhouse,Temp & Humidity Sensor,2020/11/28 7:05 AM,54.5,94.0,52.8,54.1,,,30.08,,,,,,,,,,,,,
Greenhouse,Temp & Humidity Sensor,2020/11/28 7:10 AM,54.5,94.0,52.8,54.1,,,30.09,,,,,,,,,,,,,
Greenhouse,Temp & Humidity Sensor,2020/11/28 7:15 AM,54.6,94.0,52.9,54.2,,,30.09,,,,,,,,,,,,,
Greenhouse,Temp & Humidity Sensor,2020/11/28 7:20 AM,54.6,94.0,52.9,54.2,,,30.09,,,,,,,,,,,,,
Greenhouse,Temp & Humidity Sensor,2020/11/28 7:25 AM,54.8,94.0,53.1,54.4,,,30.09,,,,,,,,,,,,,
Greenhouse,Temp & Humidity Sensor,2020/11/28 7:30 AM,54.8,94.0,53.1,54.4,,,30.1,,,,,,,,,,,,,
Greenhouse,Temp & Humidity Sensor,2020/11/28 7:35 AM,54.8,94.0,53.1,54.4,,,30.09,,,,,,,,,,,,,
Greenhouse,Temp & Humidity Sensor,2020/11/28 7:40 AM,54.8,94.0,53.1,54.4,,,30.1,,,,,,,,,,,,,
Greenhouse,Temp & Humidity Sensor,2020/11/28 7:45 AM,54.8,94.0,53.1,54.4,,,30.1,,,,,,,,,,,,,
Greenhouse,Temp & Humidity Sensor,2020/11/28 7:50 AM,54.8,94.0,53.1,54.4,,,30.1,,,,,,,,,,,,,
Greenhouse,Temp & Humidity Sensor,2020/11/28 7:55 AM,54.8,94.0,53.1,54.4,,,30.1,,,,,,,,,,,,,
Greenhouse,Temp & Humidity Sensor,2020/11/28 8:00 AM,55.0,94.0,53.3,54.6,,,30.1,,,,,,,,,,,,,
Greenhouse,Temp & Humidity Sensor,2020/11/28 8:05 AM,55.0,94.0,53.3,54.6,,,30.1,,,,,,,,,,,,,
Greenhouse,Temp & Humidity Sensor,2020/11/28 8:10 AM,55.0,94.0,53.3,54.6,,,30.11,,,,,,,,,,,,,
Greenhouse,Temp & Humidity Sensor,2020/11/28 8:15 AM,55.2,94.0,53.5,54.8,,,30.11,,,,,,,,,,,,,
Greenhouse,Temp & Humidity Sensor,2020/11/28 8:20 AM,55.4,93.0,53.4,55.0,,,30.11,,,,,,,,,,,,,
Greenhouse,Temp & Humidity Sensor,2020/11/28 8:25 AM,55.5,93.0,53.5,55.1,,,30.11,,,,,,,,,,,,,
Greenhouse,Temp & Humidity Sensor,2020/11/28 8:30 AM,55.5,93.0,53.5,55.1,,,30.11,,,,,,,,,,,,,
Greenhouse,Temp & Humidity Sensor,2020/11/28 8:35 AM,55.5,93.0,53.5,55.1,,,30.11,,,,,,,,,,,,,
Greenhouse,Temp & Humidity Sensor,2020/11/28 8:40 AM,55.9,93.0,53.9,55.6,,,30.12,,,,,,,,,,,,,
Greenhouse,Temp & Humidity Sensor,2020/11/28 8:45 AM,56.3,93.0,54.3,56.0,,,30.11,,,,,,,,,,,,,
Greenhouse,Temp & Humidity Sensor,2020/11/28 8:50 AM,56.4,93.0,54.4,56.1,,,30.11,,,,,,,,,,,,,
Greenhouse,Temp & Humidity Sensor,2020/11/28 8:55 AM,56.6,93.0,54.6,56.3,,,30.12,,,,,,,,,,,,,
Greenhouse,Temp & Humidity Sensor,2020/11/28 9:00 AM,56.6,93.0,54.6,56.3,,,30.13,,,,,,,,,,,,,
Greenhouse,Temp & Humidity Sensor,2020/11/28 9:05 AM,56.8,93.0,54.8,56.6,,,30.13,,,,,,,,,,,,,
Greenhouse,Temp & Humidity Sensor,2020/11/28 9:10 AM,57.2,93.0,55.2,57.0,,,30.13,,,,,,,,,,,,,
Greenhouse,Temp & Humidity Sensor,2020/11/28 9:15 AM,57.5,93.0,55.5,57.3,,,30.13,,,,,,,,,,,,,
Greenhouse,Temp & Humidity Sensor,2020/11/28 9:20 AM,58.2,93.0,56.2,58.1,,,30.12,,,,,,,,,,,,,
Greenhouse,Temp & Humidity Sensor,2020/11/28 9:25 AM,58.6,93.0,56.6,58.5,,,30.13,,,,,,,,,,,,,
Greenhouse,Temp & Humidity Sensor,2020/11/28 9:30 AM,59.0,92.0,56.7,58.9,,,30.13,,,,,,,,,,,,,
Greenhouse,Temp & Humidity Sensor,2020/11/28 9:35 AM,59.7,92.0,57.4,59.7,,,30.13,,,,,,,,,,,,,
Greenhouse,Temp & Humidity Sensor,2020/11/28 9:40 AM,60.0,92.0,57.7,60.0,,,30.13,,,,,,,,,,,,,
Greenhouse,Temp & Humidity Sensor,2020/11/28 9:45 AM,60.8,91.0,58.2,60.9,,,30.13,,,,,,,,,,,,,
Greenhouse,Temp & Humidity Sensor,2020/11/28 9:50 AM,61.3,91.0,58.6,61.4,,,30.13,,,,,,,,,,,,,
Greenhouse,Temp & Humidity Sensor,2020/11/28 9:55 AM,61.8,90.0,58.8,61.9,,,30.13,,,,,,,,,,,,,
Greenhouse,Temp & Humidity Sensor,2020/11/28 10:00 AM,62.4,90.0,59.4,62.6,,,30.13,,,,,,,,,,,,,
Greenhouse,Temp & Humidity Sensor,2020/11/28 10:05 AM,62.6,89.0,59.3,62.7,,,30.13,,,,,,,,,,,,,
Greenhouse,Temp & Humidity Sensor,2020/11/28 10:10 AM,61.7,89.0,58.4,61.8,,,30.13,,,,,,,,,,,,,
Greenhouse,Temp & Humidity Sensor,2020/11/28 10:15 AM,61.1,89.0,57.8,61.1,,,30.13,,,,,,,,,,,,,
Greenhouse,Temp & Humidity Sensor,2020/11/28 10:20 AM,61.3,89.0,58.0,61.3,,,30.13,,,,,,,,,,,,,
Greenhouse,Temp & Humidity Sensor,2020/11/28 10:25 AM,61.8,89.0,58.5,61.9,,,30.13,,,,,,,,,,,,,
Greenhouse,Temp & Humidity Sensor,2020/11/28 10:30 AM,62.2,88.0,58.6,62.3,,,30.12,,,,,,,,,,,,,
Greenhouse,Temp & Humidity Sensor,2020/11/28 10:35 AM,61.3,88.0,57.7,61.3,,,30.12,,,,,,,,,,,,,
Greenhouse,Temp & Humidity Sensor,2020/11/28 10:40 AM,60.8,88.0,57.2,60.7,,,30.12,,,,,,,,,,,,,
Greenhouse,Temp & Humidity Sensor,2020/11/28 10:45 AM,61.3,87.0,57.4,61.2,,,30.12,,,,,,,,,,,,,
Greenhouse,Temp & Humidity Sensor,2020/11/28 10:50 AM,61.3,84.0,56.4,61.1,,,30.12,,,,,,,,,,,,,
Greenhouse,Temp & Humidity Sensor,2020/11/28 10:55 AM,60.2,78.0,53.3,59.6,,,30.12,,,,,,,,,,,,,
Greenhouse,Temp & Humidity Sensor,2020/11/28 11:00 AM,62.2,82.0,56.6,62.0,,,30.12,,,,,,,,,,,,,
Greenhouse,Temp & Humidity Sensor,2020/11/28 11:05 AM,61.5,82.0,56.0,61.2,,,30.11,,,,,,,,,,,,,
Greenhouse,Temp & Humidity Sensor,2020/11/28 11:10 AM,62.2,79.0,55.6,61.8,,,30.11,,,,,,,,,,,,,
Greenhouse,Temp & Humidity Sensor,2020/11/28 11:15 AM,61.5,79.0,54.9,61.1,,,30.11,,,,,,,,,,,,,
Greenhouse,Temp & Humidity Sensor,2020/11/28 11:20 AM,61.8,78.0,54.9,61.3,,,30.11,,,,,,,,,,,,,
Greenhouse,Temp & Humidity Sensor,2020/11/28 11:25 AM,61.7,67.0,50.6,60.7,,,30.1,,,,,,,,,,,,,
Greenhouse,Temp & Humidity Sensor,2020/11/28 11:30 AM,61.7,60.0,47.7,60.4,,,30.1,,,,,,,,,,,,,
Greenhouse,Temp & Humidity Sensor,2020/11/28 11:35 AM,63.6,63.0,50.8,62.6,,,30.09,,,,,,,,,,,,,
Greenhouse,Temp & Humidity Sensor,2020/11/28 11:40 AM,64.9,54.0,47.9,63.6,,,30.1,,,,,,,,,,,,,
Greenhouse,Temp & Humidity Sensor,2020/11/28 11:45 AM,67.6,56.0,51.3,66.7,,,30.09,,,,,,,,,,,,,
Greenhouse,Temp & Humidity Sensor,2020/11/28 11:50 AM,65.8,55.0,49.2,64.7,,,30.09,,,,,,,,,,,,,
Greenhouse,Temp & Humidity Sensor,2020/11/28 11:55 AM,64.7,54.0,47.7,63.4,,,30.09,,,,,,,,,,,,,
Greenhouse,Temp & Humidity Sensor,2020/11/28 12:00 PM,65.1,59.0,50.4,64.1,,,30.09,,,,,,,,,,,,,
Greenhouse,Temp & Humidity Sensor,2020/11/28 12:05 PM,66.2,59.0,51.4,65.3,,,30.09,,,,,,,,,,,,,
Greenhouse,Temp & Humidity Sensor,2020/11/28 12:10 PM,64.7,58.0,49.6,63.6,,,30.08,,,,,,,,,,,,,
Greenhouse,Temp & Humidity Sensor,2020/11/28 12:15 PM,64.7,62.0,51.4,63.8,,,30.08,,,,,,,,,,,,,
Greenhouse,Temp & Humidity Sensor,2020/11/28 12:20 PM,64.0,57.0,48.5,62.8,,,30.08,,,,,,,,,,,,,
Greenhouse,Temp & Humidity Sensor,2020/11/28 12:25 PM,64.5,56.0,48.4,63.3,,,30.08,,,,,,,,,,,,,
Greenhouse,Temp & Humidity Sensor,2020/11/28 12:30 PM,64.9,56.0,48.8,63.7,,,30.08,,,,,,,,,,,,,
Greenhouse,Temp & Humidity Sensor,2020/11/28 12:35 PM,65.1,53.0,47.5,63.8,,,30.08,,,,,,,,,,,,,
Greenhouse,Temp & Humidity Sensor,2020/11/28 12:40 PM,65.3,50.0,46.2,63.9,,,30.08,,,,,,,,,,,,,
Greenhouse,Temp & Humidity Sensor,2020/11/28 12:45 PM,65.6,50.0,46.5,64.2,,,30.08,,,,,,,,,,,,,
Greenhouse,Temp & Humidity Sensor,2020/11/28 12:50 PM,69.2,44.0,46.4,67.9,,,30.07,,,,,,,,,,,,,
Greenhouse,Temp & Humidity Sensor,2020/11/28 12:55 PM,67.4,44.0,44.7,65.9,,,30.08,,,,,,,,,,,,,
Greenhouse,Temp & Humidity Sensor,2020/11/28 1:00 PM,67.4,47.0,46.5,66.0,,,30.08,,,,,,,,,,,,,
Greenhouse,Temp & Humidity Sensor,2020/11/28 1:05 PM,67.4,44.0,44.7,65.9,,,30.08,,,,,,,,,,,,,
Greenhouse,Temp & Humidity Sensor,2020/11/28 1:10 PM,67.1,47.0,46.2,65.7,,,30.08,,,,,,,,,,,,,
Greenhouse,Temp & Humidity Sensor,2020/11/28 1:15 PM,68.1,45.0,45.9,66.7,,,30.08,,,,,,,,,,,,,
Greenhouse,Temp & Humidity Sensor,2020/11/28 1:20 PM,71.6,45.0,49.1,70.6,,,30.08,,,,,,,,,,,,,
Greenhouse,Temp & Humidity Sensor,2020/11/28 1:25 PM,71.2,44.0,48.2,70.1,,,30.08,,,,,,,,,,,,,
Greenhouse,Temp & Humidity Sensor,2020/11/28 1:30 PM,68.7,43.0,45.3,67.3,,,30.07,,,,,,,,,,,,,
Greenhouse,Temp & Humidity Sensor,2020/11/28 1:35 PM,66.5,43.0,43.3,64.9,,,30.07,,,,,,,,,,,,,
Greenhouse,Temp & Humidity Sensor,2020/11/28 1:40 PM,65.3,44.0,42.8,63.6,,,30.08,,,,,,,,,,,,,
Greenhouse,Temp & Humidity Sensor,2020/11/28 1:45 PM,65.6,46.0,44.3,64.0,,,30.07,,,,,,,,,,,,,
Greenhouse,Temp & Humidity Sensor,2020/11/28 1:50 PM,66.2,45.0,44.2,64.6,,,30.07,,,,,,,,,,,,,
Greenhouse,Temp & Humidity Sensor,2020/11/28 1:55 PM,66.5,43.0,43.3,64.9,,,30.07,,,,,,,,,,,,,
Greenhouse,Temp & Humidity Sensor,2020/11/28 2:00 PM,65.4,44.0,42.9,63.7,,,30.07,,,,,,,,,,,,,
Greenhouse,Temp & Humidity Sensor,2020/11/28 2:05 PM,64.7,44.0,42.3,62.9,,,30.07,,,,,,,,,,,,,
Greenhouse,Temp & Humidity Sensor,2020/11/28 2:10 PM,64.5,45.0,42.7,62.8,,,30.07,,,,,,,,,,,,,
Greenhouse,Temp & Humidity Sensor,2020/11/28 2:15 PM,64.4,46.0,43.2,62.7,,,30.07,,,,,,,,,,,,,
Greenhouse,Temp & Humidity Sensor,2020/11/28 2:20 PM,64.4,48.0,44.3,62.8,,,30.07,,,,,,,,,,,,,
Greenhouse,Temp & Humidity Sensor,2020/11/28 2:25 PM,64.4,45.0,42.6,62.7,,,30.07,,,,,,,,,,,,,
Greenhouse,Temp & Humidity Sensor,2020/11/28 2:30 PM,64.9,44.0,42.5,63.2,,,30.07,,,,,,,,,,,,,
Greenhouse,Temp & Humidity Sensor,2020/11/28 2:35 PM,64.7,45.0,42.9,63.0,,,30.07,,,,,,,,,,,,,
Greenhouse,Temp & Humidity Sensor,2020/11/28 2:40 PM,65.4,44.0,42.9,63.7,,,30.07,,,,,,,,,,,,,
Greenhouse,Temp & Humidity Sensor,2020/11/28 2:45 PM,64.5,45.0,42.7,62.8,,,30.07,,,,,,,,,,,,,
Greenhouse,Temp & Humidity Sensor,2020/11/28 2:50 PM,64.5,45.0,42.7,62.8,,,30.07,,,,,,,,,,,,,
Greenhouse,Temp & Humidity Sensor,2020/11/28 2:55 PM,64.7,44.0,42.3,62.9,,,30.07,,,,,,,,,,,,,
Greenhouse,Temp & Humidity Sensor,2020/11/28 3:00 PM,64.0,45.0,42.2,62.2,,,30.07,,,,,,,,,,,,,
Greenhouse,Temp & Humidity Sensor,2020/11/28 3:05 PM,63.3,48.0,43.3,61.6,,,30.07,,,,,,,,,,,,,
Greenhouse,Temp & Humidity Sensor,2020/11/28 3:10 PM,62.9,47.0,42.4,61.1,,,30.07,,,,,,,,,,,,,
Greenhouse,Temp & Humidity Sensor,2020/11/28 3:15 PM,62.9,47.0,42.4,61.1,,,30.07,,,,,,,,,,,,,
Greenhouse,Temp & Humidity Sensor,2020/11/28 3:20 PM,63.8,46.0,42.6,62.0,,,30.07,,,,,,,,,,,,,
Greenhouse,Temp & Humidity Sensor,2020/11/28 3:25 PM,63.5,46.0,42.3,61.7,,,30.07,,,,,,,,,,,,,
Greenhouse,Temp & Humidity Sensor,2020/11/28 3:30 PM,63.3,45.0,41.6,61.4,,,30.08,,,,,,,,,,,,,
Greenhouse,Temp & Humidity Sensor,2020/11/28 3:35 PM,65.6,46.0,44.3,64.0,,,30.08,,,,,,,,,,,,,
Greenhouse,Temp & Humidity Sensor,2020/11/28 3:40 PM,65.1,47.0,44.4,63.5,,,30.08,,,,,,,,,,,,,
Greenhouse,Temp & Humidity Sensor,2020/11/28 3:45 PM,63.5,46.0,42.3,61.7,,,30.08,,,,,,,,,,,,,
Greenhouse,Temp & Humidity Sensor,2020/11/28 3:50 PM,62.0,48.0,42.1,60.2,,,30.07,,,,,,,,,,,,,
Greenhouse,Temp & Humidity Sensor,2020/11/28 3:55 PM,61.1,49.0,41.8,59.2,,,30.07,,,,,,,,,,,,,
Greenhouse,Temp & Humidity Sensor,2020/11/28 4:00 PM,60.8,49.0,41.5,58.9,,,30.08,,,,,,,,,,,,,
Greenhouse,Temp & Humidity Sensor,2020/11/28 4:05 PM,60.4,50.0,41.7,58.5,,,30.08,,,,,,,,,,,,,
Greenhouse,Temp & Humidity Sensor,2020/11/28 4:10 PM,60.0,50.0,41.3,58.1,,,30.08,,,,,,,,,,,,,
Greenhouse,Temp & Humidity Sensor,2020/11/28 4:15 PM,59.5,50.0,40.8,57.5,,,30.08,,,,,,,,,,,,,
Greenhouse,Temp & Humidity Sensor,2020/11/28 4:20 PM,59.0,51.0,40.9,57.0,,,30.08,,,,,,,,,,,,,
Greenhouse,Temp & Humidity Sensor,2020/11/28 4:25 PM,58.1,52.0,40.6,56.1,,,30.08,,,,,,,,,,,,,
Greenhouse,Temp & Humidity Sensor,2020/11/28 4:30 PM,57.3,53.0,40.3,55.2,,,30.09,,,,,,,,,,,,,
Greenhouse,Temp & Humidity Sensor,2020/11/28 4:35 PM,56.6,55.0,40.6,54.5,,,30.09,,,,,,,,,,,,,
Greenhouse,Temp & Humidity Sensor,2020/11/28 4:40 PM,56.1,57.0,41.1,54.1,,,30.09,,,,,,,,,,,,,
Greenhouse,Temp & Humidity Sensor,2020/11/28 4:45 PM,55.5,58.0,41.0,53.5,,,30.08,,,,,,,,,,,,,
Greenhouse,Temp & Humidity Sensor,2020/11/28 4:50 PM,55.0,60.0,41.4,53.0,,,30.09,,,,,,,,,,,,,
Greenhouse,Temp & Humidity Sensor,2020/11/28 4:55 PM,54.8,62.0,42.0,52.9,,,30.09,,,,,,,,,,,,,
Greenhouse,Temp & Humidity Sensor,2020/11/28 5:00 PM,54.6,65.0,43.1,52.8,,,30.09,,,,,,,,,,,,,
Greenhouse,Temp & Humidity Sensor,2020/11/28 5:05 PM,53.9,65.0,42.4,52.0,,,30.09,,,,,,,,,,,,,
Greenhouse,Temp & Humidity Sensor,2020/11/28 5:10 PM,53.2,66.0,42.1,51.3,,,30.09,,,,,,,,,,,,,
Greenhouse,Temp & Humidity Sensor,2020/11/28 5:15 PM,53.0,68.0,42.7,51.2,,,30.09,,,,,,,,,,,,,
Greenhouse,Temp & Humidity Sensor,2020/11/28 5:20 PM,52.8,72.0,44.0,51.2,,,30.09,,,,,,,,,,,,,
Greenhouse,Temp & Humidity Sensor,2020/11/28 5:25 PM,52.3,70.0,42.8,50.5,,,30.09,,,,,,,,,,,,,
Greenhouse,Temp & Humidity Sensor,2020/11/28 5:30 PM,51.8,70.0,42.3,50.0,,,30.1,,,,,,,,,,,,,
Greenhouse,Temp & Humidity Sensor,2020/11/28 5:35 PM,51.6,71.0,42.5,49.8,,,30.1,,,,,,,,,,,,,
Greenhouse,Temp & Humidity Sensor,2020/11/28 5:40 PM,51.6,73.0,43.2,49.9,,,30.11,,,,,,,,,,,,,
Greenhouse,Temp & Humidity Sensor,2020/11/28 5:45 PM,51.4,77.0,44.4,49.9,,,30.11,,,,,,,,,,,,,
Greenhouse,Temp & Humidity Sensor,2020/11/28 5:50 PM,50.9,75.0,43.3,49.2,,,30.1,,,,,,,,,,,,,
Greenhouse,Temp & Humidity Sensor,2020/11/28 5:55 PM,50.9,76.0,43.6,49.3,,,30.11,,,,,,,,,,,,,
Greenhouse,Temp & Humidity Sensor,2020/11/28 6:00 PM,50.5,77.0,43.6,48.9,,,30.11,,,,,,,,,,,,,
Greenhouse,Temp & Humidity Sensor,2020/11/28 6:05 PM,50.5,77.0,43.6,48.9,,,30.11,,,,,,,,,,,,,
Greenhouse,Temp & Humidity Sensor,2020/11/28 6:10 PM,50.5,80.0,44.6,49.0,,,30.11,,,,,,,,,,,,,
Greenhouse,Temp & Humidity Sensor,2020/11/28 6:15 PM,50.3,80.0,44.4,48.8,,,30.11,,,,,,,,,,,,,
Greenhouse,Temp & Humidity Sensor,2020/11/28 6:20 PM,50.0,80.0,44.1,48.5,,,30.12,,,,,,,,,,,,,
Greenhouse,Temp & Humidity Sensor,2020/11/28 6:25 PM,50.3,84.0,45.7,49.0,,,30.12,,,,,,,,,,,,,
Greenhouse,Temp & Humidity Sensor,2020/11/28 6:30 PM,50.1,85.0,45.8,48.8,,,30.12,,,,,,,,,,,,,
Greenhouse,Temp & Humidity Sensor,2020/11/28 6:35 PM,49.2,83.0,44.3,47.7,,,30.12,,,,,,,,,,,,,
Greenhouse,Temp & Humidity Sensor,2020/11/28 6:40 PM,49.2,83.0,44.3,47.7,,,30.12,,,,,,,,,,,,,
Greenhouse,Temp & Humidity Sensor,2020/11/28 6:45 PM,49.2,84.0,44.6,47.8,,,30.12,,,,,,,,,,,,,
Greenhouse,Temp & Humidity Sensor,2020/11/28 6:50 PM,49.2,85.0,44.9,47.8,,,30.12,,,,,,,,,,,,,
Greenhouse,Temp & Humidity Sensor,2020/11/28 6:55 PM,49.2,86.0,45.2,47.9,,,30.12,,,,,,,,,,,,,
Greenhouse,Temp & Humidity Sensor,2020/11/28 7:00 PM,48.9,86.0,44.9,47.5,,,30.13,,,,,,,,,,,,,
Greenhouse,Temp & Humidity Sensor,2020/11/28 7:05 PM,49.2,88.0,45.8,48.0,,,30.13,,,,,,,,,,,,,
Greenhouse,Temp & Humidity Sensor,2020/11/28 7:10 PM,48.7,87.0,45.0,47.4,,,30.13,,,,,,,,,,,,,
Greenhouse,Temp & Humidity Sensor,2020/11/28 7:15 PM,48.3,86.0,44.3,46.9,,,30.13,,,,,,,,,,,,,
Greenhouse,Temp & Humidity Sensor,2020/11/28 7:20 PM,48.3,87.0,44.6,46.9,,,30.13,,,,,,,,,,,,,
Greenhouse,Temp & Humidity Sensor,2020/11/28 7:35 PM,48.0,88.0,44.6,46.6,,,30.13,,,,,,,,,,,,,
Greenhouse,Temp & Humidity Sensor,2020/11/28 7:40 PM,48.0,88.0,44.6,46.6,,,30.14,,,,,,,,,,,,,
Greenhouse,Temp & Humidity Sensor,2020/11/28 7:45 PM,48.2,89.0,45.1,46.9,,,30.14,,,,,,,,,,,,,
Greenhouse,Temp & Humidity Sensor,2020/11/28 7:50 PM,47.8,89.0,44.7,46.5,,,30.14,,,,,,,,,,,,,
Greenhouse,Temp & Humidity Sensor,2020/11/28 7:55 PM,47.6,88.0,44.2,46.2,,,30.14,,,,,,,,,,,,,
Greenhouse,Temp & Humidity Sensor,2020/11/28 8:00 PM,47.8,89.0,44.7,46.5,,,30.15,,,,,,,,,,,,,
Greenhouse,Temp & Humidity Sensor,2020/11/28 8:05 PM,47.4,89.0,44.3,46.0,,,30.15,,,,,,,,,,,,,
Greenhouse,Temp & Humidity Sensor,2020/11/28 8:10 PM,47.3,88.0,43.9,45.9,,,30.15,,,,,,,,,,,,,
Greenhouse,Temp & Humidity Sensor,2020/11/28 8:15 PM,47.3,89.0,44.2,45.9,,,30.15,,,,,,,,,,,,,
Greenhouse,Temp & Humidity Sensor,2020/11/28 8:20 PM,47.4,89.0,44.3,46.0,,,30.15,,,,,,,,,,,,,
Greenhouse,Temp & Humidity Sensor,2020/11/28 8:25 PM,47.4,91.0,44.9,46.1,,,30.16,,,,,,,,,,,,,
Greenhouse,Temp & Humidity Sensor,2020/11/28 8:30 PM,47.1,90.0,44.3,45.7,,,30.15,,,,,,,,,,,,,
Greenhouse,Temp & Humidity Sensor,2020/11/28 8:35 PM,46.9,90.0,44.1,45.5,,,30.15,,,,,,,,,,,,,
Greenhouse,Temp & Humidity Sensor,2020/11/28 8:40 PM,46.7,89.0,43.6,45.3,,,30.15,,,,,,,,,,,,,
Greenhouse,Temp & Humidity Sensor,2020/11/28 8:45 PM,46.7,89.0,43.6,45.3,,,30.15,,,,,,,,,,,,,
Greenhouse,Temp & Humidity Sensor,2020/11/28 8:50 PM,46.9,90.0,44.1,45.5,,,30.15,,,,,,,,,,,,,
Greenhouse,Temp & Humidity Sensor,2020/11/28 8:55 PM,46.7,90.0,43.9,45.3,,,30.15,,,,,,,,,,,,,
Greenhouse,Temp & Humidity Sensor,2020/11/28 9:00 PM,46.7,91.0,44.2,45.3,,,30.16,,,,,,,,,,,,,
Greenhouse,Temp & Humidity Sensor,2020/11/28 9:05 PM,46.7,92.0,44.5,45.4,,,30.16,,,,,,,,,,,,,
Greenhouse,Temp & Humidity Sensor,2020/11/28 9:10 PM,46.7,93.0,44.8,45.4,,,30.16,,,,,,,,,,,,,
Greenhouse,Temp & Humidity Sensor,2020/11/28 9:15 PM,46.7,93.0,44.8,45.4,,,30.16,,,,,,,,,,,,,
Greenhouse,Temp & Humidity Sensor,2020/11/28 9:20 PM,46.4,93.0,44.5,45.1,,,30.16,,,,,,,,,,,,,
Greenhouse,Temp & Humidity Sensor,2020/11/28 9:25 PM,46.0,93.0,44.1,44.7,,,30.16,,,,,,,,,,,,,
Greenhouse,Temp & Humidity Sensor,2020/11/28 9:30 PM,46.0,93.0,44.1,44.7,,,30.16,,,,,,,,,,,,,
Greenhouse,Temp & Humidity Sensor,2020/11/28 9:35 PM,46.2,94.0,44.6,44.9,,,30.17,,,,,,,,,,,,,
Greenhouse,Temp & Humidity Sensor,2020/11/28 9:40 PM,46.2,94.0,44.6,44.9,,,30.17,,,,,,,,,,,,,
Greenhouse,Temp & Humidity Sensor,2020/11/28 9:45 PM,45.8,94.0,44.2,44.5,,,30.17,,,,,,,,,,,,,
Greenhouse,Temp & Humidity Sensor,2020/11/28 9:50 PM,45.6,94.0,44.0,44.3,,,30.17,,,,,,,,,,,,,
Greenhouse,Temp & Humidity Sensor,2020/11/28 9:55 PM,45.5,94.0,43.9,44.2,,,30.16,,,,,,,,,,,,,
Greenhouse,Temp & Humidity Sensor,2020/11/28 10:00 PM,45.3,93.0,43.4,43.9,,,30.17,,,,,,,,,,,,,
Greenhouse,Temp & Humidity Sensor,2020/11/28 10:05 PM,45.5,93.0,43.6,44.1,,,30.16,,,,,,,,,,,,,
Greenhouse,Temp & Humidity Sensor,2020/11/28 10:10 PM,45.3,93.0,43.4,43.9,,,30.16,,,,,,,,,,,,,
Greenhouse,Temp & Humidity Sensor,2020/11/28 10:15 PM,45.3,93.0,43.4,43.9,,,30.16,,,,,,,,,,,,,
Greenhouse,Temp & Humidity Sensor,2020/11/28 10:20 PM,44.9,93.0,43.0,43.5,,,30.16,,,,,,,,,,,,,
Greenhouse,Temp & Humidity Sensor,2020/11/28 10:25 PM,44.9,93.0,43.0,43.5,,,30.16,,,,,,,,,,,,,
Greenhouse,Temp & Humidity Sensor,2020/11/28 10:30 PM,44.9,93.0,43.0,43.5,,,30.16,,,,,,,,,,,,,
Greenhouse,Temp & Humidity Sensor,2020/11/28 10:35 PM,45.1,93.0,43.2,43.7,,,30.17,,,,,,,,,,,,,
Greenhouse,Temp & Humidity Sensor,2020/11/28 10:40 PM,44.9,94.0,43.3,43.5,,,30.17,,,,,,,,,,,,,
Greenhouse,Temp & Humidity Sensor,2020/11/28 10:45 PM,44.7,94.0,43.1,43.3,,,30.17,,,,,,,,,,,,,
Greenhouse,Temp & Humidity Sensor,2020/11/28 10:50 PM,44.6,94.0,43.0,43.2,,,30.17,,,,,,,,,,,,,
Greenhouse,Temp & Humidity Sensor,2020/11/28 10:55 PM,44.7,94.0,43.1,43.3,,,30.18,,,,,,,,,,,,,
Greenhouse,Temp & Humidity Sensor,2020/11/28 11:00 PM,44.6,94.0,43.0,43.2,,,30.17,,,,,,,,,,,,,
Greenhouse,Temp & Humidity Sensor,2020/11/28 11:05 PM,44.6,95.0,43.3,43.2,,,30.17,,,,,,,,,,,,,
Greenhouse,Temp & Humidity Sensor,2020/11/28 11:10 PM,44.6,95.0,43.3,43.2,,,30.18,,,,,,,,,,,,,
Greenhouse,Temp & Humidity Sensor,2020/11/28 11:15 PM,44.4,95.0,43.1,43.0,,,30.18,,,,,,,,,,,,,
Greenhouse,Temp & Humidity Sensor,2020/11/28 11:20 PM,44.2,95.0,42.9,42.8,,,30.18,,,,,,,,,,,,,
Greenhouse,Temp & Humidity Sensor,2020/11/28 11:25 PM,44.0,95.0,42.7,42.6,,,30.18,,,,,,,,,,,,,
Greenhouse,Temp & Humidity Sensor,2020/11/28 11:30 PM,43.8,95.0,42.5,42.3,,,30.18,,,,,,,,,,,,,
Greenhouse,Temp & Humidity Sensor,2020/11/28 11:35 PM,44.0,95.0,42.7,42.6,,,30.18,,,,,,,,,,,,,
Greenhouse,Temp & Humidity Sensor,2020/11/28 11:40 PM,44.0,95.0,42.7,42.6,,,30.18,,,,,,,,,,,,,
Greenhouse,Temp & Humidity Sensor,2020/11/28 11:45 PM,44.0,95.0,42.7,42.6,,,30.19,,,,,,,,,,,,,
Greenhouse,Temp & Humidity Sensor,2020/11/28 11:50 PM,44.0,95.0,42.7,42.6,,,30.18,,,,,,,,,,,,,
Greenhouse,Temp & Humidity Sensor,2020/11/28 11:55 PM,43.8,95.0,42.5,42.3,,,30.19,,,,,,,,,,,,,
Greenhouse,Temp & Humidity Sensor,2020/11/29 12:00 AM,43.8,96.0,42.7,42.4,,,30.19,,,,,,,,,,,,,
Greenhouse,Temp & Humidity Sensor,2020/11/29 12:05 AM,43.8,96.0,42.7,42.4,,,30.19,,,,,,,,,,,,,
Greenhouse,Temp & Humidity Sensor,2020/11/29 12:10 AM,43.7,96.0,42.6,42.3,,,30.19,,,,,,,,,,,,,
Greenhouse,Temp & Humidity Sensor,2020/11/29 12:15 AM,43.5,96.0,42.4,42.1,,,30.19,,,,,,,,,,,,,
Greenhouse,Temp & Humidity Sensor,2020/11/29 12:20 AM,43.5,96.0,42.4,42.1,,,30.19,,,,,,,,,,,,,
Greenhouse,Temp & Humidity Sensor,2020/11/29 12:25 AM,43.1,96.0,42.0,41.6,,,30.19,,,,,,,,,,,,,
Greenhouse,Temp & Humidity Sensor,2020/11/29 12:30 AM,43.1,96.0,42.0,41.6,,,30.18,,,,,,,,,,,,,
Greenhouse,Temp & Humidity Sensor,2020/11/29 12:35 AM,43.1,96.0,42.0,41.6,,,30.18,,,,,,,,,,,,,
Greenhouse,Temp & Humidity Sensor,2020/11/29 12:40 AM,42.9,96.0,41.8,41.4,,,30.18,,,,,,,,,,,,,
Greenhouse,Temp & Humidity Sensor,2020/11/29 12:45 AM,42.9,96.0,41.8,41.4,,,30.18,,,,,,,,,,,,,
Greenhouse,Temp & Humidity Sensor,2020/11/29 12:50 AM,42.8,96.0,41.7,41.3,,,30.18,,,,,,,,,,,,,
Greenhouse,Temp & Humidity Sensor,2020/11/29 12:55 AM,42.8,96.0,41.7,41.3,,,30.18,,,,,,,,,,,,,
Greenhouse,Temp & Humidity Sensor,2020/11/29 1:00 AM,42.8,96.0,41.7,41.3,,,30.18,,,,,,,,,,,,,
Greenhouse,Temp & Humidity Sensor,2020/11/29 1:05 AM,42.4,97.0,41.6,40.9,,,30.18,,,,,,,,,,,,,
Greenhouse,Temp & Humidity Sensor,2020/11/29 1:10 AM,42.4,96.0,41.3,40.9,,,30.18,,,,,,,,,,,,,
Greenhouse,Temp & Humidity Sensor,2020/11/29 1:15 AM,42.6,96.0,41.5,41.1,,,30.18,,,,,,,,,,,,,
Greenhouse,Temp & Humidity Sensor,2020/11/29 1:20 AM,42.6,96.0,41.5,41.1,,,30.18,,,,,,,,,,,,,
Greenhouse,Temp & Humidity Sensor,2020/11/29 1:25 AM,42.4,96.0,41.3,40.9,,,30.18,,,,,,,,,,,,,
Greenhouse,Temp & Humidity Sensor,2020/11/29 1:30 AM,42.4,96.0,41.3,40.9,,,30.18,,,,,,,,,,,,,
Greenhouse,Temp & Humidity Sensor,2020/11/29 1:35 AM,42.2,96.0,41.1,40.6,,,30.18,,,,,,,,,,,,,
Greenhouse,Temp & Humidity Sensor,2020/11/29 1:40 AM,42.2,97.0,41.4,40.7,,,30.18,,,,,,,,,,,,,
Greenhouse,Temp & Humidity Sensor,2020/11/29 1:45 AM,42.2,97.0,41.4,40.7,,,30.18,,,,,,,,,,,,,
Greenhouse,Temp & Humidity Sensor,2020/11/29 1:50 AM,41.9,97.0,41.1,40.3,,,30.18,,,,,,,,,,,,,
Greenhouse,Temp & Humidity Sensor,2020/11/29 1:55 AM,42.0,97.0,41.2,40.5,,,30.18,,,,,,,,,,,,,
Greenhouse,Temp & Humidity Sensor,2020/11/29 2:00 AM,42.0,97.0,41.2,40.5,,,30.18,,,,,,,,,,,,,
Greenhouse,Temp & Humidity Sensor,2020/11/29 2:05 AM,42.0,97.0,41.2,40.5,,,30.18,,,,,,,,,,,,,
Greenhouse,Temp & Humidity Sensor,2020/11/29 2:10 AM,42.0,97.0,41.2,40.5,,,30.18,,,,,,,,,,,,,
Greenhouse,Temp & Humidity Sensor,2020/11/29 2:15 AM,41.7,97.0,40.9,40.1,,,30.18,,,,,,,,,,,,,
Greenhouse,Temp & Humidity Sensor,2020/11/29 2:20 AM,41.5,97.0,40.7,39.9,,,30.18,,,,,,,,,,,,,
Greenhouse,Temp & Humidity Sensor,2020/11/29 2:25 AM,41.3,97.0,40.5,39.7,,,30.18,,,,,,,,,,,,,
Greenhouse,Temp & Humidity Sensor,2020/11/29 2:30 AM,41.5,97.0,40.7,39.9,,,30.18,,,,,,,,,,,,,
Greenhouse,Temp & Humidity Sensor,2020/11/29 2:35 AM,41.5,97.0,40.7,39.9,,,30.18,,,,,,,,,,,,,
Greenhouse,Temp & Humidity Sensor,2020/11/29 2:40 AM,41.5,97.0,40.7,39.9,,,30.18,,,,,,,,,,,,,
Greenhouse,Temp & Humidity Sensor,2020/11/29 2:45 AM,41.3,97.0,40.5,39.7,,,30.18,,,,,,,,,,,,,
Greenhouse,Temp & Humidity Sensor,2020/11/29 2:50 AM,41.1,97.0,40.3,39.5,,,30.19,,,,,,,,,,,,,
Greenhouse,Temp & Humidity Sensor,2020/11/29 2:55 AM,41.1,97.0,40.3,39.5,,,30.19,,,,,,,,,,,,,
Greenhouse,Temp & Humidity Sensor,2020/11/29 3:00 AM,41.1,97.0,40.3,39.5,,,30.19,,,,,,,,,,,,,
Greenhouse,Temp & Humidity Sensor,2020/11/29 3:05 AM,40.8,97.0,40.0,39.1,,,30.19,,,,,,,,,,,,,
Greenhouse,Temp & Humidity Sensor,2020/11/29 3:10 AM,41.0,97.0,40.2,39.4,,,30.18,,,,,,,,,,,,,
Greenhouse,Temp & Humidity Sensor,2020/11/29 3:15 AM,40.8,97.0,40.0,39.1,,,30.19,,,,,,,,,,,,,
Greenhouse,Temp & Humidity Sensor,2020/11/29 3:20 AM,40.8,97.0,40.0,39.1,,,30.19,,,,,,,,,,,,,
Greenhouse,Temp & Humidity Sensor,2020/11/29 3:25 AM,40.6,97.0,39.8,38.9,,,30.19,,,,,,,,,,,,,
Greenhouse,Temp & Humidity Sensor,2020/11/29 3:30 AM,40.6,97.0,39.8,38.9,,,30.18,,,,,,,,,,,,,
Greenhouse,Temp & Humidity Sensor,2020/11/29 3:35 AM,40.4,97.0,39.6,38.7,,,30.18,,,,,,,,,,,,,
Greenhouse,Temp & Humidity Sensor,2020/11/29 3:40 AM,40.4,97.0,39.6,38.7,,,30.18,,,,,,,,,,,,,
Greenhouse,Temp & Humidity Sensor,2020/11/29 3:45 AM,40.4,97.0,39.6,38.7,,,30.18,,,,,,,,,,,,,
Greenhouse,Temp & Humidity Sensor,2020/11/29 3:50 AM,40.4,97.0,39.6,38.7,,,30.18,,,,,,,,,,,,,
Greenhouse,Temp & Humidity Sensor,2020/11/29 3:55 AM,40.2,97.0,39.4,38.5,,,30.18,,,,,,,,,,,,,
Greenhouse,Temp & Humidity Sensor,2020/11/29 4:00 AM,40.1,97.0,39.3,38.4,,,30.18,,,,,,,,,,,,,
Greenhouse,Temp & Humidity Sensor,2020/11/29 4:05 AM,40.2,97.0,39.4,38.5,,,30.18,,,,,,,,,,,,,
Greenhouse,Temp & Humidity Sensor,2020/11/29 4:10 AM,40.1,97.0,39.3,38.4,,,30.18,,,,,,,,,,,,,
Greenhouse,Temp & Humidity Sensor,2020/11/29 4:15 AM,40.2,97.0,39.4,38.5,,,30.17,,,,,,,,,,,,,
Greenhouse,Temp & Humidity Sensor,2020/11/29 4:20 AM,40.1,97.0,39.3,38.4,,,30.18,,,,,,,,,,,,,
Greenhouse,Temp & Humidity Sensor,2020/11/29 4:25 AM,39.9,97.0,39.1,39.9,,,30.18,,,,,,,,,,,,,
Greenhouse,Temp & Humidity Sensor,2020/11/29 4:30 AM,39.9,97.0,39.1,39.9,,,30.18,,,,,,,,,,,,,
Greenhouse,Temp & Humidity Sensor,2020/11/29 4:35 AM,39.9,97.0,39.1,39.9,,,30.18,,,,,,,,,,,,,
Greenhouse,Temp & Humidity Sensor,2020/11/29 4:40 AM,39.7,97.0,38.9,39.7,,,30.18,,,,,,,,,,,,,
Greenhouse,Temp & Humidity Sensor,2020/11/29 4:45 AM,39.7,97.0,38.9,39.7,,,30.18,,,,,,,,,,,,,
Greenhouse,Temp & Humidity Sensor,2020/11/29 4:50 AM,39.5,97.0,38.7,39.5,,,30.18,,,,,,,,,,,,,
Greenhouse,Temp & Humidity Sensor,2020/11/29 4:55 AM,39.3,97.0,38.5,39.3,,,30.18,,,,,,,,,,,,,
Greenhouse,Temp & Humidity Sensor,2020/11/29 5:00 AM,39.3,97.0,38.5,39.3,,,30.19,,,,,,,,,,,,,
Greenhouse,Temp & Humidity Sensor,2020/11/29 5:05 AM,39.3,97.0,38.5,39.3,,,30.19,,,,,,,,,,,,,
Greenhouse,Temp & Humidity Sensor,2020/11/29 5:10 AM,39.2,97.0,38.4,39.2,,,30.19,,,,,,,,,,,,,
Greenhouse,Temp & Humidity Sensor,2020/11/29 5:15 AM,39.3,97.0,38.5,39.3,,,30.19,,,,,,,,,,,,,
Greenhouse,Temp & Humidity Sensor,2020/11/29 5:20 AM,39.3,97.0,38.5,39.3,,,30.19,,,,,,,,,,,,,
Greenhouse,Temp & Humidity Sensor,2020/11/29 5:25 AM,39.2,97.0,38.4,39.2,,,30.19,,,,,,,,,,,,,
Greenhouse,Temp & Humidity Sensor,2020/11/29 5:30 AM,39.2,97.0,38.4,39.2,,,30.19,,,,,,,,,,,,,
Greenhouse,Temp & Humidity Sensor,2020/11/29 5:35 AM,39.2,97.0,38.4,39.2,,,30.2,,,,,,,,,,,,,
Greenhouse,Temp & Humidity Sensor,2020/11/29 5:40 AM,38.8,97.0,38.0,38.8,,,30.2,,,,,,,,,,,,,
Greenhouse,Temp & Humidity Sensor,2020/11/29 5:45 AM,38.6,97.0,37.8,38.6,,,30.2,,,,,,,,,,,,,
Greenhouse,Temp & Humidity Sensor,2020/11/29 5:50 AM,38.6,97.0,37.8,38.6,,,30.2,,,,,,,,,,,,,
Greenhouse,Temp & Humidity Sensor,2020/11/29 5:55 AM,38.6,97.0,37.8,38.6,,,30.2,,,,,,,,,,,,,
Greenhouse,Temp & Humidity Sensor,2020/11/29 6:00 AM,38.8,97.0,38.0,38.8,,,30.2,,,,,,,,,,,,,
Greenhouse,Temp & Humidity Sensor,2020/11/29 6:05 AM,38.8,97.0,38.0,38.8,,,30.2,,,,,,,,,,,,,
Greenhouse,Temp & Humidity Sensor,2020/11/29 6:10 AM,38.6,97.0,37.8,38.6,,,30.2,,,,,,,,,,,,,
Greenhouse,Temp & Humidity Sensor,2020/11/29 6:15 AM,38.3,97.0,37.5,38.3,,,30.2,,,,,,,,,,,,,
Greenhouse,Temp & Humidity Sensor,2020/11/29 6:20 AM,38.4,97.0,37.6,38.4,,,30.2,,,,,,,,,,,,,
Greenhouse,Temp & Humidity Sensor,2020/11/29 6:25 AM,38.4,97.0,37.6,38.4,,,30.2,,,,,,,,,,,,,
Greenhouse,Temp & Humidity Sensor,2020/11/29 6:30 AM,38.6,97.0,37.8,38.6,,,30.2,,,,,,,,,,,,,
Greenhouse,Temp & Humidity Sensor,2020/11/29 6:35 AM,38.3,97.0,37.5,38.3,,,30.21,,,,,,,,,,,,,
Greenhouse,Temp & Humidity Sensor,2020/11/29 6:40 AM,38.1,97.0,37.3,38.1,,,30.21,,,,,,,,,,,,,
Greenhouse,Temp & Humidity Sensor,2020/11/29 6:45 AM,38.1,97.0,37.3,38.1,,,30.21,,,,,,,,,,,,,
Greenhouse,Temp & Humidity Sensor,2020/11/29 6:50 AM,38.3,97.0,37.5,38.3,,,30.21,,,,,,,,,,,,,
Greenhouse,Temp & Humidity Sensor,2020/11/29 6:55 AM,38.3,97.0,37.5,38.3,,,30.21,,,,,,,,,,,,,
Greenhouse,Temp & Humidity Sensor,2020/11/29 7:00 AM,37.9,97.0,37.1,37.9,,,30.21,,,,,,,,,,,,,
Greenhouse,Temp & Humidity Sensor,2020/11/29 7:05 AM,38.1,97.0,37.3,38.1,,,30.21,,,,,,,,,,,,,
Greenhouse,Temp & Humidity Sensor,2020/11/29 7:10 AM,37.7,97.0,36.9,37.7,,,30.21,,,,,,,,,,,,,
Greenhouse,Temp & Humidity Sensor,2020/11/29 7:15 AM,37.9,97.0,37.1,37.9,,,30.21,,,,,,,,,,,,,
Greenhouse,Temp & Humidity Sensor,2020/11/29 7:20 AM,38.1,97.0,37.3,38.1,,,30.21,,,,,,,,,,,,,
Greenhouse,Temp & Humidity Sensor,2020/11/29 7:25 AM,38.1,97.0,37.3,38.1,,,30.21,,,,,,,,,,,,,
Greenhouse,Temp & Humidity Sensor,2020/11/29 7:30 AM,38.1,97.0,37.3,38.1,,,30.22,,,,,,,,,,,,,
Greenhouse,Temp & Humidity Sensor,2020/11/29 7:35 AM,38.3,97.0,37.5,38.3,,,30.22,,,,,,,,,,,,,
Greenhouse,Temp & Humidity Sensor,2020/11/29 7:40 AM,38.3,97.0,37.5,38.3,,,30.21,,,,,,,,,,,,,
Greenhouse,Temp & Humidity Sensor,2020/11/29 7:45 AM,38.4,97.0,37.6,38.4,,,30.22,,,,,,,,,,,,,
Greenhouse,Temp & Humidity Sensor,2020/11/29 7:50 AM,38.8,97.0,38.0,38.8,,,30.22,,,,,,,,,,,,,
Greenhouse,Temp & Humidity Sensor,2020/11/29 7:55 AM,39.2,97.0,38.4,39.2,,,30.22,,,,,,,,,,,,,
Greenhouse,Temp & Humidity Sensor,2020/11/29 8:00 AM,39.3,97.0,38.5,39.3,,,30.22,,,,,,,,,,,,,
Greenhouse,Temp & Humidity Sensor,2020/11/29 8:05 AM,39.5,97.0,38.7,39.5,,,30.22,,,,,,,,,,,,,
Greenhouse,Temp & Humidity Sensor,2020/11/29 8:10 AM,39.7,97.0,38.9,39.7,,,30.21,,,,,,,,,,,,,
Greenhouse,Temp & Humidity Sensor,2020/11/29 8:15 AM,39.9,97.0,39.1,39.9,,,30.22,,,,,,,,,,,,,
Greenhouse,Temp & Humidity Sensor,2020/11/29 8:20 AM,39.9,97.0,39.1,39.9,,,30.22,,,,,,,,,,,,,
Greenhouse,Temp & Humidity Sensor,2020/11/29 8:25 AM,40.2,97.0,39.4,38.5,,,30.21,,,,,,,,,,,,,
Greenhouse,Temp & Humidity Sensor,2020/11/29 8:30 AM,40.6,97.0,39.8,38.9,,,30.21,,,,,,,,,,,,,
Greenhouse,Temp & Humidity Sensor,2020/11/29 8:35 AM,41.0,96.0,39.9,39.3,,,30.21,,,,,,,,,,,,,
Greenhouse,Temp & Humidity Sensor,2020/11/29 8:40 AM,41.9,96.0,40.8,40.3,,,30.22,,,,,,,,,,,,,
Greenhouse,Temp & Humidity Sensor,2020/11/29 8:45 AM,43.7,96.0,42.6,42.3,,,30.21,,,,,,,,,,,,,
Greenhouse,Temp & Humidity Sensor,2020/11/29 8:50 AM,44.2,95.0,42.9,42.8,,,30.21,,,,,,,,,,,,,
Greenhouse,Temp & Humidity Sensor,2020/11/29 8:55 AM,45.3,94.0,43.7,43.9,,,30.21,,,,,,,,,,,,,
Greenhouse,Temp & Humidity Sensor,2020/11/29 9:00 AM,44.7,94.0,43.1,43.3,,,30.21,,,,,,,,,,,,,
Greenhouse,Temp & Humidity Sensor,2020/11/29 9:05 AM,44.6,94.0,43.0,43.2,,,30.21,,,,,,,,,,,,,
Greenhouse,Temp & Humidity Sensor,2020/11/29 9:10 AM,44.9,94.0,43.3,43.5,,,30.22,,,,,,,,,,,,,
Greenhouse,Temp & Humidity Sensor,2020/11/29 9:15 AM,45.8,95.0,44.5,44.5,,,30.22,,,,,,,,,,,,,
Greenhouse,Temp & Humidity Sensor,2020/11/29 9:20 AM,46.9,94.0,45.3,45.7,,,30.22,,,,,,,,,,,,,
Greenhouse,Temp & Humidity Sensor,2020/11/29 9:25 AM,48.0,94.0,46.4,46.9,,,30.22,,,,,,,,,,,,,
Greenhouse,Temp & Humidity Sensor,2020/11/29 9:30 AM,49.1,93.0,47.2,48.1,,,30.22,,,,,,,,,,,,,
Greenhouse,Temp & Humidity Sensor,2020/11/29 9:35 AM,49.8,93.0,47.9,48.9,,,30.22,,,,,,,,,,,,,
Greenhouse,Temp & Humidity Sensor,2020/11/29 9:40 AM,49.8,93.0,47.9,48.9,,,30.22,,,,,,,,,,,,,
Greenhouse,Temp & Humidity Sensor,2020/11/29 9:45 AM,50.0,92.0,47.8,49.0,,,30.22,,,,,,,,,,,,,
Greenhouse,Temp & Humidity Sensor,2020/11/29 9:50 AM,51.0,93.0,49.0,50.2,,,30.22,,,,,,,,,,,,,
Greenhouse,Temp & Humidity Sensor,2020/11/29 9:55 AM,52.8,90.0,49.9,52.0,,,30.22,,,,,,,,,,,,,
Greenhouse,Temp & Humidity Sensor,2020/11/29 10:00 AM,53.4,90.0,50.5,52.7,,,30.22,,,,,,,,,,,,,
Greenhouse,Temp & Humidity Sensor,2020/11/29 10:05 AM,52.8,89.0,49.6,52.0,,,30.22,,,,,,,,,,,,,
Greenhouse,Temp & Humidity Sensor,2020/11/29 10:10 AM,52.7,90.0,49.8,51.9,,,30.22,,,,,,,,,,,,,
Greenhouse,Temp & Humidity Sensor,2020/11/29 10:15 AM,52.8,88.0,49.3,51.9,,,30.21,,,,,,,,,,,,,
Greenhouse,Temp & Humidity Sensor,2020/11/29 10:20 AM,54.1,88.0,50.6,53.3,,,30.21,,,,,,,,,,,,,
Greenhouse,Temp & Humidity Sensor,2020/11/29 10:25 AM,55.7,88.0,52.2,55.1,,,30.21,,,,,,,,,,,,,
Greenhouse,Temp & Humidity Sensor,2020/11/29 10:30 AM,55.4,86.0,51.3,54.7,,,30.21,,,,,,,,,,,,,
Greenhouse,Temp & Humidity Sensor,2020/11/29 10:35 AM,54.8,81.0,49.1,53.8,,,30.22,,,,,,,,,,,,,
Greenhouse,Temp & Humidity Sensor,2020/11/29 10:40 AM,55.2,79.0,48.8,54.1,,,30.22,,,,,,,,,,,,,
Greenhouse,Temp & Humidity Sensor,2020/11/29 10:45 AM,54.8,67.0,44.1,53.1,,,30.22,,,,,,,,,,,,,
Greenhouse,Temp & Humidity Sensor,2020/11/29 10:50 AM,55.9,75.0,48.1,54.7,,,30.21,,,,,,,,,,,,,
Greenhouse,Temp & Humidity Sensor,2020/11/29 10:55 AM,55.9,68.0,45.5,54.4,,,30.21,,,,,,,,,,,,,
Greenhouse,Temp & Humidity Sensor,2020/11/29 11:00 AM,56.4,67.0,45.6,54.9,,,30.21,,,,,,,,,,,,,
Greenhouse,Temp & Humidity Sensor,2020/11/29 11:05 AM,57.3,71.0,48.0,56.1,,,30.21,,,,,,,,,,,,,
Greenhouse,Temp & Humidity Sensor,2020/11/29 11:10 AM,59.0,70.0,49.2,57.9,,,30.2,,,,,,,,,,,,,
Greenhouse,Temp & Humidity Sensor,2020/11/29 11:15 AM,59.9,71.0,50.5,58.9,,,30.2,,,,,,,,,,,,,
Greenhouse,Temp & Humidity Sensor,2020/11/29 11:20 AM,60.8,72.0,51.7,60.0,,,30.2,,,,,,,,,,,,,
Greenhouse,Temp & Humidity Sensor,2020/11/29 11:25 AM,61.5,73.0,52.8,60.8,,,30.2,,,,,,,,,,,,,
Greenhouse,Temp & Humidity Sensor,2020/11/29 11:30 AM,61.5,70.0,51.6,60.6,,,30.2,,,,,,,,,,,,,
Greenhouse,Temp & Humidity Sensor,2020/11/29 11:35 AM,61.8,68.0,51.1,60.9,,,30.2,,,,,,,,,,,,,
Greenhouse,Temp & Humidity Sensor,2020/11/29 11:40 AM,62.0,70.0,52.1,61.2,,,30.19,,,,,,,,,,,,,
Greenhouse,Temp & Humidity Sensor,2020/11/29 11:45 AM,62.6,64.0,50.2,61.6,,,30.19,,,,,,,,,,,,,
Greenhouse,Temp & Humidity Sensor,2020/11/29 11:50 AM,62.4,64.0,50.1,61.3,,,30.19,,,,,,,,,,,,,
Greenhouse,Temp & Humidity Sensor,2020/11/29 11:55 AM,62.2,62.0,49.0,61.0,,,30.19,,,,,,,,,,,,,
Greenhouse,Temp & Humidity Sensor,2020/11/29 12:00 PM,62.2,65.0,50.3,61.2,,,30.18,,,,,,,,,,,,,
Greenhouse,Temp & Humidity Sensor,2020/11/29 12:05 PM,62.7,65.0,50.8,61.7,,,30.18,,,,,,,,,,,,,
Greenhouse,Temp & Humidity Sensor,2020/11/29 12:10 PM,62.9,66.0,51.4,62.0,,,30.18,,,,,,,,,,,,,
Greenhouse,Temp & Humidity Sensor,2020/11/29 12:15 PM,62.2,67.0,51.1,61.3,,,30.18,,,,,,,,,,,,,
Greenhouse,Temp & Humidity Sensor,2020/11/29 12:20 PM,61.7,67.0,50.6,60.7,,,30.17,,,,,,,,,,,,,
Greenhouse,Temp & Humidity Sensor,2020/11/29 12:25 PM,61.3,65.0,49.4,60.2,,,30.17,,,,,,,,,,,,,
Greenhouse,Temp & Humidity Sensor,2020/11/29 12:30 PM,62.4,62.0,49.2,61.3,,,30.17,,,,,,,,,,,,,
Greenhouse,Temp & Humidity Sensor,2020/11/29 12:35 PM,63.1,60.0,49.0,61.9,,,30.17,,,,,,,,,,,,,
Greenhouse,Temp & Humidity Sensor,2020/11/29 12:40 PM,63.6,61.0,49.9,62.5,,,30.16,,,,,,,,,,,,,
Greenhouse,Temp & Humidity Sensor,2020/11/29 12:45 PM,64.7,59.0,50.0,63.6,,,30.16,,,,,,,,,,,,,
Greenhouse,Temp & Humidity Sensor,2020/11/29 12:50 PM,67.2,57.0,51.4,66.3,,,30.16,,,,,,,,,,,,,
Greenhouse,Temp & Humidity Sensor,2020/11/29 12:55 PM,66.5,51.0,47.8,65.2,,,30.15,,,,,,,,,,,,,
Greenhouse,Temp & Humidity Sensor,2020/11/29 1:00 PM,65.6,55.0,49.0,64.4,,,30.16,,,,,,,,,,,,,
Greenhouse,Temp & Humidity Sensor,2020/11/29 1:05 PM,65.6,57.0,49.9,64.5,,,30.15,,,,,,,,,,,,,
Greenhouse,Temp & Humidity Sensor,2020/11/29 1:10 PM,65.4,56.0,49.3,64.3,,,30.15,,,,,,,,,,,,,
Greenhouse,Temp & Humidity Sensor,2020/11/29 1:15 PM,65.4,59.0,50.7,64.4,,,30.16,,,,,,,,,,,,,
Greenhouse,Temp & Humidity Sensor,2020/11/29 1:20 PM,66.3,57.0,50.6,65.3,,,30.15,,,,,,,,,,,,,
Greenhouse,Temp & Humidity Sensor,2020/11/29 1:25 PM,66.2,58.0,51.0,65.2,,,30.15,,,,,,,,,,,,,
Greenhouse,Temp & Humidity Sensor,2020/11/29 1:30 PM,64.9,57.0,49.3,63.8,,,30.15,,,,,,,,,,,,,
Greenhouse,Temp & Humidity Sensor,2020/11/29 1:35 PM,63.8,57.0,48.3,62.6,,,30.15,,,,,,,,,,,,,
Greenhouse,Temp & Humidity Sensor,2020/11/29 1:40 PM,63.3,59.0,48.7,62.1,,,30.14,,,,,,,,,,,,,
Greenhouse,Temp & Humidity Sensor,2020/11/29 1:45 PM,63.3,60.0,49.2,62.1,,,30.14,,,,,,,,,,,,,
Greenhouse,Temp & Humidity Sensor,2020/11/29 1:50 PM,63.5,61.0,49.8,62.4,,,30.13,,,,,,,,,,,,,
Greenhouse,Temp & Humidity Sensor,2020/11/29 1:55 PM,63.3,61.0,49.6,62.2,,,30.13,,,,,,,,,,,,,
Greenhouse,Temp & Humidity Sensor,2020/11/29 2:00 PM,62.9,61.0,49.2,61.8,,,30.13,,,,,,,,,,,,,
Greenhouse,Temp & Humidity Sensor,2020/11/29 2:05 PM,62.6,61.0,49.0,61.4,,,30.13,,,,,,,,,,,,,
Greenhouse,Temp & Humidity Sensor,2020/11/29 2:10 PM,62.4,59.0,47.9,61.1,,,30.13,,,,,,,,,,,,,
Greenhouse,Temp & Humidity Sensor,2020/11/29 2:15 PM,62.4,61.0,48.8,61.2,,,30.12,,,,,,,,,,,,,
Greenhouse,Temp & Humidity Sensor,2020/11/29 2:20 PM,62.0,61.0,48.4,60.8,,,30.12,,,,,,,,,,,,,
Greenhouse,Temp & Humidity Sensor,2020/11/29 2:25 PM,62.2,62.0,49.0,61.0,,,30.12,,,,,,,,,,,,,
Greenhouse,Temp & Humidity Sensor,2020/11/29 2:30 PM,62.4,63.0,49.6,61.3,,,30.12,,,,,,,,,,,,,
Greenhouse,Temp & Humidity Sensor,2020/11/29 2:35 PM,62.4,63.0,49.6,61.3,,,30.12,,,,,,,,,,,,,
Greenhouse,Temp & Humidity Sensor,2020/11/29 2:40 PM,62.6,62.0,49.4,61.5,,,30.12,,,,,,,,,,,,,
Greenhouse,Temp & Humidity Sensor,2020/11/29 2:45 PM,62.6,63.0,49.8,61.5,,,30.12,,,,,,,,,,,,,
Greenhouse,Temp & Humidity Sensor,2020/11/29 2:50 PM,62.9,63.0,50.1,61.9,,,30.11,,,,,,,,,,,,,
Greenhouse,Temp & Humidity Sensor,2020/11/29 2:55 PM,63.3,63.0,50.5,62.3,,,30.11,,,,,,,,,,,,,
Greenhouse,Temp & Humidity Sensor,2020/11/29 3:00 PM,62.9,60.0,48.8,61.7,,,30.11,,,,,,,,,,,,,
Greenhouse,Temp & Humidity Sensor,2020/11/29 3:05 PM,62.9,62.0,49.7,61.8,,,30.11,,,,,,,,,,,,,
Greenhouse,Temp & Humidity Sensor,2020/11/29 3:10 PM,62.6,63.0,49.8,61.5,,,30.11,,,,,,,,,,,,,
Greenhouse,Temp & Humidity Sensor,2020/11/29 3:15 PM,62.2,63.0,49.4,61.1,,,30.11,,,,,,,,,,,,,
Greenhouse,Temp & Humidity Sensor,2020/11/29 3:20 PM,62.0,63.0,49.3,60.9,,,30.11,,,,,,,,,,,,,
Greenhouse,Temp & Humidity Sensor,2020/11/29 3:25 PM,61.7,63.0,49.0,60.5,,,30.11,,,,,,,,,,,,,
Greenhouse,Temp & Humidity Sensor,2020/11/29 3:30 PM,61.1,63.0,48.4,59.9,,,30.11,,,,,,,,,,,,,
Greenhouse,Temp & Humidity Sensor,2020/11/29 3:35 PM,60.8,63.0,48.1,59.5,,,30.11,,,,,,,,,,,,,
Greenhouse,Temp & Humidity Sensor,2020/11/29 3:40 PM,60.4,64.0,48.2,59.1,,,30.11,,,,,,,,,,,,,
Greenhouse,Temp & Humidity Sensor,2020/11/29 3:45 PM,60.2,65.0,48.4,59.0,,,30.1,,,,,,,,,,,,,
Greenhouse,Temp & Humidity Sensor,2020/11/29 3:50 PM,60.2,66.0,48.8,59.0,,,30.1,,,,,,,,,,,,,
Greenhouse,Temp & Humidity Sensor,2020/11/29 3:55 PM,60.2,66.0,48.8,59.0,,,30.1,,,,,,,,,,,,,
Greenhouse,Temp & Humidity Sensor,2020/11/29 4:00 PM,60.2,66.0,48.8,59.0,,,30.1,,,,,,,,,,,,,
Greenhouse,Temp & Humidity Sensor,2020/11/29 4:05 PM,60.2,67.0,49.2,59.1,,,30.09,,,,,,,,,,,,,
Greenhouse,Temp & Humidity Sensor,2020/11/29 4:10 PM,60.0,66.0,48.6,58.8,,,30.09,,,,,,,,,,,,,
Greenhouse,Temp & Humidity Sensor,2020/11/29 4:15 PM,59.9,66.0,48.5,58.7,,,30.09,,,,,,,,,,,,,
Greenhouse,Temp & Humidity Sensor,2020/11/29 4:20 PM,59.5,67.0,48.5,58.3,,,30.09,,,,,,,,,,,,,
Greenhouse,Temp & Humidity Sensor,2020/11/29 4:25 PM,59.3,67.0,48.3,58.1,,,30.09,,,,,,,,,,,,,
Greenhouse,Temp & Humidity Sensor,2020/11/29 4:35 PM,58.8,68.0,48.3,57.6,,,30.09,,,,,,,,,,,,,
Greenhouse,Temp & Humidity Sensor,2020/11/29 4:40 PM,58.6,68.0,48.1,57.4,,,30.08,,,,,,,,,,,,,
Greenhouse,Temp & Humidity Sensor,2020/11/29 4:45 PM,58.4,69.0,48.3,57.2,,,30.09,,,,,,,,,,,,,
Greenhouse,Temp & Humidity Sensor,2020/11/29 4:55 PM,58.1,69.0,48.0,56.9,,,30.08,,,,,,,,,,,,,
Greenhouse,Temp & Humidity Sensor,2020/11/29 5:00 PM,57.9,70.0,48.2,56.7,,,30.08,,,,,,,,,,,,,
Greenhouse,Temp & Humidity Sensor,2020/11/29 5:05 PM,57.9,70.0,48.2,56.7,,,30.07,,,,,,,,,,,,,
Greenhouse,Temp & Humidity Sensor,2020/11/29 5:10 PM,57.7,70.0,48.0,56.5,,,30.07,,,,,,,,,,,,,
Greenhouse,Temp & Humidity Sensor,2020/11/29 5:15 PM,57.7,70.0,48.0,56.5,,,30.07,,,,,,,,,,,,,
Greenhouse,Temp & Humidity Sensor,2020/11/29 5:20 PM,57.5,70.0,47.8,56.2,,,30.07,,,,,,,,,,,,,
Greenhouse,Temp & Humidity Sensor,2020/11/29 5:25 PM,57.5,71.0,48.2,56.3,,,30.06,,,,,,,,,,,,,
Greenhouse,Temp & Humidity Sensor,2020/11/29 5:30 PM,57.3,71.0,48.0,56.1,,,30.06,,,,,,,,,,,,,
Greenhouse,Temp & Humidity Sensor,2020/11/29 5:35 PM,57.3,71.0,48.0,56.1,,,30.06,,,,,,,,,,,,,
Greenhouse,Temp & Humidity Sensor,2020/11/29 5:40 PM,57.3,71.0,48.0,56.1,,,30.06,,,,,,,,,,,,,
Greenhouse,Temp & Humidity Sensor,2020/11/29 5:45 PM,57.3,71.0,48.0,56.1,,,30.06,,,,,,,,,,,,,
Greenhouse,Temp & Humidity Sensor,2020/11/29 5:50 PM,57.2,72.0,48.3,56.0,,,30.07,,,,,,,,,,,,,
Greenhouse,Temp & Humidity Sensor,2020/11/29 5:55 PM,57.0,74.0,48.8,55.9,,,30.06,,,,,,,,,,,,,
Greenhouse,Temp & Humidity Sensor,2020/11/29 6:00 PM,56.6,74.0,48.4,55.4,,,30.06,,,,,,,,,,,,,
Greenhouse,Temp & Humidity Sensor,2020/11/29 6:05 PM,56.4,77.0,49.3,55.4,,,30.06,,,,,,,,,,,,,
Greenhouse,Temp & Humidity Sensor,2020/11/29 6:10 PM,56.6,79.0,50.2,55.7,,,30.06,,,,,,,,,,,,,
Greenhouse,Temp & Humidity Sensor,2020/11/29 6:15 PM,57.2,81.0,51.4,56.4,,,30.06,,,,,,,,,,,,,
Greenhouse,Temp & Humidity Sensor,2020/11/29 6:20 PM,57.2,83.0,52.1,56.5,,,30.06,,,,,,,,,,,,,
Greenhouse,Temp & Humidity Sensor,2020/11/29 6:25 PM,57.0,81.0,51.2,56.2,,,30.06,,,,,,,,,,,,,
Greenhouse,Temp & Humidity Sensor,2020/11/29 6:30 PM,56.8,80.0,50.7,55.9,,,30.06,,,,,,,,,,,,,
Greenhouse,Temp & Humidity Sensor,2020/11/29 6:35 PM,56.8,80.0,50.7,55.9,,,30.06,,,,,,,,,,,,,
Greenhouse,Temp & Humidity Sensor,2020/11/29 6:40 PM,56.8,79.0,50.4,55.9,,,30.06,,,,,,,,,,,,,
Greenhouse,Temp & Humidity Sensor,2020/11/29 6:45 PM,56.6,79.0,50.2,55.7,,,30.06,,,,,,,,,,,,,
Greenhouse,Temp & Humidity Sensor,2020/11/29 6:50 PM,56.6,80.0,50.5,55.7,,,30.05,,,,,,,,,,,,,
Greenhouse,Temp & Humidity Sensor,2020/11/29 6:55 PM,56.3,80.0,50.2,55.4,,,30.05,,,,,,,,,,,,,
Greenhouse,Temp & Humidity Sensor,2020/11/29 7:00 PM,56.4,81.0,50.6,55.5,,,30.05,,,,,,,,,,,,,
Greenhouse,Temp & Humidity Sensor,2020/11/29 7:05 PM,56.4,81.0,50.6,55.5,,,30.05,,,,,,,,,,,,,
Greenhouse,Temp & Humidity Sensor,2020/11/29 7:10 PM,56.4,80.0,50.3,55.5,,,30.05,,,,,,,,,,,,,
Greenhouse,Temp & Humidity Sensor,2020/11/29 7:15 PM,56.1,81.0,50.3,55.2,,,30.04,,,,,,,,,,,,,
Greenhouse,Temp & Humidity Sensor,2020/11/29 7:20 PM,55.7,81.0,50.0,54.8,,,30.04,,,,,,,,,,,,,
Greenhouse,Temp & Humidity Sensor,2020/11/29 7:25 PM,55.5,81.0,49.8,54.6,,,30.04,,,,,,,,,,,,,
Greenhouse,Temp & Humidity Sensor,2020/11/29 7:30 PM,54.8,82.0,49.4,53.8,,,30.04,,,,,,,,,,,,,
Greenhouse,Temp & Humidity Sensor,2020/11/29 7:35 PM,54.6,83.0,49.5,53.7,,,30.03,,,,,,,,,,,,,
Greenhouse,Temp & Humidity Sensor,2020/11/29 7:40 PM,54.5,84.0,49.8,53.6,,,30.03,,,,,,,,,,,,,
Greenhouse,Temp & Humidity Sensor,2020/11/29 7:45 PM,54.3,84.0,49.6,53.4,,,30.03,,,,,,,,,,,,,
Greenhouse,Temp & Humidity Sensor,2020/11/29 7:50 PM,54.5,85.0,50.1,53.6,,,30.03,,,,,,,,,,,,,
Greenhouse,Temp & Humidity Sensor,2020/11/29 7:55 PM,54.5,85.0,50.1,53.6,,,30.03,,,,,,,,,,,,,
Greenhouse,Temp & Humidity Sensor,2020/11/29 8:00 PM,54.5,85.0,50.1,53.6,,,30.03,,,,,,,,,,,,,
Greenhouse,Temp & Humidity Sensor,2020/11/29 8:05 PM,54.8,86.0,50.7,54.0,,,30.03,,,,,,,,,,,,,
Greenhouse,Temp & Humidity Sensor,2020/11/29 8:10 PM,55.2,89.0,52.0,54.6,,,30.03,,,,,,,,,,,,,
Greenhouse,Temp & Humidity Sensor,2020/11/29 8:15 PM,55.5,89.0,52.3,54.9,,,30.03,,,,,,,,,,,,,
Greenhouse,Temp & Humidity Sensor,2020/11/29 8:20 PM,55.5,89.0,52.3,54.9,,,30.02,,,,,,,,,,,,,
Greenhouse,Temp & Humidity Sensor,2020/11/29 8:25 PM,55.7,89.0,52.5,55.2,,,30.02,,,,,,,,,,,,,
Greenhouse,Temp & Humidity Sensor,2020/11/29 8:30 PM,55.5,88.0,52.0,54.9,,,30.01,,,,,,,,,,,,,
Greenhouse,Temp & Humidity Sensor,2020/11/29 8:35 PM,55.4,88.0,51.9,54.8,,,30.01,,,,,,,,,,,,,
Greenhouse,Temp & Humidity Sensor,2020/11/29 8:40 PM,55.2,89.0,52.0,54.6,,,30.01,,,,,,,,,,,,,
Greenhouse,Temp & Humidity Sensor,2020/11/29 8:45 PM,55.2,89.0,52.0,54.6,,,30.0,,,,,,,,,,,,,
Greenhouse,Temp & Humidity Sensor,2020/11/29 8:50 PM,55.2,89.0,52.0,54.6,,,30.0,,,,,,,,,,,,,
Greenhouse,Temp & Humidity Sensor,2020/11/29 8:55 PM,55.2,89.0,52.0,54.6,,,29.99,,,,,,,,,,,,,
Greenhouse,Temp & Humidity Sensor,2020/11/29 9:00 PM,55.2,89.0,52.0,54.6,,,29.99,,,,,,,,,,,,,
Greenhouse,Temp & Humidity Sensor,2020/11/29 9:05 PM,55.0,89.0,51.8,54.4,,,29.99,,,,,,,,,,,,,
Greenhouse,Temp & Humidity Sensor,2020/11/29 9:10 PM,55.0,89.0,51.8,54.4,,,29.99,,,,,,,,,,,,,
Greenhouse,Temp & Humidity Sensor,2020/11/29 9:15 PM,55.2,89.0,52.0,54.6,,,29.99,,,,,,,,,,,,,
Greenhouse,Temp & Humidity Sensor,2020/11/29 9:20 PM,55.2,91.0,52.6,54.7,,,29.99,,,,,,,,,,,,,
Greenhouse,Temp & Humidity Sensor,2020/11/29 9:25 PM,55.4,91.0,52.8,54.9,,,29.99,,,,,,,,,,,,,
Greenhouse,Temp & Humidity Sensor,2020/11/29 9:30 PM,55.5,90.0,52.6,55.0,,,29.98,,,,,,,,,,,,,
Greenhouse,Temp & Humidity Sensor,2020/11/29 9:35 PM,55.5,91.0,52.9,55.0,,,29.98,,,,,,,,,,,,,
Greenhouse,Temp & Humidity Sensor,2020/11/29 9:40 PM,55.5,92.0,53.2,55.1,,,29.98,,,,,,,,,,,,,
Greenhouse,Temp & Humidity Sensor,2020/11/29 9:45 PM,55.5,92.0,53.2,55.1,,,29.98,,,,,,,,,,,,,
Greenhouse,Temp & Humidity Sensor,2020/11/29 9:50 PM,55.5,92.0,53.2,55.1,,,29.98,,,,,,,,,,,,,
Greenhouse,Temp & Humidity Sensor,2020/11/29 9:55 PM,55.5,92.0,53.2,55.1,,,29.97,,,,,,,,,,,,,
Greenhouse,Temp & Humidity Sensor,2020/11/29 10:00 PM,55.5,92.0,53.2,55.1,,,29.97,,,,,,,,,,,,,
Greenhouse,Temp & Humidity Sensor,2020/11/29 10:05 PM,55.7,92.0,53.4,55.3,,,29.97,,,,,,,,,,,,,
Greenhouse,Temp & Humidity Sensor,2020/11/29 10:10 PM,55.7,92.0,53.4,55.3,,,29.96,,,,,,,,,,,,,
Greenhouse,Temp & Humidity Sensor,2020/11/29 10:15 PM,55.7,92.0,53.4,55.3,,,29.96,,,,,,,,,,,,,
Greenhouse,Temp & Humidity Sensor,2020/11/29 10:20 PM,55.9,92.0,53.6,55.5,,,29.95,,,,,,,,,,,,,
Greenhouse,Temp & Humidity Sensor,2020/11/29 10:25 PM,55.9,92.0,53.6,55.5,,,29.95,,,,,,,,,,,,,
Greenhouse,Temp & Humidity Sensor,2020/11/29 10:30 PM,55.9,92.0,53.6,55.5,,,29.94,,,,,,,,,,,,,
Greenhouse,Temp & Humidity Sensor,2020/11/29 10:35 PM,55.9,92.0,53.6,55.5,,,29.93,,,,,,,,,,,,,
Greenhouse,Temp & Humidity Sensor,2020/11/29 10:40 PM,55.9,92.0,53.6,55.5,,,29.94,,,,,,,,,,,,,
Greenhouse,Temp & Humidity Sensor,2020/11/29 10:45 PM,56.1,92.0,53.8,55.7,,,29.92,,,,,,,,,,,,,
Greenhouse,Temp & Humidity Sensor,2020/11/29 10:50 PM,56.1,92.0,53.8,55.7,,,29.92,,,,,,,,,,,,,
Greenhouse,Temp & Humidity Sensor,2020/11/29 10:55 PM,56.1,93.0,54.1,55.8,,,29.92,,,,,,,,,,,,,
Greenhouse,Temp & Humidity Sensor,2020/11/29 11:00 PM,56.1,93.0,54.1,55.8,,,29.92,,,,,,,,,,,,,
Greenhouse,Temp & Humidity Sensor,2020/11/29 11:05 PM,56.1,93.0,54.1,55.8,,,29.91,,,,,,,,,,,,,
Greenhouse,Temp & Humidity Sensor,2020/11/29 11:10 PM,56.1,93.0,54.1,55.8,,,29.9,,,,,,,,,,,,,
Greenhouse,Temp & Humidity Sensor,2020/11/29 11:15 PM,56.3,92.0,54.0,56.0,,,29.9,,,,,,,,,,,,,
Greenhouse,Temp & Humidity Sensor,2020/11/29 11:20 PM,56.3,92.0,54.0,56.0,,,29.89,,,,,,,,,,,,,
Greenhouse,Temp & Humidity Sensor,2020/11/29 11:25 PM,56.3,92.0,54.0,56.0,,,29.88,,,,,,,,,,,,,
Greenhouse,Temp & Humidity Sensor,2020/11/29 11:30 PM,56.3,92.0,54.0,56.0,,,29.87,,,,,,,,,,,,,
Greenhouse,Temp & Humidity Sensor,2020/11/29 11:35 PM,56.4,92.0,54.1,56.1,,,29.87,,,,,,,,,,,,,
Greenhouse,Temp & Humidity Sensor,2020/11/29 11:40 PM,56.4,92.0,54.1,56.1,,,29.86,,,,,,,,,,,,,
Greenhouse,Temp & Humidity Sensor,2020/11/29 11:45 PM,56.6,92.0,54.3,56.3,,,29.85,,,,,,,,,,,,,
Greenhouse,Temp & Humidity Sensor,2020/11/29 11:50 PM,56.6,92.0,54.3,56.3,,,29.84,,,,,,,,,,,,,
Greenhouse,Temp & Humidity Sensor,2020/11/29 11:55 PM,56.8,92.0,54.5,56.5,,,29.84,,,,,,,,,,,,,
Greenhouse,Temp & Humidity Sensor,2020/11/30 12:00 AM,56.8,92.0,54.5,56.5,,,29.83,,,,,,,,,,,,,
Greenhouse,Temp & Humidity Sensor,2020/11/30 12:05 AM,57.0,92.0,54.7,56.7,,,29.82,,,,,,,,,,,,,
Greenhouse,Temp & Humidity Sensor,2020/11/30 12:10 AM,57.2,92.0,54.9,56.9,,,29.81,,,,,,,,,,,,,
Greenhouse,Temp & Humidity Sensor,2020/11/30 12:15 AM,57.3,92.0,55.0,57.1,,,29.81,,,,,,,,,,,,,
Greenhouse,Temp & Humidity Sensor,2020/11/30 12:20 AM,57.5,92.0,55.2,57.3,,,29.8,,,,,,,,,,,,,
Greenhouse,Temp & Humidity Sensor,2020/11/30 12:25 AM,57.9,92.0,55.6,57.7,,,29.8,,,,,,,,,,,,,
Greenhouse,Temp & Humidity Sensor,2020/11/30 12:30 AM,58.2,92.0,55.9,58.0,,,29.8,,,,,,,,,,,,,
Greenhouse,Temp & Humidity Sensor,2020/11/30 12:35 AM,58.4,92.0,56.1,58.3,,,29.8,,,,,,,,,,,,,
Greenhouse,Temp & Humidity Sensor,2020/11/30 12:40 AM,58.8,92.0,56.5,58.7,,,29.79,,,,,,,,,,,,,
Greenhouse,Temp & Humidity Sensor,2020/11/30 12:45 AM,59.0,92.0,56.7,58.9,,,29.78,,,,,,,,,,,,,
Greenhouse,Temp & Humidity Sensor,2020/11/30 12:50 AM,59.7,92.0,57.4,59.7,,,29.78,,,,,,,,,,,,,
Greenhouse,Temp & Humidity Sensor,2020/11/30 12:55 AM,60.2,92.0,57.9,60.2,,,29.77,,,,,,,,,,,,,
Greenhouse,Temp & Humidity Sensor,2020/11/30 1:00 AM,60.9,91.0,58.3,61.0,,,29.77,,,,,,,,,,,,,
Greenhouse,Temp & Humidity Sensor,2020/11/30 1:05 AM,61.5,91.0,58.8,61.6,,,29.76,,,,,,,,,,,,,
Greenhouse,Temp & Humidity Sensor,2020/11/30 1:10 AM,62.0,92.0,59.6,62.2,,,29.76,,,,,,,,,,,,,
Greenhouse,Temp & Humidity Sensor,2020/11/30 1:15 AM,62.2,92.0,59.8,62.4,,,29.75,,,,,,,,,,,,,
Greenhouse,Temp & Humidity Sensor,2020/11/30 1:20 AM,62.6,91.0,59.9,62.8,,,29.75,,,,,,,,,,,,,
Greenhouse,Temp & Humidity Sensor,2020/11/30 1:25 AM,62.9,91.0,60.2,63.2,,,29.75,,,,,,,,,,,,,
Greenhouse,Temp & Humidity Sensor,2020/11/30 1:30 AM,63.3,91.0,60.6,63.6,,,29.74,,,,,,,,,,,,,
Greenhouse,Temp & Humidity Sensor,2020/11/30 1:35 AM,63.5,91.0,60.8,63.8,,,29.74,,,,,,,,,,,,,
Greenhouse,Temp & Humidity Sensor,2020/11/30 1:40 AM,63.6,91.0,60.9,63.9,,,29.74,,,,,,,,,,,,,
Greenhouse,Temp & Humidity Sensor,2020/11/30 1:45 AM,63.6,91.0,60.9,63.9,,,29.74,,,,,,,,,,,,,
Greenhouse,Temp & Humidity Sensor,2020/11/30 1:50 AM,63.8,91.0,61.1,64.2,,,29.73,,,,,,,,,,,,,
Greenhouse,Temp & Humidity Sensor,2020/11/30 1:55 AM,64.0,91.0,61.3,64.4,,,29.73,,,,,,,,,,,,,
Greenhouse,Temp & Humidity Sensor,2020/11/30 2:00 AM,64.4,90.0,61.4,64.8,,,29.73,,,,,,,,,,,,,
Greenhouse,Temp & Humidity Sensor,2020/11/30 2:05 AM,64.5,90.0,61.5,64.9,,,29.74,,,,,,,,,,,,,
Greenhouse,Temp & Humidity Sensor,2020/11/30 2:10 AM,64.5,90.0,61.5,64.9,,,29.74,,,,,,,,,,,,,
Greenhouse,Temp & Humidity Sensor,2020/11/30 2:15 AM,64.5,90.0,61.5,64.9,,,29.74,,,,,,,,,,,,,
Greenhouse,Temp & Humidity Sensor,2020/11/30 2:20 AM,64.7,91.0,62.0,65.1,,,29.73,,,,,,,,,,,,,
Greenhouse,Temp & Humidity Sensor,2020/11/30 2:25 AM,64.5,90.0,61.5,64.9,,,29.73,,,,,,,,,,,,,
Greenhouse,Temp & Humidity Sensor,2020/11/30 2:30 AM,64.7,90.0,61.7,65.1,,,29.72,,,,,,,,,,,,,
Greenhouse,Temp & Humidity Sensor,2020/11/30 2:35 AM,64.7,90.0,61.7,65.1,,,29.71,,,,,,,,,,,,,
Greenhouse,Temp & Humidity Sensor,2020/11/30 2:40 AM,64.7,91.0,62.0,65.1,,,29.71,,,,,,,,,,,,,
Greenhouse,Temp & Humidity Sensor,2020/11/30 2:45 AM,64.9,91.0,62.2,65.4,,,29.71,,,,,,,,,,,,,
Greenhouse,Temp & Humidity Sensor,2020/11/30 2:50 AM,65.1,91.0,62.4,65.6,,,29.7,,,,,,,,,,,,,
Greenhouse,Temp & Humidity Sensor,2020/11/30 2:55 AM,65.1,91.0,62.4,65.6,,,29.69,,,,,,,,,,,,,
Greenhouse,Temp & Humidity Sensor,2020/11/30 3:00 AM,65.1,91.0,62.4,65.6,,,29.69,,,,,,,,,,,,,
Greenhouse,Temp & Humidity Sensor,2020/11/30 3:05 AM,65.1,91.0,62.4,65.6,,,29.68,,,,,,,,,,,,,
Greenhouse,Temp & Humidity Sensor,2020/11/30 3:10 AM,65.1,91.0,62.4,65.6,,,29.68,,,,,,,,,,,,,
Greenhouse,Temp & Humidity Sensor,2020/11/30 3:15 AM,65.3,91.0,62.6,65.8,,,29.68,,,,,,,,,,,,,
Greenhouse,Temp & Humidity Sensor,2020/11/30 3:20 AM,65.3,91.0,62.6,65.8,,,29.68,,,,,,,,,,,,,
Greenhouse,Temp & Humidity Sensor,2020/11/30 3:25 AM,65.3,90.0,62.3,65.8,,,29.67,,,,,,,,,,,,,
Greenhouse,Temp & Humidity Sensor,2020/11/30 3:30 AM,65.3,91.0,62.6,65.8,,,29.67,,,,,,,,,,,,,
Greenhouse,Temp & Humidity Sensor,2020/11/30 3:35 AM,65.4,91.0,62.7,65.9,,,29.67,,,,,,,,,,,,,
Greenhouse,Temp & Humidity Sensor,2020/11/30 3:40 AM,65.6,91.0,62.9,66.1,,,29.67,,,,,,,,,,,,,
Greenhouse,Temp & Humidity Sensor,2020/11/30 3:45 AM,65.6,91.0,62.9,66.1,,,29.66,,,,,,,,,,,,,
Greenhouse,Temp & Humidity Sensor,2020/11/30 3:50 AM,65.6,91.0,62.9,66.1,,,29.66,,,,,,,,,,,,,
Greenhouse,Temp & Humidity Sensor,2020/11/30 3:55 AM,65.6,91.0,62.9,66.1,,,29.66,,,,,,,,,,,,,
Greenhouse,Temp & Humidity Sensor,2020/11/30 4:00 AM,65.6,91.0,62.9,66.1,,,29.65,,,,,,,,,,,,,
Greenhouse,Temp & Humidity Sensor,2020/11/30 4:05 AM,65.8,91.0,63.1,66.4,,,29.65,,,,,,,,,,,,,
Greenhouse,Temp & Humidity Sensor,2020/11/30 4:10 AM,66.3,90.0,63.3,66.9,,,29.64,,,,,,,,,,,,,
Greenhouse,Temp & Humidity Sensor,2020/11/30 4:15 AM,66.3,90.0,63.3,66.9,,,29.64,,,,,,,,,,,,,
Greenhouse,Temp & Humidity Sensor,2020/11/30 4:20 AM,66.3,90.0,63.3,66.9,,,29.63,,,,,,,,,,,,,
Greenhouse,Temp & Humidity Sensor,2020/11/30 4:25 AM,66.5,90.0,63.5,67.1,,,29.63,,,,,,,,,,,,,
Greenhouse,Temp & Humidity Sensor,2020/11/30 4:30 AM,66.5,90.0,63.5,67.1,,,29.62,,,,,,,,,,,,,
Greenhouse,Temp & Humidity Sensor,2020/11/30 4:35 AM,66.7,90.0,63.7,67.3,,,29.62,,,,,,,,,,,,,
Greenhouse,Temp & Humidity Sensor,2020/11/30 4:40 AM,66.7,90.0,63.7,67.3,,,29.62,,,,,,,,,,,,,
Greenhouse,Temp & Humidity Sensor,2020/11/30 4:45 AM,66.7,90.0,63.7,67.3,,,29.61,,,,,,,,,,,,,
Greenhouse,Temp & Humidity Sensor,2020/11/30 4:50 AM,66.7,90.0,63.7,67.3,,,29.61,,,,,,,,,,,,,
Greenhouse,Temp & Humidity Sensor,2020/11/30 4:55 AM,67.2,90.0,64.2,67.8,,,29.61,,,,,,,,,,,,,
Greenhouse,Temp & Humidity Sensor,2020/11/30 5:00 AM,67.4,90.0,64.4,68.1,,,29.6,,,,,,,,,,,,,
Greenhouse,Temp & Humidity Sensor,2020/11/30 5:05 AM,67.4,90.0,64.4,68.1,,,29.6,,,,,,,,,,,,,
Greenhouse,Temp & Humidity Sensor,2020/11/30 5:10 AM,68.0,89.0,64.6,68.7,,,29.6,,,,,,,,,,,,,
Greenhouse,Temp & Humidity Sensor,2020/11/30 5:15 AM,68.0,89.0,64.6,68.7,,,29.6,,,,,,,,,,,,,
Greenhouse,Temp & Humidity Sensor,2020/11/30 5:20 AM,67.6,90.0,64.6,68.3,,,29.6,,,,,,,,,,,,,
Greenhouse,Temp & Humidity Sensor,2020/11/30 5:25 AM,67.6,90.0,64.6,68.3,,,29.61,,,,,,,,,,,,,
Greenhouse,Temp & Humidity Sensor,2020/11/30 5:30 AM,68.1,89.0,64.7,68.8,,,29.61,,,,,,,,,,,,,
Greenhouse,Temp & Humidity Sensor,2020/11/30 5:35 AM,68.3,89.0,64.9,69.0,,,29.59,,,,,,,,,,,,,
Greenhouse,Temp & Humidity Sensor,2020/11/30 5:40 AM,68.3,89.0,64.9,69.0,,,29.6,,,,,,,,,,,,,
Greenhouse,Temp & Humidity Sensor,2020/11/30 5:45 AM,68.3,89.0,64.9,69.0,,,29.59,,,,,,,,,,,,,
Greenhouse,Temp & Humidity Sensor,2020/11/30 5:50 AM,68.3,89.0,64.9,69.0,,,29.59,,,,,,,,,,,,,
Greenhouse,Temp & Humidity Sensor,2020/11/30 5:55 AM,68.3,89.0,64.9,69.0,,,29.59,,,,,,,,,,,,,
Greenhouse,Temp & Humidity Sensor,2020/11/30 6:00 AM,68.1,89.0,64.7,68.8,,,29.58,,,,,,,,,,,,,
Greenhouse,Temp & Humidity Sensor,2020/11/30 6:05 AM,68.1,89.0,64.7,68.8,,,29.58,,,,,,,,,,,,,
Greenhouse,Temp & Humidity Sensor,2020/11/30 6:10 AM,68.3,89.0,64.9,69.0,,,29.57,,,,,,,,,,,,,
Greenhouse,Temp & Humidity Sensor,2020/11/30 6:15 AM,68.1,89.0,64.7,68.8,,,29.57,,,,,,,,,,,,,
Greenhouse,Temp & Humidity Sensor,2020/11/30 6:20 AM,68.3,89.0,64.9,69.0,,,29.56,,,,,,,,,,,,,
Greenhouse,Temp & Humidity Sensor,2020/11/30 6:25 AM,68.5,89.0,65.1,69.2,,,29.56,,,,,,,,,,,,,
Greenhouse,Temp & Humidity Sensor,2020/11/30 6:30 AM,68.3,89.0,64.9,69.0,,,29.56,,,,,,,,,,,,,
Greenhouse,Temp & Humidity Sensor,2020/11/30 6:35 AM,68.5,89.0,65.1,69.2,,,29.56,,,,,,,,,,,,,
Greenhouse,Temp & Humidity Sensor,2020/11/30 6:40 AM,68.7,89.0,65.3,69.5,,,29.56,,,,,,,,,,,,,
Greenhouse,Temp & Humidity Sensor,2020/11/30 6:45 AM,68.7,89.0,65.3,69.5,,,29.56,,,,,,,,,,,,,
Greenhouse,Temp & Humidity Sensor,2020/11/30 6:50 AM,68.5,89.0,65.1,69.2,,,29.55,,,,,,,,,,,,,
Greenhouse,Temp & Humidity Sensor,2020/11/30 6:55 AM,68.7,89.0,65.3,69.5,,,29.55,,,,,,,,,,,,,
Greenhouse,Temp & Humidity Sensor,2020/11/30 7:00 AM,68.9,89.0,65.5,69.7,,,29.55,,,,,,,,,,,,,
Greenhouse,Temp & Humidity Sensor,2020/11/30 7:05 AM,68.9,89.0,65.5,69.7,,,29.55,,,,,,,,,,,,,
Greenhouse,Temp & Humidity Sensor,2020/11/30 7:10 AM,68.9,89.0,65.5,69.7,,,29.55,,,,,,,,,,,,,
Greenhouse,Temp & Humidity Sensor,2020/11/30 7:15 AM,68.9,89.0,65.5,69.7,,,29.55,,,,,,,,,,,,,
Greenhouse,Temp & Humidity Sensor,2020/11/30 7:20 AM,68.9,89.0,65.5,69.7,,,29.55,,,,,,,,,,,,,
Greenhouse,Temp & Humidity Sensor,2020/11/30 7:25 AM,69.2,89.0,65.8,70.0,,,29.54,,,,,,,,,,,,,
Greenhouse,Temp & Humidity Sensor,2020/11/30 7:30 AM,69.2,89.0,65.8,70.0,,,29.55,,,,,,,,,,,,,
Greenhouse,Temp & Humidity Sensor,2020/11/30 7:35 AM,69.0,89.0,65.6,69.8,,,29.54,,,,,,,,,,,,,
Greenhouse,Temp & Humidity Sensor,2020/11/30 7:45 AM,69.2,89.0,65.8,70.0,,,29.54,,,,,,,,,,,,,
Greenhouse,Temp & Humidity Sensor,2020/11/30 7:50 AM,69.2,89.0,65.8,70.0,,,29.54,,,,,,,,,,,,,
Greenhouse,Temp & Humidity Sensor,2020/11/30 7:55 AM,69.4,89.0,66.0,70.2,,,29.54,,,,,,,,,,,,,
Greenhouse,Temp & Humidity Sensor,2020/11/30 8:00 AM,69.2,89.0,65.8,70.0,,,29.54,,,,,,,,,,,,,
Greenhouse,Temp & Humidity Sensor,2020/11/30 8:05 AM,69.4,89.0,66.0,70.2,,,29.53,,,,,,,,,,,,,
Greenhouse,Temp & Humidity Sensor,2020/11/30 8:10 AM,69.4,89.0,66.0,70.2,,,29.54,,,,,,,,,,,,,
Greenhouse,Temp & Humidity Sensor,2020/11/30 8:15 AM,69.4,89.0,66.0,70.2,,,29.53,,,,,,,,,,,,,
Greenhouse,Temp & Humidity Sensor,2020/11/30 8:20 AM,69.4,89.0,66.0,70.2,,,29.53,,,,,,,,,,,,,
Greenhouse,Temp & Humidity Sensor,2020/11/30 8:25 AM,69.4,89.0,66.0,70.2,,,29.53,,,,,,,,,,,,,
Greenhouse,Temp & Humidity Sensor,2020/11/30 8:30 AM,69.2,89.0,65.8,70.0,,,29.53,,,,,,,,,,,,,
Greenhouse,Temp & Humidity Sensor,2020/11/30 8:35 AM,69.8,89.0,66.4,70.7,,,29.52,,,,,,,,,,,,,
Greenhouse,Temp & Humidity Sensor,2020/11/30 8:40 AM,69.8,89.0,66.4,70.7,,,29.52,,,,,,,,,,,,,
Greenhouse,Temp & Humidity Sensor,2020/11/30 8:45 AM,69.8,89.0,66.4,70.7,,,29.52,,,,,,,,,,,,,
Greenhouse,Temp & Humidity Sensor,2020/11/30 8:50 AM,69.8,89.0,66.4,70.7,,,29.52,,,,,,,,,,,,,
Greenhouse,Temp & Humidity Sensor,2020/11/30 8:55 AM,70.1,89.0,66.7,71.0,,,29.52,,,,,,,,,,,,,
Greenhouse,Temp & Humidity Sensor,2020/11/30 9:00 AM,70.3,89.0,66.9,71.2,,,29.52,,,,,,,,,,,,,
Greenhouse,Temp & Humidity Sensor,2020/11/30 9:05 AM,70.1,88.0,66.4,70.9,,,29.52,,,,,,,,,,,,,
Greenhouse,Temp & Humidity Sensor,2020/11/30 9:10 AM,70.3,88.0,66.6,71.2,,,29.51,,,,,,,,,,,,,
Greenhouse,Temp & Humidity Sensor,2020/11/30 9:15 AM,69.9,88.0,66.2,70.7,,,29.51,,,,,,,,,,,,,
Greenhouse,Temp & Humidity Sensor,2020/11/30 9:20 AM,69.9,88.0,66.2,70.7,,,29.52,,,,,,,,,,,,,
Greenhouse,Temp & Humidity Sensor,2020/11/30 9:25 AM,69.4,88.0,65.7,70.2,,,29.51,,,,,,,,,,,,,
Greenhouse,Temp & Humidity Sensor,2020/11/30 9:30 AM,69.8,87.0,65.7,70.6,,,29.51,,,,,,,,,,,,,
Greenhouse,Temp & Humidity Sensor,2020/11/30 9:35 AM,69.8,88.0,66.1,70.6,,,29.5,,,,,,,,,,,,,
Greenhouse,Temp & Humidity Sensor,2020/11/30 9:40 AM,69.8,88.0,66.1,70.6,,,29.5,,,,,,,,,,,,,
Greenhouse,Temp & Humidity Sensor,2020/11/30 9:45 AM,70.1,87.0,66.0,70.9,,,29.5,,,,,,,,,,,,,
Greenhouse,Temp & Humidity Sensor,2020/11/30 9:50 AM,70.1,87.0,66.0,70.9,,,29.5,,,,,,,,,,,,,
Greenhouse,Temp & Humidity Sensor,2020/11/30 9:55 AM,69.9,87.0,65.8,70.7,,,29.49,,,,,,,,,,,,,
Greenhouse,Temp & Humidity Sensor,2020/11/30 10:00 AM,69.8,87.0,65.7,70.6,,,29.5,,,,,,,,,,,,,
Greenhouse,Temp & Humidity Sensor,2020/11/30 10:05 AM,69.4,88.0,65.7,70.2,,,29.49,,,,,,,,,,,,,
Greenhouse,Temp & Humidity Sensor,2020/11/30 10:10 AM,70.1,88.0,66.4,70.9,,,29.49,,,,,,,,,,,,,
Greenhouse,Temp & Humidity Sensor,2020/11/30 10:15 AM,70.3,87.0,66.2,71.1,,,29.49,,,,,,,,,,,,,
Greenhouse,Temp & Humidity Sensor,2020/11/30 10:20 AM,70.7,87.0,66.6,71.6,,,29.49,,,,,,,,,,,,,
Greenhouse,Temp & Humidity Sensor,2020/11/30 10:50 AM,71.9,84.0,66.8,72.7,,,29.48,,,,,,,,,,,,,
Greenhouse,Temp & Humidity Sensor,2020/11/30 10:55 AM,71.2,85.0,66.5,72.0,,,29.48,,,,,,,,,,,,,
Greenhouse,Temp & Humidity Sensor,2020/11/30 11:00 AM,69.0,87.0,65.0,69.7,,,29.49,,,,,,,,,,,,,
Greenhouse,Temp & Humidity Sensor,2020/11/30 11:05 AM,67.6,89.0,64.2,68.2,,,29.49,,,,,,,,,,,,,
Greenhouse,Temp & Humidity Sensor,2020/11/30 11:10 AM,67.4,89.0,64.0,68.0,,,29.49,,,,,,,,,,,,,
Greenhouse,Temp & Humidity Sensor,2020/11/30 11:15 AM,67.4,89.0,64.0,68.0,,,29.49,,,,,,,,,,,,,
Greenhouse,Temp & Humidity Sensor,2020/11/30 11:20 AM,67.1,89.0,63.7,67.7,,,29.48,,,,,,,,,,,,,
Greenhouse,Temp & Humidity Sensor,2020/11/30 11:25 AM,67.2,89.0,63.8,67.8,,,29.48,,,,,,,,,,,,,
Greenhouse,Temp & Humidity Sensor,2020/11/30 11:30 AM,68.3,88.0,64.6,69.0,,,29.48,,,,,,,,,,,,,
Greenhouse,Temp & Humidity Sensor,2020/11/30 11:35 AM,70.3,87.0,66.2,71.1,,,29.48,,,,,,,,,,,,,
Greenhouse,Temp & Humidity Sensor,2020/11/30 11:40 AM,71.2,84.0,66.1,72.0,,,29.48,,,,,,,,,,,,,
Greenhouse,Temp & Humidity Sensor,2020/11/30 11:45 AM,71.2,77.0,63.6,71.6,,,29.47,,,,,,,,,,,,,
Greenhouse,Temp & Humidity Sensor,2020/11/30 11:50 AM,68.9,79.0,62.1,69.2,,,29.47,,,,,,,,,,,,,
Greenhouse,Temp & Humidity Sensor,2020/11/30 11:55 AM,68.3,81.0,62.2,68.6,,,29.48,,,,,,,,,,,,,
Greenhouse,Temp & Humidity Sensor,2020/11/30 12:00 PM,67.2,76.0,59.4,67.2,,,29.48,,,,,,,,,,,,,
Greenhouse,Temp & Humidity Sensor,2020/11/30 12:05 PM,68.3,76.0,60.4,68.4,,,29.49,,,,,,,,,,,,,
Greenhouse,Temp & Humidity Sensor,2020/11/30 12:10 PM,66.3,74.0,57.8,66.1,,,29.48,,,,,,,,,,,,,
Greenhouse,Temp & Humidity Sensor,2020/11/30 12:15 PM,66.3,75.0,58.1,66.2,,,29.48,,,,,,,,,,,,,
Greenhouse,Temp & Humidity Sensor,2020/11/30 12:20 PM,66.2,71.0,56.5,65.9,,,29.48,,,,,,,,,,,,,
Greenhouse,Temp & Humidity Sensor,2020/11/30 12:25 PM,66.5,71.0,56.8,66.2,,,29.49,,,,,,,,,,,,,
Greenhouse,Temp & Humidity Sensor,2020/11/30 12:30 PM,68.1,66.0,56.3,67.7,,,29.48,,,,,,,,,,,,,
Greenhouse,Temp & Humidity Sensor,2020/11/30 12:35 PM,69.4,72.0,60.0,69.4,,,29.48,,,,,,,,,,,,,
Greenhouse,Temp & Humidity Sensor,2020/11/30 12:40 PM,68.7,65.0,56.4,68.3,,,29.48,,,,,,,,,,,,,
Greenhouse,Temp & Humidity Sensor,2020/11/30 12:45 PM,66.5,69.0,56.0,66.1,,,29.48,,,,,,,,,,,,,
Greenhouse,Temp & Humidity Sensor,2020/11/30 12:50 PM,68.1,71.0,58.3,67.9,,,29.48,,,,,,,,,,,,,
Greenhouse,Temp & Humidity Sensor,2020/11/30 12:55 PM,67.4,65.0,55.2,66.9,,,29.49,,,,,,,,,,,,,
Greenhouse,Temp & Humidity Sensor,2020/11/30 1:00 PM,66.3,66.0,54.6,65.7,,,29.49,,,,,,,,,,,,,
Greenhouse,Temp & Humidity Sensor,2020/11/30 1:05 PM,66.5,67.0,55.2,66.0,,,29.49,,,,,,,,,,,,,
Greenhouse,Temp & Humidity Sensor,2020/11/30 1:10 PM,66.7,67.0,55.4,66.2,,,29.49,,,,,,,,,,,,,
Greenhouse,Temp & Humidity Sensor,2020/11/30 1:25 PM,64.9,67.0,53.7,64.2,,,29.5,,,,,,,,,,,,,
Greenhouse,Temp & Humidity Sensor,2020/11/30 1:30 PM,64.7,67.0,53.5,64.0,,,29.5,,,,,,,,,,,,,
Greenhouse,Temp & Humidity Sensor,2020/11/30 1:35 PM,64.9,70.0,54.9,64.4,,,29.5,,,,,,,,,,,,,
Greenhouse,Temp & Humidity Sensor,2020/11/30 1:40 PM,64.0,71.0,54.4,63.4,,,29.5,,,,,,,,,,,,,
Greenhouse,Temp & Humidity Sensor,2020/11/30 1:45 PM,63.6,73.0,54.8,63.1,,,29.5,,,,,,,,,,,,,
Greenhouse,Temp & Humidity Sensor,2020/11/30 1:50 PM,63.1,71.0,53.5,62.4,,,29.51,,,,,,,,,,,,,
Greenhouse,Temp & Humidity Sensor,2020/11/30 1:55 PM,63.3,75.0,55.2,62.9,,,29.51,,,,,,,,,,,,,
Greenhouse,Temp & Humidity Sensor,2020/11/30 2:00 PM,63.8,72.0,54.6,63.3,,,29.51,,,,,,,,,,,,,
Greenhouse,Temp & Humidity Sensor,2020/11/30 2:05 PM,63.6,71.0,54.0,63.0,,,29.51,,,,,,,,,,,,,
Greenhouse,Temp & Humidity Sensor,2020/11/30 2:10 PM,62.9,71.0,53.3,62.2,,,29.51,,,,,,,,,,,,,
Greenhouse,Temp & Humidity Sensor,2020/11/30 2:15 PM,62.4,73.0,53.6,61.8,,,29.51,,,,,,,,,,,,,
Greenhouse,Temp & Humidity Sensor,2020/11/30 2:20 PM,62.2,72.0,53.1,61.5,,,29.51,,,,,,,,,,,,,
Greenhouse,Temp & Humidity Sensor,2020/11/30 2:25 PM,61.7,74.0,53.3,61.0,,,29.52,,,,,,,,,,,,,
Greenhouse,Temp & Humidity Sensor,2020/11/30 2:30 PM,61.3,74.0,52.9,60.6,,,29.52,,,,,,,,,,,,,
Greenhouse,Temp & Humidity Sensor,2020/11/30 2:35 PM,60.8,74.0,52.5,60.1,,,29.52,,,,,,,,,,,,,
Greenhouse,Temp & Humidity Sensor,2020/11/30 2:40 PM,60.4,74.0,52.1,59.6,,,29.53,,,,,,,,,,,,,
Greenhouse,Temp & Humidity Sensor,2020/11/30 2:45 PM,60.2,76.0,52.6,59.5,,,29.53,,,,,,,,,,,,,
Greenhouse,Temp & Humidity Sensor,2020/11/30 2:50 PM,60.0,77.0,52.8,59.3,,,29.53,,,,,,,,,,,,,
Greenhouse,Temp & Humidity Sensor,2020/11/30 2:55 PM,60.8,77.0,53.5,60.2,,,29.53,,,,,,,,,,,,,
Greenhouse,Temp & Humidity Sensor,2020/11/30 3:00 PM,60.4,76.0,52.8,59.7,,,29.53,,,,,,,,,,,,,
Greenhouse,Temp & Humidity Sensor,2020/11/30 3:05 PM,60.4,77.0,53.2,59.8,,,29.53,,,,,,,,,,,,,
Greenhouse,Temp & Humidity Sensor,2020/11/30 3:10 PM,60.0,75.0,52.1,59.2,,,29.53,,,,,,,,,,,,,
Greenhouse,Temp & Humidity Sensor,2020/11/30 3:15 PM,60.0,78.0,53.1,59.4,,,29.54,,,,,,,,,,,,,
Greenhouse,Temp & Humidity Sensor,2020/11/30 3:20 PM,59.9,76.0,52.3,59.2,,,29.54,,,,,,,,,,,,,
Greenhouse,Temp & Humidity Sensor,2020/11/30 3:25 PM,59.5,77.0,52.3,58.8,,,29.54,,,,,,,,,,,,,
Greenhouse,Temp & Humidity Sensor,2020/11/30 3:30 PM,59.5,78.0,52.6,58.8,,,29.54,,,,,,,,,,,,,
Greenhouse,Temp & Humidity Sensor,2020/11/30 3:35 PM,59.3,77.0,52.1,58.5,,,29.55,,,,,,,,,,,,,
Greenhouse,Temp & Humidity Sensor,2020/11/30 3:40 PM,59.3,78.0,52.4,58.6,,,29.54,,,,,,,,,,,,,
Greenhouse,Temp & Humidity Sensor,2020/11/30 3:45 PM,59.5,79.0,53.0,58.9,,,29.54,,,,,,,,,,,,,
Greenhouse,Temp & Humidity Sensor,2020/11/30 3:50 PM,59.3,77.0,52.1,58.5,,,29.55,,,,,,,,,,,,,
Greenhouse,Temp & Humidity Sensor,2020/11/30 3:55 PM,59.1,78.0,52.2,58.4,,,29.55,,,,,,,,,,,,,
Greenhouse,Temp & Humidity Sensor,2020/11/30 4:00 PM,59.0,77.0,51.8,58.2,,,29.55,,,,,,,,,,,,,
Greenhouse,Temp & Humidity Sensor,2020/11/30 4:05 PM,58.6,78.0,51.8,57.8,,,29.55,,,,,,,,,,,,,
Greenhouse,Temp & Humidity Sensor,2020/11/30 4:10 PM,58.6,78.0,51.8,57.8,,,29.56,,,,,,,,,,,,,
Greenhouse,Temp & Humidity Sensor,2020/11/30 4:15 PM,58.4,78.0,51.6,57.6,,,29.56,,,,,,,,,,,,,
Greenhouse,Temp & Humidity Sensor,2020/11/30 4:20 PM,58.2,78.0,51.4,57.4,,,29.56,,,,,,,,,,,,,
Greenhouse,Temp & Humidity Sensor,2020/11/30 4:25 PM,58.1,79.0,51.6,57.3,,,29.56,,,,,,,,,,,,,
Greenhouse,Temp & Humidity Sensor,2020/11/30 4:30 PM,58.1,78.0,51.3,57.3,,,29.56,,,,,,,,,,,,,
Greenhouse,Temp & Humidity Sensor,2020/11/30 4:35 PM,57.9,78.0,51.1,57.1,,,29.56,,,,,,,,,,,,,
Greenhouse,Temp & Humidity Sensor,2020/11/30 4:40 PM,57.7,76.0,50.2,56.7,,,29.57,,,,,,,,,,,,,
Greenhouse,Temp & Humidity Sensor,2020/11/30 4:45 PM,57.7,78.0,50.9,56.8,,,29.57,,,,,,,,,,,,,
Greenhouse,Temp & Humidity Sensor,2020/11/30 4:50 PM,57.7,79.0,51.2,56.9,,,29.57,,,,,,,,,,,,,
Greenhouse,Temp & Humidity Sensor,2020/11/30 4:55 PM,57.3,79.0,50.8,56.4,,,29.57,,,,,,,,,,,,,
Greenhouse,Temp & Humidity Sensor,2020/11/30 5:00 PM,57.5,79.0,51.0,56.7,,,29.57,,,,,,,,,,,,,
Greenhouse,Temp & Humidity Sensor,2020/11/30 5:05 PM,57.5,80.0,51.4,56.7,,,29.58,,,,,,,,,,,,,
Greenhouse,Temp & Humidity Sensor,2020/11/30 5:10 PM,57.5,81.0,51.7,56.8,,,29.58,,,,,,,,,,,,,
Greenhouse,Temp & Humidity Sensor,2020/11/30 5:15 PM,57.5,81.0,51.7,56.8,,,29.58,,,,,,,,,,,,,
Greenhouse,Temp & Humidity Sensor,2020/11/30 5:20 PM,57.3,79.0,50.8,56.4,,,29.59,,,,,,,,,,,,,
Greenhouse,Temp & Humidity Sensor,2020/11/30 5:25 PM,57.3,79.0,50.8,56.4,,,29.59,,,,,,,,,,,,,
Greenhouse,Temp & Humidity Sensor,2020/11/30 5:30 PM,57.0,79.0,50.6,56.1,,,29.59,,,,,,,,,,,,,
Greenhouse,Temp & Humidity Sensor,2020/11/30 5:35 PM,56.6,79.0,50.2,55.7,,,29.59,,,,,,,,,,,,,
Greenhouse,Temp & Humidity Sensor,2020/11/30 5:40 PM,56.4,78.0,49.6,55.4,,,29.59,,,,,,,,,,,,,
Greenhouse,Temp & Humidity Sensor,2020/11/30 5:45 PM,56.1,79.0,49.7,55.1,,,29.59,,,,,,,,,,,,,
Greenhouse,Temp & Humidity Sensor,2020/11/30 5:50 PM,55.9,79.0,49.5,54.9,,,29.59,,,,,,,,,,,,,
Greenhouse,Temp & Humidity Sensor,2020/11/30 5:55 PM,55.7,79.0,49.3,54.7,,,29.59,,,,,,,,,,,,,
Greenhouse,Temp & Humidity Sensor,2020/11/30 6:00 PM,55.5,79.0,49.1,54.5,,,29.59,,,,,,,,,,,,,
Greenhouse,Temp & Humidity Sensor,2020/11/30 6:05 PM,55.4,78.0,48.7,54.3,,,29.59,,,,,,,,,,,,,
Greenhouse,Temp & Humidity Sensor,2020/11/30 6:10 PM,54.8,80.0,48.7,53.7,,,29.59,,,,,,,,,,,,,
Greenhouse,Temp & Humidity Sensor,2020/11/30 6:15 PM,54.6,81.0,48.9,53.6,,,29.6,,,,,,,,,,,,,
Greenhouse,Temp & Humidity Sensor,2020/11/30 6:20 PM,54.6,82.0,49.2,53.6,,,29.6,,,,,,,,,,,,,
Greenhouse,Temp & Humidity Sensor,2020/11/30 6:25 PM,54.6,81.0,48.9,53.6,,,29.6,,,,,,,,,,,,,
Greenhouse,Temp & Humidity Sensor,2020/11/30 6:30 PM,54.6,81.0,48.9,53.6,,,29.6,,,,,,,,,,,,,
Greenhouse,Temp & Humidity Sensor,2020/11/30 6:35 PM,54.3,82.0,48.9,53.3,,,29.61,,,,,,,,,,,,,
Greenhouse,Temp & Humidity Sensor,2020/11/30 6:40 PM,54.3,82.0,48.9,53.3,,,29.61,,,,,,,,,,,,,
Greenhouse,Temp & Humidity Sensor,2020/11/30 6:45 PM,54.5,81.0,48.8,53.5,,,29.61,,,,,,,,,,,,,
Greenhouse,Temp & Humidity Sensor,2020/11/30 6:50 PM,54.5,81.0,48.8,53.5,,,29.61,,,,,,,,,,,,,
Greenhouse,Temp & Humidity Sensor,2020/11/30 6:55 PM,54.3,81.0,48.6,53.2,,,29.61,,,,,,,,,,,,,
Greenhouse,Temp & Humidity Sensor,2020/11/30 7:00 PM,53.9,81.0,48.2,52.8,,,29.61,,,,,,,,,,,,,
Greenhouse,Temp & Humidity Sensor,2020/11/30 7:05 PM,53.7,80.0,47.7,52.5,,,29.61,,,,,,,,,,,,,
Greenhouse,Temp & Humidity Sensor,2020/11/30 7:10 PM,53.4,82.0,48.0,52.3,,,29.62,,,,,,,,,,,,,
Greenhouse,Temp & Humidity Sensor,2020/11/30 7:15 PM,53.2,82.0,47.8,52.1,,,29.62,,,,,,,,,,,,,
Greenhouse,Temp & Humidity Sensor,2020/11/30 7:20 PM,53.4,82.0,48.0,52.3,,,29.62,,,,,,,,,,,,,
Greenhouse,Temp & Humidity Sensor,2020/11/30 7:25 PM,53.4,82.0,48.0,52.3,,,29.63,,,,,,,,,,,,,
Greenhouse,Temp & Humidity Sensor,2020/11/30 7:30 PM,53.4,83.0,48.4,52.3,,,29.63,,,,,,,,,,,,,
Greenhouse,Temp & Humidity Sensor,2020/11/30 7:35 PM,53.4,83.0,48.4,52.3,,,29.63,,,,,,,,,,,,,
Greenhouse,Temp & Humidity Sensor,2020/11/30 7:40 PM,53.7,83.0,48.7,52.7,,,29.63,,,,,,,,,,,,,
Greenhouse,Temp & Humidity Sensor,2020/11/30 7:45 PM,53.6,83.0,48.6,52.6,,,29.63,,,,,,,,,,,,,
Greenhouse,Temp & Humidity Sensor,2020/11/30 7:50 PM,52.3,70.0,42.8,50.5,,,29.64,,,,,,,,,,,,,
Greenhouse,Temp & Humidity Sensor,2020/11/30 7:55 PM,51.9,67.0,41.3,49.9,,,29.64,,,,,,,,,,,,,
Greenhouse,Temp & Humidity Sensor,2020/11/30 8:00 PM,51.4,67.0,40.8,49.4,,,29.65,,,,,,,,,,,,,
Greenhouse,Temp & Humidity Sensor,2020/11/30 8:05 PM,51.2,65.0,39.8,49.1,,,29.65,,,,,,,,,,,,,
Greenhouse,Temp & Humidity Sensor,2020/11/30 8:10 PM,51.2,66.0,40.2,49.1,,,29.65,,,,,,,,,,,,,
Greenhouse,Temp & Humidity Sensor,2020/11/30 8:15 PM,50.9,65.0,39.6,48.7,,,29.65,,,,,,,,,,,,,
Greenhouse,Temp & Humidity Sensor,2020/11/30 8:20 PM,50.7,66.0,39.8,48.6,,,29.66,,,,,,,,,,,,,
Greenhouse,Temp & Humidity Sensor,2020/11/30 8:25 PM,50.5,66.0,39.6,48.4,,,29.66,,,,,,,,,,,,,
Greenhouse,Temp & Humidity Sensor,2020/11/30 8:30 PM,50.3,64.0,38.6,48.0,,,29.66,,,,,,,,,,,,,
Greenhouse,Temp & Humidity Sensor,2020/11/30 8:35 PM,50.0,64.0,38.3,47.7,,,29.66,,,,,,,,,,,,,
Greenhouse,Temp & Humidity Sensor,2020/11/30 8:40 PM,49.6,65.0,38.3,47.3,,,29.65,,,,,,,,,,,,,
Greenhouse,Temp & Humidity Sensor,2020/11/30 8:45 PM,49.6,64.0,37.9,47.3,,,29.66,,,,,,,,,,,,,
Greenhouse,Temp & Humidity Sensor,2020/11/30 8:50 PM,49.4,66.0,38.5,47.1,,,29.66,,,,,,,,,,,,,
Greenhouse,Temp & Humidity Sensor,2020/11/30 8:55 PM,49.2,65.0,37.9,46.9,,,29.66,,,,,,,,,,,,,
Greenhouse,Temp & Humidity Sensor,2020/11/30 9:00 PM,49.2,64.0,37.5,46.8,,,29.66,,,,,,,,,,,,,
Greenhouse,Temp & Humidity Sensor,2020/11/30 9:05 PM,49.1,64.0,37.5,46.7,,,29.67,,,,,,,,,,,,,
Greenhouse,Temp & Humidity Sensor,2020/11/30 9:10 PM,48.9,64.0,37.3,46.5,,,29.67,,,,,,,,,,,,,
Greenhouse,Temp & Humidity Sensor,2020/11/30 9:15 PM,48.7,66.0,37.9,46.4,,,29.67,,,,,,,,,,,,,
Greenhouse,Temp & Humidity Sensor,2020/11/30 9:20 PM,48.5,64.0,36.9,46.1,,,29.67,,,,,,,,,,,,,
Greenhouse,Temp & Humidity Sensor,2020/11/30 9:25 PM,48.5,64.0,36.9,46.1,,,29.67,,,,,,,,,,,,,
Greenhouse,Temp & Humidity Sensor,2020/11/30 9:30 PM,48.2,64.0,36.6,45.7,,,29.67,,,,,,,,,,,,,
Greenhouse,Temp & Humidity Sensor,2020/11/30 9:35 PM,48.2,63.0,36.2,45.7,,,29.67,,,,,,,,,,,,,
Greenhouse,Temp & Humidity Sensor,2020/11/30 9:40 PM,48.0,64.0,36.4,45.5,,,29.67,,,,,,,,,,,,,
Greenhouse,Temp & Humidity Sensor,2020/11/30 9:45 PM,47.8,63.0,35.8,45.2,,,29.67,,,,,,,,,,,,,
Greenhouse,Temp & Humidity Sensor,2020/11/30 9:50 PM,47.8,63.0,35.8,45.2,,,29.68,,,,,,,,,,,,,
Greenhouse,Temp & Humidity Sensor,2020/11/30 9:55 PM,47.6,63.0,35.6,45.0,,,29.68,,,,,,,,,,,,,
Greenhouse,Temp & Humidity Sensor,2020/11/30 10:00 PM,47.4,65.0,36.2,44.9,,,29.68,,,,,,,,,,,,,
Greenhouse,Temp & Humidity Sensor,2020/11/30 10:05 PM,47.4,67.0,37.0,45.0,,,29.68,,,,,,,,,,,,,
Greenhouse,Temp & Humidity Sensor,2020/11/30 10:10 PM,47.4,67.0,37.0,45.0,,,29.69,,,,,,,,,,,,,
Greenhouse,Temp & Humidity Sensor,2020/11/30 10:15 PM,47.4,68.0,37.4,45.0,,,29.69,,,,,,,,,,,,,
Greenhouse,Temp & Humidity Sensor,2020/11/30 10:20 PM,47.4,69.0,37.7,45.1,,,29.69,,,,,,,,,,,,,
Greenhouse,Temp & Humidity Sensor,2020/11/30 10:25 PM,47.4,70.0,38.1,45.1,,,29.69,,,,,,,,,,,,,
Greenhouse,Temp & Humidity Sensor,2020/11/30 10:30 PM,47.4,70.0,38.1,45.1,,,29.69,,,,,,,,,,,,,
Greenhouse,Temp & Humidity Sensor,2020/11/30 10:35 PM,47.3,70.0,38.0,45.0,,,29.69,,,,,,,,,,,,,
Greenhouse,Temp & Humidity Sensor,2020/11/30 10:40 PM,47.1,70.0,37.8,44.8,,,29.7,,,,,,,,,,,,,
Greenhouse,Temp & Humidity Sensor,2020/11/30 10:45 PM,46.9,70.0,37.6,44.6,,,29.7,,,,,,,,,,,,,
Greenhouse,Temp & Humidity Sensor,2020/11/30 10:50 PM,46.9,70.0,37.6,44.6,,,29.69,,,,,,,,,,,,,
Greenhouse,Temp & Humidity Sensor,2020/11/30 10:55 PM,46.7,69.0,37.1,44.3,,,29.7,,,,,,,,,,,,,
Greenhouse,Temp & Humidity Sensor,2020/11/30 11:00 PM,46.5,67.0,36.1,44.0,,,29.7,,,,,,,,,,,,,
Greenhouse,Temp & Humidity Sensor,2020/11/30 11:05 PM,46.2,70.0,37.0,43.8,,,29.7,,,,,,,,,,,,,
Greenhouse,Temp & Humidity Sensor,2020/11/30 11:10 PM,45.8,69.0,36.2,43.3,,,29.69,,,,,,,,,,,,,
Greenhouse,Temp & Humidity Sensor,2020/11/30 11:15 PM,45.5,70.0,36.3,43.0,,,29.69,,,,,,,,,,,,,
Greenhouse,Temp & Humidity Sensor,2020/11/30 11:20 PM,45.3,71.0,36.5,42.9,,,29.7,,,,,,,,,,,,,
Greenhouse,Temp & Humidity Sensor,2020/11/30 11:25 PM,45.5,71.0,36.7,43.1,,,29.7,,,,,,,,,,,,,
Greenhouse,Temp & Humidity Sensor,2020/11/30 11:30 PM,45.6,72.0,37.1,43.2,,,29.7,,,,,,,,,,,,,
Greenhouse,Temp & Humidity Sensor,2020/11/30 11:35 PM,46.0,72.0,37.5,43.7,,,29.7,,,,,,,,,,,,,
Greenhouse,Temp & Humidity Sensor,2020/11/30 11:40 PM,46.0,72.0,37.5,43.7,,,29.7,,,,,,,,,,,,,
Greenhouse,Temp & Humidity Sensor,2020/11/30 11:45 PM,46.0,69.0,36.4,43.5,,,29.7,,,,,,,,,,,,,
Greenhouse,Temp & Humidity Sensor,2020/11/30 11:50 PM,46.0,69.0,36.4,43.5,,,29.7,,,,,,,,,,,,,
Greenhouse,Temp & Humidity Sensor,2020/11/30 11:55 PM,46.0,67.0,35.7,43.4,,,29.7,,,,,,,,,,,,,
Greenhouse,Temp & Humidity Sensor,2020/12/01 12:00 AM,45.8,67.0,35.5,43.2,,,29.7,,,,,,,,,,,,,
Greenhouse,Temp & Humidity Sensor,2020/12/01 12:05 AM,45.6,67.0,35.3,43.0,,,29.7,,,,,,,,,,,,,
Greenhouse,Temp & Humidity Sensor,2020/12/01 12:10 AM,45.5,68.0,35.6,42.9,,,29.7,,,,,,,,,,,,,
Greenhouse,Temp & Humidity Sensor,2020/12/01 12:15 AM,45.5,67.0,35.2,42.9,,,29.7,,,,,,,,,,,,,
Greenhouse,Temp & Humidity Sensor,2020/12/01 12:20 AM,45.3,68.0,35.4,42.7,,,29.7,,,,,,,,,,,,,
Greenhouse,Temp & Humidity Sensor,2020/12/01 12:25 AM,45.1,69.0,35.5,42.6,,,29.7,,,,,,,,,,,,,
Greenhouse,Temp & Humidity Sensor,2020/12/01 12:30 AM,44.9,69.0,35.4,42.3,,,29.7,,,,,,,,,,,,,
Greenhouse,Temp & Humidity Sensor,2020/12/01 12:35 AM,44.7,70.0,35.5,42.2,,,29.7,,,,,,,,,,,,,
Greenhouse,Temp & Humidity Sensor,2020/12/01 12:40 AM,44.6,70.0,35.4,42.0,,,29.7,,,,,,,,,,,,,
Greenhouse,Temp & Humidity Sensor,2020/12/01 12:45 AM,44.6,69.0,35.1,42.0,,,29.7,,,,,,,,,,,,,
Greenhouse,Temp & Humidity Sensor,2020/12/01 12:50 AM,44.4,71.0,35.6,41.9,,,29.7,,,,,,,,,,,,,
Greenhouse,Temp & Humidity Sensor,2020/12/01 12:55 AM,44.4,70.0,35.2,41.8,,,29.7,,,,,,,,,,,,,
Greenhouse,Temp & Humidity Sensor,2020/12/01 1:00 AM,44.4,71.0,35.6,41.9,,,29.7,,,,,,,,,,,,,
Greenhouse,Temp & Humidity Sensor,2020/12/01 1:05 AM,44.6,71.0,35.8,42.1,,,29.7,,,,,,,,,,,,,
Greenhouse,Temp & Humidity Sensor,2020/12/01 1:10 AM,44.6,71.0,35.8,42.1,,,29.7,,,,,,,,,,,,,
Greenhouse,Temp & Humidity Sensor,2020/12/01 1:15 AM,44.6,69.0,35.1,42.0,,,29.7,,,,,,,,,,,,,
Greenhouse,Temp & Humidity Sensor,2020/12/01 1:20 AM,44.6,69.0,35.1,42.0,,,29.7,,,,,,,,,,,,,
Greenhouse,Temp & Humidity Sensor,2020/12/01 1:25 AM,44.6,69.0,35.1,42.0,,,29.71,,,,,,,,,,,,,
Greenhouse,Temp & Humidity Sensor,2020/12/01 1:30 AM,44.6,69.0,35.1,42.0,,,29.71,,,,,,,,,,,,,
Greenhouse,Temp & Humidity Sensor,2020/12/01 1:35 AM,44.4,70.0,35.2,41.8,,,29.71,,,,,,,,,,,,,
Greenhouse,Temp & Humidity Sensor,2020/12/01 1:40 AM,44.2,71.0,35.4,41.7,,,29.71,,,,,,,,,,,,,
Greenhouse,Temp & Humidity Sensor,2020/12/01 1:45 AM,43.8,71.0,35.0,41.2,,,29.72,,,,,,,,,,,,,
Greenhouse,Temp & Humidity Sensor,2020/12/01 1:50 AM,43.8,71.0,35.0,41.2,,,29.72,,,,,,,,,,,,,
Greenhouse,Temp & Humidity Sensor,2020/12/01 1:55 AM,43.7,71.0,34.9,41.1,,,29.72,,,,,,,,,,,,,
Greenhouse,Temp & Humidity Sensor,2020/12/01 2:00 AM,43.8,72.0,35.4,41.3,,,29.72,,,,,,,,,,,,,
Greenhouse,Temp & Humidity Sensor,2020/12/01 2:05 AM,44.0,69.0,34.5,41.3,,,29.72,,,,,,,,,,,,,
Greenhouse,Temp & Humidity Sensor,2020/12/01 2:10 AM,43.8,70.0,34.7,41.2,,,29.72,,,,,,,,,,,,,
Greenhouse,Temp & Humidity Sensor,2020/12/01 2:15 AM,43.7,71.0,34.9,41.1,,,29.73,,,,,,,,,,,,,
Greenhouse,Temp & Humidity Sensor,2020/12/01 2:20 AM,43.7,71.0,34.9,41.1,,,29.73,,,,,,,,,,,,,
Greenhouse,Temp & Humidity Sensor,2020/12/01 2:25 AM,43.7,71.0,34.9,41.1,,,29.73,,,,,,,,,,,,,
Greenhouse,Temp & Humidity Sensor,2020/12/01 2:30 AM,43.8,70.0,34.7,41.2,,,29.73,,,,,,,,,,,,,
Greenhouse,Temp & Humidity Sensor,2020/12/01 2:35 AM,43.7,70.0,34.6,41.1,,,29.73,,,,,,,,,,,,,
Greenhouse,Temp & Humidity Sensor,2020/12/01 2:40 AM,43.7,70.0,34.6,41.1,,,29.73,,,,,,,,,,,,,
Greenhouse,Temp & Humidity Sensor,2020/12/01 2:45 AM,43.8,69.0,34.3,41.1,,,29.73,,,,,,,,,,,,,
Greenhouse,Temp & Humidity Sensor,2020/12/01 2:50 AM,43.8,70.0,34.7,41.2,,,29.74,,,,,,,,,,,,,
Greenhouse,Temp & Humidity Sensor,2020/12/01 2:55 AM,43.8,70.0,34.7,41.2,,,29.74,,,,,,,,,,,,,
Greenhouse,Temp & Humidity Sensor,2020/12/01 3:00 AM,43.7,71.0,34.9,41.1,,,29.74,,,,,,,,,,,,,
Greenhouse,Temp & Humidity Sensor,2020/12/01 3:05 AM,43.3,69.0,33.8,40.6,,,29.74,,,,,,,,,,,,,
Greenhouse,Temp & Humidity Sensor,2020/12/01 3:10 AM,42.6,72.0,34.2,39.9,,,29.74,,,,,,,,,,,,,
Greenhouse,Temp & Humidity Sensor,2020/12/01 3:15 AM,42.6,74.0,34.9,40.0,,,29.74,,,,,,,,,,,,,
Greenhouse,Temp & Humidity Sensor,2020/12/01 3:20 AM,42.6,74.0,34.9,40.0,,,29.74,,,,,,,,,,,,,
Greenhouse,Temp & Humidity Sensor,2020/12/01 3:25 AM,42.8,74.0,35.1,40.3,,,29.74,,,,,,,,,,,,,
Greenhouse,Temp & Humidity Sensor,2020/12/01 3:30 AM,42.8,74.0,35.1,40.3,,,29.74,,,,,,,,,,,,,
Greenhouse,Temp & Humidity Sensor,2020/12/01 3:35 AM,42.8,75.0,35.4,40.3,,,29.74,,,,,,,,,,,,,
Greenhouse,Temp & Humidity Sensor,2020/12/01 3:40 AM,42.8,75.0,35.4,40.3,,,29.75,,,,,,,,,,,,,
Greenhouse,Temp & Humidity Sensor,2020/12/01 3:45 AM,42.6,75.0,35.2,40.1,,,29.75,,,,,,,,,,,,,
Greenhouse,Temp & Humidity Sensor,2020/12/01 3:50 AM,42.4,76.0,35.4,39.9,,,29.75,,,,,,,,,,,,,
Greenhouse,Temp & Humidity Sensor,2020/12/01 3:55 AM,42.6,75.0,35.2,40.1,,,29.75,,,,,,,,,,,,,
Greenhouse,Temp & Humidity Sensor,2020/12/01 4:00 AM,42.8,75.0,35.4,40.3,,,29.75,,,,,,,,,,,,,
Greenhouse,Temp & Humidity Sensor,2020/12/01 4:05 AM,42.8,75.0,35.4,40.3,,,29.75,,,,,,,,,,,,,
Greenhouse,Temp & Humidity Sensor,2020/12/01 4:10 AM,42.8,73.0,34.8,40.2,,,29.76,,,,,,,,,,,,,
Greenhouse,Temp & Humidity Sensor,2020/12/01 4:15 AM,42.6,74.0,34.9,40.0,,,29.76,,,,,,,,,,,,,
Greenhouse,Temp & Humidity Sensor,2020/12/01 4:20 AM,42.8,72.0,34.4,40.2,,,29.76,,,,,,,,,,,,,
Greenhouse,Temp & Humidity Sensor,2020/12/01 4:25 AM,42.6,72.0,34.2,39.9,,,29.76,,,,,,,,,,,,,
Greenhouse,Temp & Humidity Sensor,2020/12/01 4:30 AM,42.6,72.0,34.2,39.9,,,29.76,,,,,,,,,,,,,
Greenhouse,Temp & Humidity Sensor,2020/12/01 4:35 AM,42.4,71.0,33.7,39.7,,,29.76,,,,,,,,,,,,,
Greenhouse,Temp & Humidity Sensor,2020/12/01 4:40 AM,42.2,72.0,33.8,39.5,,,29.76,,,,,,,,,,,,,
Greenhouse,Temp & Humidity Sensor,2020/12/01 4:45 AM,42.0,72.0,33.6,39.3,,,29.76,,,,,,,,,,,,,
Greenhouse,Temp & Humidity Sensor,2020/12/01 4:50 AM,42.0,72.0,33.6,39.3,,,29.77,,,,,,,,,,,,,
Greenhouse,Temp & Humidity Sensor,2020/12/01 4:55 AM,41.9,72.0,33.5,39.2,,,29.77,,,,,,,,,,,,,
Greenhouse,Temp & Humidity Sensor,2020/12/01 5:00 AM,41.9,71.0,33.2,39.1,,,29.77,,,,,,,,,,,,,
Greenhouse,Temp & Humidity Sensor,2020/12/01 5:05 AM,41.7,72.0,33.4,39.0,,,29.77,,,,,,,,,,,,,
Greenhouse,Temp & Humidity Sensor,2020/12/01 5:10 AM,41.5,72.0,33.2,38.7,,,29.77,,,,,,,,,,,,,
Greenhouse,Temp & Humidity Sensor,2020/12/01 5:15 AM,41.5,73.0,33.5,38.8,,,29.78,,,,,,,,,,,,,
Greenhouse,Temp & Humidity Sensor,2020/12/01 5:20 AM,41.3,73.0,33.3,38.6,,,29.78,,,,,,,,,,,,,
Greenhouse,Temp & Humidity Sensor,2020/12/01 5:25 AM,41.1,73.0,33.1,38.3,,,29.79,,,,,,,,,,,,,
Greenhouse,Temp & Humidity Sensor,2020/12/01 5:30 AM,41.0,73.0,33.0,38.2,,,29.79,,,,,,,,,,,,,
Greenhouse,Temp & Humidity Sensor,2020/12/01 5:35 AM,40.4,74.0,32.8,37.6,,,29.79,,,,,,,,,,,,,
Greenhouse,Temp & Humidity Sensor,2020/12/01 5:40 AM,40.1,74.0,32.5,37.3,,,29.79,,,,,,,,,,,,,
Greenhouse,Temp & Humidity Sensor,2020/12/01 5:45 AM,39.7,74.0,32.1,39.7,,,29.8,,,,,,,,,,,,,
Greenhouse,Temp & Humidity Sensor,2020/12/01 5:50 AM,39.5,75.0,32.2,39.5,,,29.8,,,,,,,,,,,,,
Greenhouse,Temp & Humidity Sensor,2020/12/01 5:55 AM,39.5,75.0,32.2,39.5,,,29.8,,,,,,,,,,,,,
Greenhouse,Temp & Humidity Sensor,2020/12/01 6:00 AM,39.7,75.0,32.4,39.7,,,29.8,,,,,,,,,,,,,
Greenhouse,Temp & Humidity Sensor,2020/12/01 6:05 AM,39.9,75.0,32.6,39.9,,,29.81,,,,,,,,,,,,,
Greenhouse,Temp & Humidity Sensor,2020/12/01 6:10 AM,40.1,73.0,32.2,37.2,,,29.81,,,,,,,,,,,,,
Greenhouse,Temp & Humidity Sensor,2020/12/01 6:15 AM,39.9,73.0,32.0,39.9,,,29.81,,,,,,,,,,,,,
Greenhouse,Temp & Humidity Sensor,2020/12/01 6:20 AM,39.3,73.0,31.4,39.3,,,29.81,,,,,,,,,,,,,
Greenhouse,Temp & Humidity Sensor,2020/12/01 6:25 AM,39.2,73.0,31.3,39.2,,,29.82,,,,,,,,,,,,,
Greenhouse,Temp & Humidity Sensor,2020/12/01 6:30 AM,38.8,74.0,31.2,38.8,,,29.82,,,,,,,,,,,,,
Greenhouse,Temp & Humidity Sensor,2020/12/01 6:35 AM,38.6,73.0,30.7,38.6,,,29.82,,,,,,,,,,,,,
Greenhouse,Temp & Humidity Sensor,2020/12/01 6:40 AM,38.3,74.0,30.8,38.3,,,29.83,,,,,,,,,,,,,
Greenhouse,Temp & Humidity Sensor,2020/12/01 6:45 AM,37.9,74.0,30.4,37.9,,,29.83,,,,,,,,,,,,,
Greenhouse,Temp & Humidity Sensor,2020/12/01 6:50 AM,37.9,72.0,29.7,37.9,,,29.83,,,,,,,,,,,,,
Greenhouse,Temp & Humidity Sensor,2020/12/01 6:55 AM,37.7,72.0,29.5,37.7,,,29.83,,,,,,,,,,,,,
Greenhouse,Temp & Humidity Sensor,2020/12/01 7:00 AM,37.4,73.0,29.5,37.4,,,29.84,,,,,,,,,,,,,
Greenhouse,Temp & Humidity Sensor,2020/12/01 7:05 AM,37.0,74.0,29.5,37.0,,,29.84,,,,,,,,,,,,,
Greenhouse,Temp & Humidity Sensor,2020/12/01 7:10 AM,37.0,74.0,29.5,37.0,,,29.84,,,,,,,,,,,,,
Greenhouse,Temp & Humidity Sensor,2020/12/01 7:15 AM,36.8,75.0,29.6,36.8,,,29.85,,,,,,,,,,,,,
Greenhouse,Temp & Humidity Sensor,2020/12/01 7:20 AM,36.8,75.0,29.6,36.8,,,29.85,,,,,,,,,,,,,
Greenhouse,Temp & Humidity Sensor,2020/12/01 7:25 AM,36.6,75.0,29.4,36.6,,,29.85,,,,,,,,,,,,,
Greenhouse,Temp & Humidity Sensor,2020/12/01 7:30 AM,36.8,74.0,29.3,36.8,,,29.85,,,,,,,,,,,,,
Greenhouse,Temp & Humidity Sensor,2020/12/01 7:35 AM,37.0,74.0,29.5,37.0,,,29.86,,,,,,,,,,,,,
Greenhouse,Temp & Humidity Sensor,2020/12/01 7:40 AM,37.0,74.0,29.5,37.0,,,29.86,,,,,,,,,,,,,
Greenhouse,Temp & Humidity Sensor,2020/12/01 7:45 AM,37.2,73.0,29.4,37.2,,,29.86,,,,,,,,,,,,,
Greenhouse,Temp & Humidity Sensor,2020/12/01 7:50 AM,37.4,71.0,28.9,37.4,,,29.87,,,,,,,,,,,,,
Greenhouse,Temp & Humidity Sensor,2020/12/01 7:55 AM,37.4,69.0,28.2,37.4,,,29.87,,,,,,,,,,,,,
Greenhouse,Temp & Humidity Sensor,2020/12/01 8:00 AM,37.7,68.0,28.1,37.7,,,29.87,,,,,,,,,,,,,
Greenhouse,Temp & Humidity Sensor,2020/12/01 8:05 AM,37.9,69.0,28.7,37.9,,,29.87,,,,,,,,,,,,,
Greenhouse,Temp & Humidity Sensor,2020/12/01 8:10 AM,38.1,69.0,28.8,38.1,,,29.87,,,,,,,,,,,,,
Greenhouse,Temp & Humidity Sensor,2020/12/01 8:15 AM,38.3,68.0,28.7,38.3,,,29.88,,,,,,,,,,,,,
Greenhouse,Temp & Humidity Sensor,2020/12/01 8:20 AM,38.4,69.0,29.1,38.4,,,29.88,,,,,,,,,,,,,
Greenhouse,Temp & Humidity Sensor,2020/12/01 8:25 AM,38.6,66.0,28.2,38.6,,,29.88,,,,,,,,,,,,,
Greenhouse,Temp & Humidity Sensor,2020/12/01 8:30 AM,39.0,64.0,27.9,39.0,,,29.88,,,,,,,,,,,,,
Greenhouse,Temp & Humidity Sensor,2020/12/01 8:35 AM,39.2,63.0,27.7,39.2,,,29.89,,,,,,,,,,,,,
Greenhouse,Temp & Humidity Sensor,2020/12/01 8:40 AM,39.5,63.0,28.0,39.5,,,29.89,,,,,,,,,,,,,
Greenhouse,Temp & Humidity Sensor,2020/12/01 8:45 AM,40.8,63.0,29.2,37.5,,,29.89,,,,,,,,,,,,,
Greenhouse,Temp & Humidity Sensor,2020/12/01 8:50 AM,41.5,61.0,29.1,38.2,,,29.9,,,,,,,,,,,,,
Greenhouse,Temp & Humidity Sensor,2020/12/01 8:55 AM,42.4,60.0,29.5,39.2,,,29.9,,,,,,,,,,,,,
Greenhouse,Temp & Humidity Sensor,2020/12/01 9:00 AM,41.0,60.0,28.2,37.6,,,29.9,,,,,,,,,,,,,
Greenhouse,Temp & Humidity Sensor,2020/12/01 9:05 AM,40.2,60.0,27.4,36.7,,,29.9,,,,,,,,,,,,,
Greenhouse,Temp & Humidity Sensor,2020/12/01 9:10 AM,40.2,59.0,27.0,36.7,,,29.9,,,,,,,,,,,,,
Greenhouse,Temp & Humidity Sensor,2020/12/01 9:15 AM,40.4,59.0,27.2,36.9,,,29.9,,,,,,,,,,,,,
Greenhouse,Temp & Humidity Sensor,2020/12/01 9:20 AM,41.1,57.0,27.0,37.6,,,29.91,,,,,,,,,,,,,
Greenhouse,Temp & Humidity Sensor,2020/12/01 9:25 AM,41.5,57.0,27.4,38.0,,,29.91,,,,,,,,,,,,,
Greenhouse,Temp & Humidity Sensor,2020/12/01 9:30 AM,42.2,55.0,27.2,38.7,,,29.91,,,,,,,,,,,,,
Greenhouse,Temp & Humidity Sensor,2020/12/01 9:35 AM,42.6,55.0,27.6,39.1,,,29.92,,,,,,,,,,,,,
Greenhouse,Temp & Humidity Sensor,2020/12/01 9:40 AM,41.9,56.0,27.4,38.4,,,29.92,,,,,,,,,,,,,
Greenhouse,Temp & Humidity Sensor,2020/12/01 9:45 AM,41.3,56.0,26.8,37.8,,,29.92,,,,,,,,,,,,,
Greenhouse,Temp & Humidity Sensor,2020/12/01 9:50 AM,41.3,55.0,26.4,37.7,,,29.92,,,,,,,,,,,,,
Greenhouse,Temp & Humidity Sensor,2020/12/01 9:55 AM,43.3,55.0,28.2,39.9,,,29.92,,,,,,,,,,,,,
Greenhouse,Temp & Humidity Sensor,2020/12/01 10:00 AM,44.4,54.0,28.8,41.1,,,29.92,,,,,,,,,,,,,
Greenhouse,Temp & Humidity Sensor,2020/12/01 10:05 AM,43.7,52.0,27.2,40.2,,,29.93,,,,,,,,,,,,,
Greenhouse,Temp & Humidity Sensor,2020/12/01 10:10 AM,43.1,52.0,26.7,39.6,,,29.93,,,,,,,,,,,,,
Greenhouse,Temp & Humidity Sensor,2020/12/01 10:15 AM,42.8,52.0,26.4,39.2,,,29.93,,,,,,,,,,,,,
Greenhouse,Temp & Humidity Sensor,2020/12/01 10:20 AM,42.8,52.0,26.4,39.2,,,29.93,,,,,,,,,,,,,
Greenhouse,Temp & Humidity Sensor,2020/12/01 10:25 AM,44.4,52.0,27.9,41.0,,,29.93,,,,,,,,,,,,,
Greenhouse,Temp & Humidity Sensor,2020/12/01 10:35 AM,43.5,51.0,26.6,39.9,,,29.93,,,,,,,,,,,,,
Greenhouse,Temp & Humidity Sensor,2020/12/01 10:40 AM,43.3,51.0,26.4,39.7,,,29.93,,,,,,,,,,,,,
Greenhouse,Temp & Humidity Sensor,2020/12/01 10:45 AM,43.8,52.0,27.3,40.3,,,29.93,,,,,,,,,,,,,
Greenhouse,Temp & Humidity Sensor,2020/12/01 10:50 AM,44.4,52.0,27.9,41.0,,,29.93,,,,,,,,,,,,,
Greenhouse,Temp & Humidity Sensor,2020/12/01 10:55 AM,44.4,52.0,27.9,41.0,,,29.93,,,,,,,,,,,,,
Greenhouse,Temp & Humidity Sensor,2020/12/01 11:00 AM,43.7,51.0,26.8,40.2,,,29.94,,,,,,,,,,,,,
Greenhouse,Temp & Humidity Sensor,2020/12/01 11:05 AM,43.5,51.0,26.6,39.9,,,29.93,,,,,,,,,,,,,
Greenhouse,Temp & Humidity Sensor,2020/12/01 11:10 AM,44.4,51.0,27.4,40.9,,,29.93,,,,,,,,,,,,,
Greenhouse,Temp & Humidity Sensor,2020/12/01 11:15 AM,44.4,51.0,27.4,40.9,,,29.94,,,,,,,,,,,,,
Greenhouse,Temp & Humidity Sensor,2020/12/01 11:20 AM,44.7,50.0,27.2,41.2,,,29.94,,,,,,,,,,,,,
Greenhouse,Temp & Humidity Sensor,2020/12/01 11:25 AM,45.1,49.0,27.1,41.6,,,29.94,,,,,,,,,,,,,
Greenhouse,Temp & Humidity Sensor,2020/12/01 11:30 AM,46.5,50.0,28.9,43.2,,,29.94,,,,,,,,,,,,,
Greenhouse,Temp & Humidity Sensor,2020/12/01 11:35 AM,46.4,50.0,28.8,43.1,,,29.94,,,,,,,,,,,,,
Greenhouse,Temp & Humidity Sensor,2020/12/01 11:40 AM,48.2,46.0,28.4,44.9,,,29.94,,,,,,,,,,,,,
Greenhouse,Temp & Humidity Sensor,2020/12/01 11:45 AM,51.2,43.0,29.5,48.0,,,29.94,,,,,,,,,,,,,
Greenhouse,Temp & Humidity Sensor,2020/12/01 11:50 AM,49.1,46.0,29.2,45.9,,,29.93,,,,,,,,,,,,,
Greenhouse,Temp & Humidity Sensor,2020/12/01 11:55 AM,48.0,45.0,27.7,44.6,,,29.93,,,,,,,,,,,,,
Greenhouse,Temp & Humidity Sensor,2020/12/01 12:00 PM,47.6,46.0,27.9,44.2,,,29.93,,,,,,,,,,,,,
Greenhouse,Temp & Humidity Sensor,2020/12/01 12:05 PM,48.7,44.0,27.8,45.3,,,29.93,,,,,,,,,,,,,
Greenhouse,Temp & Humidity Sensor,2020/12/01 12:10 PM,48.2,46.0,28.4,44.9,,,29.93,,,,,,,,,,,,,
Greenhouse,Temp & Humidity Sensor,2020/12/01 12:15 PM,46.7,46.0,27.0,43.2,,,29.93,,,,,,,,,,,,,
Greenhouse,Temp & Humidity Sensor,2020/12/01 12:20 PM,46.2,47.0,27.1,42.7,,,29.93,,,,,,,,,,,,,
Greenhouse,Temp & Humidity Sensor,2020/12/01 12:25 PM,46.0,47.0,26.9,42.5,,,29.93,,,,,,,,,,,,,
Greenhouse,Temp & Humidity Sensor,2020/12/01 12:30 PM,45.8,47.0,26.7,42.3,,,29.93,,,,,,,,,,,,,
Greenhouse,Temp & Humidity Sensor,2020/12/01 12:35 PM,45.5,48.0,27.0,42.0,,,29.93,,,,,,,,,,,,,
Greenhouse,Temp & Humidity Sensor,2020/12/01 12:40 PM,44.6,47.0,25.6,41.0,,,29.93,,,,,,,,,,,,,
Greenhouse,Temp & Humidity Sensor,2020/12/01 12:45 PM,44.4,47.0,25.4,40.7,,,29.93,,,,,,,,,,,,,
Greenhouse,Temp & Humidity Sensor,2020/12/01 12:50 PM,48.2,47.0,28.9,44.9,,,29.93,,,,,,,,,,,,,
Greenhouse,Temp & Humidity Sensor,2020/12/01 12:55 PM,49.2,45.0,28.8,45.9,,,29.93,,,,,,,,,,,,,
Greenhouse,Temp & Humidity Sensor,2020/12/01 1:00 PM,47.6,45.0,27.3,44.2,,,29.93,,,,,,,,,,,,,
Greenhouse,Temp & Humidity Sensor,2020/12/01 1:05 PM,45.6,46.0,26.0,42.0,,,29.93,,,,,,,,,,,,,
Greenhouse,Temp & Humidity Sensor,2020/12/01 1:10 PM,44.7,47.0,25.7,41.1,,,29.93,,,,,,,,,,,,,
Greenhouse,Temp & Humidity Sensor,2020/12/01 1:15 PM,44.2,48.0,25.8,40.6,,,29.94,,,,,,,,,,,,,
Greenhouse,Temp & Humidity Sensor,2020/12/01 1:20 PM,43.8,48.0,25.4,40.1,,,29.94,,,,,,,,,,,,,
Greenhouse,Temp & Humidity Sensor,2020/12/01 1:25 PM,44.0,50.0,26.6,40.5,,,29.94,,,,,,,,,,,,,
Greenhouse,Temp & Humidity Sensor,2020/12/01 1:30 PM,44.6,48.0,26.1,41.0,,,29.94,,,,,,,,,,,,,
Greenhouse,Temp & Humidity Sensor,2020/12/01 1:35 PM,44.9,48.0,26.4,41.3,,,29.94,,,,,,,,,,,,,
Greenhouse,Temp & Humidity Sensor,2020/12/01 1:40 PM,46.0,47.0,26.9,42.5,,,29.94,,,,,,,,,,,,,
Greenhouse,Temp & Humidity Sensor,2020/12/01 1:45 PM,46.0,46.0,26.4,42.5,,,29.94,,,,,,,,,,,,,
Greenhouse,Temp & Humidity Sensor,2020/12/01 1:50 PM,45.5,46.0,25.9,41.9,,,29.94,,,,,,,,,,,,,
Greenhouse,Temp & Humidity Sensor,2020/12/01 1:55 PM,45.5,47.0,26.5,42.0,,,29.94,,,,,,,,,,,,,
Greenhouse,Temp & Humidity Sensor,2020/12/01 2:00 PM,45.8,48.0,27.2,42.3,,,29.94,,,,,,,,,,,,,
Greenhouse,Temp & Humidity Sensor,2020/12/01 2:05 PM,46.5,45.0,26.3,43.0,,,29.94,,,,,,,,,,,,,
Greenhouse,Temp & Humidity Sensor,2020/12/01 2:10 PM,46.2,45.0,26.0,42.6,,,29.95,,,,,,,,,,,,,
Greenhouse,Temp & Humidity Sensor,2020/12/01 2:15 PM,45.5,46.0,25.9,41.9,,,29.95,,,,,,,,,,,,,
Greenhouse,Temp & Humidity Sensor,2020/12/01 2:20 PM,45.5,45.0,25.4,41.9,,,29.95,,,,,,,,,,,,,
Greenhouse,Temp & Humidity Sensor,2020/12/01 2:25 PM,45.8,45.0,25.7,42.2,,,29.95,,,,,,,,,,,,,
Greenhouse,Temp & Humidity Sensor,2020/12/01 2:30 PM,45.5,45.0,25.4,41.9,,,29.94,,,,,,,,,,,,,
Greenhouse,Temp & Humidity Sensor,2020/12/01 2:35 PM,46.0,46.0,26.4,42.5,,,29.95,,,,,,,,,,,,,
Greenhouse,Temp & Humidity Sensor,2020/12/01 2:40 PM,46.7,45.0,26.5,43.2,,,29.95,,,,,,,,,,,,,
Greenhouse,Temp & Humidity Sensor,2020/12/01 2:45 PM,45.8,44.0,25.1,42.1,,,29.95,,,,,,,,,,,,,
Greenhouse,Temp & Humidity Sensor,2020/12/01 2:50 PM,45.6,45.0,25.5,42.0,,,29.95,,,,,,,,,,,,,
Greenhouse,Temp & Humidity Sensor,2020/12/01 2:55 PM,45.8,44.0,25.1,42.1,,,29.95,,,,,,,,,,,,,
Greenhouse,Temp & Humidity Sensor,2020/12/01 3:00 PM,45.3,45.0,25.2,41.6,,,29.95,,,,,,,,,,,,,
Greenhouse,Temp & Humidity Sensor,2020/12/01 3:05 PM,44.9,45.0,24.9,41.2,,,29.96,,,,,,,,,,,,,
Greenhouse,Temp & Humidity Sensor,2020/12/01 3:10 PM,44.7,45.0,24.7,41.0,,,29.96,,,,,,,,,,,,,
Greenhouse,Temp & Humidity Sensor,2020/12/01 3:15 PM,44.6,45.0,24.6,40.9,,,29.96,,,,,,,,,,,,,
Greenhouse,Temp & Humidity Sensor,2020/12/01 3:20 PM,44.6,45.0,24.6,40.9,,,29.96,,,,,,,,,,,,,
Greenhouse,Temp & Humidity Sensor,2020/12/01 3:25 PM,45.6,44.0,25.0,41.9,,,29.96,,,,,,,,,,,,,
Greenhouse,Temp & Humidity Sensor,2020/12/01 3:30 PM,45.1,44.0,24.5,41.4,,,29.96,,,,,,,,,,,,,
Greenhouse,Temp & Humidity Sensor,2020/12/01 3:35 PM,44.4,46.0,24.9,40.7,,,29.96,,,,,,,,,,,,,
Greenhouse,Temp & Humidity Sensor,2020/12/01 3:40 PM,46.0,45.0,25.9,42.4,,,29.97,,,,,,,,,,,,,
Greenhouse,Temp & Humidity Sensor,2020/12/01 3:45 PM,44.6,44.0,24.1,40.8,,,29.97,,,,,,,,,,,,,
Greenhouse,Temp & Humidity Sensor,2020/12/01 3:50 PM,44.0,45.0,24.0,40.2,,,29.97,,,,,,,,,,,,,
Greenhouse,Temp & Humidity Sensor,2020/12/01 3:55 PM,43.8,46.0,24.4,40.0,,,29.97,,,,,,,,,,,,,
Greenhouse,Temp & Humidity Sensor,2020/12/01 4:00 PM,43.1,47.0,24.3,39.3,,,29.97,,,,,,,,,,,,,
Greenhouse,Temp & Humidity Sensor,2020/12/01 4:05 PM,42.8,47.0,24.0,39.0,,,29.98,,,,,,,,,,,,,
Greenhouse,Temp & Humidity Sensor,2020/12/01 4:10 PM,42.0,49.0,24.2,38.2,,,29.98,,,,,,,,,,,,,
Greenhouse,Temp & Humidity Sensor,2020/12/01 4:15 PM,41.7,49.0,24.0,37.9,,,29.97,,,,,,,,,,,,,
Greenhouse,Temp & Humidity Sensor,2020/12/01 4:20 PM,41.3,48.0,23.1,37.4,,,29.98,,,,,,,,,,,,,
Greenhouse,Temp & Humidity Sensor,2020/12/01 4:25 PM,41.1,49.0,23.4,37.2,,,29.98,,,,,,,,,,,,,
Greenhouse,Temp & Humidity Sensor,2020/12/01 4:30 PM,40.8,50.0,23.6,36.9,,,29.98,,,,,,,,,,,,,
Greenhouse,Temp & Humidity Sensor,2020/12/01 4:35 PM,40.6,50.0,23.4,36.7,,,29.98,,,,,,,,,,,,,
Greenhouse,Temp & Humidity Sensor,2020/12/01 4:40 PM,40.2,50.0,23.1,36.3,,,29.98,,,,,,,,,,,,,
Greenhouse,Temp & Humidity Sensor,2020/12/01 4:45 PM,39.9,50.0,22.8,39.9,,,29.99,,,,,,,,,,,,,
Greenhouse,Temp & Humidity Sensor,2020/12/01 4:50 PM,39.5,51.0,22.9,39.5,,,29.99,,,,,,,,,,,,,
Greenhouse,Temp & Humidity Sensor,2020/12/01 4:55 PM,39.3,52.0,23.2,39.3,,,29.99,,,,,,,,,,,,,
Greenhouse,Temp & Humidity Sensor,2020/12/01 5:00 PM,39.2,52.0,23.1,39.2,,,29.99,,,,,,,,,,,,,
Greenhouse,Temp & Humidity Sensor,2020/12/01 5:05 PM,39.3,52.0,23.2,39.3,,,29.99,,,,,,,,,,,,,
Greenhouse,Temp & Humidity Sensor,2020/12/01 5:10 PM,39.0,52.0,22.9,39.0,,,30.0,,,,,,,,,,,,,
Greenhouse,Temp & Humidity Sensor,2020/12/01 5:15 PM,38.6,53.0,23.0,38.6,,,30.0,,,,,,,,,,,,,
Greenhouse,Temp & Humidity Sensor,2020/12/01 5:20 PM,38.4,53.0,22.8,38.4,,,30.0,,,,,,,,,,,,,
Greenhouse,Temp & Humidity Sensor,2020/12/01 5:25 PM,38.1,53.0,22.5,38.1,,,30.01,,,,,,,,,,,,,
Greenhouse,Temp & Humidity Sensor,2020/12/01 5:30 PM,37.7,54.0,22.6,37.7,,,30.01,,,,,,,,,,,,,
Greenhouse,Temp & Humidity Sensor,2020/12/01 5:35 PM,37.7,54.0,22.6,37.7,,,30.01,,,,,,,,,,,,,
Greenhouse,Temp & Humidity Sensor,2020/12/01 5:40 PM,37.7,54.0,22.6,37.7,,,30.02,,,,,,,,,,,,,
Greenhouse,Temp & Humidity Sensor,2020/12/01 5:45 PM,37.4,55.0,22.7,37.4,,,30.02,,,,,,,,,,,,,
Greenhouse,Temp & Humidity Sensor,2020/12/01 5:50 PM,37.0,56.0,22.8,37.0,,,30.02,,,,,,,,,,,,,
Greenhouse,Temp & Humidity Sensor,2020/12/01 5:55 PM,37.0,56.0,22.8,37.0,,,30.02,,,,,,,,,,,,,
Greenhouse,Temp & Humidity Sensor,2020/12/01 6:00 PM,37.0,56.0,22.8,37.0,,,30.03,,,,,,,,,,,,,
Greenhouse,Temp & Humidity Sensor,2020/12/01 6:05 PM,36.6,57.0,22.8,36.6,,,30.03,,,,,,,,,,,,,
Greenhouse,Temp & Humidity Sensor,2020/12/01 6:10 PM,36.5,58.0,23.1,36.5,,,30.03,,,,,,,,,,,,,
Greenhouse,Temp & Humidity Sensor,2020/12/01 6:15 PM,36.1,57.0,22.4,36.1,,,30.03,,,,,,,,,,,,,
Greenhouse,Temp & Humidity Sensor,2020/12/01 6:20 PM,35.9,57.0,22.2,35.9,,,30.03,,,,,,,,,,,,,
Greenhouse,Temp & Humidity Sensor,2020/12/01 6:25 PM,35.7,58.0,22.4,35.7,,,30.03,,,,,,,,,,,,,
Greenhouse,Temp & Humidity Sensor,2020/12/01 6:30 PM,35.4,59.0,22.5,35.4,,,30.03,,,,,,,,,,,,,
Greenhouse,Temp & Humidity Sensor,2020/12/01 6:35 PM,35.2,59.0,22.3,35.2,,,30.04,,,,,,,,,,,,,
Greenhouse,Temp & Humidity Sensor,2020/12/01 6:40 PM,35.0,60.0,22.5,35.0,,,30.04,,,,,,,,,,,,,
Greenhouse,Temp & Humidity Sensor,2020/12/01 6:45 PM,34.8,60.0,22.3,34.8,,,30.05,,,,,,,,,,,,,
Greenhouse,Temp & Humidity Sensor,2020/12/01 6:50 PM,34.7,60.0,22.3,34.7,,,30.05,,,,,,,,,,,,,
Greenhouse,Temp & Humidity Sensor,2020/12/01 6:55 PM,34.5,60.0,22.1,34.5,,,30.05,,,,,,,,,,,,,
Greenhouse,Temp & Humidity Sensor,2020/12/01 7:00 PM,34.3,60.0,21.9,34.3,,,30.05,,,,,,,,,,,,,
Greenhouse,Temp & Humidity Sensor,2020/12/01 7:05 PM,33.9,61.0,21.9,33.9,,,30.05,,,,,,,,,,,,,
Greenhouse,Temp & Humidity Sensor,2020/12/01 7:10 PM,33.8,61.0,21.8,33.8,,,30.06,,,,,,,,,,,,,
Greenhouse,Temp & Humidity Sensor,2020/12/01 7:15 PM,33.8,61.0,21.8,33.8,,,30.06,,,,,,,,,,,,,
Greenhouse,Temp & Humidity Sensor,2020/12/01 7:20 PM,33.6,62.0,22.0,33.6,,,30.06,,,,,,,,,,,,,
Greenhouse,Temp & Humidity Sensor,2020/12/01 7:25 PM,33.4,63.0,22.2,33.4,,,30.06,,,,,,,,,,,,,
Greenhouse,Temp & Humidity Sensor,2020/12/01 7:30 PM,33.6,65.0,23.1,33.6,,,30.06,,,,,,,,,,,,,
Greenhouse,Temp & Humidity Sensor,2020/12/01 7:35 PM,33.4,66.0,23.3,33.4,,,30.06,,,,,,,,,,,,,
Greenhouse,Temp & Humidity Sensor,2020/12/01 7:40 PM,33.2,66.0,23.1,33.2,,,30.06,,,,,,,,,,,,,
Greenhouse,Temp & Humidity Sensor,2020/12/01 7:45 PM,33.2,67.0,23.4,33.2,,,30.06,,,,,,,,,,,,,
Greenhouse,Temp & Humidity Sensor,2020/12/01 7:50 PM,33.0,67.0,23.3,33.0,,,30.06,,,,,,,,,,,,,
Greenhouse,Temp & Humidity Sensor,2020/12/01 7:55 PM,32.9,66.0,22.8,32.9,,,30.07,,,,,,,,,,,,,
Greenhouse,Temp & Humidity Sensor,2020/12/01 8:00 PM,32.9,67.0,23.2,32.9,,,30.07,,,,,,,,,,,,,
Greenhouse,Temp & Humidity Sensor,2020/12/01 8:05 PM,32.9,69.0,23.9,32.9,,,30.07,,,,,,,,,,,,,
Greenhouse,Temp & Humidity Sensor,2020/12/01 8:10 PM,32.5,68.0,23.1,32.5,,,30.07,,,,,,,,,,,,,
Greenhouse,Temp & Humidity Sensor,2020/12/01 8:15 PM,32.5,68.0,23.1,32.5,,,30.07,,,,,,,,,,,,,
Greenhouse,Temp & Humidity Sensor,2020/12/01 8:20 PM,32.5,69.0,23.5,32.5,,,30.07,,,,,,,,,,,,,
Greenhouse,Temp & Humidity Sensor,2020/12/01 8:25 PM,32.1,69.0,23.1,32.1,,,30.07,,,,,,,,,,,,,
Greenhouse,Temp & Humidity Sensor,2020/12/01 8:30 PM,32.0,69.0,23.0,32.0,,,30.07,,,,,,,,,,,,,
Greenhouse,Temp & Humidity Sensor,2020/12/01 8:35 PM,32.0,70.0,23.3,32.0,,,30.07,,,,,,,,,,,,,
Greenhouse,Temp & Humidity Sensor,2020/12/01 8:40 PM,32.0,70.0,23.3,32.0,,,30.07,,,,,,,,,,,,,
Greenhouse,Temp & Humidity Sensor,2020/12/01 8:45 PM,32.0,71.0,23.7,32.0,,,30.07,,,,,,,,,,,,,
Greenhouse,Temp & Humidity Sensor,2020/12/01 8:50 PM,32.0,75.0,25.0,32.0,,,30.08,,,,,,,,,,,,,
Greenhouse,Temp & Humidity Sensor,2020/12/01 8:55 PM,32.0,75.0,25.0,32.0,,,30.08,,,,,,,,,,,,,
Greenhouse,Temp & Humidity Sensor,2020/12/01 9:00 PM,31.6,75.0,24.6,31.6,,,30.08,,,,,,,,,,,,,
Greenhouse,Temp & Humidity Sensor,2020/12/01 9:05 PM,31.4,75.0,24.4,31.4,,,30.08,,,,,,,,,,,,,
Greenhouse,Temp & Humidity Sensor,2020/12/01 9:10 PM,31.2,75.0,24.2,31.2,,,30.08,,,,,,,,,,,,,
Greenhouse,Temp & Humidity Sensor,2020/12/01 9:15 PM,31.4,78.0,25.3,31.4,,,30.08,,,,,,,,,,,,,
Greenhouse,Temp & Humidity Sensor,2020/12/01 9:20 PM,31.1,77.0,24.7,31.1,,,30.08,,,,,,,,,,,,,
Greenhouse,Temp & Humidity Sensor,2020/12/01 9:25 PM,30.7,76.0,24.0,30.7,,,30.08,,,,,,,,,,,,,
Greenhouse,Temp & Humidity Sensor,2020/12/01 9:30 PM,30.5,76.0,23.9,30.5,,,30.08,,,,,,,,,,,,,
Greenhouse,Temp & Humidity Sensor,2020/12/01 9:35 PM,30.7,76.0,24.0,30.7,,,30.08,,,,,,,,,,,,,
Greenhouse,Temp & Humidity Sensor,2020/12/01 9:40 PM,30.5,76.0,23.9,30.5,,,30.08,,,,,,,,,,,,,
Greenhouse,Temp & Humidity Sensor,2020/12/01 9:45 PM,30.5,76.0,23.9,30.5,,,30.08,,,,,,,,,,,,,
Greenhouse,Temp & Humidity Sensor,2020/12/01 9:50 PM,30.7,79.0,25.0,30.7,,,30.08,,,,,,,,,,,,,
Greenhouse,Temp & Humidity Sensor,2020/12/01 9:55 PM,30.7,78.0,24.7,30.7,,,30.08,,,,,,,,,,,,,
Greenhouse,Temp & Humidity Sensor,2020/12/01 10:00 PM,30.5,78.0,24.5,30.5,,,30.08,,,,,,,,,,,,,
Greenhouse,Temp & Humidity Sensor,2020/12/01 10:05 PM,30.2,78.0,24.2,30.2,,,30.09,,,,,,,,,,,,,
Greenhouse,Temp & Humidity Sensor,2020/12/01 10:10 PM,30.5,79.0,24.8,30.5,,,30.09,,,,,,,,,,,,,
Greenhouse,Temp & Humidity Sensor,2020/12/01 10:15 PM,30.5,80.0,25.1,30.5,,,30.09,,,,,,,,,,,,,
Greenhouse,Temp & Humidity Sensor,2020/12/01 10:20 PM,30.7,80.0,25.3,30.7,,,30.1,,,,,,,,,,,,,
Greenhouse,Temp & Humidity Sensor,2020/12/01 10:25 PM,30.9,81.0,25.8,30.9,,,30.09,,,,,,,,,,,,,
Greenhouse,Temp & Humidity Sensor,2020/12/01 10:30 PM,30.7,81.0,25.6,30.7,,,30.1,,,,,,,,,,,,,
Greenhouse,Temp & Humidity Sensor,2020/12/01 10:35 PM,30.7,81.0,25.6,30.7,,,30.1,,,,,,,,,,,,,
Greenhouse,Temp & Humidity Sensor,2020/12/01 10:40 PM,31.1,83.0,26.6,31.1,,,30.1,,,,,,,,,,,,,
Greenhouse,Temp & Humidity Sensor,2020/12/01 10:45 PM,30.9,83.0,26.4,30.9,,,30.1,,,,,,,,,,,,,
Greenhouse,Temp & Humidity Sensor,2020/12/01 10:50 PM,31.2,84.0,26.9,31.2,,,30.1,,,,,,,,,,,,,
Greenhouse,Temp & Humidity Sensor,2020/12/01 10:55 PM,31.8,83.0,27.2,31.8,,,30.1,,,,,,,,,,,,,
Greenhouse,Temp & Humidity Sensor,2020/12/01 11:00 PM,32.0,79.0,26.2,32.0,,,30.1,,,,,,,,,,,,,
Greenhouse,Temp & Humidity Sensor,2020/12/01 11:05 PM,32.1,76.0,25.4,32.1,,,30.1,,,,,,,,,,,,,
Greenhouse,Temp & Humidity Sensor,2020/12/01 11:10 PM,32.3,74.0,25.0,32.3,,,30.11,,,,,,,,,,,,,
Greenhouse,Temp & Humidity Sensor,2020/12/01 11:15 PM,32.1,74.0,24.8,32.1,,,30.11,,,,,,,,,,,,,
Greenhouse,Temp & Humidity Sensor,2020/12/01 11:20 PM,32.0,74.0,24.7,32.0,,,30.11,,,,,,,,,,,,,
Greenhouse,Temp & Humidity Sensor,2020/12/01 11:25 PM,32.0,73.0,24.3,32.0,,,30.11,,,,,,,,,,,,,
Greenhouse,Temp & Humidity Sensor,2020/12/01 11:30 PM,32.0,73.0,24.3,32.0,,,30.11,,,,,,,,,,,,,
Greenhouse,Temp & Humidity Sensor,2020/12/01 11:35 PM,32.0,73.0,24.3,32.0,,,30.11,,,,,,,,,,,,,
Greenhouse,Temp & Humidity Sensor,2020/12/01 11:40 PM,31.8,74.0,24.5,31.8,,,30.12,,,,,,,,,,,,,
Greenhouse,Temp & Humidity Sensor,2020/12/01 11:45 PM,31.6,74.0,24.3,31.6,,,30.12,,,,,,,,,,,,,
Greenhouse,Temp & Humidity Sensor,2020/12/01 11:50 PM,31.2,75.0,24.2,31.2,,,30.12,,,,,,,,,,,,,
Greenhouse,Temp & Humidity Sensor,2020/12/01 11:55 PM,31.1,75.0,24.1,31.1,,,30.12,,,,,,,,,,,,,
Greenhouse,Temp & Humidity Sensor,2020/12/02 12:00 AM,31.1,76.0,24.4,31.1,,,30.12,,,,,,,,,,,,,
Greenhouse,Temp & Humidity Sensor,2020/12/02 12:05 AM,31.2,75.0,24.2,31.2,,,30.12,,,,,,,,,,,,,
Greenhouse,Temp & Humidity Sensor,2020/12/02 12:10 AM,31.1,75.0,24.1,31.1,,,30.12,,,,,,,,,,,,,
Greenhouse,Temp & Humidity Sensor,2020/12/02 12:15 AM,30.9,75.0,23.9,30.9,,,30.12,,,,,,,,,,,,,
Greenhouse,Temp & Humidity Sensor,2020/12/02 12:20 AM,30.7,75.0,23.7,30.7,,,30.12,,,,,,,,,,,,,
Greenhouse,Temp & Humidity Sensor,2020/12/02 12:25 AM,30.5,76.0,23.9,30.5,,,30.12,,,,,,,,,,,,,
Greenhouse,Temp & Humidity Sensor,2020/12/02 12:30 AM,30.3,76.0,23.7,30.3,,,30.12,,,,,,,,,,,,,
Greenhouse,Temp & Humidity Sensor,2020/12/02 12:35 AM,30.2,76.0,23.6,30.2,,,30.12,,,,,,,,,,,,,
Greenhouse,Temp & Humidity Sensor,2020/12/02 12:40 AM,30.2,76.0,23.6,30.2,,,30.12,,,,,,,,,,,,,
Greenhouse,Temp & Humidity Sensor,2020/12/02 12:45 AM,30.0,77.0,23.7,30.0,,,30.12,,,,,,,,,,,,,
Greenhouse,Temp & Humidity Sensor,2020/12/02 12:50 AM,29.8,77.0,23.5,29.8,,,30.12,,,,,,,,,,,,,
Greenhouse,Temp & Humidity Sensor,2020/12/02 12:55 AM,30.0,78.0,24.0,30.0,,,30.12,,,,,,,,,,,,,
Greenhouse,Temp & Humidity Sensor,2020/12/02 1:00 AM,29.8,79.0,24.1,29.8,,,30.12,,,,,,,,,,,,,
Greenhouse,Temp & Humidity Sensor,2020/12/02 1:05 AM,29.6,79.0,23.9,29.6,,,30.12,,,,,,,,,,,,,
Greenhouse,Temp & Humidity Sensor,2020/12/02 1:10 AM,29.6,80.0,24.2,29.6,,,30.12,,,,,,,,,,,,,
Greenhouse,Temp & Humidity Sensor,2020/12/02 1:15 AM,30.0,83.0,25.5,30.0,,,30.12,,,,,,,,,,,,,
Greenhouse,Temp & Humidity Sensor,2020/12/02 1:20 AM,29.6,83.0,25.1,29.6,,,30.12,,,,,,,,,,,,,
Greenhouse,Temp & Humidity Sensor,2020/12/02 1:25 AM,29.3,82.0,24.5,29.3,,,30.12,,,,,,,,,,,,,
Greenhouse,Temp & Humidity Sensor,2020/12/02 1:30 AM,29.6,85.0,25.7,29.6,,,30.12,,,,,,,,,,,,,
Greenhouse,Temp & Humidity Sensor,2020/12/02 1:35 AM,29.3,84.0,25.1,29.3,,,30.12,,,,,,,,,,,,,
Greenhouse,Temp & Humidity Sensor,2020/12/02 1:40 AM,29.1,83.0,24.6,29.1,,,30.13,,,,,,,,,,,,,
Greenhouse,Temp & Humidity Sensor,2020/12/02 1:45 AM,29.1,83.0,24.6,29.1,,,30.13,,,,,,,,,,,,,
Greenhouse,Temp & Humidity Sensor,2020/12/02 1:50 AM,29.1,83.0,24.6,29.1,,,30.13,,,,,,,,,,,,,
Greenhouse,Temp & Humidity Sensor,2020/12/02 1:55 AM,28.9,82.0,24.1,28.9,,,30.13,,,,,,,,,,,,,
Greenhouse,Temp & Humidity Sensor,2020/12/02 2:00 AM,28.5,82.0,23.7,28.5,,,30.14,,,,,,,,,,,,,
Greenhouse,Temp & Humidity Sensor,2020/12/02 2:05 AM,28.9,83.0,24.4,28.9,,,30.14,,,,,,,,,,,,,
Greenhouse,Temp & Humidity Sensor,2020/12/02 2:10 AM,28.9,84.0,24.7,28.9,,,30.14,,,,,,,,,,,,,
Greenhouse,Temp & Humidity Sensor,2020/12/02 2:15 AM,28.9,83.0,24.4,28.9,,,30.14,,,,,,,,,,,,,
Greenhouse,Temp & Humidity Sensor,2020/12/02 2:20 AM,29.1,83.0,24.6,29.1,,,30.13,,,,,,,,,,,,,
Greenhouse,Temp & Humidity Sensor,2020/12/02 2:25 AM,29.6,86.0,25.9,29.6,,,30.13,,,,,,,,,,,,,
Greenhouse,Temp & Humidity Sensor,2020/12/02 2:30 AM,29.8,88.0,26.7,29.8,,,30.14,,,,,,,,,,,,,
Greenhouse,Temp & Humidity Sensor,2020/12/02 2:35 AM,29.4,88.0,26.3,29.4,,,30.14,,,,,,,,,,,,,
Greenhouse,Temp & Humidity Sensor,2020/12/02 2:40 AM,29.3,87.0,25.9,29.3,,,30.14,,,,,,,,,,,,,
Greenhouse,Temp & Humidity Sensor,2020/12/02 2:45 AM,29.1,86.0,25.4,29.1,,,30.15,,,,,,,,,,,,,
Greenhouse,Temp & Humidity Sensor,2020/12/02 2:50 AM,29.3,86.0,25.6,29.3,,,30.15,,,,,,,,,,,,,
Greenhouse,Temp & Humidity Sensor,2020/12/02 2:55 AM,29.3,86.0,25.6,29.3,,,30.15,,,,,,,,,,,,,
Greenhouse,Temp & Humidity Sensor,2020/12/02 3:00 AM,29.4,86.0,25.7,29.4,,,30.15,,,,,,,,,,,,,
Greenhouse,Temp & Humidity Sensor,2020/12/02 3:05 AM,29.6,85.0,25.7,29.6,,,30.15,,,,,,,,,,,,,
Greenhouse,Temp & Humidity Sensor,2020/12/02 3:10 AM,29.6,85.0,25.7,29.6,,,30.15,,,,,,,,,,,,,
Greenhouse,Temp & Humidity Sensor,2020/12/02 3:15 AM,29.6,86.0,25.9,29.6,,,30.15,,,,,,,,,,,,,
Greenhouse,Temp & Humidity Sensor,2020/12/02 3:20 AM,29.8,86.0,26.1,29.8,,,30.15,,,,,,,,,,,,,
Greenhouse,Temp & Humidity Sensor,2020/12/02 3:25 AM,29.8,86.0,26.1,29.8,,,30.15,,,,,,,,,,,,,
Greenhouse,Temp & Humidity Sensor,2020/12/02 3:30 AM,29.8,86.0,26.1,29.8,,,30.15,,,,,,,,,,,,,
Greenhouse,Temp & Humidity Sensor,2020/12/02 3:35 AM,29.6,86.0,25.9,29.6,,,30.15,,,,,,,,,,,,,
Greenhouse,Temp & Humidity Sensor,2020/12/02 3:40 AM,29.8,86.0,26.1,29.8,,,30.15,,,,,,,,,,,,,
Greenhouse,Temp & Humidity Sensor,2020/12/02 3:45 AM,30.0,87.0,26.6,30.0,,,30.15,,,,,,,,,,,,,
Greenhouse,Temp & Humidity Sensor,2020/12/02 3:50 AM,30.2,86.0,26.5,30.2,,,30.15,,,,,,,,,,,,,
Greenhouse,Temp & Humidity Sensor,2020/12/02 3:55 AM,30.0,87.0,26.6,30.0,,,30.15,,,,,,,,,,,,,
Greenhouse,Temp & Humidity Sensor,2020/12/02 4:00 AM,30.2,86.0,26.5,30.2,,,30.15,,,,,,,,,,,,,
Greenhouse,Temp & Humidity Sensor,2020/12/02 4:05 AM,30.2,87.0,26.8,30.2,,,30.15,,,,,,,,,,,,,
Greenhouse,Temp & Humidity Sensor,2020/12/02 4:10 AM,30.0,88.0,26.9,30.0,,,30.15,,,,,,,,,,,,,
Greenhouse,Temp & Humidity Sensor,2020/12/02 4:15 AM,29.8,87.0,26.4,29.8,,,30.16,,,,,,,,,,,,,
Greenhouse,Temp & Humidity Sensor,2020/12/02 4:20 AM,30.2,87.0,26.8,30.2,,,30.16,,,,,,,,,,,,,
Greenhouse,Temp & Humidity Sensor,2020/12/02 4:25 AM,30.5,87.0,27.1,30.5,,,30.16,,,,,,,,,,,,,
Greenhouse,Temp & Humidity Sensor,2020/12/02 4:30 AM,30.2,87.0,26.8,30.2,,,30.16,,,,,,,,,,,,,
Greenhouse,Temp & Humidity Sensor,2020/12/02 4:35 AM,30.2,87.0,26.8,30.2,,,30.16,,,,,,,,,,,,,
Greenhouse,Temp & Humidity Sensor,2020/12/02 4:40 AM,30.0,87.0,26.6,30.0,,,30.16,,,,,,,,,,,,,
Greenhouse,Temp & Humidity Sensor,2020/12/02 4:45 AM,30.0,87.0,26.6,30.0,,,30.16,,,,,,,,,,,,,
Greenhouse,Temp & Humidity Sensor,2020/12/02 4:50 AM,30.0,87.0,26.6,30.0,,,30.17,,,,,,,,,,,,,
Greenhouse,Temp & Humidity Sensor,2020/12/02 4:55 AM,30.2,86.0,26.5,30.2,,,30.17,,,,,,,,,,,,,
Greenhouse,Temp & Humidity Sensor,2020/12/02 5:00 AM,30.0,88.0,26.9,30.0,,,30.17,,,,,,,,,,,,,
Greenhouse,Temp & Humidity Sensor,2020/12/02 5:05 AM,29.8,88.0,26.7,29.8,,,30.17,,,,,,,,,,,,,
Greenhouse,Temp & Humidity Sensor,2020/12/02 5:10 AM,30.0,88.0,26.9,30.0,,,30.17,,,,,,,,,,,,,
Greenhouse,Temp & Humidity Sensor,2020/12/02 5:15 AM,30.0,88.0,26.9,30.0,,,30.17,,,,,,,,,,,,,
Greenhouse,Temp & Humidity Sensor,2020/12/02 5:20 AM,30.0,89.0,27.2,30.0,,,30.17,,,,,,,,,,,,,
Greenhouse,Temp & Humidity Sensor,2020/12/02 5:25 AM,29.6,88.0,26.5,29.6,,,30.17,,,,,,,,,,,,,
Greenhouse,Temp & Humidity Sensor,2020/12/02 5:30 AM,29.4,88.0,26.3,29.4,,,30.18,,,,,,,,,,,,,
Greenhouse,Temp & Humidity Sensor,2020/12/02 5:35 AM,29.1,87.0,25.7,29.1,,,30.18,,,,,,,,,,,,,
Greenhouse,Temp & Humidity Sensor,2020/12/02 5:40 AM,29.1,87.0,25.7,29.1,,,30.18,,,,,,,,,,,,,
Greenhouse,Temp & Humidity Sensor,2020/12/02 5:45 AM,29.4,88.0,26.3,29.4,,,30.18,,,,,,,,,,,,,
Greenhouse,Temp & Humidity Sensor,2020/12/02 5:50 AM,29.4,88.0,26.3,29.4,,,30.18,,,,,,,,,,,,,
Greenhouse,Temp & Humidity Sensor,2020/12/02 5:55 AM,29.3,87.0,25.9,29.3,,,30.19,,,,,,,,,,,,,
Greenhouse,Temp & Humidity Sensor,2020/12/02 6:00 AM,29.4,88.0,26.3,29.4,,,30.19,,,,,,,,,,,,,
Greenhouse,Temp & Humidity Sensor,2020/12/02 6:05 AM,29.4,88.0,26.3,29.4,,,30.19,,,,,,,,,,,,,
Greenhouse,Temp & Humidity Sensor,2020/12/02 6:10 AM,29.4,87.0,26.0,29.4,,,30.2,,,,,,,,,,,,,
Greenhouse,Temp & Humidity Sensor,2020/12/02 6:15 AM,29.4,88.0,26.3,29.4,,,30.2,,,,,,,,,,,,,
Greenhouse,Temp & Humidity Sensor,2020/12/02 6:20 AM,29.8,88.0,26.7,29.8,,,30.19,,,,,,,,,,,,,
Greenhouse,Temp & Humidity Sensor,2020/12/02 6:25 AM,29.8,89.0,27.0,29.8,,,30.2,,,,,,,,,,,,,
Greenhouse,Temp & Humidity Sensor,2020/12/02 6:30 AM,29.3,89.0,26.5,29.3,,,30.2,,,,,,,,,,,,,
Greenhouse,Temp & Humidity Sensor,2020/12/02 6:35 AM,29.1,88.0,26.0,29.1,,,30.2,,,,,,,,,,,,,
Greenhouse,Temp & Humidity Sensor,2020/12/02 6:40 AM,28.7,88.0,25.6,28.7,,,30.21,,,,,,,,,,,,,
Greenhouse,Temp & Humidity Sensor,2020/12/02 6:45 AM,28.9,87.0,25.5,28.9,,,30.21,,,,,,,,,,,,,
Greenhouse,Temp & Humidity Sensor,2020/12/02 6:50 AM,29.1,88.0,26.0,29.1,,,30.21,,,,,,,,,,,,,
Greenhouse,Temp & Humidity Sensor,2020/12/02 6:55 AM,29.1,88.0,26.0,29.1,,,30.21,,,,,,,,,,,,,
Greenhouse,Temp & Humidity Sensor,2020/12/02 7:00 AM,28.9,88.0,25.8,28.9,,,30.21,,,,,,,,,,,,,
Greenhouse,Temp & Humidity Sensor,2020/12/02 7:05 AM,28.9,88.0,25.8,28.9,,,30.21,,,,,,,,,,,,,
Greenhouse,Temp & Humidity Sensor,2020/12/02 7:10 AM,28.9,88.0,25.8,28.9,,,30.21,,,,,,,,,,,,,
Greenhouse,Temp & Humidity Sensor,2020/12/02 7:15 AM,28.9,87.0,25.5,28.9,,,30.21,,,,,,,,,,,,,
Greenhouse,Temp & Humidity Sensor,2020/12/02 7:20 AM,28.9,87.0,25.5,28.9,,,30.21,,,,,,,,,,,,,
Greenhouse,Temp & Humidity Sensor,2020/12/02 7:25 AM,29.1,87.0,25.7,29.1,,,30.21,,,,,,,,,,,,,
Greenhouse,Temp & Humidity Sensor,2020/12/02 7:30 AM,28.9,87.0,25.5,28.9,,,30.21,,,,,,,,,,,,,
Greenhouse,Temp & Humidity Sensor,2020/12/02 7:35 AM,28.7,87.0,25.3,28.7,,,30.21,,,,,,,,,,,,,
Greenhouse,Temp & Humidity Sensor,2020/12/02 7:40 AM,28.7,87.0,25.3,28.7,,,30.21,,,,,,,,,,,,,
Greenhouse,Temp & Humidity Sensor,2020/12/02 7:45 AM,28.9,87.0,25.5,28.9,,,30.21,,,,,,,,,,,,,
Greenhouse,Temp & Humidity Sensor,2020/12/02 7:50 AM,28.9,87.0,25.5,28.9,,,30.21,,,,,,,,,,,,,
Greenhouse,Temp & Humidity Sensor,2020/12/02 7:55 AM,29.1,87.0,25.7,29.1,,,30.21,,,,,,,,,,,,,
Greenhouse,Temp & Humidity Sensor,2020/12/02 8:00 AM,29.3,87.0,25.9,29.3,,,30.22,,,,,,,,,,,,,
Greenhouse,Temp & Humidity Sensor,2020/12/02 8:05 AM,29.8,88.0,26.7,29.8,,,30.22,,,,,,,,,,,,,
Greenhouse,Temp & Humidity Sensor,2020/12/02 8:10 AM,30.0,88.0,26.9,30.0,,,30.22,,,,,,,,,,,,,
Greenhouse,Temp & Humidity Sensor,2020/12/02 8:15 AM,30.0,88.0,26.9,30.0,,,30.22,,,,,,,,,,,,,
Greenhouse,Temp & Humidity Sensor,2020/12/02 8:20 AM,30.2,86.0,26.5,30.2,,,30.22,,,,,,,,,,,,,
Greenhouse,Temp & Humidity Sensor,2020/12/02 8:25 AM,30.3,86.0,26.6,30.3,,,30.22,,,,,,,,,,,,,
Greenhouse,Temp & Humidity Sensor,2020/12/02 8:30 AM,30.9,86.0,27.2,30.9,,,30.22,,,,,,,,,,,,,
Greenhouse,Temp & Humidity Sensor,2020/12/02 8:35 AM,31.2,86.0,27.5,31.2,,,30.22,,,,,,,,,,,,,
Greenhouse,Temp & Humidity Sensor,2020/12/02 8:40 AM,32.0,84.0,27.7,32.0,,,30.23,,,,,,,,,,,,,
Greenhouse,Temp & Humidity Sensor,2020/12/02 8:45 AM,33.8,83.0,29.2,33.8,,,30.23,,,,,,,,,,,,,
Greenhouse,Temp & Humidity Sensor,2020/12/02 8:50 AM,34.8,77.0,28.3,34.8,,,30.23,,,,,,,,,,,,,
Greenhouse,Temp & Humidity Sensor,2020/12/02 8:55 AM,36.1,74.0,28.6,36.1,,,30.23,,,,,,,,,,,,,
Greenhouse,Temp & Humidity Sensor,2020/12/02 9:00 AM,34.7,70.0,25.9,34.7,,,30.23,,,,,,,,,,,,,
Greenhouse,Temp & Humidity Sensor,2020/12/02 9:05 AM,33.8,72.0,25.7,33.8,,,30.23,,,,,,,,,,,,,
Greenhouse,Temp & Humidity Sensor,2020/12/02 9:10 AM,33.8,71.0,25.4,33.8,,,30.24,,,,,,,,,,,,,
Greenhouse,Temp & Humidity Sensor,2020/12/02 9:15 AM,34.3,71.0,25.9,34.3,,,30.24,,,,,,,,,,,,,
Greenhouse,Temp & Humidity Sensor,2020/12/02 9:20 AM,35.4,69.0,26.3,35.4,,,30.24,,,,,,,,,,,,,
Greenhouse,Temp & Humidity Sensor,2020/12/02 9:25 AM,35.4,65.0,24.8,35.4,,,30.24,,,,,,,,,,,,,
Greenhouse,Temp & Humidity Sensor,2020/12/02 9:30 AM,36.3,66.0,26.0,36.3,,,30.25,,,,,,,,,,,,,
Greenhouse,Temp & Humidity Sensor,2020/12/02 9:35 AM,36.8,63.0,25.4,36.8,,,30.25,,,,,,,,,,,,,
Greenhouse,Temp & Humidity Sensor,2020/12/02 9:40 AM,36.3,62.0,24.5,36.3,,,30.26,,,,,,,,,,,,,
Greenhouse,Temp & Humidity Sensor,2020/12/02 9:45 AM,35.9,63.0,24.5,35.9,,,30.26,,,,,,,,,,,,,
Greenhouse,Temp & Humidity Sensor,2020/12/02 9:50 AM,35.9,63.0,24.5,35.9,,,30.26,,,,,,,,,,,,,
Greenhouse,Temp & Humidity Sensor,2020/12/02 9:55 AM,38.3,62.0,26.4,38.3,,,30.26,,,,,,,,,,,,,
Greenhouse,Temp & Humidity Sensor,2020/12/02 10:00 AM,39.7,58.0,26.1,39.7,,,30.26,,,,,,,,,,,,,
Greenhouse,Temp & Humidity Sensor,2020/12/02 10:05 AM,39.7,58.0,26.1,39.7,,,30.26,,,,,,,,,,,,,
Greenhouse,Temp & Humidity Sensor,2020/12/02 10:10 AM,39.2,57.0,25.3,39.2,,,30.26,,,,,,,,,,,,,
Greenhouse,Temp & Humidity Sensor,2020/12/02 10:15 AM,39.0,59.0,25.9,39.0,,,30.26,,,,,,,,,,,,,
Greenhouse,Temp & Humidity Sensor,2020/12/02 10:20 AM,39.2,58.0,25.7,39.2,,,30.26,,,,,,,,,,,,,
Greenhouse,Temp & Humidity Sensor,2020/12/02 10:25 AM,41.3,60.0,28.5,37.9,,,30.27,,,,,,,,,,,,,
Greenhouse,Temp & Humidity Sensor,2020/12/02 10:30 AM,40.4,57.0,26.4,36.8,,,30.27,,,,,,,,,,,,,
Greenhouse,Temp & Humidity Sensor,2020/12/02 10:35 AM,40.8,55.0,25.9,37.2,,,30.27,,,,,,,,,,,,,
Greenhouse,Temp & Humidity Sensor,2020/12/02 10:40 AM,40.8,53.0,25.0,37.1,,,30.27,,,,,,,,,,,,,
Greenhouse,Temp & Humidity Sensor,2020/12/02 10:45 AM,41.0,53.0,25.2,37.3,,,30.27,,,,,,,,,,,,,
Greenhouse,Temp & Humidity Sensor,2020/12/02 10:50 AM,41.7,54.0,26.3,38.1,,,30.27,,,,,,,,,,,,,
Greenhouse,Temp & Humidity Sensor,2020/12/02 10:55 AM,42.0,53.0,26.1,38.4,,,30.27,,,,,,,,,,,,,
Greenhouse,Temp & Humidity Sensor,2020/12/02 11:00 AM,41.7,53.0,25.8,38.1,,,30.27,,,,,,,,,,,,,
Greenhouse,Temp & Humidity Sensor,2020/12/02 11:05 AM,41.7,52.0,25.4,38.0,,,30.27,,,,,,,,,,,,,
Greenhouse,Temp & Humidity Sensor,2020/12/02 11:10 AM,42.2,53.0,26.3,38.6,,,30.27,,,,,,,,,,,,,
Greenhouse,Temp & Humidity Sensor,2020/12/02 11:15 AM,42.4,53.0,26.5,38.8,,,30.26,,,,,,,,,,,,,
Greenhouse,Temp & Humidity Sensor,2020/12/02 11:20 AM,42.8,54.0,27.3,39.3,,,30.27,,,,,,,,,,,,,
Greenhouse,Temp & Humidity Sensor,2020/12/02 11:25 AM,43.3,51.0,26.4,39.7,,,30.27,,,,,,,,,,,,,
Greenhouse,Temp & Humidity Sensor,2020/12/02 11:30 AM,44.7,50.0,27.2,41.2,,,30.26,,,,,,,,,,,,,
Greenhouse,Temp & Humidity Sensor,2020/12/02 11:35 AM,46.4,48.0,27.8,43.0,,,30.26,,,,,,,,,,,,,
Greenhouse,Temp & Humidity Sensor,2020/12/02 11:40 AM,49.2,45.0,28.8,45.9,,,30.26,,,,,,,,,,,,,
Greenhouse,Temp & Humidity Sensor,2020/12/02 11:45 AM,52.3,44.0,31.0,49.3,,,30.26,,,,,,,,,,,,,
Greenhouse,Temp & Humidity Sensor,2020/12/02 11:50 AM,48.2,43.0,26.8,44.7,,,30.26,,,,,,,,,,,,,
Greenhouse,Temp & Humidity Sensor,2020/12/02 11:55 AM,46.9,44.0,26.1,43.4,,,30.26,,,,,,,,,,,,,
Greenhouse,Temp & Humidity Sensor,2020/12/02 12:00 PM,47.1,44.0,26.3,43.6,,,30.25,,,,,,,,,,,,,
Greenhouse,Temp & Humidity Sensor,2020/12/02 12:05 PM,47.3,43.0,25.9,43.8,,,30.25,,,,,,,,,,,,,
Greenhouse,Temp & Humidity Sensor,2020/12/02 12:10 PM,46.4,44.0,25.7,42.8,,,30.25,,,,,,,,,,,,,
Greenhouse,Temp & Humidity Sensor,2020/12/02 12:15 PM,46.2,45.0,26.0,42.6,,,30.25,,,,,,,,,,,,,
Greenhouse,Temp & Humidity Sensor,2020/12/02 12:20 PM,46.4,45.0,26.2,42.9,,,30.25,,,,,,,,,,,,,
Greenhouse,Temp & Humidity Sensor,2020/12/02 12:25 PM,47.1,43.0,25.8,43.5,,,30.25,,,,,,,,,,,,,
Greenhouse,Temp & Humidity Sensor,2020/12/02 12:30 PM,48.9,43.0,27.4,45.5,,,30.25,,,,,,,,,,,,,
Greenhouse,Temp & Humidity Sensor,2020/12/02 12:35 PM,49.2,42.0,27.1,45.8,,,30.25,,,,,,,,,,,,,
Greenhouse,Temp & Humidity Sensor,2020/12/02 12:40 PM,48.7,43.0,27.2,45.3,,,30.25,,,,,,,,,,,,,
Greenhouse,Temp & Humidity Sensor,2020/12/02 12:45 PM,49.1,41.0,26.4,45.6,,,30.24,,,,,,,,,,,,,
Greenhouse,Temp & Humidity Sensor,2020/12/02 12:50 PM,53.9,38.0,28.9,50.8,,,30.24,,,,,,,,,,,,,
Greenhouse,Temp & Humidity Sensor,2020/12/02 12:55 PM,53.6,36.0,27.3,50.4,,,30.24,,,,,,,,,,,,,
Greenhouse,Temp & Humidity Sensor,2020/12/02 1:00 PM,51.6,39.0,27.5,48.3,,,30.24,,,,,,,,,,,,,
Greenhouse,Temp & Humidity Sensor,2020/12/02 1:05 PM,50.7,38.0,26.0,47.3,,,30.25,,,,,,,,,,,,,
Greenhouse,Temp & Humidity Sensor,2020/12/02 1:10 PM,49.8,40.0,26.5,46.4,,,30.25,,,,,,,,,,,,,
Greenhouse,Temp & Humidity Sensor,2020/12/02 1:15 PM,50.3,40.0,26.9,46.9,,,30.25,,,,,,,,,,,,,
Greenhouse,Temp & Humidity Sensor,2020/12/02 1:20 PM,54.5,38.0,29.4,51.4,,,30.24,,,,,,,,,,,,,
Greenhouse,Temp & Humidity Sensor,2020/12/02 1:25 PM,54.6,33.0,26.1,51.3,,,30.24,,,,,,,,,,,,,
Greenhouse,Temp & Humidity Sensor,2020/12/02 1:30 PM,52.3,35.0,25.5,48.9,,,30.24,,,,,,,,,,,,,
Greenhouse,Temp & Humidity Sensor,2020/12/02 1:35 PM,50.9,36.0,24.9,47.4,,,30.25,,,,,,,,,,,,,
Greenhouse,Temp & Humidity Sensor,2020/12/02 1:40 PM,50.7,36.0,24.7,47.2,,,30.25,,,,,,,,,,,,,
Greenhouse,Temp & Humidity Sensor,2020/12/02 1:45 PM,50.5,36.0,24.6,46.9,,,30.25,,,,,,,,,,,,,
Greenhouse,Temp & Humidity Sensor,2020/12/02 1:50 PM,50.0,38.0,25.4,46.5,,,30.25,,,,,,,,,,,,,
Greenhouse,Temp & Humidity Sensor,2020/12/02 1:55 PM,50.1,37.0,24.9,46.5,,,30.24,,,,,,,,,,,,,
Greenhouse,Temp & Humidity Sensor,2020/12/02 2:00 PM,49.8,40.0,26.5,46.4,,,30.24,,,,,,,,,,,,,
Greenhouse,Temp & Humidity Sensor,2020/12/02 2:05 PM,51.2,38.0,26.5,47.8,,,30.24,,,,,,,,,,,,,
Greenhouse,Temp & Humidity Sensor,2020/12/02 2:10 PM,51.2,39.0,27.1,47.9,,,30.24,,,,,,,,,,,,,
Greenhouse,Temp & Humidity Sensor,2020/12/02 2:15 PM,49.8,39.0,25.9,46.3,,,30.24,,,,,,,,,,,,,
Greenhouse,Temp & Humidity Sensor,2020/12/02 2:20 PM,50.0,39.0,26.0,46.5,,,30.24,,,,,,,,,,,,,
Greenhouse,Temp & Humidity Sensor,2020/12/02 2:25 PM,50.3,38.0,25.7,46.8,,,30.24,,,,,,,,,,,,,
Greenhouse,Temp & Humidity Sensor,2020/12/02 2:30 PM,50.0,38.0,25.4,46.5,,,30.25,,,,,,,,,,,,,
Greenhouse,Temp & Humidity Sensor,2020/12/02 2:35 PM,50.5,37.0,25.2,47.0,,,30.25,,,,,,,,,,,,,
Greenhouse,Temp & Humidity Sensor,2020/12/02 2:40 PM,50.9,38.0,26.2,47.5,,,30.25,,,,,,,,,,,,,
Greenhouse,Temp & Humidity Sensor,2020/12/02 2:45 PM,50.1,38.0,25.5,46.6,,,30.25,,,,,,,,,,,,,
Greenhouse,Temp & Humidity Sensor,2020/12/02 2:50 PM,52.3,36.0,26.2,48.9,,,30.26,,,,,,,,,,,,,
Greenhouse,Temp & Humidity Sensor,2020/12/02 2:55 PM,53.2,35.0,26.3,49.9,,,30.26,,,,,,,,,,,,,
Greenhouse,Temp & Humidity Sensor,2020/12/02 3:00 PM,51.8,38.0,27.0,48.5,,,30.26,,,,,,,,,,,,,
Greenhouse,Temp & Humidity Sensor,2020/12/02 3:05 PM,50.1,38.0,25.5,46.6,,,30.26,,,,,,,,,,,,,
Greenhouse,Temp & Humidity Sensor,2020/12/02 3:10 PM,49.6,40.0,26.3,46.1,,,30.26,,,,,,,,,,,,,
Greenhouse,Temp & Humidity Sensor,2020/12/02 3:15 PM,49.2,40.0,25.9,45.7,,,30.26,,,,,,,,,,,,,
Greenhouse,Temp & Humidity Sensor,2020/12/02 3:20 PM,49.2,39.0,25.3,45.7,,,30.26,,,,,,,,,,,,,
Greenhouse,Temp & Humidity Sensor,2020/12/02 3:25 PM,51.9,40.0,28.3,48.7,,,30.26,,,,,,,,,,,,,
Greenhouse,Temp & Humidity Sensor,2020/12/02 3:30 PM,50.9,36.0,24.9,47.4,,,30.26,,,,,,,,,,,,,
Greenhouse,Temp & Humidity Sensor,2020/12/02 3:35 PM,50.5,38.0,25.9,47.0,,,30.26,,,,,,,,,,,,,
Greenhouse,Temp & Humidity Sensor,2020/12/02 3:40 PM,52.5,39.0,28.3,49.3,,,30.26,,,,,,,,,,,,,
Greenhouse,Temp & Humidity Sensor,2020/12/02 3:45 PM,50.1,40.0,26.7,46.7,,,30.26,,,,,,,,,,,,,
Greenhouse,Temp & Humidity Sensor,2020/12/02 3:50 PM,48.7,40.0,25.5,45.2,,,30.26,,,,,,,,,,,,,
Greenhouse,Temp & Humidity Sensor,2020/12/02 3:55 PM,47.4,41.0,24.9,43.8,,,30.26,,,,,,,,,,,,,
Greenhouse,Temp & Humidity Sensor,2020/12/02 4:00 PM,46.9,41.0,24.4,43.2,,,30.26,,,,,,,,,,,,,
Greenhouse,Temp & Humidity Sensor,2020/12/02 4:05 PM,46.4,41.0,24.0,42.7,,,30.26,,,,,,,,,,,,,
Greenhouse,Temp & Humidity Sensor,2020/12/02 4:10 PM,46.0,42.0,24.2,42.3,,,30.26,,,,,,,,,,,,,
Greenhouse,Temp & Humidity Sensor,2020/12/02 4:15 PM,45.8,42.0,24.0,42.1,,,30.26,,,,,,,,,,,,,
Greenhouse,Temp & Humidity Sensor,2020/12/02 4:20 PM,45.5,42.0,23.8,41.7,,,30.27,,,,,,,,,,,,,
Greenhouse,Temp & Humidity Sensor,2020/12/02 4:25 PM,44.9,43.0,23.8,41.1,,,30.27,,,,,,,,,,,,,
Greenhouse,Temp & Humidity Sensor,2020/12/02 4:30 PM,44.6,43.0,23.5,40.8,,,30.27,,,,,,,,,,,,,
Greenhouse,Temp & Humidity Sensor,2020/12/02 4:35 PM,44.4,44.0,23.9,40.6,,,30.27,,,,,,,,,,,,,
Greenhouse,Temp & Humidity Sensor,2020/12/02 4:40 PM,43.8,44.0,23.3,39.9,,,30.27,,,,,,,,,,,,,
Greenhouse,Temp & Humidity Sensor,2020/12/02 4:45 PM,43.1,45.0,23.2,39.2,,,30.27,,,,,,,,,,,,,
Greenhouse,Temp & Humidity Sensor,2020/12/02 4:50 PM,42.6,46.0,23.3,38.7,,,30.27,,,,,,,,,,,,,
Greenhouse,Temp & Humidity Sensor,2020/12/02 4:55 PM,42.0,47.0,23.2,38.1,,,30.27,,,,,,,,,,,,,
Greenhouse,Temp & Humidity Sensor,2020/12/02 5:00 PM,41.3,48.0,23.1,37.4,,,30.27,,,,,,,,,,,,,
Greenhouse,Temp & Humidity Sensor,2020/12/02 5:05 PM,41.1,51.0,24.4,37.3,,,30.27,,,,,,,,,,,,,
Greenhouse,Temp & Humidity Sensor,2020/12/02 5:10 PM,40.8,53.0,25.0,37.1,,,30.28,,,,,,,,,,,,,
Greenhouse,Temp & Humidity Sensor,2020/12/02 5:15 PM,40.2,56.0,25.8,36.6,,,30.28,,,,,,,,,,,,,
Greenhouse,Temp & Humidity Sensor,2020/12/02 5:20 PM,39.7,56.0,25.3,39.7,,,30.28,,,,,,,,,,,,,
Greenhouse,Temp & Humidity Sensor,2020/12/02 5:25 PM,39.2,58.0,25.7,39.2,,,30.28,,,,,,,,,,,,,
Greenhouse,Temp & Humidity Sensor,2020/12/02 5:30 PM,39.2,61.0,26.9,39.2,,,30.27,,,,,,,,,,,,,
Greenhouse,Temp & Humidity Sensor,2020/12/02 5:35 PM,38.8,63.0,27.3,38.8,,,30.28,,,,,,,,,,,,,
Greenhouse,Temp & Humidity Sensor,2020/12/02 5:40 PM,38.6,67.0,28.6,38.6,,,30.28,,,,,,,,,,,,,
Greenhouse,Temp & Humidity Sensor,2020/12/02 5:45 PM,38.4,68.0,28.8,38.4,,,30.28,,,,,,,,,,,,,
Greenhouse,Temp & Humidity Sensor,2020/12/02 5:50 PM,37.9,68.0,28.3,37.9,,,30.28,,,,,,,,,,,,,
Greenhouse,Temp & Humidity Sensor,2020/12/02 5:55 PM,37.4,68.0,27.8,37.4,,,30.28,,,,,,,,,,,,,
Greenhouse,Temp & Humidity Sensor,2020/12/02 6:00 PM,37.0,68.0,27.4,37.0,,,30.28,,,,,,,,,,,,,
Greenhouse,Temp & Humidity Sensor,2020/12/02 6:05 PM,36.8,70.0,27.9,36.8,,,30.28,,,,,,,,,,,,,
Greenhouse,Temp & Humidity Sensor,2020/12/02 6:10 PM,36.5,70.0,27.7,36.5,,,30.29,,,,,,,,,,,,,
Greenhouse,Temp & Humidity Sensor,2020/12/02 6:15 PM,36.1,70.0,27.3,36.1,,,30.29,,,,,,,,,,,,,
Greenhouse,Temp & Humidity Sensor,2020/12/02 6:20 PM,35.9,73.0,28.1,35.9,,,30.29,,,,,,,,,,,,,
Greenhouse,Temp & Humidity Sensor,2020/12/02 6:25 PM,35.6,72.0,27.5,35.6,,,30.29,,,,,,,,,,,,,
Greenhouse,Temp & Humidity Sensor,2020/12/02 6:30 PM,35.9,78.0,29.7,35.9,,,30.29,,,,,,,,,,,,,
Greenhouse,Temp & Humidity Sensor,2020/12/02 6:35 PM,35.7,79.0,29.8,35.7,,,30.29,,,,,,,,,,,,,
Greenhouse,Temp & Humidity Sensor,2020/12/02 6:40 PM,35.6,80.0,30.1,35.6,,,30.3,,,,,,,,,,,,,
Greenhouse,Temp & Humidity Sensor,2020/12/02 6:45 PM,35.2,80.0,29.7,35.2,,,30.3,,,,,,,,,,,,,
Greenhouse,Temp & Humidity Sensor,2020/12/02 6:50 PM,34.5,77.0,28.0,34.5,,,30.3,,,,,,,,,,,,,
Greenhouse,Temp & Humidity Sensor,2020/12/02 6:55 PM,34.5,77.0,28.0,34.5,,,30.3,,,,,,,,,,,,,
Greenhouse,Temp & Humidity Sensor,2020/12/02 7:00 PM,34.8,82.0,29.9,34.8,,,30.3,,,,,,,,,,,,,
Greenhouse,Temp & Humidity Sensor,2020/12/02 7:05 PM,34.5,81.0,29.3,34.5,,,30.31,,,,,,,,,,,,,
Greenhouse,Temp & Humidity Sensor,2020/12/02 7:10 PM,34.3,80.0,28.8,34.3,,,30.31,,,,,,,,,,,,,
Greenhouse,Temp & Humidity Sensor,2020/12/02 7:15 PM,33.9,79.0,28.1,33.9,,,30.31,,,,,,,,,,,,,
Greenhouse,Temp & Humidity Sensor,2020/12/02 7:20 PM,33.9,81.0,28.7,33.9,,,30.31,,,,,,,,,,,,,
Greenhouse,Temp & Humidity Sensor,2020/12/02 7:25 PM,33.8,81.0,28.6,33.8,,,30.31,,,,,,,,,,,,,
Greenhouse,Temp & Humidity Sensor,2020/12/02 7:30 PM,33.9,83.0,29.3,33.9,,,30.31,,,,,,,,,,,,,
Greenhouse,Temp & Humidity Sensor,2020/12/02 7:35 PM,33.8,83.0,29.2,33.8,,,30.31,,,,,,,,,,,,,
Greenhouse,Temp & Humidity Sensor,2020/12/02 7:40 PM,33.4,82.0,28.5,33.4,,,30.31,,,,,,,,,,,,,
Greenhouse,Temp & Humidity Sensor,2020/12/02 7:45 PM,32.9,81.0,27.7,32.9,,,30.32,,,,,,,,,,,,,
Greenhouse,Temp & Humidity Sensor,2020/12/02 7:50 PM,32.9,80.0,27.4,32.9,,,30.32,,,,,,,,,,,,,
Greenhouse,Temp & Humidity Sensor,2020/12/02 7:55 PM,32.9,80.0,27.4,32.9,,,30.32,,,,,,,,,,,,,
Greenhouse,Temp & Humidity Sensor,2020/12/02 8:00 PM,33.0,82.0,28.1,33.0,,,30.32,,,,,,,,,,,,,
Greenhouse,Temp & Humidity Sensor,2020/12/02 8:05 PM,32.7,81.0,27.5,32.7,,,30.32,,,,,,,,,,,,,
Greenhouse,Temp & Humidity Sensor,2020/12/02 8:10 PM,32.7,81.0,27.5,32.7,,,30.32,,,,,,,,,,,,,
Greenhouse,Temp & Humidity Sensor,2020/12/02 8:15 PM,33.4,87.0,30.0,33.4,,,30.32,,,,,,,,,,,,,
Greenhouse,Temp & Humidity Sensor,2020/12/02 8:20 PM,33.0,87.0,29.6,33.0,,,30.32,,,,,,,,,,,,,
Greenhouse,Temp & Humidity Sensor,2020/12/02 8:25 PM,32.3,85.0,28.3,32.3,,,30.32,,,,,,,,,,,,,
Greenhouse,Temp & Humidity Sensor,2020/12/02 8:30 PM,32.3,84.0,28.0,32.3,,,30.33,,,,,,,,,,,,,
Greenhouse,Temp & Humidity Sensor,2020/12/02 8:35 PM,32.0,83.0,27.4,32.0,,,30.33,,,,,,,,,,,,,
Greenhouse,Temp & Humidity Sensor,2020/12/02 8:40 PM,32.3,84.0,28.0,32.3,,,30.33,,,,,,,,,,,,,
Greenhouse,Temp & Humidity Sensor,2020/12/02 8:45 PM,32.3,85.0,28.3,32.3,,,30.33,,,,,,,,,,,,,
Greenhouse,Temp & Humidity Sensor,2020/12/02 8:50 PM,32.7,87.0,29.3,32.7,,,30.33,,,,,,,,,,,,,
Greenhouse,Temp & Humidity Sensor,2020/12/02 8:55 PM,32.9,89.0,30.0,32.9,,,30.32,,,,,,,,,,,,,
Greenhouse,Temp & Humidity Sensor,2020/12/02 9:00 PM,32.7,89.0,29.8,32.7,,,30.33,,,,,,,,,,,,,
Greenhouse,Temp & Humidity Sensor,2020/12/02 9:05 PM,32.1,88.0,29.0,32.1,,,30.33,,,,,,,,,,,,,
Greenhouse,Temp & Humidity Sensor,2020/12/02 9:10 PM,32.0,87.0,28.6,32.0,,,30.33,,,,,,,,,,,,,
Greenhouse,Temp & Humidity Sensor,2020/12/02 9:15 PM,32.0,86.0,28.3,32.0,,,30.33,,,,,,,,,,,,,
Greenhouse,Temp & Humidity Sensor,2020/12/02 9:20 PM,32.1,86.0,28.4,32.1,,,30.33,,,,,,,,,,,,,
Greenhouse,Temp & Humidity Sensor,2020/12/02 9:25 PM,32.0,86.0,28.3,32.0,,,30.33,,,,,,,,,,,,,
Greenhouse,Temp & Humidity Sensor,2020/12/02 9:30 PM,32.0,87.0,28.6,32.0,,,30.33,,,,,,,,,,,,,
Greenhouse,Temp & Humidity Sensor,2020/12/02 9:35 PM,31.6,88.0,28.5,31.6,,,30.33,,,,,,,,,,,,,
Greenhouse,Temp & Humidity Sensor,2020/12/02 9:40 PM,31.6,88.0,28.5,31.6,,,30.33,,,,,,,,,,,,,
Greenhouse,Temp & Humidity Sensor,2020/12/02 9:45 PM,32.0,87.0,28.6,32.0,,,30.33,,,,,,,,,,,,,
Greenhouse,Temp & Humidity Sensor,2020/12/02 9:50 PM,32.1,89.0,29.2,32.1,,,30.33,,,,,,,,,,,,,
Greenhouse,Temp & Humidity Sensor,2020/12/02 9:55 PM,32.0,89.0,29.1,32.0,,,30.32,,,,,,,,,,,,,
Greenhouse,Temp & Humidity Sensor,2020/12/02 10:00 PM,31.8,90.0,29.2,31.8,,,30.33,,,,,,,,,,,,,
Greenhouse,Temp & Humidity Sensor,2020/12/02 10:05 PM,31.8,89.0,28.9,31.8,,,30.33,,,,,,,,,,,,,
Greenhouse,Temp & Humidity Sensor,2020/12/02 10:10 PM,32.0,88.0,28.9,32.0,,,30.33,,,,,,,,,,,,,
Greenhouse,Temp & Humidity Sensor,2020/12/02 10:15 PM,32.0,89.0,29.1,32.0,,,30.33,,,,,,,,,,,,,
Greenhouse,Temp & Humidity Sensor,2020/12/02 10:20 PM,32.3,90.0,29.7,32.3,,,30.34,,,,,,,,,,,,,
Greenhouse,Temp & Humidity Sensor,2020/12/02 10:25 PM,32.5,92.0,30.4,32.5,,,30.34,,,,,,,,,,,,,
Greenhouse,Temp & Humidity Sensor,2020/12/02 10:30 PM,32.9,93.0,31.1,32.9,,,30.33,,,,,,,,,,,,,
Greenhouse,Temp & Humidity Sensor,2020/12/02 10:35 PM,32.5,93.0,30.7,32.5,,,30.33,,,,,,,,,,,,,
Greenhouse,Temp & Humidity Sensor,2020/12/02 10:40 PM,32.5,93.0,30.7,32.5,,,30.33,,,,,,,,,,,,,
Greenhouse,Temp & Humidity Sensor,2020/12/02 10:45 PM,32.1,92.0,30.0,32.1,,,30.33,,,,,,,,,,,,,
Greenhouse,Temp & Humidity Sensor,2020/12/02 10:50 PM,32.1,91.0,29.8,32.1,,,30.33,,,,,,,,,,,,,
Greenhouse,Temp & Humidity Sensor,2020/12/02 10:55 PM,32.1,91.0,29.8,32.1,,,30.33,,,,,,,,,,,,,
Greenhouse,Temp & Humidity Sensor,2020/12/02 11:00 PM,32.1,92.0,30.0,32.1,,,30.33,,,,,,,,,,,,,
Greenhouse,Temp & Humidity Sensor,2020/12/02 11:05 PM,32.1,92.0,30.0,32.1,,,30.33,,,,,,,,,,,,,
Greenhouse,Temp & Humidity Sensor,2020/12/02 11:10 PM,32.1,92.0,30.0,32.1,,,30.33,,,,,,,,,,,,,
Greenhouse,Temp & Humidity Sensor,2020/12/02 11:15 PM,32.3,92.0,30.2,32.3,,,30.33,,,,,,,,,,,,,
Greenhouse,Temp & Humidity Sensor,2020/12/02 11:20 PM,32.3,93.0,30.5,32.3,,,30.33,,,,,,,,,,,,,
Greenhouse,Temp & Humidity Sensor,2020/12/02 11:25 PM,32.3,93.0,30.5,32.3,,,30.33,,,,,,,,,,,,,
Greenhouse,Temp & Humidity Sensor,2020/12/02 11:30 PM,32.1,93.0,30.3,32.1,,,30.33,,,,,,,,,,,,,
Greenhouse,Temp & Humidity Sensor,2020/12/02 11:35 PM,32.0,93.0,30.2,32.0,,,30.33,,,,,,,,,,,,,
Greenhouse,Temp & Humidity Sensor,2020/12/02 11:40 PM,32.3,93.0,30.5,32.3,,,30.33,,,,,,,,,,,,,
Greenhouse,Temp & Humidity Sensor,2020/12/02 11:45 PM,32.3,94.0,30.8,32.3,,,30.33,,,,,,,,,,,,,
Greenhouse,Temp & Humidity Sensor,2020/12/02 11:50 PM,32.1,93.0,30.3,32.1,,,30.34,,,,,,,,,,,,,
Greenhouse,Temp & Humidity Sensor,2020/12/02 11:55 PM,32.3,94.0,30.8,32.3,,,30.34,,,,,,,,,,,,,
Greenhouse,Temp & Humidity Sensor,2020/12/03 12:00 AM,32.3,94.0,30.8,32.3,,,30.34,,,,,,,,,,,,,
Greenhouse,Temp & Humidity Sensor,2020/12/03 12:05 AM,32.5,94.0,31.0,32.5,,,30.34,,,,,,,,,,,,,
Greenhouse,Temp & Humidity Sensor,2020/12/03 12:10 AM,32.5,94.0,31.0,32.5,,,30.34,,,,,,,,,,,,,
Greenhouse,Temp & Humidity Sensor,2020/12/03 12:15 AM,32.3,94.0,30.8,32.3,,,30.35,,,,,,,,,,,,,
Greenhouse,Temp & Humidity Sensor,2020/12/03 12:20 AM,32.3,94.0,30.8,32.3,,,30.35,,,,,,,,,,,,,
Greenhouse,Temp & Humidity Sensor,2020/12/03 12:25 AM,32.3,94.0,30.8,32.3,,,30.35,,,,,,,,,,,,,
Greenhouse,Temp & Humidity Sensor,2020/12/03 12:30 AM,32.1,94.0,30.6,32.1,,,30.35,,,,,,,,,,,,,
Greenhouse,Temp & Humidity Sensor,2020/12/03 12:35 AM,32.3,94.0,30.8,32.3,,,30.35,,,,,,,,,,,,,
Greenhouse,Temp & Humidity Sensor,2020/12/03 12:40 AM,32.1,94.0,30.6,32.1,,,30.34,,,,,,,,,,,,,
Greenhouse,Temp & Humidity Sensor,2020/12/03 12:45 AM,32.1,94.0,30.6,32.1,,,30.34,,,,,,,,,,,,,
Greenhouse,Temp & Humidity Sensor,2020/12/03 12:50 AM,32.0,94.0,30.5,32.0,,,30.34,,,,,,,,,,,,,
Greenhouse,Temp & Humidity Sensor,2020/12/03 12:55 AM,32.0,94.0,30.5,32.0,,,30.34,,,,,,,,,,,,,
Greenhouse,Temp & Humidity Sensor,2020/12/03 1:00 AM,32.0,93.0,30.2,32.0,,,30.34,,,,,,,,,,,,,
Greenhouse,Temp & Humidity Sensor,2020/12/03 1:05 AM,32.0,93.0,30.2,32.0,,,30.34,,,,,,,,,,,,,
Greenhouse,Temp & Humidity Sensor,2020/12/03 1:10 AM,32.1,94.0,30.6,32.1,,,30.34,,,,,,,,,,,,,
Greenhouse,Temp & Humidity Sensor,2020/12/03 1:15 AM,32.0,94.0,30.5,32.0,,,30.33,,,,,,,,,,,,,
Greenhouse,Temp & Humidity Sensor,2020/12/03 1:20 AM,32.0,95.0,30.7,32.0,,,30.33,,,,,,,,,,,,,
Greenhouse,Temp & Humidity Sensor,2020/12/03 1:25 AM,31.6,96.0,30.6,31.6,,,30.33,,,,,,,,,,,,,
Greenhouse,Temp & Humidity Sensor,2020/12/03 1:30 AM,31.6,96.0,30.6,31.6,,,30.33,,,,,,,,,,,,,
Greenhouse,Temp & Humidity Sensor,2020/12/03 1:35 AM,31.8,96.0,30.8,31.8,,,30.34,,,,,,,,,,,,,
Greenhouse,Temp & Humidity Sensor,2020/12/03 1:40 AM,32.0,94.0,30.5,32.0,,,30.34,,,,,,,,,,,,,
Greenhouse,Temp & Humidity Sensor,2020/12/03 1:45 AM,32.0,94.0,30.5,32.0,,,30.34,,,,,,,,,,,,,
Greenhouse,Temp & Humidity Sensor,2020/12/03 1:50 AM,31.8,96.0,30.8,31.8,,,30.34,,,,,,,,,,,,,
Greenhouse,Temp & Humidity Sensor,2020/12/03 1:55 AM,31.6,96.0,30.6,31.6,,,30.34,,,,,,,,,,,,,
Greenhouse,Temp & Humidity Sensor,2020/12/03 2:00 AM,31.6,96.0,30.6,31.6,,,30.34,,,,,,,,,,,,,
Greenhouse,Temp & Humidity Sensor,2020/12/03 2:05 AM,31.4,96.0,30.4,31.4,,,30.34,,,,,,,,,,,,,
Greenhouse,Temp & Humidity Sensor,2020/12/03 2:10 AM,31.2,96.0,30.2,31.2,,,30.34,,,,,,,,,,,,,
Greenhouse,Temp & Humidity Sensor,2020/12/03 2:15 AM,31.2,95.0,29.9,31.2,,,30.34,,,,,,,,,,,,,
Greenhouse,Temp & Humidity Sensor,2020/12/03 2:20 AM,31.2,95.0,29.9,31.2,,,30.34,,,,,,,,,,,,,
Greenhouse,Temp & Humidity Sensor,2020/12/03 2:25 AM,31.2,95.0,29.9,31.2,,,30.34,,,,,,,,,,,,,
Greenhouse,Temp & Humidity Sensor,2020/12/03 2:30 AM,31.4,95.0,30.1,31.4,,,30.34,,,,,,,,,,,,,
Greenhouse,Temp & Humidity Sensor,2020/12/03 2:35 AM,31.2,95.0,29.9,31.2,,,30.34,,,,,,,,,,,,,
Greenhouse,Temp & Humidity Sensor,2020/12/03 2:40 AM,31.2,95.0,29.9,31.2,,,30.34,,,,,,,,,,,,,
Greenhouse,Temp & Humidity Sensor,2020/12/03 2:45 AM,31.1,95.0,29.8,31.1,,,30.34,,,,,,,,,,,,,
Greenhouse,Temp & Humidity Sensor,2020/12/03 2:50 AM,31.1,95.0,29.8,31.1,,,30.34,,,,,,,,,,,,,
Greenhouse,Temp & Humidity Sensor,2020/12/03 2:55 AM,31.1,95.0,29.8,31.1,,,30.33,,,,,,,,,,,,,
Greenhouse,Temp & Humidity Sensor,2020/12/03 3:00 AM,30.9,95.0,29.6,30.9,,,30.32,,,,,,,,,,,,,
Greenhouse,Temp & Humidity Sensor,2020/12/03 3:05 AM,31.1,95.0,29.8,31.1,,,30.32,,,,,,,,,,,,,
Greenhouse,Temp & Humidity Sensor,2020/12/03 3:10 AM,31.1,95.0,29.8,31.1,,,30.32,,,,,,,,,,,,,
Greenhouse,Temp & Humidity Sensor,2020/12/03 3:15 AM,31.2,96.0,30.2,31.2,,,30.32,,,,,,,,,,,,,
Greenhouse,Temp & Humidity Sensor,2020/12/03 3:20 AM,31.2,96.0,30.2,31.2,,,30.32,,,,,,,,,,,,,
Greenhouse,Temp & Humidity Sensor,2020/12/03 3:25 AM,31.2,96.0,30.2,31.2,,,30.32,,,,,,,,,,,,,
Greenhouse,Temp & Humidity Sensor,2020/12/03 3:30 AM,31.4,97.0,30.6,31.4,,,30.32,,,,,,,,,,,,,
Greenhouse,Temp & Humidity Sensor,2020/12/03 3:35 AM,31.1,97.0,30.3,31.1,,,30.32,,,,,,,,,,,,,
Greenhouse,Temp & Humidity Sensor,2020/12/03 3:40 AM,31.1,97.0,30.3,31.1,,,30.32,,,,,,,,,,,,,
Greenhouse,Temp & Humidity Sensor,2020/12/03 3:45 AM,31.1,97.0,30.3,31.1,,,30.33,,,,,,,,,,,,,
Greenhouse,Temp & Humidity Sensor,2020/12/03 3:50 AM,30.9,97.0,30.2,30.9,,,30.32,,,,,,,,,,,,,
Greenhouse,Temp & Humidity Sensor,2020/12/03 3:55 AM,31.2,96.0,30.2,31.2,,,30.32,,,,,,,,,,,,,
Greenhouse,Temp & Humidity Sensor,2020/12/03 4:00 AM,31.2,96.0,30.2,31.2,,,30.32,,,,,,,,,,,,,
Greenhouse,Temp & Humidity Sensor,2020/12/03 4:05 AM,31.2,96.0,30.2,31.2,,,30.32,,,,,,,,,,,,,
Greenhouse,Temp & Humidity Sensor,2020/12/03 4:10 AM,31.1,96.0,30.1,31.1,,,30.32,,,,,,,,,,,,,
Greenhouse,Temp & Humidity Sensor,2020/12/03 4:15 AM,31.1,96.0,30.1,31.1,,,30.32,,,,,,,,,,,,,
Greenhouse,Temp & Humidity Sensor,2020/12/03 4:20 AM,30.9,96.0,29.9,30.9,,,30.32,,,,,,,,,,,,,
Greenhouse,Temp & Humidity Sensor,2020/12/03 4:25 AM,30.7,96.0,29.7,30.7,,,30.32,,,,,,,,,,,,,
Greenhouse,Temp & Humidity Sensor,2020/12/03 4:30 AM,30.9,96.0,29.9,30.9,,,30.32,,,,,,,,,,,,,
Greenhouse,Temp & Humidity Sensor,2020/12/03 4:35 AM,31.1,96.0,30.1,31.1,,,30.32,,,,,,,,,,,,,
Greenhouse,Temp & Humidity Sensor,2020/12/03 4:40 AM,31.1,96.0,30.1,31.1,,,30.32,,,,,,,,,,,,,
Greenhouse,Temp & Humidity Sensor,2020/12/03 4:45 AM,31.1,95.0,29.8,31.1,,,30.32,,,,,,,,,,,,,
Greenhouse,Temp & Humidity Sensor,2020/12/03 4:50 AM,30.9,95.0,29.6,30.9,,,30.32,,,,,,,,,,,,,
Greenhouse,Temp & Humidity Sensor,2020/12/03 4:55 AM,30.5,95.0,29.2,30.5,,,30.32,,,,,,,,,,,,,
Greenhouse,Temp & Humidity Sensor,2020/12/03 5:00 AM,30.5,95.0,29.2,30.5,,,30.32,,,,,,,,,,,,,
Greenhouse,Temp & Humidity Sensor,2020/12/03 5:05 AM,30.3,95.0,29.0,30.3,,,30.32,,,,,,,,,,,,,
Greenhouse,Temp & Humidity Sensor,2020/12/03 5:10 AM,30.2,95.0,28.9,30.2,,,30.33,,,,,,,,,,,,,
Greenhouse,Temp & Humidity Sensor,2020/12/03 5:15 AM,30.2,94.0,28.7,30.2,,,30.33,,,,,,,,,,,,,
Greenhouse,Temp & Humidity Sensor,2020/12/03 5:20 AM,30.2,94.0,28.7,30.2,,,30.33,,,,,,,,,,,,,
Greenhouse,Temp & Humidity Sensor,2020/12/03 5:25 AM,29.8,96.0,28.8,29.8,,,30.33,,,,,,,,,,,,,
Greenhouse,Temp & Humidity Sensor,2020/12/03 5:30 AM,29.6,96.0,28.6,29.6,,,30.33,,,,,,,,,,,,,
Greenhouse,Temp & Humidity Sensor,2020/12/03 5:35 AM,29.1,96.0,28.1,29.1,,,30.33,,,,,,,,,,,,,
Greenhouse,Temp & Humidity Sensor,2020/12/03 5:40 AM,29.1,96.0,28.1,29.1,,,30.33,,,,,,,,,,,,,
Greenhouse,Temp & Humidity Sensor,2020/12/03 5:45 AM,28.9,96.0,27.9,28.9,,,30.33,,,,,,,,,,,,,
Greenhouse,Temp & Humidity Sensor,2020/12/03 5:50 AM,29.1,96.0,28.1,29.1,,,30.33,,,,,,,,,,,,,
Greenhouse,Temp & Humidity Sensor,2020/12/03 5:55 AM,29.4,96.0,28.4,29.4,,,30.33,,,,,,,,,,,,,
Greenhouse,Temp & Humidity Sensor,2020/12/03 6:00 AM,29.3,95.0,28.0,29.3,,,30.34,,,,,,,,,,,,,
Greenhouse,Temp & Humidity Sensor,2020/12/03 6:05 AM,29.3,95.0,28.0,29.3,,,30.34,,,,,,,,,,,,,
Greenhouse,Temp & Humidity Sensor,2020/12/03 6:10 AM,29.4,95.0,28.1,29.4,,,30.34,,,,,,,,,,,,,
Greenhouse,Temp & Humidity Sensor,2020/12/03 6:15 AM,29.4,96.0,28.4,29.4,,,30.34,,,,,,,,,,,,,
Greenhouse,Temp & Humidity Sensor,2020/12/03 6:20 AM,29.3,96.0,28.3,29.3,,,30.34,,,,,,,,,,,,,
Greenhouse,Temp & Humidity Sensor,2020/12/03 6:25 AM,29.3,96.0,28.3,29.3,,,30.34,,,,,,,,,,,,,
Greenhouse,Temp & Humidity Sensor,2020/12/03 6:30 AM,29.4,96.0,28.4,29.4,,,30.34,,,,,,,,,,,,,
Greenhouse,Temp & Humidity Sensor,2020/12/03 6:35 AM,29.3,96.0,28.3,29.3,,,30.35,,,,,,,,,,,,,
Greenhouse,Temp & Humidity Sensor,2020/12/03 6:40 AM,29.3,97.0,28.6,29.3,,,30.35,,,,,,,,,,,,,
Greenhouse,Temp & Humidity Sensor,2020/12/03 6:45 AM,29.3,97.0,28.6,29.3,,,30.34,,,,,,,,,,,,,
Greenhouse,Temp & Humidity Sensor,2020/12/03 6:50 AM,29.3,97.0,28.6,29.3,,,30.34,,,,,,,,,,,,,
Greenhouse,Temp & Humidity Sensor,2020/12/03 6:55 AM,29.3,97.0,28.6,29.3,,,30.34,,,,,,,,,,,,,
Greenhouse,Temp & Humidity Sensor,2020/12/03 7:00 AM,29.4,97.0,28.7,29.4,,,30.35,,,,,,,,,,,,,
Greenhouse,Temp & Humidity Sensor,2020/12/03 7:05 AM,29.4,97.0,28.7,29.4,,,30.36,,,,,,,,,,,,,
Greenhouse,Temp & Humidity Sensor,2020/12/03 7:10 AM,29.4,97.0,28.7,29.4,,,30.36,,,,,,,,,,,,,
Greenhouse,Temp & Humidity Sensor,2020/12/03 7:15 AM,29.4,97.0,28.7,29.4,,,30.36,,,,,,,,,,,,,
Greenhouse,Temp & Humidity Sensor,2020/12/03 7:20 AM,29.4,97.0,28.7,29.4,,,30.36,,,,,,,,,,,,,
Greenhouse,Temp & Humidity Sensor,2020/12/03 7:25 AM,29.4,97.0,28.7,29.4,,,30.36,,,,,,,,,,,,,
Greenhouse,Temp & Humidity Sensor,2020/12/03 7:30 AM,29.4,97.0,28.7,29.4,,,30.36,,,,,,,,,,,,,
Greenhouse,Temp & Humidity Sensor,2020/12/03 7:35 AM,29.3,97.0,28.6,29.3,,,30.36,,,,,,,,,,,,,
Greenhouse,Temp & Humidity Sensor,2020/12/03 7:40 AM,29.4,97.0,28.7,29.4,,,30.37,,,,,,,,,,,,,
Greenhouse,Temp & Humidity Sensor,2020/12/03 7:45 AM,29.6,97.0,28.9,29.6,,,30.37,,,,,,,,,,,,,
Greenhouse,Temp & Humidity Sensor,2020/12/03 7:50 AM,30.0,97.0,29.3,30.0,,,30.37,,,,,,,,,,,,,
Greenhouse,Temp & Humidity Sensor,2020/12/03 7:55 AM,30.0,97.0,29.3,30.0,,,30.37,,,,,,,,,,,,,
Greenhouse,Temp & Humidity Sensor,2020/12/03 8:00 AM,30.2,96.0,29.2,30.2,,,30.37,,,,,,,,,,,,,
Greenhouse,Temp & Humidity Sensor,2020/12/03 8:05 AM,30.3,96.0,29.3,30.3,,,30.37,,,,,,,,,,,,,
Greenhouse,Temp & Humidity Sensor,2020/12/03 8:10 AM,30.5,96.0,29.5,30.5,,,30.38,,,,,,,,,,,,,
Greenhouse,Temp & Humidity Sensor,2020/12/03 8:15 AM,30.7,96.0,29.7,30.7,,,30.38,,,,,,,,,,,,,
Greenhouse,Temp & Humidity Sensor,2020/12/03 8:20 AM,31.1,96.0,30.1,31.1,,,30.38,,,,,,,,,,,,,
Greenhouse,Temp & Humidity Sensor,2020/12/03 8:25 AM,31.2,96.0,30.2,31.2,,,30.38,,,,,,,,,,,,,
Greenhouse,Temp & Humidity Sensor,2020/12/03 8:30 AM,31.4,96.0,30.4,31.4,,,30.38,,,,,,,,,,,,,
Greenhouse,Temp & Humidity Sensor,2020/12/03 8:35 AM,32.0,94.0,30.5,32.0,,,30.38,,,,,,,,,,,,,
Greenhouse,Temp & Humidity Sensor,2020/12/03 8:40 AM,32.5,94.0,31.0,32.5,,,30.39,,,,,,,,,,,,,
Greenhouse,Temp & Humidity Sensor,2020/12/03 8:45 AM,33.8,93.0,32.0,33.8,,,30.39,,,,,,,,,,,,,
Greenhouse,Temp & Humidity Sensor,2020/12/03 8:50 AM,35.2,92.0,33.1,35.2,,,30.39,,,,,,,,,,,,,
Greenhouse,Temp & Humidity Sensor,2020/12/03 8:55 AM,36.8,89.0,33.9,36.8,,,30.39,,,,,,,,,,,,,
Greenhouse,Temp & Humidity Sensor,2020/12/03 9:00 AM,35.6,88.0,32.4,35.6,,,30.39,,,,,,,,,,,,,
Greenhouse,Temp & Humidity Sensor,2020/12/03 9:05 AM,34.7,89.0,31.8,34.7,,,30.39,,,,,,,,,,,,,
Greenhouse,Temp & Humidity Sensor,2020/12/03 9:10 AM,34.8,90.0,32.2,34.8,,,30.39,,,,,,,,,,,,,
Greenhouse,Temp & Humidity Sensor,2020/12/03 9:15 AM,35.4,90.0,32.8,35.4,,,30.39,,,,,,,,,,,,,
Greenhouse,Temp & Humidity Sensor,2020/12/03 9:20 AM,36.5,89.0,33.6,36.5,,,30.39,,,,,,,,,,,,,
Greenhouse,Temp & Humidity Sensor,2020/12/03 9:25 AM,36.8,89.0,33.9,36.8,,,30.38,,,,,,,,,,,,,
Greenhouse,Temp & Humidity Sensor,2020/12/03 9:30 AM,37.4,88.0,34.2,37.4,,,30.38,,,,,,,,,,,,,
Greenhouse,Temp & Humidity Sensor,2020/12/03 9:35 AM,38.1,88.0,34.9,38.1,,,30.38,,,,,,,,,,,,,
Greenhouse,Temp & Humidity Sensor,2020/12/03 9:40 AM,37.9,88.0,34.7,37.9,,,30.38,,,,,,,,,,,,,
Greenhouse,Temp & Humidity Sensor,2020/12/03 9:45 AM,38.3,88.0,35.1,38.3,,,30.39,,,,,,,,,,,,,
Greenhouse,Temp & Humidity Sensor,2020/12/03 9:50 AM,38.3,86.0,34.5,38.3,,,30.38,,,,,,,,,,,,,
Greenhouse,Temp & Humidity Sensor,2020/12/03 9:55 AM,40.6,86.0,36.7,38.4,,,30.39,,,,,,,,,,,,,
Greenhouse,Temp & Humidity Sensor,2020/12/03 10:00 AM,43.5,83.0,38.7,41.5,,,30.39,,,,,,,,,,,,,
Greenhouse,Temp & Humidity Sensor,2020/12/03 10:05 AM,44.6,81.0,39.1,42.6,,,30.39,,,,,,,,,,,,,
Greenhouse,Temp & Humidity Sensor,2020/12/03 10:10 AM,43.7,77.0,37.0,41.4,,,30.39,,,,,,,,,,,,,
Greenhouse,Temp & Humidity Sensor,2020/12/03 10:15 AM,43.1,74.0,35.4,40.6,,,30.39,,,,,,,,,,,,,
Greenhouse,Temp & Humidity Sensor,2020/12/03 10:20 AM,43.7,75.0,36.3,41.3,,,30.39,,,,,,,,,,,,,
Greenhouse,Temp & Humidity Sensor,2020/12/03 10:25 AM,46.0,70.0,36.8,43.6,,,30.38,,,,,,,,,,,,,
Greenhouse,Temp & Humidity Sensor,2020/12/03 10:30 AM,45.6,72.0,37.1,43.2,,,30.39,,,,,,,,,,,,,
Greenhouse,Temp & Humidity Sensor,2020/12/03 10:35 AM,45.3,56.0,30.5,42.2,,,30.38,,,,,,,,,,,,,
Greenhouse,Temp & Humidity Sensor,2020/12/03 10:40 AM,45.6,62.0,33.3,42.8,,,30.38,,,,,,,,,,,,,
Greenhouse,Temp & Humidity Sensor,2020/12/03 10:45 AM,46.0,59.0,32.5,43.1,,,30.38,,,,,,,,,,,,,
Greenhouse,Temp & Humidity Sensor,2020/12/03 10:50 AM,46.7,57.0,32.3,43.7,,,30.38,,,,,,,,,,,,,
Greenhouse,Temp & Humidity Sensor,2020/12/03 10:55 AM,47.8,55.0,32.4,44.9,,,30.38,,,,,,,,,,,,,
Greenhouse,Temp & Humidity Sensor,2020/12/03 11:00 AM,47.4,59.0,33.8,44.6,,,30.38,,,,,,,,,,,,,
Greenhouse,Temp & Humidity Sensor,2020/12/03 11:05 AM,47.3,52.0,30.6,44.2,,,30.38,,,,,,,,,,,,,
Greenhouse,Temp & Humidity Sensor,2020/12/03 11:10 AM,47.6,55.0,32.2,44.6,,,30.38,,,,,,,,,,,,,
Greenhouse,Temp & Humidity Sensor,2020/12/03 11:15 AM,48.0,54.0,32.2,45.0,,,30.38,,,,,,,,,,,,,
Greenhouse,Temp & Humidity Sensor,2020/12/03 11:20 AM,48.3,54.0,32.4,45.4,,,30.38,,,,,,,,,,,,,
Greenhouse,Temp & Humidity Sensor,2020/12/03 11:25 AM,48.9,55.0,33.5,46.1,,,30.37,,,,,,,,,,,,,
Greenhouse,Temp & Humidity Sensor,2020/12/03 11:30 AM,50.3,50.0,32.4,47.4,,,30.37,,,,,,,,,,,,,
Greenhouse,Temp & Humidity Sensor,2020/12/03 11:35 AM,51.0,50.0,33.0,48.1,,,30.37,,,,,,,,,,,,,
Greenhouse,Temp & Humidity Sensor,2020/12/03 11:40 AM,53.6,50.0,35.4,51.0,,,30.37,,,,,,,,,,,,,
Greenhouse,Temp & Humidity Sensor,2020/12/03 11:45 AM,56.3,47.0,36.3,53.8,,,30.36,,,,,,,,,,,,,
Greenhouse,Temp & Humidity Sensor,2020/12/03 11:50 AM,53.9,48.0,34.7,51.2,,,30.36,,,,,,,,,,,,,
Greenhouse,Temp & Humidity Sensor,2020/12/03 11:55 AM,52.5,40.0,28.9,49.3,,,30.35,,,,,,,,,,,,,
Greenhouse,Temp & Humidity Sensor,2020/12/03 12:00 PM,51.9,40.0,28.3,48.7,,,30.35,,,,,,,,,,,,,
Greenhouse,Temp & Humidity Sensor,2020/12/03 12:05 PM,52.1,43.0,30.3,49.0,,,30.35,,,,,,,,,,,,,
Greenhouse,Temp & Humidity Sensor,2020/12/03 12:10 PM,51.6,41.0,28.7,48.4,,,30.35,,,,,,,,,,,,,
Greenhouse,Temp & Humidity Sensor,2020/12/03 12:15 PM,51.6,42.0,29.3,48.4,,,30.34,,,,,,,,,,,,,
Greenhouse,Temp & Humidity Sensor,2020/12/03 12:20 PM,52.1,41.0,29.1,48.9,,,30.34,,,,,,,,,,,,,
Greenhouse,Temp & Humidity Sensor,2020/12/03 12:25 PM,53.0,42.0,30.5,50.0,,,30.34,,,,,,,,,,,,,
Greenhouse,Temp & Humidity Sensor,2020/12/03 12:30 PM,54.1,41.0,30.9,51.1,,,30.33,,,,,,,,,,,,,
Greenhouse,Temp & Humidity Sensor,2020/12/03 12:35 PM,55.7,40.0,31.8,52.9,,,30.33,,,,,,,,,,,,,
Greenhouse,Temp & Humidity Sensor,2020/12/03 12:40 PM,54.3,41.0,31.1,51.4,,,30.32,,,,,,,,,,,,,
Greenhouse,Temp & Humidity Sensor,2020/12/03 12:45 PM,53.6,40.0,29.9,50.5,,,30.32,,,,,,,,,,,,,
Greenhouse,Temp & Humidity Sensor,2020/12/03 12:50 PM,59.5,41.0,35.8,57.1,,,30.32,,,,,,,,,,,,,
Greenhouse,Temp & Humidity Sensor,2020/12/03 12:55 PM,60.9,40.0,36.4,58.6,,,30.32,,,,,,,,,,,,,
Greenhouse,Temp & Humidity Sensor,2020/12/03 1:00 PM,57.5,41.0,34.0,54.9,,,30.32,,,,,,,,,,,,,
Greenhouse,Temp & Humidity Sensor,2020/12/03 1:05 PM,57.2,41.0,33.7,54.5,,,30.32,,,,,,,,,,,,,
Greenhouse,Temp & Humidity Sensor,2020/12/03 1:10 PM,55.4,36.0,28.9,52.3,,,30.32,,,,,,,,,,,,,
Greenhouse,Temp & Humidity Sensor,2020/12/03 1:15 PM,54.8,36.0,28.4,51.7,,,30.31,,,,,,,,,,,,,
Greenhouse,Temp & Humidity Sensor,2020/12/03 1:20 PM,59.7,40.0,35.3,57.3,,,30.31,,,,,,,,,,,,,
Greenhouse,Temp & Humidity Sensor,2020/12/03 1:25 PM,61.3,30.0,29.6,58.5,,,30.31,,,,,,,,,,,,,
Greenhouse,Temp & Humidity Sensor,2020/12/03 1:30 PM,57.7,30.0,26.5,54.6,,,30.31,,,,,,,,,,,,,
Greenhouse,Temp & Humidity Sensor,2020/12/03 1:35 PM,55.9,32.0,26.5,52.7,,,30.31,,,,,,,,,,,,,
Greenhouse,Temp & Humidity Sensor,2020/12/03 1:40 PM,55.4,31.0,25.3,52.1,,,30.3,,,,,,,,,,,,,
Greenhouse,Temp & Humidity Sensor,2020/12/03 1:45 PM,55.9,34.0,27.9,52.8,,,30.3,,,,,,,,,,,,,
Greenhouse,Temp & Humidity Sensor,2020/12/03 1:50 PM,55.2,33.0,26.6,52.0,,,30.31,,,,,,,,,,,,,
Greenhouse,Temp & Humidity Sensor,2020/12/03 1:55 PM,55.0,33.0,26.4,51.8,,,30.3,,,,,,,,,,,,,
Greenhouse,Temp & Humidity Sensor,2020/12/03 2:00 PM,55.4,35.0,28.2,52.3,,,30.3,,,,,,,,,,,,,
Greenhouse,Temp & Humidity Sensor,2020/12/03 2:05 PM,56.4,33.0,27.7,53.3,,,30.3,,,,,,,,,,,,,
Greenhouse,Temp & Humidity Sensor,2020/12/03 2:10 PM,56.3,34.0,28.3,53.2,,,30.3,,,,,,,,,,,,,
Greenhouse,Temp & Humidity Sensor,2020/12/03 2:15 PM,55.2,34.0,27.3,52.0,,,30.29,,,,,,,,,,,,,
Greenhouse,Temp & Humidity Sensor,2020/12/03 2:20 PM,54.6,37.0,28.9,51.5,,,30.3,,,,,,,,,,,,,
Greenhouse,Temp & Humidity Sensor,2020/12/03 2:25 PM,55.2,33.0,26.6,52.0,,,30.3,,,,,,,,,,,,,
Greenhouse,Temp & Humidity Sensor,2020/12/03 2:30 PM,55.0,37.0,29.2,51.9,,,30.29,,,,,,,,,,,,,
Greenhouse,Temp & Humidity Sensor,2020/12/03 2:35 PM,55.7,33.0,27.0,52.5,,,30.29,,,,,,,,,,,,,
Greenhouse,Temp & Humidity Sensor,2020/12/03 2:40 PM,56.6,36.0,30.0,53.7,,,30.29,,,,,,,,,,,,,
Greenhouse,Temp & Humidity Sensor,2020/12/03 2:45 PM,56.1,34.0,28.1,53.0,,,30.29,,,,,,,,,,,,,
Greenhouse,Temp & Humidity Sensor,2020/12/03 2:50 PM,57.5,38.0,32.1,54.7,,,30.29,,,,,,,,,,,,,
Greenhouse,Temp & Humidity Sensor,2020/12/03 2:55 PM,60.0,35.0,32.3,57.3,,,30.29,,,,,,,,,,,,,
Greenhouse,Temp & Humidity Sensor,2020/12/03 3:00 PM,57.7,38.0,32.3,55.0,,,30.29,,,,,,,,,,,,,
Greenhouse,Temp & Humidity Sensor,2020/12/03 3:05 PM,55.7,38.0,30.5,52.8,,,30.29,,,,,,,,,,,,,
Greenhouse,Temp & Humidity Sensor,2020/12/03 3:10 PM,54.8,37.0,29.0,51.7,,,30.29,,,,,,,,,,,,,
Greenhouse,Temp & Humidity Sensor,2020/12/03 3:15 PM,54.6,33.0,26.1,51.3,,,30.29,,,,,,,,,,,,,
Greenhouse,Temp & Humidity Sensor,2020/12/03 3:20 PM,54.3,37.0,28.6,51.2,,,30.29,,,,,,,,,,,,,
Greenhouse,Temp & Humidity Sensor,2020/12/03 3:25 PM,56.6,36.0,30.0,53.7,,,30.29,,,,,,,,,,,,,
Greenhouse,Temp & Humidity Sensor,2020/12/03 3:30 PM,55.9,35.0,28.7,52.8,,,30.29,,,,,,,,,,,,,
Greenhouse,Temp & Humidity Sensor,2020/12/03 3:35 PM,54.3,37.0,28.6,51.2,,,30.29,,,,,,,,,,,,,
Greenhouse,Temp & Humidity Sensor,2020/12/03 3:40 PM,55.5,38.0,30.3,52.5,,,30.29,,,,,,,,,,,,,
Greenhouse,Temp & Humidity Sensor,2020/12/03 3:45 PM,54.1,39.0,29.7,51.0,,,30.29,,,,,,,,,,,,,
Greenhouse,Temp & Humidity Sensor,2020/12/03 3:50 PM,52.8,40.0,29.2,49.7,,,30.29,,,,,,,,,,,,,
Greenhouse,Temp & Humidity Sensor,2020/12/03 3:55 PM,51.8,40.0,28.3,48.6,,,30.29,,,,,,,,,,,,,
Greenhouse,Temp & Humidity Sensor,2020/12/03 4:00 PM,51.0,41.0,28.1,47.7,,,30.29,,,,,,,,,,,,,
Greenhouse,Temp & Humidity Sensor,2020/12/03 4:05 PM,50.3,41.0,27.5,47.0,,,30.29,,,,,,,,,,,,,
Greenhouse,Temp & Humidity Sensor,2020/12/03 4:10 PM,50.0,41.0,27.2,46.6,,,30.29,,,,,,,,,,,,,
Greenhouse,Temp & Humidity Sensor,2020/12/03 4:15 PM,49.4,41.0,26.7,46.0,,,30.29,,,,,,,,,,,,,
Greenhouse,Temp & Humidity Sensor,2020/12/03 4:20 PM,48.7,42.0,26.6,45.2,,,30.29,,,,,,,,,,,,,
Greenhouse,Temp & Humidity Sensor,2020/12/03 4:25 PM,48.2,42.0,26.2,44.7,,,30.29,,,,,,,,,,,,,
Greenhouse,Temp & Humidity Sensor,2020/12/03 4:30 PM,48.0,43.0,26.6,44.5,,,30.29,,,,,,,,,,,,,
Greenhouse,Temp & Humidity Sensor,2020/12/03 4:35 PM,47.8,43.0,26.4,44.3,,,30.29,,,,,,,,,,,,,
Greenhouse,Temp & Humidity Sensor,2020/12/03 4:40 PM,47.3,43.0,25.9,43.8,,,30.29,,,,,,,,,,,,,
Greenhouse,Temp & Humidity Sensor,2020/12/03 4:45 PM,46.5,44.0,25.8,42.9,,,30.29,,,,,,,,,,,,,
Greenhouse,Temp & Humidity Sensor,2020/12/03 4:50 PM,45.8,45.0,25.7,42.2,,,30.29,,,,,,,,,,,,,
Greenhouse,Temp & Humidity Sensor,2020/12/03 4:55 PM,45.3,46.0,25.8,41.7,,,30.29,,,,,,,,,,,,,
Greenhouse,Temp & Humidity Sensor,2020/12/03 5:00 PM,44.7,46.0,25.2,41.0,,,30.29,,,,,,,,,,,,,
Greenhouse,Temp & Humidity Sensor,2020/12/03 5:05 PM,44.6,49.0,26.6,41.1,,,30.29,,,,,,,,,,,,,
Greenhouse,Temp & Humidity Sensor,2020/12/03 5:10 PM,43.7,50.0,26.3,40.1,,,30.29,,,,,,,,,,,,,
Greenhouse,Temp & Humidity Sensor,2020/12/03 5:15 PM,43.1,50.0,25.7,39.5,,,30.29,,,,,,,,,,,,,
Greenhouse,Temp & Humidity Sensor,2020/12/03 5:20 PM,42.8,50.0,25.5,39.1,,,30.29,,,,,,,,,,,,,
Greenhouse,Temp & Humidity Sensor,2020/12/03 5:25 PM,42.8,51.0,25.9,39.2,,,30.29,,,,,,,,,,,,,
Greenhouse,Temp & Humidity Sensor,2020/12/03 5:30 PM,42.2,53.0,26.3,38.6,,,30.29,,,,,,,,,,,,,
Greenhouse,Temp & Humidity Sensor,2020/12/03 5:35 PM,41.9,53.0,26.0,38.3,,,30.29,,,,,,,,,,,,,
Greenhouse,Temp & Humidity Sensor,2020/12/03 5:40 PM,41.5,53.0,25.7,37.8,,,30.28,,,,,,,,,,,,,
Greenhouse,Temp & Humidity Sensor,2020/12/03 5:45 PM,41.0,53.0,25.2,37.3,,,30.29,,,,,,,,,,,,,
Greenhouse,Temp & Humidity Sensor,2020/12/03 5:50 PM,41.0,54.0,25.6,37.3,,,30.29,,,,,,,,,,,,,
Greenhouse,Temp & Humidity Sensor,2020/12/03 5:55 PM,40.6,56.0,26.1,37.0,,,30.28,,,,,,,,,,,,,
Greenhouse,Temp & Humidity Sensor,2020/12/03 6:00 PM,40.4,57.0,26.4,36.8,,,30.28,,,,,,,,,,,,,
Greenhouse,Temp & Humidity Sensor,2020/12/03 6:05 PM,40.1,58.0,26.5,36.5,,,30.28,,,,,,,,,,,,,
Greenhouse,Temp & Humidity Sensor,2020/12/03 6:10 PM,40.1,61.0,27.7,36.7,,,30.29,,,,,,,,,,,,,
Greenhouse,Temp & Humidity Sensor,2020/12/03 6:15 PM,39.7,62.0,27.8,39.7,,,30.29,,,,,,,,,,,,,
Greenhouse,Temp & Humidity Sensor,2020/12/03 6:20 PM,39.5,65.0,28.7,39.5,,,30.29,,,,,,,,,,,,,
Greenhouse,Temp & Humidity Sensor,2020/12/03 6:25 PM,39.3,64.0,28.2,39.3,,,30.29,,,,,,,,,,,,,
Greenhouse,Temp & Humidity Sensor,2020/12/03 6:30 PM,39.5,70.0,30.5,39.5,,,30.28,,,,,,,,,,,,,
Greenhouse,Temp & Humidity Sensor,2020/12/03 6:35 PM,39.3,72.0,31.0,39.3,,,30.29,,,,,,,,,,,,,
Greenhouse,Temp & Humidity Sensor,2020/12/03 6:40 PM,39.0,69.0,29.7,39.0,,,30.28,,,,,,,,,,,,,
Greenhouse,Temp & Humidity Sensor,2020/12/03 6:45 PM,39.0,72.0,30.8,39.0,,,30.28,,,,,,,,,,,,,
Greenhouse,Temp & Humidity Sensor,2020/12/03 6:50 PM,39.0,74.0,31.4,39.0,,,30.29,,,,,,,,,,,,,
Greenhouse,Temp & Humidity Sensor,2020/12/03 6:55 PM,38.4,72.0,30.2,38.4,,,30.29,,,,,,,,,,,,,
Greenhouse,Temp & Humidity Sensor,2020/12/03 7:00 PM,38.3,73.0,30.4,38.3,,,30.29,,,,,,,,,,,,,
Greenhouse,Temp & Humidity Sensor,2020/12/03 7:05 PM,38.3,76.0,31.4,38.3,,,30.29,,,,,,,,,,,,,
Greenhouse,Temp & Humidity Sensor,2020/12/03 7:10 PM,37.7,74.0,30.2,37.7,,,30.29,,,,,,,,,,,,,
Greenhouse,Temp & Humidity Sensor,2020/12/03 7:15 PM,37.4,72.0,29.2,37.4,,,30.29,,,,,,,,,,,,,
Greenhouse,Temp & Humidity Sensor,2020/12/03 7:20 PM,37.7,75.0,30.5,37.7,,,30.29,,,,,,,,,,,,,
Greenhouse,Temp & Humidity Sensor,2020/12/03 7:25 PM,37.5,77.0,31.0,37.5,,,30.29,,,,,,,,,,,,,
Greenhouse,Temp & Humidity Sensor,2020/12/03 7:30 PM,37.2,76.0,30.3,37.2,,,30.29,,,,,,,,,,,,,
Greenhouse,Temp & Humidity Sensor,2020/12/03 7:35 PM,36.8,75.0,29.6,36.8,,,30.3,,,,,,,,,,,,,
Greenhouse,Temp & Humidity Sensor,2020/12/03 7:40 PM,36.6,74.0,29.1,36.6,,,30.3,,,,,,,,,,,,,
Greenhouse,Temp & Humidity Sensor,2020/12/03 7:45 PM,37.2,79.0,31.3,37.2,,,30.3,,,,,,,,,,,,,
Greenhouse,Temp & Humidity Sensor,2020/12/03 7:50 PM,37.2,81.0,31.9,37.2,,,30.3,,,,,,,,,,,,,
Greenhouse,Temp & Humidity Sensor,2020/12/03 7:55 PM,36.3,78.0,30.1,36.3,,,30.3,,,,,,,,,,,,,
Greenhouse,Temp & Humidity Sensor,2020/12/03 8:00 PM,35.9,76.0,29.1,35.9,,,30.3,,,,,,,,,,,,,
Greenhouse,Temp & Humidity Sensor,2020/12/03 8:05 PM,36.3,78.0,30.1,36.3,,,30.3,,,,,,,,,,,,,
Greenhouse,Temp & Humidity Sensor,2020/12/03 8:10 PM,36.5,82.0,31.5,36.5,,,30.3,,,,,,,,,,,,,
Greenhouse,Temp & Humidity Sensor,2020/12/03 8:15 PM,36.3,81.0,31.0,36.3,,,30.3,,,,,,,,,,,,,
Greenhouse,Temp & Humidity Sensor,2020/12/03 8:20 PM,35.7,79.0,29.8,35.7,,,30.3,,,,,,,,,,,,,
Greenhouse,Temp & Humidity Sensor,2020/12/03 8:25 PM,35.9,81.0,30.6,35.9,,,30.3,,,,,,,,,,,,,
Greenhouse,Temp & Humidity Sensor,2020/12/03 8:30 PM,35.7,82.0,30.8,35.7,,,30.3,,,,,,,,,,,,,
Greenhouse,Temp & Humidity Sensor,2020/12/03 8:35 PM,35.6,82.0,30.7,35.6,,,30.3,,,,,,,,,,,,,
Greenhouse,Temp & Humidity Sensor,2020/12/03 8:40 PM,35.6,81.0,30.4,35.6,,,30.3,,,,,,,,,,,,,
Greenhouse,Temp & Humidity Sensor,2020/12/03 8:45 PM,35.6,83.0,31.0,35.6,,,30.3,,,,,,,,,,,,,
Greenhouse,Temp & Humidity Sensor,2020/12/03 8:50 PM,35.0,82.0,30.1,35.0,,,30.3,,,,,,,,,,,,,
Greenhouse,Temp & Humidity Sensor,2020/12/03 8:55 PM,35.0,82.0,30.1,35.0,,,30.3,,,,,,,,,,,,,
Greenhouse,Temp & Humidity Sensor,2020/12/03 9:00 PM,35.2,83.0,30.6,35.2,,,30.3,,,,,,,,,,,,,
Greenhouse,Temp & Humidity Sensor,2020/12/03 9:05 PM,35.0,84.0,30.7,35.0,,,30.3,,,,,,,,,,,,,
Greenhouse,Temp & Humidity Sensor,2020/12/03 9:10 PM,35.0,85.0,31.0,35.0,,,30.3,,,,,,,,,,,,,
Greenhouse,Temp & Humidity Sensor,2020/12/03 9:15 PM,34.7,83.0,30.1,34.7,,,30.3,,,,,,,,,,,,,
Greenhouse,Temp & Humidity Sensor,2020/12/03 9:20 PM,34.8,84.0,30.5,34.8,,,30.3,,,,,,,,,,,,,
Greenhouse,Temp & Humidity Sensor,2020/12/03 9:25 PM,35.4,87.0,31.9,35.4,,,30.29,,,,,,,,,,,,,
Greenhouse,Temp & Humidity Sensor,2020/12/03 9:30 PM,35.0,87.0,31.5,35.0,,,30.3,,,,,,,,,,,,,
Greenhouse,Temp & Humidity Sensor,2020/12/03 9:35 PM,35.0,86.0,31.2,35.0,,,30.3,,,,,,,,,,,,,
Greenhouse,Temp & Humidity Sensor,2020/12/03 9:40 PM,34.8,87.0,31.3,34.8,,,30.3,,,,,,,,,,,,,
Greenhouse,Temp & Humidity Sensor,2020/12/03 9:45 PM,34.7,86.0,30.9,34.7,,,30.3,,,,,,,,,,,,,
Greenhouse,Temp & Humidity Sensor,2020/12/03 9:50 PM,35.2,88.0,32.0,35.2,,,30.3,,,,,,,,,,,,,
Greenhouse,Temp & Humidity Sensor,2020/12/03 9:55 PM,35.2,89.0,32.3,35.2,,,30.3,,,,,,,,,,,,,
Greenhouse,Temp & Humidity Sensor,2020/12/03 10:00 PM,35.2,89.0,32.3,35.2,,,30.3,,,,,,,,,,,,,
Greenhouse,Temp & Humidity Sensor,2020/12/03 10:05 PM,35.6,89.0,32.7,35.6,,,30.3,,,,,,,,,,,,,
Greenhouse,Temp & Humidity Sensor,2020/12/03 10:10 PM,35.7,89.0,32.8,35.7,,,30.3,,,,,,,,,,,,,
Greenhouse,Temp & Humidity Sensor,2020/12/03 10:15 PM,35.7,89.0,32.8,35.7,,,30.3,,,,,,,,,,,,,
Greenhouse,Temp & Humidity Sensor,2020/12/03 10:20 PM,35.7,88.0,32.5,35.7,,,30.3,,,,,,,,,,,,,
Greenhouse,Temp & Humidity Sensor,2020/12/03 10:25 PM,35.7,88.0,32.5,35.7,,,30.3,,,,,,,,,,,,,
Greenhouse,Temp & Humidity Sensor,2020/12/03 10:30 PM,35.6,88.0,32.4,35.6,,,30.29,,,,,,,,,,,,,
Greenhouse,Temp & Humidity Sensor,2020/12/03 10:35 PM,35.6,88.0,32.4,35.6,,,30.29,,,,,,,,,,,,,
Greenhouse,Temp & Humidity Sensor,2020/12/03 10:40 PM,35.7,90.0,33.1,35.7,,,30.29,,,,,,,,,,,,,
Greenhouse,Temp & Humidity Sensor,2020/12/03 10:45 PM,35.6,90.0,33.0,35.6,,,30.29,,,,,,,,,,,,,
Greenhouse,Temp & Humidity Sensor,2020/12/03 10:50 PM,35.6,90.0,33.0,35.6,,,30.29,,,,,,,,,,,,,
Greenhouse,Temp & Humidity Sensor,2020/12/03 10:55 PM,35.6,91.0,33.2,35.6,,,30.29,,,,,,,,,,,,,
Greenhouse,Temp & Humidity Sensor,2020/12/03 11:00 PM,35.6,91.0,33.2,35.6,,,30.29,,,,,,,,,,,,,
Greenhouse,Temp & Humidity Sensor,2020/12/03 11:05 PM,35.9,90.0,33.3,35.9,,,30.29,,,,,,,,,,,,,
Greenhouse,Temp & Humidity Sensor,2020/12/03 11:10 PM,36.3,90.0,33.7,36.3,,,30.29,,,,,,,,,,,,,
Greenhouse,Temp & Humidity Sensor,2020/12/03 11:15 PM,36.6,89.0,33.7,36.6,,,30.29,,,,,,,,,,,,,
Greenhouse,Temp & Humidity Sensor,2020/12/03 11:20 PM,37.0,89.0,34.1,37.0,,,30.29,,,,,,,,,,,,,
Greenhouse,Temp & Humidity Sensor,2020/12/03 11:25 PM,37.2,89.0,34.3,37.2,,,30.29,,,,,,,,,,,,,
Greenhouse,Temp & Humidity Sensor,2020/12/03 11:30 PM,37.2,89.0,34.3,37.2,,,30.29,,,,,,,,,,,,,
Greenhouse,Temp & Humidity Sensor,2020/12/03 11:35 PM,37.2,89.0,34.3,37.2,,,30.29,,,,,,,,,,,,,
Greenhouse,Temp & Humidity Sensor,2020/12/03 11:40 PM,37.0,89.0,34.1,37.0,,,30.29,,,,,,,,,,,,,
Greenhouse,Temp & Humidity Sensor,2020/12/03 11:45 PM,36.8,88.0,33.6,36.8,,,30.28,,,,,,,,,,,,,
Greenhouse,Temp & Humidity Sensor,2020/12/03 11:50 PM,37.0,88.0,33.8,37.0,,,30.29,,,,,,,,,,,,,
Greenhouse,Temp & Humidity Sensor,2020/12/03 11:55 PM,37.0,89.0,34.1,37.0,,,30.29,,,,,,,,,,,,,
Greenhouse,Temp & Humidity Sensor,2020/12/04 12:00 AM,37.0,89.0,34.1,37.0,,,30.29,,,,,,,,,,,,,
Greenhouse,Temp & Humidity Sensor,2020/12/04 12:05 AM,37.0,89.0,34.1,37.0,,,30.28,,,,,,,,,,,,,
Greenhouse,Temp & Humidity Sensor,2020/12/04 12:10 AM,37.2,89.0,34.3,37.2,,,30.28,,,,,,,,,,,,,
Greenhouse,Temp & Humidity Sensor,2020/12/04 12:15 AM,37.4,88.0,34.2,37.4,,,30.28,,,,,,,,,,,,,
Greenhouse,Temp & Humidity Sensor,2020/12/04 12:20 AM,37.4,89.0,34.5,37.4,,,30.27,,,,,,,,,,,,,
Greenhouse,Temp & Humidity Sensor,2020/12/04 12:25 AM,37.4,88.0,34.2,37.4,,,30.27,,,,,,,,,,,,,
Greenhouse,Temp & Humidity Sensor,2020/12/04 12:30 AM,37.4,88.0,34.2,37.4,,,30.27,,,,,,,,,,,,,
Greenhouse,Temp & Humidity Sensor,2020/12/04 12:35 AM,37.4,88.0,34.2,37.4,,,30.27,,,,,,,,,,,,,
Greenhouse,Temp & Humidity Sensor,2020/12/04 12:40 AM,37.5,87.0,34.0,37.5,,,30.27,,,,,,,,,,,,,
Greenhouse,Temp & Humidity Sensor,2020/12/04 12:45 AM,37.7,87.0,34.2,37.7,,,30.26,,,,,,,,,,,,,
Greenhouse,Temp & Humidity Sensor,2020/12/04 12:50 AM,37.5,87.0,34.0,37.5,,,30.26,,,,,,,,,,,,,
Greenhouse,Temp & Humidity Sensor,2020/12/04 12:55 AM,37.5,87.0,34.0,37.5,,,30.26,,,,,,,,,,,,,
Greenhouse,Temp & Humidity Sensor,2020/12/04 1:00 AM,37.7,88.0,34.5,37.7,,,30.26,,,,,,,,,,,,,
Greenhouse,Temp & Humidity Sensor,2020/12/04 1:05 AM,37.9,87.0,34.4,37.9,,,30.26,,,,,,,,,,,,,
Greenhouse,Temp & Humidity Sensor,2020/12/04 1:10 AM,38.1,89.0,35.2,38.1,,,30.26,,,,,,,,,,,,,
Greenhouse,Temp & Humidity Sensor,2020/12/04 1:15 AM,38.1,88.0,34.9,38.1,,,30.26,,,,,,,,,,,,,
Greenhouse,Temp & Humidity Sensor,2020/12/04 1:20 AM,38.3,88.0,35.1,38.3,,,30.26,,,,,,,,,,,,,
Greenhouse,Temp & Humidity Sensor,2020/12/04 1:25 AM,38.6,88.0,35.4,38.6,,,30.26,,,,,,,,,,,,,
Greenhouse,Temp & Humidity Sensor,2020/12/04 1:30 AM,38.6,87.0,35.1,38.6,,,30.26,,,,,,,,,,,,,
Greenhouse,Temp & Humidity Sensor,2020/12/04 1:35 AM,39.2,87.0,35.7,39.2,,,30.26,,,,,,,,,,,,,
Greenhouse,Temp & Humidity Sensor,2020/12/04 1:40 AM,39.2,88.0,35.9,39.2,,,30.26,,,,,,,,,,,,,
Greenhouse,Temp & Humidity Sensor,2020/12/04 1:45 AM,39.2,88.0,35.9,39.2,,,30.26,,,,,,,,,,,,,
Greenhouse,Temp & Humidity Sensor,2020/12/04 1:50 AM,39.2,87.0,35.7,39.2,,,30.27,,,,,,,,,,,,,
Greenhouse,Temp & Humidity Sensor,2020/12/04 1:55 AM,39.3,87.0,35.8,39.3,,,30.27,,,,,,,,,,,,,
Greenhouse,Temp & Humidity Sensor,2020/12/04 2:00 AM,39.3,87.0,35.8,39.3,,,30.27,,,,,,,,,,,,,
Greenhouse,Temp & Humidity Sensor,2020/12/04 2:05 AM,39.3,87.0,35.8,39.3,,,30.27,,,,,,,,,,,,,
Greenhouse,Temp & Humidity Sensor,2020/12/04 2:10 AM,39.5,87.0,36.0,39.5,,,30.26,,,,,,,,,,,,,
Greenhouse,Temp & Humidity Sensor,2020/12/04 2:15 AM,39.5,86.0,35.7,39.5,,,30.26,,,,,,,,,,,,,
Greenhouse,Temp & Humidity Sensor,2020/12/04 2:20 AM,39.7,86.0,35.9,39.7,,,30.26,,,,,,,,,,,,,
Greenhouse,Temp & Humidity Sensor,2020/12/04 2:25 AM,39.7,86.0,35.9,39.7,,,30.26,,,,,,,,,,,,,
Greenhouse,Temp & Humidity Sensor,2020/12/04 2:30 AM,39.9,86.0,36.1,39.9,,,30.25,,,,,,,,,,,,,
Greenhouse,Temp & Humidity Sensor,2020/12/04 2:35 AM,40.1,86.0,36.3,37.9,,,30.26,,,,,,,,,,,,,
Greenhouse,Temp & Humidity Sensor,2020/12/04 2:40 AM,40.2,86.0,36.4,38.0,,,30.25,,,,,,,,,,,,,
Greenhouse,Temp & Humidity Sensor,2020/12/04 2:45 AM,40.4,86.0,36.5,38.2,,,30.25,,,,,,,,,,,,,
Greenhouse,Temp & Humidity Sensor,2020/12/04 2:50 AM,40.4,86.0,36.5,38.2,,,30.25,,,,,,,,,,,,,
Greenhouse,Temp & Humidity Sensor,2020/12/04 2:55 AM,40.4,86.0,36.5,38.2,,,30.24,,,,,,,,,,,,,
Greenhouse,Temp & Humidity Sensor,2020/12/04 3:00 AM,40.4,86.0,36.5,38.2,,,30.24,,,,,,,,,,,,,
Greenhouse,Temp & Humidity Sensor,2020/12/04 3:05 AM,40.6,86.0,36.7,38.4,,,30.24,,,,,,,,,,,,,
Greenhouse,Temp & Humidity Sensor,2020/12/04 3:10 AM,40.8,86.0,36.9,38.6,,,30.24,,,,,,,,,,,,,
Greenhouse,Temp & Humidity Sensor,2020/12/04 3:15 AM,41.0,86.0,37.1,38.8,,,30.24,,,,,,,,,,,,,
Greenhouse,Temp & Humidity Sensor,2020/12/04 3:20 AM,41.0,86.0,37.1,38.8,,,30.24,,,,,,,,,,,,,
Greenhouse,Temp & Humidity Sensor,2020/12/04 3:25 AM,41.1,86.0,37.2,39.0,,,30.25,,,,,,,,,,,,,
Greenhouse,Temp & Humidity Sensor,2020/12/04 3:30 AM,41.1,86.0,37.2,39.0,,,30.25,,,,,,,,,,,,,
Greenhouse,Temp & Humidity Sensor,2020/12/04 3:35 AM,41.3,85.0,37.1,39.1,,,30.25,,,,,,,,,,,,,
Greenhouse,Temp & Humidity Sensor,2020/12/04 3:40 AM,41.3,85.0,37.1,39.1,,,30.25,,,,,,,,,,,,,
Greenhouse,Temp & Humidity Sensor,2020/12/04 3:45 AM,41.5,85.0,37.3,39.3,,,30.25,,,,,,,,,,,,,
Greenhouse,Temp & Humidity Sensor,2020/12/04 3:50 AM,41.5,85.0,37.3,39.3,,,30.25,,,,,,,,,,,,,
Greenhouse,Temp & Humidity Sensor,2020/12/04 3:55 AM,41.5,85.0,37.3,39.3,,,30.25,,,,,,,,,,,,,
Greenhouse,Temp & Humidity Sensor,2020/12/04 4:00 AM,41.7,85.0,37.5,39.6,,,30.24,,,,,,,,,,,,,
Greenhouse,Temp & Humidity Sensor,2020/12/04 4:05 AM,41.9,85.0,37.7,39.8,,,30.24,,,,,,,,,,,,,
Greenhouse,Temp & Humidity Sensor,2020/12/04 4:10 AM,41.9,85.0,37.7,39.8,,,30.24,,,,,,,,,,,,,
Greenhouse,Temp & Humidity Sensor,2020/12/04 4:15 AM,42.0,85.0,37.8,39.9,,,30.24,,,,,,,,,,,,,
Greenhouse,Temp & Humidity Sensor,2020/12/04 4:20 AM,42.0,85.0,37.8,39.9,,,30.24,,,,,,,,,,,,,
Greenhouse,Temp & Humidity Sensor,2020/12/04 4:25 AM,42.0,84.0,37.5,39.8,,,30.24,,,,,,,,,,,,,
Greenhouse,Temp & Humidity Sensor,2020/12/04 4:30 AM,42.0,84.0,37.5,39.8,,,30.24,,,,,,,,,,,,,
Greenhouse,Temp & Humidity Sensor,2020/12/04 4:35 AM,42.0,84.0,37.5,39.8,,,30.23,,,,,,,,,,,,,
Greenhouse,Temp & Humidity Sensor,2020/12/04 4:40 AM,42.0,84.0,37.5,39.8,,,30.23,,,,,,,,,,,,,
Greenhouse,Temp & Humidity Sensor,2020/12/04 4:45 AM,41.9,84.0,37.4,39.7,,,30.23,,,,,,,,,,,,,
Greenhouse,Temp & Humidity Sensor,2020/12/04 4:50 AM,42.0,84.0,37.5,39.8,,,30.23,,,,,,,,,,,,,
Greenhouse,Temp & Humidity Sensor,2020/12/04 4:55 AM,42.0,84.0,37.5,39.8,,,30.23,,,,,,,,,,,,,
Greenhouse,Temp & Humidity Sensor,2020/12/04 5:00 AM,42.2,84.0,37.7,40.1,,,30.23,,,,,,,,,,,,,
Greenhouse,Temp & Humidity Sensor,2020/12/04 5:05 AM,42.6,85.0,38.4,40.6,,,30.23,,,,,,,,,,,,,
Greenhouse,Temp & Humidity Sensor,2020/12/04 5:10 AM,42.4,85.0,38.2,40.3,,,30.23,,,,,,,,,,,,,
Greenhouse,Temp & Humidity Sensor,2020/12/04 5:15 AM,42.4,85.0,38.2,40.3,,,30.22,,,,,,,,,,,,,
Greenhouse,Temp & Humidity Sensor,2020/12/04 5:20 AM,42.8,85.0,38.6,40.8,,,30.22,,,,,,,,,,,,,
Greenhouse,Temp & Humidity Sensor,2020/12/04 5:25 AM,42.8,85.0,38.6,40.8,,,30.22,,,,,,,,,,,,,
Greenhouse,Temp & Humidity Sensor,2020/12/04 5:30 AM,42.8,85.0,38.6,40.8,,,30.22,,,,,,,,,,,,,
Greenhouse,Temp & Humidity Sensor,2020/12/04 5:35 AM,42.8,85.0,38.6,40.8,,,30.23,,,,,,,,,,,,,
Greenhouse,Temp & Humidity Sensor,2020/12/04 5:40 AM,43.1,85.0,38.9,41.1,,,30.22,,,,,,,,,,,,,
Greenhouse,Temp & Humidity Sensor,2020/12/04 5:45 AM,42.9,85.0,38.7,40.9,,,30.23,,,,,,,,,,,,,
Greenhouse,Temp & Humidity Sensor,2020/12/04 5:50 AM,43.1,85.0,38.9,41.1,,,30.22,,,,,,,,,,,,,
Greenhouse,Temp & Humidity Sensor,2020/12/04 5:55 AM,42.9,85.0,38.7,40.9,,,30.23,,,,,,,,,,,,,
Greenhouse,Temp & Humidity Sensor,2020/12/04 6:00 AM,42.9,84.0,38.4,40.8,,,30.23,,,,,,,,,,,,,
Greenhouse,Temp & Humidity Sensor,2020/12/04 6:05 AM,42.9,84.0,38.4,40.8,,,30.22,,,,,,,,,,,,,
Greenhouse,Temp & Humidity Sensor,2020/12/04 6:10 AM,42.9,84.0,38.4,40.8,,,30.22,,,,,,,,,,,,,
Greenhouse,Temp & Humidity Sensor,2020/12/04 6:15 AM,42.9,84.0,38.4,40.8,,,30.22,,,,,,,,,,,,,
Greenhouse,Temp & Humidity Sensor,2020/12/04 6:20 AM,43.1,84.0,38.6,41.1,,,30.22,,,,,,,,,,,,,
Greenhouse,Temp & Humidity Sensor,2020/12/04 6:25 AM,43.1,84.0,38.6,41.1,,,30.22,,,,,,,,,,,,,
Greenhouse,Temp & Humidity Sensor,2020/12/04 6:30 AM,43.1,83.0,38.3,41.0,,,30.22,,,,,,,,,,,,,
Greenhouse,Temp & Humidity Sensor,2020/12/04 6:35 AM,43.3,83.0,38.5,41.2,,,30.23,,,,,,,,,,,,,
Greenhouse,Temp & Humidity Sensor,2020/12/04 6:40 AM,43.3,83.0,38.5,41.2,,,30.23,,,,,,,,,,,,,
Greenhouse,Temp & Humidity Sensor,2020/12/04 6:45 AM,43.3,83.0,38.5,41.2,,,30.22,,,,,,,,,,,,,
Greenhouse,Temp & Humidity Sensor,2020/12/04 6:50 AM,43.5,83.0,38.7,41.5,,,30.22,,,,,,,,,,,,,
Greenhouse,Temp & Humidity Sensor,2020/12/04 6:55 AM,43.5,83.0,38.7,41.5,,,30.22,,,,,,,,,,,,,
Greenhouse,Temp & Humidity Sensor,2020/12/04 7:00 AM,43.7,83.0,38.9,41.7,,,30.22,,,,,,,,,,,,,
Greenhouse,Temp & Humidity Sensor,2020/12/04 7:05 AM,43.7,83.0,38.9,41.7,,,30.22,,,,,,,,,,,,,
Greenhouse,Temp & Humidity Sensor,2020/12/04 7:10 AM,43.8,83.0,39.0,41.8,,,30.22,,,,,,,,,,,,,
Greenhouse,Temp & Humidity Sensor,2020/12/04 7:15 AM,43.8,83.0,39.0,41.8,,,30.23,,,,,,,,,,,,,
Greenhouse,Temp & Humidity Sensor,2020/12/04 7:20 AM,43.8,83.0,39.0,41.8,,,30.22,,,,,,,,,,,,,
Greenhouse,Temp & Humidity Sensor,2020/12/04 7:25 AM,43.8,83.0,39.0,41.8,,,30.22,,,,,,,,,,,,,
Greenhouse,Temp & Humidity Sensor,2020/12/04 7:30 AM,44.0,82.0,38.9,42.0,,,30.22,,,,,,,,,,,,,
Greenhouse,Temp & Humidity Sensor,2020/12/04 7:35 AM,44.2,82.0,39.1,42.2,,,30.22,,,,,,,,,,,,,
Greenhouse,Temp & Humidity Sensor,2020/12/04 7:40 AM,44.4,81.0,38.9,42.3,,,30.22,,,,,,,,,,,,,
Greenhouse,Temp & Humidity Sensor,2020/12/04 7:45 AM,44.6,82.0,39.5,42.6,,,30.22,,,,,,,,,,,,,
Greenhouse,Temp & Humidity Sensor,2020/12/04 7:50 AM,44.7,82.0,39.5,42.7,,,30.22,,,,,,,,,,,,,
Greenhouse,Temp & Humidity Sensor,2020/12/04 7:55 AM,44.9,82.0,39.7,42.9,,,30.22,,,,,,,,,,,,,
Greenhouse,Temp & Humidity Sensor,2020/12/04 8:00 AM,45.1,81.0,39.6,43.1,,,30.22,,,,,,,,,,,,,
Greenhouse,Temp & Humidity Sensor,2020/12/04 8:05 AM,45.3,80.0,39.5,43.3,,,30.22,,,,,,,,,,,,,
Greenhouse,Temp & Humidity Sensor,2020/12/04 8:10 AM,45.3,80.0,39.5,43.3,,,30.22,,,,,,,,,,,,,
Greenhouse,Temp & Humidity Sensor,2020/12/04 8:15 AM,45.3,80.0,39.5,43.3,,,30.22,,,,,,,,,,,,,
Greenhouse,Temp & Humidity Sensor,2020/12/04 8:20 AM,45.5,79.0,39.4,43.5,,,30.22,,,,,,,,,,,,,
Greenhouse,Temp & Humidity Sensor,2020/12/04 8:25 AM,45.6,80.0,39.8,43.6,,,30.21,,,,,,,,,,,,,
Greenhouse,Temp & Humidity Sensor,2020/12/04 8:30 AM,45.8,79.0,39.7,43.8,,,30.21,,,,,,,,,,,,,
Greenhouse,Temp & Humidity Sensor,2020/12/04 8:35 AM,45.8,80.0,40.0,43.8,,,30.21,,,,,,,,,,,,,
Greenhouse,Temp & Humidity Sensor,2020/12/04 8:40 AM,46.0,80.0,40.2,44.1,,,30.21,,,,,,,,,,,,,
Greenhouse,Temp & Humidity Sensor,2020/12/04 8:45 AM,46.0,80.0,40.2,44.1,,,30.21,,,,,,,,,,,,,
Greenhouse,Temp & Humidity Sensor,2020/12/04 8:50 AM,45.8,80.0,40.0,43.8,,,30.21,,,,,,,,,,,,,
Greenhouse,Temp & Humidity Sensor,2020/12/04 8:55 AM,45.8,80.0,40.0,43.8,,,30.22,,,,,,,,,,,,,
Greenhouse,Temp & Humidity Sensor,2020/12/04 9:00 AM,46.2,79.0,40.1,44.2,,,30.22,,,,,,,,,,,,,
Greenhouse,Temp & Humidity Sensor,2020/12/04 9:05 AM,46.9,78.0,40.4,45.0,,,30.21,,,,,,,,,,,,,
Greenhouse,Temp & Humidity Sensor,2020/12/04 9:10 AM,47.4,78.0,40.9,45.5,,,30.21,,,,,,,,,,,,,
Greenhouse,Temp & Humidity Sensor,2020/12/04 9:15 AM,48.2,77.0,41.3,46.3,,,30.21,,,,,,,,,,,,,
Greenhouse,Temp & Humidity Sensor,2020/12/04 9:20 AM,48.9,77.0,42.0,47.1,,,30.21,,,,,,,,,,,,,
Greenhouse,Temp & Humidity Sensor,2020/12/04 9:25 AM,49.4,75.0,41.8,47.6,,,30.21,,,,,,,,,,,,,
Greenhouse,Temp & Humidity Sensor,2020/12/04 9:30 AM,50.0,73.0,41.7,48.1,,,30.21,,,,,,,,,,,,,
Greenhouse,Temp & Humidity Sensor,2020/12/04 9:35 AM,50.3,71.0,41.3,48.4,,,30.21,,,,,,,,,,,,,
Greenhouse,Temp & Humidity Sensor,2020/12/04 9:40 AM,50.7,71.0,41.6,48.8,,,30.21,,,,,,,,,,,,,
Greenhouse,Temp & Humidity Sensor,2020/12/04 9:45 AM,50.9,71.0,41.8,49.0,,,30.21,,,,,,,,,,,,,
Greenhouse,Temp & Humidity Sensor,2020/12/04 9:50 AM,50.9,71.0,41.8,49.0,,,30.21,,,,,,,,,,,,,
Greenhouse,Temp & Humidity Sensor,2020/12/04 9:55 AM,51.2,71.0,42.1,49.4,,,30.21,,,,,,,,,,,,,
Greenhouse,Temp & Humidity Sensor,2020/12/04 10:00 AM,52.1,70.0,42.6,50.3,,,30.21,,,,,,,,,,,,,
Greenhouse,Temp & Humidity Sensor,2020/12/04 10:05 AM,53.4,70.0,43.9,51.7,,,30.2,,,,,,,,,,,,,
Greenhouse,Temp & Humidity Sensor,2020/12/04 10:10 AM,53.9,67.0,43.2,52.1,,,30.2,,,,,,,,,,,,,
Greenhouse,Temp & Humidity Sensor,2020/12/04 10:15 AM,55.0,67.0,44.2,53.3,,,30.2,,,,,,,,,,,,,
Greenhouse,Temp & Humidity Sensor,2020/12/04 10:20 AM,55.7,65.0,44.1,54.0,,,30.2,,,,,,,,,,,,,
Greenhouse,Temp & Humidity Sensor,2020/12/04 10:25 AM,57.3,66.0,46.0,55.8,,,30.2,,,,,,,,,,,,,
Greenhouse,Temp & Humidity Sensor,2020/12/04 10:30 AM,57.5,62.0,44.6,55.9,,,30.2,,,,,,,,,,,,,
Greenhouse,Temp & Humidity Sensor,2020/12/04 10:35 AM,58.1,64.0,46.0,56.6,,,30.2,,,,,,,,,,,,,
Greenhouse,Temp & Humidity Sensor,2020/12/04 10:40 AM,57.9,62.0,45.0,56.3,,,30.19,,,,,,,,,,,,,
Greenhouse,Temp & Humidity Sensor,2020/12/04 10:45 AM,58.2,64.0,46.1,56.7,,,30.19,,,,,,,,,,,,,
Greenhouse,Temp & Humidity Sensor,2020/12/04 10:50 AM,58.6,64.0,46.5,57.2,,,30.19,,,,,,,,,,,,,
Greenhouse,Temp & Humidity Sensor,2020/12/04 10:55 AM,58.6,64.0,46.5,57.2,,,30.19,,,,,,,,,,,,,
Greenhouse,Temp & Humidity Sensor,2020/12/04 11:00 AM,58.8,64.0,46.6,57.4,,,30.19,,,,,,,,,,,,,
Greenhouse,Temp & Humidity Sensor,2020/12/04 11:05 AM,59.0,65.0,47.2,57.7,,,30.18,,,,,,,,,,,,,
Greenhouse,Temp & Humidity Sensor,2020/12/04 11:10 AM,59.3,66.0,47.9,58.0,,,30.19,,,,,,,,,,,,,
Greenhouse,Temp & Humidity Sensor,2020/12/04 11:15 AM,59.1,66.0,47.8,57.8,,,30.19,,,,,,,,,,,,,
Greenhouse,Temp & Humidity Sensor,2020/12/04 11:20 AM,59.3,66.0,47.9,58.0,,,30.19,,,,,,,,,,,,,
Greenhouse,Temp & Humidity Sensor,2020/12/04 11:25 AM,59.3,67.0,48.3,58.1,,,30.18,,,,,,,,,,,,,
Greenhouse,Temp & Humidity Sensor,2020/12/04 11:30 AM,59.3,67.0,48.3,58.1,,,30.18,,,,,,,,,,,,,
Greenhouse,Temp & Humidity Sensor,2020/12/04 11:35 AM,59.3,66.0,47.9,58.0,,,30.17,,,,,,,,,,,,,
Greenhouse,Temp & Humidity Sensor,2020/12/04 11:40 AM,59.3,67.0,48.3,58.1,,,30.17,,,,,,,,,,,,,
Greenhouse,Temp & Humidity Sensor,2020/12/04 11:45 AM,59.5,67.0,48.5,58.3,,,30.16,,,,,,,,,,,,,
Greenhouse,Temp & Humidity Sensor,2020/12/04 11:50 AM,60.2,67.0,49.2,59.1,,,30.16,,,,,,,,,,,,,
Greenhouse,Temp & Humidity Sensor,2020/12/04 11:55 AM,60.4,66.0,49.0,59.2,,,30.16,,,,,,,,,,,,,
Greenhouse,Temp & Humidity Sensor,2020/12/04 12:00 PM,59.7,65.0,47.9,58.4,,,30.16,,,,,,,,,,,,,
Greenhouse,Temp & Humidity Sensor,2020/12/04 12:05 PM,59.9,66.0,48.5,58.7,,,30.15,,,,,,,,,,,,,
Greenhouse,Temp & Humidity Sensor,2020/12/04 12:10 PM,60.4,67.0,49.4,59.3,,,30.14,,,,,,,,,,,,,
Greenhouse,Temp & Humidity Sensor,2020/12/04 12:15 PM,60.4,66.0,49.0,59.2,,,30.14,,,,,,,,,,,,,
Greenhouse,Temp & Humidity Sensor,2020/12/04 12:20 PM,61.1,66.0,49.7,60.0,,,30.13,,,,,,,,,,,,,
Greenhouse,Temp & Humidity Sensor,2020/12/04 12:25 PM,61.5,65.0,49.6,60.4,,,30.13,,,,,,,,,,,,,
Greenhouse,Temp & Humidity Sensor,2020/12/04 12:30 PM,62.0,66.0,50.5,61.0,,,30.13,,,,,,,,,,,,,
Greenhouse,Temp & Humidity Sensor,2020/12/04 12:35 PM,62.6,65.0,50.7,61.6,,,30.13,,,,,,,,,,,,,
Greenhouse,Temp & Humidity Sensor,2020/12/04 12:40 PM,62.7,64.0,50.3,61.7,,,30.13,,,,,,,,,,,,,
Greenhouse,Temp & Humidity Sensor,2020/12/04 12:45 PM,62.7,64.0,50.3,61.7,,,30.12,,,,,,,,,,,,,
Greenhouse,Temp & Humidity Sensor,2020/12/04 12:50 PM,62.7,64.0,50.3,61.7,,,30.12,,,,,,,,,,,,,
Greenhouse,Temp & Humidity Sensor,2020/12/04 12:55 PM,62.7,65.0,50.8,61.7,,,30.11,,,,,,,,,,,,,
Greenhouse,Temp & Humidity Sensor,2020/12/04 1:00 PM,62.4,66.0,50.9,61.4,,,30.11,,,,,,,,,,,,,
Greenhouse,Temp & Humidity Sensor,2020/12/04 1:05 PM,62.6,65.0,50.7,61.6,,,30.11,,,,,,,,,,,,,
Greenhouse,Temp & Humidity Sensor,2020/12/04 1:10 PM,62.7,65.0,50.8,61.7,,,30.11,,,,,,,,,,,,,
Greenhouse,Temp & Humidity Sensor,2020/12/04 1:15 PM,63.5,65.0,51.5,62.6,,,30.11,,,,,,,,,,,,,
Greenhouse,Temp & Humidity Sensor,2020/12/04 1:20 PM,66.2,60.0,51.9,65.3,,,30.1,,,,,,,,,,,,,
Greenhouse,Temp & Humidity Sensor,2020/12/04 1:25 PM,67.1,57.0,51.3,66.2,,,30.09,,,,,,,,,,,,,
Greenhouse,Temp & Humidity Sensor,2020/12/04 1:30 PM,65.3,60.0,51.1,64.3,,,30.09,,,,,,,,,,,,,
Greenhouse,Temp & Humidity Sensor,2020/12/04 1:35 PM,65.1,61.0,51.3,64.2,,,30.09,,,,,,,,,,,,,
Greenhouse,Temp & Humidity Sensor,2020/12/04 1:40 PM,65.6,62.0,52.2,64.8,,,30.08,,,,,,,,,,,,,
Greenhouse,Temp & Humidity Sensor,2020/12/04 1:45 PM,65.3,62.0,51.9,64.4,,,30.08,,,,,,,,,,,,,
Greenhouse,Temp & Humidity Sensor,2020/12/04 1:50 PM,65.6,63.0,52.7,64.8,,,30.08,,,,,,,,,,,,,
Greenhouse,Temp & Humidity Sensor,2020/12/04 1:55 PM,66.5,62.0,53.1,65.8,,,30.07,,,,,,,,,,,,,
Greenhouse,Temp & Humidity Sensor,2020/12/04 2:00 PM,66.2,61.0,52.3,65.4,,,30.07,,,,,,,,,,,,,
Greenhouse,Temp & Humidity Sensor,2020/12/04 2:05 PM,65.6,62.0,52.2,64.8,,,30.07,,,,,,,,,,,,,
Greenhouse,Temp & Humidity Sensor,2020/12/04 2:10 PM,65.6,61.0,51.8,64.7,,,30.06,,,,,,,,,,,,,
Greenhouse,Temp & Humidity Sensor,2020/12/04 2:15 PM,65.3,62.0,51.9,64.4,,,30.06,,,,,,,,,,,,,
Greenhouse,Temp & Humidity Sensor,2020/12/04 2:20 PM,64.9,62.0,51.6,64.0,,,30.06,,,,,,,,,,,,,
Greenhouse,Temp & Humidity Sensor,2020/12/04 2:25 PM,65.3,63.0,52.4,64.5,,,30.06,,,,,,,,,,,,,
Greenhouse,Temp & Humidity Sensor,2020/12/04 2:30 PM,65.8,62.0,52.4,65.0,,,30.06,,,,,,,,,,,,,
Greenhouse,Temp & Humidity Sensor,2020/12/04 2:35 PM,65.6,62.0,52.2,64.8,,,30.05,,,,,,,,,,,,,
Greenhouse,Temp & Humidity Sensor,2020/12/04 2:40 PM,64.9,62.0,51.6,64.0,,,30.04,,,,,,,,,,,,,
Greenhouse,Temp & Humidity Sensor,2020/12/04 2:45 PM,64.4,62.0,51.1,63.5,,,30.04,,,,,,,,,,,,,
Greenhouse,Temp & Humidity Sensor,2020/12/04 2:50 PM,63.8,64.0,51.4,62.9,,,30.04,,,,,,,,,,,,,
Greenhouse,Temp & Humidity Sensor,2020/12/04 2:55 PM,63.6,65.0,51.6,62.7,,,30.04,,,,,,,,,,,,,
Greenhouse,Temp & Humidity Sensor,2020/12/04 3:00 PM,63.6,65.0,51.6,62.7,,,30.04,,,,,,,,,,,,,
Greenhouse,Temp & Humidity Sensor,2020/12/04 3:05 PM,63.3,65.0,51.3,62.4,,,30.04,,,,,,,,,,,,,
Greenhouse,Temp & Humidity Sensor,2020/12/04 3:10 PM,63.1,66.0,51.6,62.2,,,30.04,,,,,,,,,,,,,
Greenhouse,Temp & Humidity Sensor,2020/12/04 3:15 PM,62.7,67.0,51.6,61.8,,,30.04,,,,,,,,,,,,,
Greenhouse,Temp & Humidity Sensor,2020/12/04 3:20 PM,62.4,67.0,51.3,61.5,,,30.03,,,,,,,,,,,,,
Greenhouse,Temp & Humidity Sensor,2020/12/04 3:25 PM,62.2,67.0,51.1,61.3,,,30.02,,,,,,,,,,,,,
Greenhouse,Temp & Humidity Sensor,2020/12/04 3:30 PM,62.0,68.0,51.3,61.1,,,30.02,,,,,,,,,,,,,
Greenhouse,Temp & Humidity Sensor,2020/12/04 3:35 PM,62.0,68.0,51.3,61.1,,,30.02,,,,,,,,,,,,,
Greenhouse,Temp & Humidity Sensor,2020/12/04 3:40 PM,62.0,68.0,51.3,61.1,,,30.02,,,,,,,,,,,,,
Greenhouse,Temp & Humidity Sensor,2020/12/04 3:45 PM,61.8,69.0,51.5,60.9,,,30.02,,,,,,,,,,,,,
Greenhouse,Temp & Humidity Sensor,2020/12/04 3:50 PM,61.7,70.0,51.8,60.9,,,30.02,,,,,,,,,,,,,
Greenhouse,Temp & Humidity Sensor,2020/12/04 3:55 PM,61.7,70.0,51.8,60.9,,,30.01,,,,,,,,,,,,,
Greenhouse,Temp & Humidity Sensor,2020/12/04 4:00 PM,61.5,70.0,51.6,60.6,,,30.02,,,,,,,,,,,,,
Greenhouse,Temp & Humidity Sensor,2020/12/04 4:05 PM,61.3,70.0,51.4,60.4,,,30.02,,,,,,,,,,,,,
Greenhouse,Temp & Humidity Sensor,2020/12/04 4:10 PM,61.1,71.0,51.6,60.2,,,30.02,,,,,,,,,,,,,
Greenhouse,Temp & Humidity Sensor,2020/12/04 4:20 PM,60.8,71.0,51.3,59.9,,,30.02,,,,,,,,,,,,,
Greenhouse,Temp & Humidity Sensor,2020/12/04 4:25 PM,60.2,72.0,51.1,59.3,,,30.01,,,,,,,,,,,,,
Greenhouse,Temp & Humidity Sensor,2020/12/04 4:30 PM,60.2,73.0,51.5,59.4,,,30.0,,,,,,,,,,,,,
Greenhouse,Temp & Humidity Sensor,2020/12/04 4:35 PM,59.7,73.0,51.0,58.8,,,30.01,,,,,,,,,,,,,
Greenhouse,Temp & Humidity Sensor,2020/12/04 4:40 PM,59.5,73.0,50.8,58.6,,,30.0,,,,,,,,,,,,,
Greenhouse,Temp & Humidity Sensor,2020/12/04 4:45 PM,59.3,74.0,51.0,58.4,,,30.0,,,,,,,,,,,,,
Greenhouse,Temp & Humidity Sensor,2020/12/04 4:50 PM,59.3,74.0,51.0,58.4,,,29.99,,,,,,,,,,,,,
Greenhouse,Temp & Humidity Sensor,2020/12/04 4:55 PM,59.0,75.0,51.1,58.1,,,29.99,,,,,,,,,,,,,
Greenhouse,Temp & Humidity Sensor,2020/12/04 5:00 PM,58.8,76.0,51.2,58.0,,,29.99,,,,,,,,,,,,,
Greenhouse,Temp & Humidity Sensor,2020/12/04 5:05 PM,58.8,76.0,51.2,58.0,,,29.99,,,,,,,,,,,,,
Greenhouse,Temp & Humidity Sensor,2020/12/04 5:10 PM,58.4,76.0,50.9,57.5,,,29.99,,,,,,,,,,,,,
Greenhouse,Temp & Humidity Sensor,2020/12/04 5:15 PM,58.2,76.0,50.7,57.3,,,29.98,,,,,,,,,,,,,
Greenhouse,Temp & Humidity Sensor,2020/12/04 5:20 PM,58.4,77.0,51.2,57.6,,,29.98,,,,,,,,,,,,,
Greenhouse,Temp & Humidity Sensor,2020/12/04 5:25 PM,58.4,76.0,50.9,57.5,,,29.98,,,,,,,,,,,,,
Greenhouse,Temp & Humidity Sensor,2020/12/04 5:30 PM,58.2,77.0,51.0,57.3,,,29.97,,,,,,,,,,,,,
Greenhouse,Temp & Humidity Sensor,2020/12/04 5:35 PM,58.2,77.0,51.0,57.3,,,29.97,,,,,,,,,,,,,
Greenhouse,Temp & Humidity Sensor,2020/12/04 5:40 PM,58.2,77.0,51.0,57.3,,,29.97,,,,,,,,,,,,,
Greenhouse,Temp & Humidity Sensor,2020/12/04 5:45 PM,58.2,77.0,51.0,57.3,,,29.97,,,,,,,,,,,,,
Greenhouse,Temp & Humidity Sensor,2020/12/04 5:50 PM,58.1,78.0,51.3,57.3,,,29.96,,,,,,,,,,,,,
Greenhouse,Temp & Humidity Sensor,2020/12/04 5:55 PM,58.2,79.0,51.7,57.4,,,29.96,,,,,,,,,,,,,
Greenhouse,Temp & Humidity Sensor,2020/12/04 6:00 PM,58.1,79.0,51.6,57.3,,,29.95,,,,,,,,,,,,,
Greenhouse,Temp & Humidity Sensor,2020/12/04 6:05 PM,57.7,81.0,51.9,57.0,,,29.95,,,,,,,,,,,,,
Greenhouse,Temp & Humidity Sensor,2020/12/04 6:10 PM,58.2,84.0,53.4,57.7,,,29.95,,,,,,,,,,,,,
Greenhouse,Temp & Humidity Sensor,2020/12/04 6:15 PM,57.7,84.0,52.9,57.1,,,29.95,,,,,,,,,,,,,
Greenhouse,Temp & Humidity Sensor,2020/12/04 6:20 PM,57.9,84.0,53.1,57.3,,,29.95,,,,,,,,,,,,,
Greenhouse,Temp & Humidity Sensor,2020/12/04 6:25 PM,57.7,83.0,52.6,57.1,,,29.94,,,,,,,,,,,,,
Greenhouse,Temp & Humidity Sensor,2020/12/04 6:30 PM,57.7,84.0,52.9,57.1,,,29.93,,,,,,,,,,,,,
Greenhouse,Temp & Humidity Sensor,2020/12/04 6:35 PM,57.7,84.0,52.9,57.1,,,29.93,,,,,,,,,,,,,
Greenhouse,Temp & Humidity Sensor,2020/12/04 6:45 PM,57.7,84.0,52.9,57.1,,,29.93,,,,,,,,,,,,,
Greenhouse,Temp & Humidity Sensor,2020/12/04 6:50 PM,57.7,85.0,53.2,57.2,,,29.92,,,,,,,,,,,,,
Greenhouse,Temp & Humidity Sensor,2020/12/04 6:55 PM,57.9,85.0,53.4,57.4,,,29.92,,,,,,,,,,,,,
Greenhouse,Temp & Humidity Sensor,2020/12/04 7:00 PM,58.1,86.0,53.9,57.7,,,29.92,,,,,,,,,,,,,
Greenhouse,Temp & Humidity Sensor,2020/12/04 7:05 PM,58.2,87.0,54.3,57.8,,,29.92,,,,,,,,,,,,,
Greenhouse,Temp & Humidity Sensor,2020/12/04 7:10 PM,58.2,87.0,54.3,57.8,,,29.92,,,,,,,,,,,,,
Greenhouse,Temp & Humidity Sensor,2020/12/04 7:15 PM,58.1,86.0,53.9,57.7,,,29.91,,,,,,,,,,,,,
Greenhouse,Temp & Humidity Sensor,2020/12/04 7:20 PM,58.1,86.0,53.9,57.7,,,29.89,,,,,,,,,,,,,
Greenhouse,Temp & Humidity Sensor,2020/12/04 7:25 PM,58.2,87.0,54.3,57.8,,,29.89,,,,,,,,,,,,,
Greenhouse,Temp & Humidity Sensor,2020/12/04 7:30 PM,58.1,87.0,54.2,57.7,,,29.88,,,,,,,,,,,,,
Greenhouse,Temp & Humidity Sensor,2020/12/04 7:35 PM,58.2,87.0,54.3,57.8,,,29.89,,,,,,,,,,,,,
Greenhouse,Temp & Humidity Sensor,2020/12/04 7:40 PM,58.2,87.0,54.3,57.8,,,29.87,,,,,,,,,,,,,
Greenhouse,Temp & Humidity Sensor,2020/12/04 7:45 PM,58.4,88.0,54.9,58.1,,,29.87,,,,,,,,,,,,,
Greenhouse,Temp & Humidity Sensor,2020/12/04 7:50 PM,58.8,89.0,55.6,58.6,,,29.88,,,,,,,,,,,,,
Greenhouse,Temp & Humidity Sensor,2020/12/04 7:55 PM,58.8,89.0,55.6,58.6,,,29.87,,,,,,,,,,,,,
Greenhouse,Temp & Humidity Sensor,2020/12/04 8:00 PM,59.0,88.0,55.4,58.7,,,29.87,,,,,,,,,,,,,
Greenhouse,Temp & Humidity Sensor,2020/12/04 8:05 PM,59.0,88.0,55.4,58.7,,,29.86,,,,,,,,,,,,,
Greenhouse,Temp & Humidity Sensor,2020/12/04 8:10 PM,59.1,89.0,55.9,58.9,,,29.85,,,,,,,,,,,,,
Greenhouse,Temp & Humidity Sensor,2020/12/04 8:15 PM,59.3,88.0,55.7,59.1,,,29.84,,,,,,,,,,,,,
Greenhouse,Temp & Humidity Sensor,2020/12/04 8:20 PM,59.5,89.0,56.3,59.3,,,29.84,,,,,,,,,,,,,
Greenhouse,Temp & Humidity Sensor,2020/12/04 8:25 PM,59.5,89.0,56.3,59.3,,,29.84,,,,,,,,,,,,,
Greenhouse,Temp & Humidity Sensor,2020/12/04 8:30 PM,59.5,89.0,56.3,59.3,,,29.83,,,,,,,,,,,,,
Greenhouse,Temp & Humidity Sensor,2020/12/04 8:35 PM,59.7,89.0,56.5,59.6,,,29.83,,,,,,,,,,,,,
Greenhouse,Temp & Humidity Sensor,2020/12/04 8:40 PM,59.9,89.0,56.6,59.8,,,29.82,,,,,,,,,,,,,
Greenhouse,Temp & Humidity Sensor,2020/12/04 8:45 PM,60.2,89.0,56.9,60.1,,,29.81,,,,,,,,,,,,,
Greenhouse,Temp & Humidity Sensor,2020/12/04 8:50 PM,60.2,89.0,56.9,60.1,,,29.81,,,,,,,,,,,,,
Greenhouse,Temp & Humidity Sensor,2020/12/04 8:55 PM,60.2,89.0,56.9,60.1,,,29.81,,,,,,,,,,,,,
Greenhouse,Temp & Humidity Sensor,2020/12/04 9:00 PM,60.4,89.0,57.1,60.3,,,29.8,,,,,,,,,,,,,
Greenhouse,Temp & Humidity Sensor,2020/12/04 9:05 PM,60.9,89.0,57.6,60.9,,,29.8,,,,,,,,,,,,,
Greenhouse,Temp & Humidity Sensor,2020/12/04 9:10 PM,61.3,90.0,58.3,61.4,,,29.8,,,,,,,,,,,,,
Greenhouse,Temp & Humidity Sensor,2020/12/04 9:15 PM,61.3,90.0,58.3,61.4,,,29.8,,,,,,,,,,,,,
Greenhouse,Temp & Humidity Sensor,2020/12/04 9:20 PM,61.5,90.0,58.5,61.6,,,29.8,,,,,,,,,,,,,
Greenhouse,Temp & Humidity Sensor,2020/12/04 9:25 PM,61.5,90.0,58.5,61.6,,,29.79,,,,,,,,,,,,,
Greenhouse,Temp & Humidity Sensor,2020/12/04 9:30 PM,61.3,89.0,58.0,61.3,,,29.79,,,,,,,,,,,,,
Greenhouse,Temp & Humidity Sensor,2020/12/04 9:35 PM,61.3,89.0,58.0,61.3,,,29.78,,,,,,,,,,,,,
Greenhouse,Temp & Humidity Sensor,2020/12/04 9:40 PM,61.5,89.0,58.2,61.5,,,29.77,,,,,,,,,,,,,
Greenhouse,Temp & Humidity Sensor,2020/12/04 9:45 PM,61.5,89.0,58.2,61.5,,,29.77,,,,,,,,,,,,,
Greenhouse,Temp & Humidity Sensor,2020/12/04 9:50 PM,61.5,89.0,58.2,61.5,,,29.77,,,,,,,,,,,,,
Greenhouse,Temp & Humidity Sensor,2020/12/04 9:55 PM,61.5,90.0,58.5,61.6,,,29.77,,,,,,,,,,,,,
Greenhouse,Temp & Humidity Sensor,2020/12/04 10:00 PM,61.5,90.0,58.5,61.6,,,29.76,,,,,,,,,,,,,
Greenhouse,Temp & Humidity Sensor,2020/12/04 10:05 PM,61.3,90.0,58.3,61.4,,,29.75,,,,,,,,,,,,,
Greenhouse,Temp & Humidity Sensor,2020/12/04 10:10 PM,61.5,90.0,58.5,61.6,,,29.74,,,,,,,,,,,,,
Greenhouse,Temp & Humidity Sensor,2020/12/04 10:15 PM,61.5,90.0,58.5,61.6,,,29.74,,,,,,,,,,,,,
Greenhouse,Temp & Humidity Sensor,2020/12/04 10:20 PM,61.7,90.0,58.7,61.8,,,29.74,,,,,,,,,,,,,
Greenhouse,Temp & Humidity Sensor,2020/12/04 10:25 PM,61.8,90.0,58.8,61.9,,,29.73,,,,,,,,,,,,,
Greenhouse,Temp & Humidity Sensor,2020/12/04 10:30 PM,61.8,90.0,58.8,61.9,,,29.73,,,,,,,,,,,,,
Greenhouse,Temp & Humidity Sensor,2020/12/04 10:35 PM,62.0,90.0,59.0,62.1,,,29.72,,,,,,,,,,,,,
Greenhouse,Temp & Humidity Sensor,2020/12/04 10:40 PM,62.6,89.0,59.3,62.7,,,29.72,,,,,,,,,,,,,
Greenhouse,Temp & Humidity Sensor,2020/12/04 10:45 PM,62.7,90.0,59.7,62.9,,,29.71,,,,,,,,,,,,,
Greenhouse,Temp & Humidity Sensor,2020/12/04 10:50 PM,62.9,90.0,59.9,63.1,,,29.71,,,,,,,,,,,,,
Greenhouse,Temp & Humidity Sensor,2020/12/04 10:55 PM,63.3,91.0,60.6,63.6,,,29.71,,,,,,,,,,,,,
Greenhouse,Temp & Humidity Sensor,2020/12/04 11:00 PM,63.3,91.0,60.6,63.6,,,29.7,,,,,,,,,,,,,
Greenhouse,Temp & Humidity Sensor,2020/12/04 11:05 PM,63.1,91.0,60.4,63.4,,,29.69,,,,,,,,,,,,,
Greenhouse,Temp & Humidity Sensor,2020/12/04 11:10 PM,63.3,91.0,60.6,63.6,,,29.69,,,,,,,,,,,,,
Greenhouse,Temp & Humidity Sensor,2020/12/04 11:15 PM,63.3,92.0,60.9,63.7,,,29.73,,,,,,,,,,,,,
Greenhouse,Temp & Humidity Sensor,2020/12/04 11:20 PM,61.8,93.0,59.8,62.1,,,29.73,,,,,,,,,,,,,
Greenhouse,Temp & Humidity Sensor,2020/12/04 11:25 PM,61.1,92.0,58.8,61.2,,,29.74,,,,,,,,,,,,,
Greenhouse,Temp & Humidity Sensor,2020/12/04 11:30 PM,60.8,92.0,58.5,60.9,,,29.74,,,,,,,,,,,,,
Greenhouse,Temp & Humidity Sensor,2020/12/04 11:35 PM,60.4,93.0,58.4,60.5,,,29.74,,,,,,,,,,,,,
Greenhouse,Temp & Humidity Sensor,2020/12/04 11:40 PM,60.4,93.0,58.4,60.5,,,29.72,,,,,,,,,,,,,
Greenhouse,Temp & Humidity Sensor,2020/12/04 11:45 PM,60.2,93.0,58.2,60.3,,,29.72,,,,,,,,,,,,,
Greenhouse,Temp & Humidity Sensor,2020/12/04 11:50 PM,60.0,93.0,58.0,60.1,,,29.71,,,,,,,,,,,,,
Greenhouse,Temp & Humidity Sensor,2020/12/04 11:55 PM,60.0,93.0,58.0,60.1,,,29.7,,,,,,,,,,,,,
Greenhouse,Temp & Humidity Sensor,2020/12/05 12:00 AM,60.0,93.0,58.0,60.1,,,29.71,,,,,,,,,,,,,
Greenhouse,Temp & Humidity Sensor,2020/12/05 12:05 AM,59.9,93.0,57.9,60.0,,,29.72,,,,,,,,,,,,,
Greenhouse,Temp & Humidity Sensor,2020/12/05 12:10 AM,59.9,93.0,57.9,60.0,,,29.72,,,,,,,,,,,,,
Greenhouse,Temp & Humidity Sensor,2020/12/05 12:15 AM,59.7,93.0,57.7,59.7,,,29.72,,,,,,,,,,,,,
Greenhouse,Temp & Humidity Sensor,2020/12/05 12:20 AM,59.1,93.0,57.1,59.1,,,29.72,,,,,,,,,,,,,
Greenhouse,Temp & Humidity Sensor,2020/12/05 12:25 AM,58.8,93.0,56.8,58.8,,,29.73,,,,,,,,,,,,,
Greenhouse,Temp & Humidity Sensor,2020/12/05 12:30 AM,58.8,93.0,56.8,58.8,,,29.72,,,,,,,,,,,,,
Greenhouse,Temp & Humidity Sensor,2020/12/05 12:35 AM,58.4,93.0,56.4,58.3,,,29.72,,,,,,,,,,,,,
Greenhouse,Temp & Humidity Sensor,2020/12/05 12:40 AM,58.2,93.0,56.2,58.1,,,29.71,,,,,,,,,,,,,
Greenhouse,Temp & Humidity Sensor,2020/12/05 12:45 AM,58.2,93.0,56.2,58.1,,,29.72,,,,,,,,,,,,,
Greenhouse,Temp & Humidity Sensor,2020/12/05 12:50 AM,58.4,93.0,56.4,58.3,,,29.72,,,,,,,,,,,,,
Greenhouse,Temp & Humidity Sensor,2020/12/05 12:55 AM,58.6,93.0,56.6,58.5,,,29.73,,,,,,,,,,,,,
Greenhouse,Temp & Humidity Sensor,2020/12/05 1:00 AM,59.0,93.0,57.0,59.0,,,29.73,,,,,,,,,,,,,
Greenhouse,Temp & Humidity Sensor,2020/12/05 1:05 AM,58.8,93.0,56.8,58.8,,,29.74,,,,,,,,,,,,,
Greenhouse,Temp & Humidity Sensor,2020/12/05 1:10 AM,58.6,93.0,56.6,58.5,,,29.74,,,,,,,,,,,,,
Greenhouse,Temp & Humidity Sensor,2020/12/05 1:15 AM,58.4,93.0,56.4,58.3,,,29.75,,,,,,,,,,,,,
Greenhouse,Temp & Humidity Sensor,2020/12/05 1:20 AM,58.1,93.0,56.1,58.0,,,29.76,,,,,,,,,,,,,
Greenhouse,Temp & Humidity Sensor,2020/12/05 1:25 AM,57.5,93.0,55.5,57.3,,,29.76,,,,,,,,,,,,,
Greenhouse,Temp & Humidity Sensor,2020/12/05 1:30 AM,57.2,93.0,55.2,57.0,,,29.76,,,,,,,,,,,,,
Greenhouse,Temp & Humidity Sensor,2020/12/05 1:35 AM,56.6,94.0,54.9,56.4,,,29.76,,,,,,,,,,,,,
Greenhouse,Temp & Humidity Sensor,2020/12/05 1:40 AM,56.4,94.0,54.7,56.2,,,29.77,,,,,,,,,,,,,
Greenhouse,Temp & Humidity Sensor,2020/12/05 1:45 AM,56.1,94.0,54.4,55.8,,,29.77,,,,,,,,,,,,,
Greenhouse,Temp & Humidity Sensor,2020/12/05 1:50 AM,55.9,94.0,54.2,55.6,,,29.77,,,,,,,,,,,,,
Greenhouse,Temp & Humidity Sensor,2020/12/05 1:55 AM,55.9,94.0,54.2,55.6,,,29.78,,,,,,,,,,,,,
Greenhouse,Temp & Humidity Sensor,2020/12/05 2:00 AM,55.7,94.0,54.0,55.4,,,29.78,,,,,,,,,,,,,
Greenhouse,Temp & Humidity Sensor,2020/12/05 2:05 AM,55.5,94.0,53.8,55.2,,,29.79,,,,,,,,,,,,,
Greenhouse,Temp & Humidity Sensor,2020/12/05 2:10 AM,55.2,94.0,53.5,54.8,,,29.79,,,,,,,,,,,,,
Greenhouse,Temp & Humidity Sensor,2020/12/05 2:15 AM,55.0,94.0,53.3,54.6,,,29.79,,,,,,,,,,,,,
Greenhouse,Temp & Humidity Sensor,2020/12/05 2:20 AM,54.5,94.0,52.8,54.1,,,29.79,,,,,,,,,,,,,
Greenhouse,Temp & Humidity Sensor,2020/12/05 2:25 AM,54.3,93.0,52.3,53.8,,,29.79,,,,,,,,,,,,,
Greenhouse,Temp & Humidity Sensor,2020/12/05 2:30 AM,54.3,93.0,52.3,53.8,,,29.79,,,,,,,,,,,,,
Greenhouse,Temp & Humidity Sensor,2020/12/05 2:35 AM,53.7,93.0,51.7,53.1,,,29.8,,,,,,,,,,,,,
Greenhouse,Temp & Humidity Sensor,2020/12/05 2:40 AM,53.6,93.0,51.6,53.0,,,29.8,,,,,,,,,,,,,
Greenhouse,Temp & Humidity Sensor,2020/12/05 2:45 AM,53.4,93.0,51.4,52.8,,,29.81,,,,,,,,,,,,,
Greenhouse,Temp & Humidity Sensor,2020/12/05 2:50 AM,53.0,93.0,51.0,52.4,,,29.81,,,,,,,,,,,,,
Greenhouse,Temp & Humidity Sensor,2020/12/05 2:55 AM,52.7,93.0,50.7,52.0,,,29.81,,,,,,,,,,,,,
Greenhouse,Temp & Humidity Sensor,2020/12/05 3:00 AM,52.8,93.0,50.8,52.2,,,29.82,,,,,,,,,,,,,
Greenhouse,Temp & Humidity Sensor,2020/12/05 3:05 AM,52.7,93.0,50.7,52.0,,,29.82,,,,,,,,,,,,,
Greenhouse,Temp & Humidity Sensor,2020/12/05 3:10 AM,53.0,93.0,51.0,52.4,,,29.83,,,,,,,,,,,,,
Greenhouse,Temp & Humidity Sensor,2020/12/05 3:15 AM,53.0,93.0,51.0,52.4,,,29.83,,,,,,,,,,,,,
Greenhouse,Temp & Humidity Sensor,2020/12/05 3:20 AM,52.7,92.0,50.4,52.0,,,29.83,,,,,,,,,,,,,
Greenhouse,Temp & Humidity Sensor,2020/12/05 3:25 AM,52.7,91.0,50.1,51.9,,,29.84,,,,,,,,,,,,,
Greenhouse,Temp & Humidity Sensor,2020/12/05 3:30 AM,52.3,90.0,49.5,51.5,,,29.84,,,,,,,,,,,,,
Greenhouse,Temp & Humidity Sensor,2020/12/05 3:35 AM,51.9,89.0,48.8,51.0,,,29.84,,,,,,,,,,,,,
Greenhouse,Temp & Humidity Sensor,2020/12/05 3:40 AM,51.9,89.0,48.8,51.0,,,29.85,,,,,,,,,,,,,
Greenhouse,Temp & Humidity Sensor,2020/12/05 3:45 AM,51.9,89.0,48.8,51.0,,,29.85,,,,,,,,,,,,,
Greenhouse,Temp & Humidity Sensor,2020/12/05 3:50 AM,51.4,90.0,48.6,50.5,,,29.85,,,,,,,,,,,,,
Greenhouse,Temp & Humidity Sensor,2020/12/05 3:55 AM,50.9,91.0,48.4,50.0,,,29.85,,,,,,,,,,,,,
Greenhouse,Temp & Humidity Sensor,2020/12/05 4:00 AM,50.7,91.0,48.2,49.7,,,29.85,,,,,,,,,,,,,
Greenhouse,Temp & Humidity Sensor,2020/12/05 4:05 AM,50.5,91.0,48.0,49.5,,,29.85,,,,,,,,,,,,,
Greenhouse,Temp & Humidity Sensor,2020/12/05 4:10 AM,50.7,92.0,48.5,49.8,,,29.85,,,,,,,,,,,,,
Greenhouse,Temp & Humidity Sensor,2020/12/05 4:15 AM,50.5,91.0,48.0,49.5,,,29.86,,,,,,,,,,,,,
Greenhouse,Temp & Humidity Sensor,2020/12/05 4:20 AM,50.3,91.0,47.8,49.3,,,29.86,,,,,,,,,,,,,
Greenhouse,Temp & Humidity Sensor,2020/12/05 4:25 AM,50.0,92.0,47.8,49.0,,,29.86,,,,,,,,,,,,,
Greenhouse,Temp & Humidity Sensor,2020/12/05 4:30 AM,49.8,93.0,47.9,48.9,,,29.87,,,,,,,,,,,,,
Greenhouse,Temp & Humidity Sensor,2020/12/05 4:35 AM,50.0,92.0,47.8,49.0,,,29.87,,,,,,,,,,,,,
Greenhouse,Temp & Humidity Sensor,2020/12/05 4:40 AM,50.0,92.0,47.8,49.0,,,29.87,,,,,,,,,,,,,
Greenhouse,Temp & Humidity Sensor,2020/12/05 4:45 AM,49.8,93.0,47.9,48.9,,,29.87,,,,,,,,,,,,,
Greenhouse,Temp & Humidity Sensor,2020/12/05 4:50 AM,49.6,93.0,47.7,48.6,,,29.88,,,,,,,,,,,,,
Greenhouse,Temp & Humidity Sensor,2020/12/05 4:55 AM,49.6,93.0,47.7,48.6,,,29.87,,,,,,,,,,,,,
Greenhouse,Temp & Humidity Sensor,2020/12/05 5:00 AM,49.6,93.0,47.7,48.6,,,29.88,,,,,,,,,,,,,
Greenhouse,Temp & Humidity Sensor,2020/12/05 5:05 AM,49.4,93.0,47.5,48.4,,,29.88,,,,,,,,,,,,,
Greenhouse,Temp & Humidity Sensor,2020/12/05 5:10 AM,49.1,93.0,47.2,48.1,,,29.88,,,,,,,,,,,,,
Greenhouse,Temp & Humidity Sensor,2020/12/05 5:15 AM,48.9,93.0,47.0,47.9,,,29.88,,,,,,,,,,,,,
Greenhouse,Temp & Humidity Sensor,2020/12/05 5:20 AM,48.7,93.0,46.8,47.6,,,29.89,,,,,,,,,,,,,
Greenhouse,Temp & Humidity Sensor,2020/12/05 5:25 AM,48.5,93.0,46.6,47.4,,,29.89,,,,,,,,,,,,,
Greenhouse,Temp & Humidity Sensor,2020/12/05 5:30 AM,48.2,93.0,46.3,47.1,,,29.89,,,,,,,,,,,,,
Greenhouse,Temp & Humidity Sensor,2020/12/05 5:35 AM,48.3,93.0,46.4,47.2,,,29.9,,,,,,,,,,,,,
Greenhouse,Temp & Humidity Sensor,2020/12/05 5:40 AM,48.5,94.0,46.9,47.5,,,29.9,,,,,,,,,,,,,
Greenhouse,Temp & Humidity Sensor,2020/12/05 5:45 AM,48.3,94.0,46.7,47.2,,,29.9,,,,,,,,,,,,,
Greenhouse,Temp & Humidity Sensor,2020/12/05 5:50 AM,48.2,94.0,46.6,47.1,,,29.91,,,,,,,,,,,,,
Greenhouse,Temp & Humidity Sensor,2020/12/05 5:55 AM,48.2,94.0,46.6,47.1,,,29.91,,,,,,,,,,,,,
Greenhouse,Temp & Humidity Sensor,2020/12/05 6:00 AM,48.0,94.0,46.4,46.9,,,29.91,,,,,,,,,,,,,
Greenhouse,Temp & Humidity Sensor,2020/12/05 6:05 AM,48.0,94.0,46.4,46.9,,,29.91,,,,,,,,,,,,,
Greenhouse,Temp & Humidity Sensor,2020/12/05 6:10 AM,48.2,93.0,46.3,47.1,,,29.92,,,,,,,,,,,,,
Greenhouse,Temp & Humidity Sensor,2020/12/05 6:15 AM,47.8,94.0,46.2,46.7,,,29.92,,,,,,,,,,,,,
Greenhouse,Temp & Humidity Sensor,2020/12/05 6:20 AM,47.4,94.0,45.8,46.3,,,29.93,,,,,,,,,,,,,
Greenhouse,Temp & Humidity Sensor,2020/12/05 6:25 AM,47.4,94.0,45.8,46.3,,,29.92,,,,,,,,,,,,,
Greenhouse,Temp & Humidity Sensor,2020/12/05 6:30 AM,47.1,94.0,45.5,45.9,,,29.92,,,,,,,,,,,,,
Greenhouse,Temp & Humidity Sensor,2020/12/05 6:35 AM,47.1,94.0,45.5,45.9,,,29.92,,,,,,,,,,,,,
Greenhouse,Temp & Humidity Sensor,2020/12/05 6:40 AM,47.1,94.0,45.5,45.9,,,29.93,,,,,,,,,,,,,
Greenhouse,Temp & Humidity Sensor,2020/12/05 6:45 AM,47.3,94.0,45.7,46.1,,,29.93,,,,,,,,,,,,,
Greenhouse,Temp & Humidity Sensor,2020/12/05 6:50 AM,47.1,94.0,45.5,45.9,,,29.93,,,,,,,,,,,,,
Greenhouse,Temp & Humidity Sensor,2020/12/05 6:55 AM,47.4,94.0,45.8,46.3,,,29.93,,,,,,,,,,,,,
Greenhouse,Temp & Humidity Sensor,2020/12/05 7:00 AM,47.3,94.0,45.7,46.1,,,29.93,,,,,,,,,,,,,
Greenhouse,Temp & Humidity Sensor,2020/12/05 7:05 AM,47.3,94.0,45.7,46.1,,,29.94,,,,,,,,,,,,,
Greenhouse,Temp & Humidity Sensor,2020/12/05 7:10 AM,47.4,94.0,45.8,46.3,,,29.94,,,,,,,,,,,,,
Greenhouse,Temp & Humidity Sensor,2020/12/05 7:15 AM,47.6,94.0,46.0,46.5,,,29.94,,,,,,,,,,,,,
Greenhouse,Temp & Humidity Sensor,2020/12/05 7:20 AM,47.6,93.0,45.7,46.4,,,29.94,,,,,,,,,,,,,
Greenhouse,Temp & Humidity Sensor,2020/12/05 7:25 AM,47.6,89.0,44.5,46.2,,,29.94,,,,,,,,,,,,,
Greenhouse,Temp & Humidity Sensor,2020/12/05 7:30 AM,46.9,85.0,42.6,45.3,,,29.94,,,,,,,,,,,,,
Greenhouse,Temp & Humidity Sensor,2020/12/05 7:35 AM,46.7,84.0,42.1,45.0,,,29.94,,,,,,,,,,,,,
Greenhouse,Temp & Humidity Sensor,2020/12/05 7:40 AM,46.2,81.0,40.7,44.3,,,29.94,,,,,,,,,,,,,
Greenhouse,Temp & Humidity Sensor,2020/12/05 7:45 AM,46.2,82.0,41.0,44.4,,,29.94,,,,,,,,,,,,,
Greenhouse,Temp & Humidity Sensor,2020/12/05 7:50 AM,46.0,81.0,40.5,44.1,,,29.94,,,,,,,,,,,,,
Greenhouse,Temp & Humidity Sensor,2020/12/05 7:55 AM,46.0,79.0,39.9,44.0,,,29.94,,,,,,,,,,,,,
Greenhouse,Temp & Humidity Sensor,2020/12/05 8:00 AM,46.0,79.0,39.9,44.0,,,29.95,,,,,,,,,,,,,
Greenhouse,Temp & Humidity Sensor,2020/12/05 8:05 AM,45.8,81.0,40.3,43.9,,,29.95,,,,,,,,,,,,,
Greenhouse,Temp & Humidity Sensor,2020/12/05 8:10 AM,46.0,84.0,41.4,44.2,,,29.96,,,,,,,,,,,,,
Greenhouse,Temp & Humidity Sensor,2020/12/05 8:15 AM,46.0,81.0,40.5,44.1,,,29.96,,,,,,,,,,,,,
Greenhouse,Temp & Humidity Sensor,2020/12/05 8:20 AM,46.4,77.0,39.6,44.4,,,29.96,,,,,,,,,,,,,
Greenhouse,Temp & Humidity Sensor,2020/12/05 8:25 AM,46.5,76.0,39.3,44.4,,,29.96,,,,,,,,,,,,,
Greenhouse,Temp & Humidity Sensor,2020/12/05 8:30 AM,46.7,72.0,38.2,44.5,,,29.97,,,,,,,,,,,,,
Greenhouse,Temp & Humidity Sensor,2020/12/05 8:35 AM,46.9,75.0,39.4,44.8,,,29.97,,,,,,,,,,,,,
Greenhouse,Temp & Humidity Sensor,2020/12/05 8:40 AM,47.1,76.0,39.9,45.1,,,29.98,,,,,,,,,,,,,
Greenhouse,Temp & Humidity Sensor,2020/12/05 8:45 AM,48.0,76.0,40.8,46.1,,,29.98,,,,,,,,,,,,,
Greenhouse,Temp & Humidity Sensor,2020/12/05 8:50 AM,48.2,74.0,40.3,46.2,,,29.99,,,,,,,,,,,,,
Greenhouse,Temp & Humidity Sensor,2020/12/05 8:55 AM,49.8,72.0,41.1,47.9,,,29.99,,,,,,,,,,,,,
Greenhouse,Temp & Humidity Sensor,2020/12/05 9:00 AM,48.5,72.0,39.9,46.4,,,29.99,,,,,,,,,,,,,
Greenhouse,Temp & Humidity Sensor,2020/12/05 9:05 AM,47.8,74.0,39.9,45.8,,,29.99,,,,,,,,,,,,,
Greenhouse,Temp & Humidity Sensor,2020/12/05 9:10 AM,48.2,74.0,40.3,46.2,,,29.99,,,,,,,,,,,,,
Greenhouse,Temp & Humidity Sensor,2020/12/05 9:15 AM,48.5,68.0,38.4,46.2,,,29.99,,,,,,,,,,,,,
Greenhouse,Temp & Humidity Sensor,2020/12/05 9:20 AM,49.1,66.0,38.2,46.8,,,29.99,,,,,,,,,,,,,
Greenhouse,Temp & Humidity Sensor,2020/12/05 9:25 AM,48.9,67.0,38.4,46.6,,,29.99,,,,,,,,,,,,,
Greenhouse,Temp & Humidity Sensor,2020/12/05 9:30 AM,49.2,63.0,37.1,46.8,,,29.99,,,,,,,,,,,,,
Greenhouse,Temp & Humidity Sensor,2020/12/05 9:35 AM,49.4,64.0,37.7,47.0,,,29.99,,,,,,,,,,,,,
Greenhouse,Temp & Humidity Sensor,2020/12/05 9:40 AM,49.2,65.0,37.9,46.9,,,30.0,,,,,,,,,,,,,
Greenhouse,Temp & Humidity Sensor,2020/12/05 9:45 AM,49.1,65.0,37.8,46.8,,,30.0,,,,,,,,,,,,,
Greenhouse,Temp & Humidity Sensor,2020/12/05 9:50 AM,48.9,65.0,37.7,46.5,,,30.0,,,,,,,,,,,,,
Greenhouse,Temp & Humidity Sensor,2020/12/05 9:55 AM,50.9,63.0,38.8,48.7,,,29.99,,,,,,,,,,,,,
Greenhouse,Temp & Humidity Sensor,2020/12/05 10:00 AM,52.7,60.0,39.2,50.5,,,29.99,,,,,,,,,,,,,
Greenhouse,Temp & Humidity Sensor,2020/12/05 10:05 AM,52.7,58.0,38.3,50.4,,,29.99,,,,,,,,,,,,,
Greenhouse,Temp & Humidity Sensor,2020/12/05 10:10 AM,51.0,57.0,36.3,48.5,,,29.99,,,,,,,,,,,,,
Greenhouse,Temp & Humidity Sensor,2020/12/05 10:15 AM,51.0,57.0,36.3,48.5,,,30.0,,,,,,,,,,,,,
Greenhouse,Temp & Humidity Sensor,2020/12/05 10:20 AM,51.2,56.0,36.0,48.7,,,29.99,,,,,,,,,,,,,
Greenhouse,Temp & Humidity Sensor,2020/12/05 10:25 AM,52.3,55.0,36.6,49.8,,,30.0,,,,,,,,,,,,,
Greenhouse,Temp & Humidity Sensor,2020/12/05 10:30 AM,51.4,55.0,35.8,48.8,,,30.0,,,,,,,,,,,,,
Greenhouse,Temp & Humidity Sensor,2020/12/05 10:35 AM,51.2,56.0,36.0,48.7,,,30.0,,,,,,,,,,,,,
Greenhouse,Temp & Humidity Sensor,2020/12/05 10:40 AM,50.9,56.0,35.8,48.3,,,30.0,,,,,,,,,,,,,
Greenhouse,Temp & Humidity Sensor,2020/12/05 10:45 AM,51.0,57.0,36.3,48.5,,,30.0,,,,,,,,,,,,,
Greenhouse,Temp & Humidity Sensor,2020/12/05 10:50 AM,52.8,55.0,37.1,50.4,,,30.01,,,,,,,,,,,,,
Greenhouse,Temp & Humidity Sensor,2020/12/05 10:55 AM,53.2,54.0,37.0,50.8,,,30.01,,,,,,,,,,,,,
Greenhouse,Temp & Humidity Sensor,2020/12/05 11:00 AM,52.1,55.0,36.4,49.6,,,30.01,,,,,,,,,,,,,
Greenhouse,Temp & Humidity Sensor,2020/12/05 11:05 AM,51.2,55.0,35.6,48.6,,,30.01,,,,,,,,,,,,,
Greenhouse,Temp & Humidity Sensor,2020/12/05 11:10 AM,50.7,56.0,35.6,48.1,,,30.01,,,,,,,,,,,,,
Greenhouse,Temp & Humidity Sensor,2020/12/05 11:15 AM,50.9,56.0,35.8,48.3,,,30.01,,,,,,,,,,,,,
Greenhouse,Temp & Humidity Sensor,2020/12/05 11:20 AM,51.2,55.0,35.6,48.6,,,30.01,,,,,,,,,,,,,
Greenhouse,Temp & Humidity Sensor,2020/12/05 11:25 AM,52.3,54.0,36.2,49.8,,,30.01,,,,,,,,,,,,,
Greenhouse,Temp & Humidity Sensor,2020/12/05 11:30 AM,52.5,54.0,36.3,50.0,,,30.0,,,,,,,,,,,,,
Greenhouse,Temp & Humidity Sensor,2020/12/05 11:35 AM,52.3,55.0,36.6,49.8,,,30.0,,,,,,,,,,,,,
Greenhouse,Temp & Humidity Sensor,2020/12/05 11:40 AM,53.0,55.0,37.3,50.6,,,29.99,,,,,,,,,,,,,
Greenhouse,Temp & Humidity Sensor,2020/12/05 11:45 AM,53.0,56.0,37.7,50.6,,,29.99,,,,,,,,,,,,,
Greenhouse,Temp & Humidity Sensor,2020/12/05 11:50 AM,52.7,54.0,36.5,50.2,,,29.99,,,,,,,,,,,,,
Greenhouse,Temp & Humidity Sensor,2020/12/05 11:55 AM,51.9,53.0,35.3,49.3,,,29.99,,,,,,,,,,,,,
Greenhouse,Temp & Humidity Sensor,2020/12/05 12:00 PM,51.9,53.0,35.3,49.3,,,29.99,,,,,,,,,,,,,
Greenhouse,Temp & Humidity Sensor,2020/12/05 12:05 PM,51.8,54.0,35.7,49.2,,,29.98,,,,,,,,,,,,,
Greenhouse,Temp & Humidity Sensor,2020/12/05 12:10 PM,52.3,53.0,35.7,49.7,,,29.98,,,,,,,,,,,,,
Greenhouse,Temp & Humidity Sensor,2020/12/05 12:15 PM,52.7,53.0,36.1,50.2,,,29.98,,,,,,,,,,,,,
Greenhouse,Temp & Humidity Sensor,2020/12/05 12:20 PM,52.8,54.0,36.6,50.3,,,29.98,,,,,,,,,,,,,
Greenhouse,Temp & Humidity Sensor,2020/12/05 12:25 PM,52.5,54.0,36.3,50.0,,,29.98,,,,,,,,,,,,,
Greenhouse,Temp & Humidity Sensor,2020/12/05 12:30 PM,52.7,53.0,36.1,50.2,,,29.97,,,,,,,,,,,,,
Greenhouse,Temp & Humidity Sensor,2020/12/05 12:35 PM,53.2,54.0,37.0,50.8,,,29.97,,,,,,,,,,,,,
Greenhouse,Temp & Humidity Sensor,2020/12/05 12:40 PM,54.1,53.0,37.4,51.7,,,29.97,,,,,,,,,,,,,
Greenhouse,Temp & Humidity Sensor,2020/12/05 12:45 PM,55.4,51.0,37.6,53.0,,,29.97,,,,,,,,,,,,,
Greenhouse,Temp & Humidity Sensor,2020/12/05 12:50 PM,58.8,49.0,39.7,56.7,,,29.97,,,,,,,,,,,,,
Greenhouse,Temp & Humidity Sensor,2020/12/05 12:55 PM,58.4,45.0,37.1,56.1,,,29.97,,,,,,,,,,,,,
Greenhouse,Temp & Humidity Sensor,2020/12/05 1:00 PM,55.2,48.0,35.9,52.7,,,29.97,,,,,,,,,,,,,
Greenhouse,Temp & Humidity Sensor,2020/12/05 1:05 PM,55.0,48.0,35.7,52.5,,,29.97,,,,,,,,,,,,,
Greenhouse,Temp & Humidity Sensor,2020/12/05 1:10 PM,54.1,50.0,35.9,51.6,,,29.97,,,,,,,,,,,,,
Greenhouse,Temp & Humidity Sensor,2020/12/05 1:15 PM,54.5,49.0,35.7,52.0,,,29.97,,,,,,,,,,,,,
Greenhouse,Temp & Humidity Sensor,2020/12/05 1:20 PM,57.7,48.0,38.1,55.4,,,29.97,,,,,,,,,,,,,
Greenhouse,Temp & Humidity Sensor,2020/12/05 1:25 PM,60.2,45.0,38.8,58.0,,,29.97,,,,,,,,,,,,,
Greenhouse,Temp & Humidity Sensor,2020/12/05 1:30 PM,58.1,44.0,36.3,55.7,,,29.96,,,,,,,,,,,,,
Greenhouse,Temp & Humidity Sensor,2020/12/05 1:35 PM,55.0,49.0,36.2,52.5,,,29.96,,,,,,,,,,,,,
Greenhouse,Temp & Humidity Sensor,2020/12/05 1:40 PM,54.6,48.0,35.3,52.0,,,29.96,,,,,,,,,,,,,
Greenhouse,Temp & Humidity Sensor,2020/12/05 1:45 PM,54.3,48.0,35.0,51.7,,,29.96,,,,,,,,,,,,,
Greenhouse,Temp & Humidity Sensor,2020/12/05 1:50 PM,54.3,49.0,35.6,51.7,,,29.96,,,,,,,,,,,,,
Greenhouse,Temp & Humidity Sensor,2020/12/05 1:55 PM,54.1,48.0,34.8,51.5,,,29.96,,,,,,,,,,,,,
Greenhouse,Temp & Humidity Sensor,2020/12/05 2:00 PM,54.3,48.0,35.0,51.7,,,29.96,,,,,,,,,,,,,
Greenhouse,Temp & Humidity Sensor,2020/12/05 2:05 PM,54.3,48.0,35.0,51.7,,,29.96,,,,,,,,,,,,,
Greenhouse,Temp & Humidity Sensor,2020/12/05 2:10 PM,54.3,49.0,35.6,51.7,,,29.96,,,,,,,,,,,,,
Greenhouse,Temp & Humidity Sensor,2020/12/05 2:15 PM,53.7,48.0,34.5,51.0,,,29.96,,,,,,,,,,,,,
Greenhouse,Temp & Humidity Sensor,2020/12/05 2:20 PM,53.6,49.0,34.9,51.0,,,29.96,,,,,,,,,,,,,
Greenhouse,Temp & Humidity Sensor,2020/12/05 2:25 PM,53.9,49.0,35.2,51.3,,,29.96,,,,,,,,,,,,,
Greenhouse,Temp & Humidity Sensor,2020/12/05 2:30 PM,53.7,48.0,34.5,51.0,,,29.96,,,,,,,,,,,,,
Greenhouse,Temp & Humidity Sensor,2020/12/05 2:35 PM,53.7,49.0,35.0,51.1,,,29.96,,,,,,,,,,,,,
Greenhouse,Temp & Humidity Sensor,2020/12/05 2:40 PM,55.0,47.0,35.1,52.4,,,29.96,,,,,,,,,,,,,
Greenhouse,Temp & Humidity Sensor,2020/12/05 2:45 PM,53.7,47.0,34.0,51.0,,,29.97,,,,,,,,,,,,,
Greenhouse,Temp & Humidity Sensor,2020/12/05 2:50 PM,54.6,49.0,35.8,52.1,,,29.96,,,,,,,,,,,,,
Greenhouse,Temp & Humidity Sensor,2020/12/05 2:55 PM,56.4,46.0,35.9,53.9,,,29.96,,,,,,,,,,,,,
Greenhouse,Temp & Humidity Sensor,2020/12/05 3:00 PM,54.3,48.0,35.0,51.7,,,29.97,,,,,,,,,,,,,
Greenhouse,Temp & Humidity Sensor,2020/12/05 3:05 PM,53.6,48.0,34.4,50.9,,,29.97,,,,,,,,,,,,,
Greenhouse,Temp & Humidity Sensor,2020/12/05 3:10 PM,53.4,49.0,34.7,50.7,,,29.97,,,,,,,,,,,,,
Greenhouse,Temp & Humidity Sensor,2020/12/05 3:15 PM,52.8,50.0,34.7,50.1,,,29.97,,,,,,,,,,,,,
Greenhouse,Temp & Humidity Sensor,2020/12/05 3:20 PM,52.7,50.0,34.6,50.0,,,29.97,,,,,,,,,,,,,
Greenhouse,Temp & Humidity Sensor,2020/12/05 3:25 PM,53.6,49.0,34.9,51.0,,,29.97,,,,,,,,,,,,,
Greenhouse,Temp & Humidity Sensor,2020/12/05 3:30 PM,53.6,48.0,34.4,50.9,,,29.97,,,,,,,,,,,,,
Greenhouse,Temp & Humidity Sensor,2020/12/05 3:35 PM,52.8,50.0,34.7,50.1,,,29.97,,,,,,,,,,,,,
Greenhouse,Temp & Humidity Sensor,2020/12/05 3:40 PM,52.8,51.0,35.2,50.2,,,29.97,,,,,,,,,,,,,
Greenhouse,Temp & Humidity Sensor,2020/12/05 3:45 PM,52.5,50.0,34.4,49.8,,,29.97,,,,,,,,,,,,,
Greenhouse,Temp & Humidity Sensor,2020/12/05 3:50 PM,51.8,50.0,33.8,49.0,,,29.98,,,,,,,,,,,,,
Greenhouse,Temp & Humidity Sensor,2020/12/05 3:55 PM,50.7,52.0,33.7,47.9,,,29.98,,,,,,,,,,,,,
Greenhouse,Temp & Humidity Sensor,2020/12/05 4:00 PM,50.9,51.0,33.4,48.1,,,29.98,,,,,,,,,,,,,
Greenhouse,Temp & Humidity Sensor,2020/12/05 4:05 PM,50.7,50.0,32.7,47.8,,,29.98,,,,,,,,,,,,,
Greenhouse,Temp & Humidity Sensor,2020/12/05 4:10 PM,50.3,51.0,32.9,47.4,,,29.98,,,,,,,,,,,,,
Greenhouse,Temp & Humidity Sensor,2020/12/05 4:15 PM,50.0,51.0,32.6,47.1,,,29.98,,,,,,,,,,,,,
Greenhouse,Temp & Humidity Sensor,2020/12/05 4:20 PM,49.6,52.0,32.7,46.7,,,29.98,,,,,,,,,,,,,
Greenhouse,Temp & Humidity Sensor,2020/12/05 4:25 PM,49.4,52.0,32.5,46.5,,,29.99,,,,,,,,,,,,,
Greenhouse,Temp & Humidity Sensor,2020/12/05 4:30 PM,49.1,52.0,32.2,46.2,,,29.99,,,,,,,,,,,,,
Greenhouse,Temp & Humidity Sensor,2020/12/05 4:35 PM,48.5,53.0,32.2,45.5,,,29.99,,,,,,,,,,,,,
Greenhouse,Temp & Humidity Sensor,2020/12/05 4:40 PM,48.0,54.0,32.2,45.0,,,29.99,,,,,,,,,,,,,
Greenhouse,Temp & Humidity Sensor,2020/12/05 4:45 PM,47.6,54.0,31.8,44.6,,,29.99,,,,,,,,,,,,,
Greenhouse,Temp & Humidity Sensor,2020/12/05 4:50 PM,47.3,55.0,32.0,44.3,,,29.99,,,,,,,,,,,,,
Greenhouse,Temp & Humidity Sensor,2020/12/05 4:55 PM,46.5,56.0,31.7,43.5,,,29.99,,,,,,,,,,,,,
Greenhouse,Temp & Humidity Sensor,2020/12/05 5:00 PM,46.7,57.0,32.3,43.7,,,29.99,,,,,,,,,,,,,
Greenhouse,Temp & Humidity Sensor,2020/12/05 5:05 PM,47.1,57.0,32.7,44.2,,,30.0,,,,,,,,,,,,,
Greenhouse,Temp & Humidity Sensor,2020/12/05 5:10 PM,46.9,56.0,32.0,43.9,,,30.0,,,,,,,,,,,,,
Greenhouse,Temp & Humidity Sensor,2020/12/05 5:15 PM,46.4,56.0,31.6,43.4,,,30.0,,,,,,,,,,,,,
Greenhouse,Temp & Humidity Sensor,2020/12/05 5:20 PM,45.6,59.0,32.1,42.6,,,30.0,,,,,,,,,,,,,
Greenhouse,Temp & Humidity Sensor,2020/12/05 5:25 PM,45.1,61.0,32.5,42.2,,,30.0,,,,,,,,,,,,,
Greenhouse,Temp & Humidity Sensor,2020/12/05 5:30 PM,44.6,61.0,32.0,41.6,,,30.01,,,,,,,,,,,,,
Greenhouse,Temp & Humidity Sensor,2020/12/05 5:35 PM,44.4,62.0,32.2,41.5,,,30.01,,,,,,,,,,,,,
Greenhouse,Temp & Humidity Sensor,2020/12/05 5:40 PM,44.0,63.0,32.2,41.1,,,30.01,,,,,,,,,,,,,
Greenhouse,Temp & Humidity Sensor,2020/12/05 5:45 PM,43.5,62.0,31.4,40.5,,,30.01,,,,,,,,,,,,,
Greenhouse,Temp & Humidity Sensor,2020/12/05 5:50 PM,43.3,63.0,31.6,40.3,,,30.01,,,,,,,,,,,,,
Greenhouse,Temp & Humidity Sensor,2020/12/05 5:55 PM,42.8,63.0,31.1,39.7,,,30.01,,,,,,,,,,,,,
Greenhouse,Temp & Humidity Sensor,2020/12/05 6:00 PM,42.4,64.0,31.1,39.3,,,30.01,,,,,,,,,,,,,
Greenhouse,Temp & Humidity Sensor,2020/12/05 6:05 PM,42.0,65.0,31.1,39.0,,,30.01,,,,,,,,,,,,,
Greenhouse,Temp & Humidity Sensor,2020/12/05 6:10 PM,41.7,65.0,30.8,38.6,,,30.01,,,,,,,,,,,,,
Greenhouse,Temp & Humidity Sensor,2020/12/05 6:15 PM,41.7,67.0,31.6,38.7,,,30.02,,,,,,,,,,,,,
Greenhouse,Temp & Humidity Sensor,2020/12/05 6:20 PM,41.5,68.0,31.7,38.5,,,30.02,,,,,,,,,,,,,
Greenhouse,Temp & Humidity Sensor,2020/12/05 6:25 PM,41.0,69.0,31.6,38.0,,,30.02,,,,,,,,,,,,,
Greenhouse,Temp & Humidity Sensor,2020/12/05 6:30 PM,40.6,70.0,31.6,37.6,,,30.02,,,,,,,,,,,,,
Greenhouse,Temp & Humidity Sensor,2020/12/05 6:35 PM,40.6,70.0,31.6,37.6,,,30.02,,,,,,,,,,,,,
Greenhouse,Temp & Humidity Sensor,2020/12/05 6:40 PM,40.4,71.0,31.8,37.5,,,30.02,,,,,,,,,,,,,
Greenhouse,Temp & Humidity Sensor,2020/12/05 6:45 PM,40.4,71.0,31.8,37.5,,,30.02,,,,,,,,,,,,,
Greenhouse,Temp & Humidity Sensor,2020/12/05 6:50 PM,40.2,71.0,31.6,37.3,,,30.02,,,,,,,,,,,,,
Greenhouse,Temp & Humidity Sensor,2020/12/05 6:55 PM,40.2,72.0,31.9,37.3,,,30.02,,,,,,,,,,,,,
Greenhouse,Temp & Humidity Sensor,2020/12/05 7:00 PM,39.9,72.0,31.6,39.9,,,30.03,,,,,,,,,,,,,
Greenhouse,Temp & Humidity Sensor,2020/12/05 7:05 PM,39.9,73.0,32.0,39.9,,,30.03,,,,,,,,,,,,,
Greenhouse,Temp & Humidity Sensor,2020/12/05 7:10 PM,39.5,73.0,31.6,39.5,,,30.03,,,,,,,,,,,,,
Greenhouse,Temp & Humidity Sensor,2020/12/05 7:15 PM,39.5,73.0,31.6,39.5,,,30.03,,,,,,,,,,,,,
Greenhouse,Temp & Humidity Sensor,2020/12/05 7:20 PM,39.3,74.0,31.7,39.3,,,30.03,,,,,,,,,,,,,
Greenhouse,Temp & Humidity Sensor,2020/12/05 7:25 PM,39.2,74.0,31.6,39.2,,,30.03,,,,,,,,,,,,,
Greenhouse,Temp & Humidity Sensor,2020/12/05 7:30 PM,39.0,75.0,31.8,39.0,,,30.03,,,,,,,,,,,,,
Greenhouse,Temp & Humidity Sensor,2020/12/05 7:35 PM,38.8,75.0,31.6,38.8,,,30.03,,,,,,,,,,,,,
Greenhouse,Temp & Humidity Sensor,2020/12/05 7:40 PM,39.7,79.0,33.7,39.7,,,30.03,,,,,,,,,,,,,
Greenhouse,Temp & Humidity Sensor,2020/12/05 7:45 PM,39.9,84.0,35.5,39.9,,,30.03,,,,,,,,,,,,,
Greenhouse,Temp & Humidity Sensor,2020/12/05 7:50 PM,40.1,86.0,36.3,37.9,,,30.03,,,,,,,,,,,,,
Greenhouse,Temp & Humidity Sensor,2020/12/05 7:55 PM,39.7,85.0,35.6,39.7,,,30.03,,,,,,,,,,,,,
Greenhouse,Temp & Humidity Sensor,2020/12/05 8:00 PM,39.2,83.0,34.5,39.2,,,30.04,,,,,,,,,,,,,
Greenhouse,Temp & Humidity Sensor,2020/12/05 8:05 PM,39.0,83.0,34.3,39.0,,,30.05,,,,,,,,,,,,,
Greenhouse,Temp & Humidity Sensor,2020/12/05 8:10 PM,39.2,83.0,34.5,39.2,,,30.04,,,,,,,,,,,,,
Greenhouse,Temp & Humidity Sensor,2020/12/05 8:15 PM,38.6,83.0,33.9,38.6,,,30.05,,,,,,,,,,,,,
Greenhouse,Temp & Humidity Sensor,2020/12/05 8:20 PM,38.4,83.0,33.7,38.4,,,30.05,,,,,,,,,,,,,
Greenhouse,Temp & Humidity Sensor,2020/12/05 8:25 PM,38.6,83.0,33.9,38.6,,,30.05,,,,,,,,,,,,,
Greenhouse,Temp & Humidity Sensor,2020/12/05 8:30 PM,38.6,84.0,34.2,38.6,,,30.06,,,,,,,,,,,,,
Greenhouse,Temp & Humidity Sensor,2020/12/05 8:35 PM,38.4,85.0,34.3,38.4,,,30.06,,,,,,,,,,,,,
Greenhouse,Temp & Humidity Sensor,2020/12/05 8:40 PM,38.4,86.0,34.6,38.4,,,30.06,,,,,,,,,,,,,
Greenhouse,Temp & Humidity Sensor,2020/12/05 8:45 PM,38.6,87.0,35.1,38.6,,,30.06,,,,,,,,,,,,,
Greenhouse,Temp & Humidity Sensor,2020/12/05 8:50 PM,39.0,89.0,36.0,39.0,,,30.06,,,,,,,,,,,,,
Greenhouse,Temp & Humidity Sensor,2020/12/05 8:55 PM,39.0,91.0,36.6,39.0,,,30.06,,,,,,,,,,,,,
Greenhouse,Temp & Humidity Sensor,2020/12/05 9:00 PM,38.6,91.0,36.2,38.6,,,30.06,,,,,,,,,,,,,
Greenhouse,Temp & Humidity Sensor,2020/12/05 9:05 PM,38.4,90.0,35.7,38.4,,,30.06,,,,,,,,,,,,,
Greenhouse,Temp & Humidity Sensor,2020/12/05 9:10 PM,38.3,90.0,35.6,38.3,,,30.05,,,,,,,,,,,,,
Greenhouse,Temp & Humidity Sensor,2020/12/05 9:15 PM,37.9,89.0,35.0,37.9,,,30.05,,,,,,,,,,,,,
Greenhouse,Temp & Humidity Sensor,2020/12/05 9:20 PM,37.5,89.0,34.6,37.5,,,30.05,,,,,,,,,,,,,
Greenhouse,Temp & Humidity Sensor,2020/12/05 9:25 PM,37.4,88.0,34.2,37.4,,,30.05,,,,,,,,,,,,,
Greenhouse,Temp & Humidity Sensor,2020/12/05 9:30 PM,37.2,88.0,34.0,37.2,,,30.05,,,,,,,,,,,,,
Greenhouse,Temp & Humidity Sensor,2020/12/05 9:35 PM,37.4,88.0,34.2,37.4,,,30.05,,,,,,,,,,,,,
Greenhouse,Temp & Humidity Sensor,2020/12/05 9:40 PM,37.7,89.0,34.8,37.7,,,30.05,,,,,,,,,,,,,
Greenhouse,Temp & Humidity Sensor,2020/12/05 9:45 PM,37.9,92.0,35.8,37.9,,,30.05,,,,,,,,,,,,,
Greenhouse,Temp & Humidity Sensor,2020/12/05 9:50 PM,37.5,92.0,35.4,37.5,,,30.06,,,,,,,,,,,,,
Greenhouse,Temp & Humidity Sensor,2020/12/05 9:55 PM,37.4,91.0,35.0,37.4,,,30.06,,,,,,,,,,,,,
Greenhouse,Temp & Humidity Sensor,2020/12/05 10:00 PM,37.7,92.0,35.6,37.7,,,30.06,,,,,,,,,,,,,
Greenhouse,Temp & Humidity Sensor,2020/12/05 10:05 PM,37.7,93.0,35.9,37.7,,,30.06,,,,,,,,,,,,,
Greenhouse,Temp & Humidity Sensor,2020/12/05 10:10 PM,37.7,93.0,35.9,37.7,,,30.05,,,,,,,,,,,,,
Greenhouse,Temp & Humidity Sensor,2020/12/05 10:15 PM,37.4,93.0,35.6,37.4,,,30.06,,,,,,,,,,,,,
Greenhouse,Temp & Humidity Sensor,2020/12/05 10:20 PM,37.2,93.0,35.4,37.2,,,30.06,,,,,,,,,,,,,
Greenhouse,Temp & Humidity Sensor,2020/12/05 10:25 PM,37.2,92.0,35.1,37.2,,,30.06,,,,,,,,,,,,,
Greenhouse,Temp & Humidity Sensor,2020/12/05 10:30 PM,37.4,92.0,35.3,37.4,,,30.06,,,,,,,,,,,,,
Greenhouse,Temp & Humidity Sensor,2020/12/05 10:35 PM,37.0,92.0,34.9,37.0,,,30.06,,,,,,,,,,,,,
Greenhouse,Temp & Humidity Sensor,2020/12/05 10:40 PM,37.0,92.0,34.9,37.0,,,30.06,,,,,,,,,,,,,
Greenhouse,Temp & Humidity Sensor,2020/12/05 10:45 PM,37.0,93.0,35.2,37.0,,,30.06,,,,,,,,,,,,,
Greenhouse,Temp & Humidity Sensor,2020/12/05 10:50 PM,37.2,94.0,35.6,37.2,,,30.06,,,,,,,,,,,,,
Greenhouse,Temp & Humidity Sensor,2020/12/05 10:55 PM,37.0,95.0,35.7,37.0,,,30.05,,,,,,,,,,,,,
Greenhouse,Temp & Humidity Sensor,2020/12/05 11:00 PM,36.8,95.0,35.5,36.8,,,30.06,,,,,,,,,,,,,
Greenhouse,Temp & Humidity Sensor,2020/12/05 11:05 PM,36.6,95.0,35.3,36.6,,,30.07,,,,,,,,,,,,,
Greenhouse,Temp & Humidity Sensor,2020/12/05 11:10 PM,36.6,95.0,35.3,36.6,,,30.07,,,,,,,,,,,,,
Greenhouse,Temp & Humidity Sensor,2020/12/05 11:15 PM,36.5,95.0,35.2,36.5,,,30.08,,,,,,,,,,,,,
Greenhouse,Temp & Humidity Sensor,2020/12/05 11:20 PM,36.6,95.0,35.3,36.6,,,30.08,,,,,,,,,,,,,
Greenhouse,Temp & Humidity Sensor,2020/12/05 11:25 PM,36.5,96.0,35.5,36.5,,,30.07,,,,,,,,,,,,,
Greenhouse,Temp & Humidity Sensor,2020/12/05 11:30 PM,36.5,96.0,35.5,36.5,,,30.07,,,,,,,,,,,,,
Greenhouse,Temp & Humidity Sensor,2020/12/05 11:35 PM,36.3,96.0,35.3,36.3,,,30.07,,,,,,,,,,,,,
Greenhouse,Temp & Humidity Sensor,2020/12/05 11:40 PM,36.3,96.0,35.3,36.3,,,30.07,,,,,,,,,,,,,
Greenhouse,Temp & Humidity Sensor,2020/12/05 11:45 PM,36.1,96.0,35.1,36.1,,,30.07,,,,,,,,,,,,,
Greenhouse,Temp & Humidity Sensor,2020/12/05 11:50 PM,36.1,96.0,35.1,36.1,,,30.07,,,,,,,,,,,,,
Greenhouse,Temp & Humidity Sensor,2020/12/05 11:55 PM,35.7,96.0,34.7,35.7,,,30.07,,,,,,,,,,,,,
Greenhouse,Temp & Humidity Sensor,2020/12/06 12:00 AM,35.6,96.0,34.6,35.6,,,30.06,,,,,,,,,,,,,
Greenhouse,Temp & Humidity Sensor,2020/12/06 12:05 AM,35.6,96.0,34.6,35.6,,,30.06,,,,,,,,,,,,,
Greenhouse,Temp & Humidity Sensor,2020/12/06 12:10 AM,35.7,96.0,34.7,35.7,,,30.06,,,,,,,,,,,,,
Greenhouse,Temp & Humidity Sensor,2020/12/06 12:15 AM,35.7,96.0,34.7,35.7,,,30.06,,,,,,,,,,,,,
Greenhouse,Temp & Humidity Sensor,2020/12/06 12:20 AM,35.6,96.0,34.6,35.6,,,30.06,,,,,,,,,,,,,
Greenhouse,Temp & Humidity Sensor,2020/12/06 12:25 AM,35.6,96.0,34.6,35.6,,,30.06,,,,,,,,,,,,,
Greenhouse,Temp & Humidity Sensor,2020/12/06 12:30 AM,35.6,96.0,34.6,35.6,,,30.06,,,,,,,,,,,,,
Greenhouse,Temp & Humidity Sensor,2020/12/06 12:35 AM,35.6,96.0,34.6,35.6,,,30.06,,,,,,,,,,,,,
Greenhouse,Temp & Humidity Sensor,2020/12/06 12:40 AM,35.6,95.0,34.3,35.6,,,30.05,,,,,,,,,,,,,
Greenhouse,Temp & Humidity Sensor,2020/12/06 12:45 AM,35.6,95.0,34.3,35.6,,,30.05,,,,,,,,,,,,,
Greenhouse,Temp & Humidity Sensor,2020/12/06 12:50 AM,35.6,96.0,34.6,35.6,,,30.05,,,,,,,,,,,,,
Greenhouse,Temp & Humidity Sensor,2020/12/06 12:55 AM,35.4,96.0,34.4,35.4,,,30.05,,,,,,,,,,,,,
Greenhouse,Temp & Humidity Sensor,2020/12/06 1:00 AM,35.4,96.0,34.4,35.4,,,30.06,,,,,,,,,,,,,
Greenhouse,Temp & Humidity Sensor,2020/12/06 1:05 AM,35.6,95.0,34.3,35.6,,,30.06,,,,,,,,,,,,,
Greenhouse,Temp & Humidity Sensor,2020/12/06 1:10 AM,35.6,96.0,34.6,35.6,,,30.06,,,,,,,,,,,,,
Greenhouse,Temp & Humidity Sensor,2020/12/06 1:15 AM,35.6,96.0,34.6,35.6,,,30.06,,,,,,,,,,,,,
Greenhouse,Temp & Humidity Sensor,2020/12/06 1:20 AM,35.6,96.0,34.6,35.6,,,30.06,,,,,,,,,,,,,
Greenhouse,Temp & Humidity Sensor,2020/12/06 1:25 AM,35.6,96.0,34.6,35.6,,,30.06,,,,,,,,,,,,,
Greenhouse,Temp & Humidity Sensor,2020/12/06 1:30 AM,35.4,97.0,34.6,35.4,,,30.06,,,,,,,,,,,,,
Greenhouse,Temp & Humidity Sensor,2020/12/06 1:35 AM,35.2,96.0,34.2,35.2,,,30.06,,,,,,,,,,,,,
Greenhouse,Temp & Humidity Sensor,2020/12/06 1:40 AM,35.2,97.0,34.4,35.2,,,30.06,,,,,,,,,,,,,
Greenhouse,Temp & Humidity Sensor,2020/12/06 1:45 AM,35.2,97.0,34.4,35.2,,,30.06,,,,,,,,,,,,,
Greenhouse,Temp & Humidity Sensor,2020/12/06 1:50 AM,35.4,97.0,34.6,35.4,,,30.06,,,,,,,,,,,,,
Greenhouse,Temp & Humidity Sensor,2020/12/06 1:55 AM,35.2,97.0,34.4,35.2,,,30.05,,,,,,,,,,,,,
Greenhouse,Temp & Humidity Sensor,2020/12/06 2:00 AM,35.0,97.0,34.2,35.0,,,30.05,,,,,,,,,,,,,
Greenhouse,Temp & Humidity Sensor,2020/12/06 2:05 AM,34.8,97.0,34.0,34.8,,,30.05,,,,,,,,,,,,,
Greenhouse,Temp & Humidity Sensor,2020/12/06 2:10 AM,34.8,97.0,34.0,34.8,,,30.05,,,,,,,,,,,,,
Greenhouse,Temp & Humidity Sensor,2020/12/06 2:15 AM,35.0,97.0,34.2,35.0,,,30.05,,,,,,,,,,,,,
Greenhouse,Temp & Humidity Sensor,2020/12/06 2:20 AM,35.0,97.0,34.2,35.0,,,30.05,,,,,,,,,,,,,
Greenhouse,Temp & Humidity Sensor,2020/12/06 2:25 AM,35.0,97.0,34.2,35.0,,,30.05,,,,,,,,,,,,,
Greenhouse,Temp & Humidity Sensor,2020/12/06 2:30 AM,34.8,97.0,34.0,34.8,,,30.05,,,,,,,,,,,,,
Greenhouse,Temp & Humidity Sensor,2020/12/06 2:35 AM,34.7,97.0,33.9,34.7,,,30.05,,,,,,,,,,,,,
Greenhouse,Temp & Humidity Sensor,2020/12/06 2:40 AM,34.8,97.0,34.0,34.8,,,30.05,,,,,,,,,,,,,
Greenhouse,Temp & Humidity Sensor,2020/12/06 2:45 AM,34.8,97.0,34.0,34.8,,,30.05,,,,,,,,,,,,,
Greenhouse,Temp & Humidity Sensor,2020/12/06 2:50 AM,34.7,97.0,33.9,34.7,,,30.04,,,,,,,,,,,,,
Greenhouse,Temp & Humidity Sensor,2020/12/06 2:55 AM,34.5,97.0,33.7,34.5,,,30.04,,,,,,,,,,,,,
Greenhouse,Temp & Humidity Sensor,2020/12/06 3:00 AM,34.8,97.0,34.0,34.8,,,30.04,,,,,,,,,,,,,
Greenhouse,Temp & Humidity Sensor,2020/12/06 3:05 AM,34.7,97.0,33.9,34.7,,,30.04,,,,,,,,,,,,,
Greenhouse,Temp & Humidity Sensor,2020/12/06 3:10 AM,34.7,97.0,33.9,34.7,,,30.05,,,,,,,,,,,,,
Greenhouse,Temp & Humidity Sensor,2020/12/06 3:15 AM,34.8,97.0,34.0,34.8,,,30.05,,,,,,,,,,,,,
Greenhouse,Temp & Humidity Sensor,2020/12/06 3:20 AM,34.8,97.0,34.0,34.8,,,30.05,,,,,,,,,,,,,
Greenhouse,Temp & Humidity Sensor,2020/12/06 3:25 AM,34.7,97.0,33.9,34.7,,,30.05,,,,,,,,,,,,,
Greenhouse,Temp & Humidity Sensor,2020/12/06 3:30 AM,34.7,97.0,33.9,34.7,,,30.05,,,,,,,,,,,,,
Greenhouse,Temp & Humidity Sensor,2020/12/06 3:35 AM,34.5,97.0,33.7,34.5,,,30.05,,,,,,,,,,,,,
Greenhouse,Temp & Humidity Sensor,2020/12/06 3:40 AM,34.5,97.0,33.7,34.5,,,30.05,,,,,,,,,,,,,
Greenhouse,Temp & Humidity Sensor,2020/12/06 3:45 AM,34.7,97.0,33.9,34.7,,,30.05,,,,,,,,,,,,,
Greenhouse,Temp & Humidity Sensor,2020/12/06 3:50 AM,34.7,97.0,33.9,34.7,,,30.05,,,,,,,,,,,,,
Greenhouse,Temp & Humidity Sensor,2020/12/06 3:55 AM,34.5,97.0,33.7,34.5,,,30.05,,,,,,,,,,,,,
Greenhouse,Temp & Humidity Sensor,2020/12/06 4:00 AM,34.5,97.0,33.7,34.5,,,30.05,,,,,,,,,,,,,
Greenhouse,Temp & Humidity Sensor,2020/12/06 4:05 AM,34.3,97.0,33.5,34.3,,,30.04,,,,,,,,,,,,,
Greenhouse,Temp & Humidity Sensor,2020/12/06 4:10 AM,34.3,97.0,33.5,34.3,,,30.05,,,,,,,,,,,,,
Greenhouse,Temp & Humidity Sensor,2020/12/06 4:15 AM,34.3,97.0,33.5,34.3,,,30.05,,,,,,,,,,,,,
Greenhouse,Temp & Humidity Sensor,2020/12/06 4:20 AM,34.3,97.0,33.5,34.3,,,30.04,,,,,,,,,,,,,
Greenhouse,Temp & Humidity Sensor,2020/12/06 4:25 AM,34.3,97.0,33.5,34.3,,,30.05,,,,,,,,,,,,,
Greenhouse,Temp & Humidity Sensor,2020/12/06 4:30 AM,34.1,97.0,33.3,34.1,,,30.04,,,,,,,,,,,,,
Greenhouse,Temp & Humidity Sensor,2020/12/06 4:35 AM,33.8,97.0,33.0,33.8,,,30.04,,,,,,,,,,,,,
Greenhouse,Temp & Humidity Sensor,2020/12/06 4:40 AM,33.9,97.0,33.1,33.9,,,30.04,,,,,,,,,,,,,
Greenhouse,Temp & Humidity Sensor,2020/12/06 4:45 AM,33.9,97.0,33.1,33.9,,,30.04,,,,,,,,,,,,,
Greenhouse,Temp & Humidity Sensor,2020/12/06 4:50 AM,34.1,97.0,33.3,34.1,,,30.04,,,,,,,,,,,,,
Greenhouse,Temp & Humidity Sensor,2020/12/06 4:55 AM,33.9,97.0,33.1,33.9,,,30.04,,,,,,,,,,,,,
Greenhouse,Temp & Humidity Sensor,2020/12/06 5:00 AM,33.8,97.0,33.0,33.8,,,30.05,,,,,,,,,,,,,
Greenhouse,Temp & Humidity Sensor,2020/12/06 5:05 AM,33.8,97.0,33.0,33.8,,,30.05,,,,,,,,,,,,,
Greenhouse,Temp & Humidity Sensor,2020/12/06 5:10 AM,33.9,97.0,33.1,33.9,,,30.05,,,,,,,,,,,,,
Greenhouse,Temp & Humidity Sensor,2020/12/06 5:15 AM,34.1,97.0,33.3,34.1,,,30.05,,,,,,,,,,,,,
Greenhouse,Temp & Humidity Sensor,2020/12/06 5:20 AM,33.9,97.0,33.1,33.9,,,30.05,,,,,,,,,,,,,
Greenhouse,Temp & Humidity Sensor,2020/12/06 5:25 AM,33.8,97.0,33.0,33.8,,,30.05,,,,,,,,,,,,,
Greenhouse,Temp & Humidity Sensor,2020/12/06 5:30 AM,33.8,97.0,33.0,33.8,,,30.05,,,,,,,,,,,,,
Greenhouse,Temp & Humidity Sensor,2020/12/06 5:35 AM,33.8,97.0,33.0,33.8,,,30.05,,,,,,,,,,,,,
Greenhouse,Temp & Humidity Sensor,2020/12/06 5:40 AM,33.8,97.0,33.0,33.8,,,30.05,,,,,,,,,,,,,
Greenhouse,Temp & Humidity Sensor,2020/12/06 5:45 AM,33.8,97.0,33.0,33.8,,,30.05,,,,,,,,,,,,,
Greenhouse,Temp & Humidity Sensor,2020/12/06 5:50 AM,33.6,97.0,32.8,33.6,,,30.05,,,,,,,,,,,,,
Greenhouse,Temp & Humidity Sensor,2020/12/06 5:55 AM,33.6,97.0,32.8,33.6,,,30.05,,,,,,,,,,,,,
Greenhouse,Temp & Humidity Sensor,2020/12/06 6:00 AM,33.2,97.0,32.4,33.2,,,30.05,,,,,,,,,,,,,
Greenhouse,Temp & Humidity Sensor,2020/12/06 6:05 AM,33.2,97.0,32.4,33.2,,,30.05,,,,,,,,,,,,,
Greenhouse,Temp & Humidity Sensor,2020/12/06 6:10 AM,33.4,97.0,32.6,33.4,,,30.05,,,,,,,,,,,,,
Greenhouse,Temp & Humidity Sensor,2020/12/06 6:15 AM,33.4,97.0,32.6,33.4,,,30.06,,,,,,,,,,,,,
Greenhouse,Temp & Humidity Sensor,2020/12/06 6:20 AM,33.2,97.0,32.4,33.2,,,30.06,,,,,,,,,,,,,
Greenhouse,Temp & Humidity Sensor,2020/12/06 6:25 AM,33.2,97.0,32.4,33.2,,,30.06,,,,,,,,,,,,,
Greenhouse,Temp & Humidity Sensor,2020/12/06 6:30 AM,33.0,97.0,32.2,33.0,,,30.06,,,,,,,,,,,,,
Greenhouse,Temp & Humidity Sensor,2020/12/06 6:35 AM,33.0,97.0,32.2,33.0,,,30.06,,,,,,,,,,,,,
Greenhouse,Temp & Humidity Sensor,2020/12/06 6:40 AM,33.0,97.0,32.2,33.0,,,30.05,,,,,,,,,,,,,
Greenhouse,Temp & Humidity Sensor,2020/12/06 6:45 AM,33.0,97.0,32.2,33.0,,,30.05,,,,,,,,,,,,,
Greenhouse,Temp & Humidity Sensor,2020/12/06 6:50 AM,33.0,97.0,32.2,33.0,,,30.05,,,,,,,,,,,,,
Greenhouse,Temp & Humidity Sensor,2020/12/06 6:55 AM,33.0,97.0,32.2,33.0,,,30.05,,,,,,,,,,,,,
Greenhouse,Temp & Humidity Sensor,2020/12/06 7:00 AM,32.9,97.0,32.1,32.9,,,30.05,,,,,,,,,,,,,
Greenhouse,Temp & Humidity Sensor,2020/12/06 7:05 AM,32.9,97.0,32.1,32.9,,,30.05,,,,,,,,,,,,,
Greenhouse,Temp & Humidity Sensor,2020/12/06 7:10 AM,32.7,97.0,31.9,32.7,,,30.05,,,,,,,,,,,,,
Greenhouse,Temp & Humidity Sensor,2020/12/06 7:15 AM,32.9,97.0,32.1,32.9,,,30.05,,,,,,,,,,,,,
Greenhouse,Temp & Humidity Sensor,2020/12/06 7:20 AM,33.0,97.0,32.2,33.0,,,30.05,,,,,,,,,,,,,
Greenhouse,Temp & Humidity Sensor,2020/12/06 7:25 AM,33.2,97.0,32.4,33.2,,,30.05,,,,,,,,,,,,,
Greenhouse,Temp & Humidity Sensor,2020/12/06 7:30 AM,33.2,97.0,32.4,33.2,,,30.04,,,,,,,,,,,,,
Greenhouse,Temp & Humidity Sensor,2020/12/06 7:35 AM,32.9,97.0,32.1,32.9,,,30.04,,,,,,,,,,,,,
Greenhouse,Temp & Humidity Sensor,2020/12/06 7:40 AM,33.0,97.0,32.2,33.0,,,30.04,,,,,,,,,,,,,
Greenhouse,Temp & Humidity Sensor,2020/12/06 7:45 AM,33.2,97.0,32.4,33.2,,,30.04,,,,,,,,,,,,,
Greenhouse,Temp & Humidity Sensor,2020/12/06 7:50 AM,33.4,97.0,32.6,33.4,,,30.05,,,,,,,,,,,,,
Greenhouse,Temp & Humidity Sensor,2020/12/06 7:55 AM,33.8,97.0,33.0,33.8,,,30.05,,,,,,,,,,,,,
Greenhouse,Temp & Humidity Sensor,2020/12/06 8:00 AM,33.8,97.0,33.0,33.8,,,30.05,,,,,,,,,,,,,
Greenhouse,Temp & Humidity Sensor,2020/12/06 8:05 AM,33.8,97.0,33.0,33.8,,,30.04,,,,,,,,,,,,,
Greenhouse,Temp & Humidity Sensor,2020/12/06 8:10 AM,33.9,97.0,33.1,33.9,,,30.05,,,,,,,,,,,,,
Greenhouse,Temp & Humidity Sensor,2020/12/06 8:15 AM,33.9,97.0,33.1,33.9,,,30.05,,,,,,,,,,,,,
Greenhouse,Temp & Humidity Sensor,2020/12/06 8:20 AM,34.3,97.0,33.5,34.3,,,30.05,,,,,,,,,,,,,
Greenhouse,Temp & Humidity Sensor,2020/12/06 8:25 AM,34.7,96.0,33.7,34.7,,,30.04,,,,,,,,,,,,,
Greenhouse,Temp & Humidity Sensor,2020/12/06 8:30 AM,35.0,97.0,34.2,35.0,,,30.04,,,,,,,,,,,,,
Greenhouse,Temp & Humidity Sensor,2020/12/06 8:35 AM,35.4,96.0,34.4,35.4,,,30.04,,,,,,,,,,,,,
Greenhouse,Temp & Humidity Sensor,2020/12/06 8:40 AM,35.7,96.0,34.7,35.7,,,30.04,,,,,,,,,,,,,
Greenhouse,Temp & Humidity Sensor,2020/12/06 8:45 AM,36.8,96.0,35.8,36.8,,,30.04,,,,,,,,,,,,,
Greenhouse,Temp & Humidity Sensor,2020/12/06 8:50 AM,37.4,96.0,36.4,37.4,,,30.05,,,,,,,,,,,,,
Greenhouse,Temp & Humidity Sensor,2020/12/06 8:55 AM,39.2,95.0,37.9,39.2,,,30.05,,,,,,,,,,,,,
Greenhouse,Temp & Humidity Sensor,2020/12/06 9:00 AM,38.4,94.0,36.8,38.4,,,30.05,,,,,,,,,,,,,
Greenhouse,Temp & Humidity Sensor,2020/12/06 9:05 AM,37.9,94.0,36.3,37.9,,,30.05,,,,,,,,,,,,,
Greenhouse,Temp & Humidity Sensor,2020/12/06 9:10 AM,38.1,95.0,36.8,38.1,,,30.04,,,,,,,,,,,,,
Greenhouse,Temp & Humidity Sensor,2020/12/06 9:15 AM,39.2,95.0,37.9,39.2,,,30.05,,,,,,,,,,,,,
Greenhouse,Temp & Humidity Sensor,2020/12/06 9:20 AM,39.7,95.0,38.4,39.7,,,30.05,,,,,,,,,,,,,
Greenhouse,Temp & Humidity Sensor,2020/12/06 9:25 AM,41.0,94.0,39.4,39.2,,,30.05,,,,,,,,,,,,,
Greenhouse,Temp & Humidity Sensor,2020/12/06 9:30 AM,42.0,94.0,40.4,40.3,,,30.05,,,,,,,,,,,,,
Greenhouse,Temp & Humidity Sensor,2020/12/06 9:35 AM,42.8,93.0,40.9,41.2,,,30.04,,,,,,,,,,,,,
Greenhouse,Temp & Humidity Sensor,2020/12/06 9:40 AM,43.1,93.0,41.2,41.5,,,30.05,,,,,,,,,,,,,
Greenhouse,Temp & Humidity Sensor,2020/12/06 9:45 AM,43.1,93.0,41.2,41.5,,,30.05,,,,,,,,,,,,,
Greenhouse,Temp & Humidity Sensor,2020/12/06 9:50 AM,43.1,93.0,41.2,41.5,,,30.05,,,,,,,,,,,,,
Greenhouse,Temp & Humidity Sensor,2020/12/06 9:55 AM,44.6,93.0,42.7,43.1,,,30.05,,,,,,,,,,,,,
Greenhouse,Temp & Humidity Sensor,2020/12/06 10:00 AM,47.3,91.0,44.8,46.0,,,30.05,,,,,,,,,,,,,
Greenhouse,Temp & Humidity Sensor,2020/12/06 10:05 AM,48.5,88.0,45.1,47.2,,,30.05,,,,,,,,,,,,,
Greenhouse,Temp & Humidity Sensor,2020/12/06 10:10 AM,47.4,88.0,44.0,46.0,,,30.05,,,,,,,,,,,,,
Greenhouse,Temp & Humidity Sensor,2020/12/06 10:15 AM,47.1,88.0,43.7,45.6,,,30.04,,,,,,,,,,,,,
Greenhouse,Temp & Humidity Sensor,2020/12/06 10:20 AM,48.2,88.0,44.8,46.9,,,30.04,,,,,,,,,,,,,
Greenhouse,Temp & Humidity Sensor,2020/12/06 10:25 AM,49.6,87.0,45.9,48.3,,,30.04,,,,,,,,,,,,,
Greenhouse,Temp & Humidity Sensor,2020/12/06 10:30 AM,46.2,74.0,38.4,44.0,,,30.04,,,,,,,,,,,,,
Greenhouse,Temp & Humidity Sensor,2020/12/06 10:35 AM,45.6,79.0,39.5,43.6,,,30.04,,,,,,,,,,,,,
Greenhouse,Temp & Humidity Sensor,2020/12/06 10:40 AM,45.6,72.0,37.1,43.2,,,30.04,,,,,,,,,,,,,
Greenhouse,Temp & Humidity Sensor,2020/12/06 10:45 AM,45.6,74.0,37.8,43.3,,,30.04,,,,,,,,,,,,,
Greenhouse,Temp & Humidity Sensor,2020/12/06 10:50 AM,46.2,73.0,38.0,44.0,,,30.04,,,,,,,,,,,,,
Greenhouse,Temp & Humidity Sensor,2020/12/06 10:55 AM,47.8,64.0,36.2,45.3,,,30.04,,,,,,,,,,,,,
Greenhouse,Temp & Humidity Sensor,2020/12/06 11:00 AM,46.7,63.0,34.8,44.0,,,30.04,,,,,,,,,,,,,
Greenhouse,Temp & Humidity Sensor,2020/12/06 11:05 AM,46.4,69.0,36.8,44.0,,,30.04,,,,,,,,,,,,,
Greenhouse,Temp & Humidity Sensor,2020/12/06 11:10 AM,46.5,65.0,35.4,43.9,,,30.04,,,,,,,,,,,,,
Greenhouse,Temp & Humidity Sensor,2020/12/06 11:15 AM,46.4,64.0,34.9,43.7,,,30.04,,,,,,,,,,,,,
Greenhouse,Temp & Humidity Sensor,2020/12/06 11:20 AM,46.7,62.0,34.4,44.0,,,30.03,,,,,,,,,,,,,
Greenhouse,Temp & Humidity Sensor,2020/12/06 11:25 AM,48.0,63.0,36.0,45.5,,,30.03,,,,,,,,,,,,,
Greenhouse,Temp & Humidity Sensor,2020/12/06 11:30 AM,48.5,62.0,36.1,46.0,,,30.03,,,,,,,,,,,,,
Greenhouse,Temp & Humidity Sensor,2020/12/06 11:35 AM,48.2,61.0,35.4,45.6,,,30.02,,,,,,,,,,,,,
Greenhouse,Temp & Humidity Sensor,2020/12/06 11:40 AM,50.3,62.0,37.8,47.9,,,30.02,,,,,,,,,,,,,
Greenhouse,Temp & Humidity Sensor,2020/12/06 11:45 AM,53.2,57.0,38.4,50.9,,,30.02,,,,,,,,,,,,,
Greenhouse,Temp & Humidity Sensor,2020/12/06 11:50 AM,51.9,55.0,36.2,49.4,,,30.01,,,,,,,,,,,,,
Greenhouse,Temp & Humidity Sensor,2020/12/06 11:55 AM,51.6,56.0,36.4,49.1,,,30.01,,,,,,,,,,,,,
Greenhouse,Temp & Humidity Sensor,2020/12/06 12:00 PM,51.2,59.0,37.4,48.8,,,30.01,,,,,,,,,,,,,
Greenhouse,Temp & Humidity Sensor,2020/12/06 12:05 PM,51.4,58.0,37.1,49.0,,,30.01,,,,,,,,,,,,,
Greenhouse,Temp & Humidity Sensor,2020/12/06 12:10 PM,51.2,60.0,37.8,48.8,,,30.01,,,,,,,,,,,,,
Greenhouse,Temp & Humidity Sensor,2020/12/06 12:15 PM,51.2,60.0,37.8,48.8,,,30.0,,,,,,,,,,,,,
Greenhouse,Temp & Humidity Sensor,2020/12/06 12:20 PM,51.2,60.0,37.8,48.8,,,30.0,,,,,,,,,,,,,
Greenhouse,Temp & Humidity Sensor,2020/12/06 12:25 PM,51.6,55.0,36.0,49.0,,,30.0,,,,,,,,,,,,,
Greenhouse,Temp & Humidity Sensor,2020/12/06 12:30 PM,52.1,52.0,35.0,49.5,,,30.0,,,,,,,,,,,,,
Greenhouse,Temp & Humidity Sensor,2020/12/06 12:35 PM,53.2,54.0,37.0,50.8,,,29.99,,,,,,,,,,,,,
Greenhouse,Temp & Humidity Sensor,2020/12/06 12:40 PM,54.5,53.0,37.7,52.1,,,29.99,,,,,,,,,,,,,
Greenhouse,Temp & Humidity Sensor,2020/12/06 12:45 PM,52.8,53.0,36.1,50.3,,,29.98,,,,,,,,,,,,,
Greenhouse,Temp & Humidity Sensor,2020/12/06 12:50 PM,54.5,50.0,36.2,52.0,,,29.98,,,,,,,,,,,,,
Greenhouse,Temp & Humidity Sensor,2020/12/06 12:55 PM,58.6,50.0,40.0,56.5,,,29.98,,,,,,,,,,,,,
Greenhouse,Temp & Humidity Sensor,2020/12/06 1:00 PM,55.2,49.0,36.4,52.7,,,29.97,,,,,,,,,,,,,
Greenhouse,Temp & Humidity Sensor,2020/12/06 1:05 PM,54.8,51.0,37.0,52.4,,,29.97,,,,,,,,,,,,,
Greenhouse,Temp & Humidity Sensor,2020/12/06 1:10 PM,53.4,50.0,35.2,50.8,,,29.97,,,,,,,,,,,,,
Greenhouse,Temp & Humidity Sensor,2020/12/06 1:15 PM,53.4,50.0,35.2,50.8,,,29.96,,,,,,,,,,,,,
Greenhouse,Temp & Humidity Sensor,2020/12/06 1:20 PM,56.3,50.0,37.9,54.0,,,29.96,,,,,,,,,,,,,
Greenhouse,Temp & Humidity Sensor,2020/12/06 1:25 PM,59.0,46.0,38.2,56.8,,,29.96,,,,,,,,,,,,,
Greenhouse,Temp & Humidity Sensor,2020/12/06 1:30 PM,56.8,45.0,35.7,54.3,,,29.95,,,,,,,,,,,,,
Greenhouse,Temp & Humidity Sensor,2020/12/06 1:35 PM,55.0,47.0,35.1,52.4,,,29.95,,,,,,,,,,,,,
Greenhouse,Temp & Humidity Sensor,2020/12/06 1:40 PM,53.7,47.0,34.0,51.0,,,29.95,,,,,,,,,,,,,
Greenhouse,Temp & Humidity Sensor,2020/12/06 1:45 PM,53.6,50.0,35.4,51.0,,,29.95,,,,,,,,,,,,,
Greenhouse,Temp & Humidity Sensor,2020/12/06 1:50 PM,53.7,49.0,35.0,51.1,,,29.95,,,,,,,,,,,,,
Greenhouse,Temp & Humidity Sensor,2020/12/06 1:55 PM,54.3,49.0,35.6,51.7,,,29.95,,,,,,,,,,,,,
Greenhouse,Temp & Humidity Sensor,2020/12/06 2:00 PM,53.9,49.0,35.2,51.3,,,29.95,,,,,,,,,,,,,
Greenhouse,Temp & Humidity Sensor,2020/12/06 2:05 PM,53.7,49.0,35.0,51.1,,,29.95,,,,,,,,,,,,,
Greenhouse,Temp & Humidity Sensor,2020/12/06 2:10 PM,53.6,50.0,35.4,51.0,,,29.94,,,,,,,,,,,,,
Greenhouse,Temp & Humidity Sensor,2020/12/06 2:15 PM,53.2,50.0,35.0,50.6,,,29.94,,,,,,,,,,,,,
Greenhouse,Temp & Humidity Sensor,2020/12/06 2:20 PM,52.7,51.0,35.1,50.1,,,29.94,,,,,,,,,,,,,
Greenhouse,Temp & Humidity Sensor,2020/12/06 2:25 PM,52.7,50.0,34.6,50.0,,,29.94,,,,,,,,,,,,,
Greenhouse,Temp & Humidity Sensor,2020/12/06 2:30 PM,53.2,50.0,35.0,50.6,,,29.94,,,,,,,,,,,,,
Greenhouse,Temp & Humidity Sensor,2020/12/06 2:35 PM,53.2,51.0,35.5,50.6,,,29.94,,,,,,,,,,,,,
Greenhouse,Temp & Humidity Sensor,2020/12/06 2:40 PM,54.8,50.0,36.5,52.3,,,29.94,,,,,,,,,,,,,
Greenhouse,Temp & Humidity Sensor,2020/12/06 2:45 PM,53.7,51.0,36.0,51.2,,,29.94,,,,,,,,,,,,,
Greenhouse,Temp & Humidity Sensor,2020/12/06 2:50 PM,53.4,51.0,35.7,50.8,,,29.95,,,,,,,,,,,,,
Greenhouse,Temp & Humidity Sensor,2020/12/06 2:55 PM,55.9,49.0,37.0,53.5,,,29.94,,,,,,,,,,,,,
Greenhouse,Temp & Humidity Sensor,2020/12/06 3:00 PM,53.9,50.0,35.7,51.3,,,29.95,,,,,,,,,,,,,
Greenhouse,Temp & Humidity Sensor,2020/12/06 3:05 PM,53.2,51.0,35.5,50.6,,,29.95,,,,,,,,,,,,,
Greenhouse,Temp & Humidity Sensor,2020/12/06 3:10 PM,53.0,51.0,35.4,50.4,,,29.95,,,,,,,,,,,,,
Greenhouse,Temp & Humidity Sensor,2020/12/06 3:15 PM,52.5,51.0,34.9,49.8,,,29.95,,,,,,,,,,,,,
Greenhouse,Temp & Humidity Sensor,2020/12/06 3:20 PM,52.3,51.0,34.7,49.6,,,29.95,,,,,,,,,,,,,
Greenhouse,Temp & Humidity Sensor,2020/12/06 3:25 PM,52.7,52.0,35.6,50.1,,,29.94,,,,,,,,,,,,,
Greenhouse,Temp & Humidity Sensor,2020/12/06 3:30 PM,53.4,52.0,36.2,50.9,,,29.94,,,,,,,,,,,,,
Greenhouse,Temp & Humidity Sensor,2020/12/06 3:35 PM,52.1,52.0,35.0,49.5,,,29.94,,,,,,,,,,,,,
Greenhouse,Temp & Humidity Sensor,2020/12/06 3:40 PM,51.8,53.0,35.2,49.2,,,29.94,,,,,,,,,,,,,
Greenhouse,Temp & Humidity Sensor,2020/12/06 3:45 PM,51.4,54.0,35.3,48.8,,,29.94,,,,,,,,,,,,,
Greenhouse,Temp & Humidity Sensor,2020/12/06 3:50 PM,50.5,54.0,34.5,47.8,,,29.94,,,,,,,,,,,,,
Greenhouse,Temp & Humidity Sensor,2020/12/06 3:55 PM,49.8,55.0,34.3,47.1,,,29.94,,,,,,,,,,,,,
Greenhouse,Temp & Humidity Sensor,2020/12/06 4:00 PM,49.2,56.0,34.2,46.5,,,29.94,,,,,,,,,,,,,
Greenhouse,Temp & Humidity Sensor,2020/12/06 4:05 PM,48.5,57.0,34.0,45.7,,,29.94,,,,,,,,,,,,,
Greenhouse,Temp & Humidity Sensor,2020/12/06 4:10 PM,48.2,57.0,33.7,45.4,,,29.94,,,,,,,,,,,,,
Greenhouse,Temp & Humidity Sensor,2020/12/06 4:15 PM,47.8,59.0,34.2,45.1,,,29.94,,,,,,,,,,,,,
Greenhouse,Temp & Humidity Sensor,2020/12/06 4:20 PM,47.4,60.0,34.2,44.7,,,29.93,,,,,,,,,,,,,
Greenhouse,Temp & Humidity Sensor,2020/12/06 4:25 PM,47.1,60.0,33.9,44.3,,,29.93,,,,,,,,,,,,,
Greenhouse,Temp & Humidity Sensor,2020/12/06 4:30 PM,47.1,60.0,33.9,44.3,,,29.93,,,,,,,,,,,,,
Greenhouse,Temp & Humidity Sensor,2020/12/06 4:35 PM,46.7,61.0,34.0,43.9,,,29.93,,,,,,,,,,,,,
Greenhouse,Temp & Humidity Sensor,2020/12/06 4:40 PM,46.2,62.0,33.9,43.4,,,29.94,,,,,,,,,,,,,
Greenhouse,Temp & Humidity Sensor,2020/12/06 4:45 PM,46.2,64.0,34.7,43.5,,,29.95,,,,,,,,,,,,,
Greenhouse,Temp & Humidity Sensor,2020/12/06 4:50 PM,45.8,65.0,34.7,43.1,,,29.95,,,,,,,,,,,,,
Greenhouse,Temp & Humidity Sensor,2020/12/06 4:55 PM,45.3,65.0,34.2,42.6,,,29.94,,,,,,,,,,,,,
Greenhouse,Temp & Humidity Sensor,2020/12/06 5:00 PM,44.9,65.0,33.9,42.1,,,29.94,,,,,,,,,,,,,
Greenhouse,Temp & Humidity Sensor,2020/12/06 5:05 PM,44.6,65.0,33.6,41.8,,,29.93,,,,,,,,,,,,,
Greenhouse,Temp & Humidity Sensor,2020/12/06 5:10 PM,44.2,66.0,33.6,41.4,,,29.93,,,,,,,,,,,,,
Greenhouse,Temp & Humidity Sensor,2020/12/06 5:15 PM,43.8,66.0,33.2,41.0,,,29.94,,,,,,,,,,,,,
Greenhouse,Temp & Humidity Sensor,2020/12/06 5:20 PM,43.7,67.0,33.5,40.9,,,29.93,,,,,,,,,,,,,
Greenhouse,Temp & Humidity Sensor,2020/12/06 5:25 PM,43.5,69.0,34.0,40.8,,,29.94,,,,,,,,,,,,,
Greenhouse,Temp & Humidity Sensor,2020/12/06 5:30 PM,43.3,69.0,33.8,40.6,,,29.93,,,,,,,,,,,,,
Greenhouse,Temp & Humidity Sensor,2020/12/06 5:35 PM,42.8,69.0,33.3,40.0,,,29.93,,,,,,,,,,,,,
Greenhouse,Temp & Humidity Sensor,2020/12/06 5:40 PM,42.8,70.0,33.7,40.1,,,29.94,,,,,,,,,,,,,
Greenhouse,Temp & Humidity Sensor,2020/12/06 5:45 PM,42.9,74.0,35.2,40.4,,,29.94,,,,,,,,,,,,,
Greenhouse,Temp & Humidity Sensor,2020/12/06 5:50 PM,42.8,76.0,35.8,40.4,,,29.94,,,,,,,,,,,,,
Greenhouse,Temp & Humidity Sensor,2020/12/06 5:55 PM,42.8,77.0,36.1,40.4,,,29.95,,,,,,,,,,,,,
Greenhouse,Temp & Humidity Sensor,2020/12/06 6:00 PM,42.9,79.0,36.8,40.6,,,29.95,,,,,,,,,,,,,
Greenhouse,Temp & Humidity Sensor,2020/12/06 6:05 PM,42.8,79.0,36.7,40.5,,,29.96,,,,,,,,,,,,,
Greenhouse,Temp & Humidity Sensor,2020/12/06 6:10 PM,42.8,79.0,36.7,40.5,,,29.96,,,,,,,,,,,,,
Greenhouse,Temp & Humidity Sensor,2020/12/06 6:15 PM,42.8,82.0,37.7,40.6,,,29.96,,,,,,,,,,,,,
Greenhouse,Temp & Humidity Sensor,2020/12/06 6:20 PM,42.8,81.0,37.4,40.6,,,29.96,,,,,,,,,,,,,
Greenhouse,Temp & Humidity Sensor,2020/12/06 6:25 PM,42.8,82.0,37.7,40.6,,,29.96,,,,,,,,,,,,,
Greenhouse,Temp & Humidity Sensor,2020/12/06 6:30 PM,42.8,83.0,38.0,40.7,,,29.97,,,,,,,,,,,,,
Greenhouse,Temp & Humidity Sensor,2020/12/06 6:35 PM,42.6,83.0,37.8,40.5,,,29.96,,,,,,,,,,,,,
Greenhouse,Temp & Humidity Sensor,2020/12/06 6:40 PM,42.4,83.0,37.6,40.2,,,29.96,,,,,,,,,,,,,
Greenhouse,Temp & Humidity Sensor,2020/12/06 6:45 PM,42.6,84.0,38.1,40.5,,,29.96,,,,,,,,,,,,,
Greenhouse,Temp & Humidity Sensor,2020/12/06 6:50 PM,42.2,83.0,37.4,40.0,,,29.96,,,,,,,,,,,,,
Greenhouse,Temp & Humidity Sensor,2020/12/06 6:55 PM,41.9,82.0,36.8,39.6,,,29.95,,,,,,,,,,,,,
Greenhouse,Temp & Humidity Sensor,2020/12/06 7:00 PM,42.0,81.0,36.6,39.7,,,29.96,,,,,,,,,,,,,
Greenhouse,Temp & Humidity Sensor,2020/12/06 7:05 PM,42.8,84.0,38.3,40.7,,,29.95,,,,,,,,,,,,,
Greenhouse,Temp & Humidity Sensor,2020/12/06 7:10 PM,42.8,85.0,38.6,40.8,,,29.96,,,,,,,,,,,,,
Greenhouse,Temp & Humidity Sensor,2020/12/06 7:15 PM,42.6,85.0,38.4,40.6,,,29.96,,,,,,,,,,,,,
Greenhouse,Temp & Humidity Sensor,2020/12/06 7:20 PM,42.6,85.0,38.4,40.6,,,29.96,,,,,,,,,,,,,
Greenhouse,Temp & Humidity Sensor,2020/12/06 7:25 PM,42.8,85.0,38.6,40.8,,,29.97,,,,,,,,,,,,,
Greenhouse,Temp & Humidity Sensor,2020/12/06 7:30 PM,42.8,86.0,38.9,40.8,,,29.97,,,,,,,,,,,,,
Greenhouse,Temp & Humidity Sensor,2020/12/06 7:35 PM,42.8,87.0,39.2,40.9,,,29.96,,,,,,,,,,,,,
Greenhouse,Temp & Humidity Sensor,2020/12/06 7:40 PM,42.6,88.0,39.3,40.7,,,29.96,,,,,,,,,,,,,
Greenhouse,Temp & Humidity Sensor,2020/12/06 7:45 PM,42.6,88.0,39.3,40.7,,,29.97,,,,,,,,,,,,,
Greenhouse,Temp & Humidity Sensor,2020/12/06 7:50 PM,42.4,89.0,39.4,40.5,,,29.96,,,,,,,,,,,,,
Greenhouse,Temp & Humidity Sensor,2020/12/06 7:55 PM,41.9,88.0,38.6,39.9,,,29.97,,,,,,,,,,,,,
Greenhouse,Temp & Humidity Sensor,2020/12/06 8:00 PM,41.7,87.0,38.1,39.7,,,29.97,,,,,,,,,,,,,
Greenhouse,Temp & Humidity Sensor,2020/12/06 8:05 PM,42.0,88.0,38.7,40.0,,,29.97,,,,,,,,,,,,,
Greenhouse,Temp & Humidity Sensor,2020/12/06 8:10 PM,41.5,87.0,37.9,39.4,,,29.96,,,,,,,,,,,,,
Greenhouse,Temp & Humidity Sensor,2020/12/06 8:15 PM,42.0,88.0,38.7,40.0,,,29.96,,,,,,,,,,,,,
Greenhouse,Temp & Humidity Sensor,2020/12/06 8:20 PM,41.7,89.0,38.7,39.8,,,29.96,,,,,,,,,,,,,
Greenhouse,Temp & Humidity Sensor,2020/12/06 8:25 PM,41.7,88.0,38.4,39.7,,,29.96,,,,,,,,,,,,,
Greenhouse,Temp & Humidity Sensor,2020/12/06 8:30 PM,41.7,88.0,38.4,39.7,,,29.95,,,,,,,,,,,,,
Greenhouse,Temp & Humidity Sensor,2020/12/06 8:35 PM,41.5,87.0,37.9,39.4,,,29.95,,,,,,,,,,,,,
Greenhouse,Temp & Humidity Sensor,2020/12/06 8:40 PM,41.7,87.0,38.1,39.7,,,29.95,,,,,,,,,,,,,
Greenhouse,Temp & Humidity Sensor,2020/12/06 8:45 PM,41.3,86.0,37.4,39.2,,,29.94,,,,,,,,,,,,,
Greenhouse,Temp & Humidity Sensor,2020/12/06 8:50 PM,41.5,87.0,37.9,39.4,,,29.94,,,,,,,,,,,,,
Greenhouse,Temp & Humidity Sensor,2020/12/06 8:55 PM,41.3,87.0,37.7,39.2,,,29.94,,,,,,,,,,,,,
Greenhouse,Temp & Humidity Sensor,2020/12/06 9:00 PM,41.3,87.0,37.7,39.2,,,29.94,,,,,,,,,,,,,
Greenhouse,Temp & Humidity Sensor,2020/12/06 9:05 PM,41.1,87.0,37.5,39.0,,,29.93,,,,,,,,,,,,,
Greenhouse,Temp & Humidity Sensor,2020/12/06 9:10 PM,41.0,86.0,37.1,38.8,,,29.93,,,,,,,,,,,,,
Greenhouse,Temp & Humidity Sensor,2020/12/06 9:15 PM,41.1,86.0,37.2,39.0,,,29.93,,,,,,,,,,,,,
Greenhouse,Temp & Humidity Sensor,2020/12/06 9:20 PM,41.3,86.0,37.4,39.2,,,29.92,,,,,,,,,,,,,
Greenhouse,Temp & Humidity Sensor,2020/12/06 9:25 PM,41.3,86.0,37.4,39.2,,,29.92,,,,,,,,,,,,,
Greenhouse,Temp & Humidity Sensor,2020/12/06 9:30 PM,41.7,87.0,38.1,39.7,,,29.92,,,,,,,,,,,,,
Greenhouse,Temp & Humidity Sensor,2020/12/06 9:35 PM,42.2,89.0,39.2,40.3,,,29.92,,,,,,,,,,,,,
Greenhouse,Temp & Humidity Sensor,2020/12/06 9:40 PM,42.2,90.0,39.5,40.4,,,29.92,,,,,,,,,,,,,
Greenhouse,Temp & Humidity Sensor,2020/12/06 9:45 PM,42.0,89.0,39.0,40.1,,,29.93,,,,,,,,,,,,,
Greenhouse,Temp & Humidity Sensor,2020/12/06 9:50 PM,42.2,89.0,39.2,40.3,,,29.93,,,,,,,,,,,,,
Greenhouse,Temp & Humidity Sensor,2020/12/06 9:55 PM,42.0,89.0,39.0,40.1,,,29.93,,,,,,,,,,,,,
Greenhouse,Temp & Humidity Sensor,2020/12/06 10:00 PM,42.2,89.0,39.2,40.3,,,29.92,,,,,,,,,,,,,
Greenhouse,Temp & Humidity Sensor,2020/12/06 10:05 PM,42.4,89.0,39.4,40.5,,,29.93,,,,,,,,,,,,,
Greenhouse,Temp & Humidity Sensor,2020/12/06 10:10 PM,42.4,89.0,39.4,40.5,,,29.92,,,,,,,,,,,,,
Greenhouse,Temp & Humidity Sensor,2020/12/06 10:15 PM,42.6,90.0,39.9,40.8,,,29.92,,,,,,,,,,,,,
Greenhouse,Temp & Humidity Sensor,2020/12/06 10:20 PM,42.6,90.0,39.9,40.8,,,29.92,,,,,,,,,,,,,
Greenhouse,Temp & Humidity Sensor,2020/12/06 10:25 PM,42.4,89.0,39.4,40.5,,,29.91,,,,,,,,,,,,,
Greenhouse,Temp & Humidity Sensor,2020/12/06 10:30 PM,42.4,89.0,39.4,40.5,,,29.91,,,,,,,,,,,,,
Greenhouse,Temp & Humidity Sensor,2020/12/06 10:35 PM,42.2,89.0,39.2,40.3,,,29.91,,,,,,,,,,,,,
Greenhouse,Temp & Humidity Sensor,2020/12/06 10:40 PM,42.2,88.0,38.9,40.3,,,29.91,,,,,,,,,,,,,
Greenhouse,Temp & Humidity Sensor,2020/12/06 10:45 PM,42.2,88.0,38.9,40.3,,,29.91,,,,,,,,,,,,,
Greenhouse,Temp & Humidity Sensor,2020/12/06 10:50 PM,42.2,88.0,38.9,40.3,,,29.91,,,,,,,,,,,,,
Greenhouse,Temp & Humidity Sensor,2020/12/06 10:55 PM,42.6,89.0,39.6,40.7,,,29.92,,,,,,,,,,,,,
Greenhouse,Temp & Humidity Sensor,2020/12/06 11:00 PM,42.6,89.0,39.6,40.7,,,29.92,,,,,,,,,,,,,
Greenhouse,Temp & Humidity Sensor,2020/12/06 11:05 PM,42.8,89.0,39.8,41.0,,,29.92,,,,,,,,,,,,,
Greenhouse,Temp & Humidity Sensor,2020/12/06 11:10 PM,42.8,89.0,39.8,41.0,,,29.93,,,,,,,,,,,,,
Greenhouse,Temp & Humidity Sensor,2020/12/06 11:15 PM,42.8,89.0,39.8,41.0,,,29.93,,,,,,,,,,,,,
Greenhouse,Temp & Humidity Sensor,2020/12/06 11:20 PM,42.9,89.0,39.9,41.1,,,29.93,,,,,,,,,,,,,
Greenhouse,Temp & Humidity Sensor,2020/12/06 11:25 PM,42.9,89.0,39.9,41.1,,,29.93,,,,,,,,,,,,,
Greenhouse,Temp & Humidity Sensor,2020/12/06 11:30 PM,42.9,89.0,39.9,41.1,,,29.92,,,,,,,,,,,,,
Greenhouse,Temp & Humidity Sensor,2020/12/06 11:35 PM,43.1,89.0,40.1,41.3,,,29.92,,,,,,,,,,,,,
Greenhouse,Temp & Humidity Sensor,2020/12/06 11:40 PM,42.9,89.0,39.9,41.1,,,29.92,,,,,,,,,,,,,
Greenhouse,Temp & Humidity Sensor,2020/12/06 11:45 PM,42.9,88.0,39.6,41.0,,,29.91,,,,,,,,,,,,,
Greenhouse,Temp & Humidity Sensor,2020/12/06 11:50 PM,42.8,88.0,39.5,40.9,,,29.91,,,,,,,,,,,,,
Greenhouse,Temp & Humidity Sensor,2020/12/06 11:55 PM,42.9,88.0,39.6,41.0,,,29.91,,,,,,,,,,,,,
Greenhouse,Temp & Humidity Sensor,2020/12/07 12:00 AM,42.8,88.0,39.5,40.9,,,29.91,,,,,,,,,,,,,
Greenhouse,Temp & Humidity Sensor,2020/12/07 12:05 AM,42.9,88.0,39.6,41.0,,,29.91,,,,,,,,,,,,,
Greenhouse,Temp & Humidity Sensor,2020/12/07 12:10 AM,43.1,88.0,39.8,41.2,,,29.91,,,,,,,,,,,,,
Greenhouse,Temp & Humidity Sensor,2020/12/07 12:15 AM,43.1,87.0,39.5,41.2,,,29.91,,,,,,,,,,,,,
Greenhouse,Temp & Humidity Sensor,2020/12/07 12:20 AM,43.1,87.0,39.5,41.2,,,29.91,,,,,,,,,,,,,
Greenhouse,Temp & Humidity Sensor,2020/12/07 12:25 AM,43.1,87.0,39.5,41.2,,,29.91,,,,,,,,,,,,,
Greenhouse,Temp & Humidity Sensor,2020/12/07 12:30 AM,43.5,88.0,40.2,41.7,,,29.91,,,,,,,,,,,,,
Greenhouse,Temp & Humidity Sensor,2020/12/07 12:35 AM,43.5,88.0,40.2,41.7,,,29.91,,,,,,,,,,,,,
Greenhouse,Temp & Humidity Sensor,2020/12/07 12:40 AM,43.5,88.0,40.2,41.7,,,29.91,,,,,,,,,,,,,
Greenhouse,Temp & Humidity Sensor,2020/12/07 12:45 AM,43.3,88.0,40.0,41.5,,,29.9,,,,,,,,,,,,,
Greenhouse,Temp & Humidity Sensor,2020/12/07 12:50 AM,43.7,88.0,40.4,41.9,,,29.9,,,,,,,,,,,,,
Greenhouse,Temp & Humidity Sensor,2020/12/07 12:55 AM,43.7,88.0,40.4,41.9,,,29.89,,,,,,,,,,,,,
Greenhouse,Temp & Humidity Sensor,2020/12/07 1:00 AM,43.7,88.0,40.4,41.9,,,29.9,,,,,,,,,,,,,
Greenhouse,Temp & Humidity Sensor,2020/12/07 1:05 AM,43.7,88.0,40.4,41.9,,,29.89,,,,,,,,,,,,,
Greenhouse,Temp & Humidity Sensor,2020/12/07 1:10 AM,43.7,88.0,40.4,41.9,,,29.88,,,,,,,,,,,,,
Greenhouse,Temp & Humidity Sensor,2020/12/07 1:15 AM,43.7,88.0,40.4,41.9,,,29.88,,,,,,,,,,,,,
Greenhouse,Temp & Humidity Sensor,2020/12/07 1:20 AM,43.8,88.0,40.5,42.0,,,29.87,,,,,,,,,,,,,
Greenhouse,Temp & Humidity Sensor,2020/12/07 1:25 AM,43.7,88.0,40.4,41.9,,,29.87,,,,,,,,,,,,,
Greenhouse,Temp & Humidity Sensor,2020/12/07 1:30 AM,43.7,88.0,40.4,41.9,,,29.86,,,,,,,,,,,,,
Greenhouse,Temp & Humidity Sensor,2020/12/07 1:35 AM,44.0,89.0,41.0,42.3,,,29.86,,,,,,,,,,,,,
Greenhouse,Temp & Humidity Sensor,2020/12/07 1:40 AM,44.4,91.0,41.9,42.8,,,29.86,,,,,,,,,,,,,
Greenhouse,Temp & Humidity Sensor,2020/12/07 1:45 AM,44.6,92.0,42.4,43.1,,,29.86,,,,,,,,,,,,,
Greenhouse,Temp & Humidity Sensor,2020/12/07 1:50 AM,44.6,93.0,42.7,43.1,,,29.86,,,,,,,,,,,,,
Greenhouse,Temp & Humidity Sensor,2020/12/07 1:55 AM,44.7,93.0,42.8,43.2,,,29.87,,,,,,,,,,,,,
Greenhouse,Temp & Humidity Sensor,2020/12/07 2:00 AM,44.9,92.0,42.7,43.4,,,29.87,,,,,,,,,,,,,
Greenhouse,Temp & Humidity Sensor,2020/12/07 2:05 AM,45.1,92.0,42.9,43.6,,,29.86,,,,,,,,,,,,,
Greenhouse,Temp & Humidity Sensor,2020/12/07 2:10 AM,44.9,91.0,42.4,43.4,,,29.86,,,,,,,,,,,,,
Greenhouse,Temp & Humidity Sensor,2020/12/07 2:15 AM,44.7,91.0,42.2,43.1,,,29.86,,,,,,,,,,,,,
Greenhouse,Temp & Humidity Sensor,2020/12/07 2:20 AM,44.7,90.0,41.9,43.1,,,29.87,,,,,,,,,,,,,
Greenhouse,Temp & Humidity Sensor,2020/12/07 2:25 AM,44.7,90.0,41.9,43.1,,,29.86,,,,,,,,,,,,,
Greenhouse,Temp & Humidity Sensor,2020/12/07 2:30 AM,44.7,90.0,41.9,43.1,,,29.86,,,,,,,,,,,,,
Greenhouse,Temp & Humidity Sensor,2020/12/07 2:35 AM,44.7,90.0,41.9,43.1,,,29.86,,,,,,,,,,,,,
Greenhouse,Temp & Humidity Sensor,2020/12/07 2:40 AM,44.7,90.0,41.9,43.1,,,29.86,,,,,,,,,,,,,
Greenhouse,Temp & Humidity Sensor,2020/12/07 2:45 AM,44.7,90.0,41.9,43.1,,,29.86,,,,,,,,,,,,,
Greenhouse,Temp & Humidity Sensor,2020/12/07 2:50 AM,44.9,90.0,42.1,43.3,,,29.86,,,,,,,,,,,,,
Greenhouse,Temp & Humidity Sensor,2020/12/07 2:55 AM,44.9,90.0,42.1,43.3,,,29.86,,,,,,,,,,,,,
Greenhouse,Temp & Humidity Sensor,2020/12/07 3:00 AM,44.9,90.0,42.1,43.3,,,29.86,,,,,,,,,,,,,
Greenhouse,Temp & Humidity Sensor,2020/12/07 3:05 AM,44.9,90.0,42.1,43.3,,,29.86,,,,,,,,,,,,,
Greenhouse,Temp & Humidity Sensor,2020/12/07 3:10 AM,45.1,90.0,42.3,43.5,,,29.85,,,,,,,,,,,,,
Greenhouse,Temp & Humidity Sensor,2020/12/07 3:15 AM,45.1,90.0,42.3,43.5,,,29.85,,,,,,,,,,,,,
Greenhouse,Temp & Humidity Sensor,2020/12/07 3:20 AM,45.3,91.0,42.8,43.8,,,29.84,,,,,,,,,,,,,
Greenhouse,Temp & Humidity Sensor,2020/12/07 3:25 AM,45.5,93.0,43.6,44.1,,,29.84,,,,,,,,,,,,,
Greenhouse,Temp & Humidity Sensor,2020/12/07 3:30 AM,45.6,93.0,43.7,44.2,,,29.84,,,,,,,,,,,,,
Greenhouse,Temp & Humidity Sensor,2020/12/07 3:35 AM,45.6,93.0,43.7,44.2,,,29.84,,,,,,,,,,,,,
Greenhouse,Temp & Humidity Sensor,2020/12/07 3:40 AM,45.8,93.0,43.9,44.5,,,29.84,,,,,,,,,,,,,
Greenhouse,Temp & Humidity Sensor,2020/12/07 3:45 AM,45.8,93.0,43.9,44.5,,,29.83,,,,,,,,,,,,,
Greenhouse,Temp & Humidity Sensor,2020/12/07 3:50 AM,45.8,93.0,43.9,44.5,,,29.83,,,,,,,,,,,,,
Greenhouse,Temp & Humidity Sensor,2020/12/07 3:55 AM,45.8,92.0,43.6,44.4,,,29.83,,,,,,,,,,,,,
Greenhouse,Temp & Humidity Sensor,2020/12/07 4:00 AM,45.8,92.0,43.6,44.4,,,29.82,,,,,,,,,,,,,
Greenhouse,Temp & Humidity Sensor,2020/12/07 4:05 AM,45.8,92.0,43.6,44.4,,,29.82,,,,,,,,,,,,,
Greenhouse,Temp & Humidity Sensor,2020/12/07 4:10 AM,45.8,92.0,43.6,44.4,,,29.82,,,,,,,,,,,,,
Greenhouse,Temp & Humidity Sensor,2020/12/07 4:15 AM,45.8,92.0,43.6,44.4,,,29.82,,,,,,,,,,,,,
Greenhouse,Temp & Humidity Sensor,2020/12/07 4:20 AM,45.8,92.0,43.6,44.4,,,29.82,,,,,,,,,,,,,
Greenhouse,Temp & Humidity Sensor,2020/12/07 4:25 AM,46.0,92.0,43.8,44.6,,,29.81,,,,,,,,,,,,,
Greenhouse,Temp & Humidity Sensor,2020/12/07 4:30 AM,46.0,92.0,43.8,44.6,,,29.81,,,,,,,,,,,,,
Greenhouse,Temp & Humidity Sensor,2020/12/07 4:35 AM,46.0,92.0,43.8,44.6,,,29.8,,,,,,,,,,,,,
Greenhouse,Temp & Humidity Sensor,2020/12/07 4:40 AM,46.0,92.0,43.8,44.6,,,29.8,,,,,,,,,,,,,
Greenhouse,Temp & Humidity Sensor,2020/12/07 4:45 AM,46.2,93.0,44.3,44.9,,,29.81,,,,,,,,,,,,,
Greenhouse,Temp & Humidity Sensor,2020/12/07 4:50 AM,46.2,93.0,44.3,44.9,,,29.8,,,,,,,,,,,,,
Greenhouse,Temp & Humidity Sensor,2020/12/07 4:55 AM,46.2,92.0,44.0,44.8,,,29.8,,,,,,,,,,,,,
Greenhouse,Temp & Humidity Sensor,2020/12/07 5:00 AM,46.2,92.0,44.0,44.8,,,29.8,,,,,,,,,,,,,
Greenhouse,Temp & Humidity Sensor,2020/12/07 5:05 AM,46.2,93.0,44.3,44.9,,,29.79,,,,,,,,,,,,,
Greenhouse,Temp & Humidity Sensor,2020/12/07 5:10 AM,46.2,93.0,44.3,44.9,,,29.79,,,,,,,,,,,,,
Greenhouse,Temp & Humidity Sensor,2020/12/07 5:15 AM,46.2,92.0,44.0,44.8,,,29.79,,,,,,,,,,,,,
Greenhouse,Temp & Humidity Sensor,2020/12/07 5:20 AM,46.2,92.0,44.0,44.8,,,29.79,,,,,,,,,,,,,
Greenhouse,Temp & Humidity Sensor,2020/12/07 5:25 AM,46.2,92.0,44.0,44.8,,,29.79,,,,,,,,,,,,,
Greenhouse,Temp & Humidity Sensor,2020/12/07 5:30 AM,46.2,92.0,44.0,44.8,,,29.79,,,,,,,,,,,,,
Greenhouse,Temp & Humidity Sensor,2020/12/07 5:35 AM,46.2,92.0,44.0,44.8,,,29.79,,,,,,,,,,,,,
Greenhouse,Temp & Humidity Sensor,2020/12/07 5:40 AM,46.4,91.0,43.9,45.0,,,29.79,,,,,,,,,,,,,
Greenhouse,Temp & Humidity Sensor,2020/12/07 5:45 AM,46.5,92.0,44.3,45.2,,,29.8,,,,,,,,,,,,,
Greenhouse,Temp & Humidity Sensor,2020/12/07 5:50 AM,46.5,92.0,44.3,45.2,,,29.79,,,,,,,,,,,,,
Greenhouse,Temp & Humidity Sensor,2020/12/07 5:55 AM,46.5,92.0,44.3,45.2,,,29.79,,,,,,,,,,,,,
Greenhouse,Temp & Humidity Sensor,2020/12/07 6:00 AM,46.5,92.0,44.3,45.2,,,29.8,,,,,,,,,,,,,
Greenhouse,Temp & Humidity Sensor,2020/12/07 6:05 AM,46.7,92.0,44.5,45.4,,,29.79,,,,,,,,,,,,,
Greenhouse,Temp & Humidity Sensor,2020/12/07 6:10 AM,46.9,93.0,45.0,45.7,,,29.8,,,,,,,,,,,,,
Greenhouse,Temp & Humidity Sensor,2020/12/07 6:15 AM,46.9,93.0,45.0,45.7,,,29.8,,,,,,,,,,,,,
Greenhouse,Temp & Humidity Sensor,2020/12/07 6:20 AM,46.9,93.0,45.0,45.7,,,29.8,,,,,,,,,,,,,
Greenhouse,Temp & Humidity Sensor,2020/12/07 6:25 AM,46.9,93.0,45.0,45.7,,,29.8,,,,,,,,,,,,,
Greenhouse,Temp & Humidity Sensor,2020/12/07 6:30 AM,47.1,93.0,45.2,45.9,,,29.8,,,,,,,,,,,,,
Greenhouse,Temp & Humidity Sensor,2020/12/07 6:35 AM,47.1,93.0,45.2,45.9,,,29.79,,,,,,,,,,,,,
Greenhouse,Temp & Humidity Sensor,2020/12/07 6:40 AM,47.1,93.0,45.2,45.9,,,29.8,,,,,,,,,,,,,
Greenhouse,Temp & Humidity Sensor,2020/12/07 6:45 AM,47.1,93.0,45.2,45.9,,,29.8,,,,,,,,,,,,,
Greenhouse,Temp & Humidity Sensor,2020/12/07 6:50 AM,47.3,93.0,45.4,46.1,,,29.8,,,,,,,,,,,,,
Greenhouse,Temp & Humidity Sensor,2020/12/07 6:55 AM,47.3,93.0,45.4,46.1,,,29.8,,,,,,,,,,,,,
Greenhouse,Temp & Humidity Sensor,2020/12/07 7:00 AM,47.4,93.0,45.5,46.2,,,29.8,,,,,,,,,,,,,
Greenhouse,Temp & Humidity Sensor,2020/12/07 7:05 AM,47.4,94.0,45.8,46.3,,,29.8,,,,,,,,,,,,,
Greenhouse,Temp & Humidity Sensor,2020/12/07 7:10 AM,47.4,94.0,45.8,46.3,,,29.8,,,,,,,,,,,,,
Greenhouse,Temp & Humidity Sensor,2020/12/07 7:15 AM,47.6,94.0,46.0,46.5,,,29.8,,,,,,,,,,,,,
Greenhouse,Temp & Humidity Sensor,2020/12/07 7:20 AM,47.6,94.0,46.0,46.5,,,29.8,,,,,,,,,,,,,
Greenhouse,Temp & Humidity Sensor,2020/12/07 7:25 AM,47.8,95.0,46.4,46.7,,,29.8,,,,,,,,,,,,,
Greenhouse,Temp & Humidity Sensor,2020/12/07 7:30 AM,47.8,95.0,46.4,46.7,,,29.8,,,,,,,,,,,,,
Greenhouse,Temp & Humidity Sensor,2020/12/07 7:35 AM,47.8,95.0,46.4,46.7,,,29.8,,,,,,,,,,,,,
Greenhouse,Temp & Humidity Sensor,2020/12/07 7:40 AM,48.0,95.0,46.6,47.0,,,29.8,,,,,,,,,,,,,
Greenhouse,Temp & Humidity Sensor,2020/12/07 7:45 AM,48.0,95.0,46.6,47.0,,,29.8,,,,,,,,,,,,,
Greenhouse,Temp & Humidity Sensor,2020/12/07 7:50 AM,48.0,95.0,46.6,47.0,,,29.8,,,,,,,,,,,,,
Greenhouse,Temp & Humidity Sensor,2020/12/07 7:55 AM,48.0,95.0,46.6,47.0,,,29.79,,,,,,,,,,,,,
Greenhouse,Temp & Humidity Sensor,2020/12/07 8:00 AM,48.2,94.0,46.6,47.1,,,29.79,,,,,,,,,,,,,
Greenhouse,Temp & Humidity Sensor,2020/12/07 8:05 AM,48.2,94.0,46.6,47.1,,,29.8,,,,,,,,,,,,,
Greenhouse,Temp & Humidity Sensor,2020/12/07 8:10 AM,48.2,94.0,46.6,47.1,,,29.79,,,,,,,,,,,,,
Greenhouse,Temp & Humidity Sensor,2020/12/07 8:15 AM,48.2,94.0,46.6,47.1,,,29.79,,,,,,,,,,,,,
Greenhouse,Temp & Humidity Sensor,2020/12/07 8:20 AM,48.2,94.0,46.6,47.1,,,29.79,,,,,,,,,,,,,
Greenhouse,Temp & Humidity Sensor,2020/12/07 8:25 AM,48.2,94.0,46.6,47.1,,,29.79,,,,,,,,,,,,,
Greenhouse,Temp & Humidity Sensor,2020/12/07 8:30 AM,48.2,94.0,46.6,47.1,,,29.79,,,,,,,,,,,,,
Greenhouse,Temp & Humidity Sensor,2020/12/07 8:35 AM,48.3,94.0,46.7,47.2,,,29.79,,,,,,,,,,,,,
Greenhouse,Temp & Humidity Sensor,2020/12/07 8:40 AM,48.2,94.0,46.6,47.1,,,29.79,,,,,,,,,,,,,
Greenhouse,Temp & Humidity Sensor,2020/12/07 8:45 AM,48.3,95.0,46.9,47.3,,,29.79,,,,,,,,,,,,,
Greenhouse,Temp & Humidity Sensor,2020/12/07 8:50 AM,48.3,95.0,46.9,47.3,,,29.8,,,,,,,,,,,,,
Greenhouse,Temp & Humidity Sensor,2020/12/07 8:55 AM,48.3,95.0,46.9,47.3,,,29.79,,,,,,,,,,,,,
Greenhouse,Temp & Humidity Sensor,2020/12/07 9:00 AM,48.3,95.0,46.9,47.3,,,29.79,,,,,,,,,,,,,
Greenhouse,Temp & Humidity Sensor,2020/12/07 9:05 AM,48.5,95.0,47.1,47.5,,,29.79,,,,,,,,,,,,,
Greenhouse,Temp & Humidity Sensor,2020/12/07 9:10 AM,48.7,95.0,47.3,47.7,,,29.79,,,,,,,,,,,,,
Greenhouse,Temp & Humidity Sensor,2020/12/07 9:15 AM,48.7,95.0,47.3,47.7,,,29.79,,,,,,,,,,,,,
Greenhouse,Temp & Humidity Sensor,2020/12/07 9:20 AM,48.7,95.0,47.3,47.7,,,29.79,,,,,,,,,,,,,
Greenhouse,Temp & Humidity Sensor,2020/12/07 9:25 AM,48.9,95.0,47.5,48.0,,,29.79,,,,,,,,,,,,,
Greenhouse,Temp & Humidity Sensor,2020/12/07 9:30 AM,49.1,95.0,47.7,48.2,,,29.79,,,,,,,,,,,,,
Greenhouse,Temp & Humidity Sensor,2020/12/07 9:35 AM,49.2,95.0,47.8,48.3,,,29.79,,,,,,,,,,,,,
Greenhouse,Temp & Humidity Sensor,2020/12/07 9:40 AM,49.4,95.0,48.0,48.5,,,29.79,,,,,,,,,,,,,
Greenhouse,Temp & Humidity Sensor,2020/12/07 9:45 AM,49.1,95.0,47.7,48.2,,,29.79,,,,,,,,,,,,,
Greenhouse,Temp & Humidity Sensor,2020/12/07 9:50 AM,48.9,95.0,47.5,48.0,,,29.79,,,,,,,,,,,,,
Greenhouse,Temp & Humidity Sensor,2020/12/07 9:55 AM,49.1,95.0,47.7,48.2,,,29.79,,,,,,,,,,,,,
Greenhouse,Temp & Humidity Sensor,2020/12/07 10:00 AM,49.1,95.0,47.7,48.2,,,29.79,,,,,,,,,,,,,
Greenhouse,Temp & Humidity Sensor,2020/12/07 10:05 AM,49.1,95.0,47.7,48.2,,,29.79,,,,,,,,,,,,,
Greenhouse,Temp & Humidity Sensor,2020/12/07 10:10 AM,49.1,95.0,47.7,48.2,,,29.79,,,,,,,,,,,,,
Greenhouse,Temp & Humidity Sensor,2020/12/07 10:15 AM,48.9,95.0,47.5,48.0,,,29.79,,,,,,,,,,,,,
Greenhouse,Temp & Humidity Sensor,2020/12/07 10:20 AM,48.9,95.0,47.5,48.0,,,29.79,,,,,,,,,,,,,
Greenhouse,Temp & Humidity Sensor,2020/12/07 10:25 AM,48.9,95.0,47.5,48.0,,,29.79,,,,,,,,,,,,,
Greenhouse,Temp & Humidity Sensor,2020/12/07 10:30 AM,48.9,95.0,47.5,48.0,,,29.79,,,,,,,,,,,,,
Greenhouse,Temp & Humidity Sensor,2020/12/07 10:35 AM,48.9,95.0,47.5,48.0,,,29.78,,,,,,,,,,,,,
Greenhouse,Temp & Humidity Sensor,2020/12/07 10:40 AM,48.7,95.0,47.3,47.7,,,29.79,,,,,,,,,,,,,
Greenhouse,Temp & Humidity Sensor,2020/12/07 10:45 AM,48.5,95.0,47.1,47.5,,,29.78,,,,,,,,,,,,,
Greenhouse,Temp & Humidity Sensor,2020/12/07 10:50 AM,48.3,95.0,46.9,47.3,,,29.78,,,,,,,,,,,,,
Greenhouse,Temp & Humidity Sensor,2020/12/07 10:55 AM,48.3,95.0,46.9,47.3,,,29.78,,,,,,,,,,,,,
Greenhouse,Temp & Humidity Sensor,2020/12/07 11:00 AM,48.2,95.0,46.8,47.2,,,29.78,,,,,,,,,,,,,
Greenhouse,Temp & Humidity Sensor,2020/12/07 11:05 AM,48.0,96.0,46.9,47.0,,,29.78,,,,,,,,,,,,,
Greenhouse,Temp & Humidity Sensor,2020/12/07 11:10 AM,47.6,96.0,46.5,46.6,,,29.78,,,,,,,,,,,,,
Greenhouse,Temp & Humidity Sensor,2020/12/07 11:15 AM,47.4,96.0,46.3,46.4,,,29.78,,,,,,,,,,,,,
Greenhouse,Temp & Humidity Sensor,2020/12/07 11:20 AM,47.3,96.0,46.2,46.2,,,29.78,,,,,,,,,,,,,
Greenhouse,Temp & Humidity Sensor,2020/12/07 11:25 AM,47.3,96.0,46.2,46.2,,,29.78,,,,,,,,,,,,,
Greenhouse,Temp & Humidity Sensor,2020/12/07 11:30 AM,46.7,95.0,45.3,45.5,,,29.78,,,,,,,,,,,,,
Greenhouse,Temp & Humidity Sensor,2020/12/07 11:35 AM,46.2,96.0,45.1,45.0,,,29.78,,,,,,,,,,,,,
Greenhouse,Temp & Humidity Sensor,2020/12/07 11:40 AM,46.0,96.0,44.9,44.8,,,29.77,,,,,,,,,,,,,
Greenhouse,Temp & Humidity Sensor,2020/12/07 11:45 AM,46.0,96.0,44.9,44.8,,,29.77,,,,,,,,,,,,,
Greenhouse,Temp & Humidity Sensor,2020/12/07 11:50 AM,46.2,96.0,45.1,45.0,,,29.77,,,,,,,,,,,,,
Greenhouse,Temp & Humidity Sensor,2020/12/07 11:55 AM,46.2,96.0,45.1,45.0,,,29.77,,,,,,,,,,,,,
Greenhouse,Temp & Humidity Sensor,2020/12/07 12:00 PM,45.6,96.0,44.5,44.4,,,29.76,,,,,,,,,,,,,
Greenhouse,Temp & Humidity Sensor,2020/12/07 12:05 PM,45.6,96.0,44.5,44.4,,,29.76,,,,,,,,,,,,,
Greenhouse,Temp & Humidity Sensor,2020/12/07 12:10 PM,45.6,95.0,44.3,44.3,,,29.76,,,,,,,,,,,,,
Greenhouse,Temp & Humidity Sensor,2020/12/07 12:15 PM,45.6,95.0,44.3,44.3,,,29.76,,,,,,,,,,,,,
Greenhouse,Temp & Humidity Sensor,2020/12/07 12:20 PM,45.6,95.0,44.3,44.3,,,29.76,,,,,,,,,,,,,
Greenhouse,Temp & Humidity Sensor,2020/12/07 12:25 PM,45.1,95.0,43.8,43.8,,,29.76,,,,,,,,,,,,,
Greenhouse,Temp & Humidity Sensor,2020/12/07 12:30 PM,45.1,95.0,43.8,43.8,,,29.76,,,,,,,,,,,,,
Greenhouse,Temp & Humidity Sensor,2020/12/07 12:35 PM,44.7,95.0,43.4,43.3,,,29.76,,,,,,,,,,,,,
Greenhouse,Temp & Humidity Sensor,2020/12/07 12:40 PM,44.6,95.0,43.3,43.2,,,29.76,,,,,,,,,,,,,
Greenhouse,Temp & Humidity Sensor,2020/12/07 12:45 PM,44.7,95.0,43.4,43.3,,,29.76,,,,,,,,,,,,,
Greenhouse,Temp & Humidity Sensor,2020/12/07 12:50 PM,44.6,95.0,43.3,43.2,,,29.76,,,,,,,,,,,,,
Greenhouse,Temp & Humidity Sensor,2020/12/07 12:55 PM,44.6,95.0,43.3,43.2,,,29.75,,,,,,,,,,,,,
Greenhouse,Temp & Humidity Sensor,2020/12/07 1:00 PM,44.7,95.0,43.4,43.3,,,29.75,,,,,,,,,,,,,
Greenhouse,Temp & Humidity Sensor,2020/12/07 1:05 PM,44.7,94.0,43.1,43.3,,,29.75,,,,,,,,,,,,,
Greenhouse,Temp & Humidity Sensor,2020/12/07 1:10 PM,44.4,95.0,43.1,43.0,,,29.75,,,,,,,,,,,,,
Greenhouse,Temp & Humidity Sensor,2020/12/07 1:15 PM,44.4,95.0,43.1,43.0,,,29.75,,,,,,,,,,,,,
Greenhouse,Temp & Humidity Sensor,2020/12/07 1:20 PM,44.4,95.0,43.1,43.0,,,29.75,,,,,,,,,,,,,
Greenhouse,Temp & Humidity Sensor,2020/12/07 1:25 PM,44.4,95.0,43.1,43.0,,,29.75,,,,,,,,,,,,,
Greenhouse,Temp & Humidity Sensor,2020/12/07 1:30 PM,44.6,94.0,43.0,43.2,,,29.75,,,,,,,,,,,,,
Greenhouse,Temp & Humidity Sensor,2020/12/07 1:35 PM,44.6,94.0,43.0,43.2,,,29.75,,,,,,,,,,,,,
Greenhouse,Temp & Humidity Sensor,2020/12/07 1:40 PM,44.6,93.0,42.7,43.1,,,29.75,,,,,,,,,,,,,
Greenhouse,Temp & Humidity Sensor,2020/12/07 1:45 PM,44.2,94.0,42.6,42.7,,,29.75,,,,,,,,,,,,,
Greenhouse,Temp & Humidity Sensor,2020/12/07 1:50 PM,44.0,93.0,42.1,42.5,,,29.75,,,,,,,,,,,,,
Greenhouse,Temp & Humidity Sensor,2020/12/07 1:55 PM,44.2,94.0,42.6,42.7,,,29.74,,,,,,,,,,,,,
Greenhouse,Temp & Humidity Sensor,2020/12/07 2:00 PM,44.0,93.0,42.1,42.5,,,29.74,,,,,,,,,,,,,
Greenhouse,Temp & Humidity Sensor,2020/12/07 2:05 PM,43.7,93.0,41.8,42.1,,,29.75,,,,,,,,,,,,,
Greenhouse,Temp & Humidity Sensor,2020/12/07 2:10 PM,43.3,93.0,41.4,41.7,,,29.75,,,,,,,,,,,,,
Greenhouse,Temp & Humidity Sensor,2020/12/07 2:15 PM,43.1,93.0,41.2,41.5,,,29.75,,,,,,,,,,,,,
Greenhouse,Temp & Humidity Sensor,2020/12/07 2:20 PM,43.3,93.0,41.4,41.7,,,29.75,,,,,,,,,,,,,
Greenhouse,Temp & Humidity Sensor,2020/12/07 2:25 PM,43.5,93.0,41.6,41.9,,,29.75,,,,,,,,,,,,,
Greenhouse,Temp & Humidity Sensor,2020/12/07 2:30 PM,43.7,93.0,41.8,42.1,,,29.75,,,,,,,,,,,,,
Greenhouse,Temp & Humidity Sensor,2020/12/07 2:35 PM,43.1,93.0,41.2,41.5,,,29.75,,,,,,,,,,,,,
Greenhouse,Temp & Humidity Sensor,2020/12/07 2:40 PM,42.8,91.0,40.4,41.1,,,29.75,,,,,,,,,,,,,
Greenhouse,Temp & Humidity Sensor,2020/12/07 2:45 PM,42.8,91.0,40.4,41.1,,,29.75,,,,,,,,,,,,,
Greenhouse,Temp & Humidity Sensor,2020/12/07 2:50 PM,42.6,91.0,40.2,40.8,,,29.75,,,,,,,,,,,,,
Greenhouse,Temp & Humidity Sensor,2020/12/07 2:55 PM,42.6,91.0,40.2,40.8,,,29.75,,,,,,,,,,,,,
Greenhouse,Temp & Humidity Sensor,2020/12/07 3:00 PM,42.4,91.0,40.0,40.6,,,29.75,,,,,,,,,,,,,
Greenhouse,Temp & Humidity Sensor,2020/12/07 3:05 PM,42.2,90.0,39.5,40.4,,,29.75,,,,,,,,,,,,,
Greenhouse,Temp & Humidity Sensor,2020/12/07 3:10 PM,42.0,90.0,39.3,40.1,,,29.76,,,,,,,,,,,,,
Greenhouse,Temp & Humidity Sensor,2020/12/07 3:15 PM,42.0,91.0,39.6,40.2,,,29.76,,,,,,,,,,,,,
Greenhouse,Temp & Humidity Sensor,2020/12/07 3:20 PM,42.0,91.0,39.6,40.2,,,29.76,,,,,,,,,,,,,
Greenhouse,Temp & Humidity Sensor,2020/12/07 3:25 PM,41.7,91.0,39.3,39.8,,,29.76,,,,,,,,,,,,,
Greenhouse,Temp & Humidity Sensor,2020/12/07 3:30 PM,41.5,91.0,39.1,39.6,,,29.76,,,,,,,,,,,,,
Greenhouse,Temp & Humidity Sensor,2020/12/07 3:35 PM,41.5,91.0,39.1,39.6,,,29.77,,,,,,,,,,,,,
Greenhouse,Temp & Humidity Sensor,2020/12/07 3:40 PM,41.3,92.0,39.2,39.5,,,29.77,,,,,,,,,,,,,
Greenhouse,Temp & Humidity Sensor,2020/12/07 3:45 PM,41.3,92.0,39.2,39.5,,,29.77,,,,,,,,,,,,,
Greenhouse,Temp & Humidity Sensor,2020/12/07 3:50 PM,41.3,91.0,38.9,39.4,,,29.77,,,,,,,,,,,,,
Greenhouse,Temp & Humidity Sensor,2020/12/07 3:55 PM,41.1,90.0,38.4,39.1,,,29.77,,,,,,,,,,,,,
Greenhouse,Temp & Humidity Sensor,2020/12/07 4:00 PM,41.1,90.0,38.4,39.1,,,29.77,,,,,,,,,,,,,
Greenhouse,Temp & Humidity Sensor,2020/12/07 4:05 PM,41.0,89.0,38.0,39.0,,,29.77,,,,,,,,,,,,,
Greenhouse,Temp & Humidity Sensor,2020/12/07 4:10 PM,40.8,90.0,38.1,38.8,,,29.78,,,,,,,,,,,,,
Greenhouse,Temp & Humidity Sensor,2020/12/07 4:15 PM,40.8,90.0,38.1,38.8,,,29.78,,,,,,,,,,,,,
Greenhouse,Temp & Humidity Sensor,2020/12/07 4:20 PM,41.0,90.0,38.3,39.0,,,29.78,,,,,,,,,,,,,
Greenhouse,Temp & Humidity Sensor,2020/12/07 4:25 PM,40.8,91.0,38.4,38.9,,,29.79,,,,,,,,,,,,,
Greenhouse,Temp & Humidity Sensor,2020/12/07 4:30 PM,40.8,92.0,38.7,38.9,,,29.79,,,,,,,,,,,,,
Greenhouse,Temp & Humidity Sensor,2020/12/07 4:35 PM,40.6,92.0,38.5,38.7,,,29.79,,,,,,,,,,,,,
Greenhouse,Temp & Humidity Sensor,2020/12/07 4:40 PM,40.6,92.0,38.5,38.7,,,29.79,,,,,,,,,,,,,
Greenhouse,Temp & Humidity Sensor,2020/12/07 4:45 PM,40.6,93.0,38.7,38.7,,,29.79,,,,,,,,,,,,,
Greenhouse,Temp & Humidity Sensor,2020/12/07 4:50 PM,40.8,94.0,39.2,39.0,,,29.79,,,,,,,,,,,,,
Greenhouse,Temp & Humidity Sensor,2020/12/07 4:55 PM,40.8,94.0,39.2,39.0,,,29.79,,,,,,,,,,,,,
Greenhouse,Temp & Humidity Sensor,2020/12/07 5:00 PM,41.0,94.0,39.4,39.2,,,29.79,,,,,,,,,,,,,
Greenhouse,Temp & Humidity Sensor,2020/12/07 5:05 PM,41.1,94.0,39.5,39.3,,,29.79,,,,,,,,,,,,,
Greenhouse,Temp & Humidity Sensor,2020/12/07 5:10 PM,41.1,94.0,39.5,39.3,,,29.8,,,,,,,,,,,,,
Greenhouse,Temp & Humidity Sensor,2020/12/07 5:15 PM,41.1,95.0,39.8,39.4,,,29.8,,,,,,,,,,,,,
Greenhouse,Temp & Humidity Sensor,2020/12/07 5:20 PM,41.3,95.0,40.0,39.6,,,29.8,,,,,,,,,,,,,
Greenhouse,Temp & Humidity Sensor,2020/12/07 5:25 PM,41.5,95.0,40.2,39.8,,,29.8,,,,,,,,,,,,,
Greenhouse,Temp & Humidity Sensor,2020/12/07 5:30 PM,41.5,95.0,40.2,39.8,,,29.8,,,,,,,,,,,,,
Greenhouse,Temp & Humidity Sensor,2020/12/07 5:35 PM,41.5,95.0,40.2,39.8,,,29.8,,,,,,,,,,,,,
Greenhouse,Temp & Humidity Sensor,2020/12/07 5:40 PM,41.5,95.0,40.2,39.8,,,29.8,,,,,,,,,,,,,
Greenhouse,Temp & Humidity Sensor,2020/12/07 5:45 PM,41.5,95.0,40.2,39.8,,,29.8,,,,,,,,,,,,,
Greenhouse,Temp & Humidity Sensor,2020/12/07 5:50 PM,41.7,95.0,40.4,40.0,,,29.81,,,,,,,,,,,,,
Greenhouse,Temp & Humidity Sensor,2020/12/07 5:55 PM,41.7,95.0,40.4,40.0,,,29.81,,,,,,,,,,,,,
Greenhouse,Temp & Humidity Sensor,2020/12/07 6:00 PM,41.7,95.0,40.4,40.0,,,29.81,,,,,,,,,,,,,
Greenhouse,Temp & Humidity Sensor,2020/12/07 6:05 PM,41.9,96.0,40.8,40.3,,,29.82,,,,,,,,,,,,,
Greenhouse,Temp & Humidity Sensor,2020/12/07 6:10 PM,41.7,95.0,40.4,40.0,,,29.82,,,,,,,,,,,,,
Greenhouse,Temp & Humidity Sensor,2020/12/07 6:15 PM,41.7,95.0,40.4,40.0,,,29.82,,,,,,,,,,,,,
Greenhouse,Temp & Humidity Sensor,2020/12/07 6:20 PM,41.7,95.0,40.4,40.0,,,29.82,,,,,,,,,,,,,
Greenhouse,Temp & Humidity Sensor,2020/12/07 6:25 PM,41.7,95.0,40.4,40.0,,,29.83,,,,,,,,,,,,,
Greenhouse,Temp & Humidity Sensor,2020/12/07 6:30 PM,41.7,95.0,40.4,40.0,,,29.83,,,,,,,,,,,,,
Greenhouse,Temp & Humidity Sensor,2020/12/07 6:35 PM,41.7,95.0,40.4,40.0,,,29.83,,,,,,,,,,,,,
Greenhouse,Temp & Humidity Sensor,2020/12/07 6:40 PM,41.5,95.0,40.2,39.8,,,29.83,,,,,,,,,,,,,
Greenhouse,Temp & Humidity Sensor,2020/12/07 6:45 PM,41.5,95.0,40.2,39.8,,,29.83,,,,,,,,,,,,,
Greenhouse,Temp & Humidity Sensor,2020/12/07 6:50 PM,41.5,95.0,40.2,39.8,,,29.83,,,,,,,,,,,,,
Greenhouse,Temp & Humidity Sensor,2020/12/07 6:55 PM,41.3,94.0,39.7,39.5,,,29.83,,,,,,,,,,,,,
Greenhouse,Temp & Humidity Sensor,2020/12/07 7:00 PM,41.1,94.0,39.5,39.3,,,29.83,,,,,,,,,,,,,
Greenhouse,Temp & Humidity Sensor,2020/12/07 7:05 PM,41.0,94.0,39.4,39.2,,,29.83,,,,,,,,,,,,,
Greenhouse,Temp & Humidity Sensor,2020/12/07 7:10 PM,41.0,94.0,39.4,39.2,,,29.83,,,,,,,,,,,,,
Greenhouse,Temp & Humidity Sensor,2020/12/07 7:15 PM,41.0,94.0,39.4,39.2,,,29.84,,,,,,,,,,,,,
Greenhouse,Temp & Humidity Sensor,2020/12/07 7:20 PM,41.0,94.0,39.4,39.2,,,29.84,,,,,,,,,,,,,
Greenhouse,Temp & Humidity Sensor,2020/12/07 7:25 PM,40.8,94.0,39.2,39.0,,,29.84,,,,,,,,,,,,,
Greenhouse,Temp & Humidity Sensor,2020/12/07 7:30 PM,40.8,95.0,39.5,39.0,,,29.84,,,,,,,,,,,,,
Greenhouse,Temp & Humidity Sensor,2020/12/07 7:35 PM,41.0,94.0,39.4,39.2,,,29.85,,,,,,,,,,,,,
Greenhouse,Temp & Humidity Sensor,2020/12/07 7:40 PM,41.0,94.0,39.4,39.2,,,29.85,,,,,,,,,,,,,
Greenhouse,Temp & Humidity Sensor,2020/12/07 7:45 PM,41.0,94.0,39.4,39.2,,,29.85,,,,,,,,,,,,,
Greenhouse,Temp & Humidity Sensor,2020/12/07 7:50 PM,41.0,94.0,39.4,39.2,,,29.85,,,,,,,,,,,,,
Greenhouse,Temp & Humidity Sensor,2020/12/07 7:55 PM,41.0,93.0,39.1,39.2,,,29.85,,,,,,,,,,,,,
Greenhouse,Temp & Humidity Sensor,2020/12/07 8:00 PM,41.0,93.0,39.1,39.2,,,29.85,,,,,,,,,,,,,
Greenhouse,Temp & Humidity Sensor,2020/12/07 8:05 PM,41.0,93.0,39.1,39.2,,,29.85,,,,,,,,,,,,,
Greenhouse,Temp & Humidity Sensor,2020/12/07 8:10 PM,40.8,93.0,38.9,39.0,,,29.85,,,,,,,,,,,,,
Greenhouse,Temp & Humidity Sensor,2020/12/07 8:15 PM,40.8,92.0,38.7,38.9,,,29.86,,,,,,,,,,,,,
Greenhouse,Temp & Humidity Sensor,2020/12/07 8:20 PM,40.8,92.0,38.7,38.9,,,29.86,,,,,,,,,,,,,
Greenhouse,Temp & Humidity Sensor,2020/12/07 8:25 PM,40.8,91.0,38.4,38.9,,,29.86,,,,,,,,,,,,,
Greenhouse,Temp & Humidity Sensor,2020/12/07 8:30 PM,40.8,91.0,38.4,38.9,,,29.86,,,,,,,,,,,,,
Greenhouse,Temp & Humidity Sensor,2020/12/07 8:35 PM,40.8,91.0,38.4,38.9,,,29.86,,,,,,,,,,,,,
Greenhouse,Temp & Humidity Sensor,2020/12/07 8:40 PM,40.6,91.0,38.2,38.6,,,29.86,,,,,,,,,,,,,
Greenhouse,Temp & Humidity Sensor,2020/12/07 8:45 PM,40.4,89.0,37.4,38.3,,,29.87,,,,,,,,,,,,,
Greenhouse,Temp & Humidity Sensor,2020/12/07 8:50 PM,40.2,89.0,37.2,38.1,,,29.87,,,,,,,,,,,,,
Greenhouse,Temp & Humidity Sensor,2020/12/07 8:55 PM,40.2,89.0,37.2,38.1,,,29.87,,,,,,,,,,,,,
Greenhouse,Temp & Humidity Sensor,2020/12/07 9:00 PM,40.1,88.0,36.8,37.9,,,29.87,,,,,,,,,,,,,
Greenhouse,Temp & Humidity Sensor,2020/12/07 9:05 PM,39.9,87.0,36.4,39.9,,,29.86,,,,,,,,,,,,,
Greenhouse,Temp & Humidity Sensor,2020/12/07 9:10 PM,39.7,86.0,35.9,39.7,,,29.87,,,,,,,,,,,,,
Greenhouse,Temp & Humidity Sensor,2020/12/07 9:15 PM,39.5,85.0,35.4,39.5,,,29.87,,,,,,,,,,,,,
Greenhouse,Temp & Humidity Sensor,2020/12/07 9:20 PM,39.5,85.0,35.4,39.5,,,29.87,,,,,,,,,,,,,
Greenhouse,Temp & Humidity Sensor,2020/12/07 9:25 PM,39.2,84.0,34.8,39.2,,,29.88,,,,,,,,,,,,,
Greenhouse,Temp & Humidity Sensor,2020/12/07 9:30 PM,39.2,84.0,34.8,39.2,,,29.88,,,,,,,,,,,,,
Greenhouse,Temp & Humidity Sensor,2020/12/07 9:35 PM,39.0,83.0,34.3,39.0,,,29.87,,,,,,,,,,,,,
Greenhouse,Temp & Humidity Sensor,2020/12/07 9:40 PM,38.8,82.0,33.8,38.8,,,29.88,,,,,,,,,,,,,
Greenhouse,Temp & Humidity Sensor,2020/12/07 9:45 PM,38.8,82.0,33.8,38.8,,,29.88,,,,,,,,,,,,,
Greenhouse,Temp & Humidity Sensor,2020/12/07 9:50 PM,38.1,76.0,31.2,38.1,,,29.89,,,,,,,,,,,,,
Greenhouse,Temp & Humidity Sensor,2020/12/07 9:55 PM,37.9,74.0,30.4,37.9,,,29.89,,,,,,,,,,,,,
Greenhouse,Temp & Humidity Sensor,2020/12/07 10:00 PM,37.4,73.0,29.5,37.4,,,29.89,,,,,,,,,,,,,
Greenhouse,Temp & Humidity Sensor,2020/12/07 10:05 PM,37.4,73.0,29.5,37.4,,,29.89,,,,,,,,,,,,,
Greenhouse,Temp & Humidity Sensor,2020/12/07 10:10 PM,37.2,73.0,29.4,37.2,,,29.89,,,,,,,,,,,,,
Greenhouse,Temp & Humidity Sensor,2020/12/07 10:15 PM,37.2,72.0,29.0,37.2,,,29.89,,,,,,,,,,,,,
Greenhouse,Temp & Humidity Sensor,2020/12/07 10:20 PM,37.0,71.0,28.5,37.0,,,29.9,,,,,,,,,,,,,
Greenhouse,Temp & Humidity Sensor,2020/12/07 10:25 PM,37.0,71.0,28.5,37.0,,,29.9,,,,,,,,,,,,,
Greenhouse,Temp & Humidity Sensor,2020/12/07 11:25 PM,34.5,71.0,26.1,34.5,,,29.91,,,,,,,,,,,,,
Greenhouse,Temp & Humidity Sensor,2020/12/07 11:30 PM,34.1,71.0,25.7,34.1,,,29.92,,,,,,,,,,,,,
Greenhouse,Temp & Humidity Sensor,2020/12/07 11:35 PM,33.8,73.0,26.1,33.8,,,29.92,,,,,,,,,,,,,
Greenhouse,Temp & Humidity Sensor,2020/12/07 11:40 PM,33.6,74.0,26.2,33.6,,,29.91,,,,,,,,,,,,,
Greenhouse,Temp & Humidity Sensor,2020/12/07 11:45 PM,33.2,76.0,26.5,33.2,,,29.92,,,,,,,,,,,,,
Greenhouse,Temp & Humidity Sensor,2020/12/07 11:50 PM,32.9,77.0,26.5,32.9,,,29.91,,,,,,,,,,,,,
Greenhouse,Temp & Humidity Sensor,2020/12/07 11:55 PM,33.0,79.0,27.2,33.0,,,29.91,,,,,,,,,,,,,
Greenhouse,Temp & Humidity Sensor,2020/12/08 12:00 AM,32.9,79.0,27.1,32.9,,,29.91,,,,,,,,,,,,,
Greenhouse,Temp & Humidity Sensor,2020/12/08 12:05 AM,32.9,79.0,27.1,32.9,,,29.91,,,,,,,,,,,,,
Greenhouse,Temp & Humidity Sensor,2020/12/08 12:10 AM,32.9,78.0,26.8,32.9,,,29.91,,,,,,,,,,,,,
Greenhouse,Temp & Humidity Sensor,2020/12/08 12:15 AM,32.9,77.0,26.5,32.9,,,29.91,,,,,,,,,,,,,
Greenhouse,Temp & Humidity Sensor,2020/12/08 12:20 AM,32.5,77.0,26.1,32.5,,,29.91,,,,,,,,,,,,,
Greenhouse,Temp & Humidity Sensor,2020/12/08 12:25 AM,32.3,77.0,25.9,32.3,,,29.91,,,,,,,,,,,,,
Greenhouse,Temp & Humidity Sensor,2020/12/08 12:30 AM,32.0,77.0,25.6,32.0,,,29.9,,,,,,,,,,,,,
Greenhouse,Temp & Humidity Sensor,2020/12/08 12:35 AM,32.0,78.0,25.9,32.0,,,29.91,,,,,,,,,,,,,
Greenhouse,Temp & Humidity Sensor,2020/12/08 12:40 AM,32.0,78.0,25.9,32.0,,,29.91,,,,,,,,,,,,,
Greenhouse,Temp & Humidity Sensor,2020/12/08 12:45 AM,31.8,81.0,26.6,31.8,,,29.91,,,,,,,,,,,,,
Greenhouse,Temp & Humidity Sensor,2020/12/08 12:50 AM,31.6,81.0,26.5,31.6,,,29.91,,,,,,,,,,,,,
Greenhouse,Temp & Humidity Sensor,2020/12/08 12:55 AM,31.4,82.0,26.6,31.4,,,29.91,,,,,,,,,,,,,
Greenhouse,Temp & Humidity Sensor,2020/12/08 1:00 AM,31.4,82.0,26.6,31.4,,,29.9,,,,,,,,,,,,,
Greenhouse,Temp & Humidity Sensor,2020/12/08 1:05 AM,31.8,84.0,27.5,31.8,,,29.9,,,,,,,,,,,,,
Greenhouse,Temp & Humidity Sensor,2020/12/08 1:10 AM,31.4,84.0,27.1,31.4,,,29.9,,,,,,,,,,,,,
Greenhouse,Temp & Humidity Sensor,2020/12/08 1:15 AM,31.4,84.0,27.1,31.4,,,29.9,,,,,,,,,,,,,
Greenhouse,Temp & Humidity Sensor,2020/12/08 1:20 AM,32.0,85.0,28.0,32.0,,,29.9,,,,,,,,,,,,,
Greenhouse,Temp & Humidity Sensor,2020/12/08 1:25 AM,31.6,87.0,28.2,31.6,,,29.9,,,,,,,,,,,,,
Greenhouse,Temp & Humidity Sensor,2020/12/08 1:30 AM,31.4,87.0,28.0,31.4,,,29.9,,,,,,,,,,,,,
Greenhouse,Temp & Humidity Sensor,2020/12/08 1:35 AM,31.4,86.0,27.7,31.4,,,29.9,,,,,,,,,,,,,
Greenhouse,Temp & Humidity Sensor,2020/12/08 1:40 AM,31.6,87.0,28.2,31.6,,,29.91,,,,,,,,,,,,,
Greenhouse,Temp & Humidity Sensor,2020/12/08 1:45 AM,31.4,87.0,28.0,31.4,,,29.91,,,,,,,,,,,,,
Greenhouse,Temp & Humidity Sensor,2020/12/08 1:50 AM,31.4,87.0,28.0,31.4,,,29.91,,,,,,,,,,,,,
Greenhouse,Temp & Humidity Sensor,2020/12/08 1:55 AM,31.4,87.0,28.0,31.4,,,29.91,,,,,,,,,,,,,
Greenhouse,Temp & Humidity Sensor,2020/12/08 2:00 AM,31.4,87.0,28.0,31.4,,,29.91,,,,,,,,,,,,,
Greenhouse,Temp & Humidity Sensor,2020/12/08 2:05 AM,31.2,87.0,27.8,31.2,,,29.91,,,,,,,,,,,,,
Greenhouse,Temp & Humidity Sensor,2020/12/08 2:10 AM,31.4,88.0,28.3,31.4,,,29.91,,,,,,,,,,,,,
Greenhouse,Temp & Humidity Sensor,2020/12/08 2:15 AM,31.1,88.0,28.0,31.1,,,29.91,,,,,,,,,,,,,
Greenhouse,Temp & Humidity Sensor,2020/12/08 2:20 AM,30.9,88.0,27.8,30.9,,,29.91,,,,,,,,,,,,,
Greenhouse,Temp & Humidity Sensor,2020/12/08 2:25 AM,30.9,88.0,27.8,30.9,,,29.91,,,,,,,,,,,,,
Greenhouse,Temp & Humidity Sensor,2020/12/08 2:30 AM,30.9,89.0,28.0,30.9,,,29.91,,,,,,,,,,,,,
Greenhouse,Temp & Humidity Sensor,2020/12/08 2:35 AM,30.7,89.0,27.8,30.7,,,29.91,,,,,,,,,,,,,
Greenhouse,Temp & Humidity Sensor,2020/12/08 2:40 AM,30.7,89.0,27.8,30.7,,,29.91,,,,,,,,,,,,,
Greenhouse,Temp & Humidity Sensor,2020/12/08 3:00 AM,31.4,91.0,29.1,31.4,,,29.91,,,,,,,,,,,,,
Greenhouse,Temp & Humidity Sensor,2020/12/08 3:05 AM,31.6,92.0,29.5,31.6,,,29.92,,,,,,,,,,,,,
Greenhouse,Temp & Humidity Sensor,2020/12/08 3:10 AM,31.8,92.0,29.7,31.8,,,29.92,,,,,,,,,,,,,
Greenhouse,Temp & Humidity Sensor,2020/12/08 3:15 AM,32.0,91.0,29.7,32.0,,,29.92,,,,,,,,,,,,,
Greenhouse,Temp & Humidity Sensor,2020/12/08 3:20 AM,32.0,91.0,29.7,32.0,,,29.92,,,,,,,,,,,,,
Greenhouse,Temp & Humidity Sensor,2020/12/08 3:25 AM,32.0,91.0,29.7,32.0,,,29.92,,,,,,,,,,,,,
Greenhouse,Temp & Humidity Sensor,2020/12/08 3:30 AM,32.0,91.0,29.7,32.0,,,29.92,,,,,,,,,,,,,
Greenhouse,Temp & Humidity Sensor,2020/12/08 3:35 AM,31.6,93.0,29.8,31.6,,,29.93,,,,,,,,,,,,,
Greenhouse,Temp & Humidity Sensor,2020/12/08 3:40 AM,31.8,93.0,30.0,31.8,,,29.93,,,,,,,,,,,,,
Greenhouse,Temp & Humidity Sensor,2020/12/08 3:45 AM,31.8,94.0,30.3,31.8,,,29.93,,,,,,,,,,,,,
Greenhouse,Temp & Humidity Sensor,2020/12/08 3:50 AM,32.0,93.0,30.2,32.0,,,29.94,,,,,,,,,,,,,
Greenhouse,Temp & Humidity Sensor,2020/12/08 3:55 AM,32.0,93.0,30.2,32.0,,,29.93,,,,,,,,,,,,,
Greenhouse,Temp & Humidity Sensor,2020/12/08 4:00 AM,32.0,93.0,30.2,32.0,,,29.94,,,,,,,,,,,,,
Greenhouse,Temp & Humidity Sensor,2020/12/08 4:05 AM,32.0,94.0,30.5,32.0,,,29.93,,,,,,,,,,,,,
Greenhouse,Temp & Humidity Sensor,2020/12/08 4:10 AM,32.0,93.0,30.2,32.0,,,29.93,,,,,,,,,,,,,
Greenhouse,Temp & Humidity Sensor,2020/12/08 4:15 AM,32.0,94.0,30.5,32.0,,,29.93,,,,,,,,,,,,,
Greenhouse,Temp & Humidity Sensor,2020/12/08 4:20 AM,32.0,94.0,30.5,32.0,,,29.94,,,,,,,,,,,,,
Greenhouse,Temp & Humidity Sensor,2020/12/08 4:25 AM,32.0,93.0,30.2,32.0,,,29.94,,,,,,,,,,,,,
Greenhouse,Temp & Humidity Sensor,2020/12/08 4:30 AM,32.0,93.0,30.2,32.0,,,29.94,,,,,,,,,,,,,
Greenhouse,Temp & Humidity Sensor,2020/12/08 4:35 AM,31.8,95.0,30.5,31.8,,,29.94,,,,,,,,,,,,,
Greenhouse,Temp & Humidity Sensor,2020/12/08 4:40 AM,31.8,95.0,30.5,31.8,,,29.94,,,,,,,,,,,,,
Greenhouse,Temp & Humidity Sensor,2020/12/08 4:45 AM,32.0,93.0,30.2,32.0,,,29.94,,,,,,,,,,,,,
Greenhouse,Temp & Humidity Sensor,2020/12/08 4:50 AM,31.8,95.0,30.5,31.8,,,29.94,,,,,,,,,,,,,
Greenhouse,Temp & Humidity Sensor,2020/12/08 4:55 AM,32.0,93.0,30.2,32.0,,,29.94,,,,,,,,,,,,,
Greenhouse,Temp & Humidity Sensor,2020/12/08 5:00 AM,31.8,95.0,30.5,31.8,,,29.94,,,,,,,,,,,,,
Greenhouse,Temp & Humidity Sensor,2020/12/08 5:05 AM,31.8,94.0,30.3,31.8,,,29.95,,,,,,,,,,,,,
Greenhouse,Temp & Humidity Sensor,2020/12/08 5:10 AM,31.8,94.0,30.3,31.8,,,29.95,,,,,,,,,,,,,
Greenhouse,Temp & Humidity Sensor,2020/12/08 5:15 AM,32.0,93.0,30.2,32.0,,,29.95,,,,,,,,,,,,,
Greenhouse,Temp & Humidity Sensor,2020/12/08 5:20 AM,31.8,95.0,30.5,31.8,,,29.95,,,,,,,,,,,,,
Greenhouse,Temp & Humidity Sensor,2020/12/08 5:25 AM,31.4,95.0,30.1,31.4,,,29.95,,,,,,,,,,,,,
Greenhouse,Temp & Humidity Sensor,2020/12/08 5:30 AM,31.2,95.0,29.9,31.2,,,29.95,,,,,,,,,,,,,
Greenhouse,Temp & Humidity Sensor,2020/12/08 5:35 AM,31.6,95.0,30.3,31.6,,,29.95,,,,,,,,,,,,,
Greenhouse,Temp & Humidity Sensor,2020/12/08 5:40 AM,31.8,95.0,30.5,31.8,,,29.95,,,,,,,,,,,,,
Greenhouse,Temp & Humidity Sensor,2020/12/08 5:45 AM,31.8,95.0,30.5,31.8,,,29.96,,,,,,,,,,,,,
Greenhouse,Temp & Humidity Sensor,2020/12/08 5:50 AM,31.4,95.0,30.1,31.4,,,29.96,,,,,,,,,,,,,
Greenhouse,Temp & Humidity Sensor,2020/12/08 5:55 AM,31.2,95.0,29.9,31.2,,,29.96,,,,,,,,,,,,,
Greenhouse,Temp & Humidity Sensor,2020/12/08 6:00 AM,31.2,95.0,29.9,31.2,,,29.96,,,,,,,,,,,,,
Greenhouse,Temp & Humidity Sensor,2020/12/08 6:05 AM,31.2,95.0,29.9,31.2,,,29.96,,,,,,,,,,,,,
Greenhouse,Temp & Humidity Sensor,2020/12/08 6:10 AM,31.1,95.0,29.8,31.1,,,29.96,,,,,,,,,,,,,
Greenhouse,Temp & Humidity Sensor,2020/12/08 6:15 AM,31.2,95.0,29.9,31.2,,,29.96,,,,,,,,,,,,,
Greenhouse,Temp & Humidity Sensor,2020/12/08 6:20 AM,31.2,95.0,29.9,31.2,,,29.96,,,,,,,,,,,,,
Greenhouse,Temp & Humidity Sensor,2020/12/08 6:25 AM,31.4,95.0,30.1,31.4,,,29.96,,,,,,,,,,,,,
Greenhouse,Temp & Humidity Sensor,2020/12/08 6:30 AM,31.2,95.0,29.9,31.2,,,29.97,,,,,,,,,,,,,
Greenhouse,Temp & Humidity Sensor,2020/12/08 6:35 AM,31.1,95.0,29.8,31.1,,,29.97,,,,,,,,,,,,,
Greenhouse,Temp & Humidity Sensor,2020/12/08 6:40 AM,31.1,95.0,29.8,31.1,,,29.97,,,,,,,,,,,,,
Greenhouse,Temp & Humidity Sensor,2020/12/08 6:45 AM,31.1,95.0,29.8,31.1,,,29.97,,,,,,,,,,,,,
Greenhouse,Temp & Humidity Sensor,2020/12/08 6:50 AM,30.9,95.0,29.6,30.9,,,29.97,,,,,,,,,,,,,
Greenhouse,Temp & Humidity Sensor,2020/12/08 6:55 AM,30.9,95.0,29.6,30.9,,,29.97,,,,,,,,,,,,,
Greenhouse,Temp & Humidity Sensor,2020/12/08 7:00 AM,30.9,95.0,29.6,30.9,,,29.98,,,,,,,,,,,,,
Greenhouse,Temp & Humidity Sensor,2020/12/08 7:05 AM,30.7,95.0,29.4,30.7,,,29.98,,,,,,,,,,,,,
Greenhouse,Temp & Humidity Sensor,2020/12/08 7:10 AM,30.5,94.0,29.0,30.5,,,29.98,,,,,,,,,,,,,
Greenhouse,Temp & Humidity Sensor,2020/12/08 7:15 AM,30.5,94.0,29.0,30.5,,,29.99,,,,,,,,,,,,,
Greenhouse,Temp & Humidity Sensor,2020/12/08 7:20 AM,30.5,94.0,29.0,30.5,,,29.99,,,,,,,,,,,,,
Greenhouse,Temp & Humidity Sensor,2020/12/08 7:25 AM,30.9,94.0,29.4,30.9,,,29.99,,,,,,,,,,,,,
Greenhouse,Temp & Humidity Sensor,2020/12/08 7:30 AM,31.2,95.0,29.9,31.2,,,29.99,,,,,,,,,,,,,
Greenhouse,Temp & Humidity Sensor,2020/12/08 7:35 AM,30.9,95.0,29.6,30.9,,,29.99,,,,,,,,,,,,,
Greenhouse,Temp & Humidity Sensor,2020/12/08 7:40 AM,30.7,95.0,29.4,30.7,,,29.99,,,,,,,,,,,,,
Greenhouse,Temp & Humidity Sensor,2020/12/08 7:45 AM,31.1,95.0,29.8,31.1,,,29.99,,,,,,,,,,,,,
Greenhouse,Temp & Humidity Sensor,2020/12/08 7:50 AM,31.2,95.0,29.9,31.2,,,29.99,,,,,,,,,,,,,
Greenhouse,Temp & Humidity Sensor,2020/12/08 7:55 AM,31.6,95.0,30.3,31.6,,,30.0,,,,,,,,,,,,,
Greenhouse,Temp & Humidity Sensor,2020/12/08 8:00 AM,32.0,93.0,30.2,32.0,,,30.0,,,,,,,,,,,,,
Greenhouse,Temp & Humidity Sensor,2020/12/08 8:05 AM,32.0,93.0,30.2,32.0,,,29.99,,,,,,,,,,,,,
Greenhouse,Temp & Humidity Sensor,2020/12/08 8:10 AM,32.1,93.0,30.3,32.1,,,30.0,,,,,,,,,,,,,
Greenhouse,Temp & Humidity Sensor,2020/12/08 8:15 AM,32.5,92.0,30.4,32.5,,,30.0,,,,,,,,,,,,,
Greenhouse,Temp & Humidity Sensor,2020/12/08 8:20 AM,32.7,92.0,30.6,32.7,,,30.0,,,,,,,,,,,,,
Greenhouse,Temp & Humidity Sensor,2020/12/08 8:25 AM,32.9,92.0,30.8,32.9,,,30.0,,,,,,,,,,,,,
Greenhouse,Temp & Humidity Sensor,2020/12/08 8:30 AM,32.9,88.0,29.7,32.9,,,30.0,,,,,,,,,,,,,
Greenhouse,Temp & Humidity Sensor,2020/12/08 8:35 AM,32.9,85.0,28.9,32.9,,,30.0,,,,,,,,,,,,,
Greenhouse,Temp & Humidity Sensor,2020/12/08 8:40 AM,33.0,84.0,28.7,33.0,,,30.0,,,,,,,,,,,,,
Greenhouse,Temp & Humidity Sensor,2020/12/08 8:45 AM,33.8,81.0,28.6,33.8,,,30.0,,,,,,,,,,,,,
Greenhouse,Temp & Humidity Sensor,2020/12/08 8:50 AM,33.9,82.0,29.0,33.9,,,30.0,,,,,,,,,,,,,
Greenhouse,Temp & Humidity Sensor,2020/12/08 9:05 AM,34.1,75.0,27.0,34.1,,,30.01,,,,,,,,,,,,,
Greenhouse,Temp & Humidity Sensor,2020/12/08 9:10 AM,34.1,76.0,27.3,34.1,,,30.01,,,,,,,,,,,,,
Greenhouse,Temp & Humidity Sensor,2020/12/08 9:15 AM,34.8,71.0,26.4,34.8,,,30.01,,,,,,,,,,,,,
Greenhouse,Temp & Humidity Sensor,2020/12/08 9:20 AM,35.6,66.0,25.4,35.6,,,30.02,,,,,,,,,,,,,
Greenhouse,Temp & Humidity Sensor,2020/12/08 9:25 AM,35.7,66.0,25.5,35.7,,,30.02,,,,,,,,,,,,,
Greenhouse,Temp & Humidity Sensor,2020/12/08 9:30 AM,35.9,67.0,26.0,35.9,,,30.02,,,,,,,,,,,,,
Greenhouse,Temp & Humidity Sensor,2020/12/08 9:35 AM,36.6,64.0,25.6,36.6,,,30.02,,,,,,,,,,,,,
Greenhouse,Temp & Humidity Sensor,2020/12/08 9:40 AM,37.0,65.0,26.3,37.0,,,30.03,,,,,,,,,,,,,
Greenhouse,Temp & Humidity Sensor,2020/12/08 9:45 AM,36.8,63.0,25.4,36.8,,,30.03,,,,,,,,,,,,,
Greenhouse,Temp & Humidity Sensor,2020/12/08 9:50 AM,36.5,61.0,24.3,36.5,,,30.03,,,,,,,,,,,,,
Greenhouse,Temp & Humidity Sensor,2020/12/08 9:55 AM,36.6,62.0,24.8,36.6,,,30.03,,,,,,,,,,,,,
Greenhouse,Temp & Humidity Sensor,2020/12/08 10:00 AM,39.5,60.0,26.8,39.5,,,30.03,,,,,,,,,,,,,
Greenhouse,Temp & Humidity Sensor,2020/12/08 10:05 AM,41.0,55.0,26.1,37.4,,,30.03,,,,,,,,,,,,,
Greenhouse,Temp & Humidity Sensor,2020/12/08 10:10 AM,39.7,56.0,25.3,39.7,,,30.03,,,,,,,,,,,,,
Greenhouse,Temp & Humidity Sensor,2020/12/08 10:15 AM,39.2,56.0,24.8,39.2,,,30.03,,,,,,,,,,,,,
Greenhouse,Temp & Humidity Sensor,2020/12/08 10:20 AM,39.7,57.0,25.7,39.7,,,30.03,,,,,,,,,,,,,
Greenhouse,Temp & Humidity Sensor,2020/12/08 10:25 AM,41.5,57.0,27.4,38.0,,,30.03,,,,,,,,,,,,,
Greenhouse,Temp & Humidity Sensor,2020/12/08 10:30 AM,39.9,55.0,25.1,39.9,,,30.03,,,,,,,,,,,,,
Greenhouse,Temp & Humidity Sensor,2020/12/08 10:35 AM,39.2,55.0,24.4,39.2,,,30.03,,,,,,,,,,,,,
Greenhouse,Temp & Humidity Sensor,2020/12/08 10:40 AM,39.3,57.0,25.4,39.3,,,30.03,,,,,,,,,,,,,
Greenhouse,Temp & Humidity Sensor,2020/12/08 10:45 AM,39.7,59.0,26.6,39.7,,,30.03,,,,,,,,,,,,,
Greenhouse,Temp & Humidity Sensor,2020/12/08 10:50 AM,39.9,58.0,26.3,39.9,,,30.03,,,,,,,,,,,,,
Greenhouse,Temp & Humidity Sensor,2020/12/08 10:55 AM,41.7,57.0,27.6,38.2,,,30.03,,,,,,,,,,,,,
Greenhouse,Temp & Humidity Sensor,2020/12/08 11:00 AM,41.0,56.0,26.5,37.4,,,30.03,,,,,,,,,,,,,
Greenhouse,Temp & Humidity Sensor,2020/12/08 11:05 AM,40.2,57.0,26.2,36.6,,,30.03,,,,,,,,,,,,,
Greenhouse,Temp & Humidity Sensor,2020/12/08 11:10 AM,40.4,57.0,26.4,36.8,,,30.04,,,,,,,,,,,,,
Greenhouse,Temp & Humidity Sensor,2020/12/08 11:15 AM,40.4,56.0,26.0,36.8,,,30.03,,,,,,,,,,,,,
Greenhouse,Temp & Humidity Sensor,2020/12/08 11:20 AM,40.4,55.0,25.5,36.7,,,30.04,,,,,,,,,,,,,
Greenhouse,Temp & Humidity Sensor,2020/12/08 11:25 AM,41.7,55.0,26.7,38.2,,,30.03,,,,,,,,,,,,,
Greenhouse,Temp & Humidity Sensor,2020/12/08 11:30 AM,42.0,56.0,27.5,38.5,,,30.03,,,,,,,,,,,,,
Greenhouse,Temp & Humidity Sensor,2020/12/08 11:35 AM,42.0,54.0,26.6,38.4,,,30.03,,,,,,,,,,,,,
Greenhouse,Temp & Humidity Sensor,2020/12/08 11:40 AM,42.6,53.0,26.7,39.1,,,30.03,,,,,,,,,,,,,
Greenhouse,Temp & Humidity Sensor,2020/12/08 11:45 AM,46.4,52.0,29.7,43.2,,,30.03,,,,,,,,,,,,,
Greenhouse,Temp & Humidity Sensor,2020/12/08 11:50 AM,44.9,48.0,26.4,41.3,,,30.03,,,,,,,,,,,,,
Greenhouse,Temp & Humidity Sensor,2020/12/08 11:55 AM,44.2,50.0,26.8,40.7,,,30.02,,,,,,,,,,,,,
Greenhouse,Temp & Humidity Sensor,2020/12/08 12:00 PM,43.5,52.0,27.1,40.0,,,30.02,,,,,,,,,,,,,
Greenhouse,Temp & Humidity Sensor,2020/12/08 12:05 PM,43.5,51.0,26.6,39.9,,,30.01,,,,,,,,,,,,,
Greenhouse,Temp & Humidity Sensor,2020/12/08 12:10 PM,43.3,51.0,26.4,39.7,,,30.01,,,,,,,,,,,,,
Greenhouse,Temp & Humidity Sensor,2020/12/08 12:15 PM,43.1,51.0,26.2,39.5,,,30.01,,,,,,,,,,,,,
Greenhouse,Temp & Humidity Sensor,2020/12/08 12:20 PM,43.3,53.0,27.3,39.8,,,30.01,,,,,,,,,,,,,
Greenhouse,Temp & Humidity Sensor,2020/12/08 12:25 PM,44.2,51.0,27.2,40.7,,,30.01,,,,,,,,,,,,,
Greenhouse,Temp & Humidity Sensor,2020/12/08 12:30 PM,45.3,50.0,27.8,41.9,,,30.0,,,,,,,,,,,,,
Greenhouse,Temp & Humidity Sensor,2020/12/08 12:35 PM,46.0,50.0,28.4,42.6,,,30.0,,,,,,,,,,,,,
Greenhouse,Temp & Humidity Sensor,2020/12/08 12:40 PM,46.0,47.0,26.9,42.5,,,30.0,,,,,,,,,,,,,
Greenhouse,Temp & Humidity Sensor,2020/12/08 12:45 PM,44.6,48.0,26.1,41.0,,,30.0,,,,,,,,,,,,,
Greenhouse,Temp & Humidity Sensor,2020/12/08 12:50 PM,45.5,49.0,27.5,42.1,,,30.0,,,,,,,,,,,,,
Greenhouse,Temp & Humidity Sensor,2020/12/08 12:55 PM,50.1,44.0,29.0,46.9,,,29.99,,,,,,,,,,,,,
Greenhouse,Temp & Humidity Sensor,2020/12/08 1:00 PM,46.9,47.0,27.7,43.5,,,29.99,,,,,,,,,,,,,
Greenhouse,Temp & Humidity Sensor,2020/12/08 1:05 PM,45.6,48.0,27.1,42.1,,,29.99,,,,,,,,,,,,,
Greenhouse,Temp & Humidity Sensor,2020/12/08 1:10 PM,44.9,48.0,26.4,41.3,,,29.99,,,,,,,,,,,,,
Greenhouse,Temp & Humidity Sensor,2020/12/08 1:15 PM,45.3,49.0,27.3,41.8,,,29.99,,,,,,,,,,,,,
Greenhouse,Temp & Humidity Sensor,2020/12/08 1:20 PM,46.0,47.0,26.9,42.5,,,29.99,,,,,,,,,,,,,
Greenhouse,Temp & Humidity Sensor,2020/12/08 1:25 PM,48.0,45.0,27.7,44.6,,,29.99,,,,,,,,,,,,,
Greenhouse,Temp & Humidity Sensor,2020/12/08 1:30 PM,49.2,45.0,28.8,45.9,,,29.99,,,,,,,,,,,,,
Greenhouse,Temp & Humidity Sensor,2020/12/08 1:35 PM,47.6,44.0,26.8,44.1,,,29.98,,,,,,,,,,,,,
Greenhouse,Temp & Humidity Sensor,2020/12/08 1:40 PM,45.6,47.0,26.5,42.1,,,29.98,,,,,,,,,,,,,
Greenhouse,Temp & Humidity Sensor,2020/12/08 1:45 PM,45.1,47.0,26.1,41.5,,,29.98,,,,,,,,,,,,,
Greenhouse,Temp & Humidity Sensor,2020/12/08 1:50 PM,46.4,46.0,26.8,42.9,,,29.98,,,,,,,,,,,,,
Greenhouse,Temp & Humidity Sensor,2020/12/08 1:55 PM,47.8,45.0,27.5,44.4,,,29.97,,,,,,,,,,,,,
Greenhouse,Temp & Humidity Sensor,2020/12/08 2:00 PM,46.7,46.0,27.0,43.2,,,29.97,,,,,,,,,,,,,
Greenhouse,Temp & Humidity Sensor,2020/12/08 2:05 PM,47.8,48.0,29.1,44.5,,,29.97,,,,,,,,,,,,,
Greenhouse,Temp & Humidity Sensor,2020/12/08 2:10 PM,46.0,46.0,26.4,42.5,,,29.97,,,,,,,,,,,,,
Greenhouse,Temp & Humidity Sensor,2020/12/08 2:15 PM,45.5,45.0,25.4,41.9,,,29.97,,,,,,,,,,,,,
Greenhouse,Temp & Humidity Sensor,2020/12/08 2:20 PM,45.1,47.0,26.1,41.5,,,29.96,,,,,,,,,,,,,
Greenhouse,Temp & Humidity Sensor,2020/12/08 2:25 PM,45.6,47.0,26.5,42.1,,,29.97,,,,,,,,,,,,,
Greenhouse,Temp & Humidity Sensor,2020/12/08 2:30 PM,46.5,45.0,26.3,43.0,,,29.97,,,,,,,,,,,,,
Greenhouse,Temp & Humidity Sensor,2020/12/08 2:35 PM,46.2,46.0,26.6,42.7,,,29.96,,,,,,,,,,,,,
Greenhouse,Temp & Humidity Sensor,2020/12/08 2:40 PM,47.3,46.0,27.6,43.9,,,29.97,,,,,,,,,,,,,
Greenhouse,Temp & Humidity Sensor,2020/12/08 2:45 PM,45.8,47.0,26.7,42.3,,,29.96,,,,,,,,,,,,,
Greenhouse,Temp & Humidity Sensor,2020/12/08 2:50 PM,45.1,46.0,25.6,41.5,,,29.97,,,,,,,,,,,,,
Greenhouse,Temp & Humidity Sensor,2020/12/08 2:55 PM,48.0,45.0,27.7,44.6,,,29.97,,,,,,,,,,,,,
Greenhouse,Temp & Humidity Sensor,2020/12/08 3:00 PM,46.4,45.0,26.2,42.9,,,29.97,,,,,,,,,,,,,
Greenhouse,Temp & Humidity Sensor,2020/12/08 3:05 PM,46.2,47.0,27.1,42.7,,,29.97,,,,,,,,,,,,,
Greenhouse,Temp & Humidity Sensor,2020/12/08 3:10 PM,45.5,47.0,26.5,42.0,,,29.97,,,,,,,,,,,,,
Greenhouse,Temp & Humidity Sensor,2020/12/08 3:20 PM,44.6,47.0,25.6,41.0,,,29.97,,,,,,,,,,,,,
Greenhouse,Temp & Humidity Sensor,2020/12/08 3:25 PM,44.7,47.0,25.7,41.1,,,29.98,,,,,,,,,,,,,
Greenhouse,Temp & Humidity Sensor,2020/12/08 3:30 PM,46.4,45.0,26.2,42.9,,,29.98,,,,,,,,,,,,,
Greenhouse,Temp & Humidity Sensor,2020/12/08 3:35 PM,45.1,46.0,25.6,41.5,,,29.98,,,,,,,,,,,,,
Greenhouse,Temp & Humidity Sensor,2020/12/08 3:40 PM,44.7,46.0,25.2,41.0,,,29.98,,,,,,,,,,,,,
Greenhouse,Temp & Humidity Sensor,2020/12/08 3:45 PM,45.1,47.0,26.1,41.5,,,29.98,,,,,,,,,,,,,
Greenhouse,Temp & Humidity Sensor,2020/12/08 3:50 PM,44.0,48.0,25.6,40.4,,,29.98,,,,,,,,,,,,,
Greenhouse,Temp & Humidity Sensor,2020/12/08 3:55 PM,42.9,50.0,25.6,39.2,,,29.98,,,,,,,,,,,,,
Greenhouse,Temp & Humidity Sensor,2020/12/08 4:00 PM,43.1,49.0,25.3,39.4,,,29.98,,,,,,,,,,,,,
Greenhouse,Temp & Humidity Sensor,2020/12/08 4:05 PM,42.8,49.0,25.0,39.1,,,29.99,,,,,,,,,,,,,
Greenhouse,Temp & Humidity Sensor,2020/12/08 4:10 PM,42.6,50.0,25.3,38.9,,,29.99,,,,,,,,,,,,,
Greenhouse,Temp & Humidity Sensor,2020/12/08 4:15 PM,41.9,50.0,24.6,38.1,,,29.99,,,,,,,,,,,,,
Greenhouse,Temp & Humidity Sensor,2020/12/08 4:20 PM,41.7,51.0,24.9,38.0,,,29.99,,,,,,,,,,,,,
Greenhouse,Temp & Humidity Sensor,2020/12/08 4:25 PM,41.0,51.0,24.3,37.2,,,29.99,,,,,,,,,,,,,
Greenhouse,Temp & Humidity Sensor,2020/12/08 4:30 PM,40.4,52.0,24.2,36.6,,,30.0,,,,,,,,,,,,,
Greenhouse,Temp & Humidity Sensor,2020/12/08 4:35 PM,40.2,52.0,24.0,36.4,,,30.0,,,,,,,,,,,,,
Greenhouse,Temp & Humidity Sensor,2020/12/08 4:40 PM,39.9,53.0,24.2,39.9,,,30.0,,,,,,,,,,,,,
Greenhouse,Temp & Humidity Sensor,2020/12/08 4:45 PM,39.3,53.0,23.6,39.3,,,30.0,,,,,,,,,,,,,
Greenhouse,Temp & Humidity Sensor,2020/12/08 4:50 PM,39.2,54.0,24.0,39.2,,,30.0,,,,,,,,,,,,,
Greenhouse,Temp & Humidity Sensor,2020/12/08 4:55 PM,38.6,55.0,23.8,38.6,,,30.0,,,,,,,,,,,,,
Greenhouse,Temp & Humidity Sensor,2020/12/08 5:00 PM,38.3,56.0,24.0,38.3,,,30.0,,,,,,,,,,,,,
Greenhouse,Temp & Humidity Sensor,2020/12/08 5:05 PM,37.7,57.0,23.9,37.7,,,30.0,,,,,,,,,,,,,
Greenhouse,Temp & Humidity Sensor,2020/12/08 5:10 PM,37.0,59.0,24.0,37.0,,,30.0,,,,,,,,,,,,,
Greenhouse,Temp & Humidity Sensor,2020/12/08 5:15 PM,36.3,59.0,23.4,36.3,,,30.0,,,,,,,,,,,,,
Greenhouse,Temp & Humidity Sensor,2020/12/08 5:20 PM,35.7,60.0,23.2,35.7,,,30.0,,,,,,,,,,,,,
Greenhouse,Temp & Humidity Sensor,2020/12/08 5:25 PM,35.6,60.0,23.1,35.6,,,30.0,,,,,,,,,,,,,
Greenhouse,Temp & Humidity Sensor,2020/12/08 5:30 PM,35.6,61.0,23.5,35.6,,,30.0,,,,,,,,,,,,,
Greenhouse,Temp & Humidity Sensor,2020/12/08 5:35 PM,35.6,65.0,25.0,35.6,,,30.0,,,,,,,,,,,,,
Greenhouse,Temp & Humidity Sensor,2020/12/08 5:40 PM,35.0,67.0,25.2,35.0,,,30.01,,,,,,,,,,,,,
Greenhouse,Temp & Humidity Sensor,2020/12/08 5:45 PM,34.8,69.0,25.7,34.8,,,30.01,,,,,,,,,,,,,
Greenhouse,Temp & Humidity Sensor,2020/12/08 5:50 PM,34.8,74.0,27.4,34.8,,,30.0,,,,,,,,,,,,,
Greenhouse,Temp & Humidity Sensor,2020/12/08 5:55 PM,34.5,74.0,27.1,34.5,,,30.01,,,,,,,,,,,,,
Greenhouse,Temp & Humidity Sensor,2020/12/08 6:00 PM,34.1,73.0,26.4,34.1,,,30.01,,,,,,,,,,,,,
Greenhouse,Temp & Humidity Sensor,2020/12/08 6:05 PM,34.3,78.0,28.2,34.3,,,30.01,,,,,,,,,,,,,
Greenhouse,Temp & Humidity Sensor,2020/12/08 6:10 PM,33.8,76.0,27.1,33.8,,,30.02,,,,,,,,,,,,,
Greenhouse,Temp & Humidity Sensor,2020/12/08 6:15 PM,33.8,76.0,27.1,33.8,,,30.01,,,,,,,,,,,,,
Greenhouse,Temp & Humidity Sensor,2020/12/08 6:20 PM,33.8,77.0,27.4,33.8,,,30.01,,,,,,,,,,,,,
Greenhouse,Temp & Humidity Sensor,2020/12/08 6:25 PM,33.6,79.0,27.8,33.6,,,30.02,,,,,,,,,,,,,
Greenhouse,Temp & Humidity Sensor,2020/12/08 6:30 PM,33.4,80.0,27.9,33.4,,,30.02,,,,,,,,,,,,,
Greenhouse,Temp & Humidity Sensor,2020/12/08 6:35 PM,33.6,82.0,28.7,33.6,,,30.02,,,,,,,,,,,,,
Greenhouse,Temp & Humidity Sensor,2020/12/08 6:40 PM,33.0,81.0,27.8,33.0,,,30.03,,,,,,,,,,,,,
Greenhouse,Temp & Humidity Sensor,2020/12/08 6:45 PM,33.2,83.0,28.6,33.2,,,30.03,,,,,,,,,,,,,
Greenhouse,Temp & Humidity Sensor,2020/12/08 6:50 PM,33.2,84.0,28.9,33.2,,,30.03,,,,,,,,,,,,,
Greenhouse,Temp & Humidity Sensor,2020/12/08 6:55 PM,33.0,84.0,28.7,33.0,,,30.04,,,,,,,,,,,,,
Greenhouse,Temp & Humidity Sensor,2020/12/08 7:00 PM,32.7,82.0,27.8,32.7,,,30.04,,,,,,,,,,,,,
Greenhouse,Temp & Humidity Sensor,2020/12/08 7:05 PM,32.9,84.0,28.6,32.9,,,30.04,,,,,,,,,,,,,
Greenhouse,Temp & Humidity Sensor,2020/12/08 7:10 PM,33.0,86.0,29.3,33.0,,,30.05,,,,,,,,,,,,,
Greenhouse,Temp & Humidity Sensor,2020/12/08 7:15 PM,33.2,88.0,30.0,33.2,,,30.05,,,,,,,,,,,,,
Greenhouse,Temp & Humidity Sensor,2020/12/08 7:20 PM,32.9,88.0,29.7,32.9,,,30.05,,,,,,,,,,,,,
Greenhouse,Temp & Humidity Sensor,2020/12/08 7:25 PM,32.9,88.0,29.7,32.9,,,30.06,,,,,,,,,,,,,
Greenhouse,Temp & Humidity Sensor,2020/12/08 7:30 PM,32.5,87.0,29.1,32.5,,,30.06,,,,,,,,,,,,,
Greenhouse,Temp & Humidity Sensor,2020/12/08 7:35 PM,32.0,86.0,28.3,32.0,,,30.06,,,,,,,,,,,,,
Greenhouse,Temp & Humidity Sensor,2020/12/08 7:40 PM,32.3,86.0,28.6,32.3,,,30.06,,,,,,,,,,,,,
Greenhouse,Temp & Humidity Sensor,2020/12/08 7:45 PM,32.7,88.0,29.5,32.7,,,30.06,,,,,,,,,,,,,
Greenhouse,Temp & Humidity Sensor,2020/12/08 7:50 PM,32.7,89.0,29.8,32.7,,,30.06,,,,,,,,,,,,,
Greenhouse,Temp & Humidity Sensor,2020/12/08 7:55 PM,32.9,89.0,30.0,32.9,,,30.06,,,,,,,,,,,,,
Greenhouse,Temp & Humidity Sensor,2020/12/08 8:00 PM,32.9,90.0,30.3,32.9,,,30.06,,,,,,,,,,,,,
Greenhouse,Temp & Humidity Sensor,2020/12/08 8:05 PM,32.7,90.0,30.1,32.7,,,30.06,,,,,,,,,,,,,
Greenhouse,Temp & Humidity Sensor,2020/12/08 8:10 PM,32.5,90.0,29.9,32.5,,,30.06,,,,,,,,,,,,,
Greenhouse,Temp & Humidity Sensor,2020/12/08 8:15 PM,32.5,89.0,29.6,32.5,,,30.06,,,,,,,,,,,,,
Greenhouse,Temp & Humidity Sensor,2020/12/08 8:20 PM,32.1,89.0,29.2,32.1,,,30.06,,,,,,,,,,,,,
Greenhouse,Temp & Humidity Sensor,2020/12/08 8:25 PM,32.5,89.0,29.6,32.5,,,30.06,,,,,,,,,,,,,
Greenhouse,Temp & Humidity Sensor,2020/12/08 8:30 PM,32.5,90.0,29.9,32.5,,,30.06,,,,,,,,,,,,,
Greenhouse,Temp & Humidity Sensor,2020/12/08 8:35 PM,32.3,90.0,29.7,32.3,,,30.06,,,,,,,,,,,,,
Greenhouse,Temp & Humidity Sensor,2020/12/08 8:40 PM,32.0,90.0,29.4,32.0,,,30.05,,,,,,,,,,,,,
Greenhouse,Temp & Humidity Sensor,2020/12/08 8:45 PM,31.8,91.0,29.5,31.8,,,30.05,,,,,,,,,,,,,
Greenhouse,Temp & Humidity Sensor,2020/12/08 8:50 PM,32.0,89.0,29.1,32.0,,,30.04,,,,,,,,,,,,,
Greenhouse,Temp & Humidity Sensor,2020/12/08 8:55 PM,32.1,90.0,29.5,32.1,,,30.05,,,,,,,,,,,,,
Greenhouse,Temp & Humidity Sensor,2020/12/08 9:00 PM,32.5,92.0,30.4,32.5,,,30.05,,,,,,,,,,,,,
Greenhouse,Temp & Humidity Sensor,2020/12/08 9:05 PM,32.3,92.0,30.2,32.3,,,30.05,,,,,,,,,,,,,
Greenhouse,Temp & Humidity Sensor,2020/12/08 9:10 PM,32.1,92.0,30.0,32.1,,,30.05,,,,,,,,,,,,,
Greenhouse,Temp & Humidity Sensor,2020/12/08 9:15 PM,32.5,93.0,30.7,32.5,,,30.05,,,,,,,,,,,,,
Greenhouse,Temp & Humidity Sensor,2020/12/08 9:20 PM,32.7,94.0,31.2,32.7,,,30.05,,,,,,,,,,,,,
Greenhouse,Temp & Humidity Sensor,2020/12/08 9:25 PM,32.5,94.0,31.0,32.5,,,30.06,,,,,,,,,,,,,
Greenhouse,Temp & Humidity Sensor,2020/12/08 9:30 PM,32.3,94.0,30.8,32.3,,,30.06,,,,,,,,,,,,,
Greenhouse,Temp & Humidity Sensor,2020/12/08 9:35 PM,32.0,93.0,30.2,32.0,,,30.07,,,,,,,,,,,,,
Greenhouse,Temp & Humidity Sensor,2020/12/08 9:40 PM,32.0,93.0,30.2,32.0,,,30.07,,,,,,,,,,,,,
Greenhouse,Temp & Humidity Sensor,2020/12/08 9:45 PM,32.0,92.0,29.9,32.0,,,30.07,,,,,,,,,,,,,
Greenhouse,Temp & Humidity Sensor,2020/12/08 9:50 PM,32.0,92.0,29.9,32.0,,,30.06,,,,,,,,,,,,,
Greenhouse,Temp & Humidity Sensor,2020/12/08 9:55 PM,32.1,92.0,30.0,32.1,,,30.06,,,,,,,,,,,,,
Greenhouse,Temp & Humidity Sensor,2020/12/08 10:00 PM,32.3,93.0,30.5,32.3,,,30.06,,,,,,,,,,,,,
Greenhouse,Temp & Humidity Sensor,2020/12/08 10:05 PM,32.3,94.0,30.8,32.3,,,30.07,,,,,,,,,,,,,
Greenhouse,Temp & Humidity Sensor,2020/12/08 10:10 PM,32.3,94.0,30.8,32.3,,,30.07,,,,,,,,,,,,,
Greenhouse,Temp & Humidity Sensor,2020/12/08 10:15 PM,32.3,94.0,30.8,32.3,,,30.07,,,,,,,,,,,,,
Greenhouse,Temp & Humidity Sensor,2020/12/08 10:20 PM,32.0,94.0,30.5,32.0,,,30.07,,,,,,,,,,,,,
Greenhouse,Temp & Humidity Sensor,2020/12/08 10:25 PM,32.0,94.0,30.5,32.0,,,30.07,,,,,,,,,,,,,
Greenhouse,Temp & Humidity Sensor,2020/12/08 10:30 PM,31.8,96.0,30.8,31.8,,,30.07,,,,,,,,,,,,,
Greenhouse,Temp & Humidity Sensor,2020/12/08 10:35 PM,32.1,94.0,30.6,32.1,,,30.06,,,,,,,,,,,,,
Greenhouse,Temp & Humidity Sensor,2020/12/08 10:40 PM,32.3,94.0,30.8,32.3,,,30.07,,,,,,,,,,,,,
Greenhouse,Temp & Humidity Sensor,2020/12/08 10:45 PM,32.3,94.0,30.8,32.3,,,30.07,,,,,,,,,,,,,
Greenhouse,Temp & Humidity Sensor,2020/12/08 10:50 PM,32.3,94.0,30.8,32.3,,,30.07,,,,,,,,,,,,,
Greenhouse,Temp & Humidity Sensor,2020/12/08 10:55 PM,32.5,94.0,31.0,32.5,,,30.07,,,,,,,,,,,,,
Greenhouse,Temp & Humidity Sensor,2020/12/08 11:00 PM,32.5,94.0,31.0,32.5,,,30.06,,,,,,,,,,,,,
Greenhouse,Temp & Humidity Sensor,2020/12/08 11:05 PM,32.5,94.0,31.0,32.5,,,30.06,,,,,,,,,,,,,
Greenhouse,Temp & Humidity Sensor,2020/12/08 11:10 PM,32.5,94.0,31.0,32.5,,,30.06,,,,,,,,,,,,,
Greenhouse,Temp & Humidity Sensor,2020/12/08 11:15 PM,32.5,94.0,31.0,32.5,,,30.06,,,,,,,,,,,,,
Greenhouse,Temp & Humidity Sensor,2020/12/08 11:20 PM,32.3,94.0,30.8,32.3,,,30.06,,,,,,,,,,,,,
Greenhouse,Temp & Humidity Sensor,2020/12/08 11:25 PM,32.0,94.0,30.5,32.0,,,30.06,,,,,,,,,,,,,
Greenhouse,Temp & Humidity Sensor,2020/12/08 11:30 PM,32.0,94.0,30.5,32.0,,,30.06,,,,,,,,,,,,,
Greenhouse,Temp & Humidity Sensor,2020/12/08 11:35 PM,31.8,96.0,30.8,31.8,,,30.06,,,,,,,,,,,,,
Greenhouse,Temp & Humidity Sensor,2020/12/08 11:40 PM,31.4,96.0,30.4,31.4,,,30.06,,,,,,,,,,,,,
Greenhouse,Temp & Humidity Sensor,2020/12/08 11:45 PM,32.0,94.0,30.5,32.0,,,30.06,,,,,,,,,,,,,
Greenhouse,Temp & Humidity Sensor,2020/12/08 11:50 PM,31.6,96.0,30.6,31.6,,,30.07,,,,,,,,,,,,,
Greenhouse,Temp & Humidity Sensor,2020/12/08 11:55 PM,31.4,96.0,30.4,31.4,,,30.07,,,,,,,,,,,,,
Greenhouse,Temp & Humidity Sensor,2020/12/09 12:00 AM,31.6,96.0,30.6,31.6,,,30.06,,,,,,,,,,,,,
Greenhouse,Temp & Humidity Sensor,2020/12/09 12:05 AM,31.6,96.0,30.6,31.6,,,30.07,,,,,,,,,,,,,
Greenhouse,Temp & Humidity Sensor,2020/12/09 12:10 AM,31.4,96.0,30.4,31.4,,,30.07,,,,,,,,,,,,,
Greenhouse,Temp & Humidity Sensor,2020/12/09 12:15 AM,31.4,97.0,30.6,31.4,,,30.07,,,,,,,,,,,,,
Greenhouse,Temp & Humidity Sensor,2020/12/09 12:20 AM,31.6,97.0,30.8,31.6,,,30.07,,,,,,,,,,,,,
Greenhouse,Temp & Humidity Sensor,2020/12/09 12:25 AM,31.6,97.0,30.8,31.6,,,30.07,,,,,,,,,,,,,
Greenhouse,Temp & Humidity Sensor,2020/12/09 12:30 AM,31.4,97.0,30.6,31.4,,,30.08,,,,,,,,,,,,,
Greenhouse,Temp & Humidity Sensor,2020/12/09 12:35 AM,31.6,97.0,30.8,31.6,,,30.08,,,,,,,,,,,,,
Greenhouse,Temp & Humidity Sensor,2020/12/09 12:40 AM,31.4,97.0,30.6,31.4,,,30.08,,,,,,,,,,,,,
Greenhouse,Temp & Humidity Sensor,2020/12/09 12:45 AM,31.2,97.0,30.4,31.2,,,30.07,,,,,,,,,,,,,
Greenhouse,Temp & Humidity Sensor,2020/12/09 12:50 AM,31.2,97.0,30.4,31.2,,,30.07,,,,,,,,,,,,,
Greenhouse,Temp & Humidity Sensor,2020/12/09 12:55 AM,31.2,97.0,30.4,31.2,,,30.06,,,,,,,,,,,,,
Greenhouse,Temp & Humidity Sensor,2020/12/09 1:00 AM,30.9,97.0,30.2,30.9,,,30.06,,,,,,,,,,,,,
Greenhouse,Temp & Humidity Sensor,2020/12/09 1:05 AM,30.9,97.0,30.2,30.9,,,30.06,,,,,,,,,,,,,
Greenhouse,Temp & Humidity Sensor,2020/12/09 1:10 AM,30.7,97.0,30.0,30.7,,,30.06,,,,,,,,,,,,,
Greenhouse,Temp & Humidity Sensor,2020/12/09 1:15 AM,30.9,97.0,30.2,30.9,,,30.05,,,,,,,,,,,,,
Greenhouse,Temp & Humidity Sensor,2020/12/09 1:20 AM,31.2,97.0,30.4,31.2,,,30.05,,,,,,,,,,,,,
Greenhouse,Temp & Humidity Sensor,2020/12/09 1:25 AM,31.2,97.0,30.4,31.2,,,30.06,,,,,,,,,,,,,
Greenhouse,Temp & Humidity Sensor,2020/12/09 1:30 AM,31.2,97.0,30.4,31.2,,,30.06,,,,,,,,,,,,,
Greenhouse,Temp & Humidity Sensor,2020/12/09 1:35 AM,30.9,98.0,30.4,30.9,,,30.06,,,,,,,,,,,,,
Greenhouse,Temp & Humidity Sensor,2020/12/09 1:40 AM,30.5,98.0,30.0,30.5,,,30.06,,,,,,,,,,,,,
Greenhouse,Temp & Humidity Sensor,2020/12/09 1:45 AM,30.7,97.0,30.0,30.7,,,30.06,,,,,,,,,,,,,
Greenhouse,Temp & Humidity Sensor,2020/12/09 1:50 AM,30.9,97.0,30.2,30.9,,,30.06,,,,,,,,,,,,,
Greenhouse,Temp & Humidity Sensor,2020/12/09 1:55 AM,30.7,97.0,30.0,30.7,,,30.06,,,,,,,,,,,,,
Greenhouse,Temp & Humidity Sensor,2020/12/09 2:00 AM,30.5,97.0,29.8,30.5,,,30.07,,,,,,,,,,,,,
Greenhouse,Temp & Humidity Sensor,2020/12/09 2:05 AM,30.5,97.0,29.8,30.5,,,30.06,,,,,,,,,,,,,
Greenhouse,Temp & Humidity Sensor,2020/12/09 2:10 AM,30.5,97.0,29.8,30.5,,,30.06,,,,,,,,,,,,,
Greenhouse,Temp & Humidity Sensor,2020/12/09 2:15 AM,30.5,97.0,29.8,30.5,,,30.06,,,,,,,,,,,,,
Greenhouse,Temp & Humidity Sensor,2020/12/09 2:20 AM,30.5,97.0,29.8,30.5,,,30.06,,,,,,,,,,,,,
Greenhouse,Temp & Humidity Sensor,2020/12/09 2:25 AM,30.3,97.0,29.6,30.3,,,30.07,,,,,,,,,,,,,
Greenhouse,Temp & Humidity Sensor,2020/12/09 2:30 AM,30.2,97.0,29.5,30.2,,,30.07,,,,,,,,,,,,,
Greenhouse,Temp & Humidity Sensor,2020/12/09 2:35 AM,30.2,97.0,29.5,30.2,,,30.07,,,,,,,,,,,,,
Greenhouse,Temp & Humidity Sensor,2020/12/09 2:40 AM,30.2,97.0,29.5,30.2,,,30.07,,,,,,,,,,,,,
Greenhouse,Temp & Humidity Sensor,2020/12/09 2:45 AM,30.2,97.0,29.5,30.2,,,30.07,,,,,,,,,,,,,
Greenhouse,Temp & Humidity Sensor,2020/12/09 2:50 AM,30.2,97.0,29.5,30.2,,,30.07,,,,,,,,,,,,,
Greenhouse,Temp & Humidity Sensor,2020/12/09 2:55 AM,30.2,97.0,29.5,30.2,,,30.07,,,,,,,,,,,,,
Greenhouse,Temp & Humidity Sensor,2020/12/09 3:00 AM,30.2,97.0,29.5,30.2,,,30.07,,,,,,,,,,,,,
Greenhouse,Temp & Humidity Sensor,2020/12/09 3:05 AM,30.2,98.0,29.7,30.2,,,30.07,,,,,,,,,,,,,
Greenhouse,Temp & Humidity Sensor,2020/12/09 3:10 AM,30.2,98.0,29.7,30.2,,,30.07,,,,,,,,,,,,,
Greenhouse,Temp & Humidity Sensor,2020/12/09 3:15 AM,29.8,99.0,29.6,29.8,,,30.07,,,,,,,,,,,,,
Greenhouse,Temp & Humidity Sensor,2020/12/09 3:20 AM,29.8,99.0,29.6,29.8,,,30.07,,,,,,,,,,,,,
Greenhouse,Temp & Humidity Sensor,2020/12/09 3:25 AM,29.8,99.0,29.6,29.8,,,30.07,,,,,,,,,,,,,
Greenhouse,Temp & Humidity Sensor,2020/12/09 3:30 AM,29.8,99.0,29.6,29.8,,,30.07,,,,,,,,,,,,,
Greenhouse,Temp & Humidity Sensor,2020/12/09 3:35 AM,30.2,97.0,29.5,30.2,,,30.07,,,,,,,,,,,,,
Greenhouse,Temp & Humidity Sensor,2020/12/09 3:40 AM,30.0,99.0,29.8,30.0,,,30.08,,,,,,,,,,,,,
Greenhouse,Temp & Humidity Sensor,2020/12/09 3:45 AM,29.8,99.0,29.6,29.8,,,30.08,,,,,,,,,,,,,
Greenhouse,Temp & Humidity Sensor,2020/12/09 3:50 AM,29.8,99.0,29.6,29.8,,,30.07,,,,,,,,,,,,,
Greenhouse,Temp & Humidity Sensor,2020/12/09 3:55 AM,29.8,99.0,29.6,29.8,,,30.07,,,,,,,,,,,,,
Greenhouse,Temp & Humidity Sensor,2020/12/09 4:00 AM,29.6,99.0,29.4,29.6,,,30.06,,,,,,,,,,,,,
Greenhouse,Temp & Humidity Sensor,2020/12/09 4:05 AM,29.8,99.0,29.6,29.8,,,30.06,,,,,,,,,,,,,
Greenhouse,Temp & Humidity Sensor,2020/12/09 4:10 AM,29.4,99.0,29.2,29.4,,,30.05,,,,,,,,,,,,,
Greenhouse,Temp & Humidity Sensor,2020/12/09 4:15 AM,29.6,98.0,29.1,29.6,,,30.05,,,,,,,,,,,,,
Greenhouse,Temp & Humidity Sensor,2020/12/09 4:20 AM,30.0,99.0,29.8,30.0,,,30.05,,,,,,,,,,,,,
Greenhouse,Temp & Humidity Sensor,2020/12/09 4:25 AM,29.8,99.0,29.6,29.8,,,30.05,,,,,,,,,,,,,
Greenhouse,Temp & Humidity Sensor,2020/12/09 4:30 AM,29.4,99.0,29.2,29.4,,,30.05,,,,,,,,,,,,,
Greenhouse,Temp & Humidity Sensor,2020/12/09 4:35 AM,29.4,98.0,28.9,29.4,,,30.05,,,,,,,,,,,,,
Greenhouse,Temp & Humidity Sensor,2020/12/09 4:40 AM,29.4,99.0,29.2,29.4,,,30.05,,,,,,,,,,,,,
Greenhouse,Temp & Humidity Sensor,2020/12/09 4:45 AM,29.4,99.0,29.2,29.4,,,30.05,,,,,,,,,,,,,
Greenhouse,Temp & Humidity Sensor,2020/12/09 4:50 AM,29.4,99.0,29.2,29.4,,,30.05,,,,,,,,,,,,,
Greenhouse,Temp & Humidity Sensor,2020/12/09 4:55 AM,29.3,98.0,28.8,29.3,,,30.05,,,,,,,,,,,,,
Greenhouse,Temp & Humidity Sensor,2020/12/09 5:00 AM,29.4,98.0,28.9,29.4,,,30.04,,,,,,,,,,,,,
Greenhouse,Temp & Humidity Sensor,2020/12/09 5:05 AM,29.8,98.0,29.3,29.8,,,30.04,,,,,,,,,,,,,
Greenhouse,Temp & Humidity Sensor,2020/12/09 5:10 AM,29.6,98.0,29.1,29.6,,,30.05,,,,,,,,,,,,,
Greenhouse,Temp & Humidity Sensor,2020/12/09 5:15 AM,29.8,98.0,29.3,29.8,,,30.05,,,,,,,,,,,,,
Greenhouse,Temp & Humidity Sensor,2020/12/09 5:20 AM,30.0,98.0,29.5,30.0,,,30.05,,,,,,,,,,,,,
Greenhouse,Temp & Humidity Sensor,2020/12/09 5:25 AM,30.0,98.0,29.5,30.0,,,30.04,,,,,,,,,,,,,
Greenhouse,Temp & Humidity Sensor,2020/12/09 5:30 AM,30.0,98.0,29.5,30.0,,,30.05,,,,,,,,,,,,,
Greenhouse,Temp & Humidity Sensor,2020/12/09 5:35 AM,30.0,98.0,29.5,30.0,,,30.05,,,,,,,,,,,,,
Greenhouse,Temp & Humidity Sensor,2020/12/09 5:40 AM,30.0,98.0,29.5,30.0,,,30.05,,,,,,,,,,,,,
Greenhouse,Temp & Humidity Sensor,2020/12/09 5:45 AM,30.2,97.0,29.5,30.2,,,30.05,,,,,,,,,,,,,
Greenhouse,Temp & Humidity Sensor,2020/12/09 5:50 AM,30.3,97.0,29.6,30.3,,,30.05,,,,,,,,,,,,,
Greenhouse,Temp & Humidity Sensor,2020/12/09 5:55 AM,30.7,97.0,30.0,30.7,,,30.04,,,,,,,,,,,,,
Greenhouse,Temp & Humidity Sensor,2020/12/09 6:00 AM,30.9,97.0,30.2,30.9,,,30.05,,,,,,,,,,,,,
Greenhouse,Temp & Humidity Sensor,2020/12/09 6:05 AM,30.9,97.0,30.2,30.9,,,30.05,,,,,,,,,,,,,
Greenhouse,Temp & Humidity Sensor,2020/12/09 6:10 AM,31.1,97.0,30.3,31.1,,,30.05,,,,,,,,,,,,,
Greenhouse,Temp & Humidity Sensor,2020/12/09 6:15 AM,31.1,97.0,30.3,31.1,,,30.05,,,,,,,,,,,,,
Greenhouse,Temp & Humidity Sensor,2020/12/09 6:20 AM,31.1,96.0,30.1,31.1,,,30.05,,,,,,,,,,,,,
Greenhouse,Temp & Humidity Sensor,2020/12/09 6:25 AM,30.9,96.0,29.9,30.9,,,30.05,,,,,,,,,,,,,
Greenhouse,Temp & Humidity Sensor,2020/12/09 6:30 AM,30.7,96.0,29.7,30.7,,,30.05,,,,,,,,,,,,,
Greenhouse,Temp & Humidity Sensor,2020/12/09 6:35 AM,30.5,96.0,29.5,30.5,,,30.05,,,,,,,,,,,,,
Greenhouse,Temp & Humidity Sensor,2020/12/09 6:40 AM,30.2,96.0,29.2,30.2,,,30.05,,,,,,,,,,,,,
Greenhouse,Temp & Humidity Sensor,2020/12/09 6:45 AM,30.2,96.0,29.2,30.2,,,30.06,,,,,,,,,,,,,
Greenhouse,Temp & Humidity Sensor,2020/12/09 6:50 AM,30.5,96.0,29.5,30.5,,,30.05,,,,,,,,,,,,,
Greenhouse,Temp & Humidity Sensor,2020/12/09 6:55 AM,31.1,96.0,30.1,31.1,,,30.05,,,,,,,,,,,,,
Greenhouse,Temp & Humidity Sensor,2020/12/09 7:00 AM,31.2,96.0,30.2,31.2,,,30.05,,,,,,,,,,,,,
Greenhouse,Temp & Humidity Sensor,2020/12/09 7:05 AM,31.6,96.0,30.6,31.6,,,30.06,,,,,,,,,,,,,
Greenhouse,Temp & Humidity Sensor,2020/12/09 7:10 AM,31.6,96.0,30.6,31.6,,,30.06,,,,,,,,,,,,,
Greenhouse,Temp & Humidity Sensor,2020/12/09 7:15 AM,31.8,96.0,30.8,31.8,,,30.06,,,,,,,,,,,,,
Greenhouse,Temp & Humidity Sensor,2020/12/09 7:25 AM,32.0,93.0,30.2,32.0,,,30.05,,,,,,,,,,,,,
Greenhouse,Temp & Humidity Sensor,2020/12/09 7:30 AM,32.1,93.0,30.3,32.1,,,30.05,,,,,,,,,,,,,
Greenhouse,Temp & Humidity Sensor,2020/12/09 7:35 AM,32.1,93.0,30.3,32.1,,,30.05,,,,,,,,,,,,,
Greenhouse,Temp & Humidity Sensor,2020/12/09 7:40 AM,32.3,93.0,30.5,32.3,,,30.05,,,,,,,,,,,,,
Greenhouse,Temp & Humidity Sensor,2020/12/09 7:45 AM,32.3,93.0,30.5,32.3,,,30.05,,,,,,,,,,,,,
Greenhouse,Temp & Humidity Sensor,2020/12/09 7:50 AM,32.1,93.0,30.3,32.1,,,30.05,,,,,,,,,,,,,
Greenhouse,Temp & Humidity Sensor,2020/12/09 7:55 AM,32.1,93.0,30.3,32.1,,,30.05,,,,,,,,,,,,,
Greenhouse,Temp & Humidity Sensor,2020/12/09 8:00 AM,32.3,93.0,30.5,32.3,,,30.06,,,,,,,,,,,,,
Greenhouse,Temp & Humidity Sensor,2020/12/09 8:05 AM,32.9,93.0,31.1,32.9,,,30.06,,,,,,,,,,,,,
Greenhouse,Temp & Humidity Sensor,2020/12/09 8:10 AM,33.2,93.0,31.4,33.2,,,30.06,,,,,,,,,,,,,
Greenhouse,Temp & Humidity Sensor,2020/12/09 8:15 AM,33.6,93.0,31.8,33.6,,,30.06,,,,,,,,,,,,,
Greenhouse,Temp & Humidity Sensor,2020/12/09 8:20 AM,33.8,93.0,32.0,33.8,,,30.06,,,,,,,,,,,,,
Greenhouse,Temp & Humidity Sensor,2020/12/09 8:25 AM,33.9,93.0,32.1,33.9,,,30.06,,,,,,,,,,,,,
Greenhouse,Temp & Humidity Sensor,2020/12/09 8:30 AM,34.1,92.0,32.0,34.1,,,30.06,,,,,,,,,,,,,
Greenhouse,Temp & Humidity Sensor,2020/12/09 8:35 AM,34.5,92.0,32.4,34.5,,,30.06,,,,,,,,,,,,,
Greenhouse,Temp & Humidity Sensor,2020/12/09 8:40 AM,34.8,92.0,32.7,34.8,,,30.06,,,,,,,,,,,,,
Greenhouse,Temp & Humidity Sensor,2020/12/09 8:45 AM,35.0,92.0,32.9,35.0,,,30.05,,,,,,,,,,,,,
Greenhouse,Temp & Humidity Sensor,2020/12/09 8:50 AM,35.2,92.0,33.1,35.2,,,30.05,,,,,,,,,,,,,
Greenhouse,Temp & Humidity Sensor,2020/12/09 8:55 AM,35.6,92.0,33.5,35.6,,,30.05,,,,,,,,,,,,,
Greenhouse,Temp & Humidity Sensor,2020/12/09 9:00 AM,35.7,92.0,33.6,35.7,,,30.05,,,,,,,,,,,,,
Greenhouse,Temp & Humidity Sensor,2020/12/09 9:05 AM,35.9,91.0,33.5,35.9,,,30.05,,,,,,,,,,,,,
Greenhouse,Temp & Humidity Sensor,2020/12/09 9:10 AM,36.8,91.0,34.4,36.8,,,30.06,,,,,,,,,,,,,
Greenhouse,Temp & Humidity Sensor,2020/12/09 9:15 AM,37.4,90.0,34.7,37.4,,,30.05,,,,,,,,,,,,,
Greenhouse,Temp & Humidity Sensor,2020/12/09 9:20 AM,37.4,89.0,34.5,37.4,,,30.05,,,,,,,,,,,,,
Greenhouse,Temp & Humidity Sensor,2020/12/09 9:25 AM,37.2,88.0,34.0,37.2,,,30.05,,,,,,,,,,,,,
Greenhouse,Temp & Humidity Sensor,2020/12/09 9:30 AM,37.2,89.0,34.3,37.2,,,30.05,,,,,,,,,,,,,
Greenhouse,Temp & Humidity Sensor,2020/12/09 9:35 AM,37.4,89.0,34.5,37.4,,,30.05,,,,,,,,,,,,,
Greenhouse,Temp & Humidity Sensor,2020/12/09 9:40 AM,38.1,89.0,35.2,38.1,,,30.05,,,,,,,,,,,,,
Greenhouse,Temp & Humidity Sensor,2020/12/09 9:45 AM,38.6,89.0,35.6,38.6,,,30.06,,,,,,,,,,,,,
Greenhouse,Temp & Humidity Sensor,2020/12/09 9:50 AM,38.8,88.0,35.6,38.8,,,30.06,,,,,,,,,,,,,
Greenhouse,Temp & Humidity Sensor,2020/12/09 9:55 AM,39.2,85.0,35.1,39.2,,,30.06,,,,,,,,,,,,,
Greenhouse,Temp & Humidity Sensor,2020/12/09 10:00 AM,39.5,86.0,35.7,39.5,,,30.06,,,,,,,,,,,,,
Greenhouse,Temp & Humidity Sensor,2020/12/09 10:05 AM,40.6,86.0,36.7,38.4,,,30.06,,,,,,,,,,,,,
Greenhouse,Temp & Humidity Sensor,2020/12/09 10:10 AM,41.1,85.0,36.9,38.9,,,30.06,,,,,,,,,,,,,
Greenhouse,Temp & Humidity Sensor,2020/12/09 10:15 AM,39.7,76.0,32.8,39.7,,,30.05,,,,,,,,,,,,,
Greenhouse,Temp & Humidity Sensor,2020/12/09 10:20 AM,39.7,77.0,33.1,39.7,,,30.05,,,,,,,,,,,,,
Greenhouse,Temp & Humidity Sensor,2020/12/09 10:25 AM,39.5,76.0,32.6,39.5,,,30.05,,,,,,,,,,,,,
Greenhouse,Temp & Humidity Sensor,2020/12/09 10:30 AM,39.9,73.0,32.0,39.9,,,30.05,,,,,,,,,,,,,
Greenhouse,Temp & Humidity Sensor,2020/12/09 10:35 AM,39.9,66.0,29.5,39.9,,,30.04,,,,,,,,,,,,,
Greenhouse,Temp & Humidity Sensor,2020/12/09 10:40 AM,40.8,68.0,31.1,37.8,,,30.04,,,,,,,,,,,,,
Greenhouse,Temp & Humidity Sensor,2020/12/09 10:45 AM,41.3,65.0,30.4,38.2,,,30.04,,,,,,,,,,,,,
Greenhouse,Temp & Humidity Sensor,2020/12/09 10:50 AM,41.9,65.0,31.0,38.8,,,30.04,,,,,,,,,,,,,
Greenhouse,Temp & Humidity Sensor,2020/12/09 10:55 AM,42.0,65.0,31.1,39.0,,,30.04,,,,,,,,,,,,,
Greenhouse,Temp & Humidity Sensor,2020/12/09 11:00 AM,42.4,63.0,30.7,39.3,,,30.05,,,,,,,,,,,,,
Greenhouse,Temp & Humidity Sensor,2020/12/09 11:05 AM,42.6,58.0,28.9,39.3,,,30.04,,,,,,,,,,,,,
Greenhouse,Temp & Humidity Sensor,2020/12/09 11:10 AM,44.0,61.0,31.4,41.0,,,30.04,,,,,,,,,,,,,
Greenhouse,Temp & Humidity Sensor,2020/12/09 11:15 AM,44.4,56.0,29.7,41.2,,,30.04,,,,,,,,,,,,,
Greenhouse,Temp & Humidity Sensor,2020/12/09 11:20 AM,44.6,57.0,30.3,41.4,,,30.04,,,,,,,,,,,,,
Greenhouse,Temp & Humidity Sensor,2020/12/09 11:25 AM,45.5,55.0,30.3,42.3,,,30.04,,,,,,,,,,,,,
Greenhouse,Temp & Humidity Sensor,2020/12/09 11:30 AM,45.8,55.0,30.6,42.7,,,30.03,,,,,,,,,,,,,
Greenhouse,Temp & Humidity Sensor,2020/12/09 11:35 AM,46.0,52.0,29.4,42.7,,,30.03,,,,,,,,,,,,,
Greenhouse,Temp & Humidity Sensor,2020/12/09 11:40 AM,46.4,50.0,28.8,43.1,,,30.03,,,,,,,,,,,,,
Greenhouse,Temp & Humidity Sensor,2020/12/09 11:45 AM,49.4,52.0,32.5,46.5,,,30.03,,,,,,,,,,,,,
Greenhouse,Temp & Humidity Sensor,2020/12/09 11:50 AM,49.4,50.0,31.5,46.4,,,30.02,,,,,,,,,,,,,
Greenhouse,Temp & Humidity Sensor,2020/12/09 11:55 AM,48.2,47.0,28.9,44.9,,,30.02,,,,,,,,,,,,,
Greenhouse,Temp & Humidity Sensor,2020/12/09 12:00 PM,48.2,51.0,30.9,45.1,,,30.02,,,,,,,,,,,,,
Greenhouse,Temp & Humidity Sensor,2020/12/09 12:05 PM,48.9,52.0,32.1,45.9,,,30.01,,,,,,,,,,,,,
Greenhouse,Temp & Humidity Sensor,2020/12/09 12:10 PM,49.1,51.0,31.8,46.1,,,30.0,,,,,,,,,,,,,
Greenhouse,Temp & Humidity Sensor,2020/12/09 12:15 PM,48.2,51.0,30.9,45.1,,,30.0,,,,,,,,,,,,,
Greenhouse,Temp & Humidity Sensor,2020/12/09 12:20 PM,48.2,50.0,30.4,45.1,,,29.99,,,,,,,,,,,,,
Greenhouse,Temp & Humidity Sensor,2020/12/09 12:25 PM,48.9,48.0,30.1,45.7,,,29.99,,,,,,,,,,,,,
Greenhouse,Temp & Humidity Sensor,2020/12/09 12:30 PM,50.3,45.0,29.8,47.1,,,29.99,,,,,,,,,,,,,
Greenhouse,Temp & Humidity Sensor,2020/12/09 12:35 PM,51.0,46.0,31.0,48.0,,,29.99,,,,,,,,,,,,,
Greenhouse,Temp & Humidity Sensor,2020/12/09 12:40 PM,51.6,46.0,31.5,48.6,,,29.99,,,,,,,,,,,,,
Greenhouse,Temp & Humidity Sensor,2020/12/09 12:45 PM,51.2,45.0,30.6,48.1,,,29.99,,,,,,,,,,,,,
Greenhouse,Temp & Humidity Sensor,2020/12/09 12:50 PM,50.7,46.0,30.7,47.6,,,29.99,,,,,,,,,,,,,
Greenhouse,Temp & Humidity Sensor,2020/12/09 12:55 PM,52.7,46.0,32.5,49.8,,,29.98,,,,,,,,,,,,,
Greenhouse,Temp & Humidity Sensor,2020/12/09 1:00 PM,51.8,46.0,31.7,48.8,,,29.98,,,,,,,,,,,,,
Greenhouse,Temp & Humidity Sensor,2020/12/09 1:05 PM,51.0,49.0,32.5,48.1,,,29.97,,,,,,,,,,,,,
Greenhouse,Temp & Humidity Sensor,2020/12/09 1:10 PM,50.3,46.0,30.3,47.2,,,29.97,,,,,,,,,,,,,
Greenhouse,Temp & Humidity Sensor,2020/12/09 1:15 PM,50.3,47.0,30.8,47.2,,,29.96,,,,,,,,,,,,,
Greenhouse,Temp & Humidity Sensor,2020/12/09 1:20 PM,50.5,46.0,30.5,47.4,,,29.96,,,,,,,,,,,,,
Greenhouse,Temp & Humidity Sensor,2020/12/09 1:25 PM,51.8,45.0,31.1,48.8,,,29.95,,,,,,,,,,,,,
Greenhouse,Temp & Humidity Sensor,2020/12/09 1:30 PM,53.0,46.0,32.8,50.2,,,29.95,,,,,,,,,,,,,
Greenhouse,Temp & Humidity Sensor,2020/12/09 1:35 PM,52.5,45.0,31.8,49.6,,,29.94,,,,,,,,,,,,,
Greenhouse,Temp & Humidity Sensor,2020/12/09 1:40 PM,50.9,43.0,29.2,47.7,,,29.94,,,,,,,,,,,,,
Greenhouse,Temp & Humidity Sensor,2020/12/09 1:45 PM,50.9,45.0,30.3,47.8,,,29.94,,,,,,,,,,,,,
Greenhouse,Temp & Humidity Sensor,2020/12/09 1:50 PM,51.6,43.0,29.8,48.5,,,29.94,,,,,,,,,,,,,
Greenhouse,Temp & Humidity Sensor,2020/12/09 1:55 PM,52.3,43.0,30.5,49.3,,,29.94,,,,,,,,,,,,,
Greenhouse,Temp & Humidity Sensor,2020/12/09 2:00 PM,52.1,43.0,30.3,49.0,,,29.93,,,,,,,,,,,,,
Greenhouse,Temp & Humidity Sensor,2020/12/09 2:05 PM,52.8,45.0,32.1,49.9,,,29.93,,,,,,,,,,,,,
Greenhouse,Temp & Humidity Sensor,2020/12/09 2:10 PM,52.3,44.0,31.0,49.3,,,29.93,,,,,,,,,,,,,
Greenhouse,Temp & Humidity Sensor,2020/12/09 2:15 PM,51.9,45.0,31.2,48.9,,,29.93,,,,,,,,,,,,,
Greenhouse,Temp & Humidity Sensor,2020/12/09 2:20 PM,51.4,46.0,31.3,48.4,,,29.93,,,,,,,,,,,,,
Greenhouse,Temp & Humidity Sensor,2020/12/09 2:25 PM,51.6,46.0,31.5,48.6,,,29.93,,,,,,,,,,,,,
Greenhouse,Temp & Humidity Sensor,2020/12/09 2:30 PM,52.5,46.0,32.3,49.6,,,29.93,,,,,,,,,,,,,
Greenhouse,Temp & Humidity Sensor,2020/12/09 2:35 PM,52.5,44.0,31.2,49.5,,,29.94,,,,,,,,,,,,,
Greenhouse,Temp & Humidity Sensor,2020/12/09 2:40 PM,53.2,46.0,33.0,50.4,,,29.93,,,,,,,,,,,,,
Greenhouse,Temp & Humidity Sensor,2020/12/09 2:45 PM,52.3,43.0,30.5,49.3,,,29.93,,,,,,,,,,,,,
Greenhouse,Temp & Humidity Sensor,2020/12/09 2:50 PM,51.8,43.0,30.0,48.7,,,29.93,,,,,,,,,,,,,
Greenhouse,Temp & Humidity Sensor,2020/12/09 2:55 PM,53.6,43.0,31.7,50.7,,,29.93,,,,,,,,,,,,,
Greenhouse,Temp & Humidity Sensor,2020/12/09 3:00 PM,53.0,43.0,31.1,50.0,,,29.93,,,,,,,,,,,,,
Greenhouse,Temp & Humidity Sensor,2020/12/09 3:05 PM,53.0,43.0,31.1,50.0,,,29.93,,,,,,,,,,,,,
Greenhouse,Temp & Humidity Sensor,2020/12/09 3:10 PM,52.3,44.0,31.0,49.3,,,29.93,,,,,,,,,,,,,
Greenhouse,Temp & Humidity Sensor,2020/12/09 3:15 PM,51.8,44.0,30.6,48.7,,,29.93,,,,,,,,,,,,,
Greenhouse,Temp & Humidity Sensor,2020/12/09 3:20 PM,51.6,44.0,30.4,48.5,,,29.92,,,,,,,,,,,,,
Greenhouse,Temp & Humidity Sensor,2020/12/09 3:25 PM,51.4,43.0,29.7,48.3,,,29.92,,,,,,,,,,,,,
Greenhouse,Temp & Humidity Sensor,2020/12/09 3:30 PM,52.7,44.0,31.4,49.7,,,29.92,,,,,,,,,,,,,
Greenhouse,Temp & Humidity Sensor,2020/12/09 3:40 PM,51.4,43.0,29.7,48.3,,,29.92,,,,,,,,,,,,,
Greenhouse,Temp & Humidity Sensor,2020/12/09 3:45 PM,51.4,44.0,30.2,48.3,,,29.92,,,,,,,,,,,,,
Greenhouse,Temp & Humidity Sensor,2020/12/09 3:50 PM,50.3,44.0,29.2,47.1,,,29.92,,,,,,,,,,,,,
Greenhouse,Temp & Humidity Sensor,2020/12/09 3:55 PM,49.4,46.0,29.5,46.2,,,29.92,,,,,,,,,,,,,
Greenhouse,Temp & Humidity Sensor,2020/12/09 4:00 PM,48.9,46.0,29.0,45.7,,,29.92,,,,,,,,,,,,,
Greenhouse,Temp & Humidity Sensor,2020/12/09 4:05 PM,48.5,47.0,29.2,45.3,,,29.92,,,,,,,,,,,,,
Greenhouse,Temp & Humidity Sensor,2020/12/09 4:10 PM,48.2,47.0,28.9,44.9,,,29.92,,,,,,,,,,,,,
Greenhouse,Temp & Humidity Sensor,2020/12/09 4:15 PM,47.6,48.0,28.9,44.3,,,29.92,,,,,,,,,,,,,
Greenhouse,Temp & Humidity Sensor,2020/12/09 4:20 PM,47.3,48.0,28.6,44.0,,,29.92,,,,,,,,,,,,,
Greenhouse,Temp & Humidity Sensor,2020/12/09 4:25 PM,46.9,49.0,28.8,43.6,,,29.92,,,,,,,,,,,,,
Greenhouse,Temp & Humidity Sensor,2020/12/09 4:30 PM,46.5,50.0,28.9,43.2,,,29.92,,,,,,,,,,,,,
Greenhouse,Temp & Humidity Sensor,2020/12/09 4:35 PM,46.5,51.0,29.4,43.2,,,29.92,,,,,,,,,,,,,
Greenhouse,Temp & Humidity Sensor,2020/12/09 4:40 PM,46.2,51.0,29.1,42.9,,,29.92,,,,,,,,,,,,,
Greenhouse,Temp & Humidity Sensor,2020/12/09 4:45 PM,45.6,52.0,29.0,42.3,,,29.92,,,,,,,,,,,,,
Greenhouse,Temp & Humidity Sensor,2020/12/09 4:50 PM,45.5,52.0,28.9,42.2,,,29.92,,,,,,,,,,,,,
Greenhouse,Temp & Humidity Sensor,2020/12/09 4:55 PM,44.7,53.0,28.6,41.4,,,29.92,,,,,,,,,,,,,
Greenhouse,Temp & Humidity Sensor,2020/12/09 5:00 PM,44.6,53.0,28.5,41.3,,,29.92,,,,,,,,,,,,,
Greenhouse,Temp & Humidity Sensor,2020/12/09 5:05 PM,44.0,54.0,28.4,40.6,,,29.92,,,,,,,,,,,,,
Greenhouse,Temp & Humidity Sensor,2020/12/09 5:10 PM,43.7,55.0,28.6,40.4,,,29.92,,,,,,,,,,,,,
Greenhouse,Temp & Humidity Sensor,2020/12/09 5:15 PM,43.1,56.0,28.5,39.7,,,29.93,,,,,,,,,,,,,
Greenhouse,Temp & Humidity Sensor,2020/12/09 5:20 PM,42.8,58.0,29.1,39.5,,,29.93,,,,,,,,,,,,,
Greenhouse,Temp & Humidity Sensor,2020/12/09 5:25 PM,42.4,60.0,29.5,39.2,,,29.92,,,,,,,,,,,,,
Greenhouse,Temp & Humidity Sensor,2020/12/09 5:30 PM,42.2,62.0,30.1,39.0,,,29.92,,,,,,,,,,,,,
Greenhouse,Temp & Humidity Sensor,2020/12/09 5:35 PM,41.9,62.0,29.8,38.7,,,29.92,,,,,,,,,,,,,
Greenhouse,Temp & Humidity Sensor,2020/12/09 5:40 PM,41.7,65.0,30.8,38.6,,,29.93,,,,,,,,,,,,,
Greenhouse,Temp & Humidity Sensor,2020/12/09 5:45 PM,41.1,64.0,29.9,37.9,,,29.93,,,,,,,,,,,,,
Greenhouse,Temp & Humidity Sensor,2020/12/09 5:50 PM,40.8,65.0,30.0,37.6,,,29.93,,,,,,,,,,,,,
Greenhouse,Temp & Humidity Sensor,2020/12/09 5:55 PM,40.6,66.0,30.1,37.5,,,29.93,,,,,,,,,,,,,
Greenhouse,Temp & Humidity Sensor,2020/12/09 6:00 PM,40.4,67.0,30.3,37.3,,,29.93,,,,,,,,,,,,,
Greenhouse,Temp & Humidity Sensor,2020/12/09 6:05 PM,40.4,71.0,31.8,37.5,,,29.93,,,,,,,,,,,,,
Greenhouse,Temp & Humidity Sensor,2020/12/09 6:10 PM,39.9,68.0,30.2,39.9,,,29.94,,,,,,,,,,,,,
Greenhouse,Temp & Humidity Sensor,2020/12/09 6:15 PM,39.5,68.0,29.8,39.5,,,29.93,,,,,,,,,,,,,
Greenhouse,Temp & Humidity Sensor,2020/12/09 6:20 PM,39.5,68.0,29.8,39.5,,,29.93,,,,,,,,,,,,,
Greenhouse,Temp & Humidity Sensor,2020/12/09 6:25 PM,39.3,70.0,30.3,39.3,,,29.93,,,,,,,,,,,,,
Greenhouse,Temp & Humidity Sensor,2020/12/09 6:30 PM,39.3,71.0,30.7,39.3,,,29.93,,,,,,,,,,,,,
Greenhouse,Temp & Humidity Sensor,2020/12/09 6:35 PM,39.3,72.0,31.0,39.3,,,29.93,,,,,,,,,,,,,
Greenhouse,Temp & Humidity Sensor,2020/12/09 6:40 PM,39.2,71.0,30.6,39.2,,,29.93,,,,,,,,,,,,,
Greenhouse,Temp & Humidity Sensor,2020/12/09 6:45 PM,39.3,74.0,31.7,39.3,,,29.93,,,,,,,,,,,,,
Greenhouse,Temp & Humidity Sensor,2020/12/09 6:50 PM,39.2,74.0,31.6,39.2,,,29.94,,,,,,,,,,,,,
Greenhouse,Temp & Humidity Sensor,2020/12/09 6:55 PM,39.3,76.0,32.4,39.3,,,29.94,,,,,,,,,,,,,
Greenhouse,Temp & Humidity Sensor,2020/12/09 7:00 PM,39.5,77.0,32.9,39.5,,,29.94,,,,,,,,,,,,,
Greenhouse,Temp & Humidity Sensor,2020/12/09 7:05 PM,39.5,79.0,33.5,39.5,,,29.94,,,,,,,,,,,,,
Greenhouse,Temp & Humidity Sensor,2020/12/09 7:10 PM,39.3,78.0,33.0,39.3,,,29.94,,,,,,,,,,,,,
Greenhouse,Temp & Humidity Sensor,2020/12/09 7:15 PM,39.2,78.0,32.9,39.2,,,29.95,,,,,,,,,,,,,
Greenhouse,Temp & Humidity Sensor,2020/12/09 7:20 PM,39.2,80.0,33.6,39.2,,,29.95,,,,,,,,,,,,,
Greenhouse,Temp & Humidity Sensor,2020/12/09 7:25 PM,39.2,80.0,33.6,39.2,,,29.95,,,,,,,,,,,,,
Greenhouse,Temp & Humidity Sensor,2020/12/09 7:30 PM,38.8,79.0,32.9,38.8,,,29.96,,,,,,,,,,,,,
Greenhouse,Temp & Humidity Sensor,2020/12/09 7:35 PM,38.4,78.0,32.2,38.4,,,29.96,,,,,,,,,,,,,
Greenhouse,Temp & Humidity Sensor,2020/12/09 7:40 PM,38.3,78.0,32.1,38.3,,,29.96,,,,,,,,,,,,,
Greenhouse,Temp & Humidity Sensor,2020/12/09 7:45 PM,38.3,78.0,32.1,38.3,,,29.96,,,,,,,,,,,,,
Greenhouse,Temp & Humidity Sensor,2020/12/09 7:50 PM,38.4,79.0,32.5,38.4,,,29.96,,,,,,,,,,,,,
Greenhouse,Temp & Humidity Sensor,2020/12/09 7:55 PM,38.3,79.0,32.4,38.3,,,29.96,,,,,,,,,,,,,
Greenhouse,Temp & Humidity Sensor,2020/12/09 8:00 PM,38.1,79.0,32.2,38.1,,,29.96,,,,,,,,,,,,,
Greenhouse,Temp & Humidity Sensor,2020/12/09 8:05 PM,38.3,81.0,33.0,38.3,,,29.97,,,,,,,,,,,,,
Greenhouse,Temp & Humidity Sensor,2020/12/09 8:10 PM,38.3,82.0,33.3,38.3,,,29.97,,,,,,,,,,,,,
Greenhouse,Temp & Humidity Sensor,2020/12/09 8:15 PM,38.1,82.0,33.1,38.1,,,29.97,,,,,,,,,,,,,
Greenhouse,Temp & Humidity Sensor,2020/12/09 8:20 PM,37.5,81.0,32.2,37.5,,,29.97,,,,,,,,,,,,,
Greenhouse,Temp & Humidity Sensor,2020/12/09 8:25 PM,37.7,82.0,32.7,37.7,,,29.97,,,,,,,,,,,,,
Greenhouse,Temp & Humidity Sensor,2020/12/09 8:30 PM,37.5,82.0,32.5,37.5,,,29.97,,,,,,,,,,,,,
Greenhouse,Temp & Humidity Sensor,2020/12/09 8:35 PM,38.1,84.0,33.7,38.1,,,29.97,,,,,,,,,,,,,
Greenhouse,Temp & Humidity Sensor,2020/12/09 8:40 PM,37.7,85.0,33.6,37.7,,,29.97,,,,,,,,,,,,,
Greenhouse,Temp & Humidity Sensor,2020/12/09 8:45 PM,37.7,85.0,33.6,37.7,,,29.98,,,,,,,,,,,,,
Greenhouse,Temp & Humidity Sensor,2020/12/09 8:50 PM,37.5,86.0,33.7,37.5,,,29.98,,,,,,,,,,,,,
Greenhouse,Temp & Humidity Sensor,2020/12/09 8:55 PM,37.4,85.0,33.3,37.4,,,29.98,,,,,,,,,,,,,
Greenhouse,Temp & Humidity Sensor,2020/12/09 9:00 PM,36.8,85.0,32.7,36.8,,,29.99,,,,,,,,,,,,,
Greenhouse,Temp & Humidity Sensor,2020/12/09 9:05 PM,36.6,84.0,32.2,36.6,,,29.98,,,,,,,,,,,,,
Greenhouse,Temp & Humidity Sensor,2020/12/09 9:10 PM,36.5,84.0,32.1,36.5,,,29.99,,,,,,,,,,,,,
Greenhouse,Temp & Humidity Sensor,2020/12/09 9:15 PM,36.1,83.0,31.4,36.1,,,29.99,,,,,,,,,,,,,
Greenhouse,Temp & Humidity Sensor,2020/12/09 9:20 PM,35.9,83.0,31.2,35.9,,,29.99,,,,,,,,,,,,,
Greenhouse,Temp & Humidity Sensor,2020/12/09 9:25 PM,35.7,82.0,30.8,35.7,,,29.99,,,,,,,,,,,,,
Greenhouse,Temp & Humidity Sensor,2020/12/09 9:30 PM,36.3,84.0,31.9,36.3,,,29.99,,,,,,,,,,,,,
Greenhouse,Temp & Humidity Sensor,2020/12/09 9:35 PM,36.3,86.0,32.5,36.3,,,29.99,,,,,,,,,,,,,
Greenhouse,Temp & Humidity Sensor,2020/12/09 9:40 PM,35.9,86.0,32.1,35.9,,,30.0,,,,,,,,,,,,,
Greenhouse,Temp & Humidity Sensor,2020/12/09 9:45 PM,35.9,86.0,32.1,35.9,,,30.0,,,,,,,,,,,,,
Greenhouse,Temp & Humidity Sensor,2020/12/09 9:50 PM,35.9,86.0,32.1,35.9,,,30.0,,,,,,,,,,,,,
Greenhouse,Temp & Humidity Sensor,2020/12/09 9:55 PM,35.9,87.0,32.4,35.9,,,30.0,,,,,,,,,,,,,
Greenhouse,Temp & Humidity Sensor,2020/12/09 10:00 PM,35.9,86.0,32.1,35.9,,,30.0,,,,,,,,,,,,,
Greenhouse,Temp & Humidity Sensor,2020/12/09 10:05 PM,35.9,87.0,32.4,35.9,,,30.0,,,,,,,,,,,,,
Greenhouse,Temp & Humidity Sensor,2020/12/09 10:10 PM,35.9,87.0,32.4,35.9,,,30.0,,,,,,,,,,,,,
Greenhouse,Temp & Humidity Sensor,2020/12/09 10:15 PM,36.1,88.0,32.9,36.1,,,30.0,,,,,,,,,,,,,
Greenhouse,Temp & Humidity Sensor,2020/12/09 10:20 PM,36.3,90.0,33.7,36.3,,,30.0,,,,,,,,,,,,,
Greenhouse,Temp & Humidity Sensor,2020/12/09 10:25 PM,36.3,90.0,33.7,36.3,,,30.0,,,,,,,,,,,,,
Greenhouse,Temp & Humidity Sensor,2020/12/09 10:30 PM,36.1,90.0,33.5,36.1,,,30.01,,,,,,,,,,,,,
Greenhouse,Temp & Humidity Sensor,2020/12/09 10:35 PM,36.1,91.0,33.7,36.1,,,30.01,,,,,,,,,,,,,
Greenhouse,Temp & Humidity Sensor,2020/12/09 10:40 PM,36.1,91.0,33.7,36.1,,,30.01,,,,,,,,,,,,,
Greenhouse,Temp & Humidity Sensor,2020/12/09 10:45 PM,35.9,91.0,33.5,35.9,,,30.01,,,,,,,,,,,,,
Greenhouse,Temp & Humidity Sensor,2020/12/09 10:50 PM,35.9,92.0,33.8,35.9,,,30.02,,,,,,,,,,,,,
Greenhouse,Temp & Humidity Sensor,2020/12/09 10:55 PM,35.7,92.0,33.6,35.7,,,30.02,,,,,,,,,,,,,
Greenhouse,Temp & Humidity Sensor,2020/12/09 11:00 PM,35.7,91.0,33.3,35.7,,,30.02,,,,,,,,,,,,,
Greenhouse,Temp & Humidity Sensor,2020/12/09 11:05 PM,35.7,91.0,33.3,35.7,,,30.02,,,,,,,,,,,,,
Greenhouse,Temp & Humidity Sensor,2020/12/09 11:10 PM,35.7,91.0,33.3,35.7,,,30.02,,,,,,,,,,,,,
Greenhouse,Temp & Humidity Sensor,2020/12/09 11:15 PM,35.6,92.0,33.5,35.6,,,30.02,,,,,,,,,,,,,
Greenhouse,Temp & Humidity Sensor,2020/12/09 11:20 PM,35.6,92.0,33.5,35.6,,,30.02,,,,,,,,,,,,,
Greenhouse,Temp & Humidity Sensor,2020/12/09 11:25 PM,35.6,92.0,33.5,35.6,,,30.02,,,,,,,,,,,,,
Greenhouse,Temp & Humidity Sensor,2020/12/09 11:30 PM,35.6,93.0,33.8,35.6,,,30.02,,,,,,,,,,,,,
Greenhouse,Temp & Humidity Sensor,2020/12/09 11:35 PM,35.6,93.0,33.8,35.6,,,30.02,,,,,,,,,,,,,
Greenhouse,Temp & Humidity Sensor,2020/12/09 11:40 PM,35.6,93.0,33.8,35.6,,,30.02,,,,,,,,,,,,,
Greenhouse,Temp & Humidity Sensor,2020/12/09 11:45 PM,35.6,93.0,33.8,35.6,,,30.02,,,,,,,,,,,,,
Greenhouse,Temp & Humidity Sensor,2020/12/09 11:50 PM,35.6,93.0,33.8,35.6,,,30.02,,,,,,,,,,,,,
Greenhouse,Temp & Humidity Sensor,2020/12/09 11:55 PM,35.6,94.0,34.0,35.6,,,30.02,,,,,,,,,,,,,
Greenhouse,Temp & Humidity Sensor,2020/12/10 12:00 AM,35.6,94.0,34.0,35.6,,,30.02,,,,,,,,,,,,,
Greenhouse,Temp & Humidity Sensor,2020/12/10 12:05 AM,35.6,94.0,34.0,35.6,,,30.02,,,,,,,,,,,,,
Greenhouse,Temp & Humidity Sensor,2020/12/10 12:10 AM,35.6,94.0,34.0,35.6,,,30.02,,,,,,,,,,,,,
Greenhouse,Temp & Humidity Sensor,2020/12/10 12:15 AM,35.4,95.0,34.1,35.4,,,30.02,,,,,,,,,,,,,
Greenhouse,Temp & Humidity Sensor,2020/12/10 12:20 AM,35.4,94.0,33.8,35.4,,,30.02,,,,,,,,,,,,,
Greenhouse,Temp & Humidity Sensor,2020/12/10 12:25 AM,35.6,94.0,34.0,35.6,,,30.03,,,,,,,,,,,,,
Greenhouse,Temp & Humidity Sensor,2020/12/10 12:30 AM,35.6,94.0,34.0,35.6,,,30.03,,,,,,,,,,,,,
Greenhouse,Temp & Humidity Sensor,2020/12/10 12:35 AM,35.4,94.0,33.8,35.4,,,30.02,,,,,,,,,,,,,
Greenhouse,Temp & Humidity Sensor,2020/12/10 12:40 AM,35.4,94.0,33.8,35.4,,,30.03,,,,,,,,,,,,,
Greenhouse,Temp & Humidity Sensor,2020/12/10 12:45 AM,35.4,94.0,33.8,35.4,,,30.03,,,,,,,,,,,,,
Greenhouse,Temp & Humidity Sensor,2020/12/10 12:50 AM,35.2,94.0,33.6,35.2,,,30.03,,,,,,,,,,,,,
Greenhouse,Temp & Humidity Sensor,2020/12/10 12:55 AM,35.0,94.0,33.5,35.0,,,30.03,,,,,,,,,,,,,
Greenhouse,Temp & Humidity Sensor,2020/12/10 1:00 AM,35.0,94.0,33.5,35.0,,,30.02,,,,,,,,,,,,,
Greenhouse,Temp & Humidity Sensor,2020/12/10 1:05 AM,35.0,93.0,33.2,35.0,,,30.02,,,,,,,,,,,,,
Greenhouse,Temp & Humidity Sensor,2020/12/10 1:10 AM,35.2,93.0,33.4,35.2,,,30.03,,,,,,,,,,,,,
Greenhouse,Temp & Humidity Sensor,2020/12/10 1:15 AM,35.4,93.0,33.6,35.4,,,30.03,,,,,,,,,,,,,
Greenhouse,Temp & Humidity Sensor,2020/12/10 1:20 AM,35.4,94.0,33.8,35.4,,,30.03,,,,,,,,,,,,,
Greenhouse,Temp & Humidity Sensor,2020/12/10 1:25 AM,35.4,94.0,33.8,35.4,,,30.03,,,,,,,,,,,,,
Greenhouse,Temp & Humidity Sensor,2020/12/10 1:30 AM,35.4,95.0,34.1,35.4,,,30.03,,,,,,,,,,,,,
Greenhouse,Temp & Humidity Sensor,2020/12/10 1:35 AM,35.4,95.0,34.1,35.4,,,30.03,,,,,,,,,,,,,
Greenhouse,Temp & Humidity Sensor,2020/12/10 1:40 AM,35.4,95.0,34.1,35.4,,,30.03,,,,,,,,,,,,,
Greenhouse,Temp & Humidity Sensor,2020/12/10 1:45 AM,35.4,95.0,34.1,35.4,,,30.03,,,,,,,,,,,,,
Greenhouse,Temp & Humidity Sensor,2020/12/10 1:50 AM,35.2,95.0,33.9,35.2,,,30.03,,,,,,,,,,,,,
Greenhouse,Temp & Humidity Sensor,2020/12/10 1:55 AM,35.4,95.0,34.1,35.4,,,30.03,,,,,,,,,,,,,
Greenhouse,Temp & Humidity Sensor,2020/12/10 2:00 AM,35.6,94.0,34.0,35.6,,,30.04,,,,,,,,,,,,,
Greenhouse,Temp & Humidity Sensor,2020/12/10 2:05 AM,35.6,94.0,34.0,35.6,,,30.04,,,,,,,,,,,,,
Greenhouse,Temp & Humidity Sensor,2020/12/10 2:10 AM,35.6,95.0,34.3,35.6,,,30.05,,,,,,,,,,,,,
Greenhouse,Temp & Humidity Sensor,2020/12/10 2:15 AM,35.6,95.0,34.3,35.6,,,30.05,,,,,,,,,,,,,
Greenhouse,Temp & Humidity Sensor,2020/12/10 2:20 AM,35.6,95.0,34.3,35.6,,,30.05,,,,,,,,,,,,,
Greenhouse,Temp & Humidity Sensor,2020/12/10 2:25 AM,35.6,95.0,34.3,35.6,,,30.05,,,,,,,,,,,,,
Greenhouse,Temp & Humidity Sensor,2020/12/10 2:30 AM,35.6,95.0,34.3,35.6,,,30.06,,,,,,,,,,,,,
Greenhouse,Temp & Humidity Sensor,2020/12/10 2:35 AM,35.6,95.0,34.3,35.6,,,30.06,,,,,,,,,,,,,
Greenhouse,Temp & Humidity Sensor,2020/12/10 2:40 AM,35.6,95.0,34.3,35.6,,,30.06,,,,,,,,,,,,,
Greenhouse,Temp & Humidity Sensor,2020/12/10 2:45 AM,35.6,95.0,34.3,35.6,,,30.06,,,,,,,,,,,,,
Greenhouse,Temp & Humidity Sensor,2020/12/10 2:50 AM,35.6,95.0,34.3,35.6,,,30.06,,,,,,,,,,,,,
Greenhouse,Temp & Humidity Sensor,2020/12/10 2:55 AM,35.6,95.0,34.3,35.6,,,30.06,,,,,,,,,,,,,
Greenhouse,Temp & Humidity Sensor,2020/12/10 3:00 AM,35.6,95.0,34.3,35.6,,,30.06,,,,,,,,,,,,,
Greenhouse,Temp & Humidity Sensor,2020/12/10 3:05 AM,35.6,95.0,34.3,35.6,,,30.06,,,,,,,,,,,,,
Greenhouse,Temp & Humidity Sensor,2020/12/10 3:10 AM,35.4,96.0,34.4,35.4,,,30.06,,,,,,,,,,,,,
Greenhouse,Temp & Humidity Sensor,2020/12/10 3:15 AM,35.4,96.0,34.4,35.4,,,30.06,,,,,,,,,,,,,
Greenhouse,Temp & Humidity Sensor,2020/12/10 3:20 AM,35.4,96.0,34.4,35.4,,,30.06,,,,,,,,,,,,,
Greenhouse,Temp & Humidity Sensor,2020/12/10 3:25 AM,35.6,96.0,34.6,35.6,,,30.06,,,,,,,,,,,,,
Greenhouse,Temp & Humidity Sensor,2020/12/10 3:30 AM,35.6,96.0,34.6,35.6,,,30.06,,,,,,,,,,,,,
Greenhouse,Temp & Humidity Sensor,2020/12/10 3:35 AM,35.6,96.0,34.6,35.6,,,30.06,,,,,,,,,,,,,
Greenhouse,Temp & Humidity Sensor,2020/12/10 3:40 AM,35.6,96.0,34.6,35.6,,,30.06,,,,,,,,,,,,,
Greenhouse,Temp & Humidity Sensor,2020/12/10 3:45 AM,35.4,96.0,34.4,35.4,,,30.06,,,,,,,,,,,,,
Greenhouse,Temp & Humidity Sensor,2020/12/10 3:50 AM,35.4,96.0,34.4,35.4,,,30.06,,,,,,,,,,,,,
Greenhouse,Temp & Humidity Sensor,2020/12/10 3:55 AM,35.4,96.0,34.4,35.4,,,30.07,,,,,,,,,,,,,
Greenhouse,Temp & Humidity Sensor,2020/12/10 4:00 AM,35.4,96.0,34.4,35.4,,,30.07,,,,,,,,,,,,,
Greenhouse,Temp & Humidity Sensor,2020/12/10 4:05 AM,35.6,96.0,34.6,35.6,,,30.07,,,,,,,,,,,,,
Greenhouse,Temp & Humidity Sensor,2020/12/10 4:10 AM,35.4,96.0,34.4,35.4,,,30.07,,,,,,,,,,,,,
Greenhouse,Temp & Humidity Sensor,2020/12/10 4:15 AM,35.0,96.0,34.0,35.0,,,30.07,,,,,,,,,,,,,
Greenhouse,Temp & Humidity Sensor,2020/12/10 4:20 AM,35.4,96.0,34.4,35.4,,,30.07,,,,,,,,,,,,,
Greenhouse,Temp & Humidity Sensor,2020/12/10 4:25 AM,35.4,96.0,34.4,35.4,,,30.07,,,,,,,,,,,,,
Greenhouse,Temp & Humidity Sensor,2020/12/10 4:30 AM,35.6,96.0,34.6,35.6,,,30.08,,,,,,,,,,,,,
Greenhouse,Temp & Humidity Sensor,2020/12/10 4:35 AM,35.4,96.0,34.4,35.4,,,30.07,,,,,,,,,,,,,
Greenhouse,Temp & Humidity Sensor,2020/12/10 4:40 AM,35.0,96.0,34.0,35.0,,,30.07,,,,,,,,,,,,,
Greenhouse,Temp & Humidity Sensor,2020/12/10 4:45 AM,34.7,95.0,33.4,34.7,,,30.07,,,,,,,,,,,,,
Greenhouse,Temp & Humidity Sensor,2020/12/10 4:50 AM,34.8,95.0,33.5,34.8,,,30.08,,,,,,,,,,,,,
Greenhouse,Temp & Humidity Sensor,2020/12/10 4:55 AM,35.2,95.0,33.9,35.2,,,30.08,,,,,,,,,,,,,
Greenhouse,Temp & Humidity Sensor,2020/12/10 5:00 AM,35.0,95.0,33.7,35.0,,,30.08,,,,,,,,,,,,,
Greenhouse,Temp & Humidity Sensor,2020/12/10 5:05 AM,35.0,95.0,33.7,35.0,,,30.09,,,,,,,,,,,,,
Greenhouse,Temp & Humidity Sensor,2020/12/10 5:10 AM,35.0,95.0,33.7,35.0,,,30.09,,,,,,,,,,,,,
Greenhouse,Temp & Humidity Sensor,2020/12/10 5:15 AM,34.8,95.0,33.5,34.8,,,30.09,,,,,,,,,,,,,
Greenhouse,Temp & Humidity Sensor,2020/12/10 5:20 AM,34.8,95.0,33.5,34.8,,,30.09,,,,,,,,,,,,,
Greenhouse,Temp & Humidity Sensor,2020/12/10 5:25 AM,34.8,95.0,33.5,34.8,,,30.09,,,,,,,,,,,,,
Greenhouse,Temp & Humidity Sensor,2020/12/10 5:30 AM,34.7,95.0,33.4,34.7,,,30.1,,,,,,,,,,,,,
Greenhouse,Temp & Humidity Sensor,2020/12/10 5:35 AM,34.8,95.0,33.5,34.8,,,30.1,,,,,,,,,,,,,
Greenhouse,Temp & Humidity Sensor,2020/12/10 5:40 AM,35.0,95.0,33.7,35.0,,,30.11,,,,,,,,,,,,,
Greenhouse,Temp & Humidity Sensor,2020/12/10 5:45 AM,34.8,95.0,33.5,34.8,,,30.11,,,,,,,,,,,,,
Greenhouse,Temp & Humidity Sensor,2020/12/10 5:50 AM,34.7,96.0,33.7,34.7,,,30.11,,,,,,,,,,,,,
Greenhouse,Temp & Humidity Sensor,2020/12/10 5:55 AM,35.0,96.0,34.0,35.0,,,30.11,,,,,,,,,,,,,
Greenhouse,Temp & Humidity Sensor,2020/12/10 6:00 AM,34.8,96.0,33.8,34.8,,,30.11,,,,,,,,,,,,,
Greenhouse,Temp & Humidity Sensor,2020/12/10 6:05 AM,34.7,96.0,33.7,34.7,,,30.12,,,,,,,,,,,,,
Greenhouse,Temp & Humidity Sensor,2020/12/10 6:10 AM,34.7,96.0,33.7,34.7,,,30.12,,,,,,,,,,,,,
Greenhouse,Temp & Humidity Sensor,2020/12/10 6:15 AM,34.7,96.0,33.7,34.7,,,30.12,,,,,,,,,,,,,
Greenhouse,Temp & Humidity Sensor,2020/12/10 6:20 AM,34.7,96.0,33.7,34.7,,,30.12,,,,,,,,,,,,,
Greenhouse,Temp & Humidity Sensor,2020/12/10 6:25 AM,34.8,96.0,33.8,34.8,,,30.12,,,,,,,,,,,,,
Greenhouse,Temp & Humidity Sensor,2020/12/10 6:30 AM,34.5,95.0,33.2,34.5,,,30.12,,,,,,,,,,,,,
Greenhouse,Temp & Humidity Sensor,2020/12/10 6:35 AM,34.3,95.0,33.0,34.3,,,30.13,,,,,,,,,,,,,
Greenhouse,Temp & Humidity Sensor,2020/12/10 6:40 AM,34.5,95.0,33.2,34.5,,,30.13,,,,,,,,,,,,,
Greenhouse,Temp & Humidity Sensor,2020/12/10 6:45 AM,34.3,95.0,33.0,34.3,,,30.13,,,,,,,,,,,,,
Greenhouse,Temp & Humidity Sensor,2020/12/10 6:50 AM,34.1,95.0,32.8,34.1,,,30.13,,,,,,,,,,,,,
Greenhouse,Temp & Humidity Sensor,2020/12/10 6:55 AM,34.3,95.0,33.0,34.3,,,30.13,,,,,,,,,,,,,
Greenhouse,Temp & Humidity Sensor,2020/12/10 7:00 AM,34.5,95.0,33.2,34.5,,,30.13,,,,,,,,,,,,,
Greenhouse,Temp & Humidity Sensor,2020/12/10 7:05 AM,34.3,96.0,33.3,34.3,,,30.13,,,,,,,,,,,,,
Greenhouse,Temp & Humidity Sensor,2020/12/10 7:10 AM,34.3,96.0,33.3,34.3,,,30.14,,,,,,,,,,,,,
Greenhouse,Temp & Humidity Sensor,2020/12/10 7:15 AM,34.3,96.0,33.3,34.3,,,30.14,,,,,,,,,,,,,
Greenhouse,Temp & Humidity Sensor,2020/12/10 7:20 AM,34.3,95.0,33.0,34.3,,,30.14,,,,,,,,,,,,,
Greenhouse,Temp & Humidity Sensor,2020/12/10 7:25 AM,34.5,95.0,33.2,34.5,,,30.14,,,,,,,,,,,,,
Greenhouse,Temp & Humidity Sensor,2020/12/10 7:30 AM,34.5,95.0,33.2,34.5,,,30.15,,,,,,,,,,,,,
Greenhouse,Temp & Humidity Sensor,2020/12/10 7:35 AM,34.5,95.0,33.2,34.5,,,30.15,,,,,,,,,,,,,
Greenhouse,Temp & Humidity Sensor,2020/12/10 7:40 AM,34.7,95.0,33.4,34.7,,,30.15,,,,,,,,,,,,,
Greenhouse,Temp & Humidity Sensor,2020/12/10 7:45 AM,34.7,95.0,33.4,34.7,,,30.15,,,,,,,,,,,,,
Greenhouse,Temp & Humidity Sensor,2020/12/10 7:50 AM,34.5,95.0,33.2,34.5,,,30.15,,,,,,,,,,,,,
Greenhouse,Temp & Humidity Sensor,2020/12/10 7:55 AM,34.7,96.0,33.7,34.7,,,30.15,,,,,,,,,,,,,
Greenhouse,Temp & Humidity Sensor,2020/12/10 8:00 AM,34.8,96.0,33.8,34.8,,,30.15,,,,,,,,,,,,,
Greenhouse,Temp & Humidity Sensor,2020/12/10 8:05 AM,35.0,96.0,34.0,35.0,,,30.15,,,,,,,,,,,,,
Greenhouse,Temp & Humidity Sensor,2020/12/10 8:10 AM,35.4,96.0,34.4,35.4,,,30.16,,,,,,,,,,,,,
Greenhouse,Temp & Humidity Sensor,2020/12/10 8:15 AM,35.6,95.0,34.3,35.6,,,30.16,,,,,,,,,,,,,
Greenhouse,Temp & Humidity Sensor,2020/12/10 8:20 AM,35.7,95.0,34.4,35.7,,,30.16,,,,,,,,,,,,,
Greenhouse,Temp & Humidity Sensor,2020/12/10 8:25 AM,35.9,95.0,34.6,35.9,,,30.16,,,,,,,,,,,,,
Greenhouse,Temp & Humidity Sensor,2020/12/10 8:30 AM,36.3,95.0,35.0,36.3,,,30.16,,,,,,,,,,,,,
Greenhouse,Temp & Humidity Sensor,2020/12/10 8:35 AM,36.6,95.0,35.3,36.6,,,30.16,,,,,,,,,,,,,
Greenhouse,Temp & Humidity Sensor,2020/12/10 8:40 AM,37.4,95.0,36.1,37.4,,,30.16,,,,,,,,,,,,,
Greenhouse,Temp & Humidity Sensor,2020/12/10 8:45 AM,38.6,95.0,37.3,38.6,,,30.17,,,,,,,,,,,,,
Greenhouse,Temp & Humidity Sensor,2020/12/10 8:50 AM,38.8,95.0,37.5,38.8,,,30.17,,,,,,,,,,,,,
Greenhouse,Temp & Humidity Sensor,2020/12/10 8:55 AM,39.9,94.0,38.3,39.9,,,30.17,,,,,,,,,,,,,
Greenhouse,Temp & Humidity Sensor,2020/12/10 9:00 AM,39.9,93.0,38.0,39.9,,,30.18,,,,,,,,,,,,,
Greenhouse,Temp & Humidity Sensor,2020/12/10 9:05 AM,39.7,93.0,37.8,39.7,,,30.17,,,,,,,,,,,,,
Greenhouse,Temp & Humidity Sensor,2020/12/10 9:10 AM,39.9,94.0,38.3,39.9,,,30.17,,,,,,,,,,,,,
Greenhouse,Temp & Humidity Sensor,2020/12/10 9:15 AM,41.5,93.0,39.6,39.7,,,30.18,,,,,,,,,,,,,
Greenhouse,Temp & Humidity Sensor,2020/12/10 9:20 AM,42.8,92.0,40.6,41.1,,,30.18,,,,,,,,,,,,,
Greenhouse,Temp & Humidity Sensor,2020/12/10 9:25 AM,43.5,91.0,41.0,41.8,,,30.18,,,,,,,,,,,,,
Greenhouse,Temp & Humidity Sensor,2020/12/10 9:30 AM,43.7,91.0,41.2,42.0,,,30.18,,,,,,,,,,,,,
Greenhouse,Temp & Humidity Sensor,2020/12/10 9:35 AM,44.4,91.0,41.9,42.8,,,30.18,,,,,,,,,,,,,
Greenhouse,Temp & Humidity Sensor,2020/12/10 9:40 AM,44.9,90.0,42.1,43.3,,,30.18,,,,,,,,,,,,,
Greenhouse,Temp & Humidity Sensor,2020/12/10 9:45 AM,45.5,89.0,42.4,43.9,,,30.18,,,,,,,,,,,,,
Greenhouse,Temp & Humidity Sensor,2020/12/10 9:50 AM,46.2,89.0,43.1,44.7,,,30.19,,,,,,,,,,,,,
Greenhouse,Temp & Humidity Sensor,2020/12/10 9:55 AM,47.3,90.0,44.5,46.0,,,30.19,,,,,,,,,,,,,
Greenhouse,Temp & Humidity Sensor,2020/12/10 10:00 AM,49.8,89.0,46.7,48.7,,,30.19,,,,,,,,,,,,,
Greenhouse,Temp & Humidity Sensor,2020/12/10 10:05 AM,53.2,86.0,49.1,52.3,,,30.19,,,,,,,,,,,,,
Greenhouse,Temp & Humidity Sensor,2020/12/10 10:10 AM,53.0,83.0,48.0,51.9,,,30.19,,,,,,,,,,,,,
Greenhouse,Temp & Humidity Sensor,2020/12/10 10:15 AM,52.7,84.0,48.0,51.6,,,30.19,,,,,,,,,,,,,
Greenhouse,Temp & Humidity Sensor,2020/12/10 10:20 AM,53.2,84.0,48.5,52.2,,,30.19,,,,,,,,,,,,,
Greenhouse,Temp & Humidity Sensor,2020/12/10 10:25 AM,54.3,82.0,48.9,53.3,,,30.19,,,,,,,,,,,,,
Greenhouse,Temp & Humidity Sensor,2020/12/10 10:30 AM,53.0,78.0,46.3,51.7,,,30.19,,,,,,,,,,,,,
Greenhouse,Temp & Humidity Sensor,2020/12/10 10:35 AM,52.5,76.0,45.2,51.0,,,30.19,,,,,,,,,,,,,
Greenhouse,Temp & Humidity Sensor,2020/12/10 10:40 AM,53.2,78.0,46.5,51.9,,,30.19,,,,,,,,,,,,,
Greenhouse,Temp & Humidity Sensor,2020/12/10 10:45 AM,53.9,72.0,45.1,52.4,,,30.19,,,,,,,,,,,,,
Greenhouse,Temp & Humidity Sensor,2020/12/10 10:50 AM,54.3,71.0,45.1,52.8,,,30.2,,,,,,,,,,,,,
Greenhouse,Temp & Humidity Sensor,2020/12/10 10:55 AM,55.5,69.0,45.5,54.0,,,30.19,,,,,,,,,,,,,
Greenhouse,Temp & Humidity Sensor,2020/12/10 11:00 AM,55.9,67.0,45.1,54.3,,,30.19,,,,,,,,,,,,,
Greenhouse,Temp & Humidity Sensor,2020/12/10 11:05 AM,55.4,66.0,44.2,53.7,,,30.19,,,,,,,,,,,,,
Greenhouse,Temp & Humidity Sensor,2020/12/10 11:10 AM,55.9,69.0,45.9,54.4,,,30.19,,,,,,,,,,,,,
Greenhouse,Temp & Humidity Sensor,2020/12/10 11:15 AM,55.9,69.0,45.9,54.4,,,30.19,,,,,,,,,,,,,
Greenhouse,Temp & Humidity Sensor,2020/12/10 11:20 AM,55.7,67.0,44.9,54.1,,,30.19,,,,,,,,,,,,,
Greenhouse,Temp & Humidity Sensor,2020/12/10 11:25 AM,57.0,65.0,45.4,55.5,,,30.19,,,,,,,,,,,,,
Greenhouse,Temp & Humidity Sensor,2020/12/10 11:30 AM,57.3,55.0,41.3,55.3,,,30.18,,,,,,,,,,,,,
Greenhouse,Temp & Humidity Sensor,2020/12/10 11:35 AM,58.2,61.0,44.8,56.6,,,30.18,,,,,,,,,,,,,
Greenhouse,Temp & Humidity Sensor,2020/12/10 11:40 AM,58.6,57.0,43.4,56.8,,,30.18,,,,,,,,,,,,,
Greenhouse,Temp & Humidity Sensor,2020/12/10 11:45 AM,62.4,60.0,48.3,61.2,,,30.18,,,,,,,,,,,,,
Greenhouse,Temp & Humidity Sensor,2020/12/10 11:50 AM,64.7,55.0,48.2,63.5,,,30.18,,,,,,,,,,,,,
Greenhouse,Temp & Humidity Sensor,2020/12/10 11:55 AM,62.2,54.0,45.3,60.7,,,30.18,,,,,,,,,,,,,
Greenhouse,Temp & Humidity Sensor,2020/12/10 12:00 PM,61.5,57.0,46.1,60.0,,,30.18,,,,,,,,,,,,,
Greenhouse,Temp & Humidity Sensor,2020/12/10 12:05 PM,61.8,56.0,45.9,60.3,,,30.18,,,,,,,,,,,,,
Greenhouse,Temp & Humidity Sensor,2020/12/10 12:10 PM,60.9,50.0,42.1,59.0,,,30.18,,,,,,,,,,,,,
Greenhouse,Temp & Humidity Sensor,2020/12/10 12:15 PM,60.8,53.0,43.6,59.1,,,30.18,,,,,,,,,,,,,
Greenhouse,Temp & Humidity Sensor,2020/12/10 12:20 PM,60.4,48.0,40.6,58.4,,,30.17,,,,,,,,,,,,,
Greenhouse,Temp & Humidity Sensor,2020/12/10 12:25 PM,62.0,50.0,43.1,60.2,,,30.17,,,,,,,,,,,,,
Greenhouse,Temp & Humidity Sensor,2020/12/10 12:30 PM,62.6,45.0,41.0,60.7,,,30.17,,,,,,,,,,,,,
Greenhouse,Temp & Humidity Sensor,2020/12/10 12:35 PM,62.9,46.0,41.8,61.1,,,30.17,,,,,,,,,,,,,
Greenhouse,Temp & Humidity Sensor,2020/12/10 12:40 PM,64.0,49.0,44.5,62.4,,,30.17,,,,,,,,,,,,,
Greenhouse,Temp & Humidity Sensor,2020/12/10 12:45 PM,62.9,45.0,41.2,61.0,,,30.17,,,,,,,,,,,,,
Greenhouse,Temp & Humidity Sensor,2020/12/10 12:50 PM,62.7,45.0,41.0,60.8,,,30.16,,,,,,,,,,,,,
Greenhouse,Temp & Humidity Sensor,2020/12/10 12:55 PM,65.3,43.0,42.2,63.6,,,30.16,,,,,,,,,,,,,
Greenhouse,Temp & Humidity Sensor,2020/12/10 1:00 PM,65.8,45.0,43.9,64.2,,,30.16,,,,,,,,,,,,,
Greenhouse,Temp & Humidity Sensor,2020/12/10 1:05 PM,65.3,46.0,44.0,63.7,,,30.16,,,,,,,,,,,,,
Greenhouse,Temp & Humidity Sensor,2020/12/10 1:10 PM,64.7,44.0,42.3,62.9,,,30.16,,,,,,,,,,,,,
Greenhouse,Temp & Humidity Sensor,2020/12/10 1:15 PM,64.4,46.0,43.2,62.7,,,30.15,,,,,,,,,,,,,
Greenhouse,Temp & Humidity Sensor,2020/12/10 1:20 PM,64.4,47.0,43.7,62.7,,,30.15,,,,,,,,,,,,,
Greenhouse,Temp & Humidity Sensor,2020/12/10 1:25 PM,64.9,44.0,42.5,63.2,,,30.15,,,,,,,,,,,,,
Greenhouse,Temp & Humidity Sensor,2020/12/10 1:30 PM,64.9,45.0,43.0,63.2,,,30.15,,,,,,,,,,,,,
Greenhouse,Temp & Humidity Sensor,2020/12/10 1:35 PM,64.9,45.0,43.0,63.2,,,30.15,,,,,,,,,,,,,
Greenhouse,Temp & Humidity Sensor,2020/12/10 1:40 PM,63.8,42.0,40.3,61.9,,,30.15,,,,,,,,,,,,,
Greenhouse,Temp & Humidity Sensor,2020/12/10 1:45 PM,63.3,42.0,39.8,61.3,,,30.15,,,,,,,,,,,,,
Greenhouse,Temp & Humidity Sensor,2020/12/10 1:50 PM,64.0,44.0,41.6,62.2,,,30.15,,,,,,,,,,,,,
Greenhouse,Temp & Humidity Sensor,2020/12/10 1:55 PM,63.6,45.0,41.9,61.8,,,30.14,,,,,,,,,,,,,
Greenhouse,Temp & Humidity Sensor,2020/12/10 2:00 PM,62.9,45.0,41.2,61.0,,,30.14,,,,,,,,,,,,,
Greenhouse,Temp & Humidity Sensor,2020/12/10 2:05 PM,62.2,46.0,41.2,60.3,,,30.14,,,,,,,,,,,,,
Greenhouse,Temp & Humidity Sensor,2020/12/10 2:10 PM,62.0,48.0,42.1,60.2,,,30.15,,,,,,,,,,,,,
Greenhouse,Temp & Humidity Sensor,2020/12/10 2:15 PM,62.4,49.0,43.0,60.6,,,30.15,,,,,,,,,,,,,
Greenhouse,Temp & Humidity Sensor,2020/12/10 2:20 PM,62.6,49.0,43.2,60.9,,,30.15,,,,,,,,,,,,,
Greenhouse,Temp & Humidity Sensor,2020/12/10 2:25 PM,62.7,48.0,42.7,60.9,,,30.15,,,,,,,,,,,,,
Greenhouse,Temp & Humidity Sensor,2020/12/10 2:30 PM,63.6,47.0,43.0,61.9,,,30.15,,,,,,,,,,,,,
Greenhouse,Temp & Humidity Sensor,2020/12/10 2:35 PM,64.7,48.0,44.6,63.1,,,30.15,,,,,,,,,,,,,
Greenhouse,Temp & Humidity Sensor,2020/12/10 2:40 PM,64.9,46.0,43.6,63.3,,,30.15,,,,,,,,,,,,,
Greenhouse,Temp & Humidity Sensor,2020/12/10 2:45 PM,63.8,47.0,43.2,62.1,,,30.15,,,,,,,,,,,,,
Greenhouse,Temp & Humidity Sensor,2020/12/10 2:50 PM,62.9,47.0,42.4,61.1,,,30.15,,,,,,,,,,,,,
Greenhouse,Temp & Humidity Sensor,2020/12/10 2:55 PM,63.8,48.0,43.7,62.1,,,30.15,,,,,,,,,,,,,
Greenhouse,Temp & Humidity Sensor,2020/12/10 3:00 PM,64.4,47.0,43.7,62.7,,,30.15,,,,,,,,,,,,,
Greenhouse,Temp & Humidity Sensor,2020/12/10 3:05 PM,64.5,47.0,43.8,62.9,,,30.15,,,,,,,,,,,,,
Greenhouse,Temp & Humidity Sensor,2020/12/10 3:10 PM,63.5,47.0,42.9,61.8,,,30.15,,,,,,,,,,,,,
Greenhouse,Temp & Humidity Sensor,2020/12/10 3:15 PM,63.3,48.0,43.3,61.6,,,30.15,,,,,,,,,,,,,
Greenhouse,Temp & Humidity Sensor,2020/12/10 3:20 PM,62.7,47.0,42.2,60.9,,,30.15,,,,,,,,,,,,,
Greenhouse,Temp & Humidity Sensor,2020/12/10 3:25 PM,62.2,47.0,41.7,60.3,,,30.15,,,,,,,,,,,,,
Greenhouse,Temp & Humidity Sensor,2020/12/10 3:30 PM,63.1,47.0,42.5,61.3,,,30.15,,,,,,,,,,,,,
Greenhouse,Temp & Humidity Sensor,2020/12/10 3:35 PM,62.4,47.0,41.9,60.5,,,30.15,,,,,,,,,,,,,
Greenhouse,Temp & Humidity Sensor,2020/12/10 3:40 PM,61.5,48.0,41.6,59.6,,,30.15,,,,,,,,,,,,,
Greenhouse,Temp & Humidity Sensor,2020/12/10 3:45 PM,61.3,48.0,41.4,59.4,,,30.15,,,,,,,,,,,,,
Greenhouse,Temp & Humidity Sensor,2020/12/10 3:50 PM,59.9,50.0,41.2,57.9,,,30.16,,,,,,,,,,,,,
Greenhouse,Temp & Humidity Sensor,2020/12/10 3:55 PM,59.0,50.0,40.4,57.0,,,30.16,,,,,,,,,,,,,
Greenhouse,Temp & Humidity Sensor,2020/12/10 4:00 PM,58.4,51.0,40.3,56.3,,,30.16,,,,,,,,,,,,,
Greenhouse,Temp & Humidity Sensor,2020/12/10 4:05 PM,57.7,51.0,39.7,55.6,,,30.16,,,,,,,,,,,,,
Greenhouse,Temp & Humidity Sensor,2020/12/10 4:10 PM,57.2,51.0,39.2,55.0,,,30.17,,,,,,,,,,,,,
Greenhouse,Temp & Humidity Sensor,2020/12/10 4:15 PM,56.6,52.0,39.2,54.4,,,30.17,,,,,,,,,,,,,
Greenhouse,Temp & Humidity Sensor,2020/12/10 4:20 PM,56.3,52.0,38.9,54.1,,,30.17,,,,,,,,,,,,,
Greenhouse,Temp & Humidity Sensor,2020/12/10 4:25 PM,55.7,52.0,38.3,53.4,,,30.17,,,,,,,,,,,,,
Greenhouse,Temp & Humidity Sensor,2020/12/10 4:30 PM,55.4,53.0,38.6,53.1,,,30.17,,,,,,,,,,,,,
Greenhouse,Temp & Humidity Sensor,2020/12/10 4:35 PM,54.8,54.0,38.5,52.5,,,30.18,,,,,,,,,,,,,
Greenhouse,Temp & Humidity Sensor,2020/12/10 4:40 PM,54.5,54.0,38.2,52.2,,,30.17,,,,,,,,,,,,,
Greenhouse,Temp & Humidity Sensor,2020/12/10 4:45 PM,53.9,54.0,37.6,51.5,,,30.18,,,,,,,,,,,,,
Greenhouse,Temp & Humidity Sensor,2020/12/10 4:50 PM,53.6,55.0,37.8,51.2,,,30.18,,,,,,,,,,,,,
Greenhouse,Temp & Humidity Sensor,2020/12/10 4:55 PM,52.8,56.0,37.5,50.4,,,30.18,,,,,,,,,,,,,
Greenhouse,Temp & Humidity Sensor,2020/12/10 5:00 PM,52.5,56.0,37.3,50.1,,,30.18,,,,,,,,,,,,,
Greenhouse,Temp & Humidity Sensor,2020/12/10 5:05 PM,51.9,57.0,37.2,49.5,,,30.18,,,,,,,,,,,,,
Greenhouse,Temp & Humidity Sensor,2020/12/10 5:10 PM,51.8,58.0,37.5,49.4,,,30.18,,,,,,,,,,,,,
Greenhouse,Temp & Humidity Sensor,2020/12/10 5:15 PM,51.0,59.0,37.2,48.6,,,30.18,,,,,,,,,,,,,
Greenhouse,Temp & Humidity Sensor,2020/12/10 5:20 PM,50.5,60.0,37.1,48.1,,,30.19,,,,,,,,,,,,,
Greenhouse,Temp & Humidity Sensor,2020/12/10 5:25 PM,50.1,60.0,36.8,47.6,,,30.19,,,,,,,,,,,,,
Greenhouse,Temp & Humidity Sensor,2020/12/10 5:30 PM,49.6,61.0,36.7,47.1,,,30.19,,,,,,,,,,,,,
Greenhouse,Temp & Humidity Sensor,2020/12/10 5:35 PM,49.1,61.0,36.2,46.6,,,30.19,,,,,,,,,,,,,
Greenhouse,Temp & Humidity Sensor,2020/12/10 5:40 PM,48.5,62.0,36.1,46.0,,,30.19,,,,,,,,,,,,,
Greenhouse,Temp & Humidity Sensor,2020/12/10 5:45 PM,48.2,62.0,35.8,45.6,,,30.2,,,,,,,,,,,,,
Greenhouse,Temp & Humidity Sensor,2020/12/10 5:50 PM,48.2,62.0,35.8,45.6,,,30.2,,,,,,,,,,,,,
Greenhouse,Temp & Humidity Sensor,2020/12/10 5:55 PM,48.0,63.0,36.0,45.5,,,30.2,,,,,,,,,,,,,
Greenhouse,Temp & Humidity Sensor,2020/12/10 6:00 PM,48.0,64.0,36.4,45.5,,,30.2,,,,,,,,,,,,,
Greenhouse,Temp & Humidity Sensor,2020/12/10 6:05 PM,47.3,64.0,35.7,44.7,,,30.2,,,,,,,,,,,,,
Greenhouse,Temp & Humidity Sensor,2020/12/10 6:10 PM,46.7,65.0,35.6,44.1,,,30.2,,,,,,,,,,,,,
Greenhouse,Temp & Humidity Sensor,2020/12/10 6:15 PM,46.5,65.0,35.4,43.9,,,30.21,,,,,,,,,,,,,
Greenhouse,Temp & Humidity Sensor,2020/12/10 6:20 PM,46.5,67.0,36.1,44.0,,,30.21,,,,,,,,,,,,,
Greenhouse,Temp & Humidity Sensor,2020/12/10 6:25 PM,46.4,71.0,37.5,44.1,,,30.21,,,,,,,,,,,,,
Greenhouse,Temp & Humidity Sensor,2020/12/10 6:30 PM,45.8,71.0,36.9,43.4,,,30.21,,,,,,,,,,,,,
Greenhouse,Temp & Humidity Sensor,2020/12/10 6:35 PM,45.6,71.0,36.7,43.2,,,30.22,,,,,,,,,,,,,
Greenhouse,Temp & Humidity Sensor,2020/12/10 6:40 PM,45.3,71.0,36.5,42.9,,,30.22,,,,,,,,,,,,,
Greenhouse,Temp & Humidity Sensor,2020/12/10 6:45 PM,45.1,71.0,36.3,42.6,,,30.22,,,,,,,,,,,,,
Greenhouse,Temp & Humidity Sensor,2020/12/10 6:50 PM,45.1,71.0,36.3,42.6,,,30.22,,,,,,,,,,,,,
Greenhouse,Temp & Humidity Sensor,2020/12/10 6:55 PM,44.9,73.0,36.8,42.5,,,30.22,,,,,,,,,,,,,
Greenhouse,Temp & Humidity Sensor,2020/12/10 7:00 PM,44.7,74.0,36.9,42.3,,,30.22,,,,,,,,,,,,,
Greenhouse,Temp & Humidity Sensor,2020/12/10 7:05 PM,44.6,74.0,36.8,42.2,,,30.22,,,,,,,,,,,,,
Greenhouse,Temp & Humidity Sensor,2020/12/10 7:10 PM,44.6,77.0,37.8,42.4,,,30.22,,,,,,,,,,,,,
Greenhouse,Temp & Humidity Sensor,2020/12/10 7:15 PM,44.6,77.0,37.8,42.4,,,30.22,,,,,,,,,,,,,
Greenhouse,Temp & Humidity Sensor,2020/12/10 7:20 PM,44.2,77.0,37.5,41.9,,,30.22,,,,,,,,,,,,,
Greenhouse,Temp & Humidity Sensor,2020/12/10 7:25 PM,44.0,78.0,37.6,41.8,,,30.23,,,,,,,,,,,,,
Greenhouse,Temp & Humidity Sensor,2020/12/10 7:30 PM,43.7,77.0,37.0,41.4,,,30.23,,,,,,,,,,,,,
Greenhouse,Temp & Humidity Sensor,2020/12/10 7:35 PM,43.5,77.0,36.8,41.2,,,30.23,,,,,,,,,,,,,
Greenhouse,Temp & Humidity Sensor,2020/12/10 7:40 PM,43.8,79.0,37.7,41.6,,,30.23,,,,,,,,,,,,,
Greenhouse,Temp & Humidity Sensor,2020/12/10 7:45 PM,44.0,83.0,39.2,42.0,,,30.23,,,,,,,,,,,,,
Greenhouse,Temp & Humidity Sensor,2020/12/10 7:50 PM,44.2,84.0,39.7,42.3,,,30.23,,,,,,,,,,,,,
Greenhouse,Temp & Humidity Sensor,2020/12/10 7:55 PM,44.2,85.0,40.0,42.3,,,30.23,,,,,,,,,,,,,
Greenhouse,Temp & Humidity Sensor,2020/12/10 8:00 PM,43.7,83.0,38.9,41.7,,,30.23,,,,,,,,,,,,,
Greenhouse,Temp & Humidity Sensor,2020/12/10 8:05 PM,43.5,83.0,38.7,41.5,,,30.23,,,,,,,,,,,,,
Greenhouse,Temp & Humidity Sensor,2020/12/10 8:10 PM,43.1,82.0,38.0,41.0,,,30.23,,,,,,,,,,,,,
Greenhouse,Temp & Humidity Sensor,2020/12/10 8:15 PM,42.8,81.0,37.4,40.6,,,30.23,,,,,,,,,,,,,
Greenhouse,Temp & Humidity Sensor,2020/12/10 8:20 PM,42.8,81.0,37.4,40.6,,,30.23,,,,,,,,,,,,,
Greenhouse,Temp & Humidity Sensor,2020/12/10 8:25 PM,42.8,81.0,37.4,40.6,,,30.23,,,,,,,,,,,,,
Greenhouse,Temp & Humidity Sensor,2020/12/10 8:30 PM,42.8,81.0,37.4,40.6,,,30.23,,,,,,,,,,,,,
Greenhouse,Temp & Humidity Sensor,2020/12/10 8:35 PM,42.6,81.0,37.2,40.4,,,30.23,,,,,,,,,,,,,
Greenhouse,Temp & Humidity Sensor,2020/12/10 8:40 PM,42.6,81.0,37.2,40.4,,,30.23,,,,,,,,,,,,,
Greenhouse,Temp & Humidity Sensor,2020/12/10 8:45 PM,42.2,81.0,36.8,39.9,,,30.23,,,,,,,,,,,,,
Greenhouse,Temp & Humidity Sensor,2020/12/10 8:50 PM,42.0,81.0,36.6,39.7,,,30.23,,,,,,,,,,,,,
Greenhouse,Temp & Humidity Sensor,2020/12/10 8:55 PM,42.2,81.0,36.8,39.9,,,30.23,,,,,,,,,,,,,
Greenhouse,Temp & Humidity Sensor,2020/12/10 9:00 PM,42.4,82.0,37.3,40.2,,,30.23,,,,,,,,,,,,,
Greenhouse,Temp & Humidity Sensor,2020/12/10 9:05 PM,42.4,83.0,37.6,40.2,,,30.23,,,,,,,,,,,,,
Greenhouse,Temp & Humidity Sensor,2020/12/10 9:10 PM,42.4,83.0,37.6,40.2,,,30.23,,,,,,,,,,,,,
Greenhouse,Temp & Humidity Sensor,2020/12/10 9:15 PM,42.8,84.0,38.3,40.7,,,30.23,,,,,,,,,,,,,
Greenhouse,Temp & Humidity Sensor,2020/12/10 9:20 PM,42.8,85.0,38.6,40.8,,,30.24,,,,,,,,,,,,,
Greenhouse,Temp & Humidity Sensor,2020/12/10 9:25 PM,42.8,86.0,38.9,40.8,,,30.24,,,,,,,,,,,,,
Greenhouse,Temp & Humidity Sensor,2020/12/10 9:30 PM,42.6,86.0,38.7,40.6,,,30.24,,,,,,,,,,,,,
Greenhouse,Temp & Humidity Sensor,2020/12/10 9:35 PM,42.6,86.0,38.7,40.6,,,30.24,,,,,,,,,,,,,
Greenhouse,Temp & Humidity Sensor,2020/12/10 9:40 PM,42.8,86.0,38.9,40.8,,,30.24,,,,,,,,,,,,,
Greenhouse,Temp & Humidity Sensor,2020/12/10 9:45 PM,42.4,86.0,38.5,40.4,,,30.24,,,,,,,,,,,,,
Greenhouse,Temp & Humidity Sensor,2020/12/10 9:50 PM,42.2,86.0,38.3,40.2,,,30.24,,,,,,,,,,,,,
Greenhouse,Temp & Humidity Sensor,2020/12/10 9:55 PM,42.0,85.0,37.8,39.9,,,30.24,,,,,,,,,,,,,
Greenhouse,Temp & Humidity Sensor,2020/12/10 10:00 PM,41.9,85.0,37.7,39.8,,,30.24,,,,,,,,,,,,,
Greenhouse,Temp & Humidity Sensor,2020/12/10 10:05 PM,41.7,85.0,37.5,39.6,,,30.23,,,,,,,,,,,,,
Greenhouse,Temp & Humidity Sensor,2020/12/10 10:10 PM,41.3,85.0,37.1,39.1,,,30.23,,,,,,,,,,,,,
Greenhouse,Temp & Humidity Sensor,2020/12/10 10:15 PM,41.1,85.0,36.9,38.9,,,30.23,,,,,,,,,,,,,
Greenhouse,Temp & Humidity Sensor,2020/12/10 10:20 PM,41.1,85.0,36.9,38.9,,,30.23,,,,,,,,,,,,,
Greenhouse,Temp & Humidity Sensor,2020/12/10 10:25 PM,41.3,85.0,37.1,39.1,,,30.23,,,,,,,,,,,,,
Greenhouse,Temp & Humidity Sensor,2020/12/10 10:30 PM,41.3,86.0,37.4,39.2,,,30.24,,,,,,,,,,,,,
Greenhouse,Temp & Humidity Sensor,2020/12/10 10:35 PM,41.5,87.0,37.9,39.4,,,30.24,,,,,,,,,,,,,
Greenhouse,Temp & Humidity Sensor,2020/12/10 10:40 PM,41.5,87.0,37.9,39.4,,,30.24,,,,,,,,,,,,,
Greenhouse,Temp & Humidity Sensor,2020/12/10 10:45 PM,41.7,88.0,38.4,39.7,,,30.24,,,,,,,,,,,,,
Greenhouse,Temp & Humidity Sensor,2020/12/10 10:50 PM,41.9,89.0,38.9,40.0,,,30.24,,,,,,,,,,,,,
Greenhouse,Temp & Humidity Sensor,2020/12/10 10:55 PM,42.0,90.0,39.3,40.1,,,30.24,,,,,,,,,,,,,
Greenhouse,Temp & Humidity Sensor,2020/12/10 11:00 PM,41.9,91.0,39.5,40.1,,,30.24,,,,,,,,,,,,,
Greenhouse,Temp & Humidity Sensor,2020/12/10 11:05 PM,41.7,90.0,39.0,39.8,,,30.24,,,,,,,,,,,,,
Greenhouse,Temp & Humidity Sensor,2020/12/10 11:10 PM,41.9,91.0,39.5,40.1,,,30.24,,,,,,,,,,,,,
Greenhouse,Temp & Humidity Sensor,2020/12/10 11:15 PM,41.7,91.0,39.3,39.8,,,30.24,,,,,,,,,,,,,
Greenhouse,Temp & Humidity Sensor,2020/12/10 11:20 PM,41.7,91.0,39.3,39.8,,,30.24,,,,,,,,,,,,,
Greenhouse,Temp & Humidity Sensor,2020/12/10 11:25 PM,41.7,92.0,39.6,39.9,,,30.24,,,,,,,,,,,,,
Greenhouse,Temp & Humidity Sensor,2020/12/10 11:30 PM,41.9,93.0,40.0,40.2,,,30.24,,,,,,,,,,,,,
Greenhouse,Temp & Humidity Sensor,2020/12/10 11:35 PM,41.7,93.0,39.8,39.9,,,30.24,,,,,,,,,,,,,
Greenhouse,Temp & Humidity Sensor,2020/12/10 11:40 PM,41.7,93.0,39.8,39.9,,,30.24,,,,,,,,,,,,,
Greenhouse,Temp & Humidity Sensor,2020/12/10 11:45 PM,41.7,93.0,39.8,39.9,,,30.24,,,,,,,,,,,,,
Greenhouse,Temp & Humidity Sensor,2020/12/10 11:50 PM,41.7,94.0,40.1,40.0,,,30.24,,,,,,,,,,,,,
Greenhouse,Temp & Humidity Sensor,2020/12/10 11:55 PM,41.3,94.0,39.7,39.5,,,30.24,,,,,,,,,,,,,
Greenhouse,Temp & Humidity Sensor,2020/12/11 12:00 AM,41.5,93.0,39.6,39.7,,,30.24,,,,,,,,,,,,,
Greenhouse,Temp & Humidity Sensor,2020/12/11 12:05 AM,41.5,94.0,39.9,39.8,,,30.24,,,,,,,,,,,,,
Greenhouse,Temp & Humidity Sensor,2020/12/11 12:10 AM,41.3,94.0,39.7,39.5,,,30.24,,,,,,,,,,,,,
Greenhouse,Temp & Humidity Sensor,2020/12/11 12:15 AM,41.1,94.0,39.5,39.3,,,30.25,,,,,,,,,,,,,
Greenhouse,Temp & Humidity Sensor,2020/12/11 12:20 AM,41.0,93.0,39.1,39.2,,,30.25,,,,,,,,,,,,,
Greenhouse,Temp & Humidity Sensor,2020/12/11 12:25 AM,41.0,93.0,39.1,39.2,,,30.24,,,,,,,,,,,,,
Greenhouse,Temp & Humidity Sensor,2020/12/11 12:30 AM,40.6,93.0,38.7,38.7,,,30.25,,,,,,,,,,,,,
Greenhouse,Temp & Humidity Sensor,2020/12/11 12:35 AM,40.6,93.0,38.7,38.7,,,30.24,,,,,,,,,,,,,
Greenhouse,Temp & Humidity Sensor,2020/12/11 12:40 AM,40.4,93.0,38.5,38.5,,,30.24,,,,,,,,,,,,,
Greenhouse,Temp & Humidity Sensor,2020/12/11 12:45 AM,40.4,92.0,38.3,38.5,,,30.24,,,,,,,,,,,,,
Greenhouse,Temp & Humidity Sensor,2020/12/11 12:50 AM,40.2,92.0,38.1,38.2,,,30.24,,,,,,,,,,,,,
Greenhouse,Temp & Humidity Sensor,2020/12/11 12:55 AM,40.1,92.0,38.0,38.1,,,30.24,,,,,,,,,,,,,
Greenhouse,Temp & Humidity Sensor,2020/12/11 1:00 AM,39.9,92.0,37.8,39.9,,,30.23,,,,,,,,,,,,,
Greenhouse,Temp & Humidity Sensor,2020/12/11 1:05 AM,39.9,91.0,37.5,39.9,,,30.23,,,,,,,,,,,,,
Greenhouse,Temp & Humidity Sensor,2020/12/11 1:10 AM,40.1,92.0,38.0,38.1,,,30.23,,,,,,,,,,,,,
Greenhouse,Temp & Humidity Sensor,2020/12/11 1:15 AM,40.1,92.0,38.0,38.1,,,30.23,,,,,,,,,,,,,
Greenhouse,Temp & Humidity Sensor,2020/12/11 1:20 AM,39.7,91.0,37.3,39.7,,,30.23,,,,,,,,,,,,,
Greenhouse,Temp & Humidity Sensor,2020/12/11 1:25 AM,39.5,91.0,37.1,39.5,,,30.23,,,,,,,,,,,,,
Greenhouse,Temp & Humidity Sensor,2020/12/11 1:30 AM,39.5,91.0,37.1,39.5,,,30.23,,,,,,,,,,,,,
Greenhouse,Temp & Humidity Sensor,2020/12/11 1:35 AM,39.5,91.0,37.1,39.5,,,30.23,,,,,,,,,,,,,
Greenhouse,Temp & Humidity Sensor,2020/12/11 1:40 AM,39.7,92.0,37.6,39.7,,,30.22,,,,,,,,,,,,,
Greenhouse,Temp & Humidity Sensor,2020/12/11 1:45 AM,39.7,93.0,37.8,39.7,,,30.23,,,,,,,,,,,,,
Greenhouse,Temp & Humidity Sensor,2020/12/11 1:50 AM,39.7,93.0,37.8,39.7,,,30.23,,,,,,,,,,,,,
Greenhouse,Temp & Humidity Sensor,2020/12/11 1:55 AM,39.5,93.0,37.6,39.5,,,30.23,,,,,,,,,,,,,
Greenhouse,Temp & Humidity Sensor,2020/12/11 2:00 AM,39.3,93.0,37.4,39.3,,,30.23,,,,,,,,,,,,,
Greenhouse,Temp & Humidity Sensor,2020/12/11 2:05 AM,39.3,93.0,37.4,39.3,,,30.23,,,,,,,,,,,,,
Greenhouse,Temp & Humidity Sensor,2020/12/11 2:10 AM,39.3,93.0,37.4,39.3,,,30.23,,,,,,,,,,,,,
Greenhouse,Temp & Humidity Sensor,2020/12/11 2:15 AM,39.3,93.0,37.4,39.3,,,30.23,,,,,,,,,,,,,
Greenhouse,Temp & Humidity Sensor,2020/12/11 2:20 AM,39.3,94.0,37.7,39.3,,,30.23,,,,,,,,,,,,,
Greenhouse,Temp & Humidity Sensor,2020/12/11 2:25 AM,39.3,94.0,37.7,39.3,,,30.23,,,,,,,,,,,,,
Greenhouse,Temp & Humidity Sensor,2020/12/11 2:30 AM,39.3,95.0,38.0,39.3,,,30.23,,,,,,,,,,,,,
Greenhouse,Temp & Humidity Sensor,2020/12/11 2:35 AM,39.2,95.0,37.9,39.2,,,30.23,,,,,,,,,,,,,
Greenhouse,Temp & Humidity Sensor,2020/12/11 2:40 AM,39.2,95.0,37.9,39.2,,,30.23,,,,,,,,,,,,,
Greenhouse,Temp & Humidity Sensor,2020/12/11 2:45 AM,39.2,95.0,37.9,39.2,,,30.23,,,,,,,,,,,,,
Greenhouse,Temp & Humidity Sensor,2020/12/11 2:50 AM,39.2,95.0,37.9,39.2,,,30.23,,,,,,,,,,,,,
Greenhouse,Temp & Humidity Sensor,2020/12/11 2:55 AM,39.2,95.0,37.9,39.2,,,30.23,,,,,,,,,,,,,
Greenhouse,Temp & Humidity Sensor,2020/12/11 3:00 AM,39.2,95.0,37.9,39.2,,,30.23,,,,,,,,,,,,,
Greenhouse,Temp & Humidity Sensor,2020/12/11 3:05 AM,39.2,95.0,37.9,39.2,,,30.23,,,,,,,,,,,,,
Greenhouse,Temp & Humidity Sensor,2020/12/11 3:10 AM,39.0,96.0,38.0,39.0,,,30.23,,,,,,,,,,,,,
Greenhouse,Temp & Humidity Sensor,2020/12/11 3:15 AM,39.0,96.0,38.0,39.0,,,30.23,,,,,,,,,,,,,
Greenhouse,Temp & Humidity Sensor,2020/12/11 3:20 AM,39.0,96.0,38.0,39.0,,,30.24,,,,,,,,,,,,,
Greenhouse,Temp & Humidity Sensor,2020/12/11 3:25 AM,38.8,96.0,37.8,38.8,,,30.24,,,,,,,,,,,,,
Greenhouse,Temp & Humidity Sensor,2020/12/11 3:30 AM,39.0,96.0,38.0,39.0,,,30.24,,,,,,,,,,,,,
Greenhouse,Temp & Humidity Sensor,2020/12/11 3:35 AM,38.8,96.0,37.8,38.8,,,30.23,,,,,,,,,,,,,
Greenhouse,Temp & Humidity Sensor,2020/12/11 3:40 AM,38.4,96.0,37.4,38.4,,,30.23,,,,,,,,,,,,,
Greenhouse,Temp & Humidity Sensor,2020/12/11 3:45 AM,38.4,96.0,37.4,38.4,,,30.23,,,,,,,,,,,,,
Greenhouse,Temp & Humidity Sensor,2020/12/11 3:50 AM,38.6,96.0,37.6,38.6,,,30.23,,,,,,,,,,,,,
Greenhouse,Temp & Humidity Sensor,2020/12/11 3:55 AM,38.6,96.0,37.6,38.6,,,30.23,,,,,,,,,,,,,
Greenhouse,Temp & Humidity Sensor,2020/12/11 4:00 AM,38.4,96.0,37.4,38.4,,,30.24,,,,,,,,,,,,,
Greenhouse,Temp & Humidity Sensor,2020/12/11 4:05 AM,38.4,96.0,37.4,38.4,,,30.24,,,,,,,,,,,,,
Greenhouse,Temp & Humidity Sensor,2020/12/11 4:10 AM,38.3,96.0,37.3,38.3,,,30.24,,,,,,,,,,,,,
Greenhouse,Temp & Humidity Sensor,2020/12/11 4:15 AM,38.1,96.0,37.1,38.1,,,30.24,,,,,,,,,,,,,
Greenhouse,Temp & Humidity Sensor,2020/12/11 4:20 AM,38.1,96.0,37.1,38.1,,,30.24,,,,,,,,,,,,,
Greenhouse,Temp & Humidity Sensor,2020/12/11 4:25 AM,38.1,96.0,37.1,38.1,,,30.24,,,,,,,,,,,,,
Greenhouse,Temp & Humidity Sensor,2020/12/11 4:30 AM,37.9,96.0,36.9,37.9,,,30.24,,,,,,,,,,,,,
Greenhouse,Temp & Humidity Sensor,2020/12/11 4:35 AM,37.9,96.0,36.9,37.9,,,30.24,,,,,,,,,,,,,
Greenhouse,Temp & Humidity Sensor,2020/12/11 4:40 AM,37.5,96.0,36.5,37.5,,,30.24,,,,,,,,,,,,,
Greenhouse,Temp & Humidity Sensor,2020/12/11 4:45 AM,37.5,96.0,36.5,37.5,,,30.24,,,,,,,,,,,,,
Greenhouse,Temp & Humidity Sensor,2020/12/11 4:50 AM,37.5,95.0,36.2,37.5,,,30.24,,,,,,,,,,,,,
Greenhouse,Temp & Humidity Sensor,2020/12/11 4:55 AM,37.5,95.0,36.2,37.5,,,30.23,,,,,,,,,,,,,
Greenhouse,Temp & Humidity Sensor,2020/12/11 5:00 AM,37.5,95.0,36.2,37.5,,,30.24,,,,,,,,,,,,,
Greenhouse,Temp & Humidity Sensor,2020/12/11 5:05 AM,37.4,95.0,36.1,37.4,,,30.24,,,,,,,,,,,,,
Greenhouse,Temp & Humidity Sensor,2020/12/11 5:10 AM,37.4,95.0,36.1,37.4,,,30.24,,,,,,,,,,,,,
Greenhouse,Temp & Humidity Sensor,2020/12/11 5:15 AM,37.4,95.0,36.1,37.4,,,30.24,,,,,,,,,,,,,
Greenhouse,Temp & Humidity Sensor,2020/12/11 5:20 AM,37.4,95.0,36.1,37.4,,,30.24,,,,,,,,,,,,,
Greenhouse,Temp & Humidity Sensor,2020/12/11 5:25 AM,37.4,95.0,36.1,37.4,,,30.24,,,,,,,,,,,,,
Greenhouse,Temp & Humidity Sensor,2020/12/11 5:30 AM,37.4,95.0,36.1,37.4,,,30.24,,,,,,,,,,,,,
Greenhouse,Temp & Humidity Sensor,2020/12/11 5:35 AM,37.4,95.0,36.1,37.4,,,30.24,,,,,,,,,,,,,
Greenhouse,Temp & Humidity Sensor,2020/12/11 5:40 AM,37.4,95.0,36.1,37.4,,,30.24,,,,,,,,,,,,,
Greenhouse,Temp & Humidity Sensor,2020/12/11 5:45 AM,37.2,96.0,36.2,37.2,,,30.24,,,,,,,,,,,,,
Greenhouse,Temp & Humidity Sensor,2020/12/11 5:50 AM,37.2,96.0,36.2,37.2,,,30.25,,,,,,,,,,,,,
Greenhouse,Temp & Humidity Sensor,2020/12/11 5:55 AM,37.4,95.0,36.1,37.4,,,30.24,,,,,,,,,,,,,
Greenhouse,Temp & Humidity Sensor,2020/12/11 6:00 AM,37.2,95.0,35.9,37.2,,,30.24,,,,,,,,,,,,,
Greenhouse,Temp & Humidity Sensor,2020/12/11 6:05 AM,37.0,95.0,35.7,37.0,,,30.24,,,,,,,,,,,,,
Greenhouse,Temp & Humidity Sensor,2020/12/11 6:10 AM,37.0,95.0,35.7,37.0,,,30.24,,,,,,,,,,,,,
Greenhouse,Temp & Humidity Sensor,2020/12/11 6:15 AM,37.0,95.0,35.7,37.0,,,30.24,,,,,,,,,,,,,
Greenhouse,Temp & Humidity Sensor,2020/12/11 6:20 AM,37.0,95.0,35.7,37.0,,,30.24,,,,,,,,,,,,,
Greenhouse,Temp & Humidity Sensor,2020/12/11 6:25 AM,36.8,95.0,35.5,36.8,,,30.24,,,,,,,,,,,,,
Greenhouse,Temp & Humidity Sensor,2020/12/11 6:30 AM,36.6,95.0,35.3,36.6,,,30.24,,,,,,,,,,,,,
Greenhouse,Temp & Humidity Sensor,2020/12/11 6:35 AM,36.6,95.0,35.3,36.6,,,30.24,,,,,,,,,,,,,
Greenhouse,Temp & Humidity Sensor,2020/12/11 6:40 AM,36.6,95.0,35.3,36.6,,,30.24,,,,,,,,,,,,,
Greenhouse,Temp & Humidity Sensor,2020/12/11 6:45 AM,36.6,95.0,35.3,36.6,,,30.24,,,,,,,,,,,,,
Greenhouse,Temp & Humidity Sensor,2020/12/11 6:50 AM,36.8,95.0,35.5,36.8,,,30.25,,,,,,,,,,,,,
Greenhouse,Temp & Humidity Sensor,2020/12/11 6:55 AM,36.8,95.0,35.5,36.8,,,30.25,,,,,,,,,,,,,
Greenhouse,Temp & Humidity Sensor,2020/12/11 7:00 AM,36.8,95.0,35.5,36.8,,,30.25,,,,,,,,,,,,,
Greenhouse,Temp & Humidity Sensor,2020/12/11 7:05 AM,36.8,95.0,35.5,36.8,,,30.25,,,,,,,,,,,,,
Greenhouse,Temp & Humidity Sensor,2020/12/11 7:10 AM,37.0,96.0,36.0,37.0,,,30.25,,,,,,,,,,,,,
Greenhouse,Temp & Humidity Sensor,2020/12/11 7:15 AM,36.8,96.0,35.8,36.8,,,30.25,,,,,,,,,,,,,
Greenhouse,Temp & Humidity Sensor,2020/12/11 7:20 AM,36.8,96.0,35.8,36.8,,,30.25,,,,,,,,,,,,,
Greenhouse,Temp & Humidity Sensor,2020/12/11 7:25 AM,36.8,96.0,35.8,36.8,,,30.25,,,,,,,,,,,,,
Greenhouse,Temp & Humidity Sensor,2020/12/11 7:30 AM,36.8,96.0,35.8,36.8,,,30.25,,,,,,,,,,,,,
Greenhouse,Temp & Humidity Sensor,2020/12/11 7:35 AM,37.0,96.0,36.0,37.0,,,30.26,,,,,,,,,,,,,
Greenhouse,Temp & Humidity Sensor,2020/12/11 7:40 AM,37.0,96.0,36.0,37.0,,,30.26,,,,,,,,,,,,,
Greenhouse,Temp & Humidity Sensor,2020/12/11 7:45 AM,37.2,96.0,36.2,37.2,,,30.26,,,,,,,,,,,,,
Greenhouse,Temp & Humidity Sensor,2020/12/11 7:50 AM,37.2,96.0,36.2,37.2,,,30.26,,,,,,,,,,,,,
Greenhouse,Temp & Humidity Sensor,2020/12/11 7:55 AM,37.4,96.0,36.4,37.4,,,30.26,,,,,,,,,,,,,
Greenhouse,Temp & Humidity Sensor,2020/12/11 8:00 AM,37.4,96.0,36.4,37.4,,,30.26,,,,,,,,,,,,,
Greenhouse,Temp & Humidity Sensor,2020/12/11 8:05 AM,37.5,96.0,36.5,37.5,,,30.26,,,,,,,,,,,,,
Greenhouse,Temp & Humidity Sensor,2020/12/11 8:10 AM,37.9,96.0,36.9,37.9,,,30.27,,,,,,,,,,,,,
Greenhouse,Temp & Humidity Sensor,2020/12/11 8:15 AM,38.1,96.0,37.1,38.1,,,30.27,,,,,,,,,,,,,
Greenhouse,Temp & Humidity Sensor,2020/12/11 8:20 AM,38.3,96.0,37.3,38.3,,,30.27,,,,,,,,,,,,,
Greenhouse,Temp & Humidity Sensor,2020/12/11 8:25 AM,38.4,96.0,37.4,38.4,,,30.27,,,,,,,,,,,,,
Greenhouse,Temp & Humidity Sensor,2020/12/11 8:30 AM,38.6,96.0,37.6,38.6,,,30.27,,,,,,,,,,,,,
Greenhouse,Temp & Humidity Sensor,2020/12/11 8:35 AM,38.8,96.0,37.8,38.8,,,30.27,,,,,,,,,,,,,
Greenhouse,Temp & Humidity Sensor,2020/12/11 8:40 AM,39.2,95.0,37.9,39.2,,,30.27,,,,,,,,,,,,,
Greenhouse,Temp & Humidity Sensor,2020/12/11 8:45 AM,40.2,95.0,38.9,38.4,,,30.27,,,,,,,,,,,,,
Greenhouse,Temp & Humidity Sensor,2020/12/11 8:50 AM,41.1,95.0,39.8,39.4,,,30.28,,,,,,,,,,,,,
Greenhouse,Temp & Humidity Sensor,2020/12/11 8:55 AM,42.2,95.0,40.9,40.6,,,30.28,,,,,,,,,,,,,
Greenhouse,Temp & Humidity Sensor,2020/12/11 9:00 AM,42.8,94.0,41.2,41.2,,,30.28,,,,,,,,,,,,,
Greenhouse,Temp & Humidity Sensor,2020/12/11 9:05 AM,43.5,94.0,41.9,42.0,,,30.28,,,,,,,,,,,,,
Greenhouse,Temp & Humidity Sensor,2020/12/11 9:10 AM,44.2,94.0,42.6,42.7,,,30.28,,,,,,,,,,,,,
Greenhouse,Temp & Humidity Sensor,2020/12/11 9:15 AM,44.9,93.0,43.0,43.5,,,30.28,,,,,,,,,,,,,
Greenhouse,Temp & Humidity Sensor,2020/12/11 9:20 AM,45.6,93.0,43.7,44.2,,,30.28,,,,,,,,,,,,,
Greenhouse,Temp & Humidity Sensor,2020/12/11 9:25 AM,46.4,92.0,44.2,45.1,,,30.28,,,,,,,,,,,,,
Greenhouse,Temp & Humidity Sensor,2020/12/11 9:30 AM,46.7,92.0,44.5,45.4,,,30.28,,,,,,,,,,,,,
Greenhouse,Temp & Humidity Sensor,2020/12/11 9:35 AM,46.7,92.0,44.5,45.4,,,30.28,,,,,,,,,,,,,
Greenhouse,Temp & Humidity Sensor,2020/12/11 9:40 AM,47.4,92.0,45.2,46.2,,,30.28,,,,,,,,,,,,,
Greenhouse,Temp & Humidity Sensor,2020/12/11 9:45 AM,48.2,91.0,45.7,47.0,,,30.28,,,,,,,,,,,,,
Greenhouse,Temp & Humidity Sensor,2020/12/11 9:50 AM,48.3,90.0,45.5,47.1,,,30.28,,,,,,,,,,,,,
Greenhouse,Temp & Humidity Sensor,2020/12/11 9:55 AM,48.5,90.0,45.7,47.3,,,30.28,,,,,,,,,,,,,
Greenhouse,Temp & Humidity Sensor,2020/12/11 10:00 AM,50.1,90.0,47.3,49.0,,,30.28,,,,,,,,,,,,,
Greenhouse,Temp & Humidity Sensor,2020/12/11 10:05 AM,53.2,88.0,49.7,52.4,,,30.28,,,,,,,,,,,,,
Greenhouse,Temp & Humidity Sensor,2020/12/11 10:10 AM,53.7,85.0,49.3,52.8,,,30.28,,,,,,,,,,,,,
Greenhouse,Temp & Humidity Sensor,2020/12/11 10:15 AM,52.7,86.0,48.6,51.7,,,30.28,,,,,,,,,,,,,
Greenhouse,Temp & Humidity Sensor,2020/12/11 10:20 AM,53.0,86.0,48.9,52.0,,,30.27,,,,,,,,,,,,,
Greenhouse,Temp & Humidity Sensor,2020/12/11 10:25 AM,53.6,85.0,49.2,52.7,,,30.27,,,,,,,,,,,,,
Greenhouse,Temp & Humidity Sensor,2020/12/11 10:30 AM,53.0,86.0,48.9,52.0,,,30.27,,,,,,,,,,,,,
Greenhouse,Temp & Humidity Sensor,2020/12/11 10:35 AM,52.5,86.0,48.4,51.5,,,30.27,,,,,,,,,,,,,
Greenhouse,Temp & Humidity Sensor,2020/12/11 10:40 AM,52.7,85.0,48.3,51.7,,,30.27,,,,,,,,,,,,,
Greenhouse,Temp & Humidity Sensor,2020/12/11 10:45 AM,53.7,85.0,49.3,52.8,,,30.27,,,,,,,,,,,,,
Greenhouse,Temp & Humidity Sensor,2020/12/11 10:50 AM,53.9,79.0,47.5,52.7,,,30.27,,,,,,,,,,,,,
Greenhouse,Temp & Humidity Sensor,2020/12/11 10:55 AM,54.1,71.0,44.9,52.5,,,30.27,,,,,,,,,,,,,
Greenhouse,Temp & Humidity Sensor,2020/12/11 11:00 AM,55.9,75.0,48.1,54.7,,,30.26,,,,,,,,,,,,,
Greenhouse,Temp & Humidity Sensor,2020/12/11 11:05 AM,55.5,76.0,48.1,54.3,,,30.26,,,,,,,,,,,,,
Greenhouse,Temp & Humidity Sensor,2020/12/11 11:10 AM,55.9,78.0,49.1,54.9,,,30.26,,,,,,,,,,,,,
Greenhouse,Temp & Humidity Sensor,2020/12/11 11:15 AM,56.3,77.0,49.2,55.2,,,30.26,,,,,,,,,,,,,
Greenhouse,Temp & Humidity Sensor,2020/12/11 11:20 AM,56.1,76.0,48.6,55.0,,,30.25,,,,,,,,,,,,,
Greenhouse,Temp & Humidity Sensor,2020/12/11 11:25 AM,56.6,73.0,48.0,55.4,,,30.25,,,,,,,,,,,,,
Greenhouse,Temp & Humidity Sensor,2020/12/11 11:30 AM,56.8,68.0,46.4,55.4,,,30.25,,,,,,,,,,,,,
Greenhouse,Temp & Humidity Sensor,2020/12/11 11:35 AM,57.5,67.0,46.6,56.1,,,30.24,,,,,,,,,,,,,
Greenhouse,Temp & Humidity Sensor,2020/12/11 11:40 AM,57.9,69.0,47.8,56.6,,,30.24,,,,,,,,,,,,,
Greenhouse,Temp & Humidity Sensor,2020/12/11 11:45 AM,60.9,68.0,50.3,59.9,,,30.24,,,,,,,,,,,,,
Greenhouse,Temp & Humidity Sensor,2020/12/11 11:50 AM,64.4,65.0,52.4,63.6,,,30.23,,,,,,,,,,,,,
Greenhouse,Temp & Humidity Sensor,2020/12/11 11:55 AM,62.6,64.0,50.2,61.6,,,30.23,,,,,,,,,,,,,
Greenhouse,Temp & Humidity Sensor,2020/12/11 12:00 PM,62.7,66.0,51.2,61.8,,,30.22,,,,,,,,,,,,,
Greenhouse,Temp & Humidity Sensor,2020/12/11 12:05 PM,63.1,64.0,50.7,62.1,,,30.22,,,,,,,,,,,,,
Greenhouse,Temp & Humidity Sensor,2020/12/11 12:10 PM,61.7,58.0,46.8,60.3,,,30.22,,,,,,,,,,,,,
Greenhouse,Temp & Humidity Sensor,2020/12/11 12:15 PM,60.9,64.0,48.6,59.7,,,30.21,,,,,,,,,,,,,
Greenhouse,Temp & Humidity Sensor,2020/12/11 12:20 PM,60.9,64.0,48.6,59.7,,,30.21,,,,,,,,,,,,,
Greenhouse,Temp & Humidity Sensor,2020/12/11 12:25 PM,62.4,62.0,49.2,61.3,,,30.2,,,,,,,,,,,,,
Greenhouse,Temp & Humidity Sensor,2020/12/11 12:30 PM,64.7,59.0,50.0,63.6,,,30.2,,,,,,,,,,,,,
Greenhouse,Temp & Humidity Sensor,2020/12/11 12:35 PM,65.4,57.0,49.8,64.3,,,30.2,,,,,,,,,,,,,
Greenhouse,Temp & Humidity Sensor,2020/12/11 12:40 PM,66.3,58.0,51.1,65.4,,,30.2,,,,,,,,,,,,,
Greenhouse,Temp & Humidity Sensor,2020/12/11 12:45 PM,64.4,59.0,49.8,63.3,,,30.19,,,,,,,,,,,,,
Greenhouse,Temp & Humidity Sensor,2020/12/11 12:50 PM,63.1,58.0,48.1,61.8,,,30.19,,,,,,,,,,,,,
Greenhouse,Temp & Humidity Sensor,2020/12/11 12:55 PM,68.1,58.0,52.8,67.3,,,30.19,,,,,,,,,,,,,
Greenhouse,Temp & Humidity Sensor,2020/12/11 1:00 PM,68.0,57.0,52.2,67.2,,,30.19,,,,,,,,,,,,,
Greenhouse,Temp & Humidity Sensor,2020/12/11 1:05 PM,65.1,59.0,50.4,64.1,,,30.19,,,,,,,,,,,,,
Greenhouse,Temp & Humidity Sensor,2020/12/11 1:10 PM,64.0,61.0,50.3,63.0,,,30.18,,,,,,,,,,,,,
Greenhouse,Temp & Humidity Sensor,2020/12/11 1:15 PM,63.6,59.0,49.0,62.4,,,30.18,,,,,,,,,,,,,
Greenhouse,Temp & Humidity Sensor,2020/12/11 1:20 PM,63.3,58.0,48.3,62.1,,,30.18,,,,,,,,,,,,,
Greenhouse,Temp & Humidity Sensor,2020/12/11 1:25 PM,65.3,55.0,48.7,64.1,,,30.17,,,,,,,,,,,,,
Greenhouse,Temp & Humidity Sensor,2020/12/11 1:30 PM,67.4,56.0,51.2,66.5,,,30.17,,,,,,,,,,,,,
Greenhouse,Temp & Humidity Sensor,2020/12/11 1:35 PM,67.2,56.0,51.0,66.3,,,30.16,,,,,,,,,,,,,
Greenhouse,Temp & Humidity Sensor,2020/12/11 1:40 PM,65.6,55.0,49.0,64.4,,,30.16,,,,,,,,,,,,,
Greenhouse,Temp & Humidity Sensor,2020/12/11 1:45 PM,64.4,57.0,48.8,63.2,,,30.16,,,,,,,,,,,,,
Greenhouse,Temp & Humidity Sensor,2020/12/11 1:50 PM,64.7,58.0,49.6,63.6,,,30.16,,,,,,,,,,,,,
Greenhouse,Temp & Humidity Sensor,2020/12/11 1:55 PM,65.3,55.0,48.7,64.1,,,30.16,,,,,,,,,,,,,
Greenhouse,Temp & Humidity Sensor,2020/12/11 2:00 PM,66.7,56.0,50.5,65.7,,,30.16,,,,,,,,,,,,,
Greenhouse,Temp & Humidity Sensor,2020/12/11 2:05 PM,67.2,56.0,51.0,66.3,,,30.16,,,,,,,,,,,,,
Greenhouse,Temp & Humidity Sensor,2020/12/11 2:10 PM,67.4,56.0,51.2,66.5,,,30.16,,,,,,,,,,,,,
Greenhouse,Temp & Humidity Sensor,2020/12/11 2:15 PM,66.9,57.0,51.2,66.0,,,30.16,,,,,,,,,,,,,
Greenhouse,Temp & Humidity Sensor,2020/12/11 2:20 PM,65.3,58.0,50.1,64.3,,,30.16,,,,,,,,,,,,,
Greenhouse,Temp & Humidity Sensor,2020/12/11 2:25 PM,65.1,59.0,50.4,64.1,,,30.15,,,,,,,,,,,,,
Greenhouse,Temp & Humidity Sensor,2020/12/11 2:30 PM,67.4,58.0,52.1,66.6,,,30.15,,,,,,,,,,,,,
Greenhouse,Temp & Humidity Sensor,2020/12/11 2:35 PM,67.6,58.0,52.3,66.8,,,30.15,,,,,,,,,,,,,
Greenhouse,Temp & Humidity Sensor,2020/12/11 2:40 PM,66.9,57.0,51.2,66.0,,,30.15,,,,,,,,,,,,,
Greenhouse,Temp & Humidity Sensor,2020/12/11 2:45 PM,65.4,58.0,50.2,64.4,,,30.15,,,,,,,,,,,,,
Greenhouse,Temp & Humidity Sensor,2020/12/11 2:50 PM,64.4,58.0,49.3,63.3,,,30.15,,,,,,,,,,,,,
Greenhouse,Temp & Humidity Sensor,2020/12/11 2:55 PM,65.1,60.0,50.9,64.1,,,30.15,,,,,,,,,,,,,
Greenhouse,Temp & Humidity Sensor,2020/12/11 3:00 PM,65.6,59.0,50.9,64.6,,,30.15,,,,,,,,,,,,,
Greenhouse,Temp & Humidity Sensor,2020/12/11 3:05 PM,65.4,60.0,51.1,64.5,,,30.15,,,,,,,,,,,,,
Greenhouse,Temp & Humidity Sensor,2020/12/11 3:10 PM,64.5,60.0,50.3,63.5,,,30.15,,,,,,,,,,,,,
Greenhouse,Temp & Humidity Sensor,2020/12/11 3:15 PM,63.3,60.0,49.2,62.1,,,30.15,,,,,,,,,,,,,
Greenhouse,Temp & Humidity Sensor,2020/12/11 3:20 PM,62.6,62.0,49.4,61.5,,,30.15,,,,,,,,,,,,,
Greenhouse,Temp & Humidity Sensor,2020/12/11 3:25 PM,62.2,63.0,49.4,61.1,,,30.15,,,,,,,,,,,,,
Greenhouse,Temp & Humidity Sensor,2020/12/11 3:30 PM,62.2,63.0,49.4,61.1,,,30.15,,,,,,,,,,,,,
Greenhouse,Temp & Humidity Sensor,2020/12/11 3:35 PM,61.8,63.0,49.1,60.6,,,30.15,,,,,,,,,,,,,
Greenhouse,Temp & Humidity Sensor,2020/12/11 3:40 PM,61.5,64.0,49.2,60.4,,,30.15,,,,,,,,,,,,,
Greenhouse,Temp & Humidity Sensor,2020/12/11 3:45 PM,61.1,64.0,48.8,59.9,,,30.15,,,,,,,,,,,,,
Greenhouse,Temp & Humidity Sensor,2020/12/11 3:50 PM,60.8,65.0,49.0,59.6,,,30.15,,,,,,,,,,,,,
Greenhouse,Temp & Humidity Sensor,2020/12/11 3:55 PM,59.7,66.0,48.3,58.5,,,30.15,,,,,,,,,,,,,
Greenhouse,Temp & Humidity Sensor,2020/12/11 4:00 PM,59.3,66.0,47.9,58.0,,,30.15,,,,,,,,,,,,,
Greenhouse,Temp & Humidity Sensor,2020/12/11 4:05 PM,58.8,67.0,47.9,57.5,,,30.15,,,,,,,,,,,,,
Greenhouse,Temp & Humidity Sensor,2020/12/11 4:10 PM,58.4,68.0,47.9,57.1,,,30.16,,,,,,,,,,,,,
Greenhouse,Temp & Humidity Sensor,2020/12/11 4:15 PM,58.1,68.0,47.6,56.8,,,30.16,,,,,,,,,,,,,
Greenhouse,Temp & Humidity Sensor,2020/12/11 4:20 PM,57.5,68.0,47.0,56.1,,,30.16,,,,,,,,,,,,,
Greenhouse,Temp & Humidity Sensor,2020/12/11 4:25 PM,57.2,69.0,47.1,55.9,,,30.16,,,,,,,,,,,,,
Greenhouse,Temp & Humidity Sensor,2020/12/11 4:35 PM,56.3,70.0,46.6,54.9,,,30.16,,,,,,,,,,,,,
Greenhouse,Temp & Humidity Sensor,2020/12/11 4:40 PM,56.1,71.0,46.8,54.7,,,30.16,,,,,,,,,,,,,
Greenhouse,Temp & Humidity Sensor,2020/12/11 4:45 PM,55.9,71.0,46.6,54.5,,,30.16,,,,,,,,,,,,,
Greenhouse,Temp & Humidity Sensor,2020/12/11 4:50 PM,55.4,72.0,46.5,54.0,,,30.16,,,,,,,,,,,,,
Greenhouse,Temp & Humidity Sensor,2020/12/11 4:55 PM,55.0,73.0,46.5,53.6,,,30.16,,,,,,,,,,,,,
Greenhouse,Temp & Humidity Sensor,2020/12/11 5:00 PM,54.6,74.0,46.5,53.2,,,30.16,,,,,,,,,,,,,
Greenhouse,Temp & Humidity Sensor,2020/12/11 5:05 PM,53.9,74.0,45.8,52.5,,,30.16,,,,,,,,,,,,,
Greenhouse,Temp & Humidity Sensor,2020/12/11 5:10 PM,53.4,75.0,45.7,52.0,,,30.16,,,,,,,,,,,,,
Greenhouse,Temp & Humidity Sensor,2020/12/11 5:15 PM,53.6,76.0,46.2,52.2,,,30.16,,,,,,,,,,,,,
Greenhouse,Temp & Humidity Sensor,2020/12/11 5:20 PM,53.2,78.0,46.5,51.9,,,30.16,,,,,,,,,,,,,
Greenhouse,Temp & Humidity Sensor,2020/12/11 5:25 PM,52.7,78.0,46.0,51.3,,,30.17,,,,,,,,,,,,,
Greenhouse,Temp & Humidity Sensor,2020/12/11 5:30 PM,52.5,78.0,45.8,51.1,,,30.16,,,,,,,,,,,,,
Greenhouse,Temp & Humidity Sensor,2020/12/11 5:35 PM,52.1,78.0,45.5,50.7,,,30.16,,,,,,,,,,,,,
Greenhouse,Temp & Humidity Sensor,2020/12/11 5:40 PM,51.9,78.0,45.3,50.5,,,30.16,,,,,,,,,,,,,
Greenhouse,Temp & Humidity Sensor,2020/12/11 5:45 PM,51.9,78.0,45.3,50.5,,,30.16,,,,,,,,,,,,,
Greenhouse,Temp & Humidity Sensor,2020/12/11 5:50 PM,52.3,82.0,47.0,51.1,,,30.16,,,,,,,,,,,,,
Greenhouse,Temp & Humidity Sensor,2020/12/11 5:55 PM,51.6,82.0,46.3,50.3,,,30.16,,,,,,,,,,,,,
Greenhouse,Temp & Humidity Sensor,2020/12/11 6:00 PM,51.0,81.0,45.4,49.6,,,30.16,,,,,,,,,,,,,
Greenhouse,Temp & Humidity Sensor,2020/12/11 6:05 PM,50.9,81.0,45.3,49.5,,,30.16,,,,,,,,,,,,,
Greenhouse,Temp & Humidity Sensor,2020/12/11 6:10 PM,50.9,82.0,45.6,49.5,,,30.16,,,,,,,,,,,,,
Greenhouse,Temp & Humidity Sensor,2020/12/11 6:15 PM,50.5,82.0,45.2,49.1,,,30.16,,,,,,,,,,,,,
Greenhouse,Temp & Humidity Sensor,2020/12/11 6:20 PM,50.7,83.0,45.7,49.4,,,30.16,,,,,,,,,,,,,
Greenhouse,Temp & Humidity Sensor,2020/12/11 6:25 PM,50.1,83.0,45.1,48.7,,,30.16,,,,,,,,,,,,,
Greenhouse,Temp & Humidity Sensor,2020/12/11 6:30 PM,50.0,83.0,45.0,48.6,,,30.16,,,,,,,,,,,,,
Greenhouse,Temp & Humidity Sensor,2020/12/11 6:35 PM,50.1,84.0,45.5,48.8,,,30.16,,,,,,,,,,,,,
Greenhouse,Temp & Humidity Sensor,2020/12/11 6:40 PM,49.8,84.0,45.2,48.4,,,30.16,,,,,,,,,,,,,
Greenhouse,Temp & Humidity Sensor,2020/12/11 6:45 PM,50.0,84.0,45.4,48.6,,,30.17,,,,,,,,,,,,,
Greenhouse,Temp & Humidity Sensor,2020/12/11 6:50 PM,49.6,84.0,45.0,48.2,,,30.16,,,,,,,,,,,,,
Greenhouse,Temp & Humidity Sensor,2020/12/11 6:55 PM,49.8,85.0,45.5,48.5,,,30.16,,,,,,,,,,,,,
Greenhouse,Temp & Humidity Sensor,2020/12/11 7:00 PM,50.0,86.0,46.0,48.7,,,30.17,,,,,,,,,,,,,
Greenhouse,Temp & Humidity Sensor,2020/12/11 7:05 PM,50.1,87.0,46.4,48.9,,,30.17,,,,,,,,,,,,,
Greenhouse,Temp & Humidity Sensor,2020/12/11 7:10 PM,49.8,88.0,46.4,48.6,,,30.17,,,,,,,,,,,,,
Greenhouse,Temp & Humidity Sensor,2020/12/11 7:15 PM,49.4,87.0,45.7,48.1,,,30.17,,,,,,,,,,,,,
Greenhouse,Temp & Humidity Sensor,2020/12/11 7:20 PM,49.4,87.0,45.7,48.1,,,30.18,,,,,,,,,,,,,
Greenhouse,Temp & Humidity Sensor,2020/12/11 7:25 PM,49.8,88.0,46.4,48.6,,,30.17,,,,,,,,,,,,,
Greenhouse,Temp & Humidity Sensor,2020/12/11 7:30 PM,49.4,88.0,46.0,48.2,,,30.17,,,,,,,,,,,,,
Greenhouse,Temp & Humidity Sensor,2020/12/11 7:35 PM,49.4,88.0,46.0,48.2,,,30.17,,,,,,,,,,,,,
Greenhouse,Temp & Humidity Sensor,2020/12/11 7:40 PM,49.4,89.0,46.3,48.2,,,30.18,,,,,,,,,,,,,
Greenhouse,Temp & Humidity Sensor,2020/12/11 7:45 PM,49.2,88.0,45.8,48.0,,,30.17,,,,,,,,,,,,,
Greenhouse,Temp & Humidity Sensor,2020/12/11 7:50 PM,49.1,88.0,45.7,47.8,,,30.17,,,,,,,,,,,,,
Greenhouse,Temp & Humidity Sensor,2020/12/11 7:55 PM,48.7,88.0,45.3,47.4,,,30.17,,,,,,,,,,,,,
Greenhouse,Temp & Humidity Sensor,2020/12/11 8:00 PM,48.9,88.0,45.5,47.6,,,30.17,,,,,,,,,,,,,
Greenhouse,Temp & Humidity Sensor,2020/12/11 8:05 PM,48.9,89.0,45.8,47.7,,,30.18,,,,,,,,,,,,,
Greenhouse,Temp & Humidity Sensor,2020/12/11 8:10 PM,48.7,89.0,45.6,47.5,,,30.18,,,,,,,,,,,,,
Greenhouse,Temp & Humidity Sensor,2020/12/11 8:15 PM,48.9,90.0,46.1,47.7,,,30.18,,,,,,,,,,,,,
Greenhouse,Temp & Humidity Sensor,2020/12/11 8:20 PM,48.9,90.0,46.1,47.7,,,30.18,,,,,,,,,,,,,
Greenhouse,Temp & Humidity Sensor,2020/12/11 8:25 PM,48.9,90.0,46.1,47.7,,,30.18,,,,,,,,,,,,,
Greenhouse,Temp & Humidity Sensor,2020/12/11 8:30 PM,48.7,90.0,45.9,47.5,,,30.18,,,,,,,,,,,,,
Greenhouse,Temp & Humidity Sensor,2020/12/11 8:35 PM,48.5,90.0,45.7,47.3,,,30.18,,,,,,,,,,,,,
Greenhouse,Temp & Humidity Sensor,2020/12/11 8:40 PM,48.5,90.0,45.7,47.3,,,30.18,,,,,,,,,,,,,
Greenhouse,Temp & Humidity Sensor,2020/12/11 8:45 PM,48.2,90.0,45.4,47.0,,,30.18,,,,,,,,,,,,,
Greenhouse,Temp & Humidity Sensor,2020/12/11 8:50 PM,48.3,90.0,45.5,47.1,,,30.18,,,,,,,,,,,,,
Greenhouse,Temp & Humidity Sensor,2020/12/11 8:55 PM,48.2,91.0,45.7,47.0,,,30.18,,,,,,,,,,,,,
Greenhouse,Temp & Humidity Sensor,2020/12/11 9:00 PM,48.2,91.0,45.7,47.0,,,30.18,,,,,,,,,,,,,
Greenhouse,Temp & Humidity Sensor,2020/12/11 9:05 PM,48.0,91.0,45.5,46.8,,,30.18,,,,,,,,,,,,,
Greenhouse,Temp & Humidity Sensor,2020/12/11 9:10 PM,48.0,91.0,45.5,46.8,,,30.18,,,,,,,,,,,,,
Greenhouse,Temp & Humidity Sensor,2020/12/11 9:15 PM,47.8,92.0,45.6,46.6,,,30.18,,,,,,,,,,,,,
Greenhouse,Temp & Humidity Sensor,2020/12/11 9:20 PM,47.8,92.0,45.6,46.6,,,30.18,,,,,,,,,,,,,
Greenhouse,Temp & Humidity Sensor,2020/12/11 9:25 PM,47.6,92.0,45.4,46.4,,,30.18,,,,,,,,,,,,,
Greenhouse,Temp & Humidity Sensor,2020/12/11 9:30 PM,47.6,92.0,45.4,46.4,,,30.18,,,,,,,,,,,,,
Greenhouse,Temp & Humidity Sensor,2020/12/11 9:35 PM,47.4,91.0,44.9,46.1,,,30.18,,,,,,,,,,,,,
Greenhouse,Temp & Humidity Sensor,2020/12/11 9:40 PM,47.4,91.0,44.9,46.1,,,30.18,,,,,,,,,,,,,
Greenhouse,Temp & Humidity Sensor,2020/12/11 9:45 PM,47.3,91.0,44.8,46.0,,,30.18,,,,,,,,,,,,,
Greenhouse,Temp & Humidity Sensor,2020/12/11 9:50 PM,46.9,91.0,44.4,45.6,,,30.18,,,,,,,,,,,,,
Greenhouse,Temp & Humidity Sensor,2020/12/11 9:55 PM,46.9,91.0,44.4,45.6,,,30.17,,,,,,,,,,,,,
Greenhouse,Temp & Humidity Sensor,2020/12/11 10:00 PM,46.9,91.0,44.4,45.6,,,30.18,,,,,,,,,,,,,
Greenhouse,Temp & Humidity Sensor,2020/12/11 10:05 PM,46.7,91.0,44.2,45.3,,,30.18,,,,,,,,,,,,,
Greenhouse,Temp & Humidity Sensor,2020/12/11 10:10 PM,46.5,91.0,44.0,45.1,,,30.17,,,,,,,,,,,,,
Greenhouse,Temp & Humidity Sensor,2020/12/11 10:15 PM,46.4,90.0,43.6,45.0,,,30.17,,,,,,,,,,,,,
Greenhouse,Temp & Humidity Sensor,2020/12/11 10:20 PM,46.4,91.0,43.9,45.0,,,30.17,,,,,,,,,,,,,
Greenhouse,Temp & Humidity Sensor,2020/12/11 10:25 PM,46.5,91.0,44.0,45.1,,,30.17,,,,,,,,,,,,,
Greenhouse,Temp & Humidity Sensor,2020/12/11 10:30 PM,46.4,92.0,44.2,45.1,,,30.17,,,,,,,,,,,,,
Greenhouse,Temp & Humidity Sensor,2020/12/11 10:35 PM,46.4,92.0,44.2,45.1,,,30.17,,,,,,,,,,,,,
Greenhouse,Temp & Humidity Sensor,2020/12/11 10:40 PM,46.4,93.0,44.5,45.1,,,30.17,,,,,,,,,,,,,
Greenhouse,Temp & Humidity Sensor,2020/12/11 10:45 PM,46.2,93.0,44.3,44.9,,,30.17,,,,,,,,,,,,,
Greenhouse,Temp & Humidity Sensor,2020/12/11 10:50 PM,46.4,93.0,44.5,45.1,,,30.17,,,,,,,,,,,,,
Greenhouse,Temp & Humidity Sensor,2020/12/11 10:55 PM,46.4,93.0,44.5,45.1,,,30.16,,,,,,,,,,,,,
Greenhouse,Temp & Humidity Sensor,2020/12/11 11:00 PM,46.2,94.0,44.6,44.9,,,30.16,,,,,,,,,,,,,
Greenhouse,Temp & Humidity Sensor,2020/12/11 11:05 PM,46.2,94.0,44.6,44.9,,,30.16,,,,,,,,,,,,,
Greenhouse,Temp & Humidity Sensor,2020/12/11 11:10 PM,46.2,94.0,44.6,44.9,,,30.16,,,,,,,,,,,,,
Greenhouse,Temp & Humidity Sensor,2020/12/11 11:15 PM,46.0,94.0,44.4,44.7,,,30.16,,,,,,,,,,,,,
Greenhouse,Temp & Humidity Sensor,2020/12/11 11:20 PM,46.0,95.0,44.6,44.8,,,30.15,,,,,,,,,,,,,
Greenhouse,Temp & Humidity Sensor,2020/12/11 11:25 PM,45.6,95.0,44.3,44.3,,,30.15,,,,,,,,,,,,,
Greenhouse,Temp & Humidity Sensor,2020/12/11 11:30 PM,45.8,95.0,44.5,44.5,,,30.15,,,,,,,,,,,,,
Greenhouse,Temp & Humidity Sensor,2020/12/11 11:35 PM,46.0,95.0,44.6,44.8,,,30.15,,,,,,,,,,,,,
Greenhouse,Temp & Humidity Sensor,2020/12/11 11:40 PM,45.8,95.0,44.5,44.5,,,30.15,,,,,,,,,,,,,
Greenhouse,Temp & Humidity Sensor,2020/12/11 11:45 PM,45.6,95.0,44.3,44.3,,,30.15,,,,,,,,,,,,,
Greenhouse,Temp & Humidity Sensor,2020/12/11 11:50 PM,45.8,95.0,44.5,44.5,,,30.15,,,,,,,,,,,,,
Greenhouse,Temp & Humidity Sensor,2020/12/11 11:55 PM,45.6,95.0,44.3,44.3,,,30.15,,,,,,,,,,,,,
Greenhouse,Temp & Humidity Sensor,2020/12/12 12:00 AM,45.6,95.0,44.3,44.3,,,30.15,,,,,,,,,,,,,
Greenhouse,Temp & Humidity Sensor,2020/12/12 12:05 AM,45.6,95.0,44.3,44.3,,,30.15,,,,,,,,,,,,,
Greenhouse,Temp & Humidity Sensor,2020/12/12 12:10 AM,45.6,95.0,44.3,44.3,,,30.15,,,,,,,,,,,,,
Greenhouse,Temp & Humidity Sensor,2020/12/12 12:15 AM,45.6,95.0,44.3,44.3,,,30.16,,,,,,,,,,,,,
Greenhouse,Temp & Humidity Sensor,2020/12/12 12:20 AM,45.5,95.0,44.2,44.2,,,30.16,,,,,,,,,,,,,
Greenhouse,Temp & Humidity Sensor,2020/12/12 12:25 AM,45.5,95.0,44.2,44.2,,,30.16,,,,,,,,,,,,,
Greenhouse,Temp & Humidity Sensor,2020/12/12 12:30 AM,45.5,95.0,44.2,44.2,,,30.16,,,,,,,,,,,,,
Greenhouse,Temp & Humidity Sensor,2020/12/12 12:35 AM,45.5,95.0,44.2,44.2,,,30.16,,,,,,,,,,,,,
Greenhouse,Temp & Humidity Sensor,2020/12/12 12:40 AM,45.3,95.0,44.0,44.0,,,30.15,,,,,,,,,,,,,
Greenhouse,Temp & Humidity Sensor,2020/12/12 12:45 AM,45.3,95.0,44.0,44.0,,,30.15,,,,,,,,,,,,,
Greenhouse,Temp & Humidity Sensor,2020/12/12 12:50 AM,45.5,95.0,44.2,44.2,,,30.15,,,,,,,,,,,,,
Greenhouse,Temp & Humidity Sensor,2020/12/12 12:55 AM,45.5,95.0,44.2,44.2,,,30.15,,,,,,,,,,,,,
Greenhouse,Temp & Humidity Sensor,2020/12/12 1:00 AM,45.5,95.0,44.2,44.2,,,30.15,,,,,,,,,,,,,
Greenhouse,Temp & Humidity Sensor,2020/12/12 1:05 AM,45.3,94.0,43.7,43.9,,,30.15,,,,,,,,,,,,,
Greenhouse,Temp & Humidity Sensor,2020/12/12 1:10 AM,45.5,95.0,44.2,44.2,,,30.15,,,,,,,,,,,,,
Greenhouse,Temp & Humidity Sensor,2020/12/12 1:15 AM,45.5,95.0,44.2,44.2,,,30.15,,,,,,,,,,,,,
Greenhouse,Temp & Humidity Sensor,2020/12/12 1:20 AM,45.3,95.0,44.0,44.0,,,30.15,,,,,,,,,,,,,
Greenhouse,Temp & Humidity Sensor,2020/12/12 1:25 AM,45.3,95.0,44.0,44.0,,,30.15,,,,,,,,,,,,,
Greenhouse,Temp & Humidity Sensor,2020/12/12 1:30 AM,45.3,95.0,44.0,44.0,,,30.15,,,,,,,,,,,,,
Greenhouse,Temp & Humidity Sensor,2020/12/12 1:35 AM,45.3,95.0,44.0,44.0,,,30.15,,,,,,,,,,,,,
Greenhouse,Temp & Humidity Sensor,2020/12/12 1:40 AM,45.3,95.0,44.0,44.0,,,30.15,,,,,,,,,,,,,
Greenhouse,Temp & Humidity Sensor,2020/12/12 1:45 AM,45.3,95.0,44.0,44.0,,,30.16,,,,,,,,,,,,,
Greenhouse,Temp & Humidity Sensor,2020/12/12 1:50 AM,45.3,95.0,44.0,44.0,,,30.15,,,,,,,,,,,,,
Greenhouse,Temp & Humidity Sensor,2020/12/12 1:55 AM,45.3,95.0,44.0,44.0,,,30.15,,,,,,,,,,,,,
Greenhouse,Temp & Humidity Sensor,2020/12/12 2:00 AM,45.1,95.0,43.8,43.8,,,30.15,,,,,,,,,,,,,
Greenhouse,Temp & Humidity Sensor,2020/12/12 2:05 AM,45.1,95.0,43.8,43.8,,,30.15,,,,,,,,,,,,,
Greenhouse,Temp & Humidity Sensor,2020/12/12 2:10 AM,45.1,95.0,43.8,43.8,,,30.15,,,,,,,,,,,,,
Greenhouse,Temp & Humidity Sensor,2020/12/12 2:15 AM,44.9,95.0,43.6,43.6,,,30.15,,,,,,,,,,,,,
Greenhouse,Temp & Humidity Sensor,2020/12/12 2:20 AM,44.9,95.0,43.6,43.6,,,30.15,,,,,,,,,,,,,
Greenhouse,Temp & Humidity Sensor,2020/12/12 2:25 AM,44.9,95.0,43.6,43.6,,,30.15,,,,,,,,,,,,,
Greenhouse,Temp & Humidity Sensor,2020/12/12 2:30 AM,44.7,95.0,43.4,43.3,,,30.16,,,,,,,,,,,,,
Greenhouse,Temp & Humidity Sensor,2020/12/12 2:35 AM,44.7,95.0,43.4,43.3,,,30.16,,,,,,,,,,,,,
Greenhouse,Temp & Humidity Sensor,2020/12/12 2:40 AM,44.7,95.0,43.4,43.3,,,30.16,,,,,,,,,,,,,
Greenhouse,Temp & Humidity Sensor,2020/12/12 2:45 AM,44.9,95.0,43.6,43.6,,,30.16,,,,,,,,,,,,,
Greenhouse,Temp & Humidity Sensor,2020/12/12 2:50 AM,44.9,95.0,43.6,43.6,,,30.16,,,,,,,,,,,,,
Greenhouse,Temp & Humidity Sensor,2020/12/12 3:00 AM,44.9,95.0,43.6,43.6,,,30.16,,,,,,,,,,,,,
Greenhouse,Temp & Humidity Sensor,2020/12/12 3:05 AM,44.9,95.0,43.6,43.6,,,30.17,,,,,,,,,,,,,
Greenhouse,Temp & Humidity Sensor,2020/12/12 3:10 AM,44.7,95.0,43.4,43.3,,,30.16,,,,,,,,,,,,,
Greenhouse,Temp & Humidity Sensor,2020/12/12 3:15 AM,44.7,95.0,43.4,43.3,,,30.16,,,,,,,,,,,,,
Greenhouse,Temp & Humidity Sensor,2020/12/12 3:20 AM,44.9,95.0,43.6,43.6,,,30.16,,,,,,,,,,,,,
Greenhouse,Temp & Humidity Sensor,2020/12/12 3:25 AM,44.7,95.0,43.4,43.3,,,30.16,,,,,,,,,,,,,
Greenhouse,Temp & Humidity Sensor,2020/12/12 3:30 AM,44.7,95.0,43.4,43.3,,,30.17,,,,,,,,,,,,,
Greenhouse,Temp & Humidity Sensor,2020/12/12 3:35 AM,44.7,95.0,43.4,43.3,,,30.16,,,,,,,,,,,,,
Greenhouse,Temp & Humidity Sensor,2020/12/12 3:40 AM,44.9,95.0,43.6,43.6,,,30.16,,,,,,,,,,,,,
Greenhouse,Temp & Humidity Sensor,2020/12/12 3:45 AM,44.7,95.0,43.4,43.3,,,30.17,,,,,,,,,,,,,
Greenhouse,Temp & Humidity Sensor,2020/12/12 3:50 AM,44.7,95.0,43.4,43.3,,,30.17,,,,,,,,,,,,,
Greenhouse,Temp & Humidity Sensor,2020/12/12 3:55 AM,44.9,95.0,43.6,43.6,,,30.16,,,,,,,,,,,,,
Greenhouse,Temp & Humidity Sensor,2020/12/12 4:00 AM,45.1,95.0,43.8,43.8,,,30.17,,,,,,,,,,,,,
Greenhouse,Temp & Humidity Sensor,2020/12/12 4:05 AM,44.9,95.0,43.6,43.6,,,30.17,,,,,,,,,,,,,
Greenhouse,Temp & Humidity Sensor,2020/12/12 4:10 AM,45.1,95.0,43.8,43.8,,,30.16,,,,,,,,,,,,,
Greenhouse,Temp & Humidity Sensor,2020/12/12 4:15 AM,45.1,95.0,43.8,43.8,,,30.16,,,,,,,,,,,,,
Greenhouse,Temp & Humidity Sensor,2020/12/12 4:20 AM,45.1,95.0,43.8,43.8,,,30.16,,,,,,,,,,,,,
Greenhouse,Temp & Humidity Sensor,2020/12/12 4:25 AM,45.1,95.0,43.8,43.8,,,30.16,,,,,,,,,,,,,
Greenhouse,Temp & Humidity Sensor,2020/12/12 4:30 AM,45.3,95.0,44.0,44.0,,,30.16,,,,,,,,,,,,,
Greenhouse,Temp & Humidity Sensor,2020/12/12 4:35 AM,45.1,95.0,43.8,43.8,,,30.16,,,,,,,,,,,,,
Greenhouse,Temp & Humidity Sensor,2020/12/12 4:40 AM,45.3,96.0,44.2,44.0,,,30.16,,,,,,,,,,,,,
Greenhouse,Temp & Humidity Sensor,2020/12/12 4:45 AM,45.3,96.0,44.2,44.0,,,30.16,,,,,,,,,,,,,
Greenhouse,Temp & Humidity Sensor,2020/12/12 4:50 AM,45.5,96.0,44.4,44.3,,,30.16,,,,,,,,,,,,,
Greenhouse,Temp & Humidity Sensor,2020/12/12 4:55 AM,45.5,96.0,44.4,44.3,,,30.17,,,,,,,,,,,,,
Greenhouse,Temp & Humidity Sensor,2020/12/12 5:00 AM,45.5,96.0,44.4,44.3,,,30.17,,,,,,,,,,,,,
Greenhouse,Temp & Humidity Sensor,2020/12/12 5:05 AM,45.3,96.0,44.2,44.0,,,30.17,,,,,,,,,,,,,
Greenhouse,Temp & Humidity Sensor,2020/12/12 5:10 AM,45.5,96.0,44.4,44.3,,,30.16,,,,,,,,,,,,,
Greenhouse,Temp & Humidity Sensor,2020/12/12 5:15 AM,45.5,96.0,44.4,44.3,,,30.17,,,,,,,,,,,,,
Greenhouse,Temp & Humidity Sensor,2020/12/12 5:20 AM,45.5,96.0,44.4,44.3,,,30.17,,,,,,,,,,,,,
Greenhouse,Temp & Humidity Sensor,2020/12/12 5:25 AM,45.5,96.0,44.4,44.3,,,30.17,,,,,,,,,,,,,
Greenhouse,Temp & Humidity Sensor,2020/12/12 5:30 AM,45.5,96.0,44.4,44.3,,,30.17,,,,,,,,,,,,,
Greenhouse,Temp & Humidity Sensor,2020/12/12 5:35 AM,45.5,96.0,44.4,44.3,,,30.17,,,,,,,,,,,,,
Greenhouse,Temp & Humidity Sensor,2020/12/12 5:40 AM,45.5,96.0,44.4,44.3,,,30.17,,,,,,,,,,,,,
Greenhouse,Temp & Humidity Sensor,2020/12/12 5:45 AM,45.6,96.0,44.5,44.4,,,30.17,,,,,,,,,,,,,
Greenhouse,Temp & Humidity Sensor,2020/12/12 5:50 AM,45.6,96.0,44.5,44.4,,,30.17,,,,,,,,,,,,,
Greenhouse,Temp & Humidity Sensor,2020/12/12 5:55 AM,45.8,96.0,44.7,44.6,,,30.17,,,,,,,,,,,,,
Greenhouse,Temp & Humidity Sensor,2020/12/12 6:00 AM,45.8,96.0,44.7,44.6,,,30.17,,,,,,,,,,,,,
Greenhouse,Temp & Humidity Sensor,2020/12/12 6:05 AM,45.8,96.0,44.7,44.6,,,30.16,,,,,,,,,,,,,
Greenhouse,Temp & Humidity Sensor,2020/12/12 6:10 AM,45.8,96.0,44.7,44.6,,,30.16,,,,,,,,,,,,,
Greenhouse,Temp & Humidity Sensor,2020/12/12 6:15 AM,46.0,96.0,44.9,44.8,,,30.17,,,,,,,,,,,,,
Greenhouse,Temp & Humidity Sensor,2020/12/12 6:20 AM,46.0,96.0,44.9,44.8,,,30.17,,,,,,,,,,,,,
Greenhouse,Temp & Humidity Sensor,2020/12/12 6:25 AM,46.2,96.0,45.1,45.0,,,30.17,,,,,,,,,,,,,
Greenhouse,Temp & Humidity Sensor,2020/12/12 6:30 AM,46.2,96.0,45.1,45.0,,,30.17,,,,,,,,,,,,,
Greenhouse,Temp & Humidity Sensor,2020/12/12 6:35 AM,46.4,95.0,45.0,45.2,,,30.17,,,,,,,,,,,,,
Greenhouse,Temp & Humidity Sensor,2020/12/12 6:40 AM,46.4,95.0,45.0,45.2,,,30.17,,,,,,,,,,,,,
Greenhouse,Temp & Humidity Sensor,2020/12/12 6:45 AM,46.4,95.0,45.0,45.2,,,30.17,,,,,,,,,,,,,
Greenhouse,Temp & Humidity Sensor,2020/12/12 6:50 AM,46.4,95.0,45.0,45.2,,,30.17,,,,,,,,,,,,,
Greenhouse,Temp & Humidity Sensor,2020/12/12 6:55 AM,46.5,95.0,45.1,45.3,,,30.17,,,,,,,,,,,,,
Greenhouse,Temp & Humidity Sensor,2020/12/12 7:00 AM,46.5,95.0,45.1,45.3,,,30.17,,,,,,,,,,,,,
Greenhouse,Temp & Humidity Sensor,2020/12/12 7:05 AM,46.5,95.0,45.1,45.3,,,30.17,,,,,,,,,,,,,
Greenhouse,Temp & Humidity Sensor,2020/12/12 7:10 AM,46.5,95.0,45.1,45.3,,,30.16,,,,,,,,,,,,,
Greenhouse,Temp & Humidity Sensor,2020/12/12 7:15 AM,46.7,95.0,45.3,45.5,,,30.17,,,,,,,,,,,,,
Greenhouse,Temp & Humidity Sensor,2020/12/12 7:20 AM,46.7,95.0,45.3,45.5,,,30.17,,,,,,,,,,,,,
Greenhouse,Temp & Humidity Sensor,2020/12/12 7:25 AM,46.7,95.0,45.3,45.5,,,30.17,,,,,,,,,,,,,
Greenhouse,Temp & Humidity Sensor,2020/12/12 7:30 AM,46.7,95.0,45.3,45.5,,,30.17,,,,,,,,,,,,,
Greenhouse,Temp & Humidity Sensor,2020/12/12 7:35 AM,46.7,95.0,45.3,45.5,,,30.17,,,,,,,,,,,,,
Greenhouse,Temp & Humidity Sensor,2020/12/12 7:40 AM,46.9,95.0,45.5,45.8,,,30.17,,,,,,,,,,,,,
Greenhouse,Temp & Humidity Sensor,2020/12/12 7:45 AM,46.9,95.0,45.5,45.8,,,30.17,,,,,,,,,,,,,
Greenhouse,Temp & Humidity Sensor,2020/12/12 7:50 AM,47.1,95.0,45.7,46.0,,,30.17,,,,,,,,,,,,,
Greenhouse,Temp & Humidity Sensor,2020/12/12 7:55 AM,47.1,95.0,45.7,46.0,,,30.17,,,,,,,,,,,,,
Greenhouse,Temp & Humidity Sensor,2020/12/12 8:00 AM,47.3,95.0,45.9,46.2,,,30.17,,,,,,,,,,,,,
Greenhouse,Temp & Humidity Sensor,2020/12/12 8:05 AM,47.4,95.0,46.0,46.3,,,30.17,,,,,,,,,,,,,
Greenhouse,Temp & Humidity Sensor,2020/12/12 8:10 AM,47.6,95.0,46.2,46.5,,,30.17,,,,,,,,,,,,,
Greenhouse,Temp & Humidity Sensor,2020/12/12 8:15 AM,47.8,95.0,46.4,46.7,,,30.17,,,,,,,,,,,,,
Greenhouse,Temp & Humidity Sensor,2020/12/12 8:20 AM,48.0,95.0,46.6,47.0,,,30.17,,,,,,,,,,,,,
Greenhouse,Temp & Humidity Sensor,2020/12/12 8:25 AM,48.2,94.0,46.6,47.1,,,30.17,,,,,,,,,,,,,
Greenhouse,Temp & Humidity Sensor,2020/12/12 8:30 AM,48.2,94.0,46.6,47.1,,,30.16,,,,,,,,,,,,,
Greenhouse,Temp & Humidity Sensor,2020/12/12 8:35 AM,48.5,94.0,46.9,47.5,,,30.16,,,,,,,,,,,,,
Greenhouse,Temp & Humidity Sensor,2020/12/12 8:40 AM,48.9,94.0,47.2,47.9,,,30.16,,,,,,,,,,,,,
Greenhouse,Temp & Humidity Sensor,2020/12/12 8:45 AM,49.2,94.0,47.5,48.2,,,30.16,,,,,,,,,,,,,
Greenhouse,Temp & Humidity Sensor,2020/12/12 8:50 AM,49.6,94.0,47.9,48.7,,,30.16,,,,,,,,,,,,,
Greenhouse,Temp & Humidity Sensor,2020/12/12 8:55 AM,50.1,93.0,48.2,49.2,,,30.16,,,,,,,,,,,,,
Greenhouse,Temp & Humidity Sensor,2020/12/12 9:00 AM,50.5,93.0,48.6,49.6,,,30.15,,,,,,,,,,,,,
Greenhouse,Temp & Humidity Sensor,2020/12/12 9:05 AM,51.0,93.0,49.0,50.2,,,30.15,,,,,,,,,,,,,
Greenhouse,Temp & Humidity Sensor,2020/12/12 9:10 AM,51.9,92.0,49.6,51.1,,,30.15,,,,,,,,,,,,,
Greenhouse,Temp & Humidity Sensor,2020/12/12 9:15 AM,52.3,92.0,50.0,51.6,,,30.15,,,,,,,,,,,,,
Greenhouse,Temp & Humidity Sensor,2020/12/12 9:20 AM,52.3,92.0,50.0,51.6,,,30.15,,,,,,,,,,,,,
Greenhouse,Temp & Humidity Sensor,2020/12/12 9:25 AM,52.7,92.0,50.4,52.0,,,30.14,,,,,,,,,,,,,
Greenhouse,Temp & Humidity Sensor,2020/12/12 9:30 AM,53.4,92.0,51.1,52.8,,,30.14,,,,,,,,,,,,,
Greenhouse,Temp & Humidity Sensor,2020/12/12 9:35 AM,54.3,91.0,51.7,53.7,,,30.15,,,,,,,,,,,,,
Greenhouse,Temp & Humidity Sensor,2020/12/12 9:40 AM,55.2,91.0,52.6,54.7,,,30.15,,,,,,,,,,,,,
Greenhouse,Temp & Humidity Sensor,2020/12/12 9:45 AM,55.9,90.0,53.0,55.4,,,30.15,,,,,,,,,,,,,
Greenhouse,Temp & Humidity Sensor,2020/12/12 9:50 AM,56.4,90.0,53.5,56.0,,,30.14,,,,,,,,,,,,,
Greenhouse,Temp & Humidity Sensor,2020/12/12 9:55 AM,57.0,90.0,54.1,56.6,,,30.14,,,,,,,,,,,,,
Greenhouse,Temp & Humidity Sensor,2020/12/12 10:00 AM,57.7,89.0,54.5,57.4,,,30.14,,,,,,,,,,,,,
Greenhouse,Temp & Humidity Sensor,2020/12/12 10:05 AM,59.1,88.0,55.5,58.8,,,30.15,,,,,,,,,,,,,
Greenhouse,Temp & Humidity Sensor,2020/12/12 10:10 AM,59.9,87.0,56.0,59.7,,,30.15,,,,,,,,,,,,,
Greenhouse,Temp & Humidity Sensor,2020/12/12 10:15 AM,59.3,87.0,55.4,59.0,,,30.15,,,,,,,,,,,,,
Greenhouse,Temp & Humidity Sensor,2020/12/12 10:20 AM,60.0,87.0,56.1,59.8,,,30.15,,,,,,,,,,,,,
Greenhouse,Temp & Humidity Sensor,2020/12/12 10:25 AM,60.0,86.0,55.8,59.7,,,30.15,,,,,,,,,,,,,
Greenhouse,Temp & Humidity Sensor,2020/12/12 10:30 AM,60.8,86.0,56.6,60.6,,,30.15,,,,,,,,,,,,,
Greenhouse,Temp & Humidity Sensor,2020/12/12 10:35 AM,60.4,84.0,55.5,60.1,,,30.15,,,,,,,,,,,,,
Greenhouse,Temp & Humidity Sensor,2020/12/12 10:40 AM,59.9,80.0,53.7,59.4,,,30.14,,,,,,,,,,,,,
Greenhouse,Temp & Humidity Sensor,2020/12/12 10:45 AM,59.7,78.0,52.8,59.0,,,30.14,,,,,,,,,,,,,
Greenhouse,Temp & Humidity Sensor,2020/12/12 10:50 AM,60.9,78.0,54.0,60.4,,,30.14,,,,,,,,,,,,,
Greenhouse,Temp & Humidity Sensor,2020/12/12 10:55 AM,60.0,72.0,50.9,59.1,,,30.14,,,,,,,,,,,,,
Greenhouse,Temp & Humidity Sensor,2020/12/12 11:00 AM,61.1,77.0,53.8,60.5,,,30.14,,,,,,,,,,,,,
Greenhouse,Temp & Humidity Sensor,2020/12/12 11:05 AM,61.5,76.0,53.9,60.9,,,30.14,,,,,,,,,,,,,
Greenhouse,Temp & Humidity Sensor,2020/12/12 11:10 AM,60.9,74.0,52.6,60.2,,,30.14,,,,,,,,,,,,,
Greenhouse,Temp & Humidity Sensor,2020/12/12 11:15 AM,60.9,76.0,53.3,60.3,,,30.13,,,,,,,,,,,,,
Greenhouse,Temp & Humidity Sensor,2020/12/12 11:20 AM,61.1,76.0,53.5,60.5,,,30.13,,,,,,,,,,,,,
Greenhouse,Temp & Humidity Sensor,2020/12/12 11:25 AM,61.3,75.0,53.3,60.7,,,30.13,,,,,,,,,,,,,
Greenhouse,Temp & Humidity Sensor,2020/12/12 11:30 AM,61.7,69.0,51.4,60.8,,,30.12,,,,,,,,,,,,,
Greenhouse,Temp & Humidity Sensor,2020/12/12 11:35 AM,62.7,70.0,52.8,62.0,,,30.12,,,,,,,,,,,,,
Greenhouse,Temp & Humidity Sensor,2020/12/12 11:40 AM,63.6,71.0,54.0,63.0,,,30.12,,,,,,,,,,,,,
Greenhouse,Temp & Humidity Sensor,2020/12/12 11:45 AM,63.5,70.0,53.5,62.8,,,30.12,,,,,,,,,,,,,
Greenhouse,Temp & Humidity Sensor,2020/12/12 11:50 AM,62.6,69.0,52.3,61.8,,,30.11,,,,,,,,,,,,,
Greenhouse,Temp & Humidity Sensor,2020/12/12 11:55 AM,61.8,69.0,51.5,60.9,,,30.11,,,,,,,,,,,,,
Greenhouse,Temp & Humidity Sensor,2020/12/12 12:00 PM,61.5,70.0,51.6,60.6,,,30.11,,,,,,,,,,,,,
Greenhouse,Temp & Humidity Sensor,2020/12/12 12:05 PM,61.5,70.0,51.6,60.6,,,30.11,,,,,,,,,,,,,
Greenhouse,Temp & Humidity Sensor,2020/12/12 12:10 PM,61.5,69.0,51.2,60.6,,,30.11,,,,,,,,,,,,,
Greenhouse,Temp & Humidity Sensor,2020/12/12 12:15 PM,61.1,70.0,51.2,60.2,,,30.11,,,,,,,,,,,,,
Greenhouse,Temp & Humidity Sensor,2020/12/12 12:20 PM,61.3,71.0,51.8,60.5,,,30.1,,,,,,,,,,,,,
Greenhouse,Temp & Humidity Sensor,2020/12/12 12:25 PM,61.7,71.0,52.2,60.9,,,30.11,,,,,,,,,,,,,
Greenhouse,Temp & Humidity Sensor,2020/12/12 12:30 PM,62.4,71.0,52.9,61.7,,,30.11,,,,,,,,,,,,,
Greenhouse,Temp & Humidity Sensor,2020/12/12 12:35 PM,62.6,70.0,52.7,61.8,,,30.1,,,,,,,,,,,,,
Greenhouse,Temp & Humidity Sensor,2020/12/12 12:40 PM,63.1,69.0,52.8,62.4,,,30.1,,,,,,,,,,,,,
Greenhouse,Temp & Humidity Sensor,2020/12/12 12:45 PM,63.1,68.0,52.4,62.3,,,30.1,,,,,,,,,,,,,
Greenhouse,Temp & Humidity Sensor,2020/12/12 12:50 PM,62.9,67.0,51.8,62.0,,,30.1,,,,,,,,,,,,,
Greenhouse,Temp & Humidity Sensor,2020/12/12 12:55 PM,62.7,63.0,49.9,61.6,,,30.1,,,,,,,,,,,,,
Greenhouse,Temp & Humidity Sensor,2020/12/12 1:00 PM,62.9,65.0,50.9,61.9,,,30.1,,,,,,,,,,,,,
Greenhouse,Temp & Humidity Sensor,2020/12/12 1:05 PM,63.1,64.0,50.7,62.1,,,30.1,,,,,,,,,,,,,
Greenhouse,Temp & Humidity Sensor,2020/12/12 1:10 PM,62.9,64.0,50.5,61.9,,,30.09,,,,,,,,,,,,,
Greenhouse,Temp & Humidity Sensor,2020/12/12 1:15 PM,62.7,64.0,50.3,61.7,,,30.09,,,,,,,,,,,,,
Greenhouse,Temp & Humidity Sensor,2020/12/12 1:20 PM,62.6,63.0,49.8,61.5,,,30.09,,,,,,,,,,,,,
Greenhouse,Temp & Humidity Sensor,2020/12/12 1:25 PM,63.1,65.0,51.1,62.2,,,30.09,,,,,,,,,,,,,
Greenhouse,Temp & Humidity Sensor,2020/12/12 1:30 PM,63.1,65.0,51.1,62.2,,,30.09,,,,,,,,,,,,,
Greenhouse,Temp & Humidity Sensor,2020/12/12 1:35 PM,63.1,64.0,50.7,62.1,,,30.08,,,,,,,,,,,,,
Greenhouse,Temp & Humidity Sensor,2020/12/12 1:40 PM,63.5,65.0,51.5,62.6,,,30.08,,,,,,,,,,,,,
Greenhouse,Temp & Humidity Sensor,2020/12/12 1:45 PM,63.5,64.0,51.1,62.6,,,30.08,,,,,,,,,,,,,
Greenhouse,Temp & Humidity Sensor,2020/12/12 1:50 PM,64.4,64.0,52.0,63.5,,,30.08,,,,,,,,,,,,,
Greenhouse,Temp & Humidity Sensor,2020/12/12 1:55 PM,65.8,63.0,52.8,65.0,,,30.08,,,,,,,,,,,,,
Greenhouse,Temp & Humidity Sensor,2020/12/12 2:00 PM,66.5,56.0,50.3,65.5,,,30.08,,,,,,,,,,,,,
Greenhouse,Temp & Humidity Sensor,2020/12/12 2:05 PM,67.6,56.0,51.3,66.7,,,30.07,,,,,,,,,,,,,
Greenhouse,Temp & Humidity Sensor,2020/12/12 2:10 PM,68.1,55.0,51.3,67.2,,,30.07,,,,,,,,,,,,,
Greenhouse,Temp & Humidity Sensor,2020/12/12 2:15 PM,68.0,56.0,51.7,67.1,,,30.07,,,,,,,,,,,,,
Greenhouse,Temp & Humidity Sensor,2020/12/12 2:20 PM,65.6,59.0,50.9,64.6,,,30.07,,,,,,,,,,,,,
Greenhouse,Temp & Humidity Sensor,2020/12/12 2:25 PM,64.9,60.0,50.7,63.9,,,30.07,,,,,,,,,,,,,
Greenhouse,Temp & Humidity Sensor,2020/12/12 2:30 PM,64.5,60.0,50.3,63.5,,,30.07,,,,,,,,,,,,,
Greenhouse,Temp & Humidity Sensor,2020/12/12 2:35 PM,65.1,61.0,51.3,64.2,,,30.07,,,,,,,,,,,,,
Greenhouse,Temp & Humidity Sensor,2020/12/12 2:40 PM,64.0,62.0,50.7,63.0,,,30.07,,,,,,,,,,,,,
Greenhouse,Temp & Humidity Sensor,2020/12/12 2:45 PM,63.3,63.0,50.5,62.3,,,30.07,,,,,,,,,,,,,
Greenhouse,Temp & Humidity Sensor,2020/12/12 2:50 PM,62.9,64.0,50.5,61.9,,,30.07,,,,,,,,,,,,,
Greenhouse,Temp & Humidity Sensor,2020/12/12 2:55 PM,63.6,65.0,51.6,62.7,,,30.07,,,,,,,,,,,,,
Greenhouse,Temp & Humidity Sensor,2020/12/12 3:00 PM,64.4,62.0,51.1,63.5,,,30.07,,,,,,,,,,,,,
Greenhouse,Temp & Humidity Sensor,2020/12/12 3:05 PM,62.2,64.0,49.9,61.1,,,30.07,,,,,,,,,,,,,
Greenhouse,Temp & Humidity Sensor,2020/12/12 3:10 PM,62.2,65.0,50.3,61.2,,,30.07,,,,,,,,,,,,,
Greenhouse,Temp & Humidity Sensor,2020/12/12 3:15 PM,61.8,66.0,50.3,60.8,,,30.07,,,,,,,,,,,,,
Greenhouse,Temp & Humidity Sensor,2020/12/12 3:20 PM,61.7,66.0,50.2,60.7,,,30.07,,,,,,,,,,,,,
Greenhouse,Temp & Humidity Sensor,2020/12/12 3:25 PM,61.3,66.0,49.8,60.2,,,30.07,,,,,,,,,,,,,
Greenhouse,Temp & Humidity Sensor,2020/12/12 3:30 PM,60.8,67.0,49.8,59.7,,,30.07,,,,,,,,,,,,,
Greenhouse,Temp & Humidity Sensor,2020/12/12 3:35 PM,60.2,68.0,49.6,59.1,,,30.06,,,,,,,,,,,,,
Greenhouse,Temp & Humidity Sensor,2020/12/12 3:40 PM,59.7,68.0,49.1,58.6,,,30.06,,,,,,,,,,,,,
Greenhouse,Temp & Humidity Sensor,2020/12/12 3:45 PM,59.9,69.0,49.7,58.8,,,30.06,,,,,,,,,,,,,
Greenhouse,Temp & Humidity Sensor,2020/12/12 3:50 PM,59.9,69.0,49.7,58.8,,,30.06,,,,,,,,,,,,,
Greenhouse,Temp & Humidity Sensor,2020/12/12 3:55 PM,59.9,70.0,50.1,58.9,,,30.06,,,,,,,,,,,,,
Greenhouse,Temp & Humidity Sensor,2020/12/12 4:00 PM,59.5,70.0,49.7,58.4,,,30.07,,,,,,,,,,,,,
Greenhouse,Temp & Humidity Sensor,2020/12/12 4:05 PM,59.1,70.0,49.3,58.0,,,30.07,,,,,,,,,,,,,
Greenhouse,Temp & Humidity Sensor,2020/12/12 4:10 PM,58.8,71.0,49.4,57.7,,,30.06,,,,,,,,,,,,,
Greenhouse,Temp & Humidity Sensor,2020/12/12 4:15 PM,58.4,71.0,49.0,57.3,,,30.06,,,,,,,,,,,,,
Greenhouse,Temp & Humidity Sensor,2020/12/12 4:20 PM,58.2,72.0,49.2,57.1,,,30.07,,,,,,,,,,,,,
Greenhouse,Temp & Humidity Sensor,2020/12/12 4:25 PM,57.9,73.0,49.3,56.8,,,30.06,,,,,,,,,,,,,
Greenhouse,Temp & Humidity Sensor,2020/12/12 4:30 PM,57.5,73.0,48.9,56.4,,,30.06,,,,,,,,,,,,,
Greenhouse,Temp & Humidity Sensor,2020/12/12 4:35 PM,57.2,73.0,48.6,56.1,,,30.06,,,,,,,,,,,,,
Greenhouse,Temp & Humidity Sensor,2020/12/12 4:40 PM,57.3,74.0,49.1,56.2,,,30.06,,,,,,,,,,,,,
Greenhouse,Temp & Humidity Sensor,2020/12/12 4:45 PM,57.2,74.0,49.0,56.1,,,30.07,,,,,,,,,,,,,
Greenhouse,Temp & Humidity Sensor,2020/12/12 4:50 PM,57.0,75.0,49.2,55.9,,,30.06,,,,,,,,,,,,,
Greenhouse,Temp & Humidity Sensor,2020/12/12 4:55 PM,56.8,75.0,49.0,55.7,,,30.06,,,,,,,,,,,,,
Greenhouse,Temp & Humidity Sensor,2020/12/12 5:00 PM,56.6,75.0,48.8,55.5,,,30.06,,,,,,,,,,,,,
Greenhouse,Temp & Humidity Sensor,2020/12/12 5:05 PM,56.4,75.0,48.6,55.3,,,30.06,,,,,,,,,,,,,
Greenhouse,Temp & Humidity Sensor,2020/12/12 5:10 PM,56.4,76.0,48.9,55.3,,,30.06,,,,,,,,,,,,,
Greenhouse,Temp & Humidity Sensor,2020/12/12 5:15 PM,56.3,76.0,48.8,55.2,,,30.06,,,,,,,,,,,,,
Greenhouse,Temp & Humidity Sensor,2020/12/12 5:20 PM,56.1,76.0,48.6,55.0,,,30.06,,,,,,,,,,,,,
Greenhouse,Temp & Humidity Sensor,2020/12/12 5:25 PM,56.3,76.0,48.8,55.2,,,30.06,,,,,,,,,,,,,
Greenhouse,Temp & Humidity Sensor,2020/12/12 5:30 PM,56.1,76.0,48.6,55.0,,,30.06,,,,,,,,,,,,,
Greenhouse,Temp & Humidity Sensor,2020/12/12 5:35 PM,56.1,76.0,48.6,55.0,,,30.06,,,,,,,,,,,,,
Greenhouse,Temp & Humidity Sensor,2020/12/12 5:40 PM,55.9,76.0,48.4,54.8,,,30.06,,,,,,,,,,,,,
Greenhouse,Temp & Humidity Sensor,2020/12/12 5:45 PM,55.9,77.0,48.8,54.8,,,30.06,,,,,,,,,,,,,
Greenhouse,Temp & Humidity Sensor,2020/12/12 5:50 PM,55.9,77.0,48.8,54.8,,,30.06,,,,,,,,,,,,,
Greenhouse,Temp & Humidity Sensor,2020/12/12 5:55 PM,55.7,77.0,48.6,54.6,,,30.06,,,,,,,,,,,,,
Greenhouse,Temp & Humidity Sensor,2020/12/12 6:00 PM,55.5,77.0,48.4,54.4,,,30.06,,,,,,,,,,,,,
Greenhouse,Temp & Humidity Sensor,2020/12/12 6:05 PM,55.5,77.0,48.4,54.4,,,30.06,,,,,,,,,,,,,
Greenhouse,Temp & Humidity Sensor,2020/12/12 6:10 PM,55.4,78.0,48.7,54.3,,,30.06,,,,,,,,,,,,,
Greenhouse,Temp & Humidity Sensor,2020/12/12 6:15 PM,55.5,78.0,48.8,54.4,,,30.06,,,,,,,,,,,,,
Greenhouse,Temp & Humidity Sensor,2020/12/12 6:20 PM,55.4,78.0,48.7,54.3,,,30.06,,,,,,,,,,,,,
Greenhouse,Temp & Humidity Sensor,2020/12/12 6:25 PM,55.4,79.0,49.0,54.4,,,30.06,,,,,,,,,,,,,
Greenhouse,Temp & Humidity Sensor,2020/12/12 6:30 PM,55.2,79.0,48.8,54.1,,,30.06,,,,,,,,,,,,,
Greenhouse,Temp & Humidity Sensor,2020/12/12 6:35 PM,54.8,79.0,48.4,53.7,,,30.06,,,,,,,,,,,,,
Greenhouse,Temp & Humidity Sensor,2020/12/12 6:40 PM,54.6,80.0,48.6,53.5,,,30.06,,,,,,,,,,,,,
Greenhouse,Temp & Humidity Sensor,2020/12/12 6:45 PM,54.5,81.0,48.8,53.5,,,30.06,,,,,,,,,,,,,
Greenhouse,Temp & Humidity Sensor,2020/12/12 6:50 PM,54.1,81.0,48.4,53.0,,,30.05,,,,,,,,,,,,,
Greenhouse,Temp & Humidity Sensor,2020/12/12 6:55 PM,54.1,81.0,48.4,53.0,,,30.05,,,,,,,,,,,,,
Greenhouse,Temp & Humidity Sensor,2020/12/12 7:00 PM,53.9,83.0,48.9,52.9,,,30.06,,,,,,,,,,,,,
Greenhouse,Temp & Humidity Sensor,2020/12/12 7:05 PM,53.7,82.0,48.3,52.6,,,30.06,,,,,,,,,,,,,
Greenhouse,Temp & Humidity Sensor,2020/12/12 7:10 PM,53.7,83.0,48.7,52.7,,,30.06,,,,,,,,,,,,,
Greenhouse,Temp & Humidity Sensor,2020/12/12 7:15 PM,53.9,84.0,49.2,52.9,,,30.06,,,,,,,,,,,,,
Greenhouse,Temp & Humidity Sensor,2020/12/12 7:20 PM,53.7,83.0,48.7,52.7,,,30.06,,,,,,,,,,,,,
Greenhouse,Temp & Humidity Sensor,2020/12/12 7:25 PM,53.7,84.0,49.0,52.7,,,30.06,,,,,,,,,,,,,
Greenhouse,Temp & Humidity Sensor,2020/12/12 7:30 PM,54.1,84.0,49.4,53.2,,,30.06,,,,,,,,,,,,,
Greenhouse,Temp & Humidity Sensor,2020/12/12 7:35 PM,54.3,84.0,49.6,53.4,,,30.06,,,,,,,,,,,,,
Greenhouse,Temp & Humidity Sensor,2020/12/12 7:40 PM,54.3,84.0,49.6,53.4,,,30.06,,,,,,,,,,,,,
Greenhouse,Temp & Humidity Sensor,2020/12/12 7:45 PM,54.5,84.0,49.8,53.6,,,30.06,,,,,,,,,,,,,
Greenhouse,Temp & Humidity Sensor,2020/12/12 7:50 PM,54.6,84.0,49.9,53.7,,,30.06,,,,,,,,,,,,,
Greenhouse,Temp & Humidity Sensor,2020/12/12 7:55 PM,54.5,85.0,50.1,53.6,,,30.06,,,,,,,,,,,,,
Greenhouse,Temp & Humidity Sensor,2020/12/12 8:00 PM,54.3,85.0,49.9,53.4,,,30.06,,,,,,,,,,,,,
Greenhouse,Temp & Humidity Sensor,2020/12/12 8:05 PM,53.9,85.0,49.5,53.0,,,30.06,,,,,,,,,,,,,
Greenhouse,Temp & Humidity Sensor,2020/12/12 8:10 PM,53.9,85.0,49.5,53.0,,,30.06,,,,,,,,,,,,,
Greenhouse,Temp & Humidity Sensor,2020/12/12 8:15 PM,53.9,84.0,49.2,52.9,,,30.06,,,,,,,,,,,,,
Greenhouse,Temp & Humidity Sensor,2020/12/12 8:20 PM,53.9,85.0,49.5,53.0,,,30.06,,,,,,,,,,,,,
Greenhouse,Temp & Humidity Sensor,2020/12/12 8:25 PM,53.9,85.0,49.5,53.0,,,30.06,,,,,,,,,,,,,
Greenhouse,Temp & Humidity Sensor,2020/12/12 8:30 PM,53.7,85.0,49.3,52.8,,,30.07,,,,,,,,,,,,,
Greenhouse,Temp & Humidity Sensor,2020/12/12 8:35 PM,53.7,86.0,49.6,52.8,,,30.07,,,,,,,,,,,,,
Greenhouse,Temp & Humidity Sensor,2020/12/12 8:40 PM,53.9,86.0,49.8,53.0,,,30.06,,,,,,,,,,,,,
Greenhouse,Temp & Humidity Sensor,2020/12/12 8:45 PM,53.9,87.0,50.1,53.1,,,30.06,,,,,,,,,,,,,
Greenhouse,Temp & Humidity Sensor,2020/12/12 8:50 PM,53.9,86.0,49.8,53.0,,,30.06,,,,,,,,,,,,,
Greenhouse,Temp & Humidity Sensor,2020/12/12 8:55 PM,53.9,87.0,50.1,53.1,,,30.06,,,,,,,,,,,,,
Greenhouse,Temp & Humidity Sensor,2020/12/12 9:00 PM,53.7,87.0,49.9,52.9,,,30.06,,,,,,,,,,,,,
Greenhouse,Temp & Humidity Sensor,2020/12/12 9:05 PM,53.6,87.0,49.8,52.7,,,30.07,,,,,,,,,,,,,
Greenhouse,Temp & Humidity Sensor,2020/12/12 9:10 PM,53.6,87.0,49.8,52.7,,,30.06,,,,,,,,,,,,,
Greenhouse,Temp & Humidity Sensor,2020/12/12 9:15 PM,53.6,88.0,50.1,52.8,,,30.06,,,,,,,,,,,,,
Greenhouse,Temp & Humidity Sensor,2020/12/12 9:20 PM,53.6,88.0,50.1,52.8,,,30.07,,,,,,,,,,,,,
Greenhouse,Temp & Humidity Sensor,2020/12/12 9:25 PM,53.6,88.0,50.1,52.8,,,30.07,,,,,,,,,,,,,
Greenhouse,Temp & Humidity Sensor,2020/12/12 9:30 PM,53.7,88.0,50.2,52.9,,,30.06,,,,,,,,,,,,,
Greenhouse,Temp & Humidity Sensor,2020/12/12 9:35 PM,53.6,88.0,50.1,52.8,,,30.07,,,,,,,,,,,,,
Greenhouse,Temp & Humidity Sensor,2020/12/12 9:40 PM,53.7,88.0,50.2,52.9,,,30.07,,,,,,,,,,,,,
Greenhouse,Temp & Humidity Sensor,2020/12/12 9:45 PM,53.9,88.0,50.4,53.1,,,30.07,,,,,,,,,,,,,
Greenhouse,Temp & Humidity Sensor,2020/12/12 9:50 PM,54.1,88.0,50.6,53.3,,,30.07,,,,,,,,,,,,,
Greenhouse,Temp & Humidity Sensor,2020/12/12 10:00 PM,54.5,88.0,51.0,53.8,,,30.07,,,,,,,,,,,,,
Greenhouse,Temp & Humidity Sensor,2020/12/12 10:05 PM,54.6,89.0,51.4,53.9,,,30.07,,,,,,,,,,,,,
Greenhouse,Temp & Humidity Sensor,2020/12/12 10:10 PM,54.5,88.0,51.0,53.8,,,30.08,,,,,,,,,,,,,
Greenhouse,Temp & Humidity Sensor,2020/12/12 10:15 PM,54.6,89.0,51.4,53.9,,,30.08,,,,,,,,,,,,,
Greenhouse,Temp & Humidity Sensor,2020/12/12 10:20 PM,55.0,89.0,51.8,54.4,,,30.08,,,,,,,,,,,,,
Greenhouse,Temp & Humidity Sensor,2020/12/12 10:25 PM,55.2,89.0,52.0,54.6,,,30.08,,,,,,,,,,,,,
Greenhouse,Temp & Humidity Sensor,2020/12/12 10:30 PM,55.4,88.0,51.9,54.8,,,30.08,,,,,,,,,,,,,
Greenhouse,Temp & Humidity Sensor,2020/12/12 10:35 PM,55.5,88.0,52.0,54.9,,,30.07,,,,,,,,,,,,,
Greenhouse,Temp & Humidity Sensor,2020/12/12 10:40 PM,55.5,88.0,52.0,54.9,,,30.07,,,,,,,,,,,,,
Greenhouse,Temp & Humidity Sensor,2020/12/12 10:45 PM,55.5,88.0,52.0,54.9,,,30.07,,,,,,,,,,,,,
Greenhouse,Temp & Humidity Sensor,2020/12/12 10:50 PM,55.4,87.0,51.6,54.7,,,30.06,,,,,,,,,,,,,
Greenhouse,Temp & Humidity Sensor,2020/12/12 10:55 PM,55.4,87.0,51.6,54.7,,,30.06,,,,,,,,,,,,,
Greenhouse,Temp & Humidity Sensor,2020/12/12 11:00 PM,55.7,88.0,52.2,55.1,,,30.06,,,,,,,,,,,,,
Greenhouse,Temp & Humidity Sensor,2020/12/12 11:05 PM,55.7,87.0,51.9,55.1,,,30.07,,,,,,,,,,,,,
Greenhouse,Temp & Humidity Sensor,2020/12/12 11:10 PM,56.1,87.0,52.3,55.5,,,30.06,,,,,,,,,,,,,
Greenhouse,Temp & Humidity Sensor,2020/12/12 11:15 PM,56.1,87.0,52.3,55.5,,,30.06,,,,,,,,,,,,,
Greenhouse,Temp & Humidity Sensor,2020/12/12 11:20 PM,56.1,87.0,52.3,55.5,,,30.07,,,,,,,,,,,,,
Greenhouse,Temp & Humidity Sensor,2020/12/12 11:25 PM,56.1,87.0,52.3,55.5,,,30.07,,,,,,,,,,,,,
Greenhouse,Temp & Humidity Sensor,2020/12/12 11:30 PM,56.1,87.0,52.3,55.5,,,30.07,,,,,,,,,,,,,
Greenhouse,Temp & Humidity Sensor,2020/12/12 11:35 PM,56.3,87.0,52.5,55.7,,,30.07,,,,,,,,,,,,,
Greenhouse,Temp & Humidity Sensor,2020/12/12 11:40 PM,56.3,87.0,52.5,55.7,,,30.07,,,,,,,,,,,,,
Greenhouse,Temp & Humidity Sensor,2020/12/12 11:45 PM,56.3,87.0,52.5,55.7,,,30.07,,,,,,,,,,,,,
Greenhouse,Temp & Humidity Sensor,2020/12/12 11:50 PM,56.3,87.0,52.5,55.7,,,30.07,,,,,,,,,,,,,
Greenhouse,Temp & Humidity Sensor,2020/12/12 11:55 PM,56.4,87.0,52.6,55.8,,,30.07,,,,,,,,,,,,,
Greenhouse,Temp & Humidity Sensor,2020/12/13 12:00 AM,56.4,87.0,52.6,55.8,,,30.07,,,,,,,,,,,,,
Greenhouse,Temp & Humidity Sensor,2020/12/13 12:05 AM,56.4,87.0,52.6,55.8,,,30.07,,,,,,,,,,,,,
Greenhouse,Temp & Humidity Sensor,2020/12/13 12:10 AM,56.6,87.0,52.8,56.0,,,30.07,,,,,,,,,,,,,
Greenhouse,Temp & Humidity Sensor,2020/12/13 12:15 AM,56.4,87.0,52.6,55.8,,,30.07,,,,,,,,,,,,,
Greenhouse,Temp & Humidity Sensor,2020/12/13 12:20 AM,56.4,87.0,52.6,55.8,,,30.07,,,,,,,,,,,,,
Greenhouse,Temp & Humidity Sensor,2020/12/13 12:25 AM,56.3,87.0,52.5,55.7,,,30.07,,,,,,,,,,,,,
Greenhouse,Temp & Humidity Sensor,2020/12/13 12:35 AM,56.1,87.0,52.3,55.5,,,30.06,,,,,,,,,,,,,
Greenhouse,Temp & Humidity Sensor,2020/12/13 12:40 AM,55.9,87.0,52.1,55.3,,,30.07,,,,,,,,,,,,,
Greenhouse,Temp & Humidity Sensor,2020/12/13 12:45 AM,55.9,87.0,52.1,55.3,,,30.07,,,,,,,,,,,,,
Greenhouse,Temp & Humidity Sensor,2020/12/13 12:50 AM,55.7,87.0,51.9,55.1,,,30.06,,,,,,,,,,,,,
Greenhouse,Temp & Humidity Sensor,2020/12/13 12:55 AM,55.9,87.0,52.1,55.3,,,30.06,,,,,,,,,,,,,
Greenhouse,Temp & Humidity Sensor,2020/12/13 1:00 AM,55.7,87.0,51.9,55.1,,,30.06,,,,,,,,,,,,,
Greenhouse,Temp & Humidity Sensor,2020/12/13 1:05 AM,55.7,88.0,52.2,55.1,,,30.06,,,,,,,,,,,,,
Greenhouse,Temp & Humidity Sensor,2020/12/13 1:10 AM,55.5,88.0,52.0,54.9,,,30.06,,,,,,,,,,,,,
Greenhouse,Temp & Humidity Sensor,2020/12/13 1:15 AM,55.7,88.0,52.2,55.1,,,30.06,,,,,,,,,,,,,
Greenhouse,Temp & Humidity Sensor,2020/12/13 1:20 AM,55.4,88.0,51.9,54.8,,,30.06,,,,,,,,,,,,,
Greenhouse,Temp & Humidity Sensor,2020/12/13 1:25 AM,55.5,88.0,52.0,54.9,,,30.06,,,,,,,,,,,,,
Greenhouse,Temp & Humidity Sensor,2020/12/13 1:30 AM,55.5,88.0,52.0,54.9,,,30.06,,,,,,,,,,,,,
Greenhouse,Temp & Humidity Sensor,2020/12/13 1:35 AM,55.7,88.0,52.2,55.1,,,30.06,,,,,,,,,,,,,
Greenhouse,Temp & Humidity Sensor,2020/12/13 1:40 AM,55.7,88.0,52.2,55.1,,,30.06,,,,,,,,,,,,,
Greenhouse,Temp & Humidity Sensor,2020/12/13 1:45 AM,55.5,88.0,52.0,54.9,,,30.06,,,,,,,,,,,,,
Greenhouse,Temp & Humidity Sensor,2020/12/13 1:50 AM,55.4,88.0,51.9,54.8,,,30.06,,,,,,,,,,,,,
Greenhouse,Temp & Humidity Sensor,2020/12/13 1:55 AM,55.4,88.0,51.9,54.8,,,30.06,,,,,,,,,,,,,
Greenhouse,Temp & Humidity Sensor,2020/12/13 2:00 AM,55.5,88.0,52.0,54.9,,,30.06,,,,,,,,,,,,,
Greenhouse,Temp & Humidity Sensor,2020/12/13 2:05 AM,55.5,88.0,52.0,54.9,,,30.06,,,,,,,,,,,,,
Greenhouse,Temp & Humidity Sensor,2020/12/13 2:10 AM,55.9,88.0,52.4,55.3,,,30.06,,,,,,,,,,,,,
Greenhouse,Temp & Humidity Sensor,2020/12/13 2:15 AM,55.7,88.0,52.2,55.1,,,30.06,,,,,,,,,,,,,
Greenhouse,Temp & Humidity Sensor,2020/12/13 2:20 AM,55.9,88.0,52.4,55.3,,,30.07,,,,,,,,,,,,,
Greenhouse,Temp & Humidity Sensor,2020/12/13 2:25 AM,55.9,88.0,52.4,55.3,,,30.06,,,,,,,,,,,,,
Greenhouse,Temp & Humidity Sensor,2020/12/13 2:30 AM,56.1,88.0,52.6,55.5,,,30.06,,,,,,,,,,,,,
Greenhouse,Temp & Humidity Sensor,2020/12/13 2:35 AM,56.1,88.0,52.6,55.5,,,30.07,,,,,,,,,,,,,
Greenhouse,Temp & Humidity Sensor,2020/12/13 2:40 AM,56.1,88.0,52.6,55.5,,,30.07,,,,,,,,,,,,,
Greenhouse,Temp & Humidity Sensor,2020/12/13 2:45 AM,56.3,88.0,52.8,55.8,,,30.07,,,,,,,,,,,,,
Greenhouse,Temp & Humidity Sensor,2020/12/13 2:50 AM,56.1,88.0,52.6,55.5,,,30.07,,,,,,,,,,,,,
Greenhouse,Temp & Humidity Sensor,2020/12/13 2:55 AM,56.1,88.0,52.6,55.5,,,30.08,,,,,,,,,,,,,
Greenhouse,Temp & Humidity Sensor,2020/12/13 3:00 AM,56.1,88.0,52.6,55.5,,,30.08,,,,,,,,,,,,,
Greenhouse,Temp & Humidity Sensor,2020/12/13 3:05 AM,56.3,89.0,53.1,55.8,,,30.07,,,,,,,,,,,,,
Greenhouse,Temp & Humidity Sensor,2020/12/13 3:10 AM,56.1,89.0,52.9,55.6,,,30.07,,,,,,,,,,,,,
Greenhouse,Temp & Humidity Sensor,2020/12/13 3:15 AM,56.3,89.0,53.1,55.8,,,30.08,,,,,,,,,,,,,
Greenhouse,Temp & Humidity Sensor,2020/12/13 3:20 AM,56.1,89.0,52.9,55.6,,,30.08,,,,,,,,,,,,,
Greenhouse,Temp & Humidity Sensor,2020/12/13 3:25 AM,56.1,89.0,52.9,55.6,,,30.08,,,,,,,,,,,,,
Greenhouse,Temp & Humidity Sensor,2020/12/13 3:30 AM,56.1,89.0,52.9,55.6,,,30.08,,,,,,,,,,,,,
Greenhouse,Temp & Humidity Sensor,2020/12/13 3:35 AM,56.3,89.0,53.1,55.8,,,30.08,,,,,,,,,,,,,
Greenhouse,Temp & Humidity Sensor,2020/12/13 3:40 AM,56.1,90.0,53.2,55.6,,,30.08,,,,,,,,,,,,,
Greenhouse,Temp & Humidity Sensor,2020/12/13 3:45 AM,56.1,89.0,52.9,55.6,,,30.07,,,,,,,,,,,,,
Greenhouse,Temp & Humidity Sensor,2020/12/13 3:50 AM,56.4,90.0,53.5,56.0,,,30.07,,,,,,,,,,,,,
Greenhouse,Temp & Humidity Sensor,2020/12/13 3:55 AM,56.3,90.0,53.4,55.9,,,30.07,,,,,,,,,,,,,
Greenhouse,Temp & Humidity Sensor,2020/12/13 4:00 AM,56.3,90.0,53.4,55.9,,,30.07,,,,,,,,,,,,,
Greenhouse,Temp & Humidity Sensor,2020/12/13 4:05 AM,56.3,90.0,53.4,55.9,,,30.07,,,,,,,,,,,,,
Greenhouse,Temp & Humidity Sensor,2020/12/13 4:10 AM,56.3,90.0,53.4,55.9,,,30.07,,,,,,,,,,,,,
Greenhouse,Temp & Humidity Sensor,2020/12/13 4:15 AM,56.3,90.0,53.4,55.9,,,30.07,,,,,,,,,,,,,
Greenhouse,Temp & Humidity Sensor,2020/12/13 4:20 AM,56.3,90.0,53.4,55.9,,,30.07,,,,,,,,,,,,,
Greenhouse,Temp & Humidity Sensor,2020/12/13 4:25 AM,56.3,90.0,53.4,55.9,,,30.07,,,,,,,,,,,,,
Greenhouse,Temp & Humidity Sensor,2020/12/13 4:30 AM,56.3,90.0,53.4,55.9,,,30.06,,,,,,,,,,,,,
Greenhouse,Temp & Humidity Sensor,2020/12/13 4:35 AM,56.4,90.0,53.5,56.0,,,30.07,,,,,,,,,,,,,
Greenhouse,Temp & Humidity Sensor,2020/12/13 4:40 AM,56.4,90.0,53.5,56.0,,,30.07,,,,,,,,,,,,,
Greenhouse,Temp & Humidity Sensor,2020/12/13 4:45 AM,56.4,90.0,53.5,56.0,,,30.07,,,,,,,,,,,,,
Greenhouse,Temp & Humidity Sensor,2020/12/13 4:50 AM,56.4,90.0,53.5,56.0,,,30.07,,,,,,,,,,,,,
Greenhouse,Temp & Humidity Sensor,2020/12/13 4:55 AM,56.4,90.0,53.5,56.0,,,30.08,,,,,,,,,,,,,
Greenhouse,Temp & Humidity Sensor,2020/12/13 5:00 AM,56.4,90.0,53.5,56.0,,,30.07,,,,,,,,,,,,,
Greenhouse,Temp & Humidity Sensor,2020/12/13 5:05 AM,56.6,90.0,53.7,56.2,,,30.07,,,,,,,,,,,,,
Greenhouse,Temp & Humidity Sensor,2020/12/13 5:10 AM,56.8,91.0,54.2,56.5,,,30.08,,,,,,,,,,,,,
Greenhouse,Temp & Humidity Sensor,2020/12/13 5:15 AM,56.8,91.0,54.2,56.5,,,30.08,,,,,,,,,,,,,
Greenhouse,Temp & Humidity Sensor,2020/12/13 5:20 AM,56.6,91.0,54.0,56.2,,,30.08,,,,,,,,,,,,,
Greenhouse,Temp & Humidity Sensor,2020/12/13 5:25 AM,56.8,92.0,54.5,56.5,,,30.08,,,,,,,,,,,,,
Greenhouse,Temp & Humidity Sensor,2020/12/13 5:30 AM,57.0,92.0,54.7,56.7,,,30.08,,,,,,,,,,,,,
Greenhouse,Temp & Humidity Sensor,2020/12/13 5:35 AM,57.0,92.0,54.7,56.7,,,30.08,,,,,,,,,,,,,
Greenhouse,Temp & Humidity Sensor,2020/12/13 5:40 AM,57.0,92.0,54.7,56.7,,,30.08,,,,,,,,,,,,,
Greenhouse,Temp & Humidity Sensor,2020/12/13 5:45 AM,57.0,92.0,54.7,56.7,,,30.08,,,,,,,,,,,,,
Greenhouse,Temp & Humidity Sensor,2020/12/13 5:50 AM,57.0,92.0,54.7,56.7,,,30.08,,,,,,,,,,,,,
Greenhouse,Temp & Humidity Sensor,2020/12/13 5:55 AM,57.2,91.0,54.6,56.9,,,30.07,,,,,,,,,,,,,
Greenhouse,Temp & Humidity Sensor,2020/12/13 6:00 AM,57.2,91.0,54.6,56.9,,,30.07,,,,,,,,,,,,,
Greenhouse,Temp & Humidity Sensor,2020/12/13 6:05 AM,57.0,92.0,54.7,56.7,,,30.07,,,,,,,,,,,,,
Greenhouse,Temp & Humidity Sensor,2020/12/13 6:10 AM,57.2,91.0,54.6,56.9,,,30.08,,,,,,,,,,,,,
Greenhouse,Temp & Humidity Sensor,2020/12/13 6:15 AM,57.2,91.0,54.6,56.9,,,30.08,,,,,,,,,,,,,
Greenhouse,Temp & Humidity Sensor,2020/12/13 6:20 AM,57.2,91.0,54.6,56.9,,,30.08,,,,,,,,,,,,,
Greenhouse,Temp & Humidity Sensor,2020/12/13 6:25 AM,57.2,91.0,54.6,56.9,,,30.08,,,,,,,,,,,,,
Greenhouse,Temp & Humidity Sensor,2020/12/13 6:30 AM,57.2,91.0,54.6,56.9,,,30.09,,,,,,,,,,,,,
Greenhouse,Temp & Humidity Sensor,2020/12/13 6:35 AM,57.2,91.0,54.6,56.9,,,30.09,,,,,,,,,,,,,
Greenhouse,Temp & Humidity Sensor,2020/12/13 6:40 AM,57.3,91.0,54.7,57.0,,,30.09,,,,,,,,,,,,,
Greenhouse,Temp & Humidity Sensor,2020/12/13 6:45 AM,57.3,91.0,54.7,57.0,,,30.09,,,,,,,,,,,,,
Greenhouse,Temp & Humidity Sensor,2020/12/13 6:50 AM,57.3,92.0,55.0,57.1,,,30.09,,,,,,,,,,,,,
Greenhouse,Temp & Humidity Sensor,2020/12/13 6:55 AM,57.3,92.0,55.0,57.1,,,30.09,,,,,,,,,,,,,
Greenhouse,Temp & Humidity Sensor,2020/12/13 7:00 AM,57.5,92.0,55.2,57.3,,,30.1,,,,,,,,,,,,,
Greenhouse,Temp & Humidity Sensor,2020/12/13 7:05 AM,57.5,92.0,55.2,57.3,,,30.1,,,,,,,,,,,,,
Greenhouse,Temp & Humidity Sensor,2020/12/13 7:10 AM,57.5,92.0,55.2,57.3,,,30.09,,,,,,,,,,,,,
Greenhouse,Temp & Humidity Sensor,2020/12/13 7:15 AM,57.5,92.0,55.2,57.3,,,30.1,,,,,,,,,,,,,
Greenhouse,Temp & Humidity Sensor,2020/12/13 7:20 AM,57.7,92.0,55.4,57.5,,,30.1,,,,,,,,,,,,,
Greenhouse,Temp & Humidity Sensor,2020/12/13 7:25 AM,57.7,92.0,55.4,57.5,,,30.1,,,,,,,,,,,,,
Greenhouse,Temp & Humidity Sensor,2020/12/13 7:30 AM,57.5,92.0,55.2,57.3,,,30.1,,,,,,,,,,,,,
Greenhouse,Temp & Humidity Sensor,2020/12/13 7:35 AM,57.5,92.0,55.2,57.3,,,30.1,,,,,,,,,,,,,
Greenhouse,Temp & Humidity Sensor,2020/12/13 7:40 AM,57.3,92.0,55.0,57.1,,,30.1,,,,,,,,,,,,,
Greenhouse,Temp & Humidity Sensor,2020/12/13 7:45 AM,57.3,92.0,55.0,57.1,,,30.1,,,,,,,,,,,,,
Greenhouse,Temp & Humidity Sensor,2020/12/13 7:50 AM,57.3,92.0,55.0,57.1,,,30.1,,,,,,,,,,,,,
Greenhouse,Temp & Humidity Sensor,2020/12/13 7:55 AM,57.3,92.0,55.0,57.1,,,30.1,,,,,,,,,,,,,
Greenhouse,Temp & Humidity Sensor,2020/12/13 8:00 AM,57.5,92.0,55.2,57.3,,,30.1,,,,,,,,,,,,,
Greenhouse,Temp & Humidity Sensor,2020/12/13 8:05 AM,57.9,92.0,55.6,57.7,,,30.1,,,,,,,,,,,,,
Greenhouse,Temp & Humidity Sensor,2020/12/13 8:10 AM,58.2,92.0,55.9,58.0,,,30.11,,,,,,,,,,,,,
Greenhouse,Temp & Humidity Sensor,2020/12/13 8:15 AM,58.4,92.0,56.1,58.3,,,30.11,,,,,,,,,,,,,
Greenhouse,Temp & Humidity Sensor,2020/12/13 8:20 AM,58.6,92.0,56.3,58.5,,,30.12,,,,,,,,,,,,,
Greenhouse,Temp & Humidity Sensor,2020/12/13 8:25 AM,58.6,92.0,56.3,58.5,,,30.11,,,,,,,,,,,,,
Greenhouse,Temp & Humidity Sensor,2020/12/13 8:30 AM,58.8,92.0,56.5,58.7,,,30.11,,,,,,,,,,,,,
Greenhouse,Temp & Humidity Sensor,2020/12/13 8:35 AM,59.1,91.0,56.5,59.0,,,30.11,,,,,,,,,,,,,
Greenhouse,Temp & Humidity Sensor,2020/12/13 8:40 AM,59.5,91.0,56.9,59.4,,,30.11,,,,,,,,,,,,,
Greenhouse,Temp & Humidity Sensor,2020/12/13 8:45 AM,59.9,91.0,57.3,59.9,,,30.11,,,,,,,,,,,,,
Greenhouse,Temp & Humidity Sensor,2020/12/13 8:50 AM,60.2,91.0,57.6,60.2,,,30.11,,,,,,,,,,,,,
Greenhouse,Temp & Humidity Sensor,2020/12/13 8:55 AM,60.4,91.0,57.8,60.4,,,30.11,,,,,,,,,,,,,
Greenhouse,Temp & Humidity Sensor,2020/12/13 9:00 AM,60.9,91.0,58.3,61.0,,,30.11,,,,,,,,,,,,,
Greenhouse,Temp & Humidity Sensor,2020/12/13 9:05 AM,61.3,91.0,58.6,61.4,,,30.11,,,,,,,,,,,,,
Greenhouse,Temp & Humidity Sensor,2020/12/13 9:10 AM,61.7,91.0,59.0,61.8,,,30.11,,,,,,,,,,,,,
Greenhouse,Temp & Humidity Sensor,2020/12/13 9:15 AM,62.0,91.0,59.3,62.2,,,30.12,,,,,,,,,,,,,
Greenhouse,Temp & Humidity Sensor,2020/12/13 9:20 AM,62.4,91.0,59.7,62.6,,,30.12,,,,,,,,,,,,,
Greenhouse,Temp & Humidity Sensor,2020/12/13 9:25 AM,62.7,90.0,59.7,62.9,,,30.12,,,,,,,,,,,,,
Greenhouse,Temp & Humidity Sensor,2020/12/13 9:30 AM,63.1,90.0,60.1,63.3,,,30.12,,,,,,,,,,,,,
Greenhouse,Temp & Humidity Sensor,2020/12/13 9:35 AM,63.5,90.0,60.5,63.8,,,30.12,,,,,,,,,,,,,
Greenhouse,Temp & Humidity Sensor,2020/12/13 9:40 AM,63.5,90.0,60.5,63.8,,,30.11,,,,,,,,,,,,,
Greenhouse,Temp & Humidity Sensor,2020/12/13 9:45 AM,63.3,90.0,60.3,63.6,,,30.11,,,,,,,,,,,,,
Greenhouse,Temp & Humidity Sensor,2020/12/13 9:50 AM,63.3,90.0,60.3,63.6,,,30.11,,,,,,,,,,,,,
Greenhouse,Temp & Humidity Sensor,2020/12/13 9:55 AM,63.8,90.0,60.8,64.1,,,30.11,,,,,,,,,,,,,
Greenhouse,Temp & Humidity Sensor,2020/12/13 10:00 AM,64.7,89.0,61.4,65.1,,,30.11,,,,,,,,,,,,,
Greenhouse,Temp & Humidity Sensor,2020/12/13 10:05 AM,66.7,88.0,63.0,67.2,,,30.11,,,,,,,,,,,,,
Greenhouse,Temp & Humidity Sensor,2020/12/13 10:10 AM,66.2,87.0,62.2,66.6,,,30.11,,,,,,,,,,,,,
Greenhouse,Temp & Humidity Sensor,2020/12/13 10:15 AM,65.6,88.0,61.9,66.0,,,30.11,,,,,,,,,,,,,
Greenhouse,Temp & Humidity Sensor,2020/12/13 10:20 AM,65.4,87.0,61.4,65.7,,,30.1,,,,,,,,,,,,,
Greenhouse,Temp & Humidity Sensor,2020/12/13 10:25 AM,65.6,87.0,61.6,65.9,,,30.1,,,,,,,,,,,,,
Greenhouse,Temp & Humidity Sensor,2020/12/13 10:30 AM,64.9,87.0,60.9,65.2,,,30.11,,,,,,,,,,,,,
Greenhouse,Temp & Humidity Sensor,2020/12/13 10:35 AM,64.7,87.0,60.7,65.0,,,30.11,,,,,,,,,,,,,
Greenhouse,Temp & Humidity Sensor,2020/12/13 10:40 AM,65.1,88.0,61.5,65.4,,,30.11,,,,,,,,,,,,,
Greenhouse,Temp & Humidity Sensor,2020/12/13 10:45 AM,65.3,87.0,61.3,65.6,,,30.11,,,,,,,,,,,,,
Greenhouse,Temp & Humidity Sensor,2020/12/13 10:50 AM,65.4,87.0,61.4,65.7,,,30.11,,,,,,,,,,,,,
Greenhouse,Temp & Humidity Sensor,2020/12/13 10:55 AM,66.5,85.0,61.8,66.8,,,30.1,,,,,,,,,,,,,
Greenhouse,Temp & Humidity Sensor,2020/12/13 11:00 AM,68.1,83.0,62.7,68.5,,,30.1,,,,,,,,,,,,,
Greenhouse,Temp & Humidity Sensor,2020/12/13 11:05 AM,67.1,82.0,61.4,67.4,,,30.1,,,,,,,,,,,,,
Greenhouse,Temp & Humidity Sensor,2020/12/13 11:10 AM,67.1,79.0,60.4,67.2,,,30.1,,,,,,,,,,,,,
Greenhouse,Temp & Humidity Sensor,2020/12/13 11:15 AM,68.1,78.0,61.0,68.3,,,30.1,,,,,,,,,,,,,
Greenhouse,Temp & Humidity Sensor,2020/12/13 11:20 AM,68.3,78.0,61.2,68.5,,,30.1,,,,,,,,,,,,,
Greenhouse,Temp & Humidity Sensor,2020/12/13 11:25 AM,69.0,78.0,61.8,69.3,,,30.09,,,,,,,,,,,,,
Greenhouse,Temp & Humidity Sensor,2020/12/13 11:30 AM,68.7,74.0,60.1,68.7,,,30.09,,,,,,,,,,,,,
Greenhouse,Temp & Humidity Sensor,2020/12/13 11:35 AM,67.4,74.0,58.8,67.3,,,30.09,,,,,,,,,,,,,
Greenhouse,Temp & Humidity Sensor,2020/12/13 11:40 AM,66.5,75.0,58.3,66.4,,,30.09,,,,,,,,,,,,,
Greenhouse,Temp & Humidity Sensor,2020/12/13 11:45 AM,65.6,77.0,58.2,65.5,,,30.09,,,,,,,,,,,,,
Greenhouse,Temp & Humidity Sensor,2020/12/13 11:50 AM,65.3,78.0,58.3,65.2,,,30.08,,,,,,,,,,,,,
Greenhouse,Temp & Humidity Sensor,2020/12/13 11:55 AM,65.3,79.0,58.6,65.2,,,30.08,,,,,,,,,,,,,
Greenhouse,Temp & Humidity Sensor,2020/12/13 12:00 PM,65.3,79.0,58.6,65.2,,,30.08,,,,,,,,,,,,,
Greenhouse,Temp & Humidity Sensor,2020/12/13 12:05 PM,65.6,79.0,58.9,65.6,,,30.08,,,,,,,,,,,,,
Greenhouse,Temp & Humidity Sensor,2020/12/13 12:10 PM,65.8,79.0,59.1,65.8,,,30.08,,,,,,,,,,,,,
Greenhouse,Temp & Humidity Sensor,2020/12/13 12:15 PM,66.5,76.0,58.7,66.4,,,30.07,,,,,,,,,,,,,
Greenhouse,Temp & Humidity Sensor,2020/12/13 12:20 PM,66.5,76.0,58.7,66.4,,,30.07,,,,,,,,,,,,,
Greenhouse,Temp & Humidity Sensor,2020/12/13 12:25 PM,66.5,76.0,58.7,66.4,,,30.07,,,,,,,,,,,,,
Greenhouse,Temp & Humidity Sensor,2020/12/13 12:30 PM,66.9,76.0,59.1,66.9,,,30.07,,,,,,,,,,,,,
Greenhouse,Temp & Humidity Sensor,2020/12/13 12:35 PM,66.7,76.0,58.9,66.6,,,30.07,,,,,,,,,,,,,
Greenhouse,Temp & Humidity Sensor,2020/12/13 12:40 PM,66.9,76.0,59.1,66.9,,,30.07,,,,,,,,,,,,,
Greenhouse,Temp & Humidity Sensor,2020/12/13 12:45 PM,67.4,76.0,59.6,67.4,,,30.06,,,,,,,,,,,,,
Greenhouse,Temp & Humidity Sensor,2020/12/13 12:50 PM,67.4,74.0,58.8,67.3,,,30.06,,,,,,,,,,,,,
Greenhouse,Temp & Humidity Sensor,2020/12/13 12:55 PM,66.9,74.0,58.3,66.8,,,30.06,,,,,,,,,,,,,
Greenhouse,Temp & Humidity Sensor,2020/12/13 1:00 PM,68.1,71.0,58.3,67.9,,,30.06,,,,,,,,,,,,,
Greenhouse,Temp & Humidity Sensor,2020/12/13 1:05 PM,69.2,72.0,59.8,69.2,,,30.06,,,,,,,,,,,,,
Greenhouse,Temp & Humidity Sensor,2020/12/13 1:10 PM,69.0,69.0,58.4,68.8,,,30.05,,,,,,,,,,,,,
Greenhouse,Temp & Humidity Sensor,2020/12/13 1:15 PM,68.1,70.0,57.9,67.9,,,30.05,,,,,,,,,,,,,
Greenhouse,Temp & Humidity Sensor,2020/12/13 1:20 PM,68.7,69.0,58.1,68.5,,,30.05,,,,,,,,,,,,,
Greenhouse,Temp & Humidity Sensor,2020/12/13 1:25 PM,70.1,64.0,57.3,69.8,,,30.05,,,,,,,,,,,,,
Greenhouse,Temp & Humidity Sensor,2020/12/13 1:30 PM,70.7,65.0,58.3,70.5,,,30.05,,,,,,,,,,,,,
Greenhouse,Temp & Humidity Sensor,2020/12/13 1:35 PM,68.1,67.0,56.7,67.8,,,30.05,,,,,,,,,,,,,
Greenhouse,Temp & Humidity Sensor,2020/12/13 1:40 PM,68.0,68.0,57.0,67.7,,,30.04,,,,,,,,,,,,,
Greenhouse,Temp & Humidity Sensor,2020/12/13 1:45 PM,68.1,69.0,57.5,67.9,,,30.04,,,,,,,,,,,,,
Greenhouse,Temp & Humidity Sensor,2020/12/13 1:50 PM,68.3,69.0,57.7,68.1,,,30.04,,,,,,,,,,,,,
Greenhouse,Temp & Humidity Sensor,2020/12/13 1:55 PM,68.7,67.0,57.3,68.4,,,30.04,,,,,,,,,,,,,
Greenhouse,Temp & Humidity Sensor,2020/12/13 2:00 PM,70.7,70.0,60.4,70.8,,,30.04,,,,,,,,,,,,,
Greenhouse,Temp & Humidity Sensor,2020/12/13 2:05 PM,70.3,69.0,59.6,70.3,,,30.04,,,,,,,,,,,,,
Greenhouse,Temp & Humidity Sensor,2020/12/13 2:10 PM,67.2,70.0,57.1,66.9,,,30.04,,,,,,,,,,,,,
Greenhouse,Temp & Humidity Sensor,2020/12/13 2:15 PM,66.5,73.0,57.6,66.3,,,30.04,,,,,,,,,,,,,
Greenhouse,Temp & Humidity Sensor,2020/12/13 2:20 PM,65.8,74.0,57.3,65.6,,,30.03,,,,,,,,,,,,,
Greenhouse,Temp & Humidity Sensor,2020/12/13 2:25 PM,66.3,74.0,57.8,66.1,,,30.04,,,,,,,,,,,,,
Greenhouse,Temp & Humidity Sensor,2020/12/13 2:30 PM,69.9,73.0,60.8,70.0,,,30.04,,,,,,,,,,,,,
Greenhouse,Temp & Humidity Sensor,2020/12/13 2:35 PM,71.9,69.0,61.2,72.0,,,30.03,,,,,,,,,,,,,
Greenhouse,Temp & Humidity Sensor,2020/12/13 2:40 PM,72.1,71.0,62.2,72.3,,,30.04,,,,,,,,,,,,,
Greenhouse,Temp & Humidity Sensor,2020/12/13 2:45 PM,69.8,65.0,57.5,69.5,,,30.04,,,,,,,,,,,,,
Greenhouse,Temp & Humidity Sensor,2020/12/13 2:50 PM,68.7,69.0,58.1,68.5,,,30.03,,,,,,,,,,,,,
Greenhouse,Temp & Humidity Sensor,2020/12/13 2:55 PM,68.3,69.0,57.7,68.1,,,30.03,,,,,,,,,,,,,
Greenhouse,Temp & Humidity Sensor,2020/12/13 3:00 PM,70.1,70.0,59.9,70.1,,,30.03,,,,,,,,,,,,,
Greenhouse,Temp & Humidity Sensor,2020/12/13 3:05 PM,69.2,67.0,57.8,69.0,,,30.03,,,,,,,,,,,,,
Greenhouse,Temp & Humidity Sensor,2020/12/13 3:10 PM,68.7,71.0,58.9,68.6,,,30.04,,,,,,,,,,,,,
Greenhouse,Temp & Humidity Sensor,2020/12/13 3:15 PM,67.4,74.0,58.8,67.3,,,30.03,,,,,,,,,,,,,
Greenhouse,Temp & Humidity Sensor,2020/12/13 3:20 PM,66.9,75.0,58.7,66.8,,,30.03,,,,,,,,,,,,,
Greenhouse,Temp & Humidity Sensor,2020/12/13 3:25 PM,66.7,75.0,58.5,66.6,,,30.03,,,,,,,,,,,,,
Greenhouse,Temp & Humidity Sensor,2020/12/13 3:30 PM,66.9,76.0,59.1,66.9,,,30.03,,,,,,,,,,,,,
Greenhouse,Temp & Humidity Sensor,2020/12/13 3:35 PM,67.4,69.0,56.9,67.1,,,30.03,,,,,,,,,,,,,
Greenhouse,Temp & Humidity Sensor,2020/12/13 3:40 PM,67.2,71.0,57.5,67.0,,,30.03,,,,,,,,,,,,,
Greenhouse,Temp & Humidity Sensor,2020/12/13 3:45 PM,67.1,74.0,58.5,67.0,,,30.03,,,,,,,,,,,,,
Greenhouse,Temp & Humidity Sensor,2020/12/13 3:50 PM,66.3,74.0,57.8,66.1,,,30.03,,,,,,,,,,,,,
Greenhouse,Temp & Humidity Sensor,2020/12/13 3:55 PM,65.4,74.0,56.9,65.1,,,30.03,,,,,,,,,,,,,
Greenhouse,Temp & Humidity Sensor,2020/12/13 4:00 PM,64.7,76.0,57.0,64.4,,,30.03,,,,,,,,,,,,,
Greenhouse,Temp & Humidity Sensor,2020/12/13 4:05 PM,64.4,76.0,56.7,64.1,,,30.03,,,,,,,,,,,,,
Greenhouse,Temp & Humidity Sensor,2020/12/13 4:10 PM,63.8,77.0,56.4,63.5,,,30.03,,,,,,,,,,,,,
Greenhouse,Temp & Humidity Sensor,2020/12/13 4:15 PM,63.6,78.0,56.6,63.3,,,30.03,,,,,,,,,,,,,
Greenhouse,Temp & Humidity Sensor,2020/12/13 4:20 PM,63.3,78.0,56.3,63.0,,,30.03,,,,,,,,,,,,,
Greenhouse,Temp & Humidity Sensor,2020/12/13 4:25 PM,63.1,79.0,56.5,62.8,,,30.03,,,,,,,,,,,,,
Greenhouse,Temp & Humidity Sensor,2020/12/13 4:30 PM,62.6,79.0,56.0,62.3,,,30.03,,,,,,,,,,,,,
Greenhouse,Temp & Humidity Sensor,2020/12/13 4:35 PM,62.4,80.0,56.1,62.1,,,30.04,,,,,,,,,,,,,
Greenhouse,Temp & Humidity Sensor,2020/12/13 4:40 PM,62.0,81.0,56.1,61.7,,,30.03,,,,,,,,,,,,,
Greenhouse,Temp & Humidity Sensor,2020/12/13 4:45 PM,61.7,81.0,55.8,61.4,,,30.03,,,,,,,,,,,,,
Greenhouse,Temp & Humidity Sensor,2020/12/13 4:50 PM,61.5,82.0,56.0,61.2,,,30.03,,,,,,,,,,,,,
Greenhouse,Temp & Humidity Sensor,2020/12/13 4:55 PM,61.1,82.0,55.6,60.8,,,30.03,,,,,,,,,,,,,
Greenhouse,Temp & Humidity Sensor,2020/12/13 5:00 PM,60.8,83.0,55.6,60.5,,,30.03,,,,,,,,,,,,,
Greenhouse,Temp & Humidity Sensor,2020/12/13 5:05 PM,60.0,84.0,55.1,59.6,,,30.03,,,,,,,,,,,,,
Greenhouse,Temp & Humidity Sensor,2020/12/13 5:10 PM,59.9,84.0,55.1,59.5,,,30.03,,,,,,,,,,,,,
Greenhouse,Temp & Humidity Sensor,2020/12/13 5:15 PM,59.5,84.0,54.7,59.1,,,30.04,,,,,,,,,,,,,
Greenhouse,Temp & Humidity Sensor,2020/12/13 5:20 PM,59.1,85.0,54.6,58.7,,,30.04,,,,,,,,,,,,,
Greenhouse,Temp & Humidity Sensor,2020/12/13 5:25 PM,59.0,85.0,54.5,58.6,,,30.03,,,,,,,,,,,,,
Greenhouse,Temp & Humidity Sensor,2020/12/13 5:30 PM,58.4,86.0,54.2,58.0,,,30.03,,,,,,,,,,,,,
Greenhouse,Temp & Humidity Sensor,2020/12/13 5:35 PM,58.2,86.0,54.0,57.8,,,30.03,,,,,,,,,,,,,
Greenhouse,Temp & Humidity Sensor,2020/12/13 5:40 PM,58.1,86.0,53.9,57.7,,,30.03,,,,,,,,,,,,,
Greenhouse,Temp & Humidity Sensor,2020/12/13 5:45 PM,57.5,86.0,53.3,57.0,,,30.03,,,,,,,,,,,,,
Greenhouse,Temp & Humidity Sensor,2020/12/13 5:50 PM,57.5,87.0,53.7,57.0,,,30.03,,,,,,,,,,,,,
Greenhouse,Temp & Humidity Sensor,2020/12/13 5:55 PM,57.2,87.0,53.4,56.7,,,30.04,,,,,,,,,,,,,
Greenhouse,Temp & Humidity Sensor,2020/12/13 6:00 PM,57.2,87.0,53.4,56.7,,,30.04,,,,,,,,,,,,,
Greenhouse,Temp & Humidity Sensor,2020/12/13 6:05 PM,57.3,88.0,53.8,56.9,,,30.04,,,,,,,,,,,,,
Greenhouse,Temp & Humidity Sensor,2020/12/13 6:10 PM,57.0,89.0,53.8,56.6,,,30.04,,,,,,,,,,,,,
Greenhouse,Temp & Humidity Sensor,2020/12/13 6:15 PM,56.6,89.0,53.4,56.1,,,30.04,,,,,,,,,,,,,
Greenhouse,Temp & Humidity Sensor,2020/12/13 6:20 PM,56.4,89.0,53.2,55.9,,,30.04,,,,,,,,,,,,,
Greenhouse,Temp & Humidity Sensor,2020/12/13 6:25 PM,56.4,89.0,53.2,55.9,,,30.04,,,,,,,,,,,,,
Greenhouse,Temp & Humidity Sensor,2020/12/13 6:30 PM,56.3,89.0,53.1,55.8,,,30.05,,,,,,,,,,,,,
Greenhouse,Temp & Humidity Sensor,2020/12/13 6:35 PM,56.3,89.0,53.1,55.8,,,30.04,,,,,,,,,,,,,
Greenhouse,Temp & Humidity Sensor,2020/12/13 6:40 PM,56.3,89.0,53.1,55.8,,,30.04,,,,,,,,,,,,,
Greenhouse,Temp & Humidity Sensor,2020/12/13 6:45 PM,55.9,89.0,52.7,55.4,,,30.04,,,,,,,,,,,,,
Greenhouse,Temp & Humidity Sensor,2020/12/13 6:50 PM,55.4,89.0,52.2,54.8,,,30.04,,,,,,,,,,,,,
Greenhouse,Temp & Humidity Sensor,2020/12/13 6:55 PM,55.4,89.0,52.2,54.8,,,30.04,,,,,,,,,,,,,
Greenhouse,Temp & Humidity Sensor,2020/12/13 7:00 PM,55.9,89.0,52.7,55.4,,,30.04,,,,,,,,,,,,,
Greenhouse,Temp & Humidity Sensor,2020/12/13 7:05 PM,55.5,90.0,52.6,55.0,,,30.03,,,,,,,,,,,,,
Greenhouse,Temp & Humidity Sensor,2020/12/13 7:10 PM,55.2,91.0,52.6,54.7,,,30.04,,,,,,,,,,,,,
Greenhouse,Temp & Humidity Sensor,2020/12/13 7:15 PM,55.0,91.0,52.4,54.5,,,30.04,,,,,,,,,,,,,
Greenhouse,Temp & Humidity Sensor,2020/12/13 7:20 PM,54.8,91.0,52.2,54.3,,,30.03,,,,,,,,,,,,,
Greenhouse,Temp & Humidity Sensor,2020/12/13 7:25 PM,54.8,91.0,52.2,54.3,,,30.03,,,,,,,,,,,,,
Greenhouse,Temp & Humidity Sensor,2020/12/13 7:30 PM,54.6,91.0,52.0,54.0,,,30.03,,,,,,,,,,,,,
Greenhouse,Temp & Humidity Sensor,2020/12/13 7:35 PM,54.1,91.0,51.5,53.5,,,30.03,,,,,,,,,,,,,
Greenhouse,Temp & Humidity Sensor,2020/12/13 7:40 PM,54.1,91.0,51.5,53.5,,,30.02,,,,,,,,,,,,,
Greenhouse,Temp & Humidity Sensor,2020/12/13 7:45 PM,54.3,91.0,51.7,53.7,,,30.03,,,,,,,,,,,,,
Greenhouse,Temp & Humidity Sensor,2020/12/13 7:50 PM,54.1,91.0,51.5,53.5,,,30.03,,,,,,,,,,,,,
Greenhouse,Temp & Humidity Sensor,2020/12/13 7:55 PM,53.7,91.0,51.1,53.0,,,30.02,,,,,,,,,,,,,
Greenhouse,Temp & Humidity Sensor,2020/12/13 8:00 PM,53.7,91.0,51.1,53.0,,,30.03,,,,,,,,,,,,,
Greenhouse,Temp & Humidity Sensor,2020/12/13 8:05 PM,53.7,91.0,51.1,53.0,,,30.03,,,,,,,,,,,,,
Greenhouse,Temp & Humidity Sensor,2020/12/13 8:10 PM,53.6,91.0,51.0,52.9,,,30.03,,,,,,,,,,,,,
Greenhouse,Temp & Humidity Sensor,2020/12/13 8:15 PM,53.4,92.0,51.1,52.8,,,30.03,,,,,,,,,,,,,
Greenhouse,Temp & Humidity Sensor,2020/12/13 8:20 PM,53.2,92.0,50.9,52.5,,,30.03,,,,,,,,,,,,,
Greenhouse,Temp & Humidity Sensor,2020/12/13 8:25 PM,53.2,92.0,50.9,52.5,,,30.02,,,,,,,,,,,,,
Greenhouse,Temp & Humidity Sensor,2020/12/13 8:30 PM,53.0,92.0,50.7,52.3,,,30.03,,,,,,,,,,,,,
Greenhouse,Temp & Humidity Sensor,2020/12/13 8:35 PM,53.0,92.0,50.7,52.3,,,30.02,,,,,,,,,,,,,
Greenhouse,Temp & Humidity Sensor,2020/12/13 8:40 PM,52.8,92.0,50.5,52.1,,,30.03,,,,,,,,,,,,,
Greenhouse,Temp & Humidity Sensor,2020/12/13 8:45 PM,52.8,93.0,50.8,52.2,,,30.02,,,,,,,,,,,,,
Greenhouse,Temp & Humidity Sensor,2020/12/13 8:50 PM,52.7,93.0,50.7,52.0,,,30.03,,,,,,,,,,,,,
Greenhouse,Temp & Humidity Sensor,2020/12/13 8:55 PM,52.7,93.0,50.7,52.0,,,30.03,,,,,,,,,,,,,
Greenhouse,Temp & Humidity Sensor,2020/12/13 9:00 PM,52.5,93.0,50.5,51.8,,,30.03,,,,,,,,,,,,,
Greenhouse,Temp & Humidity Sensor,2020/12/13 9:05 PM,52.3,92.0,50.0,51.6,,,30.03,,,,,,,,,,,,,
Greenhouse,Temp & Humidity Sensor,2020/12/13 9:10 PM,52.3,92.0,50.0,51.6,,,30.02,,,,,,,,,,,,,
Greenhouse,Temp & Humidity Sensor,2020/12/13 9:15 PM,52.3,92.0,50.0,51.6,,,30.02,,,,,,,,,,,,,
Greenhouse,Temp & Humidity Sensor,2020/12/13 9:20 PM,52.1,92.0,49.8,51.3,,,30.02,,,,,,,,,,,,,
Greenhouse,Temp & Humidity Sensor,2020/12/13 9:25 PM,52.1,93.0,50.1,51.4,,,30.02,,,,,,,,,,,,,
Greenhouse,Temp & Humidity Sensor,2020/12/13 9:30 PM,51.9,93.0,49.9,51.2,,,30.02,,,,,,,,,,,,,
Greenhouse,Temp & Humidity Sensor,2020/12/13 9:35 PM,51.8,93.0,49.8,51.1,,,30.02,,,,,,,,,,,,,
Greenhouse,Temp & Humidity Sensor,2020/12/13 9:40 PM,51.6,93.0,49.6,50.8,,,30.01,,,,,,,,,,,,,
Greenhouse,Temp & Humidity Sensor,2020/12/13 9:45 PM,51.6,93.0,49.6,50.8,,,30.01,,,,,,,,,,,,,
Greenhouse,Temp & Humidity Sensor,2020/12/13 9:50 PM,51.8,93.0,49.8,51.1,,,30.01,,,,,,,,,,,,,
Greenhouse,Temp & Humidity Sensor,2020/12/13 9:55 PM,51.8,93.0,49.8,51.1,,,30.0,,,,,,,,,,,,,
Greenhouse,Temp & Humidity Sensor,2020/12/13 10:00 PM,51.6,93.0,49.6,50.8,,,30.01,,,,,,,,,,,,,
Greenhouse,Temp & Humidity Sensor,2020/12/13 10:05 PM,51.6,93.0,49.6,50.8,,,30.0,,,,,,,,,,,,,
Greenhouse,Temp & Humidity Sensor,2020/12/13 10:10 PM,51.6,93.0,49.6,50.8,,,30.0,,,,,,,,,,,,,
Greenhouse,Temp & Humidity Sensor,2020/12/13 10:15 PM,51.4,93.0,49.4,50.6,,,30.0,,,,,,,,,,,,,
Greenhouse,Temp & Humidity Sensor,2020/12/13 10:20 PM,51.4,93.0,49.4,50.6,,,30.0,,,,,,,,,,,,,
Greenhouse,Temp & Humidity Sensor,2020/12/13 10:25 PM,51.6,93.0,49.6,50.8,,,30.01,,,,,,,,,,,,,
Greenhouse,Temp & Humidity Sensor,2020/12/13 10:30 PM,51.4,94.0,49.7,50.7,,,30.0,,,,,,,,,,,,,
Greenhouse,Temp & Humidity Sensor,2020/12/13 10:35 PM,51.6,94.0,49.9,50.9,,,30.01,,,,,,,,,,,,,
Greenhouse,Temp & Humidity Sensor,2020/12/13 10:40 PM,51.4,94.0,49.7,50.7,,,30.0,,,,,,,,,,,,,
Greenhouse,Temp & Humidity Sensor,2020/12/13 10:45 PM,51.4,94.0,49.7,50.7,,,30.0,,,,,,,,,,,,,
Greenhouse,Temp & Humidity Sensor,2020/12/13 10:50 PM,51.2,94.0,49.5,50.4,,,30.0,,,,,,,,,,,,,
Greenhouse,Temp & Humidity Sensor,2020/12/13 10:55 PM,51.2,94.0,49.5,50.4,,,30.01,,,,,,,,,,,,,
Greenhouse,Temp & Humidity Sensor,2020/12/13 11:00 PM,51.2,94.0,49.5,50.4,,,30.01,,,,,,,,,,,,,
Greenhouse,Temp & Humidity Sensor,2020/12/13 11:05 PM,51.0,94.0,49.3,50.2,,,30.01,,,,,,,,,,,,,
Greenhouse,Temp & Humidity Sensor,2020/12/13 11:10 PM,51.0,94.0,49.3,50.2,,,30.0,,,,,,,,,,,,,
Greenhouse,Temp & Humidity Sensor,2020/12/13 11:15 PM,51.0,94.0,49.3,50.2,,,30.0,,,,,,,,,,,,,
Greenhouse,Temp & Humidity Sensor,2020/12/13 11:20 PM,51.0,94.0,49.3,50.2,,,30.0,,,,,,,,,,,,,
Greenhouse,Temp & Humidity Sensor,2020/12/13 11:25 PM,51.2,94.0,49.5,50.4,,,30.0,,,,,,,,,,,,,
Greenhouse,Temp & Humidity Sensor,2020/12/13 11:30 PM,51.2,94.0,49.5,50.4,,,30.01,,,,,,,,,,,,,
Greenhouse,Temp & Humidity Sensor,2020/12/13 11:35 PM,51.2,94.0,49.5,50.4,,,30.0,,,,,,,,,,,,,
Greenhouse,Temp & Humidity Sensor,2020/12/13 11:40 PM,51.0,94.0,49.3,50.2,,,30.0,,,,,,,,,,,,,
Greenhouse,Temp & Humidity Sensor,2020/12/13 11:45 PM,51.0,94.0,49.3,50.2,,,29.99,,,,,,,,,,,,,
Greenhouse,Temp & Humidity Sensor,2020/12/13 11:50 PM,51.0,94.0,49.3,50.2,,,29.99,,,,,,,,,,,,,
Greenhouse,Temp & Humidity Sensor,2020/12/13 11:55 PM,50.9,94.0,49.2,50.1,,,29.99,,,,,,,,,,,,,
Greenhouse,Temp & Humidity Sensor,2020/12/14 12:00 AM,51.0,94.0,49.3,50.2,,,29.99,,,,,,,,,,,,,
Greenhouse,Temp & Humidity Sensor,2020/12/14 12:05 AM,51.0,94.0,49.3,50.2,,,29.99,,,,,,,,,,,,,
Greenhouse,Temp & Humidity Sensor,2020/12/14 12:10 AM,51.2,94.0,49.5,50.4,,,29.98,,,,,,,,,,,,,
Greenhouse,Temp & Humidity Sensor,2020/12/14 12:15 AM,51.0,94.0,49.3,50.2,,,29.98,,,,,,,,,,,,,
Greenhouse,Temp & Humidity Sensor,2020/12/14 12:20 AM,50.7,94.0,49.0,49.9,,,29.98,,,,,,,,,,,,,
Greenhouse,Temp & Humidity Sensor,2020/12/14 12:25 AM,50.7,94.0,49.0,49.9,,,29.98,,,,,,,,,,,,,
Greenhouse,Temp & Humidity Sensor,2020/12/14 12:30 AM,50.9,94.0,49.2,50.1,,,29.97,,,,,,,,,,,,,
Greenhouse,Temp & Humidity Sensor,2020/12/14 12:35 AM,51.2,94.0,49.5,50.4,,,29.97,,,,,,,,,,,,,
Greenhouse,Temp & Humidity Sensor,2020/12/14 12:40 AM,51.6,94.0,49.9,50.9,,,29.97,,,,,,,,,,,,,
Greenhouse,Temp & Humidity Sensor,2020/12/14 12:45 AM,51.6,94.0,49.9,50.9,,,29.96,,,,,,,,,,,,,
Greenhouse,Temp & Humidity Sensor,2020/12/14 12:50 AM,51.9,93.0,49.9,51.2,,,29.96,,,,,,,,,,,,,
Greenhouse,Temp & Humidity Sensor,2020/12/14 12:55 AM,52.1,94.0,50.4,51.4,,,29.97,,,,,,,,,,,,,
Greenhouse,Temp & Humidity Sensor,2020/12/14 1:00 AM,52.1,94.0,50.4,51.4,,,29.97,,,,,,,,,,,,,
Greenhouse,Temp & Humidity Sensor,2020/12/14 1:05 AM,52.1,94.0,50.4,51.4,,,29.97,,,,,,,,,,,,,
Greenhouse,Temp & Humidity Sensor,2020/12/14 1:10 AM,52.3,94.0,50.6,51.6,,,29.96,,,,,,,,,,,,,
Greenhouse,Temp & Humidity Sensor,2020/12/14 1:15 AM,52.5,94.0,50.8,51.9,,,29.96,,,,,,,,,,,,,
Greenhouse,Temp & Humidity Sensor,2020/12/14 1:20 AM,52.5,94.0,50.8,51.9,,,29.96,,,,,,,,,,,,,
Greenhouse,Temp & Humidity Sensor,2020/12/14 1:25 AM,52.7,94.0,51.0,52.1,,,29.96,,,,,,,,,,,,,
Greenhouse,Temp & Humidity Sensor,2020/12/14 1:30 AM,52.7,94.0,51.0,52.1,,,29.96,,,,,,,,,,,,,
Greenhouse,Temp & Humidity Sensor,2020/12/14 1:35 AM,52.8,94.0,51.1,52.2,,,29.96,,,,,,,,,,,,,
Greenhouse,Temp & Humidity Sensor,2020/12/14 1:40 AM,53.0,94.0,51.3,52.4,,,29.96,,,,,,,,,,,,,
Greenhouse,Temp & Humidity Sensor,2020/12/14 1:45 AM,53.0,94.0,51.3,52.4,,,29.95,,,,,,,,,,,,,
Greenhouse,Temp & Humidity Sensor,2020/12/14 1:50 AM,53.2,94.0,51.5,52.6,,,29.95,,,,,,,,,,,,,
Greenhouse,Temp & Humidity Sensor,2020/12/14 1:55 AM,53.4,94.0,51.7,52.9,,,29.96,,,,,,,,,,,,,
Greenhouse,Temp & Humidity Sensor,2020/12/14 2:00 AM,53.4,94.0,51.7,52.9,,,29.95,,,,,,,,,,,,,
Greenhouse,Temp & Humidity Sensor,2020/12/14 2:05 AM,53.4,94.0,51.7,52.9,,,29.95,,,,,,,,,,,,,
Greenhouse,Temp & Humidity Sensor,2020/12/14 2:10 AM,53.6,93.0,51.6,53.0,,,29.95,,,,,,,,,,,,,
Greenhouse,Temp & Humidity Sensor,2020/12/14 2:15 AM,53.7,93.0,51.7,53.1,,,29.94,,,,,,,,,,,,,
Greenhouse,Temp & Humidity Sensor,2020/12/14 2:20 AM,53.7,93.0,51.7,53.1,,,29.94,,,,,,,,,,,,,
Greenhouse,Temp & Humidity Sensor,2020/12/14 2:25 AM,53.9,93.0,51.9,53.4,,,29.95,,,,,,,,,,,,,
Greenhouse,Temp & Humidity Sensor,2020/12/14 2:30 AM,54.1,93.0,52.1,53.6,,,29.94,,,,,,,,,,,,,
Greenhouse,Temp & Humidity Sensor,2020/12/14 2:35 AM,54.3,93.0,52.3,53.8,,,29.94,,,,,,,,,,,,,
Greenhouse,Temp & Humidity Sensor,2020/12/14 2:40 AM,54.5,93.0,52.5,54.0,,,29.93,,,,,,,,,,,,,
Greenhouse,Temp & Humidity Sensor,2020/12/14 2:45 AM,54.5,93.0,52.5,54.0,,,29.91,,,,,,,,,,,,,
Greenhouse,Temp & Humidity Sensor,2020/12/14 2:50 AM,54.6,93.0,52.6,54.1,,,29.91,,,,,,,,,,,,,
Greenhouse,Temp & Humidity Sensor,2020/12/14 2:55 AM,54.6,93.0,52.6,54.1,,,29.9,,,,,,,,,,,,,
Greenhouse,Temp & Humidity Sensor,2020/12/14 3:00 AM,54.8,93.0,52.8,54.4,,,29.9,,,,,,,,,,,,,
Greenhouse,Temp & Humidity Sensor,2020/12/14 3:05 AM,55.0,93.0,53.0,54.6,,,29.91,,,,,,,,,,,,,
Greenhouse,Temp & Humidity Sensor,2020/12/14 3:10 AM,55.2,93.0,53.2,54.8,,,29.9,,,,,,,,,,,,,
Greenhouse,Temp & Humidity Sensor,2020/12/14 3:15 AM,55.2,93.0,53.2,54.8,,,29.89,,,,,,,,,,,,,
Greenhouse,Temp & Humidity Sensor,2020/12/14 3:20 AM,55.4,93.0,53.4,55.0,,,29.89,,,,,,,,,,,,,
Greenhouse,Temp & Humidity Sensor,2020/12/14 3:25 AM,55.5,93.0,53.5,55.1,,,29.89,,,,,,,,,,,,,
Greenhouse,Temp & Humidity Sensor,2020/12/14 3:30 AM,55.5,93.0,53.5,55.1,,,29.89,,,,,,,,,,,,,
Greenhouse,Temp & Humidity Sensor,2020/12/14 3:35 AM,55.7,93.0,53.7,55.3,,,29.88,,,,,,,,,,,,,
Greenhouse,Temp & Humidity Sensor,2020/12/14 3:40 AM,55.7,93.0,53.7,55.3,,,29.88,,,,,,,,,,,,,
Greenhouse,Temp & Humidity Sensor,2020/12/14 3:45 AM,55.9,93.0,53.9,55.6,,,29.88,,,,,,,,,,,,,
Greenhouse,Temp & Humidity Sensor,2020/12/14 3:50 AM,55.9,93.0,53.9,55.6,,,29.87,,,,,,,,,,,,,
Greenhouse,Temp & Humidity Sensor,2020/12/14 3:55 AM,56.1,93.0,54.1,55.8,,,29.87,,,,,,,,,,,,,
Greenhouse,Temp & Humidity Sensor,2020/12/14 4:00 AM,56.1,93.0,54.1,55.8,,,29.86,,,,,,,,,,,,,
Greenhouse,Temp & Humidity Sensor,2020/12/14 4:05 AM,56.3,93.0,54.3,56.0,,,29.86,,,,,,,,,,,,,
Greenhouse,Temp & Humidity Sensor,2020/12/14 4:10 AM,56.3,93.0,54.3,56.0,,,29.86,,,,,,,,,,,,,
Greenhouse,Temp & Humidity Sensor,2020/12/14 4:15 AM,56.4,93.0,54.4,56.1,,,29.86,,,,,,,,,,,,,
Greenhouse,Temp & Humidity Sensor,2020/12/14 4:20 AM,56.4,93.0,54.4,56.1,,,29.85,,,,,,,,,,,,,
Greenhouse,Temp & Humidity Sensor,2020/12/14 4:25 AM,56.8,93.0,54.8,56.6,,,29.85,,,,,,,,,,,,,
Greenhouse,Temp & Humidity Sensor,2020/12/14 4:30 AM,57.2,92.0,54.9,56.9,,,29.87,,,,,,,,,,,,,
Greenhouse,Temp & Humidity Sensor,2020/12/14 4:35 AM,57.3,92.0,55.0,57.1,,,29.86,,,,,,,,,,,,,
Greenhouse,Temp & Humidity Sensor,2020/12/14 4:40 AM,57.7,92.0,55.4,57.5,,,29.86,,,,,,,,,,,,,
Greenhouse,Temp & Humidity Sensor,2020/12/14 4:45 AM,57.9,93.0,55.9,57.8,,,29.86,,,,,,,,,,,,,
Greenhouse,Temp & Humidity Sensor,2020/12/14 4:50 AM,57.9,93.0,55.9,57.8,,,29.86,,,,,,,,,,,,,
Greenhouse,Temp & Humidity Sensor,2020/12/14 4:55 AM,58.1,93.0,56.1,58.0,,,29.86,,,,,,,,,,,,,
Greenhouse,Temp & Humidity Sensor,2020/12/14 5:00 AM,58.6,93.0,56.6,58.5,,,29.86,,,,,,,,,,,,,
Greenhouse,Temp & Humidity Sensor,2020/12/14 5:05 AM,59.0,92.0,56.7,58.9,,,29.86,,,,,,,,,,,,,
Greenhouse,Temp & Humidity Sensor,2020/12/14 5:10 AM,59.1,92.0,56.8,59.0,,,29.86,,,,,,,,,,,,,
Greenhouse,Temp & Humidity Sensor,2020/12/14 5:15 AM,59.5,92.0,57.2,59.5,,,29.85,,,,,,,,,,,,,
Greenhouse,Temp & Humidity Sensor,2020/12/14 5:20 AM,60.0,92.0,57.7,60.0,,,29.85,,,,,,,,,,,,,
Greenhouse,Temp & Humidity Sensor,2020/12/14 5:25 AM,60.8,91.0,58.2,60.9,,,29.85,,,,,,,,,,,,,
Greenhouse,Temp & Humidity Sensor,2020/12/14 5:30 AM,60.9,91.0,58.3,61.0,,,29.85,,,,,,,,,,,,,
Greenhouse,Temp & Humidity Sensor,2020/12/14 5:35 AM,60.9,91.0,58.3,61.0,,,29.84,,,,,,,,,,,,,
Greenhouse,Temp & Humidity Sensor,2020/12/14 5:40 AM,61.1,91.0,58.5,61.2,,,29.84,,,,,,,,,,,,,
Greenhouse,Temp & Humidity Sensor,2020/12/14 5:45 AM,61.5,91.0,58.8,61.6,,,29.84,,,,,,,,,,,,,
Greenhouse,Temp & Humidity Sensor,2020/12/14 5:50 AM,61.7,91.0,59.0,61.8,,,29.83,,,,,,,,,,,,,
Greenhouse,Temp & Humidity Sensor,2020/12/14 5:55 AM,61.8,91.0,59.1,62.0,,,29.83,,,,,,,,,,,,,
Greenhouse,Temp & Humidity Sensor,2020/12/14 6:00 AM,61.8,91.0,59.1,62.0,,,29.83,,,,,,,,,,,,,
Greenhouse,Temp & Humidity Sensor,2020/12/14 6:05 AM,61.7,91.0,59.0,61.8,,,29.82,,,,,,,,,,,,,
Greenhouse,Temp & Humidity Sensor,2020/12/14 6:10 AM,61.8,92.0,59.4,62.0,,,29.82,,,,,,,,,,,,,
Greenhouse,Temp & Humidity Sensor,2020/12/14 6:15 AM,61.8,92.0,59.4,62.0,,,29.83,,,,,,,,,,,,,
Greenhouse,Temp & Humidity Sensor,2020/12/14 6:20 AM,61.7,92.0,59.3,61.9,,,29.83,,,,,,,,,,,,,
Greenhouse,Temp & Humidity Sensor,2020/12/14 6:25 AM,61.7,92.0,59.3,61.9,,,29.82,,,,,,,,,,,,,
Greenhouse,Temp & Humidity Sensor,2020/12/14 6:30 AM,61.5,92.0,59.2,61.7,,,29.82,,,,,,,,,,,,,
Greenhouse,Temp & Humidity Sensor,2020/12/14 6:35 AM,61.3,92.0,59.0,61.5,,,29.81,,,,,,,,,,,,,
Greenhouse,Temp & Humidity Sensor,2020/12/14 6:40 AM,61.3,92.0,59.0,61.5,,,29.81,,,,,,,,,,,,,
Greenhouse,Temp & Humidity Sensor,2020/12/14 6:45 AM,61.1,92.0,58.8,61.2,,,29.8,,,,,,,,,,,,,
Greenhouse,Temp & Humidity Sensor,2020/12/14 6:50 AM,61.5,92.0,59.2,61.7,,,29.8,,,,,,,,,,,,,
Greenhouse,Temp & Humidity Sensor,2020/12/14 6:55 AM,61.5,92.0,59.2,61.7,,,29.8,,,,,,,,,,,,,
Greenhouse,Temp & Humidity Sensor,2020/12/14 7:00 AM,61.1,91.0,58.5,61.2,,,29.79,,,,,,,,,,,,,
Greenhouse,Temp & Humidity Sensor,2020/12/14 7:05 AM,60.9,91.0,58.3,61.0,,,29.78,,,,,,,,,,,,,
Greenhouse,Temp & Humidity Sensor,2020/12/14 7:10 AM,60.9,91.0,58.3,61.0,,,29.77,,,,,,,,,,,,,
Greenhouse,Temp & Humidity Sensor,2020/12/14 7:15 AM,60.9,91.0,58.3,61.0,,,29.76,,,,,,,,,,,,,
Greenhouse,Temp & Humidity Sensor,2020/12/14 7:20 AM,61.1,91.0,58.5,61.2,,,29.76,,,,,,,,,,,,,
Greenhouse,Temp & Humidity Sensor,2020/12/14 7:25 AM,61.3,91.0,58.6,61.4,,,29.75,,,,,,,,,,,,,
Greenhouse,Temp & Humidity Sensor,2020/12/14 7:30 AM,61.3,91.0,58.6,61.4,,,29.76,,,,,,,,,,,,,
Greenhouse,Temp & Humidity Sensor,2020/12/14 7:35 AM,61.3,91.0,58.6,61.4,,,29.75,,,,,,,,,,,,,
Greenhouse,Temp & Humidity Sensor,2020/12/14 7:40 AM,61.5,92.0,59.2,61.7,,,29.75,,,,,,,,,,,,,
Greenhouse,Temp & Humidity Sensor,2020/12/14 7:45 AM,61.5,91.0,58.8,61.6,,,29.76,,,,,,,,,,,,,
Greenhouse,Temp & Humidity Sensor,2020/12/14 7:50 AM,61.3,91.0,58.6,61.4,,,29.75,,,,,,,,,,,,,
Greenhouse,Temp & Humidity Sensor,2020/12/14 7:55 AM,61.3,92.0,59.0,61.5,,,29.74,,,,,,,,,,,,,
Greenhouse,Temp & Humidity Sensor,2020/12/14 8:00 AM,61.5,92.0,59.2,61.7,,,29.74,,,,,,,,,,,,,
Greenhouse,Temp & Humidity Sensor,2020/12/14 8:05 AM,61.5,92.0,59.2,61.7,,,29.73,,,,,,,,,,,,,
Greenhouse,Temp & Humidity Sensor,2020/12/14 8:10 AM,61.7,92.0,59.3,61.9,,,29.74,,,,,,,,,,,,,
Greenhouse,Temp & Humidity Sensor,2020/12/14 8:15 AM,61.7,92.0,59.3,61.9,,,29.73,,,,,,,,,,,,,
Greenhouse,Temp & Humidity Sensor,2020/12/14 8:20 AM,61.8,92.0,59.4,62.0,,,29.73,,,,,,,,,,,,,
Greenhouse,Temp & Humidity Sensor,2020/12/14 8:25 AM,61.8,92.0,59.4,62.0,,,29.73,,,,,,,,,,,,,
Greenhouse,Temp & Humidity Sensor,2020/12/14 8:30 AM,61.8,92.0,59.4,62.0,,,29.74,,,,,,,,,,,,,
Greenhouse,Temp & Humidity Sensor,2020/12/14 8:35 AM,62.0,92.0,59.6,62.2,,,29.72,,,,,,,,,,,,,
Greenhouse,Temp & Humidity Sensor,2020/12/14 8:40 AM,62.0,92.0,59.6,62.2,,,29.72,,,,,,,,,,,,,
Greenhouse,Temp & Humidity Sensor,2020/12/14 8:45 AM,62.2,92.0,59.8,62.4,,,29.73,,,,,,,,,,,,,
Greenhouse,Temp & Humidity Sensor,2020/12/14 8:50 AM,62.4,92.0,60.0,62.7,,,29.74,,,,,,,,,,,,,
Greenhouse,Temp & Humidity Sensor,2020/12/14 8:55 AM,62.4,92.0,60.0,62.7,,,29.74,,,,,,,,,,,,,
Greenhouse,Temp & Humidity Sensor,2020/12/14 9:00 AM,62.4,92.0,60.0,62.7,,,29.74,,,,,,,,,,,,,
Greenhouse,Temp & Humidity Sensor,2020/12/14 9:05 AM,62.4,92.0,60.0,62.7,,,29.74,,,,,,,,,,,,,
Greenhouse,Temp & Humidity Sensor,2020/12/14 9:10 AM,62.4,92.0,60.0,62.7,,,29.74,,,,,,,,,,,,,
Greenhouse,Temp & Humidity Sensor,2020/12/14 9:15 AM,62.6,91.0,59.9,62.8,,,29.74,,,,,,,,,,,,,
Greenhouse,Temp & Humidity Sensor,2020/12/14 9:20 AM,62.7,91.0,60.0,62.9,,,29.74,,,,,,,,,,,,,
Greenhouse,Temp & Humidity Sensor,2020/12/14 9:25 AM,62.9,91.0,60.2,63.2,,,29.75,,,,,,,,,,,,,
Greenhouse,Temp & Humidity Sensor,2020/12/14 9:30 AM,63.1,91.0,60.4,63.4,,,29.75,,,,,,,,,,,,,
Greenhouse,Temp & Humidity Sensor,2020/12/14 9:35 AM,63.3,92.0,60.9,63.7,,,29.75,,,,,,,,,,,,,
Greenhouse,Temp & Humidity Sensor,2020/12/14 9:40 AM,63.3,92.0,60.9,63.7,,,29.75,,,,,,,,,,,,,
Greenhouse,Temp & Humidity Sensor,2020/12/14 9:45 AM,63.3,92.0,60.9,63.7,,,29.74,,,,,,,,,,,,,
Greenhouse,Temp & Humidity Sensor,2020/12/14 9:50 AM,63.3,92.0,60.9,63.7,,,29.74,,,,,,,,,,,,,
Greenhouse,Temp & Humidity Sensor,2020/12/14 9:55 AM,62.7,92.0,60.3,63.0,,,29.75,,,,,,,,,,,,,
Greenhouse,Temp & Humidity Sensor,2020/12/14 10:00 AM,60.9,92.0,58.6,61.0,,,29.75,,,,,,,,,,,,,
Greenhouse,Temp & Humidity Sensor,2020/12/14 10:05 AM,58.2,93.0,56.2,58.1,,,29.76,,,,,,,,,,,,,
Greenhouse,Temp & Humidity Sensor,2020/12/14 10:10 AM,56.3,93.0,54.3,56.0,,,29.78,,,,,,,,,,,,,
Greenhouse,Temp & Humidity Sensor,2020/12/14 10:15 AM,54.6,93.0,52.6,54.1,,,29.78,,,,,,,,,,,,,
Greenhouse,Temp & Humidity Sensor,2020/12/14 10:20 AM,53.9,93.0,51.9,53.4,,,29.78,,,,,,,,,,,,,
Greenhouse,Temp & Humidity Sensor,2020/12/14 10:25 AM,52.5,94.0,50.8,51.9,,,29.8,,,,,,,,,,,,,
Greenhouse,Temp & Humidity Sensor,2020/12/14 10:30 AM,51.8,93.0,49.8,51.1,,,29.8,,,,,,,,,,,,,
Greenhouse,Temp & Humidity Sensor,2020/12/14 10:35 AM,51.4,94.0,49.7,50.7,,,29.8,,,,,,,,,,,,,
Greenhouse,Temp & Humidity Sensor,2020/12/14 10:40 AM,51.4,94.0,49.7,50.7,,,29.8,,,,,,,,,,,,,
Greenhouse,Temp & Humidity Sensor,2020/12/14 10:45 AM,51.0,94.0,49.3,50.2,,,29.8,,,,,,,,,,,,,
Greenhouse,Temp & Humidity Sensor,2020/12/14 10:50 AM,50.9,94.0,49.2,50.1,,,29.81,,,,,,,,,,,,,
Greenhouse,Temp & Humidity Sensor,2020/12/14 10:55 AM,50.9,94.0,49.2,50.1,,,29.79,,,,,,,,,,,,,
Greenhouse,Temp & Humidity Sensor,2020/12/14 11:00 AM,50.9,94.0,49.2,50.1,,,29.79,,,,,,,,,,,,,
Greenhouse,Temp & Humidity Sensor,2020/12/14 11:05 AM,50.9,94.0,49.2,50.1,,,29.78,,,,,,,,,,,,,
Greenhouse,Temp & Humidity Sensor,2020/12/14 11:10 AM,50.7,94.0,49.0,49.9,,,29.77,,,,,,,,,,,,,
Greenhouse,Temp & Humidity Sensor,2020/12/14 11:15 AM,50.7,94.0,49.0,49.9,,,29.77,,,,,,,,,,,,,
Greenhouse,Temp & Humidity Sensor,2020/12/14 11:20 AM,50.7,94.0,49.0,49.9,,,29.78,,,,,,,,,,,,,
Greenhouse,Temp & Humidity Sensor,2020/12/14 11:25 AM,50.3,94.0,48.6,49.4,,,29.81,,,,,,,,,,,,,
Greenhouse,Temp & Humidity Sensor,2020/12/14 11:30 AM,50.1,94.0,48.4,49.2,,,29.81,,,,,,,,,,,,,
Greenhouse,Temp & Humidity Sensor,2020/12/14 11:35 AM,50.1,95.0,48.7,49.3,,,29.82,,,,,,,,,,,,,
Greenhouse,Temp & Humidity Sensor,2020/12/14 11:40 AM,50.0,95.0,48.6,49.2,,,29.81,,,,,,,,,,,,,
Greenhouse,Temp & Humidity Sensor,2020/12/14 11:45 AM,49.6,95.0,48.2,48.7,,,29.82,,,,,,,,,,,,,
Greenhouse,Temp & Humidity Sensor,2020/12/14 11:50 AM,49.6,95.0,48.2,48.7,,,29.82,,,,,,,,,,,,,
Greenhouse,Temp & Humidity Sensor,2020/12/14 11:55 AM,49.6,95.0,48.2,48.7,,,29.84,,,,,,,,,,,,,
Greenhouse,Temp & Humidity Sensor,2020/12/14 12:00 PM,49.6,95.0,48.2,48.7,,,29.83,,,,,,,,,,,,,
Greenhouse,Temp & Humidity Sensor,2020/12/14 12:05 PM,49.4,95.0,48.0,48.5,,,29.84,,,,,,,,,,,,,
Greenhouse,Temp & Humidity Sensor,2020/12/14 12:10 PM,49.4,95.0,48.0,48.5,,,29.85,,,,,,,,,,,,,
Greenhouse,Temp & Humidity Sensor,2020/12/14 12:15 PM,49.6,95.0,48.2,48.7,,,29.86,,,,,,,,,,,,,
Greenhouse,Temp & Humidity Sensor,2020/12/14 12:20 PM,49.6,95.0,48.2,48.7,,,29.86,,,,,,,,,,,,,
Greenhouse,Temp & Humidity Sensor,2020/12/14 12:25 PM,49.6,95.0,48.2,48.7,,,29.86,,,,,,,,,,,,,
Greenhouse,Temp & Humidity Sensor,2020/12/14 12:30 PM,50.1,95.0,48.7,49.3,,,29.87,,,,,,,,,,,,,
Greenhouse,Temp & Humidity Sensor,2020/12/14 12:35 PM,49.8,95.0,48.4,48.9,,,29.87,,,,,,,,,,,,,
Greenhouse,Temp & Humidity Sensor,2020/12/14 12:40 PM,49.8,95.0,48.4,48.9,,,29.87,,,,,,,,,,,,,
Greenhouse,Temp & Humidity Sensor,2020/12/14 12:45 PM,49.8,95.0,48.4,48.9,,,29.88,,,,,,,,,,,,,
Greenhouse,Temp & Humidity Sensor,2020/12/14 12:50 PM,50.1,95.0,48.7,49.3,,,29.87,,,,,,,,,,,,,
Greenhouse,Temp & Humidity Sensor,2020/12/14 12:55 PM,50.5,95.0,49.1,49.7,,,29.87,,,,,,,,,,,,,
Greenhouse,Temp & Humidity Sensor,2020/12/14 1:00 PM,50.9,95.0,49.5,50.2,,,29.88,,,,,,,,,,,,,
Greenhouse,Temp & Humidity Sensor,2020/12/14 1:05 PM,50.9,95.0,49.5,50.2,,,29.87,,,,,,,,,,,,,
Greenhouse,Temp & Humidity Sensor,2020/12/14 1:10 PM,51.2,95.0,49.8,50.5,,,29.89,,,,,,,,,,,,,
Greenhouse,Temp & Humidity Sensor,2020/12/14 1:15 PM,51.4,95.0,50.0,50.7,,,29.88,,,,,,,,,,,,,
Greenhouse,Temp & Humidity Sensor,2020/12/14 1:20 PM,51.4,94.0,49.7,50.7,,,29.89,,,,,,,,,,,,,
Greenhouse,Temp & Humidity Sensor,2020/12/14 1:25 PM,51.2,94.0,49.5,50.4,,,29.89,,,,,,,,,,,,,
Greenhouse,Temp & Humidity Sensor,2020/12/14 1:30 PM,50.9,94.0,49.2,50.1,,,29.89,,,,,,,,,,,,,
Greenhouse,Temp & Humidity Sensor,2020/12/14 1:35 PM,50.7,94.0,49.0,49.9,,,29.89,,,,,,,,,,,,,
Greenhouse,Temp & Humidity Sensor,2020/12/14 1:40 PM,51.6,94.0,49.9,50.9,,,29.89,,,,,,,,,,,,,
Greenhouse,Temp & Humidity Sensor,2020/12/14 1:45 PM,52.3,93.0,50.3,51.6,,,29.89,,,,,,,,,,,,,
Greenhouse,Temp & Humidity Sensor,2020/12/14 1:50 PM,52.3,93.0,50.3,51.6,,,29.89,,,,,,,,,,,,,
Greenhouse,Temp & Humidity Sensor,2020/12/14 1:55 PM,52.7,92.0,50.4,52.0,,,29.89,,,,,,,,,,,,,
Greenhouse,Temp & Humidity Sensor,2020/12/14 2:00 PM,54.3,91.0,51.7,53.7,,,29.89,,,,,,,,,,,,,
Greenhouse,Temp & Humidity Sensor,2020/12/14 2:05 PM,54.1,91.0,51.5,53.5,,,29.89,,,,,,,,,,,,,
Greenhouse,Temp & Humidity Sensor,2020/12/14 2:10 PM,54.5,90.0,51.6,53.9,,,29.89,,,,,,,,,,,,,
Greenhouse,Temp & Humidity Sensor,2020/12/14 2:15 PM,53.9,89.0,50.7,53.2,,,29.9,,,,,,,,,,,,,
Greenhouse,Temp & Humidity Sensor,2020/12/14 2:20 PM,53.6,89.0,50.4,52.8,,,29.9,,,,,,,,,,,,,
Greenhouse,Temp & Humidity Sensor,2020/12/14 2:25 PM,52.1,87.0,48.3,51.1,,,29.9,,,,,,,,,,,,,
Greenhouse,Temp & Humidity Sensor,2020/12/14 2:30 PM,51.9,88.0,48.5,50.9,,,29.9,,,,,,,,,,,,,
Greenhouse,Temp & Humidity Sensor,2020/12/14 2:35 PM,52.1,88.0,48.7,51.1,,,29.91,,,,,,,,,,,,,
Greenhouse,Temp & Humidity Sensor,2020/12/14 2:40 PM,51.6,87.0,47.9,50.5,,,29.91,,,,,,,,,,,,,
Greenhouse,Temp & Humidity Sensor,2020/12/14 2:45 PM,51.4,87.0,47.7,50.3,,,29.91,,,,,,,,,,,,,
Greenhouse,Temp & Humidity Sensor,2020/12/14 2:50 PM,51.2,87.0,47.5,50.1,,,29.91,,,,,,,,,,,,,
Greenhouse,Temp & Humidity Sensor,2020/12/14 2:55 PM,51.4,87.0,47.7,50.3,,,29.92,,,,,,,,,,,,,
Greenhouse,Temp & Humidity Sensor,2020/12/14 3:00 PM,51.2,86.0,47.2,50.1,,,29.92,,,,,,,,,,,,,
Greenhouse,Temp & Humidity Sensor,2020/12/14 3:05 PM,51.6,87.0,47.9,50.5,,,29.93,,,,,,,,,,,,,
Greenhouse,Temp & Humidity Sensor,2020/12/14 3:10 PM,51.9,87.0,48.2,50.9,,,29.93,,,,,,,,,,,,,
Greenhouse,Temp & Humidity Sensor,2020/12/14 3:15 PM,51.9,86.0,47.8,50.8,,,29.94,,,,,,,,,,,,,
Greenhouse,Temp & Humidity Sensor,2020/12/14 3:20 PM,51.8,86.0,47.7,50.7,,,29.94,,,,,,,,,,,,,
Greenhouse,Temp & Humidity Sensor,2020/12/14 3:25 PM,51.6,88.0,48.2,50.6,,,29.94,,,,,,,,,,,,,
Greenhouse,Temp & Humidity Sensor,2020/12/14 3:30 PM,51.6,86.0,47.6,50.5,,,29.93,,,,,,,,,,,,,
Greenhouse,Temp & Humidity Sensor,2020/12/14 3:35 PM,52.1,85.0,47.7,51.0,,,29.94,,,,,,,,,,,,,
Greenhouse,Temp & Humidity Sensor,2020/12/14 3:40 PM,51.8,86.0,47.7,50.7,,,29.94,,,,,,,,,,,,,
Greenhouse,Temp & Humidity Sensor,2020/12/14 3:45 PM,51.4,85.0,47.0,50.2,,,29.96,,,,,,,,,,,,,
Greenhouse,Temp & Humidity Sensor,2020/12/14 3:50 PM,51.4,87.0,47.7,50.3,,,29.96,,,,,,,,,,,,,
Greenhouse,Temp & Humidity Sensor,2020/12/14 3:55 PM,50.9,87.0,47.2,49.8,,,29.97,,,,,,,,,,,,,
Greenhouse,Temp & Humidity Sensor,2020/12/14 4:00 PM,50.7,87.0,47.0,49.6,,,29.97,,,,,,,,,,,,,
Greenhouse,Temp & Humidity Sensor,2020/12/14 4:05 PM,50.5,88.0,47.1,49.4,,,29.97,,,,,,,,,,,,,
Greenhouse,Temp & Humidity Sensor,2020/12/14 4:10 PM,50.5,88.0,47.1,49.4,,,29.97,,,,,,,,,,,,,
Greenhouse,Temp & Humidity Sensor,2020/12/14 4:15 PM,50.9,88.0,47.5,49.8,,,29.97,,,,,,,,,,,,,
Greenhouse,Temp & Humidity Sensor,2020/12/14 4:20 PM,50.7,89.0,47.6,49.7,,,29.98,,,,,,,,,,,,,
Greenhouse,Temp & Humidity Sensor,2020/12/14 4:25 PM,50.3,89.0,47.2,49.2,,,29.98,,,,,,,,,,,,,
Greenhouse,Temp & Humidity Sensor,2020/12/14 4:30 PM,50.0,89.0,46.9,48.9,,,29.98,,,,,,,,,,,,,
Greenhouse,Temp & Humidity Sensor,2020/12/14 4:35 PM,49.8,90.0,47.0,48.7,,,29.99,,,,,,,,,,,,,
Greenhouse,Temp & Humidity Sensor,2020/12/14 4:40 PM,49.8,91.0,47.3,48.8,,,29.99,,,,,,,,,,,,,
Greenhouse,Temp & Humidity Sensor,2020/12/14 4:45 PM,49.6,91.0,47.1,48.5,,,29.99,,,,,,,,,,,,,
Greenhouse,Temp & Humidity Sensor,2020/12/14 4:50 PM,49.6,91.0,47.1,48.5,,,29.99,,,,,,,,,,,,,
Greenhouse,Temp & Humidity Sensor,2020/12/14 4:55 PM,49.6,91.0,47.1,48.5,,,29.99,,,,,,,,,,,,,
Greenhouse,Temp & Humidity Sensor,2020/12/14 5:00 PM,49.2,91.0,46.7,48.1,,,30.0,,,,,,,,,,,,,
Greenhouse,Temp & Humidity Sensor,2020/12/14 5:05 PM,49.1,92.0,46.9,48.0,,,30.0,,,,,,,,,,,,,
Greenhouse,Temp & Humidity Sensor,2020/12/14 5:10 PM,48.7,92.0,46.5,47.6,,,30.0,,,,,,,,,,,,,
Greenhouse,Temp & Humidity Sensor,2020/12/14 5:15 PM,48.3,92.0,46.1,47.2,,,30.0,,,,,,,,,,,,,
Greenhouse,Temp & Humidity Sensor,2020/12/14 5:20 PM,48.0,93.0,46.1,46.9,,,30.0,,,,,,,,,,,,,
Greenhouse,Temp & Humidity Sensor,2020/12/14 5:25 PM,47.8,93.0,45.9,46.7,,,30.0,,,,,,,,,,,,,
Greenhouse,Temp & Humidity Sensor,2020/12/14 5:30 PM,47.6,93.0,45.7,46.4,,,30.0,,,,,,,,,,,,,
Greenhouse,Temp & Humidity Sensor,2020/12/14 5:35 PM,47.8,93.0,45.9,46.7,,,30.0,,,,,,,,,,,,,
Greenhouse,Temp & Humidity Sensor,2020/12/14 5:40 PM,48.0,93.0,46.1,46.9,,,30.01,,,,,,,,,,,,,
Greenhouse,Temp & Humidity Sensor,2020/12/14 5:45 PM,48.2,93.0,46.3,47.1,,,30.01,,,,,,,,,,,,,
Greenhouse,Temp & Humidity Sensor,2020/12/14 5:50 PM,48.2,93.0,46.3,47.1,,,30.02,,,,,,,,,,,,,
Greenhouse,Temp & Humidity Sensor,2020/12/14 5:55 PM,48.2,93.0,46.3,47.1,,,30.02,,,,,,,,,,,,,
Greenhouse,Temp & Humidity Sensor,2020/12/14 6:00 PM,48.2,93.0,46.3,47.1,,,30.02,,,,,,,,,,,,,
Greenhouse,Temp & Humidity Sensor,2020/12/14 6:05 PM,48.2,93.0,46.3,47.1,,,30.02,,,,,,,,,,,,,
Greenhouse,Temp & Humidity Sensor,2020/12/14 6:10 PM,47.8,94.0,46.2,46.7,,,30.02,,,,,,,,,,,,,
Greenhouse,Temp & Humidity Sensor,2020/12/14 6:15 PM,47.6,94.0,46.0,46.5,,,30.03,,,,,,,,,,,,,
Greenhouse,Temp & Humidity Sensor,2020/12/14 6:20 PM,47.6,94.0,46.0,46.5,,,30.03,,,,,,,,,,,,,
Greenhouse,Temp & Humidity Sensor,2020/12/14 6:25 PM,47.8,94.0,46.2,46.7,,,30.04,,,,,,,,,,,,,
Greenhouse,Temp & Humidity Sensor,2020/12/14 6:30 PM,48.2,94.0,46.6,47.1,,,30.05,,,,,,,,,,,,,
Greenhouse,Temp & Humidity Sensor,2020/12/14 6:35 PM,48.2,94.0,46.6,47.1,,,30.05,,,,,,,,,,,,,
Greenhouse,Temp & Humidity Sensor,2020/12/14 6:40 PM,48.2,95.0,46.8,47.2,,,30.05,,,,,,,,,,,,,
Greenhouse,Temp & Humidity Sensor,2020/12/14 6:45 PM,48.3,95.0,46.9,47.3,,,30.06,,,,,,,,,,,,,
Greenhouse,Temp & Humidity Sensor,2020/12/14 6:50 PM,48.5,95.0,47.1,47.5,,,30.06,,,,,,,,,,,,,
Greenhouse,Temp & Humidity Sensor,2020/12/14 6:55 PM,48.5,94.0,46.9,47.5,,,30.07,,,,,,,,,,,,,
Greenhouse,Temp & Humidity Sensor,2020/12/14 7:00 PM,48.5,91.0,46.0,47.3,,,30.06,,,,,,,,,,,,,
Greenhouse,Temp & Humidity Sensor,2020/12/14 7:05 PM,48.2,88.0,44.8,46.9,,,30.07,,,,,,,,,,,,,
Greenhouse,Temp & Humidity Sensor,2020/12/14 7:10 PM,47.4,88.0,44.0,46.0,,,30.07,,,,,,,,,,,,,
Greenhouse,Temp & Humidity Sensor,2020/12/14 7:15 PM,46.7,86.0,42.7,45.1,,,30.08,,,,,,,,,,,,,
Greenhouse,Temp & Humidity Sensor,2020/12/14 7:20 PM,46.2,86.0,42.2,44.6,,,30.08,,,,,,,,,,,,,
Greenhouse,Temp & Humidity Sensor,2020/12/14 7:25 PM,45.5,84.0,41.0,43.7,,,30.08,,,,,,,,,,,,,
Greenhouse,Temp & Humidity Sensor,2020/12/14 7:30 PM,45.1,85.0,40.9,43.3,,,30.09,,,,,,,,,,,,,
Greenhouse,Temp & Humidity Sensor,2020/12/14 7:35 PM,44.7,81.0,39.2,42.7,,,30.1,,,,,,,,,,,,,
Greenhouse,Temp & Humidity Sensor,2020/12/14 7:40 PM,44.6,82.0,39.5,42.6,,,30.1,,,,,,,,,,,,,
Greenhouse,Temp & Humidity Sensor,2020/12/14 7:45 PM,44.4,82.0,39.3,42.4,,,30.1,,,,,,,,,,,,,
Greenhouse,Temp & Humidity Sensor,2020/12/14 7:50 PM,44.2,84.0,39.7,42.3,,,30.09,,,,,,,,,,,,,
Greenhouse,Temp & Humidity Sensor,2020/12/14 7:55 PM,43.8,85.0,39.6,41.9,,,30.1,,,,,,,,,,,,,
Greenhouse,Temp & Humidity Sensor,2020/12/14 8:00 PM,43.7,84.0,39.2,41.7,,,30.1,,,,,,,,,,,,,
Greenhouse,Temp & Humidity Sensor,2020/12/14 8:05 PM,43.3,86.0,39.4,41.4,,,30.1,,,,,,,,,,,,,
Greenhouse,Temp & Humidity Sensor,2020/12/14 8:10 PM,42.9,87.0,39.3,41.0,,,30.11,,,,,,,,,,,,,
Greenhouse,Temp & Humidity Sensor,2020/12/14 8:15 PM,42.9,87.0,39.3,41.0,,,30.11,,,,,,,,,,,,,
Greenhouse,Temp & Humidity Sensor,2020/12/14 8:20 PM,43.1,85.0,38.9,41.1,,,30.11,,,,,,,,,,,,,
Greenhouse,Temp & Humidity Sensor,2020/12/14 8:25 PM,42.9,85.0,38.7,40.9,,,30.12,,,,,,,,,,,,,
Greenhouse,Temp & Humidity Sensor,2020/12/14 8:30 PM,42.8,83.0,38.0,40.7,,,30.12,,,,,,,,,,,,,
Greenhouse,Temp & Humidity Sensor,2020/12/14 8:35 PM,42.6,84.0,38.1,40.5,,,30.12,,,,,,,,,,,,,
Greenhouse,Temp & Humidity Sensor,2020/12/14 8:40 PM,42.6,84.0,38.1,40.5,,,30.12,,,,,,,,,,,,,
Greenhouse,Temp & Humidity Sensor,2020/12/14 8:45 PM,42.4,82.0,37.3,40.2,,,30.12,,,,,,,,,,,,,
Greenhouse,Temp & Humidity Sensor,2020/12/14 8:50 PM,42.2,80.0,36.5,39.9,,,30.12,,,,,,,,,,,,,
Greenhouse,Temp & Humidity Sensor,2020/12/14 8:55 PM,41.9,82.0,36.8,39.6,,,30.12,,,,,,,,,,,,,
Greenhouse,Temp & Humidity Sensor,2020/12/14 9:00 PM,41.5,84.0,37.0,39.3,,,30.13,,,,,,,,,,,,,
Greenhouse,Temp & Humidity Sensor,2020/12/14 9:05 PM,41.5,85.0,37.3,39.3,,,30.13,,,,,,,,,,,,,
Greenhouse,Temp & Humidity Sensor,2020/12/14 9:10 PM,41.5,84.0,37.0,39.3,,,30.13,,,,,,,,,,,,,
Greenhouse,Temp & Humidity Sensor,2020/12/14 9:15 PM,41.1,82.0,36.0,38.8,,,30.14,,,,,,,,,,,,,
Greenhouse,Temp & Humidity Sensor,2020/12/14 9:20 PM,41.1,81.0,35.7,38.7,,,30.14,,,,,,,,,,,,,
Greenhouse,Temp & Humidity Sensor,2020/12/14 9:25 PM,41.0,79.0,35.0,38.5,,,30.14,,,,,,,,,,,,,
Greenhouse,Temp & Humidity Sensor,2020/12/14 9:30 PM,40.8,79.0,34.8,38.3,,,30.14,,,,,,,,,,,,,
Greenhouse,Temp & Humidity Sensor,2020/12/14 9:35 PM,40.6,78.0,34.3,38.0,,,30.14,,,,,,,,,,,,,
Greenhouse,Temp & Humidity Sensor,2020/12/14 9:40 PM,40.6,78.0,34.3,38.0,,,30.15,,,,,,,,,,,,,
Greenhouse,Temp & Humidity Sensor,2020/12/14 9:45 PM,40.2,77.0,33.6,37.5,,,30.15,,,,,,,,,,,,,
Greenhouse,Temp & Humidity Sensor,2020/12/14 9:50 PM,40.1,78.0,33.8,37.5,,,30.15,,,,,,,,,,,,,
Greenhouse,Temp & Humidity Sensor,2020/12/14 9:55 PM,40.1,78.0,33.8,37.5,,,30.16,,,,,,,,,,,,,
Greenhouse,Temp & Humidity Sensor,2020/12/14 10:00 PM,40.2,77.0,33.6,37.5,,,30.16,,,,,,,,,,,,,
Greenhouse,Temp & Humidity Sensor,2020/12/14 10:05 PM,39.9,78.0,33.6,39.9,,,30.16,,,,,,,,,,,,,
Greenhouse,Temp & Humidity Sensor,2020/12/14 10:10 PM,39.9,77.0,33.3,39.9,,,30.17,,,,,,,,,,,,,
Greenhouse,Temp & Humidity Sensor,2020/12/14 10:15 PM,39.9,77.0,33.3,39.9,,,30.17,,,,,,,,,,,,,
Greenhouse,Temp & Humidity Sensor,2020/12/14 10:20 PM,39.7,78.0,33.4,39.7,,,30.17,,,,,,,,,,,,,
Greenhouse,Temp & Humidity Sensor,2020/12/14 10:25 PM,39.7,78.0,33.4,39.7,,,30.18,,,,,,,,,,,,,
Greenhouse,Temp & Humidity Sensor,2020/12/14 10:30 PM,39.2,79.0,33.2,39.2,,,30.18,,,,,,,,,,,,,
Greenhouse,Temp & Humidity Sensor,2020/12/14 10:35 PM,39.2,79.0,33.2,39.2,,,30.18,,,,,,,,,,,,,
Greenhouse,Temp & Humidity Sensor,2020/12/14 10:40 PM,39.2,79.0,33.2,39.2,,,30.18,,,,,,,,,,,,,
Greenhouse,Temp & Humidity Sensor,2020/12/14 10:45 PM,39.2,79.0,33.2,39.2,,,30.19,,,,,,,,,,,,,
Greenhouse,Temp & Humidity Sensor,2020/12/14 10:50 PM,39.0,80.0,33.4,39.0,,,30.19,,,,,,,,,,,,,
Greenhouse,Temp & Humidity Sensor,2020/12/14 10:55 PM,39.0,80.0,33.4,39.0,,,30.2,,,,,,,,,,,,,
Greenhouse,Temp & Humidity Sensor,2020/12/14 11:00 PM,39.0,79.0,33.0,39.0,,,30.2,,,,,,,,,,,,,
Greenhouse,Temp & Humidity Sensor,2020/12/14 11:05 PM,39.0,79.0,33.0,39.0,,,30.2,,,,,,,,,,,,,
Greenhouse,Temp & Humidity Sensor,2020/12/14 11:10 PM,38.8,79.0,32.9,38.8,,,30.2,,,,,,,,,,,,,
Greenhouse,Temp & Humidity Sensor,2020/12/14 11:15 PM,38.4,80.0,32.8,38.4,,,30.2,,,,,,,,,,,,,
Greenhouse,Temp & Humidity Sensor,2020/12/14 11:20 PM,38.6,80.0,33.0,38.6,,,30.2,,,,,,,,,,,,,
Greenhouse,Temp & Humidity Sensor,2020/12/14 11:25 PM,38.4,81.0,33.1,38.4,,,30.2,,,,,,,,,,,,,
Greenhouse,Temp & Humidity Sensor,2020/12/14 11:30 PM,38.3,81.0,33.0,38.3,,,30.2,,,,,,,,,,,,,
Greenhouse,Temp & Humidity Sensor,2020/12/14 11:35 PM,38.4,80.0,32.8,38.4,,,30.2,,,,,,,,,,,,,
Greenhouse,Temp & Humidity Sensor,2020/12/14 11:40 PM,38.1,81.0,32.8,38.1,,,30.2,,,,,,,,,,,,,
Greenhouse,Temp & Humidity Sensor,2020/12/14 11:45 PM,37.9,82.0,32.9,37.9,,,30.2,,,,,,,,,,,,,
Greenhouse,Temp & Humidity Sensor,2020/12/14 11:50 PM,37.7,82.0,32.7,37.7,,,30.2,,,,,,,,,,,,,
Greenhouse,Temp & Humidity Sensor,2020/12/14 11:55 PM,37.7,83.0,33.0,37.7,,,30.2,,,,,,,,,,,,,
Greenhouse,Temp & Humidity Sensor,2020/12/15 12:00 AM,37.7,84.0,33.3,37.7,,,30.2,,,,,,,,,,,,,
Greenhouse,Temp & Humidity Sensor,2020/12/15 12:05 AM,37.5,85.0,33.4,37.5,,,30.2,,,,,,,,,,,,,
Greenhouse,Temp & Humidity Sensor,2020/12/15 12:10 AM,37.4,85.0,33.3,37.4,,,30.2,,,,,,,,,,,,,
Greenhouse,Temp & Humidity Sensor,2020/12/15 12:15 AM,37.0,86.0,33.2,37.0,,,30.2,,,,,,,,,,,,,
Greenhouse,Temp & Humidity Sensor,2020/12/15 12:20 AM,36.6,86.0,32.8,36.6,,,30.2,,,,,,,,,,,,,
Greenhouse,Temp & Humidity Sensor,2020/12/15 12:25 AM,37.0,87.0,33.5,37.0,,,30.19,,,,,,,,,,,,,
Greenhouse,Temp & Humidity Sensor,2020/12/15 12:30 AM,37.4,88.0,34.2,37.4,,,30.19,,,,,,,,,,,,,
Greenhouse,Temp & Humidity Sensor,2020/12/15 12:35 AM,37.0,89.0,34.1,37.0,,,30.19,,,,,,,,,,,,,
Greenhouse,Temp & Humidity Sensor,2020/12/15 12:40 AM,36.8,89.0,33.9,36.8,,,30.19,,,,,,,,,,,,,
Greenhouse,Temp & Humidity Sensor,2020/12/15 12:45 AM,37.4,90.0,34.7,37.4,,,30.19,,,,,,,,,,,,,
Greenhouse,Temp & Humidity Sensor,2020/12/15 12:50 AM,37.4,91.0,35.0,37.4,,,30.19,,,,,,,,,,,,,
Greenhouse,Temp & Humidity Sensor,2020/12/15 12:55 AM,37.2,91.0,34.8,37.2,,,30.19,,,,,,,,,,,,,
Greenhouse,Temp & Humidity Sensor,2020/12/15 1:00 AM,36.8,91.0,34.4,36.8,,,30.19,,,,,,,,,,,,,
Greenhouse,Temp & Humidity Sensor,2020/12/15 1:05 AM,36.8,91.0,34.4,36.8,,,30.19,,,,,,,,,,,,,
Greenhouse,Temp & Humidity Sensor,2020/12/15 1:10 AM,37.2,92.0,35.1,37.2,,,30.19,,,,,,,,,,,,,
Greenhouse,Temp & Humidity Sensor,2020/12/15 1:15 AM,37.2,92.0,35.1,37.2,,,30.19,,,,,,,,,,,,,
Greenhouse,Temp & Humidity Sensor,2020/12/15 1:20 AM,37.2,93.0,35.4,37.2,,,30.2,,,,,,,,,,,,,
Greenhouse,Temp & Humidity Sensor,2020/12/15 1:25 AM,37.4,93.0,35.6,37.4,,,30.2,,,,,,,,,,,,,
Greenhouse,Temp & Humidity Sensor,2020/12/15 1:30 AM,37.2,93.0,35.4,37.2,,,30.2,,,,,,,,,,,,,
Greenhouse,Temp & Humidity Sensor,2020/12/15 2:25 AM,36.3,94.0,34.7,36.3,,,30.21,,,,,,,,,,,,,
Greenhouse,Temp & Humidity Sensor,2020/12/15 2:30 AM,36.3,94.0,34.7,36.3,,,30.21,,,,,,,,,,,,,
Greenhouse,Temp & Humidity Sensor,2020/12/15 2:35 AM,36.3,94.0,34.7,36.3,,,30.21,,,,,,,,,,,,,
Greenhouse,Temp & Humidity Sensor,2020/12/15 2:40 AM,35.9,94.0,34.3,35.9,,,30.21,,,,,,,,,,,,,
Greenhouse,Temp & Humidity Sensor,2020/12/15 2:45 AM,35.9,94.0,34.3,35.9,,,30.21,,,,,,,,,,,,,
Greenhouse,Temp & Humidity Sensor,2020/12/15 2:50 AM,35.6,94.0,34.0,35.6,,,30.22,,,,,,,,,,,,,
Greenhouse,Temp & Humidity Sensor,2020/12/15 2:55 AM,35.6,94.0,34.0,35.6,,,30.22,,,,,,,,,,,,,
Greenhouse,Temp & Humidity Sensor,2020/12/15 3:00 AM,35.6,94.0,34.0,35.6,,,30.22,,,,,,,,,,,,,
Greenhouse,Temp & Humidity Sensor,2020/12/15 3:05 AM,35.6,94.0,34.0,35.6,,,30.23,,,,,,,,,,,,,
Greenhouse,Temp & Humidity Sensor,2020/12/15 3:10 AM,35.4,94.0,33.8,35.4,,,30.23,,,,,,,,,,,,,
Greenhouse,Temp & Humidity Sensor,2020/12/15 3:15 AM,35.2,94.0,33.6,35.2,,,30.23,,,,,,,,,,,,,
Greenhouse,Temp & Humidity Sensor,2020/12/15 3:20 AM,35.2,94.0,33.6,35.2,,,30.23,,,,,,,,,,,,,
Greenhouse,Temp & Humidity Sensor,2020/12/15 3:25 AM,35.2,94.0,33.6,35.2,,,30.23,,,,,,,,,,,,,
Greenhouse,Temp & Humidity Sensor,2020/12/15 3:30 AM,35.2,94.0,33.6,35.2,,,30.23,,,,,,,,,,,,,
Greenhouse,Temp & Humidity Sensor,2020/12/15 3:35 AM,35.2,94.0,33.6,35.2,,,30.23,,,,,,,,,,,,,
Greenhouse,Temp & Humidity Sensor,2020/12/15 3:40 AM,35.2,95.0,33.9,35.2,,,30.23,,,,,,,,,,,,,
Greenhouse,Temp & Humidity Sensor,2020/12/15 3:45 AM,35.0,95.0,33.7,35.0,,,30.24,,,,,,,,,,,,,
Greenhouse,Temp & Humidity Sensor,2020/12/15 3:50 AM,35.0,95.0,33.7,35.0,,,30.24,,,,,,,,,,,,,
Greenhouse,Temp & Humidity Sensor,2020/12/15 3:55 AM,35.0,95.0,33.7,35.0,,,30.24,,,,,,,,,,,,,
Greenhouse,Temp & Humidity Sensor,2020/12/15 4:00 AM,35.2,95.0,33.9,35.2,,,30.24,,,,,,,,,,,,,
Greenhouse,Temp & Humidity Sensor,2020/12/15 4:05 AM,34.8,95.0,33.5,34.8,,,30.24,,,,,,,,,,,,,
Greenhouse,Temp & Humidity Sensor,2020/12/15 4:10 AM,34.7,95.0,33.4,34.7,,,30.24,,,,,,,,,,,,,
Greenhouse,Temp & Humidity Sensor,2020/12/15 4:15 AM,35.0,95.0,33.7,35.0,,,30.24,,,,,,,,,,,,,
Greenhouse,Temp & Humidity Sensor,2020/12/15 4:20 AM,35.2,95.0,33.9,35.2,,,30.24,,,,,,,,,,,,,
Greenhouse,Temp & Humidity Sensor,2020/12/15 4:25 AM,35.0,95.0,33.7,35.0,,,30.25,,,,,,,,,,,,,
Greenhouse,Temp & Humidity Sensor,2020/12/15 4:30 AM,35.0,95.0,33.7,35.0,,,30.25,,,,,,,,,,,,,
Greenhouse,Temp & Humidity Sensor,2020/12/15 4:35 AM,34.8,95.0,33.5,34.8,,,30.24,,,,,,,,,,,,,
Greenhouse,Temp & Humidity Sensor,2020/12/15 4:40 AM,34.7,95.0,33.4,34.7,,,30.24,,,,,,,,,,,,,
Greenhouse,Temp & Humidity Sensor,2020/12/15 4:45 AM,34.7,95.0,33.4,34.7,,,30.25,,,,,,,,,,,,,
Greenhouse,Temp & Humidity Sensor,2020/12/15 4:50 AM,34.8,95.0,33.5,34.8,,,30.25,,,,,,,,,,,,,
Greenhouse,Temp & Humidity Sensor,2020/12/15 4:55 AM,34.7,96.0,33.7,34.7,,,30.26,,,,,,,,,,,,,
Greenhouse,Temp & Humidity Sensor,2020/12/15 5:00 AM,34.5,96.0,33.5,34.5,,,30.26,,,,,,,,,,,,,
Greenhouse,Temp & Humidity Sensor,2020/12/15 5:05 AM,34.3,96.0,33.3,34.3,,,30.26,,,,,,,,,,,,,
Greenhouse,Temp & Humidity Sensor,2020/12/15 5:10 AM,34.5,96.0,33.5,34.5,,,30.26,,,,,,,,,,,,,
Greenhouse,Temp & Humidity Sensor,2020/12/15 5:15 AM,34.7,96.0,33.7,34.7,,,30.27,,,,,,,,,,,,,
Greenhouse,Temp & Humidity Sensor,2020/12/15 5:20 AM,34.5,96.0,33.5,34.5,,,30.27,,,,,,,,,,,,,
Greenhouse,Temp & Humidity Sensor,2020/12/15 5:25 AM,34.5,96.0,33.5,34.5,,,30.27,,,,,,,,,,,,,
Greenhouse,Temp & Humidity Sensor,2020/12/15 5:30 AM,35.2,96.0,34.2,35.2,,,30.27,,,,,,,,,,,,,
Greenhouse,Temp & Humidity Sensor,2020/12/15 5:35 AM,35.2,96.0,34.2,35.2,,,30.27,,,,,,,,,,,,,
Greenhouse,Temp & Humidity Sensor,2020/12/15 5:40 AM,34.8,96.0,33.8,34.8,,,30.27,,,,,,,,,,,,,
Greenhouse,Temp & Humidity Sensor,2020/12/15 5:45 AM,34.7,96.0,33.7,34.7,,,30.27,,,,,,,,,,,,,
Greenhouse,Temp & Humidity Sensor,2020/12/15 5:50 AM,34.7,96.0,33.7,34.7,,,30.28,,,,,,,,,,,,,
Greenhouse,Temp & Humidity Sensor,2020/12/15 5:55 AM,34.7,96.0,33.7,34.7,,,30.28,,,,,,,,,,,,,
Greenhouse,Temp & Humidity Sensor,2020/12/15 6:00 AM,34.7,96.0,33.7,34.7,,,30.28,,,,,,,,,,,,,
Greenhouse,Temp & Humidity Sensor,2020/12/15 6:05 AM,34.7,96.0,33.7,34.7,,,30.28,,,,,,,,,,,,,
Greenhouse,Temp & Humidity Sensor,2020/12/15 6:10 AM,34.7,96.0,33.7,34.7,,,30.28,,,,,,,,,,,,,
Greenhouse,Temp & Humidity Sensor,2020/12/15 6:15 AM,34.8,96.0,33.8,34.8,,,30.28,,,,,,,,,,,,,
Greenhouse,Temp & Humidity Sensor,2020/12/15 6:20 AM,34.8,96.0,33.8,34.8,,,30.28,,,,,,,,,,,,,
Greenhouse,Temp & Humidity Sensor,2020/12/15 6:25 AM,34.5,96.0,33.5,34.5,,,30.28,,,,,,,,,,,,,
Greenhouse,Temp & Humidity Sensor,2020/12/15 6:30 AM,34.1,96.0,33.1,34.1,,,30.28,,,,,,,,,,,,,
Greenhouse,Temp & Humidity Sensor,2020/12/15 6:35 AM,34.3,96.0,33.3,34.3,,,30.28,,,,,,,,,,,,,
Greenhouse,Temp & Humidity Sensor,2020/12/15 6:40 AM,34.5,96.0,33.5,34.5,,,30.29,,,,,,,,,,,,,
Greenhouse,Temp & Humidity Sensor,2020/12/15 6:45 AM,34.3,96.0,33.3,34.3,,,30.29,,,,,,,,,,,,,
Greenhouse,Temp & Humidity Sensor,2020/12/15 6:50 AM,34.3,96.0,33.3,34.3,,,30.3,,,,,,,,,,,,,
Greenhouse,Temp & Humidity Sensor,2020/12/15 6:55 AM,33.9,96.0,32.9,33.9,,,30.3,,,,,,,,,,,,,
Greenhouse,Temp & Humidity Sensor,2020/12/15 7:00 AM,33.9,96.0,32.9,33.9,,,30.3,,,,,,,,,,,,,
Greenhouse,Temp & Humidity Sensor,2020/12/15 7:05 AM,34.3,96.0,33.3,34.3,,,30.3,,,,,,,,,,,,,
Greenhouse,Temp & Humidity Sensor,2020/12/15 7:10 AM,34.3,96.0,33.3,34.3,,,30.3,,,,,,,,,,,,,
Greenhouse,Temp & Humidity Sensor,2020/12/15 7:15 AM,34.5,96.0,33.5,34.5,,,30.3,,,,,,,,,,,,,
Greenhouse,Temp & Humidity Sensor,2020/12/15 7:20 AM,34.3,96.0,33.3,34.3,,,30.3,,,,,,,,,,,,,
Greenhouse,Temp & Humidity Sensor,2020/12/15 7:25 AM,34.1,96.0,33.1,34.1,,,30.3,,,,,,,,,,,,,
Greenhouse,Temp & Humidity Sensor,2020/12/15 7:30 AM,34.7,96.0,33.7,34.7,,,30.31,,,,,,,,,,,,,
Greenhouse,Temp & Humidity Sensor,2020/12/15 7:35 AM,35.0,96.0,34.0,35.0,,,30.31,,,,,,,,,,,,,
Greenhouse,Temp & Humidity Sensor,2020/12/15 7:40 AM,34.8,96.0,33.8,34.8,,,30.32,,,,,,,,,,,,,
Greenhouse,Temp & Humidity Sensor,2020/12/15 7:45 AM,34.5,96.0,33.5,34.5,,,30.32,,,,,,,,,,,,,
Greenhouse,Temp & Humidity Sensor,2020/12/15 7:50 AM,34.8,96.0,33.8,34.8,,,30.32,,,,,,,,,,,,,
Greenhouse,Temp & Humidity Sensor,2020/12/15 7:55 AM,35.0,96.0,34.0,35.0,,,30.33,,,,,,,,,,,,,
Greenhouse,Temp & Humidity Sensor,2020/12/15 8:00 AM,35.2,96.0,34.2,35.2,,,30.33,,,,,,,,,,,,,
Greenhouse,Temp & Humidity Sensor,2020/12/15 8:05 AM,35.4,96.0,34.4,35.4,,,30.33,,,,,,,,,,,,,
Greenhouse,Temp & Humidity Sensor,2020/12/15 8:15 AM,35.6,96.0,34.6,35.6,,,30.33,,,,,,,,,,,,,
Greenhouse,Temp & Humidity Sensor,2020/12/15 8:20 AM,35.6,96.0,34.6,35.6,,,30.33,,,,,,,,,,,,,
Greenhouse,Temp & Humidity Sensor,2020/12/15 8:25 AM,35.9,96.0,34.9,35.9,,,30.33,,,,,,,,,,,,,
Greenhouse,Temp & Humidity Sensor,2020/12/15 8:30 AM,36.3,96.0,35.3,36.3,,,30.33,,,,,,,,,,,,,
Greenhouse,Temp & Humidity Sensor,2020/12/15 8:35 AM,36.6,96.0,35.6,36.6,,,30.34,,,,,,,,,,,,,
Greenhouse,Temp & Humidity Sensor,2020/12/15 8:40 AM,37.2,96.0,36.2,37.2,,,30.34,,,,,,,,,,,,,
Greenhouse,Temp & Humidity Sensor,2020/12/15 8:45 AM,37.9,96.0,36.9,37.9,,,30.34,,,,,,,,,,,,,
Greenhouse,Temp & Humidity Sensor,2020/12/15 8:50 AM,38.4,95.0,37.1,38.4,,,30.34,,,,,,,,,,,,,
Greenhouse,Temp & Humidity Sensor,2020/12/15 8:55 AM,38.4,95.0,37.1,38.4,,,30.34,,,,,,,,,,,,,
Greenhouse,Temp & Humidity Sensor,2020/12/15 9:00 AM,38.8,95.0,37.5,38.8,,,30.34,,,,,,,,,,,,,
Greenhouse,Temp & Humidity Sensor,2020/12/15 9:05 AM,38.4,95.0,37.1,38.4,,,30.34,,,,,,,,,,,,,
Greenhouse,Temp & Humidity Sensor,2020/12/15 9:10 AM,38.3,95.0,37.0,38.3,,,30.34,,,,,,,,,,,,,
Greenhouse,Temp & Humidity Sensor,2020/12/15 9:15 AM,38.8,95.0,37.5,38.8,,,30.35,,,,,,,,,,,,,
Greenhouse,Temp & Humidity Sensor,2020/12/15 9:20 AM,39.3,95.0,38.0,39.3,,,30.34,,,,,,,,,,,,,
Greenhouse,Temp & Humidity Sensor,2020/12/15 9:25 AM,39.5,94.0,37.9,39.5,,,30.34,,,,,,,,,,,,,
Greenhouse,Temp & Humidity Sensor,2020/12/15 9:30 AM,39.7,94.0,38.1,39.7,,,30.34,,,,,,,,,,,,,
Greenhouse,Temp & Humidity Sensor,2020/12/15 9:35 AM,39.7,93.0,37.8,39.7,,,30.34,,,,,,,,,,,,,
Greenhouse,Temp & Humidity Sensor,2020/12/15 9:40 AM,39.7,93.0,37.8,39.7,,,30.34,,,,,,,,,,,,,
Greenhouse,Temp & Humidity Sensor,2020/12/15 9:45 AM,40.2,91.0,37.8,38.2,,,30.34,,,,,,,,,,,,,
Greenhouse,Temp & Humidity Sensor,2020/12/15 9:50 AM,39.9,90.0,37.2,39.9,,,30.35,,,,,,,,,,,,,
Greenhouse,Temp & Humidity Sensor,2020/12/15 9:55 AM,39.9,90.0,37.2,39.9,,,30.35,,,,,,,,,,,,,
Greenhouse,Temp & Humidity Sensor,2020/12/15 10:00 AM,40.2,90.0,37.5,38.2,,,30.35,,,,,,,,,,,,,
Greenhouse,Temp & Humidity Sensor,2020/12/15 10:05 AM,42.6,88.0,39.3,40.7,,,30.35,,,,,,,,,,,,,
Greenhouse,Temp & Humidity Sensor,2020/12/15 10:10 AM,44.6,83.0,39.8,42.7,,,30.35,,,,,,,,,,,,,
Greenhouse,Temp & Humidity Sensor,2020/12/15 10:15 AM,42.6,84.0,38.1,40.5,,,30.36,,,,,,,,,,,,,
Greenhouse,Temp & Humidity Sensor,2020/12/15 10:20 AM,42.2,84.0,37.7,40.1,,,30.35,,,,,,,,,,,,,
Greenhouse,Temp & Humidity Sensor,2020/12/15 10:25 AM,41.7,78.0,35.4,39.2,,,30.35,,,,,,,,,,,,,
Greenhouse,Temp & Humidity Sensor,2020/12/15 10:30 AM,41.0,81.0,35.6,38.6,,,30.35,,,,,,,,,,,,,
Greenhouse,Temp & Humidity Sensor,2020/12/15 10:35 AM,40.4,83.0,35.7,38.0,,,30.35,,,,,,,,,,,,,
Greenhouse,Temp & Humidity Sensor,2020/12/15 10:40 AM,40.2,82.0,35.2,37.8,,,30.35,,,,,,,,,,,,,
Greenhouse,Temp & Humidity Sensor,2020/12/15 10:45 AM,41.1,82.0,36.0,38.8,,,30.35,,,,,,,,,,,,,
Greenhouse,Temp & Humidity Sensor,2020/12/15 10:50 AM,41.5,81.0,36.1,39.2,,,30.35,,,,,,,,,,,,,
Greenhouse,Temp & Humidity Sensor,2020/12/15 10:55 AM,42.9,80.0,37.2,40.6,,,30.35,,,,,,,,,,,,,
Greenhouse,Temp & Humidity Sensor,2020/12/15 11:00 AM,44.6,74.0,36.8,42.2,,,30.34,,,,,,,,,,,,,
Greenhouse,Temp & Humidity Sensor,2020/12/15 11:05 AM,43.1,72.0,34.7,40.5,,,30.35,,,,,,,,,,,,,
Greenhouse,Temp & Humidity Sensor,2020/12/15 11:10 AM,41.9,73.0,33.9,39.2,,,30.35,,,,,,,,,,,,,
Greenhouse,Temp & Humidity Sensor,2020/12/15 11:15 AM,42.0,74.0,34.3,39.4,,,30.35,,,,,,,,,,,,,
Greenhouse,Temp & Humidity Sensor,2020/12/15 11:20 AM,41.5,72.0,33.2,38.7,,,30.34,,,,,,,,,,,,,
Greenhouse,Temp & Humidity Sensor,2020/12/15 11:25 AM,41.7,71.0,33.0,38.9,,,30.34,,,,,,,,,,,,,
Greenhouse,Temp & Humidity Sensor,2020/12/15 11:30 AM,43.1,71.0,34.3,40.4,,,30.33,,,,,,,,,,,,,
Greenhouse,Temp & Humidity Sensor,2020/12/15 11:35 AM,43.8,70.0,34.7,41.2,,,30.34,,,,,,,,,,,,,
Greenhouse,Temp & Humidity Sensor,2020/12/15 11:40 AM,44.7,64.0,33.3,41.9,,,30.33,,,,,,,,,,,,,
Greenhouse,Temp & Humidity Sensor,2020/12/15 11:45 AM,44.6,66.0,34.0,41.9,,,30.33,,,,,,,,,,,,,
Greenhouse,Temp & Humidity Sensor,2020/12/15 11:50 AM,49.6,66.0,38.7,47.4,,,30.33,,,,,,,,,,,,,
Greenhouse,Temp & Humidity Sensor,2020/12/15 11:55 AM,45.5,56.0,30.7,42.4,,,30.32,,,,,,,,,,,,,
Greenhouse,Temp & Humidity Sensor,2020/12/15 12:00 PM,45.8,61.0,33.1,42.9,,,30.32,,,,,,,,,,,,,
Greenhouse,Temp & Humidity Sensor,2020/12/15 12:05 PM,46.9,62.0,34.6,44.2,,,30.32,,,,,,,,,,,,,
Greenhouse,Temp & Humidity Sensor,2020/12/15 12:10 PM,47.4,61.0,34.6,44.7,,,30.32,,,,,,,,,,,,,
Greenhouse,Temp & Humidity Sensor,2020/12/15 12:15 PM,46.2,63.0,34.3,43.5,,,30.32,,,,,,,,,,,,,
Greenhouse,Temp & Humidity Sensor,2020/12/15 12:20 PM,45.5,62.0,33.2,42.7,,,30.31,,,,,,,,,,,,,
Greenhouse,Temp & Humidity Sensor,2020/12/15 12:25 PM,47.1,60.0,33.9,44.3,,,30.31,,,,,,,,,,,,,
Greenhouse,Temp & Humidity Sensor,2020/12/15 12:30 PM,49.1,54.0,33.2,46.2,,,30.31,,,,,,,,,,,,,
Greenhouse,Temp & Humidity Sensor,2020/12/15 12:35 PM,51.0,56.0,35.9,48.4,,,30.31,,,,,,,,,,,,,
Greenhouse,Temp & Humidity Sensor,2020/12/15 12:40 PM,50.7,55.0,35.1,48.1,,,30.31,,,,,,,,,,,,,
Greenhouse,Temp & Humidity Sensor,2020/12/15 12:45 PM,48.7,57.0,34.2,45.9,,,30.31,,,,,,,,,,,,,
Greenhouse,Temp & Humidity Sensor,2020/12/15 12:50 PM,47.8,59.0,34.2,45.1,,,30.31,,,,,,,,,,,,,
Greenhouse,Temp & Humidity Sensor,2020/12/15 12:55 PM,49.1,55.0,33.6,46.3,,,30.31,,,,,,,,,,,,,
Greenhouse,Temp & Humidity Sensor,2020/12/15 1:00 PM,50.9,54.0,34.9,48.2,,,30.31,,,,,,,,,,,,,
Greenhouse,Temp & Humidity Sensor,2020/12/15 1:05 PM,46.5,53.0,30.3,43.3,,,30.31,,,,,,,,,,,,,
Greenhouse,Temp & Humidity Sensor,2020/12/15 1:10 PM,45.6,56.0,30.8,42.5,,,30.3,,,,,,,,,,,,,
Greenhouse,Temp & Humidity Sensor,2020/12/15 1:15 PM,45.1,56.0,30.4,41.9,,,30.3,,,,,,,,,,,,,
Greenhouse,Temp & Humidity Sensor,2020/12/15 1:20 PM,45.3,56.0,30.5,42.2,,,30.29,,,,,,,,,,,,,
Greenhouse,Temp & Humidity Sensor,2020/12/15 1:25 PM,46.4,56.0,31.6,43.4,,,30.29,,,,,,,,,,,,,
Greenhouse,Temp & Humidity Sensor,2020/12/15 1:30 PM,49.4,57.0,34.8,46.7,,,30.29,,,,,,,,,,,,,
Greenhouse,Temp & Humidity Sensor,2020/12/15 1:35 PM,48.9,57.0,34.3,46.2,,,30.3,,,,,,,,,,,,,
Greenhouse,Temp & Humidity Sensor,2020/12/15 1:40 PM,48.5,53.0,32.2,45.5,,,30.29,,,,,,,,,,,,,
Greenhouse,Temp & Humidity Sensor,2020/12/15 1:45 PM,46.4,56.0,31.6,43.4,,,30.29,,,,,,,,,,,,,
Greenhouse,Temp & Humidity Sensor,2020/12/15 1:50 PM,45.1,54.0,29.5,41.8,,,30.29,,,,,,,,,,,,,
Greenhouse,Temp & Humidity Sensor,2020/12/15 1:55 PM,46.0,58.0,32.1,43.0,,,30.29,,,,,,,,,,,,,
Greenhouse,Temp & Humidity Sensor,2020/12/15 2:00 PM,47.4,58.0,33.4,44.6,,,30.29,,,,,,,,,,,,,
Greenhouse,Temp & Humidity Sensor,2020/12/15 2:05 PM,48.5,52.0,31.7,45.5,,,30.29,,,,,,,,,,,,,
Greenhouse,Temp & Humidity Sensor,2020/12/15 2:10 PM,50.1,52.0,33.2,47.3,,,30.29,,,,,,,,,,,,,
Greenhouse,Temp & Humidity Sensor,2020/12/15 2:20 PM,46.5,53.0,30.3,43.3,,,30.28,,,,,,,,,,,,,
Greenhouse,Temp & Humidity Sensor,2020/12/15 2:25 PM,44.9,53.0,28.8,41.6,,,30.28,,,,,,,,,,,,,
Greenhouse,Temp & Humidity Sensor,2020/12/15 2:30 PM,47.3,55.0,32.0,44.3,,,30.27,,,,,,,,,,,,,
Greenhouse,Temp & Humidity Sensor,2020/12/15 2:35 PM,47.6,53.0,31.3,44.6,,,30.27,,,,,,,,,,,,,
Greenhouse,Temp & Humidity Sensor,2020/12/15 2:40 PM,47.4,52.0,30.7,44.3,,,30.27,,,,,,,,,,,,,
Greenhouse,Temp & Humidity Sensor,2020/12/15 2:45 PM,46.9,54.0,31.1,43.8,,,30.27,,,,,,,,,,,,,
Greenhouse,Temp & Humidity Sensor,2020/12/15 2:50 PM,45.1,53.0,29.0,41.8,,,30.27,,,,,,,,,,,,,
Greenhouse,Temp & Humidity Sensor,2020/12/15 2:55 PM,44.7,54.0,29.1,41.4,,,30.27,,,,,,,,,,,,,
Greenhouse,Temp & Humidity Sensor,2020/12/15 3:00 PM,46.7,53.0,30.5,43.6,,,30.27,,,,,,,,,,,,,
Greenhouse,Temp & Humidity Sensor,2020/12/15 3:05 PM,46.0,54.0,30.3,42.8,,,30.27,,,,,,,,,,,,,
Greenhouse,Temp & Humidity Sensor,2020/12/15 3:10 PM,45.5,53.0,29.4,42.2,,,30.26,,,,,,,,,,,,,
Greenhouse,Temp & Humidity Sensor,2020/12/15 3:15 PM,44.6,54.0,29.0,41.3,,,30.26,,,,,,,,,,,,,
Greenhouse,Temp & Humidity Sensor,2020/12/15 3:20 PM,43.7,57.0,29.5,40.4,,,30.26,,,,,,,,,,,,,
Greenhouse,Temp & Humidity Sensor,2020/12/15 3:25 PM,43.5,57.0,29.3,40.2,,,30.25,,,,,,,,,,,,,
Greenhouse,Temp & Humidity Sensor,2020/12/15 3:30 PM,43.3,57.0,29.1,40.0,,,30.25,,,,,,,,,,,,,
Greenhouse,Temp & Humidity Sensor,2020/12/15 3:35 PM,43.8,59.0,30.4,40.7,,,30.25,,,,,,,,,,,,,
Greenhouse,Temp & Humidity Sensor,2020/12/15 3:40 PM,43.3,60.0,30.4,40.1,,,30.25,,,,,,,,,,,,,
Greenhouse,Temp & Humidity Sensor,2020/12/15 3:45 PM,42.9,60.0,30.0,39.7,,,30.25,,,,,,,,,,,,,
Greenhouse,Temp & Humidity Sensor,2020/12/15 3:50 PM,42.6,61.0,30.1,39.4,,,30.25,,,,,,,,,,,,,
Greenhouse,Temp & Humidity Sensor,2020/12/15 3:55 PM,42.2,61.0,29.7,39.0,,,30.25,,,,,,,,,,,,,
Greenhouse,Temp & Humidity Sensor,2020/12/15 4:00 PM,41.9,61.0,29.4,38.7,,,30.25,,,,,,,,,,,,,
Greenhouse,Temp & Humidity Sensor,2020/12/15 4:05 PM,41.5,61.0,29.1,38.2,,,30.25,,,,,,,,,,,,,
Greenhouse,Temp & Humidity Sensor,2020/12/15 4:10 PM,41.0,62.0,29.0,37.7,,,30.25,,,,,,,,,,,,,
Greenhouse,Temp & Humidity Sensor,2020/12/15 4:15 PM,40.8,63.0,29.2,37.5,,,30.25,,,,,,,,,,,,,
Greenhouse,Temp & Humidity Sensor,2020/12/15 4:20 PM,40.8,64.0,29.6,37.6,,,30.25,,,,,,,,,,,,,
Greenhouse,Temp & Humidity Sensor,2020/12/15 4:25 PM,40.2,64.0,29.0,36.9,,,30.26,,,,,,,,,,,,,
Greenhouse,Temp & Humidity Sensor,2020/12/15 4:30 PM,40.1,64.0,28.9,36.8,,,30.25,,,,,,,,,,,,,
Greenhouse,Temp & Humidity Sensor,2020/12/15 4:35 PM,39.7,65.0,28.9,39.7,,,30.25,,,,,,,,,,,,,
Greenhouse,Temp & Humidity Sensor,2020/12/15 4:40 PM,39.5,65.0,28.7,39.5,,,30.25,,,,,,,,,,,,,
Greenhouse,Temp & Humidity Sensor,2020/12/15 4:45 PM,39.2,65.0,28.4,39.2,,,30.26,,,,,,,,,,,,,
Greenhouse,Temp & Humidity Sensor,2020/12/15 4:50 PM,39.2,66.0,28.8,39.2,,,30.26,,,,,,,,,,,,,
Greenhouse,Temp & Humidity Sensor,2020/12/15 4:55 PM,38.8,67.0,28.8,38.8,,,30.26,,,,,,,,,,,,,
Greenhouse,Temp & Humidity Sensor,2020/12/15 5:00 PM,38.4,67.0,28.4,38.4,,,30.26,,,,,,,,,,,,,
Greenhouse,Temp & Humidity Sensor,2020/12/15 5:05 PM,38.3,68.0,28.7,38.3,,,30.26,,,,,,,,,,,,,
Greenhouse,Temp & Humidity Sensor,2020/12/15 5:10 PM,38.1,68.0,28.5,38.1,,,30.26,,,,,,,,,,,,,
Greenhouse,Temp & Humidity Sensor,2020/12/15 5:15 PM,37.5,69.0,28.3,37.5,,,30.27,,,,,,,,,,,,,
Greenhouse,Temp & Humidity Sensor,2020/12/15 5:20 PM,37.2,70.0,28.3,37.2,,,30.26,,,,,,,,,,,,,
Greenhouse,Temp & Humidity Sensor,2020/12/15 5:25 PM,37.0,71.0,28.5,37.0,,,30.26,,,,,,,,,,,,,
Greenhouse,Temp & Humidity Sensor,2020/12/15 5:30 PM,36.6,71.0,28.1,36.6,,,30.26,,,,,,,,,,,,,
Greenhouse,Temp & Humidity Sensor,2020/12/15 5:35 PM,36.6,72.0,28.4,36.6,,,30.26,,,,,,,,,,,,,
Greenhouse,Temp & Humidity Sensor,2020/12/15 5:40 PM,36.8,73.0,29.0,36.8,,,30.26,,,,,,,,,,,,,
Greenhouse,Temp & Humidity Sensor,2020/12/15 5:45 PM,36.6,74.0,29.1,36.6,,,30.27,,,,,,,,,,,,,
Greenhouse,Temp & Humidity Sensor,2020/12/15 5:50 PM,36.3,75.0,29.1,36.3,,,30.27,,,,,,,,,,,,,
Greenhouse,Temp & Humidity Sensor,2020/12/15 5:55 PM,35.9,75.0,28.8,35.9,,,30.27,,,,,,,,,,,,,
Greenhouse,Temp & Humidity Sensor,2020/12/15 6:00 PM,35.9,75.0,28.8,35.9,,,30.27,,,,,,,,,,,,,
Greenhouse,Temp & Humidity Sensor,2020/12/15 6:05 PM,35.9,76.0,29.1,35.9,,,30.27,,,,,,,,,,,,,
Greenhouse,Temp & Humidity Sensor,2020/12/15 6:10 PM,35.9,75.0,28.8,35.9,,,30.28,,,,,,,,,,,,,
Greenhouse,Temp & Humidity Sensor,2020/12/15 6:15 PM,35.9,75.0,28.8,35.9,,,30.27,,,,,,,,,,,,,
Greenhouse,Temp & Humidity Sensor,2020/12/15 6:20 PM,35.6,75.0,28.5,35.6,,,30.27,,,,,,,,,,,,,
Greenhouse,Temp & Humidity Sensor,2020/12/15 6:25 PM,35.6,75.0,28.5,35.6,,,30.27,,,,,,,,,,,,,
Greenhouse,Temp & Humidity Sensor,2020/12/15 6:30 PM,35.6,76.0,28.8,35.6,,,30.27,,,,,,,,,,,,,
Greenhouse,Temp & Humidity Sensor,2020/12/15 6:35 PM,35.4,77.0,28.9,35.4,,,30.26,,,,,,,,,,,,,
Greenhouse,Temp & Humidity Sensor,2020/12/15 6:40 PM,35.6,76.0,28.8,35.6,,,30.26,,,,,,,,,,,,,
Greenhouse,Temp & Humidity Sensor,2020/12/15 6:45 PM,35.6,76.0,28.8,35.6,,,30.27,,,,,,,,,,,,,
Greenhouse,Temp & Humidity Sensor,2020/12/15 6:50 PM,35.6,76.0,28.8,35.6,,,30.27,,,,,,,,,,,,,
Greenhouse,Temp & Humidity Sensor,2020/12/15 6:55 PM,35.6,76.0,28.8,35.6,,,30.28,,,,,,,,,,,,,
Greenhouse,Temp & Humidity Sensor,2020/12/15 7:00 PM,35.4,77.0,28.9,35.4,,,30.28,,,,,,,,,,,,,
Greenhouse,Temp & Humidity Sensor,2020/12/15 7:05 PM,35.6,80.0,30.1,35.6,,,30.29,,,,,,,,,,,,,
Greenhouse,Temp & Humidity Sensor,2020/12/15 7:10 PM,35.4,80.0,29.9,35.4,,,30.29,,,,,,,,,,,,,
Greenhouse,Temp & Humidity Sensor,2020/12/15 7:15 PM,35.4,80.0,29.9,35.4,,,30.28,,,,,,,,,,,,,
Greenhouse,Temp & Humidity Sensor,2020/12/15 7:20 PM,35.2,81.0,30.0,35.2,,,30.28,,,,,,,,,,,,,
Greenhouse,Temp & Humidity Sensor,2020/12/15 7:25 PM,34.8,81.0,29.6,34.8,,,30.28,,,,,,,,,,,,,
Greenhouse,Temp & Humidity Sensor,2020/12/15 7:30 PM,34.7,81.0,29.5,34.7,,,30.28,,,,,,,,,,,,,
Greenhouse,Temp & Humidity Sensor,2020/12/15 7:35 PM,34.8,82.0,29.9,34.8,,,30.28,,,,,,,,,,,,,
Greenhouse,Temp & Humidity Sensor,2020/12/15 7:40 PM,34.7,82.0,29.8,34.7,,,30.28,,,,,,,,,,,,,
Greenhouse,Temp & Humidity Sensor,2020/12/15 7:45 PM,34.7,81.0,29.5,34.7,,,30.28,,,,,,,,,,,,,
Greenhouse,Temp & Humidity Sensor,2020/12/15 7:50 PM,34.7,81.0,29.5,34.7,,,30.27,,,,,,,,,,,,,
Greenhouse,Temp & Humidity Sensor,2020/12/15 7:55 PM,34.8,81.0,29.6,34.8,,,30.26,,,,,,,,,,,,,
Greenhouse,Temp & Humidity Sensor,2020/12/15 8:00 PM,34.8,81.0,29.6,34.8,,,30.26,,,,,,,,,,,,,
Greenhouse,Temp & Humidity Sensor,2020/12/15 8:05 PM,35.0,82.0,30.1,35.0,,,30.25,,,,,,,,,,,,,
Greenhouse,Temp & Humidity Sensor,2020/12/15 8:10 PM,34.7,82.0,29.8,34.7,,,30.26,,,,,,,,,,,,,
Greenhouse,Temp & Humidity Sensor,2020/12/15 8:15 PM,34.7,82.0,29.8,34.7,,,30.26,,,,,,,,,,,,,
Greenhouse,Temp & Humidity Sensor,2020/12/15 8:20 PM,35.0,82.0,30.1,35.0,,,30.26,,,,,,,,,,,,,
Greenhouse,Temp & Humidity Sensor,2020/12/15 8:25 PM,34.8,81.0,29.6,34.8,,,30.26,,,,,,,,,,,,,
Greenhouse,Temp & Humidity Sensor,2020/12/15 8:30 PM,34.7,81.0,29.5,34.7,,,30.27,,,,,,,,,,,,,
Greenhouse,Temp & Humidity Sensor,2020/12/15 8:35 PM,34.7,81.0,29.5,34.7,,,30.27,,,,,,,,,,,,,
Greenhouse,Temp & Humidity Sensor,2020/12/15 8:40 PM,34.8,81.0,29.6,34.8,,,30.28,,,,,,,,,,,,,
Greenhouse,Temp & Humidity Sensor,2020/12/15 8:45 PM,34.7,81.0,29.5,34.7,,,30.28,,,,,,,,,,,,,
Greenhouse,Temp & Humidity Sensor,2020/12/15 8:50 PM,34.5,81.0,29.3,34.5,,,30.28,,,,,,,,,,,,,
Greenhouse,Temp & Humidity Sensor,2020/12/15 8:55 PM,34.5,81.0,29.3,34.5,,,30.26,,,,,,,,,,,,,
Greenhouse,Temp & Humidity Sensor,2020/12/15 9:00 PM,34.5,81.0,29.3,34.5,,,30.26,,,,,,,,,,,,,
Greenhouse,Temp & Humidity Sensor,2020/12/15 9:05 PM,34.3,81.0,29.1,34.3,,,30.26,,,,,,,,,,,,,
Greenhouse,Temp & Humidity Sensor,2020/12/15 9:10 PM,34.3,82.0,29.4,34.3,,,30.26,,,,,,,,,,,,,
Greenhouse,Temp & Humidity Sensor,2020/12/15 9:15 PM,34.5,82.0,29.6,34.5,,,30.25,,,,,,,,,,,,,
Greenhouse,Temp & Humidity Sensor,2020/12/15 9:20 PM,34.7,82.0,29.8,34.7,,,30.26,,,,,,,,,,,,,
Greenhouse,Temp & Humidity Sensor,2020/12/15 9:25 PM,34.7,82.0,29.8,34.7,,,30.25,,,,,,,,,,,,,
Greenhouse,Temp & Humidity Sensor,2020/12/15 9:30 PM,34.7,81.0,29.5,34.7,,,30.25,,,,,,,,,,,,,
Greenhouse,Temp & Humidity Sensor,2020/12/15 9:35 PM,34.8,81.0,29.6,34.8,,,30.25,,,,,,,,,,,,,
Greenhouse,Temp & Humidity Sensor,2020/12/15 9:40 PM,35.0,81.0,29.8,35.0,,,30.25,,,,,,,,,,,,,
Greenhouse,Temp & Humidity Sensor,2020/12/15 9:45 PM,35.0,81.0,29.8,35.0,,,30.25,,,,,,,,,,,,,
Greenhouse,Temp & Humidity Sensor,2020/12/15 9:50 PM,35.0,82.0,30.1,35.0,,,30.25,,,,,,,,,,,,,
Greenhouse,Temp & Humidity Sensor,2020/12/15 9:55 PM,35.2,82.0,30.3,35.2,,,30.26,,,,,,,,,,,,,
Greenhouse,Temp & Humidity Sensor,2020/12/15 10:00 PM,35.6,81.0,30.4,35.6,,,30.26,,,,,,,,,,,,,
Greenhouse,Temp & Humidity Sensor,2020/12/15 10:05 PM,35.4,82.0,30.5,35.4,,,30.26,,,,,,,,,,,,,
Greenhouse,Temp & Humidity Sensor,2020/12/15 10:10 PM,35.7,84.0,31.3,35.7,,,30.25,,,,,,,,,,,,,
Greenhouse,Temp & Humidity Sensor,2020/12/15 10:15 PM,35.7,84.0,31.3,35.7,,,30.25,,,,,,,,,,,,,
Greenhouse,Temp & Humidity Sensor,2020/12/15 10:20 PM,36.1,84.0,31.7,36.1,,,30.24,,,,,,,,,,,,,
Greenhouse,Temp & Humidity Sensor,2020/12/15 10:25 PM,36.6,84.0,32.2,36.6,,,30.24,,,,,,,,,,,,,
Greenhouse,Temp & Humidity Sensor,2020/12/15 10:30 PM,37.0,83.0,32.3,37.0,,,30.25,,,,,,,,,,,,,
Greenhouse,Temp & Humidity Sensor,2020/12/15 10:35 PM,37.4,83.0,32.7,37.4,,,30.25,,,,,,,,,,,,,
Greenhouse,Temp & Humidity Sensor,2020/12/15 10:40 PM,37.5,82.0,32.5,37.5,,,30.26,,,,,,,,,,,,,
Greenhouse,Temp & Humidity Sensor,2020/12/15 10:45 PM,37.7,82.0,32.7,37.7,,,30.24,,,,,,,,,,,,,
Greenhouse,Temp & Humidity Sensor,2020/12/15 10:50 PM,37.7,80.0,32.1,37.7,,,30.24,,,,,,,,,,,,,
Greenhouse,Temp & Humidity Sensor,2020/12/15 10:55 PM,37.7,80.0,32.1,37.7,,,30.25,,,,,,,,,,,,,
Greenhouse,Temp & Humidity Sensor,2020/12/15 11:00 PM,37.7,80.0,32.1,37.7,,,30.25,,,,,,,,,,,,,
Greenhouse,Temp & Humidity Sensor,2020/12/15 11:05 PM,37.5,81.0,32.2,37.5,,,30.25,,,,,,,,,,,,,
Greenhouse,Temp & Humidity Sensor,2020/12/15 11:10 PM,37.5,81.0,32.2,37.5,,,30.26,,,,,,,,,,,,,
Greenhouse,Temp & Humidity Sensor,2020/12/15 11:15 PM,37.7,80.0,32.1,37.7,,,30.25,,,,,,,,,,,,,
Greenhouse,Temp & Humidity Sensor,2020/12/15 11:20 PM,37.7,80.0,32.1,37.7,,,30.26,,,,,,,,,,,,,
Greenhouse,Temp & Humidity Sensor,2020/12/15 11:25 PM,37.7,80.0,32.1,37.7,,,30.26,,,,,,,,,,,,,
Greenhouse,Temp & Humidity Sensor,2020/12/15 11:30 PM,37.7,80.0,32.1,37.7,,,30.25,,,,,,,,,,,,,
Greenhouse,Temp & Humidity Sensor,2020/12/15 11:35 PM,38.1,80.0,32.5,38.1,,,30.25,,,,,,,,,,,,,
Greenhouse,Temp & Humidity Sensor,2020/12/15 11:40 PM,38.3,80.0,32.7,38.3,,,30.25,,,,,,,,,,,,,
Greenhouse,Temp & Humidity Sensor,2020/12/15 11:45 PM,38.1,80.0,32.5,38.1,,,30.24,,,,,,,,,,,,,
Greenhouse,Temp & Humidity Sensor,2020/12/15 11:50 PM,38.1,79.0,32.2,38.1,,,30.25,,,,,,,,,,,,,
Greenhouse,Temp & Humidity Sensor,2020/12/15 11:55 PM,38.1,79.0,32.2,38.1,,,30.24,,,,,,,,,,,,,
Greenhouse,Temp & Humidity Sensor,2020/12/16 12:00 AM,38.1,79.0,32.2,38.1,,,30.24,,,,,,,,,,,,,
Greenhouse,Temp & Humidity Sensor,2020/12/16 12:05 AM,38.1,80.0,32.5,38.1,,,30.23,,,,,,,,,,,,,
Greenhouse,Temp & Humidity Sensor,2020/12/16 12:10 AM,38.1,80.0,32.5,38.1,,,30.23,,,,,,,,,,,,,
Greenhouse,Temp & Humidity Sensor,2020/12/16 12:20 AM,38.1,78.0,31.9,38.1,,,30.24,,,,,,,,,,,,,
Greenhouse,Temp & Humidity Sensor,2020/12/16 12:25 AM,38.1,79.0,32.2,38.1,,,30.25,,,,,,,,,,,,,
Greenhouse,Temp & Humidity Sensor,2020/12/16 12:30 AM,38.1,79.0,32.2,38.1,,,30.25,,,,,,,,,,,,,
Greenhouse,Temp & Humidity Sensor,2020/12/16 12:35 AM,38.3,79.0,32.4,38.3,,,30.25,,,,,,,,,,,,,
Greenhouse,Temp & Humidity Sensor,2020/12/16 12:40 AM,38.1,79.0,32.2,38.1,,,30.24,,,,,,,,,,,,,
Greenhouse,Temp & Humidity Sensor,2020/12/16 12:45 AM,38.1,79.0,32.2,38.1,,,30.23,,,,,,,,,,,,,
Greenhouse,Temp & Humidity Sensor,2020/12/16 12:50 AM,38.1,79.0,32.2,38.1,,,30.24,,,,,,,,,,,,,
Greenhouse,Temp & Humidity Sensor,2020/12/16 12:55 AM,38.1,79.0,32.2,38.1,,,30.24,,,,,,,,,,,,,
Greenhouse,Temp & Humidity Sensor,2020/12/16 1:00 AM,38.1,79.0,32.2,38.1,,,30.24,,,,,,,,,,,,,
Greenhouse,Temp & Humidity Sensor,2020/12/16 1:05 AM,38.1,79.0,32.2,38.1,,,30.24,,,,,,,,,,,,,
Greenhouse,Temp & Humidity Sensor,2020/12/16 1:10 AM,38.1,79.0,32.2,38.1,,,30.23,,,,,,,,,,,,,
Greenhouse,Temp & Humidity Sensor,2020/12/16 1:15 AM,37.9,79.0,32.0,37.9,,,30.21,,,,,,,,,,,,,
Greenhouse,Temp & Humidity Sensor,2020/12/16 1:20 AM,37.9,79.0,32.0,37.9,,,30.22,,,,,,,,,,,,,
Greenhouse,Temp & Humidity Sensor,2020/12/16 1:25 AM,38.1,79.0,32.2,38.1,,,30.22,,,,,,,,,,,,,
Greenhouse,Temp & Humidity Sensor,2020/12/16 1:30 AM,38.1,79.0,32.2,38.1,,,30.21,,,,,,,,,,,,,
Greenhouse,Temp & Humidity Sensor,2020/12/16 1:35 AM,38.1,79.0,32.2,38.1,,,30.21,,,,,,,,,,,,,
Greenhouse,Temp & Humidity Sensor,2020/12/16 1:40 AM,38.1,79.0,32.2,38.1,,,30.21,,,,,,,,,,,,,
Greenhouse,Temp & Humidity Sensor,2020/12/16 1:45 AM,38.1,79.0,32.2,38.1,,,30.2,,,,,,,,,,,,,
Greenhouse,Temp & Humidity Sensor,2020/12/16 1:50 AM,38.1,79.0,32.2,38.1,,,30.2,,,,,,,,,,,,,
Greenhouse,Temp & Humidity Sensor,2020/12/16 1:55 AM,37.9,78.0,31.7,37.9,,,30.2,,,,,,,,,,,,,
Greenhouse,Temp & Humidity Sensor,2020/12/16 2:00 AM,37.9,78.0,31.7,37.9,,,30.2,,,,,,,,,,,,,
Greenhouse,Temp & Humidity Sensor,2020/12/16 2:05 AM,37.9,78.0,31.7,37.9,,,30.2,,,,,,,,,,,,,
Greenhouse,Temp & Humidity Sensor,2020/12/16 2:10 AM,37.9,78.0,31.7,37.9,,,30.21,,,,,,,,,,,,,
Greenhouse,Temp & Humidity Sensor,2020/12/16 2:15 AM,37.9,78.0,31.7,37.9,,,30.21,,,,,,,,,,,,,
Greenhouse,Temp & Humidity Sensor,2020/12/16 2:20 AM,37.9,78.0,31.7,37.9,,,30.21,,,,,,,,,,,,,
Greenhouse,Temp & Humidity Sensor,2020/12/16 2:25 AM,37.7,78.0,31.5,37.7,,,30.21,,,,,,,,,,,,,
Greenhouse,Temp & Humidity Sensor,2020/12/16 2:30 AM,37.5,78.0,31.3,37.5,,,30.21,,,,,,,,,,,,,
Greenhouse,Temp & Humidity Sensor,2020/12/16 2:35 AM,37.5,80.0,31.9,37.5,,,30.22,,,,,,,,,,,,,
Greenhouse,Temp & Humidity Sensor,2020/12/16 2:40 AM,37.4,80.0,31.8,37.4,,,30.23,,,,,,,,,,,,,
Greenhouse,Temp & Humidity Sensor,2020/12/16 2:50 AM,37.4,79.0,31.5,37.4,,,30.23,,,,,,,,,,,,,
Greenhouse,Temp & Humidity Sensor,2020/12/16 2:55 AM,37.4,79.0,31.5,37.4,,,30.21,,,,,,,,,,,,,
Greenhouse,Temp & Humidity Sensor,2020/12/16 3:00 AM,37.5,79.0,31.6,37.5,,,30.22,,,,,,,,,,,,,
Greenhouse,Temp & Humidity Sensor,2020/12/16 3:05 AM,37.7,80.0,32.1,37.7,,,30.21,,,,,,,,,,,,,
Greenhouse,Temp & Humidity Sensor,2020/12/16 3:10 AM,37.7,80.0,32.1,37.7,,,30.21,,,,,,,,,,,,,
Greenhouse,Temp & Humidity Sensor,2020/12/16 3:15 AM,37.7,79.0,31.8,37.7,,,30.22,,,,,,,,,,,,,
Greenhouse,Temp & Humidity Sensor,2020/12/16 3:20 AM,37.7,80.0,32.1,37.7,,,30.22,,,,,,,,,,,,,
Greenhouse,Temp & Humidity Sensor,2020/12/16 3:25 AM,37.7,79.0,31.8,37.7,,,30.2,,,,,,,,,,,,,
Greenhouse,Temp & Humidity Sensor,2020/12/16 3:30 AM,37.7,79.0,31.8,37.7,,,30.21,,,,,,,,,,,,,
Greenhouse,Temp & Humidity Sensor,2020/12/16 3:35 AM,37.5,79.0,31.6,37.5,,,30.2,,,,,,,,,,,,,
Greenhouse,Temp & Humidity Sensor,2020/12/16 3:40 AM,37.4,79.0,31.5,37.4,,,30.19,,,,,,,,,,,,,
Greenhouse,Temp & Humidity Sensor,2020/12/16 3:45 AM,37.4,80.0,31.8,37.4,,,30.19,,,,,,,,,,,,,
Greenhouse,Temp & Humidity Sensor,2020/12/16 3:50 AM,37.4,81.0,32.1,37.4,,,30.19,,,,,,,,,,,,,
Greenhouse,Temp & Humidity Sensor,2020/12/16 3:55 AM,37.4,82.0,32.4,37.4,,,30.18,,,,,,,,,,,,,
Greenhouse,Temp & Humidity Sensor,2020/12/16 4:00 AM,37.5,84.0,33.1,37.5,,,30.17,,,,,,,,,,,,,
Greenhouse,Temp & Humidity Sensor,2020/12/16 4:05 AM,37.5,84.0,33.1,37.5,,,30.17,,,,,,,,,,,,,
Greenhouse,Temp & Humidity Sensor,2020/12/16 4:10 AM,37.7,84.0,33.3,37.7,,,30.17,,,,,,,,,,,,,
Greenhouse,Temp & Humidity Sensor,2020/12/16 4:15 AM,38.1,83.0,33.4,38.1,,,30.17,,,,,,,,,,,,,
Greenhouse,Temp & Humidity Sensor,2020/12/16 4:20 AM,38.1,83.0,33.4,38.1,,,30.16,,,,,,,,,,,,,
Greenhouse,Temp & Humidity Sensor,2020/12/16 4:25 AM,38.1,83.0,33.4,38.1,,,30.17,,,,,,,,,,,,,
Greenhouse,Temp & Humidity Sensor,2020/12/16 4:30 AM,38.1,83.0,33.4,38.1,,,30.18,,,,,,,,,,,,,
Greenhouse,Temp & Humidity Sensor,2020/12/16 4:35 AM,38.3,83.0,33.6,38.3,,,30.17,,,,,,,,,,,,,
Greenhouse,Temp & Humidity Sensor,2020/12/16 4:40 AM,38.3,82.0,33.3,38.3,,,30.17,,,,,,,,,,,,,
Greenhouse,Temp & Humidity Sensor,2020/12/16 4:45 AM,38.3,82.0,33.3,38.3,,,30.17,,,,,,,,,,,,,
Greenhouse,Temp & Humidity Sensor,2020/12/16 4:50 AM,38.3,82.0,33.3,38.3,,,30.17,,,,,,,,,,,,,
Greenhouse,Temp & Humidity Sensor,2020/12/16 4:55 AM,38.3,82.0,33.3,38.3,,,30.17,,,,,,,,,,,,,
Greenhouse,Temp & Humidity Sensor,2020/12/16 5:00 AM,38.3,82.0,33.3,38.3,,,30.16,,,,,,,,,,,,,
Greenhouse,Temp & Humidity Sensor,2020/12/16 5:05 AM,38.4,82.0,33.4,38.4,,,30.15,,,,,,,,,,,,,
Greenhouse,Temp & Humidity Sensor,2020/12/16 5:10 AM,38.3,82.0,33.3,38.3,,,30.16,,,,,,,,,,,,,
Greenhouse,Temp & Humidity Sensor,2020/12/16 5:15 AM,38.3,82.0,33.3,38.3,,,30.15,,,,,,,,,,,,,
Greenhouse,Temp & Humidity Sensor,2020/12/16 5:20 AM,38.3,82.0,33.3,38.3,,,30.15,,,,,,,,,,,,,
Greenhouse,Temp & Humidity Sensor,2020/12/16 5:25 AM,38.3,82.0,33.3,38.3,,,30.15,,,,,,,,,,,,,
Greenhouse,Temp & Humidity Sensor,2020/12/16 5:30 AM,38.4,82.0,33.4,38.4,,,30.15,,,,,,,,,,,,,
Greenhouse,Temp & Humidity Sensor,2020/12/16 5:35 AM,38.3,82.0,33.3,38.3,,,30.15,,,,,,,,,,,,,
Greenhouse,Temp & Humidity Sensor,2020/12/16 5:40 AM,38.1,83.0,33.4,38.1,,,30.15,,,,,,,,,,,,,
Greenhouse,Temp & Humidity Sensor,2020/12/16 5:45 AM,38.3,84.0,33.9,38.3,,,30.14,,,,,,,,,,,,,
Greenhouse,Temp & Humidity Sensor,2020/12/16 5:50 AM,37.9,85.0,33.8,37.9,,,30.14,,,,,,,,,,,,,
Greenhouse,Temp & Humidity Sensor,2020/12/16 5:55 AM,38.1,85.0,34.0,38.1,,,30.14,,,,,,,,,,,,,
Greenhouse,Temp & Humidity Sensor,2020/12/16 6:00 AM,37.7,86.0,33.9,37.7,,,30.13,,,,,,,,,,,,,
Greenhouse,Temp & Humidity Sensor,2020/12/16 6:05 AM,38.4,88.0,35.2,38.4,,,30.13,,,,,,,,,,,,,
Greenhouse,Temp & Humidity Sensor,2020/12/16 6:10 AM,38.4,88.0,35.2,38.4,,,30.12,,,,,,,,,,,,,
Greenhouse,Temp & Humidity Sensor,2020/12/16 6:15 AM,38.4,88.0,35.2,38.4,,,30.12,,,,,,,,,,,,,
Greenhouse,Temp & Humidity Sensor,2020/12/16 6:20 AM,38.3,88.0,35.1,38.3,,,30.12,,,,,,,,,,,,,
Greenhouse,Temp & Humidity Sensor,2020/12/16 6:25 AM,38.3,88.0,35.1,38.3,,,30.11,,,,,,,,,,,,,
Greenhouse,Temp & Humidity Sensor,2020/12/16 6:30 AM,38.3,88.0,35.1,38.3,,,30.11,,,,,,,,,,,,,
Greenhouse,Temp & Humidity Sensor,2020/12/16 6:35 AM,38.4,89.0,35.4,38.4,,,30.1,,,,,,,,,,,,,
Greenhouse,Temp & Humidity Sensor,2020/12/16 6:40 AM,38.4,89.0,35.4,38.4,,,30.11,,,,,,,,,,,,,
Greenhouse,Temp & Humidity Sensor,2020/12/16 6:45 AM,38.4,89.0,35.4,38.4,,,30.11,,,,,,,,,,,,,
Greenhouse,Temp & Humidity Sensor,2020/12/16 6:50 AM,38.8,90.0,36.1,38.8,,,30.11,,,,,,,,,,,,,
Greenhouse,Temp & Humidity Sensor,2020/12/16 6:55 AM,39.0,92.0,36.9,39.0,,,30.11,,,,,,,,,,,,,
Greenhouse,Temp & Humidity Sensor,2020/12/16 7:00 AM,39.2,92.0,37.1,39.2,,,30.11,,,,,,,,,,,,,
Greenhouse,Temp & Humidity Sensor,2020/12/16 7:05 AM,39.2,93.0,37.3,39.2,,,30.11,,,,,,,,,,,,,
Greenhouse,Temp & Humidity Sensor,2020/12/16 7:10 AM,39.2,93.0,37.3,39.2,,,30.11,,,,,,,,,,,,,
Greenhouse,Temp & Humidity Sensor,2020/12/16 7:15 AM,39.2,93.0,37.3,39.2,,,30.12,,,,,,,,,,,,,
Greenhouse,Temp & Humidity Sensor,2020/12/16 7:20 AM,39.3,93.0,37.4,39.3,,,30.12,,,,,,,,,,,,,
Greenhouse,Temp & Humidity Sensor,2020/12/16 7:25 AM,39.7,94.0,38.1,39.7,,,30.13,,,,,,,,,,,,,
Greenhouse,Temp & Humidity Sensor,2020/12/16 7:30 AM,39.5,94.0,37.9,39.5,,,30.12,,,,,,,,,,,,,
Greenhouse,Temp & Humidity Sensor,2020/12/16 7:35 AM,39.7,94.0,38.1,39.7,,,30.11,,,,,,,,,,,,,
Greenhouse,Temp & Humidity Sensor,2020/12/16 7:40 AM,39.9,95.0,38.6,39.9,,,30.11,,,,,,,,,,,,,
Greenhouse,Temp & Humidity Sensor,2020/12/16 7:45 AM,40.1,95.0,38.8,38.3,,,30.11,,,,,,,,,,,,,
Greenhouse,Temp & Humidity Sensor,2020/12/16 7:50 AM,40.1,95.0,38.8,38.3,,,30.11,,,,,,,,,,,,,
Greenhouse,Temp & Humidity Sensor,2020/12/16 7:55 AM,40.2,95.0,38.9,38.4,,,30.1,,,,,,,,,,,,,
Greenhouse,Temp & Humidity Sensor,2020/12/16 8:00 AM,40.2,95.0,38.9,38.4,,,30.11,,,,,,,,,,,,,
Greenhouse,Temp & Humidity Sensor,2020/12/16 8:05 AM,40.2,95.0,38.9,38.4,,,30.11,,,,,,,,,,,,,
Greenhouse,Temp & Humidity Sensor,2020/12/16 8:10 AM,40.4,95.0,39.1,38.6,,,30.11,,,,,,,,,,,,,
Greenhouse,Temp & Humidity Sensor,2020/12/16 8:15 AM,40.4,95.0,39.1,38.6,,,30.11,,,,,,,,,,,,,
Greenhouse,Temp & Humidity Sensor,2020/12/16 8:20 AM,40.4,95.0,39.1,38.6,,,30.1,,,,,,,,,,,,,
Greenhouse,Temp & Humidity Sensor,2020/12/16 8:25 AM,40.6,95.0,39.3,38.8,,,30.1,,,,,,,,,,,,,
Greenhouse,Temp & Humidity Sensor,2020/12/16 8:30 AM,40.6,95.0,39.3,38.8,,,30.09,,,,,,,,,,,,,
Greenhouse,Temp & Humidity Sensor,2020/12/16 8:35 AM,40.8,95.0,39.5,39.0,,,30.08,,,,,,,,,,,,,
Greenhouse,Temp & Humidity Sensor,2020/12/16 8:40 AM,41.0,94.0,39.4,39.2,,,30.07,,,,,,,,,,,,,
Greenhouse,Temp & Humidity Sensor,2020/12/16 8:45 AM,41.0,94.0,39.4,39.2,,,30.07,,,,,,,,,,,,,
Greenhouse,Temp & Humidity Sensor,2020/12/16 8:50 AM,41.0,94.0,39.4,39.2,,,30.06,,,,,,,,,,,,,
Greenhouse,Temp & Humidity Sensor,2020/12/16 8:55 AM,41.0,94.0,39.4,39.2,,,30.05,,,,,,,,,,,,,
Greenhouse,Temp & Humidity Sensor,2020/12/16 9:00 AM,41.0,94.0,39.4,39.2,,,30.05,,,,,,,,,,,,,
Greenhouse,Temp & Humidity Sensor,2020/12/16 9:05 AM,41.1,94.0,39.5,39.3,,,30.05,,,,,,,,,,,,,
Greenhouse,Temp & Humidity Sensor,2020/12/16 9:10 AM,41.1,94.0,39.5,39.3,,,30.05,,,,,,,,,,,,,
Greenhouse,Temp & Humidity Sensor,2020/12/16 9:15 AM,41.1,94.0,39.5,39.3,,,30.05,,,,,,,,,,,,,
Greenhouse,Temp & Humidity Sensor,2020/12/16 9:20 AM,41.3,95.0,40.0,39.6,,,30.06,,,,,,,,,,,,,
Greenhouse,Temp & Humidity Sensor,2020/12/16 9:25 AM,41.3,95.0,40.0,39.6,,,30.07,,,,,,,,,,,,,
Greenhouse,Temp & Humidity Sensor,2020/12/16 9:30 AM,41.5,96.0,40.4,39.9,,,30.08,,,,,,,,,,,,,
Greenhouse,Temp & Humidity Sensor,2020/12/16 9:35 AM,41.5,96.0,40.4,39.9,,,30.08,,,,,,,,,,,,,
Greenhouse,Temp & Humidity Sensor,2020/12/16 9:40 AM,41.7,96.0,40.6,40.1,,,30.07,,,,,,,,,,,,,
Greenhouse,Temp & Humidity Sensor,2020/12/16 9:45 AM,41.9,96.0,40.8,40.3,,,30.08,,,,,,,,,,,,,
Greenhouse,Temp & Humidity Sensor,2020/12/16 9:50 AM,41.9,96.0,40.8,40.3,,,30.07,,,,,,,,,,,,,
Greenhouse,Temp & Humidity Sensor,2020/12/16 9:55 AM,41.9,97.0,41.1,40.3,,,30.06,,,,,,,,,,,,,
Greenhouse,Temp & Humidity Sensor,2020/12/16 10:00 AM,42.0,97.0,41.2,40.5,,,30.04,,,,,,,,,,,,,
Greenhouse,Temp & Humidity Sensor,2020/12/16 10:05 AM,42.2,97.0,41.4,40.7,,,30.03,,,,,,,,,,,,,
Greenhouse,Temp & Humidity Sensor,2020/12/16 10:10 AM,42.2,96.0,41.1,40.6,,,30.04,,,,,,,,,,,,,
Greenhouse,Temp & Humidity Sensor,2020/12/16 10:15 AM,42.4,96.0,41.3,40.9,,,30.03,,,,,,,,,,,,,
Greenhouse,Temp & Humidity Sensor,2020/12/16 10:20 AM,42.6,96.0,41.5,41.1,,,30.02,,,,,,,,,,,,,
Greenhouse,Temp & Humidity Sensor,2020/12/16 10:25 AM,42.8,95.0,41.5,41.2,,,30.01,,,,,,,,,,,,,
Greenhouse,Temp & Humidity Sensor,2020/12/16 10:30 AM,42.6,96.0,41.5,41.1,,,30.0,,,,,,,,,,,,,
Greenhouse,Temp & Humidity Sensor,2020/12/16 10:35 AM,42.8,95.0,41.5,41.2,,,30.0,,,,,,,,,,,,,
Greenhouse,Temp & Humidity Sensor,2020/12/16 10:40 AM,42.8,95.0,41.5,41.2,,,29.99,,,,,,,,,,,,,
Greenhouse,Temp & Humidity Sensor,2020/12/16 10:45 AM,42.6,95.0,41.3,41.0,,,29.98,,,,,,,,,,,,,
Greenhouse,Temp & Humidity Sensor,2020/12/16 10:50 AM,42.8,95.0,41.5,41.2,,,29.99,,,,,,,,,,,,,
Greenhouse,Temp & Humidity Sensor,2020/12/16 10:55 AM,42.8,95.0,41.5,41.2,,,29.99,,,,,,,,,,,,,
Greenhouse,Temp & Humidity Sensor,2020/12/16 11:00 AM,42.8,95.0,41.5,41.2,,,29.98,,,,,,,,,,,,,
Greenhouse,Temp & Humidity Sensor,2020/12/16 11:05 AM,42.8,95.0,41.5,41.2,,,29.97,,,,,,,,,,,,,
Greenhouse,Temp & Humidity Sensor,2020/12/16 11:10 AM,43.1,95.0,41.8,41.6,,,29.95,,,,,,,,,,,,,
Greenhouse,Temp & Humidity Sensor,2020/12/16 11:15 AM,43.1,95.0,41.8,41.6,,,29.95,,,,,,,,,,,,,
Greenhouse,Temp & Humidity Sensor,2020/12/16 11:20 AM,43.1,95.0,41.8,41.6,,,29.95,,,,,,,,,,,,,
Greenhouse,Temp & Humidity Sensor,2020/12/16 11:25 AM,42.9,95.0,41.6,41.4,,,29.94,,,,,,,,,,,,,
Greenhouse,Temp & Humidity Sensor,2020/12/16 11:30 AM,42.9,95.0,41.6,41.4,,,29.95,,,,,,,,,,,,,
Greenhouse,Temp & Humidity Sensor,2020/12/16 11:35 AM,43.1,95.0,41.8,41.6,,,29.95,,,,,,,,,,,,,
Greenhouse,Temp & Humidity Sensor,2020/12/16 11:40 AM,43.3,96.0,42.2,41.8,,,29.94,,,,,,,,,,,,,
Greenhouse,Temp & Humidity Sensor,2020/12/16 11:45 AM,43.3,96.0,42.2,41.8,,,29.94,,,,,,,,,,,,,
Greenhouse,Temp & Humidity Sensor,2020/12/16 11:50 AM,43.3,96.0,42.2,41.8,,,29.94,,,,,,,,,,,,,
Greenhouse,Temp & Humidity Sensor,2020/12/16 11:55 AM,43.3,96.0,42.2,41.8,,,29.94,,,,,,,,,,,,,
Greenhouse,Temp & Humidity Sensor,2020/12/16 12:00 PM,43.3,96.0,42.2,41.8,,,29.94,,,,,,,,,,,,,
Greenhouse,Temp & Humidity Sensor,2020/12/16 12:05 PM,43.5,96.0,42.4,42.1,,,29.93,,,,,,,,,,,,,
Greenhouse,Temp & Humidity Sensor,2020/12/16 12:10 PM,43.7,96.0,42.6,42.3,,,29.95,,,,,,,,,,,,,
Greenhouse,Temp & Humidity Sensor,2020/12/16 12:15 PM,43.7,96.0,42.6,42.3,,,29.94,,,,,,,,,,,,,
Greenhouse,Temp & Humidity Sensor,2020/12/16 12:20 PM,43.8,96.0,42.7,42.4,,,29.93,,,,,,,,,,,,,
Greenhouse,Temp & Humidity Sensor,2020/12/16 12:25 PM,44.0,96.0,42.9,42.6,,,29.95,,,,,,,,,,,,,
Greenhouse,Temp & Humidity Sensor,2020/12/16 12:30 PM,44.0,96.0,42.9,42.6,,,29.95,,,,,,,,,,,,,
Greenhouse,Temp & Humidity Sensor,2020/12/16 12:35 PM,44.0,96.0,42.9,42.6,,,29.96,,,,,,,,,,,,,
Greenhouse,Temp & Humidity Sensor,2020/12/16 12:40 PM,44.0,96.0,42.9,42.6,,,29.97,,,,,,,,,,,,,
Greenhouse,Temp & Humidity Sensor,2020/12/16 12:45 PM,44.2,97.0,43.4,42.9,,,29.96,,,,,,,,,,,,,
Greenhouse,Temp & Humidity Sensor,2020/12/16 12:50 PM,44.2,97.0,43.4,42.9,,,29.96,,,,,,,,,,,,,
Greenhouse,Temp & Humidity Sensor,2020/12/16 12:55 PM,44.0,97.0,43.2,42.7,,,29.98,,,,,,,,,,,,,
Greenhouse,Temp & Humidity Sensor,2020/12/16 1:00 PM,43.8,97.0,43.0,42.4,,,29.97,,,,,,,,,,,,,
Greenhouse,Temp & Humidity Sensor,2020/12/16 1:10 PM,43.3,97.0,42.5,41.9,,,29.96,,,,,,,,,,,,,
Greenhouse,Temp & Humidity Sensor,2020/12/16 1:15 PM,43.1,97.0,42.3,41.7,,,29.93,,,,,,,,,,,,,
Greenhouse,Temp & Humidity Sensor,2020/12/16 1:20 PM,42.9,97.0,42.1,41.4,,,29.95,,,,,,,,,,,,,
Greenhouse,Temp & Humidity Sensor,2020/12/16 1:25 PM,42.8,97.0,42.0,41.3,,,29.94,,,,,,,,,,,,,
Greenhouse,Temp & Humidity Sensor,2020/12/16 1:30 PM,42.8,96.0,41.7,41.3,,,29.95,,,,,,,,,,,,,
Greenhouse,Temp & Humidity Sensor,2020/12/16 1:35 PM,42.8,96.0,41.7,41.3,,,29.94,,,,,,,,,,,,,
Greenhouse,Temp & Humidity Sensor,2020/12/16 1:40 PM,42.6,97.0,41.8,41.1,,,29.94,,,,,,,,,,,,,
Greenhouse,Temp & Humidity Sensor,2020/12/16 1:45 PM,42.6,97.0,41.8,41.1,,,29.94,,,,,,,,,,,,,
Greenhouse,Temp & Humidity Sensor,2020/12/16 1:50 PM,42.6,97.0,41.8,41.1,,,29.93,,,,,,,,,,,,,
Greenhouse,Temp & Humidity Sensor,2020/12/16 1:55 PM,42.4,97.0,41.6,40.9,,,29.93,,,,,,,,,,,,,
Greenhouse,Temp & Humidity Sensor,2020/12/16 2:00 PM,42.2,97.0,41.4,40.7,,,29.92,,,,,,,,,,,,,
Greenhouse,Temp & Humidity Sensor,2020/12/16 2:05 PM,42.0,97.0,41.2,40.5,,,29.92,,,,,,,,,,,,,
Greenhouse,Temp & Humidity Sensor,2020/12/16 2:10 PM,42.0,97.0,41.2,40.5,,,29.92,,,,,,,,,,,,,
Greenhouse,Temp & Humidity Sensor,2020/12/16 2:15 PM,42.0,97.0,41.2,40.5,,,29.91,,,,,,,,,,,,,
Greenhouse,Temp & Humidity Sensor,2020/12/16 2:20 PM,42.0,97.0,41.2,40.5,,,29.91,,,,,,,,,,,,,
Greenhouse,Temp & Humidity Sensor,2020/12/16 2:25 PM,41.9,97.0,41.1,40.3,,,29.9,,,,,,,,,,,,,
Greenhouse,Temp & Humidity Sensor,2020/12/16 2:30 PM,41.7,97.0,40.9,40.1,,,29.9,,,,,,,,,,,,,
Greenhouse,Temp & Humidity Sensor,2020/12/16 2:35 PM,42.0,97.0,41.2,40.5,,,29.9,,,,,,,,,,,,,
Greenhouse,Temp & Humidity Sensor,2020/12/16 2:40 PM,42.4,97.0,41.6,40.9,,,29.88,,,,,,,,,,,,,
Greenhouse,Temp & Humidity Sensor,2020/12/16 2:45 PM,42.4,97.0,41.6,40.9,,,29.88,,,,,,,,,,,,,
Greenhouse,Temp & Humidity Sensor,2020/12/16 2:50 PM,42.8,96.0,41.7,41.3,,,29.87,,,,,,,,,,,,,
Greenhouse,Temp & Humidity Sensor,2020/12/16 2:55 PM,42.6,97.0,41.8,41.1,,,29.86,,,,,,,,,,,,,
Greenhouse,Temp & Humidity Sensor,2020/12/16 3:00 PM,42.2,97.0,41.4,40.7,,,29.86,,,,,,,,,,,,,
Greenhouse,Temp & Humidity Sensor,2020/12/16 3:05 PM,42.2,97.0,41.4,40.7,,,29.86,,,,,,,,,,,,,
Greenhouse,Temp & Humidity Sensor,2020/12/16 3:10 PM,42.2,97.0,41.4,40.7,,,29.85,,,,,,,,,,,,,
Greenhouse,Temp & Humidity Sensor,2020/12/16 3:15 PM,42.2,97.0,41.4,40.7,,,29.85,,,,,,,,,,,,,
Greenhouse,Temp & Humidity Sensor,2020/12/16 3:20 PM,42.6,97.0,41.8,41.1,,,29.86,,,,,,,,,,,,,
Greenhouse,Temp & Humidity Sensor,2020/12/16 3:25 PM,42.4,97.0,41.6,40.9,,,29.84,,,,,,,,,,,,,
Greenhouse,Temp & Humidity Sensor,2020/12/16 3:30 PM,42.2,97.0,41.4,40.7,,,29.85,,,,,,,,,,,,,
Greenhouse,Temp & Humidity Sensor,2020/12/16 3:35 PM,42.2,97.0,41.4,40.7,,,29.85,,,,,,,,,,,,,
Greenhouse,Temp & Humidity Sensor,2020/12/16 3:40 PM,42.0,97.0,41.2,40.5,,,29.85,,,,,,,,,,,,,
Greenhouse,Temp & Humidity Sensor,2020/12/16 3:45 PM,42.0,97.0,41.2,40.5,,,29.85,,,,,,,,,,,,,
Greenhouse,Temp & Humidity Sensor,2020/12/16 3:50 PM,42.0,97.0,41.2,40.5,,,29.85,,,,,,,,,,,,,
Greenhouse,Temp & Humidity Sensor,2020/12/16 3:55 PM,42.0,97.0,41.2,40.5,,,29.86,,,,,,,,,,,,,
Greenhouse,Temp & Humidity Sensor,2020/12/16 4:00 PM,42.0,97.0,41.2,40.5,,,29.85,,,,,,,,,,,,,
Greenhouse,Temp & Humidity Sensor,2020/12/16 4:05 PM,42.0,97.0,41.2,40.5,,,29.86,,,,,,,,,,,,,
Greenhouse,Temp & Humidity Sensor,2020/12/16 4:10 PM,42.0,97.0,41.2,40.5,,,29.86,,,,,,,,,,,,,
Greenhouse,Temp & Humidity Sensor,2020/12/16 4:15 PM,42.0,97.0,41.2,40.5,,,29.86,,,,,,,,,,,,,
Greenhouse,Temp & Humidity Sensor,2020/12/16 4:20 PM,42.0,97.0,41.2,40.5,,,29.85,,,,,,,,,,,,,
Greenhouse,Temp & Humidity Sensor,2020/12/16 4:25 PM,42.0,97.0,41.2,40.5,,,29.86,,,,,,,,,,,,,
Greenhouse,Temp & Humidity Sensor,2020/12/16 4:30 PM,42.0,97.0,41.2,40.5,,,29.85,,,,,,,,,,,,,
Greenhouse,Temp & Humidity Sensor,2020/12/16 4:35 PM,41.9,97.0,41.1,40.3,,,29.85,,,,,,,,,,,,,
Greenhouse,Temp & Humidity Sensor,2020/12/16 4:40 PM,42.0,97.0,41.2,40.5,,,29.85,,,,,,,,,,,,,
Greenhouse,Temp & Humidity Sensor,2020/12/16 4:45 PM,42.0,97.0,41.2,40.5,,,29.84,,,,,,,,,,,,,
Greenhouse,Temp & Humidity Sensor,2020/12/16 4:50 PM,42.0,97.0,41.2,40.5,,,29.85,,,,,,,,,,,,,
Greenhouse,Temp & Humidity Sensor,2020/12/16 4:55 PM,42.0,97.0,41.2,40.5,,,29.85,,,,,,,,,,,,,
Greenhouse,Temp & Humidity Sensor,2020/12/16 5:00 PM,42.0,97.0,41.2,40.5,,,29.86,,,,,,,,,,,,,
Greenhouse,Temp & Humidity Sensor,2020/12/16 5:05 PM,42.0,97.0,41.2,40.5,,,29.87,,,,,,,,,,,,,
Greenhouse,Temp & Humidity Sensor,2020/12/16 5:10 PM,42.0,97.0,41.2,40.5,,,29.87,,,,,,,,,,,,,
Greenhouse,Temp & Humidity Sensor,2020/12/16 5:15 PM,42.0,97.0,41.2,40.5,,,29.85,,,,,,,,,,,,,
Greenhouse,Temp & Humidity Sensor,2020/12/16 5:20 PM,42.0,97.0,41.2,40.5,,,29.85,,,,,,,,,,,,,
Greenhouse,Temp & Humidity Sensor,2020/12/16 5:25 PM,42.0,97.0,41.2,40.5,,,29.84,,,,,,,,,,,,,
Greenhouse,Temp & Humidity Sensor,2020/12/16 5:30 PM,42.0,97.0,41.2,40.5,,,29.84,,,,,,,,,,,,,
Greenhouse,Temp & Humidity Sensor,2020/12/16 5:35 PM,41.9,97.0,41.1,40.3,,,29.84,,,,,,,,,,,,,
Greenhouse,Temp & Humidity Sensor,2020/12/16 5:40 PM,41.9,97.0,41.1,40.3,,,29.85,,,,,,,,,,,,,
Greenhouse,Temp & Humidity Sensor,2020/12/16 5:45 PM,42.0,97.0,41.2,40.5,,,29.85,,,,,,,,,,,,,
Greenhouse,Temp & Humidity Sensor,2020/12/16 5:50 PM,42.0,97.0,41.2,40.5,,,29.87,,,,,,,,,,,,,
Greenhouse,Temp & Humidity Sensor,2020/12/16 5:55 PM,41.9,97.0,41.1,40.3,,,29.88,,,,,,,,,,,,,
Greenhouse,Temp & Humidity Sensor,2020/12/16 6:00 PM,41.9,97.0,41.1,40.3,,,29.87,,,,,,,,,,,,,
Greenhouse,Temp & Humidity Sensor,2020/12/16 6:05 PM,41.9,97.0,41.1,40.3,,,29.87,,,,,,,,,,,,,
Greenhouse,Temp & Humidity Sensor,2020/12/16 6:10 PM,41.9,97.0,41.1,40.3,,,29.87,,,,,,,,,,,,,
Greenhouse,Temp & Humidity Sensor,2020/12/16 6:15 PM,42.0,97.0,41.2,40.5,,,29.87,,,,,,,,,,,,,
Greenhouse,Temp & Humidity Sensor,2020/12/16 6:20 PM,42.0,97.0,41.2,40.5,,,29.87,,,,,,,,,,,,,
Greenhouse,Temp & Humidity Sensor,2020/12/16 6:25 PM,42.2,97.0,41.4,40.7,,,29.87,,,,,,,,,,,,,
Greenhouse,Temp & Humidity Sensor,2020/12/16 6:30 PM,42.2,97.0,41.4,40.7,,,29.87,,,,,,,,,,,,,
Greenhouse,Temp & Humidity Sensor,2020/12/16 6:35 PM,42.0,97.0,41.2,40.5,,,29.87,,,,,,,,,,,,,
Greenhouse,Temp & Humidity Sensor,2020/12/16 6:40 PM,42.0,97.0,41.2,40.5,,,29.88,,,,,,,,,,,,,
Greenhouse,Temp & Humidity Sensor,2020/12/16 6:45 PM,42.0,97.0,41.2,40.5,,,29.88,,,,,,,,,,,,,
Greenhouse,Temp & Humidity Sensor,2020/12/16 6:50 PM,42.2,97.0,41.4,40.7,,,29.88,,,,,,,,,,,,,
Greenhouse,Temp & Humidity Sensor,2020/12/16 6:55 PM,42.2,97.0,41.4,40.7,,,29.88,,,,,,,,,,,,,
Greenhouse,Temp & Humidity Sensor,2020/12/16 7:00 PM,42.2,97.0,41.4,40.7,,,29.88,,,,,,,,,,,,,
Greenhouse,Temp & Humidity Sensor,2020/12/16 7:05 PM,42.0,97.0,41.2,40.5,,,29.88,,,,,,,,,,,,,
Greenhouse,Temp & Humidity Sensor,2020/12/16 7:10 PM,42.2,97.0,41.4,40.7,,,29.87,,,,,,,,,,,,,
Greenhouse,Temp & Humidity Sensor,2020/12/16 7:15 PM,42.2,97.0,41.4,40.7,,,29.88,,,,,,,,,,,,,
Greenhouse,Temp & Humidity Sensor,2020/12/16 7:20 PM,42.2,97.0,41.4,40.7,,,29.88,,,,,,,,,,,,,
Greenhouse,Temp & Humidity Sensor,2020/12/16 7:25 PM,42.4,97.0,41.6,40.9,,,29.88,,,,,,,,,,,,,
Greenhouse,Temp & Humidity Sensor,2020/12/16 7:30 PM,42.4,97.0,41.6,40.9,,,29.9,,,,,,,,,,,,,
Greenhouse,Temp & Humidity Sensor,2020/12/16 7:35 PM,42.4,97.0,41.6,40.9,,,29.9,,,,,,,,,,,,,
Greenhouse,Temp & Humidity Sensor,2020/12/16 7:40 PM,42.4,97.0,41.6,40.9,,,29.9,,,,,,,,,,,,,
Greenhouse,Temp & Humidity Sensor,2020/12/16 7:45 PM,42.2,97.0,41.4,40.7,,,29.9,,,,,,,,,,,,,
Greenhouse,Temp & Humidity Sensor,2020/12/16 7:50 PM,42.4,97.0,41.6,40.9,,,29.9,,,,,,,,,,,,,
Greenhouse,Temp & Humidity Sensor,2020/12/16 7:55 PM,42.4,97.0,41.6,40.9,,,29.9,,,,,,,,,,,,,
Greenhouse,Temp & Humidity Sensor,2020/12/16 8:00 PM,42.4,97.0,41.6,40.9,,,29.91,,,,,,,,,,,,,
Greenhouse,Temp & Humidity Sensor,2020/12/16 8:05 PM,42.2,97.0,41.4,40.7,,,29.9,,,,,,,,,,,,,
Greenhouse,Temp & Humidity Sensor,2020/12/16 8:10 PM,42.2,97.0,41.4,40.7,,,29.89,,,,,,,,,,,,,
Greenhouse,Temp & Humidity Sensor,2020/12/16 8:15 PM,42.0,97.0,41.2,40.5,,,29.88,,,,,,,,,,,,,
Greenhouse,Temp & Humidity Sensor,2020/12/16 8:20 PM,41.9,97.0,41.1,40.3,,,29.88,,,,,,,,,,,,,
Greenhouse,Temp & Humidity Sensor,2020/12/16 8:25 PM,41.9,97.0,41.1,40.3,,,29.87,,,,,,,,,,,,,
Greenhouse,Temp & Humidity Sensor,2020/12/16 8:30 PM,42.0,97.0,41.2,40.5,,,29.87,,,,,,,,,,,,,
Greenhouse,Temp & Humidity Sensor,2020/12/16 8:35 PM,41.9,97.0,41.1,40.3,,,29.87,,,,,,,,,,,,,
Greenhouse,Temp & Humidity Sensor,2020/12/16 8:40 PM,41.9,97.0,41.1,40.3,,,29.87,,,,,,,,,,,,,
Greenhouse,Temp & Humidity Sensor,2020/12/16 8:45 PM,42.0,97.0,41.2,40.5,,,29.87,,,,,,,,,,,,,
Greenhouse,Temp & Humidity Sensor,2020/12/16 8:50 PM,42.0,97.0,41.2,40.5,,,29.88,,,,,,,,,,,,,
Greenhouse,Temp & Humidity Sensor,2020/12/16 8:55 PM,41.9,97.0,41.1,40.3,,,29.88,,,,,,,,,,,,,
Greenhouse,Temp & Humidity Sensor,2020/12/16 9:00 PM,41.7,97.0,40.9,40.1,,,29.88,,,,,,,,,,,,,
Greenhouse,Temp & Humidity Sensor,2020/12/16 9:05 PM,41.5,97.0,40.7,39.9,,,29.88,,,,,,,,,,,,,
Greenhouse,Temp & Humidity Sensor,2020/12/16 9:10 PM,41.3,97.0,40.5,39.7,,,29.88,,,,,,,,,,,,,
Greenhouse,Temp & Humidity Sensor,2020/12/16 9:15 PM,41.3,97.0,40.5,39.7,,,29.88,,,,,,,,,,,,,
Greenhouse,Temp & Humidity Sensor,2020/12/16 9:20 PM,41.1,97.0,40.3,39.5,,,29.88,,,,,,,,,,,,,
Greenhouse,Temp & Humidity Sensor,2020/12/16 9:25 PM,41.0,97.0,40.2,39.4,,,29.88,,,,,,,,,,,,,
Greenhouse,Temp & Humidity Sensor,2020/12/16 9:30 PM,40.6,97.0,39.8,38.9,,,29.88,,,,,,,,,,,,,
Greenhouse,Temp & Humidity Sensor,2020/12/16 9:35 PM,40.4,97.0,39.6,38.7,,,29.88,,,,,,,,,,,,,
Greenhouse,Temp & Humidity Sensor,2020/12/16 9:40 PM,40.4,97.0,39.6,38.7,,,29.88,,,,,,,,,,,,,
Greenhouse,Temp & Humidity Sensor,2020/12/16 9:45 PM,40.2,97.0,39.4,38.5,,,29.88,,,,,,,,,,,,,
Greenhouse,Temp & Humidity Sensor,2020/12/16 9:50 PM,40.1,97.0,39.3,38.4,,,29.88,,,,,,,,,,,,,
Greenhouse,Temp & Humidity Sensor,2020/12/16 9:55 PM,40.4,97.0,39.6,38.7,,,29.88,,,,,,,,,,,,,
Greenhouse,Temp & Humidity Sensor,2020/12/16 10:00 PM,40.6,97.0,39.8,38.9,,,29.88,,,,,,,,,,,,,
Greenhouse,Temp & Humidity Sensor,2020/12/16 10:05 PM,40.8,97.0,40.0,39.1,,,29.89,,,,,,,,,,,,,
Greenhouse,Temp & Humidity Sensor,2020/12/16 10:10 PM,41.0,97.0,40.2,39.4,,,29.89,,,,,,,,,,,,,
Greenhouse,Temp & Humidity Sensor,2020/12/16 10:15 PM,41.0,97.0,40.2,39.4,,,29.89,,,,,,,,,,,,,
Greenhouse,Temp & Humidity Sensor,2020/12/16 10:20 PM,41.1,97.0,40.3,39.5,,,29.89,,,,,,,,,,,,,
Greenhouse,Temp & Humidity Sensor,2020/12/16 10:25 PM,41.1,97.0,40.3,39.5,,,29.9,,,,,,,,,,,,,
Greenhouse,Temp & Humidity Sensor,2020/12/16 10:30 PM,41.1,97.0,40.3,39.5,,,29.9,,,,,,,,,,,,,
Greenhouse,Temp & Humidity Sensor,2020/12/16 10:35 PM,41.0,97.0,40.2,39.4,,,29.9,,,,,,,,,,,,,
Greenhouse,Temp & Humidity Sensor,2020/12/16 10:40 PM,40.8,97.0,40.0,39.1,,,29.89,,,,,,,,,,,,,
Greenhouse,Temp & Humidity Sensor,2020/12/16 10:45 PM,40.8,97.0,40.0,39.1,,,29.89,,,,,,,,,,,,,
Greenhouse,Temp & Humidity Sensor,2020/12/16 10:50 PM,41.0,97.0,40.2,39.4,,,29.89,,,,,,,,,,,,,
Greenhouse,Temp & Humidity Sensor,2020/12/16 10:55 PM,41.0,97.0,40.2,39.4,,,29.89,,,,,,,,,,,,,
Greenhouse,Temp & Humidity Sensor,2020/12/16 11:00 PM,40.6,97.0,39.8,38.9,,,29.89,,,,,,,,,,,,,
Greenhouse,Temp & Humidity Sensor,2020/12/16 11:05 PM,40.1,97.0,39.3,38.4,,,29.9,,,,,,,,,,,,,
Greenhouse,Temp & Humidity Sensor,2020/12/16 11:10 PM,39.9,97.0,39.1,39.9,,,29.9,,,,,,,,,,,,,
Greenhouse,Temp & Humidity Sensor,2020/12/16 11:15 PM,40.2,97.0,39.4,38.5,,,29.9,,,,,,,,,,,,,
Greenhouse,Temp & Humidity Sensor,2020/12/16 11:20 PM,40.6,97.0,39.8,38.9,,,29.9,,,,,,,,,,,,,
Greenhouse,Temp & Humidity Sensor,2020/12/16 11:25 PM,40.8,97.0,40.0,39.1,,,29.9,,,,,,,,,,,,,
Greenhouse,Temp & Humidity Sensor,2020/12/16 11:30 PM,41.0,97.0,40.2,39.4,,,29.9,,,,,,,,,,,,,
Greenhouse,Temp & Humidity Sensor,2020/12/16 11:35 PM,41.3,97.0,40.5,39.7,,,29.9,,,,,,,,,,,,,
Greenhouse,Temp & Humidity Sensor,2020/12/16 11:40 PM,41.3,97.0,40.5,39.7,,,29.9,,,,,,,,,,,,,
Greenhouse,Temp & Humidity Sensor,2020/12/16 11:45 PM,41.5,97.0,40.7,39.9,,,29.9,,,,,,,,,,,,,
Greenhouse,Temp & Humidity Sensor,2020/12/16 11:50 PM,41.7,97.0,40.9,40.1,,,29.9,,,,,,,,,,,,,
Greenhouse,Temp & Humidity Sensor,2020/12/16 11:55 PM,41.7,97.0,40.9,40.1,,,29.9,,,,,,,,,,,,,
Greenhouse,Temp & Humidity Sensor,2020/12/17 12:00 AM,41.7,97.0,40.9,40.1,,,29.9,,,,,,,,,,,,,
Greenhouse,Temp & Humidity Sensor,2020/12/17 12:05 AM,41.9,97.0,41.1,40.3,,,29.9,,,,,,,,,,,,,
Greenhouse,Temp & Humidity Sensor,2020/12/17 12:10 AM,41.9,97.0,41.1,40.3,,,29.9,,,,,,,,,,,,,
Greenhouse,Temp & Humidity Sensor,2020/12/17 12:15 AM,42.0,97.0,41.2,40.5,,,29.9,,,,,,,,,,,,,
Greenhouse,Temp & Humidity Sensor,2020/12/17 12:20 AM,42.0,97.0,41.2,40.5,,,29.9,,,,,,,,,,,,,
Greenhouse,Temp & Humidity Sensor,2020/12/17 12:25 AM,42.0,97.0,41.2,40.5,,,29.9,,,,,,,,,,,,,
Greenhouse,Temp & Humidity Sensor,2020/12/17 12:30 AM,42.0,97.0,41.2,40.5,,,29.9,,,,,,,,,,,,,
Greenhouse,Temp & Humidity Sensor,2020/12/17 12:35 AM,42.0,97.0,41.2,40.5,,,29.9,,,,,,,,,,,,,
Greenhouse,Temp & Humidity Sensor,2020/12/17 12:40 AM,42.0,97.0,41.2,40.5,,,29.9,,,,,,,,,,,,,
Greenhouse,Temp & Humidity Sensor,2020/12/17 12:45 AM,42.2,97.0,41.4,40.7,,,29.9,,,,,,,,,,,,,
Greenhouse,Temp & Humidity Sensor,2020/12/17 12:50 AM,42.2,97.0,41.4,40.7,,,29.9,,,,,,,,,,,,,
Greenhouse,Temp & Humidity Sensor,2020/12/17 12:55 AM,42.2,97.0,41.4,40.7,,,29.9,,,,,,,,,,,,,
Greenhouse,Temp & Humidity Sensor,2020/12/17 1:00 AM,42.2,97.0,41.4,40.7,,,29.9,,,,,,,,,,,,,
Greenhouse,Temp & Humidity Sensor,2020/12/17 1:05 AM,42.2,97.0,41.4,40.7,,,29.9,,,,,,,,,,,,,
Greenhouse,Temp & Humidity Sensor,2020/12/17 1:10 AM,42.4,97.0,41.6,40.9,,,29.9,,,,,,,,,,,,,
Greenhouse,Temp & Humidity Sensor,2020/12/17 1:15 AM,42.2,97.0,41.4,40.7,,,29.9,,,,,,,,,,,,,
Greenhouse,Temp & Humidity Sensor,2020/12/17 1:20 AM,42.4,97.0,41.6,40.9,,,29.9,,,,,,,,,,,,,
Greenhouse,Temp & Humidity Sensor,2020/12/17 1:25 AM,42.4,97.0,41.6,40.9,,,29.9,,,,,,,,,,,,,
Greenhouse,Temp & Humidity Sensor,2020/12/17 1:30 AM,42.4,97.0,41.6,40.9,,,29.9,,,,,,,,,,,,,
Greenhouse,Temp & Humidity Sensor,2020/12/17 1:35 AM,42.4,97.0,41.6,40.9,,,29.9,,,,,,,,,,,,,
Greenhouse,Temp & Humidity Sensor,2020/12/17 1:40 AM,42.4,97.0,41.6,40.9,,,29.9,,,,,,,,,,,,,
Greenhouse,Temp & Humidity Sensor,2020/12/17 1:45 AM,42.6,97.0,41.8,41.1,,,29.9,,,,,,,,,,,,,
Greenhouse,Temp & Humidity Sensor,2020/12/17 1:50 AM,42.6,97.0,41.8,41.1,,,29.9,,,,,,,,,,,,,
Greenhouse,Temp & Humidity Sensor,2020/12/17 1:55 AM,42.6,97.0,41.8,41.1,,,29.9,,,,,,,,,,,,,
Greenhouse,Temp & Humidity Sensor,2020/12/17 2:00 AM,42.6,97.0,41.8,41.1,,,29.9,,,,,,,,,,,,,
Greenhouse,Temp & Humidity Sensor,2020/12/17 2:05 AM,42.6,97.0,41.8,41.1,,,29.9,,,,,,,,,,,,,
Greenhouse,Temp & Humidity Sensor,2020/12/17 2:10 AM,42.6,97.0,41.8,41.1,,,29.9,,,,,,,,,,,,,
Greenhouse,Temp & Humidity Sensor,2020/12/17 2:15 AM,42.8,97.0,42.0,41.3,,,29.91,,,,,,,,,,,,,
Greenhouse,Temp & Humidity Sensor,2020/12/17 2:20 AM,42.6,97.0,41.8,41.1,,,29.91,,,,,,,,,,,,,
Greenhouse,Temp & Humidity Sensor,2020/12/17 2:25 AM,42.8,97.0,42.0,41.3,,,29.9,,,,,,,,,,,,,
Greenhouse,Temp & Humidity Sensor,2020/12/17 2:30 AM,42.8,97.0,42.0,41.3,,,29.91,,,,,,,,,,,,,
Greenhouse,Temp & Humidity Sensor,2020/12/17 2:35 AM,42.8,97.0,42.0,41.3,,,29.91,,,,,,,,,,,,,
Greenhouse,Temp & Humidity Sensor,2020/12/17 2:40 AM,42.8,97.0,42.0,41.3,,,29.91,,,,,,,,,,,,,
Greenhouse,Temp & Humidity Sensor,2020/12/17 2:45 AM,42.6,97.0,41.8,41.1,,,29.91,,,,,,,,,,,,,
Greenhouse,Temp & Humidity Sensor,2020/12/17 2:50 AM,42.6,97.0,41.8,41.1,,,29.91,,,,,,,,,,,,,
Greenhouse,Temp & Humidity Sensor,2020/12/17 2:55 AM,42.6,97.0,41.8,41.1,,,29.91,,,,,,,,,,,,,
Greenhouse,Temp & Humidity Sensor,2020/12/17 3:00 AM,42.6,97.0,41.8,41.1,,,29.92,,,,,,,,,,,,,
Greenhouse,Temp & Humidity Sensor,2020/12/17 3:05 AM,42.6,97.0,41.8,41.1,,,29.92,,,,,,,,,,,,,
Greenhouse,Temp & Humidity Sensor,2020/12/17 3:10 AM,42.6,97.0,41.8,41.1,,,29.92,,,,,,,,,,,,,
Greenhouse,Temp & Humidity Sensor,2020/12/17 3:15 AM,42.4,97.0,41.6,40.9,,,29.92,,,,,,,,,,,,,
Greenhouse,Temp & Humidity Sensor,2020/12/17 3:20 AM,42.4,97.0,41.6,40.9,,,29.91,,,,,,,,,,,,,
Greenhouse,Temp & Humidity Sensor,2020/12/17 3:25 AM,42.6,97.0,41.8,41.1,,,29.91,,,,,,,,,,,,,
Greenhouse,Temp & Humidity Sensor,2020/12/17 3:30 AM,42.6,97.0,41.8,41.1,,,29.91,,,,,,,,,,,,,
Greenhouse,Temp & Humidity Sensor,2020/12/17 3:35 AM,42.6,97.0,41.8,41.1,,,29.91,,,,,,,,,,,,,
Greenhouse,Temp & Humidity Sensor,2020/12/17 3:40 AM,42.6,97.0,41.8,41.1,,,29.91,,,,,,,,,,,,,
Greenhouse,Temp & Humidity Sensor,2020/12/17 3:45 AM,42.6,97.0,41.8,41.1,,,29.92,,,,,,,,,,,,,
Greenhouse,Temp & Humidity Sensor,2020/12/17 3:50 AM,42.6,97.0,41.8,41.1,,,29.92,,,,,,,,,,,,,
Greenhouse,Temp & Humidity Sensor,2020/12/17 3:55 AM,42.6,97.0,41.8,41.1,,,29.93,,,,,,,,,,,,,
Greenhouse,Temp & Humidity Sensor,2020/12/17 4:00 AM,42.4,97.0,41.6,40.9,,,29.93,,,,,,,,,,,,,
Greenhouse,Temp & Humidity Sensor,2020/12/17 4:05 AM,42.4,97.0,41.6,40.9,,,29.93,,,,,,,,,,,,,
Greenhouse,Temp & Humidity Sensor,2020/12/17 4:10 AM,42.6,97.0,41.8,41.1,,,29.93,,,,,,,,,,,,,
Greenhouse,Temp & Humidity Sensor,2020/12/17 4:15 AM,42.4,97.0,41.6,40.9,,,29.93,,,,,,,,,,,,,
Greenhouse,Temp & Humidity Sensor,2020/12/17 4:20 AM,42.4,97.0,41.6,40.9,,,29.93,,,,,,,,,,,,,
Greenhouse,Temp & Humidity Sensor,2020/12/17 4:25 AM,42.6,97.0,41.8,41.1,,,29.93,,,,,,,,,,,,,
Greenhouse,Temp & Humidity Sensor,2020/12/17 4:30 AM,42.4,97.0,41.6,40.9,,,29.93,,,,,,,,,,,,,
Greenhouse,Temp & Humidity Sensor,2020/12/17 4:35 AM,42.4,97.0,41.6,40.9,,,29.93,,,,,,,,,,,,,
Greenhouse,Temp & Humidity Sensor,2020/12/17 4:40 AM,42.6,97.0,41.8,41.1,,,29.94,,,,,,,,,,,,,
Greenhouse,Temp & Humidity Sensor,2020/12/17 4:45 AM,42.4,97.0,41.6,40.9,,,29.94,,,,,,,,,,,,,
Greenhouse,Temp & Humidity Sensor,2020/12/17 4:50 AM,42.6,97.0,41.8,41.1,,,29.94,,,,,,,,,,,,,
Greenhouse,Temp & Humidity Sensor,2020/12/17 4:55 AM,42.6,97.0,41.8,41.1,,,29.94,,,,,,,,,,,,,
Greenhouse,Temp & Humidity Sensor,2020/12/17 5:00 AM,42.2,97.0,41.4,40.7,,,29.95,,,,,,,,,,,,,
Greenhouse,Temp & Humidity Sensor,2020/12/17 5:05 AM,42.0,97.0,41.2,40.5,,,29.95,,,,,,,,,,,,,
Greenhouse,Temp & Humidity Sensor,2020/12/17 5:10 AM,42.0,97.0,41.2,40.5,,,29.95,,,,,,,,,,,,,
Greenhouse,Temp & Humidity Sensor,2020/12/17 5:15 AM,42.2,97.0,41.4,40.7,,,29.95,,,,,,,,,,,,,
Greenhouse,Temp & Humidity Sensor,2020/12/17 5:20 AM,42.2,97.0,41.4,40.7,,,29.95,,,,,,,,,,,,,
Greenhouse,Temp & Humidity Sensor,2020/12/17 5:25 AM,42.2,97.0,41.4,40.7,,,29.95,,,,,,,,,,,,,
Greenhouse,Temp & Humidity Sensor,2020/12/17 5:30 AM,42.0,97.0,41.2,40.5,,,29.96,,,,,,,,,,,,,
Greenhouse,Temp & Humidity Sensor,2020/12/17 5:35 AM,42.0,97.0,41.2,40.5,,,29.96,,,,,,,,,,,,,
Greenhouse,Temp & Humidity Sensor,2020/12/17 5:40 AM,42.0,97.0,41.2,40.5,,,29.96,,,,,,,,,,,,,
Greenhouse,Temp & Humidity Sensor,2020/12/17 5:45 AM,41.9,97.0,41.1,40.3,,,29.97,,,,,,,,,,,,,
Greenhouse,Temp & Humidity Sensor,2020/12/17 5:50 AM,41.5,97.0,40.7,39.9,,,29.97,,,,,,,,,,,,,
Greenhouse,Temp & Humidity Sensor,2020/12/17 5:55 AM,41.1,97.0,40.3,39.5,,,29.97,,,,,,,,,,,,,
Greenhouse,Temp & Humidity Sensor,2020/12/17 6:00 AM,41.1,97.0,40.3,39.5,,,29.97,,,,,,,,,,,,,
Greenhouse,Temp & Humidity Sensor,2020/12/17 6:05 AM,41.0,97.0,40.2,39.4,,,29.97,,,,,,,,,,,,,
Greenhouse,Temp & Humidity Sensor,2020/12/17 6:10 AM,41.1,97.0,40.3,39.5,,,29.97,,,,,,,,,,,,,
Greenhouse,Temp & Humidity Sensor,2020/12/17 6:15 AM,41.3,97.0,40.5,39.7,,,29.97,,,,,,,,,,,,,
Greenhouse,Temp & Humidity Sensor,2020/12/17 6:20 AM,41.3,97.0,40.5,39.7,,,29.98,,,,,,,,,,,,,
Greenhouse,Temp & Humidity Sensor,2020/12/17 6:25 AM,41.1,97.0,40.3,39.5,,,29.98,,,,,,,,,,,,,
Greenhouse,Temp & Humidity Sensor,2020/12/17 6:30 AM,41.3,97.0,40.5,39.7,,,29.98,,,,,,,,,,,,,
Greenhouse,Temp & Humidity Sensor,2020/12/17 6:35 AM,41.3,97.0,40.5,39.7,,,29.98,,,,,,,,,,,,,
Greenhouse,Temp & Humidity Sensor,2020/12/17 6:40 AM,41.3,97.0,40.5,39.7,,,29.99,,,,,,,,,,,,,
Greenhouse,Temp & Humidity Sensor,2020/12/17 6:45 AM,41.3,97.0,40.5,39.7,,,29.99,,,,,,,,,,,,,
Greenhouse,Temp & Humidity Sensor,2020/12/17 6:50 AM,41.3,97.0,40.5,39.7,,,29.99,,,,,,,,,,,,,
Greenhouse,Temp & Humidity Sensor,2020/12/17 6:55 AM,41.3,97.0,40.5,39.7,,,30.0,,,,,,,,,,,,,
Greenhouse,Temp & Humidity Sensor,2020/12/17 7:00 AM,41.3,97.0,40.5,39.7,,,30.0,,,,,,,,,,,,,
Greenhouse,Temp & Humidity Sensor,2020/12/17 7:05 AM,41.3,97.0,40.5,39.7,,,30.0,,,,,,,,,,,,,
Greenhouse,Temp & Humidity Sensor,2020/12/17 7:10 AM,41.3,97.0,40.5,39.7,,,30.0,,,,,,,,,,,,,
Greenhouse,Temp & Humidity Sensor,2020/12/17 7:15 AM,41.3,97.0,40.5,39.7,,,30.0,,,,,,,,,,,,,
Greenhouse,Temp & Humidity Sensor,2020/12/17 7:20 AM,41.5,97.0,40.7,39.9,,,30.0,,,,,,,,,,,,,
Greenhouse,Temp & Humidity Sensor,2020/12/17 7:25 AM,41.5,97.0,40.7,39.9,,,30.01,,,,,,,,,,,,,
Greenhouse,Temp & Humidity Sensor,2020/12/17 7:30 AM,41.5,97.0,40.7,39.9,,,30.01,,,,,,,,,,,,,
Greenhouse,Temp & Humidity Sensor,2020/12/17 7:35 AM,41.7,97.0,40.9,40.1,,,30.01,,,,,,,,,,,,,
Greenhouse,Temp & Humidity Sensor,2020/12/17 7:40 AM,41.7,97.0,40.9,40.1,,,30.01,,,,,,,,,,,,,
Greenhouse,Temp & Humidity Sensor,2020/12/17 7:45 AM,41.9,97.0,41.1,40.3,,,30.02,,,,,,,,,,,,,
Greenhouse,Temp & Humidity Sensor,2020/12/17 7:50 AM,41.9,97.0,41.1,40.3,,,30.02,,,,,,,,,,,,,
Greenhouse,Temp & Humidity Sensor,2020/12/17 7:55 AM,42.0,97.0,41.2,40.5,,,30.02,,,,,,,,,,,,,
Greenhouse,Temp & Humidity Sensor,2020/12/17 8:00 AM,42.0,97.0,41.2,40.5,,,30.02,,,,,,,,,,,,,
Greenhouse,Temp & Humidity Sensor,2020/12/17 8:05 AM,42.2,97.0,41.4,40.7,,,30.02,,,,,,,,,,,,,
Greenhouse,Temp & Humidity Sensor,2020/12/17 8:10 AM,42.4,97.0,41.6,40.9,,,30.03,,,,,,,,,,,,,
Greenhouse,Temp & Humidity Sensor,2020/12/17 8:15 AM,42.4,97.0,41.6,40.9,,,30.03,,,,,,,,,,,,,
Greenhouse,Temp & Humidity Sensor,2020/12/17 8:20 AM,42.6,97.0,41.8,41.1,,,30.03,,,,,,,,,,,,,
Greenhouse,Temp & Humidity Sensor,2020/12/17 8:25 AM,42.8,97.0,42.0,41.3,,,30.04,,,,,,,,,,,,,
Greenhouse,Temp & Humidity Sensor,2020/12/17 8:30 AM,42.8,97.0,42.0,41.3,,,30.04,,,,,,,,,,,,,
Greenhouse,Temp & Humidity Sensor,2020/12/17 8:35 AM,42.9,97.0,42.1,41.4,,,30.04,,,,,,,,,,,,,
Greenhouse,Temp & Humidity Sensor,2020/12/17 8:40 AM,42.9,97.0,42.1,41.4,,,30.04,,,,,,,,,,,,,
Greenhouse,Temp & Humidity Sensor,2020/12/17 8:45 AM,43.1,97.0,42.3,41.7,,,30.04,,,,,,,,,,,,,
Greenhouse,Temp & Humidity Sensor,2020/12/17 8:50 AM,43.1,97.0,42.3,41.7,,,30.04,,,,,,,,,,,,,
Greenhouse,Temp & Humidity Sensor,2020/12/17 8:55 AM,43.1,97.0,42.3,41.7,,,30.05,,,,,,,,,,,,,
Greenhouse,Temp & Humidity Sensor,2020/12/17 9:00 AM,43.5,97.0,42.7,42.1,,,30.05,,,,,,,,,,,,,
Greenhouse,Temp & Humidity Sensor,2020/12/17 9:05 AM,43.8,97.0,43.0,42.4,,,30.05,,,,,,,,,,,,,
Greenhouse,Temp & Humidity Sensor,2020/12/17 9:10 AM,43.8,97.0,43.0,42.4,,,30.05,,,,,,,,,,,,,
Greenhouse,Temp & Humidity Sensor,2020/12/17 9:15 AM,44.2,96.0,43.1,42.8,,,30.05,,,,,,,,,,,,,
Greenhouse,Temp & Humidity Sensor,2020/12/17 9:20 AM,44.2,96.0,43.1,42.8,,,30.06,,,,,,,,,,,,,
Greenhouse,Temp & Humidity Sensor,2020/12/17 9:25 AM,44.7,96.0,43.6,43.4,,,30.05,,,,,,,,,,,,,
Greenhouse,Temp & Humidity Sensor,2020/12/17 9:30 AM,44.7,96.0,43.6,43.4,,,30.06,,,,,,,,,,,,,
Greenhouse,Temp & Humidity Sensor,2020/12/17 9:35 AM,44.9,96.0,43.8,43.6,,,30.06,,,,,,,,,,,,,
Greenhouse,Temp & Humidity Sensor,2020/12/17 9:40 AM,45.1,96.0,44.0,43.8,,,30.06,,,,,,,,,,,,,
Greenhouse,Temp & Humidity Sensor,2020/12/17 9:45 AM,45.5,96.0,44.4,44.3,,,30.06,,,,,,,,,,,,,
Greenhouse,Temp & Humidity Sensor,2020/12/17 9:50 AM,45.6,96.0,44.5,44.4,,,30.07,,,,,,,,,,,,,
Greenhouse,Temp & Humidity Sensor,2020/12/17 9:55 AM,45.8,95.0,44.5,44.5,,,30.07,,,,,,,,,,,,,
Greenhouse,Temp & Humidity Sensor,2020/12/17 10:00 AM,46.4,95.0,45.0,45.2,,,30.07,,,,,,,,,,,,,
Greenhouse,Temp & Humidity Sensor,2020/12/17 10:05 AM,46.5,94.0,44.9,45.3,,,30.07,,,,,,,,,,,,,
Greenhouse,Temp & Humidity Sensor,2020/12/17 10:10 AM,46.9,94.0,45.3,45.7,,,30.07,,,,,,,,,,,,,
Greenhouse,Temp & Humidity Sensor,2020/12/17 10:15 AM,46.5,93.0,44.6,45.2,,,30.07,,,,,,,,,,,,,
Greenhouse,Temp & Humidity Sensor,2020/12/17 10:20 AM,46.4,92.0,44.2,45.1,,,30.07,,,,,,,,,,,,,
Greenhouse,Temp & Humidity Sensor,2020/12/17 10:25 AM,46.4,92.0,44.2,45.1,,,30.07,,,,,,,,,,,,,
Greenhouse,Temp & Humidity Sensor,2020/12/17 10:30 AM,46.5,92.0,44.3,45.2,,,30.07,,,,,,,,,,,,,
Greenhouse,Temp & Humidity Sensor,2020/12/17 10:35 AM,46.5,92.0,44.3,45.2,,,30.07,,,,,,,,,,,,,
Greenhouse,Temp & Humidity Sensor,2020/12/17 10:40 AM,46.7,93.0,44.8,45.4,,,30.07,,,,,,,,,,,,,
Greenhouse,Temp & Humidity Sensor,2020/12/17 10:45 AM,47.8,93.0,45.9,46.7,,,30.07,,,,,,,,,,,,,
Greenhouse,Temp & Humidity Sensor,2020/12/17 10:50 AM,47.8,93.0,45.9,46.7,,,30.07,,,,,,,,,,,,,
Greenhouse,Temp & Humidity Sensor,2020/12/17 10:55 AM,48.0,93.0,46.1,46.9,,,30.07,,,,,,,,,,,,,
Greenhouse,Temp & Humidity Sensor,2020/12/17 11:00 AM,47.8,90.0,45.0,46.5,,,30.07,,,,,,,,,,,,,
Greenhouse,Temp & Humidity Sensor,2020/12/17 11:05 AM,47.6,89.0,44.5,46.2,,,30.07,,,,,,,,,,,,,
Greenhouse,Temp & Humidity Sensor,2020/12/17 11:10 AM,48.0,89.0,44.9,46.7,,,30.07,,,,,,,,,,,,,
Greenhouse,Temp & Humidity Sensor,2020/12/17 11:15 AM,47.3,89.0,44.2,45.9,,,30.06,,,,,,,,,,,,,
Greenhouse,Temp & Humidity Sensor,2020/12/17 11:20 AM,46.9,89.0,43.8,45.5,,,30.06,,,,,,,,,,,,,
Greenhouse,Temp & Humidity Sensor,2020/12/17 11:25 AM,46.2,88.0,42.8,44.7,,,30.06,,,,,,,,,,,,,
Greenhouse,Temp & Humidity Sensor,2020/12/17 11:30 AM,47.6,88.0,44.2,46.2,,,30.06,,,,,,,,,,,,,
Greenhouse,Temp & Humidity Sensor,2020/12/17 11:35 AM,48.9,88.0,45.5,47.6,,,30.05,,,,,,,,,,,,,
Greenhouse,Temp & Humidity Sensor,2020/12/17 11:40 AM,50.7,86.0,46.7,49.5,,,30.06,,,,,,,,,,,,,
Greenhouse,Temp & Humidity Sensor,2020/12/17 11:45 AM,47.1,80.0,41.3,45.3,,,30.05,,,,,,,,,,,,,
Greenhouse,Temp & Humidity Sensor,2020/12/17 11:50 AM,50.7,79.0,44.4,49.2,,,30.05,,,,,,,,,,,,,
Greenhouse,Temp & Humidity Sensor,2020/12/17 11:55 AM,48.2,73.0,40.0,46.2,,,30.05,,,,,,,,,,,,,
Greenhouse,Temp & Humidity Sensor,2020/12/17 12:00 PM,48.2,78.0,41.7,46.4,,,30.05,,,,,,,,,,,,,
Greenhouse,Temp & Humidity Sensor,2020/12/17 12:05 PM,48.3,73.0,40.1,46.3,,,30.05,,,,,,,,,,,,,
Greenhouse,Temp & Humidity Sensor,2020/12/17 12:10 PM,49.8,76.0,42.5,48.1,,,30.04,,,,,,,,,,,,,
Greenhouse,Temp & Humidity Sensor,2020/12/17 12:15 PM,48.0,74.0,40.1,46.0,,,30.04,,,,,,,,,,,,,
Greenhouse,Temp & Humidity Sensor,2020/12/17 12:20 PM,48.2,78.0,41.7,46.4,,,30.04,,,,,,,,,,,,,
Greenhouse,Temp & Humidity Sensor,2020/12/17 12:25 PM,50.0,73.0,41.7,48.1,,,30.04,,,,,,,,,,,,,
Greenhouse,Temp & Humidity Sensor,2020/12/17 12:30 PM,51.4,68.0,41.2,49.4,,,30.04,,,,,,,,,,,,,
Greenhouse,Temp & Humidity Sensor,2020/12/17 12:35 PM,56.6,71.0,47.3,55.3,,,30.03,,,,,,,,,,,,,
Greenhouse,Temp & Humidity Sensor,2020/12/17 12:40 PM,54.8,65.0,43.3,53.0,,,30.04,,,,,,,,,,,,,
Greenhouse,Temp & Humidity Sensor,2020/12/17 12:45 PM,51.0,62.0,38.4,48.7,,,30.04,,,,,,,,,,,,,
Greenhouse,Temp & Humidity Sensor,2020/12/17 12:50 PM,50.1,65.0,38.8,47.9,,,30.03,,,,,,,,,,,,,
Greenhouse,Temp & Humidity Sensor,2020/12/17 12:55 PM,51.6,65.0,40.2,49.5,,,30.03,,,,,,,,,,,,,
Greenhouse,Temp & Humidity Sensor,2020/12/17 1:00 PM,53.4,60.0,39.9,51.3,,,30.03,,,,,,,,,,,,,
Greenhouse,Temp & Humidity Sensor,2020/12/17 1:05 PM,50.9,62.0,38.4,48.6,,,30.03,,,,,,,,,,,,,
Greenhouse,Temp & Humidity Sensor,2020/12/17 1:10 PM,49.6,63.0,37.5,47.2,,,30.03,,,,,,,,,,,,,
Greenhouse,Temp & Humidity Sensor,2020/12/17 1:15 PM,49.2,66.0,38.3,46.9,,,30.03,,,,,,,,,,,,,
Greenhouse,Temp & Humidity Sensor,2020/12/17 1:20 PM,50.1,67.0,39.6,48.0,,,30.03,,,,,,,,,,,,,
Greenhouse,Temp & Humidity Sensor,2020/12/17 1:25 PM,49.6,62.0,37.1,47.2,,,30.02,,,,,,,,,,,,,
Greenhouse,Temp & Humidity Sensor,2020/12/17 1:30 PM,51.4,60.0,38.0,49.1,,,30.02,,,,,,,,,,,,,
Greenhouse,Temp & Humidity Sensor,2020/12/17 1:35 PM,52.8,59.0,38.9,50.6,,,30.03,,,,,,,,,,,,,
Greenhouse,Temp & Humidity Sensor,2020/12/17 1:40 PM,53.6,60.0,40.1,51.5,,,30.02,,,,,,,,,,,,,
Greenhouse,Temp & Humidity Sensor,2020/12/17 1:45 PM,50.5,59.0,36.7,48.0,,,30.02,,,,,,,,,,,,,
Greenhouse,Temp & Humidity Sensor,2020/12/17 1:50 PM,49.6,63.0,37.5,47.2,,,30.03,,,,,,,,,,,,,
Greenhouse,Temp & Humidity Sensor,2020/12/17 1:55 PM,50.3,62.0,37.8,47.9,,,30.03,,,,,,,,,,,,,
Greenhouse,Temp & Humidity Sensor,2020/12/17 2:00 PM,50.9,63.0,38.8,48.7,,,30.02,,,,,,,,,,,,,
Greenhouse,Temp & Humidity Sensor,2020/12/17 2:05 PM,53.6,58.0,39.2,51.4,,,30.02,,,,,,,,,,,,,
Greenhouse,Temp & Humidity Sensor,2020/12/17 2:10 PM,54.8,52.0,37.5,52.4,,,30.02,,,,,,,,,,,,,
Greenhouse,Temp & Humidity Sensor,2020/12/17 2:15 PM,53.4,54.0,37.2,51.0,,,30.03,,,,,,,,,,,,,
Greenhouse,Temp & Humidity Sensor,2020/12/17 2:20 PM,51.9,55.0,36.2,49.4,,,30.03,,,,,,,,,,,,,
Greenhouse,Temp & Humidity Sensor,2020/12/17 2:25 PM,50.0,58.0,35.8,47.4,,,30.03,,,,,,,,,,,,,
Greenhouse,Temp & Humidity Sensor,2020/12/17 2:30 PM,50.0,58.0,35.8,47.4,,,30.03,,,,,,,,,,,,,
Greenhouse,Temp & Humidity Sensor,2020/12/17 2:35 PM,50.3,58.0,36.1,47.8,,,30.03,,,,,,,,,,,,,
Greenhouse,Temp & Humidity Sensor,2020/12/17 2:40 PM,51.0,59.0,37.2,48.6,,,30.03,,,,,,,,,,,,,
Greenhouse,Temp & Humidity Sensor,2020/12/17 2:45 PM,50.9,57.0,36.2,48.4,,,30.03,,,,,,,,,,,,,
Greenhouse,Temp & Humidity Sensor,2020/12/17 2:50 PM,50.3,58.0,36.1,47.8,,,30.03,,,,,,,,,,,,,
Greenhouse,Temp & Humidity Sensor,2020/12/17 2:55 PM,49.8,59.0,36.1,47.3,,,30.03,,,,,,,,,,,,,
Greenhouse,Temp & Humidity Sensor,2020/12/17 3:00 PM,49.2,61.0,36.3,46.7,,,30.03,,,,,,,,,,,,,
Greenhouse,Temp & Humidity Sensor,2020/12/17 3:05 PM,48.7,60.0,35.4,46.1,,,30.03,,,,,,,,,,,,,
Greenhouse,Temp & Humidity Sensor,2020/12/17 3:10 PM,49.1,61.0,36.2,46.6,,,30.03,,,,,,,,,,,,,
Greenhouse,Temp & Humidity Sensor,2020/12/17 3:15 PM,48.9,62.0,36.5,46.4,,,30.03,,,,,,,,,,,,,
Greenhouse,Temp & Humidity Sensor,2020/12/17 3:20 PM,48.9,62.0,36.5,46.4,,,30.03,,,,,,,,,,,,,
Greenhouse,Temp & Humidity Sensor,2020/12/17 3:25 PM,49.2,62.0,36.7,46.7,,,30.03,,,,,,,,,,,,,
Greenhouse,Temp & Humidity Sensor,2020/12/17 3:30 PM,49.1,62.0,36.6,46.6,,,30.03,,,,,,,,,,,,,
Greenhouse,Temp & Humidity Sensor,2020/12/17 3:35 PM,48.9,62.0,36.5,46.4,,,30.03,,,,,,,,,,,,,
Greenhouse,Temp & Humidity Sensor,2020/12/17 3:40 PM,48.5,63.0,36.5,46.0,,,30.03,,,,,,,,,,,,,
Greenhouse,Temp & Humidity Sensor,2020/12/17 3:45 PM,48.7,65.0,37.5,46.3,,,30.03,,,,,,,,,,,,,
Greenhouse,Temp & Humidity Sensor,2020/12/17 3:50 PM,48.7,64.0,37.1,46.3,,,30.04,,,,,,,,,,,,,
Greenhouse,Temp & Humidity Sensor,2020/12/17 3:55 PM,48.7,66.0,37.9,46.4,,,30.04,,,,,,,,,,,,,
Greenhouse,Temp & Humidity Sensor,2020/12/17 4:00 PM,48.5,67.0,38.0,46.2,,,30.04,,,,,,,,,,,,,
Greenhouse,Temp & Humidity Sensor,2020/12/17 4:05 PM,48.2,66.0,37.4,45.8,,,30.04,,,,,,,,,,,,,
Greenhouse,Temp & Humidity Sensor,2020/12/17 4:10 PM,48.2,67.0,37.8,45.9,,,30.04,,,,,,,,,,,,,
Greenhouse,Temp & Humidity Sensor,2020/12/17 4:15 PM,48.0,68.0,38.0,45.7,,,30.04,,,,,,,,,,,,,
Greenhouse,Temp & Humidity Sensor,2020/12/17 4:20 PM,47.6,68.0,37.6,45.3,,,30.04,,,,,,,,,,,,,
Greenhouse,Temp & Humidity Sensor,2020/12/17 4:25 PM,47.4,68.0,37.4,45.0,,,30.04,,,,,,,,,,,,,
Greenhouse,Temp & Humidity Sensor,2020/12/17 4:30 PM,47.3,69.0,37.7,45.0,,,30.04,,,,,,,,,,,,,
Greenhouse,Temp & Humidity Sensor,2020/12/17 4:35 PM,47.1,70.0,37.8,44.8,,,30.05,,,,,,,,,,,,,
Greenhouse,Temp & Humidity Sensor,2020/12/17 4:40 PM,46.7,71.0,37.8,44.4,,,30.05,,,,,,,,,,,,,
Greenhouse,Temp & Humidity Sensor,2020/12/17 4:45 PM,46.5,72.0,38.0,44.2,,,30.05,,,,,,,,,,,,,
Greenhouse,Temp & Humidity Sensor,2020/12/17 4:50 PM,46.2,73.0,38.0,44.0,,,30.05,,,,,,,,,,,,,
Greenhouse,Temp & Humidity Sensor,2020/12/17 4:55 PM,46.0,74.0,38.2,43.8,,,30.05,,,,,,,,,,,,,
Greenhouse,Temp & Humidity Sensor,2020/12/17 5:00 PM,46.2,76.0,39.1,44.1,,,30.06,,,,,,,,,,,,,
Greenhouse,Temp & Humidity Sensor,2020/12/17 5:05 PM,46.5,81.0,41.0,44.7,,,30.06,,,,,,,,,,,,,
Greenhouse,Temp & Humidity Sensor,2020/12/17 5:10 PM,46.4,80.0,40.6,44.5,,,30.06,,,,,,,,,,,,,
Greenhouse,Temp & Humidity Sensor,2020/12/17 5:15 PM,46.4,81.0,40.9,44.5,,,30.07,,,,,,,,,,,,,
Greenhouse,Temp & Humidity Sensor,2020/12/17 5:20 PM,46.4,81.0,40.9,44.5,,,30.07,,,,,,,,,,,,,
Greenhouse,Temp & Humidity Sensor,2020/12/17 5:25 PM,46.2,83.0,41.3,44.4,,,30.07,,,,,,,,,,,,,
Greenhouse,Temp & Humidity Sensor,2020/12/17 5:30 PM,46.0,82.0,40.8,44.2,,,30.07,,,,,,,,,,,,,
Greenhouse,Temp & Humidity Sensor,2020/12/17 5:35 PM,46.0,82.0,40.8,44.2,,,30.07,,,,,,,,,,,,,
Greenhouse,Temp & Humidity Sensor,2020/12/17 5:40 PM,45.6,82.0,40.4,43.7,,,30.07,,,,,,,,,,,,,
Greenhouse,Temp & Humidity Sensor,2020/12/17 5:45 PM,45.6,82.0,40.4,43.7,,,30.07,,,,,,,,,,,,,
Greenhouse,Temp & Humidity Sensor,2020/12/17 5:50 PM,45.8,83.0,40.9,44.0,,,30.08,,,,,,,,,,,,,
Greenhouse,Temp & Humidity Sensor,2020/12/17 5:55 PM,45.8,84.0,41.2,44.0,,,30.08,,,,,,,,,,,,,
Greenhouse,Temp & Humidity Sensor,2020/12/17 6:00 PM,45.6,84.0,41.0,43.8,,,30.08,,,,,,,,,,,,,
Greenhouse,Temp & Humidity Sensor,2020/12/17 6:05 PM,45.8,85.0,41.6,44.1,,,30.08,,,,,,,,,,,,,
Greenhouse,Temp & Humidity Sensor,2020/12/17 6:10 PM,45.6,85.0,41.4,43.9,,,30.08,,,,,,,,,,,,,
Greenhouse,Temp & Humidity Sensor,2020/12/17 6:15 PM,45.6,85.0,41.4,43.9,,,30.08,,,,,,,,,,,,,
Greenhouse,Temp & Humidity Sensor,2020/12/17 6:20 PM,45.5,85.0,41.3,43.7,,,30.08,,,,,,,,,,,,,
Greenhouse,Temp & Humidity Sensor,2020/12/17 6:25 PM,45.5,85.0,41.3,43.7,,,30.09,,,,,,,,,,,,,
Greenhouse,Temp & Humidity Sensor,2020/12/17 6:30 PM,45.5,85.0,41.3,43.7,,,30.09,,,,,,,,,,,,,
Greenhouse,Temp & Humidity Sensor,2020/12/17 6:35 PM,45.3,85.0,41.1,43.5,,,30.09,,,,,,,,,,,,,
Greenhouse,Temp & Humidity Sensor,2020/12/17 6:40 PM,45.3,85.0,41.1,43.5,,,30.09,,,,,,,,,,,,,
Greenhouse,Temp & Humidity Sensor,2020/12/17 6:45 PM,45.3,85.0,41.1,43.5,,,30.09,,,,,,,,,,,,,
Greenhouse,Temp & Humidity Sensor,2020/12/17 6:50 PM,45.5,86.0,41.6,43.8,,,30.09,,,,,,,,,,,,,
Greenhouse,Temp & Humidity Sensor,2020/12/17 6:55 PM,45.5,86.0,41.6,43.8,,,30.1,,,,,,,,,,,,,
Greenhouse,Temp & Humidity Sensor,2020/12/17 7:00 PM,45.5,86.0,41.6,43.8,,,30.1,,,,,,,,,,,,,
Greenhouse,Temp & Humidity Sensor,2020/12/17 7:05 PM,45.3,86.0,41.4,43.6,,,30.1,,,,,,,,,,,,,
Greenhouse,Temp & Humidity Sensor,2020/12/17 7:10 PM,45.5,87.0,41.9,43.8,,,30.11,,,,,,,,,,,,,
Greenhouse,Temp & Humidity Sensor,2020/12/17 7:15 PM,45.1,86.0,41.2,43.4,,,30.1,,,,,,,,,,,,,
Greenhouse,Temp & Humidity Sensor,2020/12/17 7:20 PM,45.3,87.0,41.7,43.6,,,30.11,,,,,,,,,,,,,
Greenhouse,Temp & Humidity Sensor,2020/12/17 7:25 PM,45.1,87.0,41.5,43.4,,,30.11,,,,,,,,,,,,,
Greenhouse,Temp & Humidity Sensor,2020/12/17 7:30 PM,45.1,86.0,41.2,43.4,,,30.11,,,,,,,,,,,,,
Greenhouse,Temp & Humidity Sensor,2020/12/17 7:35 PM,45.1,86.0,41.2,43.4,,,30.11,,,,,,,,,,,,,
Greenhouse,Temp & Humidity Sensor,2020/12/17 7:40 PM,45.3,87.0,41.7,43.6,,,30.11,,,,,,,,,,,,,
Greenhouse,Temp & Humidity Sensor,2020/12/17 7:45 PM,45.3,88.0,42.0,43.7,,,30.11,,,,,,,,,,,,,
Greenhouse,Temp & Humidity Sensor,2020/12/17 7:50 PM,45.3,88.0,42.0,43.7,,,30.11,,,,,,,,,,,,,
Greenhouse,Temp & Humidity Sensor,2020/12/17 7:55 PM,45.3,88.0,42.0,43.7,,,30.11,,,,,,,,,,,,,
Greenhouse,Temp & Humidity Sensor,2020/12/17 8:00 PM,45.1,88.0,41.8,43.4,,,30.11,,,,,,,,,,,,,
Greenhouse,Temp & Humidity Sensor,2020/12/17 8:05 PM,45.1,88.0,41.8,43.4,,,30.12,,,,,,,,,,,,,
Greenhouse,Temp & Humidity Sensor,2020/12/17 8:10 PM,45.1,88.0,41.8,43.4,,,30.12,,,,,,,,,,,,,
Greenhouse,Temp & Humidity Sensor,2020/12/17 8:15 PM,44.9,88.0,41.6,43.2,,,30.12,,,,,,,,,,,,,
Greenhouse,Temp & Humidity Sensor,2020/12/17 8:20 PM,45.1,88.0,41.8,43.4,,,30.12,,,,,,,,,,,,,
Greenhouse,Temp & Humidity Sensor,2020/12/17 8:25 PM,45.1,88.0,41.8,43.4,,,30.12,,,,,,,,,,,,,
Greenhouse,Temp & Humidity Sensor,2020/12/17 8:30 PM,45.3,89.0,42.3,43.7,,,30.12,,,,,,,,,,,,,
Greenhouse,Temp & Humidity Sensor,2020/12/17 8:35 PM,45.3,89.0,42.3,43.7,,,30.13,,,,,,,,,,,,,
Greenhouse,Temp & Humidity Sensor,2020/12/17 8:40 PM,45.1,89.0,42.1,43.5,,,30.13,,,,,,,,,,,,,
Greenhouse,Temp & Humidity Sensor,2020/12/17 8:45 PM,45.1,89.0,42.1,43.5,,,30.13,,,,,,,,,,,,,
Greenhouse,Temp & Humidity Sensor,2020/12/17 8:50 PM,45.1,89.0,42.1,43.5,,,30.13,,,,,,,,,,,,,
Greenhouse,Temp & Humidity Sensor,2020/12/17 8:55 PM,45.1,89.0,42.1,43.5,,,30.13,,,,,,,,,,,,,
Greenhouse,Temp & Humidity Sensor,2020/12/17 9:00 PM,45.1,89.0,42.1,43.5,,,30.13,,,,,,,,,,,,,
Greenhouse,Temp & Humidity Sensor,2020/12/17 9:05 PM,44.9,89.0,41.9,43.3,,,30.13,,,,,,,,,,,,,
Greenhouse,Temp & Humidity Sensor,2020/12/17 9:10 PM,44.9,89.0,41.9,43.3,,,30.14,,,,,,,,,,,,,
Greenhouse,Temp & Humidity Sensor,2020/12/17 9:15 PM,44.9,89.0,41.9,43.3,,,30.14,,,,,,,,,,,,,
Greenhouse,Temp & Humidity Sensor,2020/12/17 9:20 PM,44.9,89.0,41.9,43.3,,,30.14,,,,,,,,,,,,,
Greenhouse,Temp & Humidity Sensor,2020/12/17 9:25 PM,44.9,89.0,41.9,43.3,,,30.14,,,,,,,,,,,,,
Greenhouse,Temp & Humidity Sensor,2020/12/17 9:30 PM,44.9,89.0,41.9,43.3,,,30.14,,,,,,,,,,,,,
Greenhouse,Temp & Humidity Sensor,2020/12/17 9:35 PM,44.9,89.0,41.9,43.3,,,30.14,,,,,,,,,,,,,
Greenhouse,Temp & Humidity Sensor,2020/12/17 9:40 PM,45.1,90.0,42.3,43.5,,,30.14,,,,,,,,,,,,,
Greenhouse,Temp & Humidity Sensor,2020/12/17 9:45 PM,45.1,89.0,42.1,43.5,,,30.15,,,,,,,,,,,,,
Greenhouse,Temp & Humidity Sensor,2020/12/17 9:50 PM,44.9,89.0,41.9,43.3,,,30.15,,,,,,,,,,,,,
Greenhouse,Temp & Humidity Sensor,2020/12/17 9:55 PM,45.1,89.0,42.1,43.5,,,30.15,,,,,,,,,,,,,
Greenhouse,Temp & Humidity Sensor,2020/12/17 10:00 PM,45.1,89.0,42.1,43.5,,,30.15,,,,,,,,,,,,,
Greenhouse,Temp & Humidity Sensor,2020/12/17 10:05 PM,45.1,90.0,42.3,43.5,,,30.15,,,,,,,,,,,,,
Greenhouse,Temp & Humidity Sensor,2020/12/17 10:10 PM,45.1,90.0,42.3,43.5,,,30.15,,,,,,,,,,,,,
Greenhouse,Temp & Humidity Sensor,2020/12/17 10:15 PM,45.3,90.0,42.5,43.8,,,30.15,,,,,,,,,,,,,
Greenhouse,Temp & Humidity Sensor,2020/12/17 10:20 PM,45.1,90.0,42.3,43.5,,,30.15,,,,,,,,,,,,,
Greenhouse,Temp & Humidity Sensor,2020/12/17 10:25 PM,45.1,90.0,42.3,43.5,,,30.15,,,,,,,,,,,,,
Greenhouse,Temp & Humidity Sensor,2020/12/17 10:30 PM,45.1,89.0,42.1,43.5,,,30.16,,,,,,,,,,,,,
Greenhouse,Temp & Humidity Sensor,2020/12/17 10:35 PM,45.1,89.0,42.1,43.5,,,30.16,,,,,,,,,,,,,
Greenhouse,Temp & Humidity Sensor,2020/12/17 10:40 PM,45.1,89.0,42.1,43.5,,,30.16,,,,,,,,,,,,,
Greenhouse,Temp & Humidity Sensor,2020/12/17 10:45 PM,45.1,89.0,42.1,43.5,,,30.16,,,,,,,,,,,,,
Greenhouse,Temp & Humidity Sensor,2020/12/17 10:50 PM,45.1,89.0,42.1,43.5,,,30.16,,,,,,,,,,,,,
Greenhouse,Temp & Humidity Sensor,2020/12/17 10:55 PM,44.7,89.0,41.7,43.1,,,30.16,,,,,,,,,,,,,
Greenhouse,Temp & Humidity Sensor,2020/12/17 11:00 PM,44.6,86.0,40.7,42.8,,,30.16,,,,,,,,,,,,,
Greenhouse,Temp & Humidity Sensor,2020/12/17 11:05 PM,44.0,84.0,39.5,42.0,,,30.16,,,,,,,,,,,,,
Greenhouse,Temp & Humidity Sensor,2020/12/17 11:10 PM,43.8,81.0,38.4,41.7,,,30.16,,,,,,,,,,,,,
Greenhouse,Temp & Humidity Sensor,2020/12/17 11:15 PM,43.3,78.0,36.9,41.0,,,30.17,,,,,,,,,,,,,
Greenhouse,Temp & Humidity Sensor,2020/12/17 11:20 PM,43.1,74.0,35.4,40.6,,,30.17,,,,,,,,,,,,,
Greenhouse,Temp & Humidity Sensor,2020/12/17 11:25 PM,43.1,74.0,35.4,40.6,,,30.16,,,,,,,,,,,,,
Greenhouse,Temp & Humidity Sensor,2020/12/17 11:30 PM,43.1,73.0,35.0,40.5,,,30.17,,,,,,,,,,,,,
Greenhouse,Temp & Humidity Sensor,2020/12/17 11:35 PM,42.9,73.0,34.9,40.3,,,30.17,,,,,,,,,,,,,
Greenhouse,Temp & Humidity Sensor,2020/12/17 11:40 PM,42.9,72.0,34.5,40.3,,,30.17,,,,,,,,,,,,,
Greenhouse,Temp & Humidity Sensor,2020/12/17 11:45 PM,42.8,71.0,34.1,40.1,,,30.17,,,,,,,,,,,,,
Greenhouse,Temp & Humidity Sensor,2020/12/17 11:50 PM,42.8,72.0,34.4,40.2,,,30.17,,,,,,,,,,,,,
Greenhouse,Temp & Humidity Sensor,2020/12/17 11:55 PM,42.8,70.0,33.7,40.1,,,30.17,,,,,,,,,,,,,
Greenhouse,Temp & Humidity Sensor,2020/12/18 12:00 AM,42.8,70.0,33.7,40.1,,,30.17,,,,,,,,,,,,,
Greenhouse,Temp & Humidity Sensor,2020/12/18 12:05 AM,42.8,70.0,33.7,40.1,,,30.18,,,,,,,,,,,,,
Greenhouse,Temp & Humidity Sensor,2020/12/18 12:10 AM,42.6,71.0,33.9,39.9,,,30.17,,,,,,,,,,,,,
Greenhouse,Temp & Humidity Sensor,2020/12/18 12:15 AM,42.6,71.0,33.9,39.9,,,30.17,,,,,,,,,,,,,
Greenhouse,Temp & Humidity Sensor,2020/12/18 12:20 AM,42.6,71.0,33.9,39.9,,,30.18,,,,,,,,,,,,,
Greenhouse,Temp & Humidity Sensor,2020/12/18 12:25 AM,42.4,71.0,33.7,39.7,,,30.18,,,,,,,,,,,,,
Greenhouse,Temp & Humidity Sensor,2020/12/18 12:30 AM,42.4,72.0,34.0,39.7,,,30.17,,,,,,,,,,,,,
Greenhouse,Temp & Humidity Sensor,2020/12/18 12:35 AM,42.4,70.0,33.3,39.6,,,30.18,,,,,,,,,,,,,
Greenhouse,Temp & Humidity Sensor,2020/12/18 12:40 AM,42.4,70.0,33.3,39.6,,,30.18,,,,,,,,,,,,,
Greenhouse,Temp & Humidity Sensor,2020/12/18 12:45 AM,42.2,70.0,33.1,39.4,,,30.18,,,,,,,,,,,,,
Greenhouse,Temp & Humidity Sensor,2020/12/18 12:50 AM,42.2,70.0,33.1,39.4,,,30.18,,,,,,,,,,,,,
Greenhouse,Temp & Humidity Sensor,2020/12/18 12:55 AM,42.2,70.0,33.1,39.4,,,30.18,,,,,,,,,,,,,
Greenhouse,Temp & Humidity Sensor,2020/12/18 1:00 AM,42.0,71.0,33.3,39.2,,,30.18,,,,,,,,,,,,,
Greenhouse,Temp & Humidity Sensor,2020/12/18 1:05 AM,42.0,71.0,33.3,39.2,,,30.18,,,,,,,,,,,,,
Greenhouse,Temp & Humidity Sensor,2020/12/18 1:10 AM,41.9,69.0,32.5,39.0,,,30.18,,,,,,,,,,,,,
Greenhouse,Temp & Humidity Sensor,2020/12/18 1:15 AM,41.9,70.0,32.8,39.1,,,30.18,,,,,,,,,,,,,
Greenhouse,Temp & Humidity Sensor,2020/12/18 1:20 AM,41.9,71.0,33.2,39.1,,,30.19,,,,,,,,,,,,,
Greenhouse,Temp & Humidity Sensor,2020/12/18 1:25 AM,41.9,72.0,33.5,39.2,,,30.19,,,,,,,,,,,,,
Greenhouse,Temp & Humidity Sensor,2020/12/18 1:30 AM,41.7,72.0,33.4,39.0,,,30.19,,,,,,,,,,,,,
Greenhouse,Temp & Humidity Sensor,2020/12/18 1:35 AM,41.7,72.0,33.4,39.0,,,30.19,,,,,,,,,,,,,
Greenhouse,Temp & Humidity Sensor,2020/12/18 1:40 AM,41.5,71.0,32.8,38.7,,,30.19,,,,,,,,,,,,,
Greenhouse,Temp & Humidity Sensor,2020/12/18 1:45 AM,41.5,69.0,32.1,38.6,,,30.19,,,,,,,,,,,,,
Greenhouse,Temp & Humidity Sensor,2020/12/18 1:50 AM,41.5,68.0,31.7,38.5,,,30.19,,,,,,,,,,,,,
Greenhouse,Temp & Humidity Sensor,2020/12/18 1:55 AM,41.5,67.0,31.4,38.5,,,30.2,,,,,,,,,,,,,
Greenhouse,Temp & Humidity Sensor,2020/12/18 2:00 AM,41.3,67.0,31.2,38.3,,,30.2,,,,,,,,,,,,,
Greenhouse,Temp & Humidity Sensor,2020/12/18 2:05 AM,41.3,67.0,31.2,38.3,,,30.2,,,,,,,,,,,,,
Greenhouse,Temp & Humidity Sensor,2020/12/18 2:10 AM,41.1,67.0,31.0,38.1,,,30.2,,,,,,,,,,,,,
Greenhouse,Temp & Humidity Sensor,2020/12/18 2:15 AM,41.1,67.0,31.0,38.1,,,30.21,,,,,,,,,,,,,
Greenhouse,Temp & Humidity Sensor,2020/12/18 2:20 AM,41.1,66.0,30.6,38.0,,,30.21,,,,,,,,,,,,,
Greenhouse,Temp & Humidity Sensor,2020/12/18 2:25 AM,41.0,66.0,30.5,37.9,,,30.21,,,,,,,,,,,,,
Greenhouse,Temp & Humidity Sensor,2020/12/18 2:30 AM,41.0,65.0,30.2,37.9,,,30.21,,,,,,,,,,,,,
Greenhouse,Temp & Humidity Sensor,2020/12/18 2:35 AM,41.0,66.0,30.5,37.9,,,30.22,,,,,,,,,,,,,
Greenhouse,Temp & Humidity Sensor,2020/12/18 2:40 AM,41.0,65.0,30.2,37.9,,,30.22,,,,,,,,,,,,,
Greenhouse,Temp & Humidity Sensor,2020/12/18 2:45 AM,40.8,66.0,30.3,37.7,,,30.22,,,,,,,,,,,,,
Greenhouse,Temp & Humidity Sensor,2020/12/18 2:50 AM,40.8,67.0,30.7,37.7,,,30.22,,,,,,,,,,,,,
Greenhouse,Temp & Humidity Sensor,2020/12/18 2:55 AM,40.6,67.0,30.5,37.5,,,30.22,,,,,,,,,,,,,
Greenhouse,Temp & Humidity Sensor,2020/12/18 3:00 AM,40.6,67.0,30.5,37.5,,,30.22,,,,,,,,,,,,,
Greenhouse,Temp & Humidity Sensor,2020/12/18 3:05 AM,40.6,66.0,30.1,37.5,,,30.22,,,,,,,,,,,,,
Greenhouse,Temp & Humidity Sensor,2020/12/18 3:10 AM,40.6,66.0,30.1,37.5,,,30.23,,,,,,,,,,,,,
Greenhouse,Temp & Humidity Sensor,2020/12/18 3:15 AM,40.4,67.0,30.3,37.3,,,30.23,,,,,,,,,,,,,
Greenhouse,Temp & Humidity Sensor,2020/12/18 3:20 AM,40.4,66.0,30.0,37.2,,,30.23,,,,,,,,,,,,,
Greenhouse,Temp & Humidity Sensor,2020/12/18 3:25 AM,40.4,66.0,30.0,37.2,,,30.24,,,,,,,,,,,,,
Greenhouse,Temp & Humidity Sensor,2020/12/18 3:30 AM,40.4,66.0,30.0,37.2,,,30.24,,,,,,,,,,,,,
Greenhouse,Temp & Humidity Sensor,2020/12/18 3:35 AM,40.4,66.0,30.0,37.2,,,30.24,,,,,,,,,,,,,
Greenhouse,Temp & Humidity Sensor,2020/12/18 3:40 AM,40.2,67.0,30.1,37.1,,,30.24,,,,,,,,,,,,,
Greenhouse,Temp & Humidity Sensor,2020/12/18 3:45 AM,40.2,66.0,29.8,37.0,,,30.24,,,,,,,,,,,,,
Greenhouse,Temp & Humidity Sensor,2020/12/18 3:50 AM,40.2,67.0,30.1,37.1,,,30.24,,,,,,,,,,,,,
Greenhouse,Temp & Humidity Sensor,2020/12/18 3:55 AM,40.2,67.0,30.1,37.1,,,30.24,,,,,,,,,,,,,
Greenhouse,Temp & Humidity Sensor,2020/12/18 4:00 AM,40.2,67.0,30.1,37.1,,,30.24,,,,,,,,,,,,,
Greenhouse,Temp & Humidity Sensor,2020/12/18 4:05 AM,40.2,67.0,30.1,37.1,,,30.24,,,,,,,,,,,,,
Greenhouse,Temp & Humidity Sensor,2020/12/18 4:10 AM,40.1,67.0,30.0,37.0,,,30.24,,,,,,,,,,,,,
Greenhouse,Temp & Humidity Sensor,2020/12/18 4:15 AM,40.1,67.0,30.0,37.0,,,30.24,,,,,,,,,,,,,
Greenhouse,Temp & Humidity Sensor,2020/12/18 4:20 AM,40.1,66.0,29.7,36.9,,,30.25,,,,,,,,,,,,,
Greenhouse,Temp & Humidity Sensor,2020/12/18 4:25 AM,39.9,66.0,29.5,39.9,,,30.24,,,,,,,,,,,,,
Greenhouse,Temp & Humidity Sensor,2020/12/18 4:30 AM,39.7,66.0,29.3,39.7,,,30.24,,,,,,,,,,,,,
Greenhouse,Temp & Humidity Sensor,2020/12/18 4:35 AM,39.2,67.0,29.2,39.2,,,30.24,,,,,,,,,,,,,
Greenhouse,Temp & Humidity Sensor,2020/12/18 4:40 AM,39.2,69.0,29.9,39.2,,,30.24,,,,,,,,,,,,,
Greenhouse,Temp & Humidity Sensor,2020/12/18 4:45 AM,39.2,70.0,30.3,39.2,,,30.25,,,,,,,,,,,,,
Greenhouse,Temp & Humidity Sensor,2020/12/18 4:50 AM,39.2,71.0,30.6,39.2,,,30.25,,,,,,,,,,,,,
Greenhouse,Temp & Humidity Sensor,2020/12/18 4:55 AM,39.2,71.0,30.6,39.2,,,30.25,,,,,,,,,,,,,
Greenhouse,Temp & Humidity Sensor,2020/12/18 5:00 AM,39.2,70.0,30.3,39.2,,,30.25,,,,,,,,,,,,,
Greenhouse,Temp & Humidity Sensor,2020/12/18 5:05 AM,39.2,70.0,30.3,39.2,,,30.25,,,,,,,,,,,,,
Greenhouse,Temp & Humidity Sensor,2020/12/18 5:10 AM,39.0,71.0,30.4,39.0,,,30.25,,,,,,,,,,,,,
Greenhouse,Temp & Humidity Sensor,2020/12/18 5:15 AM,38.6,71.0,30.0,38.6,,,30.26,,,,,,,,,,,,,
Greenhouse,Temp & Humidity Sensor,2020/12/18 5:20 AM,38.4,72.0,30.2,38.4,,,30.26,,,,,,,,,,,,,
Greenhouse,Temp & Humidity Sensor,2020/12/18 5:25 AM,38.4,72.0,30.2,38.4,,,30.26,,,,,,,,,,,,,
Greenhouse,Temp & Humidity Sensor,2020/12/18 5:30 AM,38.4,73.0,30.5,38.4,,,30.27,,,,,,,,,,,,,
Greenhouse,Temp & Humidity Sensor,2020/12/18 5:35 AM,38.8,71.0,30.2,38.8,,,30.27,,,,,,,,,,,,,
Greenhouse,Temp & Humidity Sensor,2020/12/18 5:40 AM,38.6,71.0,30.0,38.6,,,30.28,,,,,,,,,,,,,
Greenhouse,Temp & Humidity Sensor,2020/12/18 5:45 AM,38.1,72.0,29.9,38.1,,,30.28,,,,,,,,,,,,,
Greenhouse,Temp & Humidity Sensor,2020/12/18 5:50 AM,38.1,71.0,29.5,38.1,,,30.28,,,,,,,,,,,,,
Greenhouse,Temp & Humidity Sensor,2020/12/18 5:55 AM,38.1,72.0,29.9,38.1,,,30.29,,,,,,,,,,,,,
Greenhouse,Temp & Humidity Sensor,2020/12/18 6:00 AM,38.1,72.0,29.9,38.1,,,30.29,,,,,,,,,,,,,
Greenhouse,Temp & Humidity Sensor,2020/12/18 6:05 AM,37.5,72.0,29.3,37.5,,,30.29,,,,,,,,,,,,,
Greenhouse,Temp & Humidity Sensor,2020/12/18 6:10 AM,37.0,73.0,29.2,37.0,,,30.29,,,,,,,,,,,,,
Greenhouse,Temp & Humidity Sensor,2020/12/18 6:15 AM,37.0,73.0,29.2,37.0,,,30.3,,,,,,,,,,,,,
Greenhouse,Temp & Humidity Sensor,2020/12/18 6:20 AM,37.2,74.0,29.7,37.2,,,30.3,,,,,,,,,,,,,
Greenhouse,Temp & Humidity Sensor,2020/12/18 6:25 AM,37.7,75.0,30.5,37.7,,,30.3,,,,,,,,,,,,,
Greenhouse,Temp & Humidity Sensor,2020/12/18 6:30 AM,37.7,75.0,30.5,37.7,,,30.3,,,,,,,,,,,,,
Greenhouse,Temp & Humidity Sensor,2020/12/18 6:35 AM,37.9,75.0,30.7,37.9,,,30.31,,,,,,,,,,,,,
Greenhouse,Temp & Humidity Sensor,2020/12/18 6:40 AM,37.9,74.0,30.4,37.9,,,30.31,,,,,,,,,,,,,
Greenhouse,Temp & Humidity Sensor,2020/12/18 6:45 AM,37.9,73.0,30.0,37.9,,,30.31,,,,,,,,,,,,,
Greenhouse,Temp & Humidity Sensor,2020/12/18 6:50 AM,37.9,73.0,30.0,37.9,,,30.31,,,,,,,,,,,,,
Greenhouse,Temp & Humidity Sensor,2020/12/18 6:55 AM,37.7,72.0,29.5,37.7,,,30.31,,,,,,,,,,,,,
Greenhouse,Temp & Humidity Sensor,2020/12/18 7:00 AM,37.4,71.0,28.9,37.4,,,30.31,,,,,,,,,,,,,
Greenhouse,Temp & Humidity Sensor,2020/12/18 7:05 AM,37.4,71.0,28.9,37.4,,,30.32,,,,,,,,,,,,,
Greenhouse,Temp & Humidity Sensor,2020/12/18 7:10 AM,37.2,72.0,29.0,37.2,,,30.32,,,,,,,,,,,,,
Greenhouse,Temp & Humidity Sensor,2020/12/18 7:15 AM,37.0,73.0,29.2,37.0,,,30.32,,,,,,,,,,,,,
Greenhouse,Temp & Humidity Sensor,2020/12/18 7:20 AM,36.8,72.0,28.6,36.8,,,30.32,,,,,,,,,,,,,
Greenhouse,Temp & Humidity Sensor,2020/12/18 7:25 AM,36.5,73.0,28.7,36.5,,,30.32,,,,,,,,,,,,,
Greenhouse,Temp & Humidity Sensor,2020/12/18 7:30 AM,36.5,74.0,29.0,36.5,,,30.32,,,,,,,,,,,,,
Greenhouse,Temp & Humidity Sensor,2020/12/18 7:35 AM,36.3,73.0,28.5,36.3,,,30.32,,,,,,,,,,,,,
Greenhouse,Temp & Humidity Sensor,2020/12/18 7:40 AM,35.9,71.0,27.4,35.9,,,30.33,,,,,,,,,,,,,
Greenhouse,Temp & Humidity Sensor,2020/12/18 7:45 AM,35.6,72.0,27.5,35.6,,,30.33,,,,,,,,,,,,,
Greenhouse,Temp & Humidity Sensor,2020/12/18 7:50 AM,35.6,72.0,27.5,35.6,,,30.33,,,,,,,,,,,,,
Greenhouse,Temp & Humidity Sensor,2020/12/18 7:55 AM,35.4,73.0,27.6,35.4,,,30.33,,,,,,,,,,,,,
Greenhouse,Temp & Humidity Sensor,2020/12/18 8:00 AM,35.2,73.0,27.4,35.2,,,30.33,,,,,,,,,,,,,
Greenhouse,Temp & Humidity Sensor,2020/12/18 8:05 AM,35.2,73.0,27.4,35.2,,,30.33,,,,,,,,,,,,,
Greenhouse,Temp & Humidity Sensor,2020/12/18 8:10 AM,35.4,73.0,27.6,35.4,,,30.33,,,,,,,,,,,,,
Greenhouse,Temp & Humidity Sensor,2020/12/18 8:15 AM,35.6,72.0,27.5,35.6,,,30.33,,,,,,,,,,,,,
Greenhouse,Temp & Humidity Sensor,2020/12/18 8:20 AM,35.6,71.0,27.1,35.6,,,30.34,,,,,,,,,,,,,
Greenhouse,Temp & Humidity Sensor,2020/12/18 8:25 AM,35.7,70.0,26.9,35.7,,,30.34,,,,,,,,,,,,,
Greenhouse,Temp & Humidity Sensor,2020/12/18 8:30 AM,35.9,69.0,26.7,35.9,,,30.34,,,,,,,,,,,,,
Greenhouse,Temp & Humidity Sensor,2020/12/18 8:35 AM,36.1,69.0,26.9,36.1,,,30.34,,,,,,,,,,,,,
Greenhouse,Temp & Humidity Sensor,2020/12/18 8:40 AM,36.5,69.0,27.3,36.5,,,30.34,,,,,,,,,,,,,
Greenhouse,Temp & Humidity Sensor,2020/12/18 8:45 AM,37.2,68.0,27.6,37.2,,,30.35,,,,,,,,,,,,,
Greenhouse,Temp & Humidity Sensor,2020/12/18 8:50 AM,38.1,65.0,27.4,38.1,,,30.35,,,,,,,,,,,,,
Greenhouse,Temp & Humidity Sensor,2020/12/18 8:55 AM,38.1,64.0,27.0,38.1,,,30.35,,,,,,,,,,,,,
Greenhouse,Temp & Humidity Sensor,2020/12/18 9:00 AM,38.4,62.0,26.5,38.4,,,30.35,,,,,,,,,,,,,
Greenhouse,Temp & Humidity Sensor,2020/12/18 9:05 AM,38.1,62.0,26.2,38.1,,,30.36,,,,,,,,,,,,,
Greenhouse,Temp & Humidity Sensor,2020/12/18 9:10 AM,37.9,63.0,26.4,37.9,,,30.36,,,,,,,,,,,,,
Greenhouse,Temp & Humidity Sensor,2020/12/18 9:15 AM,38.4,63.0,26.9,38.4,,,30.36,,,,,,,,,,,,,
Greenhouse,Temp & Humidity Sensor,2020/12/18 9:20 AM,39.0,63.0,27.5,39.0,,,30.36,,,,,,,,,,,,,
Greenhouse,Temp & Humidity Sensor,2020/12/18 9:25 AM,39.9,59.0,26.8,39.9,,,30.36,,,,,,,,,,,,,
Greenhouse,Temp & Humidity Sensor,2020/12/18 9:30 AM,39.7,59.0,26.6,39.7,,,30.36,,,,,,,,,,,,,
Greenhouse,Temp & Humidity Sensor,2020/12/18 9:35 AM,39.7,59.0,26.6,39.7,,,30.36,,,,,,,,,,,,,
Greenhouse,Temp & Humidity Sensor,2020/12/18 9:40 AM,39.7,58.0,26.1,39.7,,,30.37,,,,,,,,,,,,,
Greenhouse,Temp & Humidity Sensor,2020/12/18 9:45 AM,40.6,58.0,27.0,37.1,,,30.37,,,,,,,,,,,,,
Greenhouse,Temp & Humidity Sensor,2020/12/18 9:50 AM,40.1,58.0,26.5,36.5,,,30.37,,,,,,,,,,,,,
Greenhouse,Temp & Humidity Sensor,2020/12/18 9:55 AM,39.7,58.0,26.1,39.7,,,30.37,,,,,,,,,,,,,
Greenhouse,Temp & Humidity Sensor,2020/12/18 10:00 AM,39.9,58.0,26.3,39.9,,,30.37,,,,,,,,,,,,,
Greenhouse,Temp & Humidity Sensor,2020/12/18 10:05 AM,41.7,57.0,27.6,38.2,,,30.37,,,,,,,,,,,,,
Greenhouse,Temp & Humidity Sensor,2020/12/18 10:10 AM,44.4,54.0,28.8,41.1,,,30.37,,,,,,,,,,,,,
Greenhouse,Temp & Humidity Sensor,2020/12/18 10:15 AM,42.9,53.0,27.0,39.4,,,30.38,,,,,,,,,,,,,
Greenhouse,Temp & Humidity Sensor,2020/12/18 10:20 AM,42.6,55.0,27.6,39.1,,,30.38,,,,,,,,,,,,,
Greenhouse,Temp & Humidity Sensor,2020/12/18 10:25 AM,42.8,53.0,26.9,39.3,,,30.38,,,,,,,,,,,,,
Greenhouse,Temp & Humidity Sensor,2020/12/18 10:30 AM,42.0,55.0,27.0,38.5,,,30.38,,,,,,,,,,,,,
Greenhouse,Temp & Humidity Sensor,2020/12/18 10:35 AM,41.5,54.0,26.1,37.9,,,30.39,,,,,,,,,,,,,
Greenhouse,Temp & Humidity Sensor,2020/12/18 10:40 AM,41.3,55.0,26.4,37.7,,,30.39,,,,,,,,,,,,,
Greenhouse,Temp & Humidity Sensor,2020/12/18 10:45 AM,42.2,56.0,27.6,38.8,,,30.38,,,,,,,,,,,,,
Greenhouse,Temp & Humidity Sensor,2020/12/18 10:50 AM,42.0,54.0,26.6,38.4,,,30.39,,,,,,,,,,,,,
Greenhouse,Temp & Humidity Sensor,2020/12/18 10:55 AM,42.9,53.0,27.0,39.4,,,30.39,,,,,,,,,,,,,
Greenhouse,Temp & Humidity Sensor,2020/12/18 11:00 AM,44.7,53.0,28.6,41.4,,,30.39,,,,,,,,,,,,,
Greenhouse,Temp & Humidity Sensor,2020/12/18 11:05 AM,43.8,51.0,26.9,40.3,,,30.39,,,,,,,,,,,,,
Greenhouse,Temp & Humidity Sensor,2020/12/18 11:10 AM,42.9,53.0,27.0,39.4,,,30.39,,,,,,,,,,,,,
Greenhouse,Temp & Humidity Sensor,2020/12/18 11:15 AM,43.3,52.0,26.9,39.8,,,30.39,,,,,,,,,,,,,
Greenhouse,Temp & Humidity Sensor,2020/12/18 11:20 AM,43.5,52.0,27.1,40.0,,,30.39,,,,,,,,,,,,,
Greenhouse,Temp & Humidity Sensor,2020/12/18 11:25 AM,43.7,54.0,28.2,40.3,,,30.39,,,,,,,,,,,,,
Greenhouse,Temp & Humidity Sensor,2020/12/18 11:30 AM,44.7,52.0,28.2,41.3,,,30.39,,,,,,,,,,,,,
Greenhouse,Temp & Humidity Sensor,2020/12/18 11:35 AM,45.1,52.0,28.5,41.8,,,30.39,,,,,,,,,,,,,
Greenhouse,Temp & Humidity Sensor,2020/12/18 11:40 AM,46.5,50.0,28.9,43.2,,,30.38,,,,,,,,,,,,,
Greenhouse,Temp & Humidity Sensor,2020/12/18 11:45 AM,44.7,50.0,27.2,41.2,,,30.38,,,,,,,,,,,,,
Greenhouse,Temp & Humidity Sensor,2020/12/18 11:50 AM,44.7,50.0,27.2,41.2,,,30.38,,,,,,,,,,,,,
Greenhouse,Temp & Humidity Sensor,2020/12/18 11:55 AM,42.9,52.0,26.5,39.3,,,30.38,,,,,,,,,,,,,
Greenhouse,Temp & Humidity Sensor,2020/12/18 12:00 PM,45.1,51.0,28.1,41.7,,,30.38,,,,,,,,,,,,,
Greenhouse,Temp & Humidity Sensor,2020/12/18 12:05 PM,48.2,51.0,30.9,45.1,,,30.38,,,,,,,,,,,,,
Greenhouse,Temp & Humidity Sensor,2020/12/18 12:10 PM,47.1,49.0,28.9,43.8,,,30.38,,,,,,,,,,,,,
Greenhouse,Temp & Humidity Sensor,2020/12/18 12:15 PM,45.8,50.0,28.2,42.4,,,30.38,,,,,,,,,,,,,
Greenhouse,Temp & Humidity Sensor,2020/12/18 12:20 PM,44.2,50.0,26.8,40.7,,,30.38,,,,,,,,,,,,,
Greenhouse,Temp & Humidity Sensor,2020/12/18 12:25 PM,47.1,48.0,28.4,43.8,,,30.37,,,,,,,,,,,,,
Greenhouse,Temp & Humidity Sensor,2020/12/18 12:30 PM,50.0,46.0,30.0,46.9,,,30.37,,,,,,,,,,,,,
Greenhouse,Temp & Humidity Sensor,2020/12/18 12:35 PM,52.1,47.0,32.5,49.2,,,30.37,,,,,,,,,,,,,
Greenhouse,Temp & Humidity Sensor,2020/12/18 12:40 PM,51.9,45.0,31.2,48.9,,,30.37,,,,,,,,,,,,,
Greenhouse,Temp & Humidity Sensor,2020/12/18 12:45 PM,48.7,45.0,28.3,45.4,,,30.37,,,,,,,,,,,,,
Greenhouse,Temp & Humidity Sensor,2020/12/18 12:50 PM,46.4,48.0,27.8,43.0,,,30.37,,,,,,,,,,,,,
Greenhouse,Temp & Humidity Sensor,2020/12/18 12:55 PM,46.9,48.0,28.2,43.5,,,30.37,,,,,,,,,,,,,
Greenhouse,Temp & Humidity Sensor,2020/12/18 1:00 PM,50.7,46.0,30.7,47.6,,,30.37,,,,,,,,,,,,,
Greenhouse,Temp & Humidity Sensor,2020/12/18 1:05 PM,49.2,46.0,29.3,46.0,,,30.36,,,,,,,,,,,,,
Greenhouse,Temp & Humidity Sensor,2020/12/18 1:10 PM,47.6,47.0,28.4,44.3,,,30.37,,,,,,,,,,,,,
Greenhouse,Temp & Humidity Sensor,2020/12/18 1:15 PM,48.5,48.0,29.7,45.3,,,30.37,,,,,,,,,,,,,
Greenhouse,Temp & Humidity Sensor,2020/12/18 1:20 PM,47.1,48.0,28.4,43.8,,,30.37,,,,,,,,,,,,,
Greenhouse,Temp & Humidity Sensor,2020/12/18 1:25 PM,46.2,48.0,27.6,42.8,,,30.37,,,,,,,,,,,,,
Greenhouse,Temp & Humidity Sensor,2020/12/18 1:30 PM,49.6,48.0,30.7,46.5,,,30.37,,,,,,,,,,,,,
Greenhouse,Temp & Humidity Sensor,2020/12/18 1:35 PM,52.3,46.0,32.1,49.4,,,30.36,,,,,,,,,,,,,
Greenhouse,Temp & Humidity Sensor,2020/12/18 1:40 PM,49.8,45.0,29.3,46.6,,,30.36,,,,,,,,,,,,,
Greenhouse,Temp & Humidity Sensor,2020/12/18 1:45 PM,46.9,46.0,27.2,43.5,,,30.36,,,,,,,,,,,,,
Greenhouse,Temp & Humidity Sensor,2020/12/18 1:50 PM,44.6,48.0,26.1,41.0,,,30.36,,,,,,,,,,,,,
Greenhouse,Temp & Humidity Sensor,2020/12/18 1:55 PM,44.4,50.0,26.9,40.9,,,30.36,,,,,,,,,,,,,
Greenhouse,Temp & Humidity Sensor,2020/12/18 2:00 PM,45.5,50.0,28.0,42.1,,,30.37,,,,,,,,,,,,,
Greenhouse,Temp & Humidity Sensor,2020/12/18 2:05 PM,50.7,49.0,32.2,47.8,,,30.36,,,,,,,,,,,,,
Greenhouse,Temp & Humidity Sensor,2020/12/18 2:10 PM,51.9,44.0,30.7,48.9,,,30.36,,,,,,,,,,,,,
Greenhouse,Temp & Humidity Sensor,2020/12/18 2:15 PM,49.1,45.0,28.7,45.8,,,30.36,,,,,,,,,,,,,
Greenhouse,Temp & Humidity Sensor,2020/12/18 2:20 PM,48.2,46.0,28.4,44.9,,,30.37,,,,,,,,,,,,,
Greenhouse,Temp & Humidity Sensor,2020/12/18 2:25 PM,46.9,47.0,27.7,43.5,,,30.36,,,,,,,,,,,,,
Greenhouse,Temp & Humidity Sensor,2020/12/18 2:30 PM,46.9,47.0,27.7,43.5,,,30.36,,,,,,,,,,,,,
Greenhouse,Temp & Humidity Sensor,2020/12/18 2:35 PM,47.8,46.0,28.0,44.4,,,30.37,,,,,,,,,,,,,
Greenhouse,Temp & Humidity Sensor,2020/12/18 2:40 PM,45.3,47.0,26.3,41.7,,,30.37,,,,,,,,,,,,,
Greenhouse,Temp & Humidity Sensor,2020/12/18 2:45 PM,44.0,49.0,26.1,40.4,,,30.37,,,,,,,,,,,,,
Greenhouse,Temp & Humidity Sensor,2020/12/18 2:50 PM,42.9,50.0,25.6,39.2,,,30.37,,,,,,,,,,,,,
Greenhouse,Temp & Humidity Sensor,2020/12/18 2:55 PM,43.7,50.0,26.3,40.1,,,30.37,,,,,,,,,,,,,
Greenhouse,Temp & Humidity Sensor,2020/12/18 3:00 PM,46.2,51.0,29.1,42.9,,,30.37,,,,,,,,,,,,,
Greenhouse,Temp & Humidity Sensor,2020/12/18 3:05 PM,48.3,48.0,29.5,45.1,,,30.38,,,,,,,,,,,,,
Greenhouse,Temp & Humidity Sensor,2020/12/18 3:10 PM,47.6,49.0,29.4,44.4,,,30.38,,,,,,,,,,,,,
Greenhouse,Temp & Humidity Sensor,2020/12/18 3:15 PM,45.5,49.0,27.5,42.1,,,30.38,,,,,,,,,,,,,
Greenhouse,Temp & Humidity Sensor,2020/12/18 3:20 PM,44.4,50.0,26.9,40.9,,,30.38,,,,,,,,,,,,,
Greenhouse,Temp & Humidity Sensor,2020/12/18 3:25 PM,43.8,50.0,26.4,40.2,,,30.38,,,,,,,,,,,,,
Greenhouse,Temp & Humidity Sensor,2020/12/18 3:30 PM,44.4,51.0,27.4,40.9,,,30.38,,,,,,,,,,,,,
Greenhouse,Temp & Humidity Sensor,2020/12/18 3:35 PM,44.9,51.0,27.9,41.5,,,30.38,,,,,,,,,,,,,
Greenhouse,Temp & Humidity Sensor,2020/12/18 3:40 PM,44.6,51.0,27.6,41.2,,,30.38,,,,,,,,,,,,,
Greenhouse,Temp & Humidity Sensor,2020/12/18 3:45 PM,44.2,51.0,27.2,40.7,,,30.38,,,,,,,,,,,,,
Greenhouse,Temp & Humidity Sensor,2020/12/18 3:50 PM,43.8,51.0,26.9,40.3,,,30.39,,,,,,,,,,,,,
Greenhouse,Temp & Humidity Sensor,2020/12/18 3:55 PM,43.3,52.0,26.9,39.8,,,30.39,,,,,,,,,,,,,
Greenhouse,Temp & Humidity Sensor,2020/12/18 4:00 PM,42.8,52.0,26.4,39.2,,,30.39,,,,,,,,,,,,,
Greenhouse,Temp & Humidity Sensor,2020/12/18 4:05 PM,42.8,53.0,26.9,39.3,,,30.39,,,,,,,,,,,,,
Greenhouse,Temp & Humidity Sensor,2020/12/18 4:10 PM,42.9,53.0,27.0,39.4,,,30.39,,,,,,,,,,,,,
Greenhouse,Temp & Humidity Sensor,2020/12/18 4:15 PM,43.1,53.0,27.1,39.6,,,30.39,,,,,,,,,,,,,
Greenhouse,Temp & Humidity Sensor,2020/12/18 4:20 PM,42.8,53.0,26.9,39.3,,,30.4,,,,,,,,,,,,,
Greenhouse,Temp & Humidity Sensor,2020/12/18 4:25 PM,42.4,54.0,26.9,38.9,,,30.4,,,,,,,,,,,,,
Greenhouse,Temp & Humidity Sensor,2020/12/18 4:30 PM,42.0,54.0,26.6,38.4,,,30.4,,,,,,,,,,,,,
Greenhouse,Temp & Humidity Sensor,2020/12/18 4:35 PM,41.1,54.0,25.7,37.4,,,30.41,,,,,,,,,,,,,
Greenhouse,Temp & Humidity Sensor,2020/12/18 4:40 PM,40.8,55.0,25.9,37.2,,,30.41,,,,,,,,,,,,,
Greenhouse,Temp & Humidity Sensor,2020/12/18 4:45 PM,40.4,55.0,25.5,36.7,,,30.41,,,,,,,,,,,,,
Greenhouse,Temp & Humidity Sensor,2020/12/18 4:50 PM,40.2,57.0,26.2,36.6,,,30.41,,,,,,,,,,,,,
Greenhouse,Temp & Humidity Sensor,2020/12/18 4:55 PM,40.1,57.0,26.1,36.5,,,30.41,,,,,,,,,,,,,
Greenhouse,Temp & Humidity Sensor,2020/12/18 5:00 PM,39.7,58.0,26.1,39.7,,,30.41,,,,,,,,,,,,,
Greenhouse,Temp & Humidity Sensor,2020/12/18 5:05 PM,39.2,58.0,25.7,39.2,,,30.41,,,,,,,,,,,,,
Greenhouse,Temp & Humidity Sensor,2020/12/18 5:10 PM,38.8,60.0,26.1,38.8,,,30.41,,,,,,,,,,,,,
Greenhouse,Temp & Humidity Sensor,2020/12/18 5:15 PM,38.3,59.0,25.2,38.3,,,30.41,,,,,,,,,,,,,
Greenhouse,Temp & Humidity Sensor,2020/12/18 5:20 PM,37.7,60.0,25.1,37.7,,,30.41,,,,,,,,,,,,,
Greenhouse,Temp & Humidity Sensor,2020/12/18 5:25 PM,37.2,61.0,25.0,37.2,,,30.41,,,,,,,,,,,,,
Greenhouse,Temp & Humidity Sensor,2020/12/18 5:30 PM,37.2,62.0,25.4,37.2,,,30.41,,,,,,,,,,,,,
Greenhouse,Temp & Humidity Sensor,2020/12/18 5:35 PM,36.8,64.0,25.8,36.8,,,30.41,,,,,,,,,,,,,
Greenhouse,Temp & Humidity Sensor,2020/12/18 5:40 PM,36.6,66.0,26.3,36.6,,,30.4,,,,,,,,,,,,,
Greenhouse,Temp & Humidity Sensor,2020/12/18 5:45 PM,36.1,66.0,25.9,36.1,,,30.4,,,,,,,,,,,,,
Greenhouse,Temp & Humidity Sensor,2020/12/18 5:50 PM,35.9,67.0,26.0,35.9,,,30.41,,,,,,,,,,,,,
Greenhouse,Temp & Humidity Sensor,2020/12/18 5:55 PM,35.6,66.0,25.4,35.6,,,30.41,,,,,,,,,,,,,
Greenhouse,Temp & Humidity Sensor,2020/12/18 6:00 PM,35.2,67.0,25.4,35.2,,,30.41,,,,,,,,,,,,,
Greenhouse,Temp & Humidity Sensor,2020/12/18 6:05 PM,34.8,67.0,25.0,34.8,,,30.41,,,,,,,,,,,,,
Greenhouse,Temp & Humidity Sensor,2020/12/18 6:10 PM,34.7,68.0,25.2,34.7,,,30.41,,,,,,,,,,,,,
Greenhouse,Temp & Humidity Sensor,2020/12/18 6:15 PM,34.7,68.0,25.2,34.7,,,30.42,,,,,,,,,,,,,
Greenhouse,Temp & Humidity Sensor,2020/12/18 6:20 PM,34.3,68.0,24.9,34.3,,,30.42,,,,,,,,,,,,,
Greenhouse,Temp & Humidity Sensor,2020/12/18 6:25 PM,34.8,72.0,26.7,34.8,,,30.42,,,,,,,,,,,,,
Greenhouse,Temp & Humidity Sensor,2020/12/18 6:30 PM,35.0,78.0,28.8,35.0,,,30.41,,,,,,,,,,,,,
Greenhouse,Temp & Humidity Sensor,2020/12/18 6:35 PM,35.0,79.0,29.2,35.0,,,30.41,,,,,,,,,,,,,
Greenhouse,Temp & Humidity Sensor,2020/12/18 6:40 PM,33.9,76.0,27.1,33.9,,,30.41,,,,,,,,,,,,,
Greenhouse,Temp & Humidity Sensor,2020/12/18 6:45 PM,33.8,74.0,26.4,33.8,,,30.42,,,,,,,,,,,,,
Greenhouse,Temp & Humidity Sensor,2020/12/18 6:50 PM,33.6,75.0,26.5,33.6,,,30.42,,,,,,,,,,,,,
Greenhouse,Temp & Humidity Sensor,2020/12/18 6:55 PM,33.4,75.0,26.3,33.4,,,30.42,,,,,,,,,,,,,
Greenhouse,Temp & Humidity Sensor,2020/12/18 7:00 PM,33.8,75.0,26.7,33.8,,,30.43,,,,,,,,,,,,,
Greenhouse,Temp & Humidity Sensor,2020/12/18 7:05 PM,34.1,80.0,28.6,34.1,,,30.42,,,,,,,,,,,,,
Greenhouse,Temp & Humidity Sensor,2020/12/18 7:10 PM,34.3,84.0,30.0,34.3,,,30.42,,,,,,,,,,,,,
Greenhouse,Temp & Humidity Sensor,2020/12/18 7:15 PM,33.8,83.0,29.2,33.8,,,30.42,,,,,,,,,,,,,
Greenhouse,Temp & Humidity Sensor,2020/12/18 7:20 PM,33.8,83.0,29.2,33.8,,,30.42,,,,,,,,,,,,,
Greenhouse,Temp & Humidity Sensor,2020/12/18 7:25 PM,33.4,84.0,29.1,33.4,,,30.42,,,,,,,,,,,,,
Greenhouse,Temp & Humidity Sensor,2020/12/18 7:30 PM,33.0,82.0,28.1,33.0,,,30.42,,,,,,,,,,,,,
Greenhouse,Temp & Humidity Sensor,2020/12/18 7:35 PM,32.9,81.0,27.7,32.9,,,30.42,,,,,,,,,,,,,
Greenhouse,Temp & Humidity Sensor,2020/12/18 7:40 PM,32.9,81.0,27.7,32.9,,,30.42,,,,,,,,,,,,,
Greenhouse,Temp & Humidity Sensor,2020/12/18 7:45 PM,32.5,80.0,27.0,32.5,,,30.42,,,,,,,,,,,,,
Greenhouse,Temp & Humidity Sensor,2020/12/18 7:50 PM,32.9,80.0,27.4,32.9,,,30.42,,,,,,,,,,,,,
Greenhouse,Temp & Humidity Sensor,2020/12/18 7:55 PM,32.9,84.0,28.6,32.9,,,30.42,,,,,,,,,,,,,
Greenhouse,Temp & Humidity Sensor,2020/12/18 8:00 PM,33.0,86.0,29.3,33.0,,,30.42,,,,,,,,,,,,,
Greenhouse,Temp & Humidity Sensor,2020/12/18 8:05 PM,32.9,86.0,29.2,32.9,,,30.42,,,,,,,,,,,,,
Greenhouse,Temp & Humidity Sensor,2020/12/18 8:10 PM,32.9,85.0,28.9,32.9,,,30.42,,,,,,,,,,,,,
Greenhouse,Temp & Humidity Sensor,2020/12/18 8:15 PM,32.5,85.0,28.5,32.5,,,30.42,,,,,,,,,,,,,
Greenhouse,Temp & Humidity Sensor,2020/12/18 8:20 PM,32.3,84.0,28.0,32.3,,,30.42,,,,,,,,,,,,,
Greenhouse,Temp & Humidity Sensor,2020/12/18 8:25 PM,32.7,85.0,28.7,32.7,,,30.42,,,,,,,,,,,,,
Greenhouse,Temp & Humidity Sensor,2020/12/18 8:30 PM,32.9,86.0,29.2,32.9,,,30.42,,,,,,,,,,,,,
Greenhouse,Temp & Humidity Sensor,2020/12/18 8:35 PM,32.9,88.0,29.7,32.9,,,30.42,,,,,,,,,,,,,
Greenhouse,Temp & Humidity Sensor,2020/12/18 8:40 PM,32.9,89.0,30.0,32.9,,,30.43,,,,,,,,,,,,,
Greenhouse,Temp & Humidity Sensor,2020/12/18 8:45 PM,32.9,89.0,30.0,32.9,,,30.42,,,,,,,,,,,,,
Greenhouse,Temp & Humidity Sensor,2020/12/18 8:50 PM,32.5,88.0,29.3,32.5,,,30.43,,,,,,,,,,,,,
Greenhouse,Temp & Humidity Sensor,2020/12/18 8:55 PM,32.1,87.0,28.7,32.1,,,30.42,,,,,,,,,,,,,
Greenhouse,Temp & Humidity Sensor,2020/12/18 9:00 PM,32.1,86.0,28.4,32.1,,,30.42,,,,,,,,,,,,,
Greenhouse,Temp & Humidity Sensor,2020/12/18 9:05 PM,32.0,86.0,28.3,32.0,,,30.42,,,,,,,,,,,,,
Greenhouse,Temp & Humidity Sensor,2020/12/18 9:10 PM,32.0,86.0,28.3,32.0,,,30.42,,,,,,,,,,,,,
Greenhouse,Temp & Humidity Sensor,2020/12/18 9:15 PM,32.3,88.0,29.2,32.3,,,30.42,,,,,,,,,,,,,
Greenhouse,Temp & Humidity Sensor,2020/12/18 9:20 PM,32.3,89.0,29.4,32.3,,,30.42,,,,,,,,,,,,,
Greenhouse,Temp & Humidity Sensor,2020/12/18 9:25 PM,32.5,89.0,29.6,32.5,,,30.42,,,,,,,,,,,,,
Greenhouse,Temp & Humidity Sensor,2020/12/18 9:30 PM,32.3,89.0,29.4,32.3,,,30.42,,,,,,,,,,,,,
Greenhouse,Temp & Humidity Sensor,2020/12/18 9:35 PM,32.1,89.0,29.2,32.1,,,30.43,,,,,,,,,,,,,
Greenhouse,Temp & Humidity Sensor,2020/12/18 9:40 PM,32.0,89.0,29.1,32.0,,,30.43,,,,,,,,,,,,,
Greenhouse,Temp & Humidity Sensor,2020/12/18 9:45 PM,32.0,88.0,28.9,32.0,,,30.42,,,,,,,,,,,,,
Greenhouse,Temp & Humidity Sensor,2020/12/18 9:50 PM,32.0,88.0,28.9,32.0,,,30.43,,,,,,,,,,,,,
Greenhouse,Temp & Humidity Sensor,2020/12/18 9:55 PM,32.0,89.0,29.1,32.0,,,30.43,,,,,,,,,,,,,
Greenhouse,Temp & Humidity Sensor,2020/12/18 10:00 PM,32.1,90.0,29.5,32.1,,,30.43,,,,,,,,,,,,,
Greenhouse,Temp & Humidity Sensor,2020/12/18 10:05 PM,32.3,91.0,30.0,32.3,,,30.42,,,,,,,,,,,,,
Greenhouse,Temp & Humidity Sensor,2020/12/18 10:10 PM,32.3,91.0,30.0,32.3,,,30.44,,,,,,,,,,,,,
Greenhouse,Temp & Humidity Sensor,2020/12/18 10:15 PM,32.1,91.0,29.8,32.1,,,30.44,,,,,,,,,,,,,
Greenhouse,Temp & Humidity Sensor,2020/12/18 10:20 PM,32.1,91.0,29.8,32.1,,,30.43,,,,,,,,,,,,,
Greenhouse,Temp & Humidity Sensor,2020/12/18 10:25 PM,32.1,91.0,29.8,32.1,,,30.44,,,,,,,,,,,,,
Greenhouse,Temp & Humidity Sensor,2020/12/18 10:30 PM,32.1,91.0,29.8,32.1,,,30.44,,,,,,,,,,,,,
Greenhouse,Temp & Humidity Sensor,2020/12/18 10:35 PM,32.1,91.0,29.8,32.1,,,30.44,,,,,,,,,,,,,
Greenhouse,Temp & Humidity Sensor,2020/12/18 10:40 PM,32.0,91.0,29.7,32.0,,,30.44,,,,,,,,,,,,,
Greenhouse,Temp & Humidity Sensor,2020/12/18 10:45 PM,32.1,91.0,29.8,32.1,,,30.44,,,,,,,,,,,,,
Greenhouse,Temp & Humidity Sensor,2020/12/18 10:50 PM,32.3,92.0,30.2,32.3,,,30.43,,,,,,,,,,,,,
Greenhouse,Temp & Humidity Sensor,2020/12/18 10:55 PM,32.3,93.0,30.5,32.3,,,30.44,,,,,,,,,,,,,
Greenhouse,Temp & Humidity Sensor,2020/12/18 11:00 PM,32.5,93.0,30.7,32.5,,,30.44,,,,,,,,,,,,,
Greenhouse,Temp & Humidity Sensor,2020/12/18 11:05 PM,32.3,93.0,30.5,32.3,,,30.44,,,,,,,,,,,,,
Greenhouse,Temp & Humidity Sensor,2020/12/18 11:10 PM,32.1,93.0,30.3,32.1,,,30.44,,,,,,,,,,,,,
Greenhouse,Temp & Humidity Sensor,2020/12/18 11:15 PM,32.0,93.0,30.2,32.0,,,30.44,,,,,,,,,,,,,
Greenhouse,Temp & Humidity Sensor,2020/12/18 11:20 PM,32.0,92.0,29.9,32.0,,,30.44,,,,,,,,,,,,,
Greenhouse,Temp & Humidity Sensor,2020/12/18 11:25 PM,32.0,92.0,29.9,32.0,,,30.44,,,,,,,,,,,,,
Greenhouse,Temp & Humidity Sensor,2020/12/18 11:30 PM,32.0,92.0,29.9,32.0,,,30.45,,,,,,,,,,,,,
Greenhouse,Temp & Humidity Sensor,2020/12/18 11:35 PM,32.0,92.0,29.9,32.0,,,30.44,,,,,,,,,,,,,
Greenhouse,Temp & Humidity Sensor,2020/12/18 11:40 PM,32.0,92.0,29.9,32.0,,,30.44,,,,,,,,,,,,,
Greenhouse,Temp & Humidity Sensor,2020/12/18 11:45 PM,32.0,91.0,29.7,32.0,,,30.44,,,,,,,,,,,,,
Greenhouse,Temp & Humidity Sensor,2020/12/18 11:50 PM,31.6,93.0,29.8,31.6,,,30.44,,,,,,,,,,,,,
Greenhouse,Temp & Humidity Sensor,2020/12/18 11:55 PM,31.6,93.0,29.8,31.6,,,30.44,,,,,,,,,,,,,
Greenhouse,Temp & Humidity Sensor,2020/12/19 12:00 AM,31.6,93.0,29.8,31.6,,,30.44,,,,,,,,,,,,,
Greenhouse,Temp & Humidity Sensor,2020/12/19 12:05 AM,31.4,93.0,29.6,31.4,,,30.44,,,,,,,,,,,,,
Greenhouse,Temp & Humidity Sensor,2020/12/19 12:10 AM,31.2,93.0,29.4,31.2,,,30.44,,,,,,,,,,,,,
Greenhouse,Temp & Humidity Sensor,2020/12/19 12:15 AM,31.2,92.0,29.2,31.2,,,30.44,,,,,,,,,,,,,
Greenhouse,Temp & Humidity Sensor,2020/12/19 12:20 AM,31.4,93.0,29.6,31.4,,,30.44,,,,,,,,,,,,,
Greenhouse,Temp & Humidity Sensor,2020/12/19 12:25 AM,31.6,93.0,29.8,31.6,,,30.44,,,,,,,,,,,,,
Greenhouse,Temp & Humidity Sensor,2020/12/19 12:30 AM,31.6,94.0,30.1,31.6,,,30.44,,,,,,,,,,,,,
Greenhouse,Temp & Humidity Sensor,2020/12/19 12:35 AM,31.6,94.0,30.1,31.6,,,30.44,,,,,,,,,,,,,
Greenhouse,Temp & Humidity Sensor,2020/12/19 12:40 AM,31.4,94.0,29.9,31.4,,,30.44,,,,,,,,,,,,,
Greenhouse,Temp & Humidity Sensor,2020/12/19 12:45 AM,31.4,94.0,29.9,31.4,,,30.44,,,,,,,,,,,,,
Greenhouse,Temp & Humidity Sensor,2020/12/19 12:50 AM,31.6,94.0,30.1,31.6,,,30.44,,,,,,,,,,,,,
Greenhouse,Temp & Humidity Sensor,2020/12/19 12:55 AM,31.4,93.0,29.6,31.4,,,30.44,,,,,,,,,,,,,
Greenhouse,Temp & Humidity Sensor,2020/12/19 1:00 AM,31.4,93.0,29.6,31.4,,,30.43,,,,,,,,,,,,,
Greenhouse,Temp & Humidity Sensor,2020/12/19 1:05 AM,31.2,93.0,29.4,31.2,,,30.43,,,,,,,,,,,,,
Greenhouse,Temp & Humidity Sensor,2020/12/19 1:10 AM,31.2,93.0,29.4,31.2,,,30.43,,,,,,,,,,,,,
Greenhouse,Temp & Humidity Sensor,2020/12/19 1:15 AM,31.4,93.0,29.6,31.4,,,30.43,,,,,,,,,,,,,
Greenhouse,Temp & Humidity Sensor,2020/12/19 1:20 AM,31.6,94.0,30.1,31.6,,,30.43,,,,,,,,,,,,,
Greenhouse,Temp & Humidity Sensor,2020/12/19 1:25 AM,31.6,94.0,30.1,31.6,,,30.43,,,,,,,,,,,,,
Greenhouse,Temp & Humidity Sensor,2020/12/19 1:30 AM,31.6,94.0,30.1,31.6,,,30.43,,,,,,,,,,,,,
Greenhouse,Temp & Humidity Sensor,2020/12/19 1:35 AM,31.6,94.0,30.1,31.6,,,30.42,,,,,,,,,,,,,
Greenhouse,Temp & Humidity Sensor,2020/12/19 1:40 AM,31.8,94.0,30.3,31.8,,,30.43,,,,,,,,,,,,,
Greenhouse,Temp & Humidity Sensor,2020/12/19 1:45 AM,31.8,95.0,30.5,31.8,,,30.42,,,,,,,,,,,,,
Greenhouse,Temp & Humidity Sensor,2020/12/19 1:50 AM,32.0,93.0,30.2,32.0,,,30.43,,,,,,,,,,,,,
Greenhouse,Temp & Humidity Sensor,2020/12/19 1:55 AM,32.0,94.0,30.5,32.0,,,30.43,,,,,,,,,,,,,
Greenhouse,Temp & Humidity Sensor,2020/12/19 2:00 AM,32.0,94.0,30.5,32.0,,,30.43,,,,,,,,,,,,,
Greenhouse,Temp & Humidity Sensor,2020/12/19 2:05 AM,31.8,96.0,30.8,31.8,,,30.44,,,,,,,,,,,,,
Greenhouse,Temp & Humidity Sensor,2020/12/19 2:10 AM,31.8,96.0,30.8,31.8,,,30.44,,,,,,,,,,,,,
Greenhouse,Temp & Humidity Sensor,2020/12/19 2:15 AM,32.0,94.0,30.5,32.0,,,30.44,,,,,,,,,,,,,
Greenhouse,Temp & Humidity Sensor,2020/12/19 2:20 AM,31.8,96.0,30.8,31.8,,,30.44,,,,,,,,,,,,,
Greenhouse,Temp & Humidity Sensor,2020/12/19 2:25 AM,31.8,96.0,30.8,31.8,,,30.44,,,,,,,,,,,,,
Greenhouse,Temp & Humidity Sensor,2020/12/19 2:30 AM,31.8,96.0,30.8,31.8,,,30.44,,,,,,,,,,,,,
Greenhouse,Temp & Humidity Sensor,2020/12/19 2:35 AM,31.8,96.0,30.8,31.8,,,30.44,,,,,,,,,,,,,
Greenhouse,Temp & Humidity Sensor,2020/12/19 2:40 AM,31.6,96.0,30.6,31.6,,,30.44,,,,,,,,,,,,,
Greenhouse,Temp & Humidity Sensor,2020/12/19 2:45 AM,31.4,96.0,30.4,31.4,,,30.45,,,,,,,,,,,,,
Greenhouse,Temp & Humidity Sensor,2020/12/19 2:50 AM,31.4,96.0,30.4,31.4,,,30.45,,,,,,,,,,,,,
Greenhouse,Temp & Humidity Sensor,2020/12/19 2:55 AM,31.4,96.0,30.4,31.4,,,30.45,,,,,,,,,,,,,
Greenhouse,Temp & Humidity Sensor,2020/12/19 3:00 AM,31.8,96.0,30.8,31.8,,,30.45,,,,,,,,,,,,,
Greenhouse,Temp & Humidity Sensor,2020/12/19 3:05 AM,31.6,96.0,30.6,31.6,,,30.45,,,,,,,,,,,,,
Greenhouse,Temp & Humidity Sensor,2020/12/19 3:10 AM,31.4,96.0,30.4,31.4,,,30.45,,,,,,,,,,,,,
Greenhouse,Temp & Humidity Sensor,2020/12/19 3:15 AM,31.4,96.0,30.4,31.4,,,30.45,,,,,,,,,,,,,
Greenhouse,Temp & Humidity Sensor,2020/12/19 3:20 AM,31.6,96.0,30.6,31.6,,,30.45,,,,,,,,,,,,,
Greenhouse,Temp & Humidity Sensor,2020/12/19 3:25 AM,31.2,96.0,30.2,31.2,,,30.45,,,,,,,,,,,,,
Greenhouse,Temp & Humidity Sensor,2020/12/19 3:30 AM,31.2,96.0,30.2,31.2,,,30.45,,,,,,,,,,,,,
Greenhouse,Temp & Humidity Sensor,2020/12/19 3:35 AM,31.4,96.0,30.4,31.4,,,30.45,,,,,,,,,,,,,
Greenhouse,Temp & Humidity Sensor,2020/12/19 3:40 AM,31.4,96.0,30.4,31.4,,,30.45,,,,,,,,,,,,,
Greenhouse,Temp & Humidity Sensor,2020/12/19 3:45 AM,31.2,96.0,30.2,31.2,,,30.45,,,,,,,,,,,,,
Greenhouse,Temp & Humidity Sensor,2020/12/19 3:50 AM,31.2,96.0,30.2,31.2,,,30.45,,,,,,,,,,,,,
Greenhouse,Temp & Humidity Sensor,2020/12/19 3:55 AM,31.4,96.0,30.4,31.4,,,30.45,,,,,,,,,,,,,
Greenhouse,Temp & Humidity Sensor,2020/12/19 4:00 AM,31.4,96.0,30.4,31.4,,,30.46,,,,,,,,,,,,,
Greenhouse,Temp & Humidity Sensor,2020/12/19 4:05 AM,31.1,96.0,30.1,31.1,,,30.46,,,,,,,,,,,,,
Greenhouse,Temp & Humidity Sensor,2020/12/19 4:10 AM,31.1,96.0,30.1,31.1,,,30.45,,,,,,,,,,,,,
Greenhouse,Temp & Humidity Sensor,2020/12/19 4:15 AM,31.1,96.0,30.1,31.1,,,30.45,,,,,,,,,,,,,
Greenhouse,Temp & Humidity Sensor,2020/12/19 4:20 AM,31.1,96.0,30.1,31.1,,,30.45,,,,,,,,,,,,,
Greenhouse,Temp & Humidity Sensor,2020/12/19 4:25 AM,31.1,96.0,30.1,31.1,,,30.45,,,,,,,,,,,,,
Greenhouse,Temp & Humidity Sensor,2020/12/19 4:30 AM,30.9,96.0,29.9,30.9,,,30.44,,,,,,,,,,,,,
Greenhouse,Temp & Humidity Sensor,2020/12/19 4:35 AM,30.7,95.0,29.4,30.7,,,30.44,,,,,,,,,,,,,
Greenhouse,Temp & Humidity Sensor,2020/12/19 4:40 AM,30.7,95.0,29.4,30.7,,,30.45,,,,,,,,,,,,,
Greenhouse,Temp & Humidity Sensor,2020/12/19 4:45 AM,30.9,95.0,29.6,30.9,,,30.44,,,,,,,,,,,,,
Greenhouse,Temp & Humidity Sensor,2020/12/19 4:50 AM,30.9,95.0,29.6,30.9,,,30.44,,,,,,,,,,,,,
Greenhouse,Temp & Humidity Sensor,2020/12/19 4:55 AM,30.7,95.0,29.4,30.7,,,30.44,,,,,,,,,,,,,
Greenhouse,Temp & Humidity Sensor,2020/12/19 5:00 AM,30.7,95.0,29.4,30.7,,,30.44,,,,,,,,,,,,,
Greenhouse,Temp & Humidity Sensor,2020/12/19 5:05 AM,30.5,95.0,29.2,30.5,,,30.44,,,,,,,,,,,,,
Greenhouse,Temp & Humidity Sensor,2020/12/19 5:10 AM,30.5,95.0,29.2,30.5,,,30.44,,,,,,,,,,,,,
Greenhouse,Temp & Humidity Sensor,2020/12/19 5:15 AM,30.7,95.0,29.4,30.7,,,30.44,,,,,,,,,,,,,
Greenhouse,Temp & Humidity Sensor,2020/12/19 5:20 AM,30.3,96.0,29.3,30.3,,,30.45,,,,,,,,,,,,,
Greenhouse,Temp & Humidity Sensor,2020/12/19 5:25 AM,30.3,96.0,29.3,30.3,,,30.45,,,,,,,,,,,,,
Greenhouse,Temp & Humidity Sensor,2020/12/19 5:30 AM,30.3,96.0,29.3,30.3,,,30.45,,,,,,,,,,,,,
Greenhouse,Temp & Humidity Sensor,2020/12/19 5:35 AM,30.3,96.0,29.3,30.3,,,30.45,,,,,,,,,,,,,
Greenhouse,Temp & Humidity Sensor,2020/12/19 5:40 AM,30.3,95.0,29.0,30.3,,,30.45,,,,,,,,,,,,,
Greenhouse,Temp & Humidity Sensor,2020/12/19 5:45 AM,30.2,95.0,28.9,30.2,,,30.45,,,,,,,,,,,,,
Greenhouse,Temp & Humidity Sensor,2020/12/19 5:50 AM,30.2,95.0,28.9,30.2,,,30.45,,,,,,,,,,,,,
Greenhouse,Temp & Humidity Sensor,2020/12/19 5:55 AM,30.2,95.0,28.9,30.2,,,30.45,,,,,,,,,,,,,
Greenhouse,Temp & Humidity Sensor,2020/12/19 6:05 AM,30.2,95.0,28.9,30.2,,,30.45,,,,,,,,,,,,,
Greenhouse,Temp & Humidity Sensor,2020/12/19 6:10 AM,30.0,97.0,29.3,30.0,,,30.45,,,,,,,,,,,,,
Greenhouse,Temp & Humidity Sensor,2020/12/19 6:15 AM,29.8,97.0,29.1,29.8,,,30.45,,,,,,,,,,,,,
Greenhouse,Temp & Humidity Sensor,2020/12/19 6:20 AM,29.6,97.0,28.9,29.6,,,30.45,,,,,,,,,,,,,
Greenhouse,Temp & Humidity Sensor,2020/12/19 6:25 AM,29.8,97.0,29.1,29.8,,,30.45,,,,,,,,,,,,,
Greenhouse,Temp & Humidity Sensor,2020/12/19 6:30 AM,29.6,97.0,28.9,29.6,,,30.45,,,,,,,,,,,,,
Greenhouse,Temp & Humidity Sensor,2020/12/19 6:35 AM,29.8,97.0,29.1,29.8,,,30.45,,,,,,,,,,,,,
Greenhouse,Temp & Humidity Sensor,2020/12/19 6:40 AM,29.8,97.0,29.1,29.8,,,30.44,,,,,,,,,,,,,
Greenhouse,Temp & Humidity Sensor,2020/12/19 6:45 AM,30.0,97.0,29.3,30.0,,,30.45,,,,,,,,,,,,,
Greenhouse,Temp & Humidity Sensor,2020/12/19 6:50 AM,29.8,97.0,29.1,29.8,,,30.45,,,,,,,,,,,,,
Greenhouse,Temp & Humidity Sensor,2020/12/19 6:55 AM,30.0,97.0,29.3,30.0,,,30.45,,,,,,,,,,,,,
Greenhouse,Temp & Humidity Sensor,2020/12/19 7:00 AM,29.8,97.0,29.1,29.8,,,30.45,,,,,,,,,,,,,
Greenhouse,Temp & Humidity Sensor,2020/12/19 7:05 AM,29.8,97.0,29.1,29.8,,,30.45,,,,,,,,,,,,,
Greenhouse,Temp & Humidity Sensor,2020/12/19 7:10 AM,29.8,97.0,29.1,29.8,,,30.46,,,,,,,,,,,,,
Greenhouse,Temp & Humidity Sensor,2020/12/19 7:15 AM,30.0,97.0,29.3,30.0,,,30.46,,,,,,,,,,,,,
Greenhouse,Temp & Humidity Sensor,2020/12/19 7:20 AM,30.0,97.0,29.3,30.0,,,30.46,,,,,,,,,,,,,
Greenhouse,Temp & Humidity Sensor,2020/12/19 7:25 AM,30.0,97.0,29.3,30.0,,,30.46,,,,,,,,,,,,,
Greenhouse,Temp & Humidity Sensor,2020/12/19 7:30 AM,29.8,97.0,29.1,29.8,,,30.46,,,,,,,,,,,,,
Greenhouse,Temp & Humidity Sensor,2020/12/19 7:35 AM,30.0,97.0,29.3,30.0,,,30.46,,,,,,,,,,,,,
Greenhouse,Temp & Humidity Sensor,2020/12/19 7:40 AM,30.0,97.0,29.3,30.0,,,30.46,,,,,,,,,,,,,
Greenhouse,Temp & Humidity Sensor,2020/12/19 7:45 AM,30.0,97.0,29.3,30.0,,,30.46,,,,,,,,,,,,,
Greenhouse,Temp & Humidity Sensor,2020/12/19 7:50 AM,30.2,95.0,28.9,30.2,,,30.46,,,,,,,,,,,,,
Greenhouse,Temp & Humidity Sensor,2020/12/19 7:55 AM,30.2,95.0,28.9,30.2,,,30.46,,,,,,,,,,,,,
Greenhouse,Temp & Humidity Sensor,2020/12/19 8:00 AM,30.3,95.0,29.0,30.3,,,30.46,,,,,,,,,,,,,
Greenhouse,Temp & Humidity Sensor,2020/12/19 8:05 AM,30.5,95.0,29.2,30.5,,,30.46,,,,,,,,,,,,,
Greenhouse,Temp & Humidity Sensor,2020/12/19 8:10 AM,30.7,95.0,29.4,30.7,,,30.45,,,,,,,,,,,,,
Greenhouse,Temp & Humidity Sensor,2020/12/19 8:15 AM,30.9,95.0,29.6,30.9,,,30.46,,,,,,,,,,,,,
Greenhouse,Temp & Humidity Sensor,2020/12/19 8:20 AM,31.2,95.0,29.9,31.2,,,30.45,,,,,,,,,,,,,
Greenhouse,Temp & Humidity Sensor,2020/12/19 8:25 AM,31.4,95.0,30.1,31.4,,,30.45,,,,,,,,,,,,,
Greenhouse,Temp & Humidity Sensor,2020/12/19 8:30 AM,31.8,94.0,30.3,31.8,,,30.45,,,,,,,,,,,,,
Greenhouse,Temp & Humidity Sensor,2020/12/19 8:35 AM,32.0,92.0,29.9,32.0,,,30.46,,,,,,,,,,,,,
Greenhouse,Temp & Humidity Sensor,2020/12/19 8:40 AM,32.1,92.0,30.0,32.1,,,30.46,,,,,,,,,,,,,
Greenhouse,Temp & Humidity Sensor,2020/12/19 8:45 AM,32.7,92.0,30.6,32.7,,,30.46,,,,,,,,,,,,,
Greenhouse,Temp & Humidity Sensor,2020/12/19 8:50 AM,33.2,92.0,31.1,33.2,,,30.46,,,,,,,,,,,,,
Greenhouse,Temp & Humidity Sensor,2020/12/19 8:55 AM,33.6,92.0,31.5,33.6,,,30.46,,,,,,,,,,,,,
Greenhouse,Temp & Humidity Sensor,2020/12/19 9:00 AM,33.8,91.0,31.5,33.8,,,30.46,,,,,,,,,,,,,
Greenhouse,Temp & Humidity Sensor,2020/12/19 9:05 AM,33.8,91.0,31.5,33.8,,,30.46,,,,,,,,,,,,,
Greenhouse,Temp & Humidity Sensor,2020/12/19 9:10 AM,33.9,91.0,31.6,33.9,,,30.47,,,,,,,,,,,,,
Greenhouse,Temp & Humidity Sensor,2020/12/19 9:15 AM,34.5,91.0,32.1,34.5,,,30.46,,,,,,,,,,,,,
Greenhouse,Temp & Humidity Sensor,2020/12/19 9:20 AM,34.8,91.0,32.4,34.8,,,30.47,,,,,,,,,,,,,
Greenhouse,Temp & Humidity Sensor,2020/12/19 9:25 AM,35.7,91.0,33.3,35.7,,,30.46,,,,,,,,,,,,,
Greenhouse,Temp & Humidity Sensor,2020/12/19 9:30 AM,36.5,90.0,33.9,36.5,,,30.46,,,,,,,,,,,,,
Greenhouse,Temp & Humidity Sensor,2020/12/19 9:35 AM,36.5,90.0,33.9,36.5,,,30.47,,,,,,,,,,,,,
Greenhouse,Temp & Humidity Sensor,2020/12/19 9:40 AM,36.5,90.0,33.9,36.5,,,30.47,,,,,,,,,,,,,
Greenhouse,Temp & Humidity Sensor,2020/12/19 9:45 AM,37.0,90.0,34.3,37.0,,,30.47,,,,,,,,,,,,,
Greenhouse,Temp & Humidity Sensor,2020/12/19 9:50 AM,37.4,89.0,34.5,37.4,,,30.47,,,,,,,,,,,,,
Greenhouse,Temp & Humidity Sensor,2020/12/19 9:55 AM,37.4,89.0,34.5,37.4,,,30.47,,,,,,,,,,,,,
Greenhouse,Temp & Humidity Sensor,2020/12/19 10:00 AM,37.7,89.0,34.8,37.7,,,30.47,,,,,,,,,,,,,
Greenhouse,Temp & Humidity Sensor,2020/12/19 10:05 AM,38.4,89.0,35.4,38.4,,,30.47,,,,,,,,,,,,,
Greenhouse,Temp & Humidity Sensor,2020/12/19 10:10 AM,40.4,88.0,37.1,38.3,,,30.47,,,,,,,,,,,,,
Greenhouse,Temp & Humidity Sensor,2020/12/19 10:15 AM,41.1,87.0,37.5,39.0,,,30.47,,,,,,,,,,,,,
Greenhouse,Temp & Humidity Sensor,2020/12/19 10:20 AM,40.4,87.0,36.8,38.2,,,30.47,,,,,,,,,,,,,
Greenhouse,Temp & Humidity Sensor,2020/12/19 10:25 AM,41.0,87.0,37.4,38.9,,,30.46,,,,,,,,,,,,,
Greenhouse,Temp & Humidity Sensor,2020/12/19 10:30 AM,39.3,80.0,33.7,39.3,,,30.46,,,,,,,,,,,,,
Greenhouse,Temp & Humidity Sensor,2020/12/19 10:35 AM,39.3,82.0,34.3,39.3,,,30.46,,,,,,,,,,,,,
Greenhouse,Temp & Humidity Sensor,2020/12/19 10:40 AM,39.9,83.0,35.2,39.9,,,30.46,,,,,,,,,,,,,
Greenhouse,Temp & Humidity Sensor,2020/12/19 10:45 AM,41.0,82.0,35.9,38.7,,,30.46,,,,,,,,,,,,,
Greenhouse,Temp & Humidity Sensor,2020/12/19 10:50 AM,40.6,79.0,34.6,38.1,,,30.46,,,,,,,,,,,,,
Greenhouse,Temp & Humidity Sensor,2020/12/19 10:55 AM,42.2,79.0,36.2,39.8,,,30.46,,,,,,,,,,,,,
Greenhouse,Temp & Humidity Sensor,2020/12/19 11:00 AM,43.7,78.0,37.3,41.4,,,30.45,,,,,,,,,,,,,
Greenhouse,Temp & Humidity Sensor,2020/12/19 11:05 AM,43.8,76.0,36.7,41.5,,,30.45,,,,,,,,,,,,,
Greenhouse,Temp & Humidity Sensor,2020/12/19 11:10 AM,42.8,68.0,33.0,40.0,,,30.45,,,,,,,,,,,,,
Greenhouse,Temp & Humidity Sensor,2020/12/19 11:15 AM,42.6,68.0,32.8,39.8,,,30.45,,,,,,,,,,,,,
Greenhouse,Temp & Humidity Sensor,2020/12/19 11:20 AM,42.8,71.0,34.1,40.1,,,30.44,,,,,,,,,,,,,
Greenhouse,Temp & Humidity Sensor,2020/12/19 11:25 AM,43.5,70.0,34.4,40.8,,,30.44,,,,,,,,,,,,,
Greenhouse,Temp & Humidity Sensor,2020/12/19 11:30 AM,45.1,70.0,35.9,42.6,,,30.44,,,,,,,,,,,,,
Greenhouse,Temp & Humidity Sensor,2020/12/19 11:35 AM,45.1,63.0,33.3,42.3,,,30.44,,,,,,,,,,,,,
Greenhouse,Temp & Humidity Sensor,2020/12/19 11:40 AM,48.2,64.0,36.6,45.7,,,30.43,,,,,,,,,,,,,
Greenhouse,Temp & Humidity Sensor,2020/12/19 11:45 AM,47.6,62.0,35.2,45.0,,,30.43,,,,,,,,,,,,,
Greenhouse,Temp & Humidity Sensor,2020/12/19 11:50 AM,49.2,62.0,36.7,46.7,,,30.42,,,,,,,,,,,,,
Greenhouse,Temp & Humidity Sensor,2020/12/19 11:55 AM,48.7,57.0,34.2,45.9,,,30.42,,,,,,,,,,,,,
Greenhouse,Temp & Humidity Sensor,2020/12/19 12:00 PM,47.6,56.0,32.7,44.7,,,30.42,,,,,,,,,,,,,
Greenhouse,Temp & Humidity Sensor,2020/12/19 12:05 PM,47.1,54.0,31.3,44.0,,,30.42,,,,,,,,,,,,,
Greenhouse,Temp & Humidity Sensor,2020/12/19 12:10 PM,48.7,56.0,33.7,45.9,,,30.42,,,,,,,,,,,,,
Greenhouse,Temp & Humidity Sensor,2020/12/19 12:15 PM,47.4,54.0,31.6,44.4,,,30.41,,,,,,,,,,,,,
Greenhouse,Temp & Humidity Sensor,2020/12/19 12:20 PM,46.2,53.0,30.0,43.0,,,30.41,,,,,,,,,,,,,
Greenhouse,Temp & Humidity Sensor,2020/12/19 12:25 PM,47.4,54.0,31.6,44.4,,,30.41,,,,,,,,,,,,,
Greenhouse,Temp & Humidity Sensor,2020/12/19 12:30 PM,49.4,51.0,32.0,46.4,,,30.41,,,,,,,,,,,,,
Greenhouse,Temp & Humidity Sensor,2020/12/19 12:35 PM,51.6,47.0,32.0,48.7,,,30.41,,,,,,,,,,,,,
Greenhouse,Temp & Humidity Sensor,2020/12/19 12:40 PM,50.9,49.0,32.4,48.0,,,30.41,,,,,,,,,,,,,
Greenhouse,Temp & Humidity Sensor,2020/12/19 12:45 PM,51.0,47.0,31.5,48.0,,,30.41,,,,,,,,,,,,,
Greenhouse,Temp & Humidity Sensor,2020/12/19 12:50 PM,49.2,49.0,30.9,46.1,,,30.4,,,,,,,,,,,,,
Greenhouse,Temp & Humidity Sensor,2020/12/19 12:55 PM,49.4,50.0,31.5,46.4,,,30.4,,,,,,,,,,,,,
Greenhouse,Temp & Humidity Sensor,2020/12/19 1:00 PM,53.2,50.0,35.0,50.6,,,30.39,,,,,,,,,,,,,
Greenhouse,Temp & Humidity Sensor,2020/12/19 1:05 PM,50.3,49.0,31.9,47.3,,,30.39,,,,,,,,,,,,,
Greenhouse,Temp & Humidity Sensor,2020/12/19 1:10 PM,49.6,51.0,32.2,46.7,,,30.39,,,,,,,,,,,,,
Greenhouse,Temp & Humidity Sensor,2020/12/19 1:15 PM,48.5,51.0,31.2,45.4,,,30.39,,,,,,,,,,,,,
Greenhouse,Temp & Humidity Sensor,2020/12/19 1:20 PM,49.6,52.0,32.7,46.7,,,30.39,,,,,,,,,,,,,
Greenhouse,Temp & Humidity Sensor,2020/12/19 1:25 PM,49.1,51.0,31.8,46.1,,,30.38,,,,,,,,,,,,,
Greenhouse,Temp & Humidity Sensor,2020/12/19 1:30 PM,51.0,51.0,33.5,48.2,,,30.37,,,,,,,,,,,,,
Greenhouse,Temp & Humidity Sensor,2020/12/19 1:35 PM,51.6,49.0,33.1,48.8,,,30.37,,,,,,,,,,,,,
Greenhouse,Temp & Humidity Sensor,2020/12/19 1:40 PM,51.9,49.0,33.3,49.1,,,30.37,,,,,,,,,,,,,
Greenhouse,Temp & Humidity Sensor,2020/12/19 1:45 PM,50.1,48.0,31.2,47.1,,,30.37,,,,,,,,,,,,,
Greenhouse,Temp & Humidity Sensor,2020/12/19 1:50 PM,48.2,49.0,29.9,45.0,,,30.37,,,,,,,,,,,,,
Greenhouse,Temp & Humidity Sensor,2020/12/19 1:55 PM,48.5,50.0,30.7,45.4,,,30.37,,,,,,,,,,,,,
Greenhouse,Temp & Humidity Sensor,2020/12/19 2:00 PM,48.2,51.0,30.9,45.1,,,30.37,,,,,,,,,,,,,
Greenhouse,Temp & Humidity Sensor,2020/12/19 2:05 PM,52.5,50.0,34.4,49.8,,,30.37,,,,,,,,,,,,,
Greenhouse,Temp & Humidity Sensor,2020/12/19 2:10 PM,55.2,47.0,35.3,52.6,,,30.36,,,,,,,,,,,,,
Greenhouse,Temp & Humidity Sensor,2020/12/19 2:15 PM,53.7,49.0,35.0,51.1,,,30.36,,,,,,,,,,,,,
Greenhouse,Temp & Humidity Sensor,2020/12/19 2:20 PM,52.5,49.0,33.9,49.8,,,30.36,,,,,,,,,,,,,
Greenhouse,Temp & Humidity Sensor,2020/12/19 2:25 PM,50.0,50.0,32.1,47.1,,,30.35,,,,,,,,,,,,,
Greenhouse,Temp & Humidity Sensor,2020/12/19 2:30 PM,50.1,50.0,32.2,47.2,,,30.35,,,,,,,,,,,,,
Greenhouse,Temp & Humidity Sensor,2020/12/19 2:35 PM,51.8,50.0,33.8,49.0,,,30.35,,,,,,,,,,,,,
Greenhouse,Temp & Humidity Sensor,2020/12/19 2:40 PM,52.1,50.0,34.0,49.4,,,30.35,,,,,,,,,,,,,
Greenhouse,Temp & Humidity Sensor,2020/12/19 2:45 PM,50.3,50.0,32.4,47.4,,,30.34,,,,,,,,,,,,,
Greenhouse,Temp & Humidity Sensor,2020/12/19 2:50 PM,49.2,51.0,31.9,46.2,,,30.35,,,,,,,,,,,,,
Greenhouse,Temp & Humidity Sensor,2020/12/19 2:55 PM,48.7,50.0,30.9,45.6,,,30.35,,,,,,,,,,,,,
Greenhouse,Temp & Humidity Sensor,2020/12/19 3:00 PM,49.6,51.0,32.2,46.7,,,30.35,,,,,,,,,,,,,
Greenhouse,Temp & Humidity Sensor,2020/12/19 3:05 PM,52.3,51.0,34.7,49.6,,,30.35,,,,,,,,,,,,,
Greenhouse,Temp & Humidity Sensor,2020/12/19 3:10 PM,50.3,50.0,32.4,47.4,,,30.34,,,,,,,,,,,,,
Greenhouse,Temp & Humidity Sensor,2020/12/19 3:15 PM,49.4,51.0,32.0,46.4,,,30.35,,,,,,,,,,,,,
Greenhouse,Temp & Humidity Sensor,2020/12/19 3:20 PM,47.6,51.0,30.4,44.5,,,30.34,,,,,,,,,,,,,
Greenhouse,Temp & Humidity Sensor,2020/12/19 3:25 PM,46.9,52.0,30.2,43.7,,,30.34,,,,,,,,,,,,,
Greenhouse,Temp & Humidity Sensor,2020/12/19 3:30 PM,46.9,52.0,30.2,43.7,,,30.34,,,,,,,,,,,,,
Greenhouse,Temp & Humidity Sensor,2020/12/19 3:35 PM,47.3,53.0,31.0,44.2,,,30.34,,,,,,,,,,,,,
Greenhouse,Temp & Humidity Sensor,2020/12/19 3:40 PM,47.3,52.0,30.6,44.2,,,30.34,,,,,,,,,,,,,
Greenhouse,Temp & Humidity Sensor,2020/12/19 3:45 PM,47.1,53.0,30.9,44.0,,,30.34,,,,,,,,,,,,,
Greenhouse,Temp & Humidity Sensor,2020/12/19 3:50 PM,46.9,52.0,30.2,43.7,,,30.34,,,,,,,,,,,,,
Greenhouse,Temp & Humidity Sensor,2020/12/19 3:55 PM,46.4,53.0,30.2,43.2,,,30.35,,,,,,,,,,,,,
Greenhouse,Temp & Humidity Sensor,2020/12/19 4:00 PM,45.8,54.0,30.1,42.6,,,30.35,,,,,,,,,,,,,
Greenhouse,Temp & Humidity Sensor,2020/12/19 4:05 PM,45.6,54.0,29.9,42.4,,,30.35,,,,,,,,,,,,,
Greenhouse,Temp & Humidity Sensor,2020/12/19 4:10 PM,45.3,55.0,30.1,42.1,,,30.34,,,,,,,,,,,,,
Greenhouse,Temp & Humidity Sensor,2020/12/19 4:15 PM,44.9,55.0,29.7,41.7,,,30.34,,,,,,,,,,,,,
Greenhouse,Temp & Humidity Sensor,2020/12/19 4:20 PM,44.6,55.0,29.4,41.3,,,30.34,,,,,,,,,,,,,
Greenhouse,Temp & Humidity Sensor,2020/12/19 4:25 PM,44.4,56.0,29.7,41.2,,,30.34,,,,,,,,,,,,,
Greenhouse,Temp & Humidity Sensor,2020/12/19 4:30 PM,44.0,57.0,29.8,40.8,,,30.34,,,,,,,,,,,,,
Greenhouse,Temp & Humidity Sensor,2020/12/19 4:35 PM,43.7,57.0,29.5,40.4,,,30.34,,,,,,,,,,,,,
Greenhouse,Temp & Humidity Sensor,2020/12/19 4:40 PM,43.1,58.0,29.3,39.8,,,30.34,,,,,,,,,,,,,
Greenhouse,Temp & Humidity Sensor,2020/12/19 4:45 PM,42.8,58.0,29.1,39.5,,,30.34,,,,,,,,,,,,,
Greenhouse,Temp & Humidity Sensor,2020/12/19 4:50 PM,42.4,60.0,29.5,39.2,,,30.34,,,,,,,,,,,,,
Greenhouse,Temp & Humidity Sensor,2020/12/19 4:55 PM,41.9,60.0,29.0,38.6,,,30.34,,,,,,,,,,,,,
Greenhouse,Temp & Humidity Sensor,2020/12/19 5:00 PM,41.3,60.0,28.5,37.9,,,30.34,,,,,,,,,,,,,
Greenhouse,Temp & Humidity Sensor,2020/12/19 5:05 PM,41.1,61.0,28.7,37.8,,,30.33,,,,,,,,,,,,,
Greenhouse,Temp & Humidity Sensor,2020/12/19 5:10 PM,40.6,61.0,28.2,37.2,,,30.33,,,,,,,,,,,,,
Greenhouse,Temp & Humidity Sensor,2020/12/19 5:20 PM,39.9,63.0,28.3,39.9,,,30.33,,,,,,,,,,,,,
Greenhouse,Temp & Humidity Sensor,2020/12/19 5:25 PM,39.3,63.0,27.8,39.3,,,30.33,,,,,,,,,,,,,
Greenhouse,Temp & Humidity Sensor,2020/12/19 5:30 PM,39.0,64.0,27.9,39.0,,,30.33,,,,,,,,,,,,,
Greenhouse,Temp & Humidity Sensor,2020/12/19 5:35 PM,39.0,65.0,28.2,39.0,,,30.32,,,,,,,,,,,,,
Greenhouse,Temp & Humidity Sensor,2020/12/19 5:40 PM,38.6,65.0,27.9,38.6,,,30.33,,,,,,,,,,,,,
Greenhouse,Temp & Humidity Sensor,2020/12/19 5:45 PM,38.4,66.0,28.0,38.4,,,30.32,,,,,,,,,,,,,
Greenhouse,Temp & Humidity Sensor,2020/12/19 5:50 PM,38.1,66.0,27.8,38.1,,,30.32,,,,,,,,,,,,,
Greenhouse,Temp & Humidity Sensor,2020/12/19 5:55 PM,38.1,70.0,29.2,38.1,,,30.32,,,,,,,,,,,,,
Greenhouse,Temp & Humidity Sensor,2020/12/19 6:00 PM,37.9,69.0,28.7,37.9,,,30.32,,,,,,,,,,,,,
Greenhouse,Temp & Humidity Sensor,2020/12/19 6:05 PM,37.7,69.0,28.5,37.7,,,30.32,,,,,,,,,,,,,
Greenhouse,Temp & Humidity Sensor,2020/12/19 6:10 PM,37.7,71.0,29.2,37.7,,,30.31,,,,,,,,,,,,,
Greenhouse,Temp & Humidity Sensor,2020/12/19 6:15 PM,37.7,73.0,29.8,37.7,,,30.32,,,,,,,,,,,,,
Greenhouse,Temp & Humidity Sensor,2020/12/19 6:20 PM,37.4,72.0,29.2,37.4,,,30.32,,,,,,,,,,,,,
Greenhouse,Temp & Humidity Sensor,2020/12/19 6:25 PM,37.0,72.0,28.8,37.0,,,30.32,,,,,,,,,,,,,
Greenhouse,Temp & Humidity Sensor,2020/12/19 6:30 PM,36.8,72.0,28.6,36.8,,,30.32,,,,,,,,,,,,,
Greenhouse,Temp & Humidity Sensor,2020/12/19 6:35 PM,37.0,73.0,29.2,37.0,,,30.31,,,,,,,,,,,,,
Greenhouse,Temp & Humidity Sensor,2020/12/19 6:40 PM,37.0,73.0,29.2,37.0,,,30.32,,,,,,,,,,,,,
Greenhouse,Temp & Humidity Sensor,2020/12/19 6:45 PM,36.5,73.0,28.7,36.5,,,30.32,,,,,,,,,,,,,
Greenhouse,Temp & Humidity Sensor,2020/12/19 6:50 PM,36.3,73.0,28.5,36.3,,,30.31,,,,,,,,,,,,,
Greenhouse,Temp & Humidity Sensor,2020/12/19 6:55 PM,36.3,74.0,28.8,36.3,,,30.32,,,,,,,,,,,,,
Greenhouse,Temp & Humidity Sensor,2020/12/19 7:00 PM,36.1,76.0,29.3,36.1,,,30.32,,,,,,,,,,,,,
Greenhouse,Temp & Humidity Sensor,2020/12/19 7:05 PM,36.3,76.0,29.5,36.3,,,30.31,,,,,,,,,,,,,
Greenhouse,Temp & Humidity Sensor,2020/12/19 7:10 PM,36.5,79.0,30.6,36.5,,,30.32,,,,,,,,,,,,,
Greenhouse,Temp & Humidity Sensor,2020/12/19 7:15 PM,36.5,79.0,30.6,36.5,,,30.32,,,,,,,,,,,,,
Greenhouse,Temp & Humidity Sensor,2020/12/19 7:20 PM,36.6,83.0,31.9,36.6,,,30.32,,,,,,,,,,,,,
Greenhouse,Temp & Humidity Sensor,2020/12/19 7:25 PM,36.5,83.0,31.8,36.5,,,30.32,,,,,,,,,,,,,
Greenhouse,Temp & Humidity Sensor,2020/12/19 7:30 PM,36.3,84.0,31.9,36.3,,,30.32,,,,,,,,,,,,,
Greenhouse,Temp & Humidity Sensor,2020/12/19 7:35 PM,35.6,83.0,31.0,35.6,,,30.32,,,,,,,,,,,,,
Greenhouse,Temp & Humidity Sensor,2020/12/19 7:40 PM,35.4,82.0,30.5,35.4,,,30.32,,,,,,,,,,,,,
Greenhouse,Temp & Humidity Sensor,2020/12/19 7:45 PM,35.2,82.0,30.3,35.2,,,30.32,,,,,,,,,,,,,
Greenhouse,Temp & Humidity Sensor,2020/12/19 7:50 PM,35.6,83.0,31.0,35.6,,,30.32,,,,,,,,,,,,,
Greenhouse,Temp & Humidity Sensor,2020/12/19 7:55 PM,35.4,85.0,31.3,35.4,,,30.33,,,,,,,,,,,,,
Greenhouse,Temp & Humidity Sensor,2020/12/19 8:00 PM,34.8,84.0,30.5,34.8,,,30.33,,,,,,,,,,,,,
Greenhouse,Temp & Humidity Sensor,2020/12/19 8:05 PM,34.5,83.0,29.9,34.5,,,30.33,,,,,,,,,,,,,
Greenhouse,Temp & Humidity Sensor,2020/12/19 8:10 PM,34.7,83.0,30.1,34.7,,,30.32,,,,,,,,,,,,,
Greenhouse,Temp & Humidity Sensor,2020/12/19 8:15 PM,35.2,85.0,31.2,35.2,,,30.32,,,,,,,,,,,,,
Greenhouse,Temp & Humidity Sensor,2020/12/19 8:20 PM,35.2,86.0,31.4,35.2,,,30.32,,,,,,,,,,,,,
Greenhouse,Temp & Humidity Sensor,2020/12/19 8:25 PM,35.2,85.0,31.2,35.2,,,30.32,,,,,,,,,,,,,
Greenhouse,Temp & Humidity Sensor,2020/12/19 8:30 PM,35.2,85.0,31.2,35.2,,,30.31,,,,,,,,,,,,,
Greenhouse,Temp & Humidity Sensor,2020/12/19 8:35 PM,35.2,84.0,30.9,35.2,,,30.31,,,,,,,,,,,,,
Greenhouse,Temp & Humidity Sensor,2020/12/19 8:40 PM,34.8,83.0,30.2,34.8,,,30.31,,,,,,,,,,,,,
Greenhouse,Temp & Humidity Sensor,2020/12/19 8:45 PM,35.2,85.0,31.2,35.2,,,30.31,,,,,,,,,,,,,
Greenhouse,Temp & Humidity Sensor,2020/12/19 8:50 PM,35.4,86.0,31.6,35.4,,,30.31,,,,,,,,,,,,,
Greenhouse,Temp & Humidity Sensor,2020/12/19 8:55 PM,34.8,86.0,31.0,34.8,,,30.31,,,,,,,,,,,,,
Greenhouse,Temp & Humidity Sensor,2020/12/19 9:00 PM,34.7,85.0,30.7,34.7,,,30.31,,,,,,,,,,,,,
Greenhouse,Temp & Humidity Sensor,2020/12/19 9:05 PM,34.5,85.0,30.5,34.5,,,30.3,,,,,,,,,,,,,
Greenhouse,Temp & Humidity Sensor,2020/12/19 9:10 PM,34.8,85.0,30.8,34.8,,,30.3,,,,,,,,,,,,,
Greenhouse,Temp & Humidity Sensor,2020/12/19 9:15 PM,35.4,87.0,31.9,35.4,,,30.3,,,,,,,,,,,,,
Greenhouse,Temp & Humidity Sensor,2020/12/19 9:20 PM,35.2,87.0,31.7,35.2,,,30.3,,,,,,,,,,,,,
Greenhouse,Temp & Humidity Sensor,2020/12/19 9:25 PM,35.2,86.0,31.4,35.2,,,30.3,,,,,,,,,,,,,
Greenhouse,Temp & Humidity Sensor,2020/12/19 9:30 PM,35.2,86.0,31.4,35.2,,,30.29,,,,,,,,,,,,,
Greenhouse,Temp & Humidity Sensor,2020/12/19 9:35 PM,35.6,87.0,32.1,35.6,,,30.29,,,,,,,,,,,,,
Greenhouse,Temp & Humidity Sensor,2020/12/19 9:40 PM,35.9,88.0,32.7,35.9,,,30.29,,,,,,,,,,,,,
Greenhouse,Temp & Humidity Sensor,2020/12/19 9:45 PM,35.7,88.0,32.5,35.7,,,30.29,,,,,,,,,,,,,
Greenhouse,Temp & Humidity Sensor,2020/12/19 9:50 PM,35.9,88.0,32.7,35.9,,,30.29,,,,,,,,,,,,,
Greenhouse,Temp & Humidity Sensor,2020/12/19 9:55 PM,35.9,87.0,32.4,35.9,,,30.3,,,,,,,,,,,,,
Greenhouse,Temp & Humidity Sensor,2020/12/19 10:00 PM,35.9,87.0,32.4,35.9,,,30.3,,,,,,,,,,,,,
Greenhouse,Temp & Humidity Sensor,2020/12/19 10:05 PM,36.3,88.0,33.1,36.3,,,30.3,,,,,,,,,,,,,
Greenhouse,Temp & Humidity Sensor,2020/12/19 10:10 PM,36.1,88.0,32.9,36.1,,,30.3,,,,,,,,,,,,,
Greenhouse,Temp & Humidity Sensor,2020/12/19 10:15 PM,35.9,88.0,32.7,35.9,,,30.28,,,,,,,,,,,,,
Greenhouse,Temp & Humidity Sensor,2020/12/19 10:20 PM,36.1,89.0,33.2,36.1,,,30.29,,,,,,,,,,,,,
Greenhouse,Temp & Humidity Sensor,2020/12/19 10:25 PM,35.9,90.0,33.3,35.9,,,30.29,,,,,,,,,,,,,
Greenhouse,Temp & Humidity Sensor,2020/12/19 10:30 PM,35.6,89.0,32.7,35.6,,,30.29,,,,,,,,,,,,,
Greenhouse,Temp & Humidity Sensor,2020/12/19 10:35 PM,35.4,89.0,32.5,35.4,,,30.28,,,,,,,,,,,,,
Greenhouse,Temp & Humidity Sensor,2020/12/19 10:40 PM,35.4,89.0,32.5,35.4,,,30.28,,,,,,,,,,,,,
Greenhouse,Temp & Humidity Sensor,2020/12/19 10:45 PM,35.0,88.0,31.8,35.0,,,30.29,,,,,,,,,,,,,
Greenhouse,Temp & Humidity Sensor,2020/12/19 10:50 PM,35.4,88.0,32.2,35.4,,,30.28,,,,,,,,,,,,,
Greenhouse,Temp & Humidity Sensor,2020/12/19 10:55 PM,35.6,89.0,32.7,35.6,,,30.29,,,,,,,,,,,,,
Greenhouse,Temp & Humidity Sensor,2020/12/19 11:00 PM,35.6,90.0,33.0,35.6,,,30.29,,,,,,,,,,,,,
Greenhouse,Temp & Humidity Sensor,2020/12/19 11:05 PM,35.6,91.0,33.2,35.6,,,30.29,,,,,,,,,,,,,
Greenhouse,Temp & Humidity Sensor,2020/12/19 11:10 PM,35.4,91.0,33.0,35.4,,,30.29,,,,,,,,,,,,,
Greenhouse,Temp & Humidity Sensor,2020/12/19 11:15 PM,35.6,91.0,33.2,35.6,,,30.28,,,,,,,,,,,,,
Greenhouse,Temp & Humidity Sensor,2020/12/19 11:20 PM,35.4,92.0,33.3,35.4,,,30.28,,,,,,,,,,,,,
Greenhouse,Temp & Humidity Sensor,2020/12/19 11:25 PM,35.6,91.0,33.2,35.6,,,30.29,,,,,,,,,,,,,
Greenhouse,Temp & Humidity Sensor,2020/12/19 11:30 PM,35.7,92.0,33.6,35.7,,,30.29,,,,,,,,,,,,,
Greenhouse,Temp & Humidity Sensor,2020/12/19 11:35 PM,36.1,93.0,34.3,36.1,,,30.28,,,,,,,,,,,,,
Greenhouse,Temp & Humidity Sensor,2020/12/19 11:40 PM,36.1,92.0,34.0,36.1,,,30.29,,,,,,,,,,,,,
Greenhouse,Temp & Humidity Sensor,2020/12/19 11:45 PM,36.1,92.0,34.0,36.1,,,30.28,,,,,,,,,,,,,
Greenhouse,Temp & Humidity Sensor,2020/12/19 11:50 PM,35.9,91.0,33.5,35.9,,,30.28,,,,,,,,,,,,,
Greenhouse,Temp & Humidity Sensor,2020/12/19 11:55 PM,35.7,91.0,33.3,35.7,,,30.28,,,,,,,,,,,,,
Greenhouse,Temp & Humidity Sensor,2020/12/20 12:00 AM,35.9,91.0,33.5,35.9,,,30.27,,,,,,,,,,,,,
Greenhouse,Temp & Humidity Sensor,2020/12/20 12:05 AM,36.3,91.0,33.9,36.3,,,30.28,,,,,,,,,,,,,
Greenhouse,Temp & Humidity Sensor,2020/12/20 12:10 AM,36.3,91.0,33.9,36.3,,,30.28,,,,,,,,,,,,,
Greenhouse,Temp & Humidity Sensor,2020/12/20 12:15 AM,36.1,91.0,33.7,36.1,,,30.28,,,,,,,,,,,,,
Greenhouse,Temp & Humidity Sensor,2020/12/20 12:20 AM,36.1,91.0,33.7,36.1,,,30.28,,,,,,,,,,,,,
Greenhouse,Temp & Humidity Sensor,2020/12/20 12:25 AM,36.1,91.0,33.7,36.1,,,30.27,,,,,,,,,,,,,
Greenhouse,Temp & Humidity Sensor,2020/12/20 12:30 AM,35.9,91.0,33.5,35.9,,,30.26,,,,,,,,,,,,,
Greenhouse,Temp & Humidity Sensor,2020/12/20 12:35 AM,35.9,90.0,33.3,35.9,,,30.26,,,,,,,,,,,,,
Greenhouse,Temp & Humidity Sensor,2020/12/20 12:40 AM,35.9,90.0,33.3,35.9,,,30.25,,,,,,,,,,,,,
Greenhouse,Temp & Humidity Sensor,2020/12/20 12:45 AM,36.1,90.0,33.5,36.1,,,30.25,,,,,,,,,,,,,
Greenhouse,Temp & Humidity Sensor,2020/12/20 12:50 AM,36.1,90.0,33.5,36.1,,,30.25,,,,,,,,,,,,,
Greenhouse,Temp & Humidity Sensor,2020/12/20 12:55 AM,36.1,90.0,33.5,36.1,,,30.25,,,,,,,,,,,,,
Greenhouse,Temp & Humidity Sensor,2020/12/20 1:00 AM,36.1,89.0,33.2,36.1,,,30.24,,,,,,,,,,,,,
Greenhouse,Temp & Humidity Sensor,2020/12/20 1:05 AM,36.1,89.0,33.2,36.1,,,30.24,,,,,,,,,,,,,
Greenhouse,Temp & Humidity Sensor,2020/12/20 1:10 AM,36.1,89.0,33.2,36.1,,,30.24,,,,,,,,,,,,,
Greenhouse,Temp & Humidity Sensor,2020/12/20 1:15 AM,36.6,91.0,34.2,36.6,,,30.25,,,,,,,,,,,,,
Greenhouse,Temp & Humidity Sensor,2020/12/20 1:20 AM,36.8,92.0,34.7,36.8,,,30.25,,,,,,,,,,,,,
Greenhouse,Temp & Humidity Sensor,2020/12/20 1:25 AM,36.8,92.0,34.7,36.8,,,30.25,,,,,,,,,,,,,
Greenhouse,Temp & Humidity Sensor,2020/12/20 1:30 AM,37.2,92.0,35.1,37.2,,,30.25,,,,,,,,,,,,,
Greenhouse,Temp & Humidity Sensor,2020/12/20 1:35 AM,37.4,92.0,35.3,37.4,,,30.25,,,,,,,,,,,,,
Greenhouse,Temp & Humidity Sensor,2020/12/20 1:40 AM,37.4,91.0,35.0,37.4,,,30.25,,,,,,,,,,,,,
Greenhouse,Temp & Humidity Sensor,2020/12/20 1:45 AM,37.4,91.0,35.0,37.4,,,30.24,,,,,,,,,,,,,
Greenhouse,Temp & Humidity Sensor,2020/12/20 1:50 AM,37.2,91.0,34.8,37.2,,,30.25,,,,,,,,,,,,,
Greenhouse,Temp & Humidity Sensor,2020/12/20 1:55 AM,37.2,91.0,34.8,37.2,,,30.24,,,,,,,,,,,,,
Greenhouse,Temp & Humidity Sensor,2020/12/20 2:00 AM,37.2,90.0,34.5,37.2,,,30.24,,,,,,,,,,,,,
Greenhouse,Temp & Humidity Sensor,2020/12/20 2:05 AM,37.2,90.0,34.5,37.2,,,30.24,,,,,,,,,,,,,
Greenhouse,Temp & Humidity Sensor,2020/12/20 2:10 AM,37.2,90.0,34.5,37.2,,,30.24,,,,,,,,,,,,,
Greenhouse,Temp & Humidity Sensor,2020/12/20 2:15 AM,37.2,90.0,34.5,37.2,,,30.23,,,,,,,,,,,,,
Greenhouse,Temp & Humidity Sensor,2020/12/20 2:20 AM,37.2,90.0,34.5,37.2,,,30.24,,,,,,,,,,,,,
Greenhouse,Temp & Humidity Sensor,2020/12/20 2:25 AM,37.2,89.0,34.3,37.2,,,30.23,,,,,,,,,,,,,
Greenhouse,Temp & Humidity Sensor,2020/12/20 2:30 AM,37.4,89.0,34.5,37.4,,,30.23,,,,,,,,,,,,,
Greenhouse,Temp & Humidity Sensor,2020/12/20 2:35 AM,37.4,89.0,34.5,37.4,,,30.23,,,,,,,,,,,,,
Greenhouse,Temp & Humidity Sensor,2020/12/20 2:40 AM,37.4,89.0,34.5,37.4,,,30.23,,,,,,,,,,,,,
Greenhouse,Temp & Humidity Sensor,2020/12/20 2:45 AM,37.5,89.0,34.6,37.5,,,30.23,,,,,,,,,,,,,
Greenhouse,Temp & Humidity Sensor,2020/12/20 2:50 AM,37.7,89.0,34.8,37.7,,,30.23,,,,,,,,,,,,,
Greenhouse,Temp & Humidity Sensor,2020/12/20 2:55 AM,37.7,90.0,35.0,37.7,,,30.22,,,,,,,,,,,,,
Greenhouse,Temp & Humidity Sensor,2020/12/20 3:00 AM,37.7,89.0,34.8,37.7,,,30.22,,,,,,,,,,,,,
Greenhouse,Temp & Humidity Sensor,2020/12/20 3:05 AM,37.7,89.0,34.8,37.7,,,30.22,,,,,,,,,,,,,
Greenhouse,Temp & Humidity Sensor,2020/12/20 3:10 AM,37.9,89.0,35.0,37.9,,,30.21,,,,,,,,,,,,,
Greenhouse,Temp & Humidity Sensor,2020/12/20 3:15 AM,37.9,89.0,35.0,37.9,,,30.21,,,,,,,,,,,,,
Greenhouse,Temp & Humidity Sensor,2020/12/20 3:20 AM,38.3,89.0,35.3,38.3,,,30.22,,,,,,,,,,,,,
Greenhouse,Temp & Humidity Sensor,2020/12/20 3:25 AM,38.6,90.0,35.9,38.6,,,30.22,,,,,,,,,,,,,
Greenhouse,Temp & Humidity Sensor,2020/12/20 3:30 AM,38.6,90.0,35.9,38.6,,,30.21,,,,,,,,,,,,,
Greenhouse,Temp & Humidity Sensor,2020/12/20 3:35 AM,38.8,90.0,36.1,38.8,,,30.21,,,,,,,,,,,,,
Greenhouse,Temp & Humidity Sensor,2020/12/20 3:40 AM,39.0,89.0,36.0,39.0,,,30.21,,,,,,,,,,,,,
Greenhouse,Temp & Humidity Sensor,2020/12/20 3:45 AM,39.2,89.0,36.2,39.2,,,30.2,,,,,,,,,,,,,
Greenhouse,Temp & Humidity Sensor,2020/12/20 3:50 AM,39.2,89.0,36.2,39.2,,,30.2,,,,,,,,,,,,,
Greenhouse,Temp & Humidity Sensor,2020/12/20 3:55 AM,39.2,89.0,36.2,39.2,,,30.21,,,,,,,,,,,,,
Greenhouse,Temp & Humidity Sensor,2020/12/20 4:00 AM,39.2,88.0,35.9,39.2,,,30.2,,,,,,,,,,,,,
Greenhouse,Temp & Humidity Sensor,2020/12/20 4:05 AM,39.2,88.0,35.9,39.2,,,30.2,,,,,,,,,,,,,
Greenhouse,Temp & Humidity Sensor,2020/12/20 4:10 AM,39.2,88.0,35.9,39.2,,,30.2,,,,,,,,,,,,,
Greenhouse,Temp & Humidity Sensor,2020/12/20 4:15 AM,39.3,88.0,36.0,39.3,,,30.19,,,,,,,,,,,,,
Greenhouse,Temp & Humidity Sensor,2020/12/20 4:20 AM,39.2,88.0,35.9,39.2,,,30.19,,,,,,,,,,,,,
Greenhouse,Temp & Humidity Sensor,2020/12/20 4:25 AM,39.2,88.0,35.9,39.2,,,30.19,,,,,,,,,,,,,
Greenhouse,Temp & Humidity Sensor,2020/12/20 4:30 AM,39.3,88.0,36.0,39.3,,,30.19,,,,,,,,,,,,,
Greenhouse,Temp & Humidity Sensor,2020/12/20 4:35 AM,39.3,88.0,36.0,39.3,,,30.18,,,,,,,,,,,,,
Greenhouse,Temp & Humidity Sensor,2020/12/20 4:40 AM,39.3,88.0,36.0,39.3,,,30.18,,,,,,,,,,,,,
Greenhouse,Temp & Humidity Sensor,2020/12/20 4:45 AM,39.2,88.0,35.9,39.2,,,30.17,,,,,,,,,,,,,
Greenhouse,Temp & Humidity Sensor,2020/12/20 4:50 AM,39.0,88.0,35.8,39.0,,,30.17,,,,,,,,,,,,,
Greenhouse,Temp & Humidity Sensor,2020/12/20 4:55 AM,39.3,88.0,36.0,39.3,,,30.17,,,,,,,,,,,,,
Greenhouse,Temp & Humidity Sensor,2020/12/20 5:00 AM,39.9,89.0,36.9,39.9,,,30.17,,,,,,,,,,,,,
Greenhouse,Temp & Humidity Sensor,2020/12/20 5:05 AM,40.2,90.0,37.5,38.2,,,30.17,,,,,,,,,,,,,
Greenhouse,Temp & Humidity Sensor,2020/12/20 5:10 AM,40.2,90.0,37.5,38.2,,,30.18,,,,,,,,,,,,,
Greenhouse,Temp & Humidity Sensor,2020/12/20 5:15 AM,40.4,89.0,37.4,38.3,,,30.18,,,,,,,,,,,,,
Greenhouse,Temp & Humidity Sensor,2020/12/20 5:20 AM,40.4,89.0,37.4,38.3,,,30.17,,,,,,,,,,,,,
Greenhouse,Temp & Humidity Sensor,2020/12/20 5:25 AM,40.6,89.0,37.6,38.5,,,30.17,,,,,,,,,,,,,
Greenhouse,Temp & Humidity Sensor,2020/12/20 5:30 AM,40.8,90.0,38.1,38.8,,,30.17,,,,,,,,,,,,,
Greenhouse,Temp & Humidity Sensor,2020/12/20 5:35 AM,40.6,90.0,37.9,38.6,,,30.17,,,,,,,,,,,,,
Greenhouse,Temp & Humidity Sensor,2020/12/20 5:40 AM,40.4,89.0,37.4,38.3,,,30.16,,,,,,,,,,,,,
Greenhouse,Temp & Humidity Sensor,2020/12/20 5:45 AM,40.6,89.0,37.6,38.5,,,30.16,,,,,,,,,,,,,
Greenhouse,Temp & Humidity Sensor,2020/12/20 5:50 AM,40.6,89.0,37.6,38.5,,,30.16,,,,,,,,,,,,,
Greenhouse,Temp & Humidity Sensor,2020/12/20 5:55 AM,40.8,89.0,37.8,38.8,,,30.16,,,,,,,,,,,,,
Greenhouse,Temp & Humidity Sensor,2020/12/20 6:00 AM,41.5,91.0,39.1,39.6,,,30.17,,,,,,,,,,,,,
Greenhouse,Temp & Humidity Sensor,2020/12/20 6:05 AM,41.7,93.0,39.8,39.9,,,30.19,,,,,,,,,,,,,
Greenhouse,Temp & Humidity Sensor,2020/12/20 6:10 AM,41.9,93.0,40.0,40.2,,,30.19,,,,,,,,,,,,,
Greenhouse,Temp & Humidity Sensor,2020/12/20 6:15 AM,42.0,93.0,40.1,40.3,,,30.2,,,,,,,,,,,,,
Greenhouse,Temp & Humidity Sensor,2020/12/20 6:20 AM,42.2,93.0,40.3,40.5,,,30.2,,,,,,,,,,,,,
Greenhouse,Temp & Humidity Sensor,2020/12/20 6:25 AM,42.2,94.0,40.6,40.5,,,30.21,,,,,,,,,,,,,
Greenhouse,Temp & Humidity Sensor,2020/12/20 6:30 AM,42.2,93.0,40.3,40.5,,,30.2,,,,,,,,,,,,,
Greenhouse,Temp & Humidity Sensor,2020/12/20 6:35 AM,42.4,93.0,40.5,40.7,,,30.2,,,,,,,,,,,,,
Greenhouse,Temp & Humidity Sensor,2020/12/20 6:40 AM,42.4,93.0,40.5,40.7,,,30.21,,,,,,,,,,,,,
Greenhouse,Temp & Humidity Sensor,2020/12/20 6:45 AM,42.4,93.0,40.5,40.7,,,30.21,,,,,,,,,,,,,
Greenhouse,Temp & Humidity Sensor,2020/12/20 6:50 AM,42.6,93.0,40.7,40.9,,,30.2,,,,,,,,,,,,,
Greenhouse,Temp & Humidity Sensor,2020/12/20 6:55 AM,42.8,93.0,40.9,41.2,,,30.2,,,,,,,,,,,,,
Greenhouse,Temp & Humidity Sensor,2020/12/20 7:00 AM,42.8,93.0,40.9,41.2,,,30.21,,,,,,,,,,,,,
Greenhouse,Temp & Humidity Sensor,2020/12/20 7:05 AM,42.8,93.0,40.9,41.2,,,30.21,,,,,,,,,,,,,
Greenhouse,Temp & Humidity Sensor,2020/12/20 7:10 AM,42.8,93.0,40.9,41.2,,,30.21,,,,,,,,,,,,,
Greenhouse,Temp & Humidity Sensor,2020/12/20 7:15 AM,42.8,92.0,40.6,41.1,,,30.21,,,,,,,,,,,,,
Greenhouse,Temp & Humidity Sensor,2020/12/20 7:20 AM,42.8,92.0,40.6,41.1,,,30.21,,,,,,,,,,,,,
Greenhouse,Temp & Humidity Sensor,2020/12/20 7:25 AM,42.8,92.0,40.6,41.1,,,30.21,,,,,,,,,,,,,
Greenhouse,Temp & Humidity Sensor,2020/12/20 7:30 AM,42.8,92.0,40.6,41.1,,,30.22,,,,,,,,,,,,,
Greenhouse,Temp & Humidity Sensor,2020/12/20 7:35 AM,42.8,92.0,40.6,41.1,,,30.21,,,,,,,,,,,,,
Greenhouse,Temp & Humidity Sensor,2020/12/20 7:40 AM,42.8,93.0,40.9,41.2,,,30.21,,,,,,,,,,,,,
Greenhouse,Temp & Humidity Sensor,2020/12/20 7:45 AM,42.8,93.0,40.9,41.2,,,30.22,,,,,,,,,,,,,
Greenhouse,Temp & Humidity Sensor,2020/12/20 7:50 AM,42.8,93.0,40.9,41.2,,,30.21,,,,,,,,,,,,,
Greenhouse,Temp & Humidity Sensor,2020/12/20 7:55 AM,42.8,93.0,40.9,41.2,,,30.21,,,,,,,,,,,,,
Greenhouse,Temp & Humidity Sensor,2020/12/20 8:00 AM,42.9,93.0,41.0,41.3,,,30.2,,,,,,,,,,,,,
Greenhouse,Temp & Humidity Sensor,2020/12/20 8:05 AM,42.9,93.0,41.0,41.3,,,30.2,,,,,,,,,,,,,
Greenhouse,Temp & Humidity Sensor,2020/12/20 8:10 AM,43.1,93.0,41.2,41.5,,,30.2,,,,,,,,,,,,,
Greenhouse,Temp & Humidity Sensor,2020/12/20 8:15 AM,43.3,93.0,41.4,41.7,,,30.19,,,,,,,,,,,,,
Greenhouse,Temp & Humidity Sensor,2020/12/20 8:20 AM,43.3,93.0,41.4,41.7,,,30.19,,,,,,,,,,,,,
Greenhouse,Temp & Humidity Sensor,2020/12/20 8:25 AM,43.3,93.0,41.4,41.7,,,30.19,,,,,,,,,,,,,
Greenhouse,Temp & Humidity Sensor,2020/12/20 8:30 AM,43.3,93.0,41.4,41.7,,,30.19,,,,,,,,,,,,,
Greenhouse,Temp & Humidity Sensor,2020/12/20 8:35 AM,43.3,93.0,41.4,41.7,,,30.19,,,,,,,,,,,,,
Greenhouse,Temp & Humidity Sensor,2020/12/20 8:40 AM,43.3,92.0,41.1,41.7,,,30.19,,,,,,,,,,,,,
Greenhouse,Temp & Humidity Sensor,2020/12/20 8:45 AM,43.5,92.0,41.3,41.9,,,30.19,,,,,,,,,,,,,
Greenhouse,Temp & Humidity Sensor,2020/12/20 8:50 AM,43.5,92.0,41.3,41.9,,,30.2,,,,,,,,,,,,,
Greenhouse,Temp & Humidity Sensor,2020/12/20 8:55 AM,43.7,92.0,41.5,42.1,,,30.19,,,,,,,,,,,,,
Greenhouse,Temp & Humidity Sensor,2020/12/20 9:00 AM,43.8,93.0,41.9,42.3,,,30.18,,,,,,,,,,,,,
Greenhouse,Temp & Humidity Sensor,2020/12/20 9:05 AM,43.8,93.0,41.9,42.3,,,30.19,,,,,,,,,,,,,
Greenhouse,Temp & Humidity Sensor,2020/12/20 9:10 AM,44.0,93.0,42.1,42.5,,,30.19,,,,,,,,,,,,,
Greenhouse,Temp & Humidity Sensor,2020/12/20 9:15 AM,44.2,93.0,42.3,42.7,,,30.19,,,,,,,,,,,,,
Greenhouse,Temp & Humidity Sensor,2020/12/20 9:20 AM,44.4,93.0,42.5,42.9,,,30.19,,,,,,,,,,,,,
Greenhouse,Temp & Humidity Sensor,2020/12/20 9:25 AM,44.4,93.0,42.5,42.9,,,30.2,,,,,,,,,,,,,
Greenhouse,Temp & Humidity Sensor,2020/12/20 9:30 AM,44.6,92.0,42.4,43.1,,,30.19,,,,,,,,,,,,,
Greenhouse,Temp & Humidity Sensor,2020/12/20 9:35 AM,44.6,92.0,42.4,43.1,,,30.19,,,,,,,,,,,,,
Greenhouse,Temp & Humidity Sensor,2020/12/20 9:40 AM,44.6,92.0,42.4,43.1,,,30.2,,,,,,,,,,,,,
Greenhouse,Temp & Humidity Sensor,2020/12/20 9:45 AM,44.7,92.0,42.5,43.2,,,30.19,,,,,,,,,,,,,
Greenhouse,Temp & Humidity Sensor,2020/12/20 9:50 AM,44.9,92.0,42.7,43.4,,,30.18,,,,,,,,,,,,,
Greenhouse,Temp & Humidity Sensor,2020/12/20 9:55 AM,45.5,92.0,43.3,44.1,,,30.18,,,,,,,,,,,,,
Greenhouse,Temp & Humidity Sensor,2020/12/20 10:00 AM,45.6,92.0,43.4,44.2,,,30.17,,,,,,,,,,,,,
Greenhouse,Temp & Humidity Sensor,2020/12/20 10:05 AM,45.6,92.0,43.4,44.2,,,30.17,,,,,,,,,,,,,
Greenhouse,Temp & Humidity Sensor,2020/12/20 10:10 AM,45.6,93.0,43.7,44.2,,,30.17,,,,,,,,,,,,,
Greenhouse,Temp & Humidity Sensor,2020/12/20 10:15 AM,45.8,93.0,43.9,44.5,,,30.17,,,,,,,,,,,,,
Greenhouse,Temp & Humidity Sensor,2020/12/20 10:20 AM,46.0,93.0,44.1,44.7,,,30.17,,,,,,,,,,,,,
Greenhouse,Temp & Humidity Sensor,2020/12/20 10:25 AM,46.2,93.0,44.3,44.9,,,30.16,,,,,,,,,,,,,
Greenhouse,Temp & Humidity Sensor,2020/12/20 10:30 AM,46.2,93.0,44.3,44.9,,,30.16,,,,,,,,,,,,,
Greenhouse,Temp & Humidity Sensor,2020/12/20 10:35 AM,46.2,93.0,44.3,44.9,,,30.16,,,,,,,,,,,,,
Greenhouse,Temp & Humidity Sensor,2020/12/20 10:40 AM,46.4,92.0,44.2,45.1,,,30.16,,,,,,,,,,,,,
Greenhouse,Temp & Humidity Sensor,2020/12/20 10:45 AM,46.7,92.0,44.5,45.4,,,30.15,,,,,,,,,,,,,
Greenhouse,Temp & Humidity Sensor,2020/12/20 10:50 AM,46.7,92.0,44.5,45.4,,,30.15,,,,,,,,,,,,,
Greenhouse,Temp & Humidity Sensor,2020/12/20 10:55 AM,46.7,92.0,44.5,45.4,,,30.15,,,,,,,,,,,,,
Greenhouse,Temp & Humidity Sensor,2020/12/20 11:00 AM,47.1,92.0,44.9,45.8,,,30.15,,,,,,,,,,,,,
Greenhouse,Temp & Humidity Sensor,2020/12/20 11:05 AM,47.4,92.0,45.2,46.2,,,30.14,,,,,,,,,,,,,
Greenhouse,Temp & Humidity Sensor,2020/12/20 11:10 AM,47.6,92.0,45.4,46.4,,,30.14,,,,,,,,,,,,,
Greenhouse,Temp & Humidity Sensor,2020/12/20 11:15 AM,48.0,92.0,45.8,46.8,,,30.14,,,,,,,,,,,,,
Greenhouse,Temp & Humidity Sensor,2020/12/20 11:20 AM,48.2,91.0,45.7,47.0,,,30.13,,,,,,,,,,,,,
Greenhouse,Temp & Humidity Sensor,2020/12/20 11:25 AM,48.2,91.0,45.7,47.0,,,30.13,,,,,,,,,,,,,
Greenhouse,Temp & Humidity Sensor,2020/12/20 11:30 AM,48.7,91.0,46.2,47.5,,,30.12,,,,,,,,,,,,,
Greenhouse,Temp & Humidity Sensor,2020/12/20 11:35 AM,48.5,92.0,46.3,47.4,,,30.12,,,,,,,,,,,,,
Greenhouse,Temp & Humidity Sensor,2020/12/20 11:40 AM,48.5,92.0,46.3,47.4,,,30.12,,,,,,,,,,,,,
Greenhouse,Temp & Humidity Sensor,2020/12/20 11:45 AM,48.7,92.0,46.5,47.6,,,30.11,,,,,,,,,,,,,
Greenhouse,Temp & Humidity Sensor,2020/12/20 11:50 AM,48.7,92.0,46.5,47.6,,,30.1,,,,,,,,,,,,,
Greenhouse,Temp & Humidity Sensor,2020/12/20 11:55 AM,48.9,92.0,46.7,47.8,,,30.1,,,,,,,,,,,,,
Greenhouse,Temp & Humidity Sensor,2020/12/20 12:00 PM,49.1,92.0,46.9,48.0,,,30.1,,,,,,,,,,,,,
Greenhouse,Temp & Humidity Sensor,2020/12/20 12:05 PM,49.1,92.0,46.9,48.0,,,30.09,,,,,,,,,,,,,
Greenhouse,Temp & Humidity Sensor,2020/12/20 12:10 PM,49.2,92.0,47.0,48.1,,,30.09,,,,,,,,,,,,,
Greenhouse,Temp & Humidity Sensor,2020/12/20 12:15 PM,49.4,92.0,47.2,48.4,,,30.09,,,,,,,,,,,,,
Greenhouse,Temp & Humidity Sensor,2020/12/20 12:20 PM,49.4,92.0,47.2,48.4,,,30.08,,,,,,,,,,,,,
Greenhouse,Temp & Humidity Sensor,2020/12/20 12:25 PM,49.6,92.0,47.4,48.6,,,30.08,,,,,,,,,,,,,
Greenhouse,Temp & Humidity Sensor,2020/12/20 12:30 PM,49.8,93.0,47.9,48.9,,,30.08,,,,,,,,,,,,,
Greenhouse,Temp & Humidity Sensor,2020/12/20 12:35 PM,50.1,92.0,47.9,49.1,,,30.07,,,,,,,,,,,,,
Greenhouse,Temp & Humidity Sensor,2020/12/20 12:40 PM,50.1,92.0,47.9,49.1,,,30.06,,,,,,,,,,,,,
Greenhouse,Temp & Humidity Sensor,2020/12/20 12:45 PM,51.2,92.0,49.0,50.3,,,30.06,,,,,,,,,,,,,
Greenhouse,Temp & Humidity Sensor,2020/12/20 12:50 PM,51.4,92.0,49.2,50.6,,,30.06,,,,,,,,,,,,,
Greenhouse,Temp & Humidity Sensor,2020/12/20 12:55 PM,51.0,92.0,48.8,50.1,,,30.05,,,,,,,,,,,,,
Greenhouse,Temp & Humidity Sensor,2020/12/20 1:00 PM,50.7,92.0,48.5,49.8,,,30.05,,,,,,,,,,,,,
Greenhouse,Temp & Humidity Sensor,2020/12/20 1:05 PM,50.5,92.0,48.3,49.6,,,30.05,,,,,,,,,,,,,
Greenhouse,Temp & Humidity Sensor,2020/12/20 1:10 PM,50.7,92.0,48.5,49.8,,,30.05,,,,,,,,,,,,,
Greenhouse,Temp & Humidity Sensor,2020/12/20 1:15 PM,50.7,92.0,48.5,49.8,,,30.05,,,,,,,,,,,,,
Greenhouse,Temp & Humidity Sensor,2020/12/20 1:20 PM,50.9,92.0,48.7,50.0,,,30.05,,,,,,,,,,,,,
Greenhouse,Temp & Humidity Sensor,2020/12/20 1:25 PM,51.0,92.0,48.8,50.1,,,30.04,,,,,,,,,,,,,
Greenhouse,Temp & Humidity Sensor,2020/12/20 1:30 PM,50.9,92.0,48.7,50.0,,,30.04,,,,,,,,,,,,,
Greenhouse,Temp & Humidity Sensor,2020/12/20 1:35 PM,51.0,92.0,48.8,50.1,,,30.04,,,,,,,,,,,,,
Greenhouse,Temp & Humidity Sensor,2020/12/20 1:40 PM,50.9,92.0,48.7,50.0,,,30.03,,,,,,,,,,,,,
Greenhouse,Temp & Humidity Sensor,2020/12/20 1:45 PM,51.0,92.0,48.8,50.1,,,30.03,,,,,,,,,,,,,
Greenhouse,Temp & Humidity Sensor,2020/12/20 1:50 PM,51.0,92.0,48.8,50.1,,,30.03,,,,,,,,,,,,,
Greenhouse,Temp & Humidity Sensor,2020/12/20 1:55 PM,51.0,92.0,48.8,50.1,,,30.03,,,,,,,,,,,,,
Greenhouse,Temp & Humidity Sensor,2020/12/20 2:00 PM,51.0,92.0,48.8,50.1,,,30.03,,,,,,,,,,,,,
Greenhouse,Temp & Humidity Sensor,2020/12/20 2:05 PM,51.0,92.0,48.8,50.1,,,30.03,,,,,,,,,,,,,
Greenhouse,Temp & Humidity Sensor,2020/12/20 2:10 PM,51.2,92.0,49.0,50.3,,,30.03,,,,,,,,,,,,,
Greenhouse,Temp & Humidity Sensor,2020/12/20 2:15 PM,51.2,92.0,49.0,50.3,,,30.02,,,,,,,,,,,,,
Greenhouse,Temp & Humidity Sensor,2020/12/20 2:20 PM,51.2,92.0,49.0,50.3,,,30.02,,,,,,,,,,,,,
Greenhouse,Temp & Humidity Sensor,2020/12/20 2:25 PM,51.2,92.0,49.0,50.3,,,30.02,,,,,,,,,,,,,
Greenhouse,Temp & Humidity Sensor,2020/12/20 2:30 PM,51.0,92.0,48.8,50.1,,,30.03,,,,,,,,,,,,,
Greenhouse,Temp & Humidity Sensor,2020/12/20 2:35 PM,51.0,92.0,48.8,50.1,,,30.03,,,,,,,,,,,,,
Greenhouse,Temp & Humidity Sensor,2020/12/20 2:40 PM,51.0,92.0,48.8,50.1,,,30.03,,,,,,,,,,,,,
Greenhouse,Temp & Humidity Sensor,2020/12/20 2:45 PM,51.0,92.0,48.8,50.1,,,30.03,,,,,,,,,,,,,
Greenhouse,Temp & Humidity Sensor,2020/12/20 2:50 PM,51.0,92.0,48.8,50.1,,,30.03,,,,,,,,,,,,,
Greenhouse,Temp & Humidity Sensor,2020/12/20 2:55 PM,51.0,92.0,48.8,50.1,,,30.03,,,,,,,,,,,,,
Greenhouse,Temp & Humidity Sensor,2020/12/20 3:00 PM,51.0,92.0,48.8,50.1,,,30.03,,,,,,,,,,,,,
Greenhouse,Temp & Humidity Sensor,2020/12/20 3:05 PM,51.0,92.0,48.8,50.1,,,30.03,,,,,,,,,,,,,
Greenhouse,Temp & Humidity Sensor,2020/12/20 3:10 PM,50.9,92.0,48.7,50.0,,,30.03,,,,,,,,,,,,,
Greenhouse,Temp & Humidity Sensor,2020/12/20 3:15 PM,51.0,92.0,48.8,50.1,,,30.03,,,,,,,,,,,,,
Greenhouse,Temp & Humidity Sensor,2020/12/20 3:20 PM,51.0,92.0,48.8,50.1,,,30.03,,,,,,,,,,,,,
Greenhouse,Temp & Humidity Sensor,2020/12/20 3:25 PM,51.0,92.0,48.8,50.1,,,30.03,,,,,,,,,,,,,
Greenhouse,Temp & Humidity Sensor,2020/12/20 3:30 PM,51.2,92.0,49.0,50.3,,,30.03,,,,,,,,,,,,,
Greenhouse,Temp & Humidity Sensor,2020/12/20 3:35 PM,51.2,92.0,49.0,50.3,,,30.03,,,,,,,,,,,,,
Greenhouse,Temp & Humidity Sensor,2020/12/20 3:40 PM,51.4,92.0,49.2,50.6,,,30.02,,,,,,,,,,,,,
Greenhouse,Temp & Humidity Sensor,2020/12/20 3:45 PM,51.4,92.0,49.2,50.6,,,30.02,,,,,,,,,,,,,
Greenhouse,Temp & Humidity Sensor,2020/12/20 3:50 PM,51.4,92.0,49.2,50.6,,,30.02,,,,,,,,,,,,,
Greenhouse,Temp & Humidity Sensor,2020/12/20 3:55 PM,51.4,92.0,49.2,50.6,,,30.02,,,,,,,,,,,,,
Greenhouse,Temp & Humidity Sensor,2020/12/20 4:00 PM,51.0,92.0,48.8,50.1,,,30.02,,,,,,,,,,,,,
Greenhouse,Temp & Humidity Sensor,2020/12/20 4:05 PM,51.0,92.0,48.8,50.1,,,30.02,,,,,,,,,,,,,
Greenhouse,Temp & Humidity Sensor,2020/12/20 4:10 PM,51.0,92.0,48.8,50.1,,,30.02,,,,,,,,,,,,,
Greenhouse,Temp & Humidity Sensor,2020/12/20 4:15 PM,51.0,92.0,48.8,50.1,,,30.02,,,,,,,,,,,,,
Greenhouse,Temp & Humidity Sensor,2020/12/20 4:20 PM,51.0,92.0,48.8,50.1,,,30.02,,,,,,,,,,,,,
Greenhouse,Temp & Humidity Sensor,2020/12/20 4:25 PM,50.9,92.0,48.7,50.0,,,30.02,,,,,,,,,,,,,
Greenhouse,Temp & Humidity Sensor,2020/12/20 4:30 PM,50.9,92.0,48.7,50.0,,,30.02,,,,,,,,,,,,,
Greenhouse,Temp & Humidity Sensor,2020/12/20 4:35 PM,50.9,92.0,48.7,50.0,,,30.02,,,,,,,,,,,,,
Greenhouse,Temp & Humidity Sensor,2020/12/20 4:40 PM,50.9,92.0,48.7,50.0,,,30.03,,,,,,,,,,,,,
Greenhouse,Temp & Humidity Sensor,2020/12/20 4:45 PM,50.7,93.0,48.8,49.8,,,30.03,,,,,,,,,,,,,
Greenhouse,Temp & Humidity Sensor,2020/12/20 4:50 PM,50.7,93.0,48.8,49.8,,,30.03,,,,,,,,,,,,,
Greenhouse,Temp & Humidity Sensor,2020/12/20 4:55 PM,50.7,93.0,48.8,49.8,,,30.03,,,,,,,,,,,,,
Greenhouse,Temp & Humidity Sensor,2020/12/20 5:00 PM,50.9,93.0,48.9,50.1,,,30.04,,,,,,,,,,,,,
Greenhouse,Temp & Humidity Sensor,2020/12/20 5:05 PM,50.9,93.0,48.9,50.1,,,30.04,,,,,,,,,,,,,
Greenhouse,Temp & Humidity Sensor,2020/12/20 5:10 PM,50.9,94.0,49.2,50.1,,,30.04,,,,,,,,,,,,,
Greenhouse,Temp & Humidity Sensor,2020/12/20 5:15 PM,50.9,94.0,49.2,50.1,,,30.04,,,,,,,,,,,,,
Greenhouse,Temp & Humidity Sensor,2020/12/20 5:20 PM,50.9,94.0,49.2,50.1,,,30.04,,,,,,,,,,,,,
Greenhouse,Temp & Humidity Sensor,2020/12/20 5:25 PM,50.9,94.0,49.2,50.1,,,30.04,,,,,,,,,,,,,
Greenhouse,Temp & Humidity Sensor,2020/12/20 5:30 PM,50.9,94.0,49.2,50.1,,,30.04,,,,,,,,,,,,,
Greenhouse,Temp & Humidity Sensor,2020/12/20 5:35 PM,50.9,94.0,49.2,50.1,,,30.04,,,,,,,,,,,,,
Greenhouse,Temp & Humidity Sensor,2020/12/20 5:40 PM,50.9,94.0,49.2,50.1,,,30.04,,,,,,,,,,,,,
Greenhouse,Temp & Humidity Sensor,2020/12/20 5:45 PM,50.9,94.0,49.2,50.1,,,30.04,,,,,,,,,,,,,
Greenhouse,Temp & Humidity Sensor,2020/12/20 5:50 PM,50.9,94.0,49.2,50.1,,,30.04,,,,,,,,,,,,,
Greenhouse,Temp & Humidity Sensor,2020/12/20 5:55 PM,50.9,94.0,49.2,50.1,,,30.04,,,,,,,,,,,,,
Greenhouse,Temp & Humidity Sensor,2020/12/20 6:00 PM,50.9,94.0,49.2,50.1,,,30.04,,,,,,,,,,,,,
Greenhouse,Temp & Humidity Sensor,2020/12/20 6:05 PM,50.9,94.0,49.2,50.1,,,30.04,,,,,,,,,,,,,
Greenhouse,Temp & Humidity Sensor,2020/12/20 6:10 PM,50.9,94.0,49.2,50.1,,,30.04,,,,,,,,,,,,,
Greenhouse,Temp & Humidity Sensor,2020/12/20 6:15 PM,50.9,94.0,49.2,50.1,,,30.04,,,,,,,,,,,,,
Greenhouse,Temp & Humidity Sensor,2020/12/20 6:20 PM,50.9,94.0,49.2,50.1,,,30.04,,,,,,,,,,,,,
Greenhouse,Temp & Humidity Sensor,2020/12/20 6:25 PM,50.7,94.0,49.0,49.9,,,30.04,,,,,,,,,,,,,
Greenhouse,Temp & Humidity Sensor,2020/12/20 6:30 PM,50.7,94.0,49.0,49.9,,,30.04,,,,,,,,,,,,,
Greenhouse,Temp & Humidity Sensor,2020/12/20 6:35 PM,50.7,94.0,49.0,49.9,,,30.04,,,,,,,,,,,,,
Greenhouse,Temp & Humidity Sensor,2020/12/20 6:40 PM,50.7,93.0,48.8,49.8,,,30.04,,,,,,,,,,,,,
Greenhouse,Temp & Humidity Sensor,2020/12/20 6:45 PM,50.7,93.0,48.8,49.8,,,30.04,,,,,,,,,,,,,
Greenhouse,Temp & Humidity Sensor,2020/12/20 6:50 PM,50.7,93.0,48.8,49.8,,,30.04,,,,,,,,,,,,,
Greenhouse,Temp & Humidity Sensor,2020/12/20 6:55 PM,50.5,93.0,48.6,49.6,,,30.04,,,,,,,,,,,,,
Greenhouse,Temp & Humidity Sensor,2020/12/20 7:00 PM,50.5,93.0,48.6,49.6,,,30.04,,,,,,,,,,,,,
Greenhouse,Temp & Humidity Sensor,2020/12/20 7:05 PM,50.5,93.0,48.6,49.6,,,30.04,,,,,,,,,,,,,
Greenhouse,Temp & Humidity Sensor,2020/12/20 7:10 PM,50.5,93.0,48.6,49.6,,,30.03,,,,,,,,,,,,,
Greenhouse,Temp & Humidity Sensor,2020/12/20 7:15 PM,50.5,93.0,48.6,49.6,,,30.03,,,,,,,,,,,,,
Greenhouse,Temp & Humidity Sensor,2020/12/20 7:20 PM,50.5,93.0,48.6,49.6,,,30.04,,,,,,,,,,,,,
Greenhouse,Temp & Humidity Sensor,2020/12/20 7:25 PM,50.3,93.0,48.4,49.4,,,30.04,,,,,,,,,,,,,
Greenhouse,Temp & Humidity Sensor,2020/12/20 7:30 PM,50.3,93.0,48.4,49.4,,,30.03,,,,,,,,,,,,,
Greenhouse,Temp & Humidity Sensor,2020/12/20 7:35 PM,50.3,93.0,48.4,49.4,,,30.03,,,,,,,,,,,,,
Greenhouse,Temp & Humidity Sensor,2020/12/20 7:40 PM,50.3,93.0,48.4,49.4,,,30.03,,,,,,,,,,,,,
Greenhouse,Temp & Humidity Sensor,2020/12/20 7:45 PM,50.3,93.0,48.4,49.4,,,30.03,,,,,,,,,,,,,
Greenhouse,Temp & Humidity Sensor,2020/12/20 7:50 PM,50.3,93.0,48.4,49.4,,,30.03,,,,,,,,,,,,,
Greenhouse,Temp & Humidity Sensor,2020/12/20 7:55 PM,50.3,93.0,48.4,49.4,,,30.03,,,,,,,,,,,,,
Greenhouse,Temp & Humidity Sensor,2020/12/20 8:00 PM,50.3,94.0,48.6,49.4,,,30.03,,,,,,,,,,,,,
Greenhouse,Temp & Humidity Sensor,2020/12/20 8:05 PM,50.3,94.0,48.6,49.4,,,30.03,,,,,,,,,,,,,
Greenhouse,Temp & Humidity Sensor,2020/12/20 8:10 PM,50.3,94.0,48.6,49.4,,,30.03,,,,,,,,,,,,,
Greenhouse,Temp & Humidity Sensor,2020/12/20 8:15 PM,50.3,94.0,48.6,49.4,,,30.03,,,,,,,,,,,,,
Greenhouse,Temp & Humidity Sensor,2020/12/20 8:20 PM,50.3,93.0,48.4,49.4,,,30.02,,,,,,,,,,,,,
Greenhouse,Temp & Humidity Sensor,2020/12/20 8:25 PM,50.1,93.0,48.2,49.2,,,30.02,,,,,,,,,,,,,
Greenhouse,Temp & Humidity Sensor,2020/12/20 8:30 PM,50.1,93.0,48.2,49.2,,,30.02,,,,,,,,,,,,,
Greenhouse,Temp & Humidity Sensor,2020/12/20 8:35 PM,50.1,93.0,48.2,49.2,,,30.02,,,,,,,,,,,,,
Greenhouse,Temp & Humidity Sensor,2020/12/20 8:40 PM,50.1,93.0,48.2,49.2,,,30.02,,,,,,,,,,,,,
Greenhouse,Temp & Humidity Sensor,2020/12/20 8:45 PM,50.1,93.0,48.2,49.2,,,30.01,,,,,,,,,,,,,
Greenhouse,Temp & Humidity Sensor,2020/12/20 8:50 PM,50.1,93.0,48.2,49.2,,,30.01,,,,,,,,,,,,,
Greenhouse,Temp & Humidity Sensor,2020/12/20 8:55 PM,50.0,93.0,48.1,49.1,,,30.01,,,,,,,,,,,,,
Greenhouse,Temp & Humidity Sensor,2020/12/20 9:00 PM,50.0,93.0,48.1,49.1,,,30.01,,,,,,,,,,,,,
Greenhouse,Temp & Humidity Sensor,2020/12/20 9:05 PM,49.8,94.0,48.1,48.9,,,30.0,,,,,,,,,,,,,
Greenhouse,Temp & Humidity Sensor,2020/12/20 9:10 PM,50.0,93.0,48.1,49.1,,,30.0,,,,,,,,,,,,,
Greenhouse,Temp & Humidity Sensor,2020/12/20 9:15 PM,50.0,93.0,48.1,49.1,,,30.0,,,,,,,,,,,,,
Greenhouse,Temp & Humidity Sensor,2020/12/20 9:20 PM,50.0,93.0,48.1,49.1,,,30.0,,,,,,,,,,,,,
Greenhouse,Temp & Humidity Sensor,2020/12/20 9:25 PM,50.0,93.0,48.1,49.1,,,30.0,,,,,,,,,,,,,
Greenhouse,Temp & Humidity Sensor,2020/12/20 9:30 PM,50.0,93.0,48.1,49.1,,,30.0,,,,,,,,,,,,,
Greenhouse,Temp & Humidity Sensor,2020/12/20 9:35 PM,50.0,93.0,48.1,49.1,,,30.0,,,,,,,,,,,,,
Greenhouse,Temp & Humidity Sensor,2020/12/20 9:40 PM,50.0,93.0,48.1,49.1,,,29.99,,,,,,,,,,,,,
Greenhouse,Temp & Humidity Sensor,2020/12/20 9:45 PM,50.0,93.0,48.1,49.1,,,29.99,,,,,,,,,,,,,
Greenhouse,Temp & Humidity Sensor,2020/12/20 9:50 PM,50.0,93.0,48.1,49.1,,,29.99,,,,,,,,,,,,,
Greenhouse,Temp & Humidity Sensor,2020/12/20 9:55 PM,50.0,93.0,48.1,49.1,,,29.99,,,,,,,,,,,,,
Greenhouse,Temp & Humidity Sensor,2020/12/20 10:00 PM,50.0,93.0,48.1,49.1,,,30.0,,,,,,,,,,,,,
Greenhouse,Temp & Humidity Sensor,2020/12/20 10:05 PM,50.0,93.0,48.1,49.1,,,30.0,,,,,,,,,,,,,
Greenhouse,Temp & Humidity Sensor,2020/12/20 10:10 PM,50.0,93.0,48.1,49.1,,,30.01,,,,,,,,,,,,,
Greenhouse,Temp & Humidity Sensor,2020/12/20 10:15 PM,50.0,93.0,48.1,49.1,,,30.0,,,,,,,,,,,,,
Greenhouse,Temp & Humidity Sensor,2020/12/20 10:20 PM,50.0,93.0,48.1,49.1,,,30.0,,,,,,,,,,,,,
Greenhouse,Temp & Humidity Sensor,2020/12/20 10:25 PM,50.0,93.0,48.1,49.1,,,30.0,,,,,,,,,,,,,
Greenhouse,Temp & Humidity Sensor,2020/12/20 10:30 PM,50.0,93.0,48.1,49.1,,,30.0,,,,,,,,,,,,,
Greenhouse,Temp & Humidity Sensor,2020/12/20 10:35 PM,50.0,94.0,48.3,49.1,,,30.0,,,,,,,,,,,,,
Greenhouse,Temp & Humidity Sensor,2020/12/20 10:40 PM,50.0,94.0,48.3,49.1,,,30.0,,,,,,,,,,,,,
Greenhouse,Temp & Humidity Sensor,2020/12/20 10:45 PM,50.0,94.0,48.3,49.1,,,30.0,,,,,,,,,,,,,
Greenhouse,Temp & Humidity Sensor,2020/12/20 10:50 PM,50.0,94.0,48.3,49.1,,,30.0,,,,,,,,,,,,,
Greenhouse,Temp & Humidity Sensor,2020/12/20 10:55 PM,50.0,94.0,48.3,49.1,,,30.0,,,,,,,,,,,,,
Greenhouse,Temp & Humidity Sensor,2020/12/20 11:00 PM,50.0,94.0,48.3,49.1,,,30.0,,,,,,,,,,,,,
Greenhouse,Temp & Humidity Sensor,2020/12/20 11:05 PM,50.0,94.0,48.3,49.1,,,29.99,,,,,,,,,,,,,
Greenhouse,Temp & Humidity Sensor,2020/12/20 11:10 PM,50.0,94.0,48.3,49.1,,,29.99,,,,,,,,,,,,,
Greenhouse,Temp & Humidity Sensor,2020/12/20 11:15 PM,50.0,94.0,48.3,49.1,,,29.99,,,,,,,,,,,,,
Greenhouse,Temp & Humidity Sensor,2020/12/20 11:20 PM,50.0,94.0,48.3,49.1,,,29.98,,,,,,,,,,,,,
Greenhouse,Temp & Humidity Sensor,2020/12/20 11:25 PM,50.0,94.0,48.3,49.1,,,29.98,,,,,,,,,,,,,
Greenhouse,Temp & Humidity Sensor,2020/12/20 11:30 PM,50.0,94.0,48.3,49.1,,,29.99,,,,,,,,,,,,,
Greenhouse,Temp & Humidity Sensor,2020/12/20 11:35 PM,50.0,94.0,48.3,49.1,,,29.98,,,,,,,,,,,,,
Greenhouse,Temp & Humidity Sensor,2020/12/20 11:40 PM,50.0,94.0,48.3,49.1,,,29.98,,,,,,,,,,,,,
Greenhouse,Temp & Humidity Sensor,2020/12/20 11:45 PM,50.0,94.0,48.3,49.1,,,29.97,,,,,,,,,,,,,
Greenhouse,Temp & Humidity Sensor,2020/12/20 11:50 PM,50.0,94.0,48.3,49.1,,,29.97,,,,,,,,,,,,,
Greenhouse,Temp & Humidity Sensor,2020/12/20 11:55 PM,50.0,94.0,48.3,49.1,,,29.97,,,,,,,,,,,,,
Greenhouse,Temp & Humidity Sensor,2020/12/21 12:00 AM,49.8,95.0,48.4,48.9,,,29.97,,,,,,,,,,,,,
Greenhouse,Temp & Humidity Sensor,2020/12/21 12:05 AM,49.8,95.0,48.4,48.9,,,29.97,,,,,,,,,,,,,
Greenhouse,Temp & Humidity Sensor,2020/12/21 12:10 AM,49.8,95.0,48.4,48.9,,,29.97,,,,,,,,,,,,,
Greenhouse,Temp & Humidity Sensor,2020/12/21 12:15 AM,49.8,95.0,48.4,48.9,,,29.96,,,,,,,,,,,,,
Greenhouse,Temp & Humidity Sensor,2020/12/21 12:20 AM,50.0,94.0,48.3,49.1,,,29.96,,,,,,,,,,,,,
Greenhouse,Temp & Humidity Sensor,2020/12/21 12:25 AM,50.0,94.0,48.3,49.1,,,29.97,,,,,,,,,,,,,
Greenhouse,Temp & Humidity Sensor,2020/12/21 12:30 AM,50.0,94.0,48.3,49.1,,,29.97,,,,,,,,,,,,,
Greenhouse,Temp & Humidity Sensor,2020/12/21 12:35 AM,50.0,94.0,48.3,49.1,,,29.96,,,,,,,,,,,,,
Greenhouse,Temp & Humidity Sensor,2020/12/21 12:40 AM,50.0,94.0,48.3,49.1,,,29.97,,,,,,,,,,,,,
Greenhouse,Temp & Humidity Sensor,2020/12/21 12:45 AM,50.0,95.0,48.6,49.2,,,29.96,,,,,,,,,,,,,
Greenhouse,Temp & Humidity Sensor,2020/12/21 12:50 AM,50.0,95.0,48.6,49.2,,,29.96,,,,,,,,,,,,,
Greenhouse,Temp & Humidity Sensor,2020/12/21 12:55 AM,50.0,95.0,48.6,49.2,,,29.96,,,,,,,,,,,,,
Greenhouse,Temp & Humidity Sensor,2020/12/21 1:00 AM,50.0,94.0,48.3,49.1,,,29.96,,,,,,,,,,,,,
Greenhouse,Temp & Humidity Sensor,2020/12/21 1:05 AM,50.0,95.0,48.6,49.2,,,29.95,,,,,,,,,,,,,
Greenhouse,Temp & Humidity Sensor,2020/12/21 1:10 AM,50.0,95.0,48.6,49.2,,,29.95,,,,,,,,,,,,,
Greenhouse,Temp & Humidity Sensor,2020/12/21 1:15 AM,50.0,95.0,48.6,49.2,,,29.95,,,,,,,,,,,,,
Greenhouse,Temp & Humidity Sensor,2020/12/21 1:20 AM,50.0,95.0,48.6,49.2,,,29.95,,,,,,,,,,,,,
Greenhouse,Temp & Humidity Sensor,2020/12/21 1:25 AM,50.1,95.0,48.7,49.3,,,29.95,,,,,,,,,,,,,
Greenhouse,Temp & Humidity Sensor,2020/12/21 1:30 AM,50.1,95.0,48.7,49.3,,,29.95,,,,,,,,,,,,,
Greenhouse,Temp & Humidity Sensor,2020/12/21 1:35 AM,50.1,95.0,48.7,49.3,,,29.96,,,,,,,,,,,,,
Greenhouse,Temp & Humidity Sensor,2020/12/21 1:40 AM,50.1,95.0,48.7,49.3,,,29.95,,,,,,,,,,,,,
Greenhouse,Temp & Humidity Sensor,2020/12/21 1:45 AM,50.1,95.0,48.7,49.3,,,29.95,,,,,,,,,,,,,
Greenhouse,Temp & Humidity Sensor,2020/12/21 1:50 AM,50.1,95.0,48.7,49.3,,,29.95,,,,,,,,,,,,,
Greenhouse,Temp & Humidity Sensor,2020/12/21 1:55 AM,50.1,95.0,48.7,49.3,,,29.95,,,,,,,,,,,,,
Greenhouse,Temp & Humidity Sensor,2020/12/21 2:00 AM,50.1,95.0,48.7,49.3,,,29.95,,,,,,,,,,,,,
Greenhouse,Temp & Humidity Sensor,2020/12/21 2:05 AM,50.1,95.0,48.7,49.3,,,29.95,,,,,,,,,,,,,
Greenhouse,Temp & Humidity Sensor,2020/12/21 2:10 AM,50.1,95.0,48.7,49.3,,,29.95,,,,,,,,,,,,,
Greenhouse,Temp & Humidity Sensor,2020/12/21 2:15 AM,50.1,95.0,48.7,49.3,,,29.95,,,,,,,,,,,,,
Greenhouse,Temp & Humidity Sensor,2020/12/21 2:20 AM,50.1,95.0,48.7,49.3,,,29.95,,,,,,,,,,,,,
Greenhouse,Temp & Humidity Sensor,2020/12/21 2:25 AM,50.0,95.0,48.6,49.2,,,29.95,,,,,,,,,,,,,
Greenhouse,Temp & Humidity Sensor,2020/12/21 2:30 AM,50.0,95.0,48.6,49.2,,,29.94,,,,,,,,,,,,,
Greenhouse,Temp & Humidity Sensor,2020/12/21 2:35 AM,50.0,95.0,48.6,49.2,,,29.95,,,,,,,,,,,,,
Greenhouse,Temp & Humidity Sensor,2020/12/21 2:40 AM,50.1,95.0,48.7,49.3,,,29.96,,,,,,,,,,,,,
Greenhouse,Temp & Humidity Sensor,2020/12/21 2:45 AM,50.1,95.0,48.7,49.3,,,29.96,,,,,,,,,,,,,
Greenhouse,Temp & Humidity Sensor,2020/12/21 2:50 AM,50.0,95.0,48.6,49.2,,,29.96,,,,,,,,,,,,,
Greenhouse,Temp & Humidity Sensor,2020/12/21 2:55 AM,50.0,95.0,48.6,49.2,,,29.96,,,,,,,,,,,,,
Greenhouse,Temp & Humidity Sensor,2020/12/21 3:00 AM,50.0,95.0,48.6,49.2,,,29.96,,,,,,,,,,,,,
Greenhouse,Temp & Humidity Sensor,2020/12/21 3:05 AM,50.0,95.0,48.6,49.2,,,29.96,,,,,,,,,,,,,
Greenhouse,Temp & Humidity Sensor,2020/12/21 3:10 AM,50.0,95.0,48.6,49.2,,,29.96,,,,,,,,,,,,,
Greenhouse,Temp & Humidity Sensor,2020/12/21 3:15 AM,50.0,95.0,48.6,49.2,,,29.96,,,,,,,,,,,,,
Greenhouse,Temp & Humidity Sensor,2020/12/21 3:20 AM,50.0,94.0,48.3,49.1,,,29.96,,,,,,,,,,,,,
Greenhouse,Temp & Humidity Sensor,2020/12/21 3:25 AM,49.8,95.0,48.4,48.9,,,29.96,,,,,,,,,,,,,
Greenhouse,Temp & Humidity Sensor,2020/12/21 3:30 AM,49.8,95.0,48.4,48.9,,,29.96,,,,,,,,,,,,,
Greenhouse,Temp & Humidity Sensor,2020/12/21 3:35 AM,49.8,95.0,48.4,48.9,,,29.96,,,,,,,,,,,,,
Greenhouse,Temp & Humidity Sensor,2020/12/21 3:40 AM,49.8,95.0,48.4,48.9,,,29.96,,,,,,,,,,,,,
Greenhouse,Temp & Humidity Sensor,2020/12/21 3:45 AM,49.8,95.0,48.4,48.9,,,29.96,,,,,,,,,,,,,
Greenhouse,Temp & Humidity Sensor,2020/12/21 3:50 AM,49.6,95.0,48.2,48.7,,,29.97,,,,,,,,,,,,,
Greenhouse,Temp & Humidity Sensor,2020/12/21 3:55 AM,49.6,95.0,48.2,48.7,,,29.96,,,,,,,,,,,,,
Greenhouse,Temp & Humidity Sensor,2020/12/21 4:00 AM,49.6,95.0,48.2,48.7,,,29.96,,,,,,,,,,,,,
Greenhouse,Temp & Humidity Sensor,2020/12/21 4:05 AM,49.6,95.0,48.2,48.7,,,29.96,,,,,,,,,,,,,
Greenhouse,Temp & Humidity Sensor,2020/12/21 4:10 AM,49.6,95.0,48.2,48.7,,,29.96,,,,,,,,,,,,,
Greenhouse,Temp & Humidity Sensor,2020/12/21 4:15 AM,49.4,95.0,48.0,48.5,,,29.96,,,,,,,,,,,,,
Greenhouse,Temp & Humidity Sensor,2020/12/21 4:20 AM,49.4,95.0,48.0,48.5,,,29.95,,,,,,,,,,,,,
Greenhouse,Temp & Humidity Sensor,2020/12/21 4:25 AM,49.4,95.0,48.0,48.5,,,29.95,,,,,,,,,,,,,
Greenhouse,Temp & Humidity Sensor,2020/12/21 4:30 AM,49.4,95.0,48.0,48.5,,,29.95,,,,,,,,,,,,,
Greenhouse,Temp & Humidity Sensor,2020/12/21 4:35 AM,49.4,95.0,48.0,48.5,,,29.95,,,,,,,,,,,,,
Greenhouse,Temp & Humidity Sensor,2020/12/21 4:40 AM,49.4,95.0,48.0,48.5,,,29.95,,,,,,,,,,,,,
Greenhouse,Temp & Humidity Sensor,2020/12/21 4:45 AM,49.2,95.0,47.8,48.3,,,29.95,,,,,,,,,,,,,
Greenhouse,Temp & Humidity Sensor,2020/12/21 4:50 AM,49.2,95.0,47.8,48.3,,,29.95,,,,,,,,,,,,,
Greenhouse,Temp & Humidity Sensor,2020/12/21 4:55 AM,49.2,95.0,47.8,48.3,,,29.95,,,,,,,,,,,,,
Greenhouse,Temp & Humidity Sensor,2020/12/21 5:00 AM,49.2,95.0,47.8,48.3,,,29.95,,,,,,,,,,,,,
Greenhouse,Temp & Humidity Sensor,2020/12/21 5:05 AM,49.2,95.0,47.8,48.3,,,29.95,,,,,,,,,,,,,
Greenhouse,Temp & Humidity Sensor,2020/12/21 5:10 AM,49.2,95.0,47.8,48.3,,,29.95,,,,,,,,,,,,,
Greenhouse,Temp & Humidity Sensor,2020/12/21 5:15 AM,49.2,95.0,47.8,48.3,,,29.95,,,,,,,,,,,,,
Greenhouse,Temp & Humidity Sensor,2020/12/21 5:20 AM,49.2,95.0,47.8,48.3,,,29.95,,,,,,,,,,,,,
Greenhouse,Temp & Humidity Sensor,2020/12/21 5:25 AM,49.2,95.0,47.8,48.3,,,29.95,,,,,,,,,,,,,
Greenhouse,Temp & Humidity Sensor,2020/12/21 5:30 AM,49.2,95.0,47.8,48.3,,,29.95,,,,,,,,,,,,,
Greenhouse,Temp & Humidity Sensor,2020/12/21 5:35 AM,49.2,95.0,47.8,48.3,,,29.96,,,,,,,,,,,,,
Greenhouse,Temp & Humidity Sensor,2020/12/21 5:40 AM,49.2,95.0,47.8,48.3,,,29.95,,,,,,,,,,,,,
Greenhouse,Temp & Humidity Sensor,2020/12/21 5:45 AM,49.2,95.0,47.8,48.3,,,29.95,,,,,,,,,,,,,
Greenhouse,Temp & Humidity Sensor,2020/12/21 5:50 AM,49.2,95.0,47.8,48.3,,,29.96,,,,,,,,,,,,,
Greenhouse,Temp & Humidity Sensor,2020/12/21 5:55 AM,49.2,95.0,47.8,48.3,,,29.96,,,,,,,,,,,,,
Greenhouse,Temp & Humidity Sensor,2020/12/21 6:00 AM,49.2,95.0,47.8,48.3,,,29.96,,,,,,,,,,,,,
Greenhouse,Temp & Humidity Sensor,2020/12/21 6:05 AM,49.2,95.0,47.8,48.3,,,29.96,,,,,,,,,,,,,
Greenhouse,Temp & Humidity Sensor,2020/12/21 6:10 AM,49.2,95.0,47.8,48.3,,,29.96,,,,,,,,,,,,,
Greenhouse,Temp & Humidity Sensor,2020/12/21 6:15 AM,49.2,95.0,47.8,48.3,,,29.96,,,,,,,,,,,,,
Greenhouse,Temp & Humidity Sensor,2020/12/21 6:20 AM,49.2,95.0,47.8,48.3,,,29.96,,,,,,,,,,,,,
Greenhouse,Temp & Humidity Sensor,2020/12/21 6:25 AM,49.2,95.0,47.8,48.3,,,29.96,,,,,,,,,,,,,
Greenhouse,Temp & Humidity Sensor,2020/12/21 6:30 AM,49.2,95.0,47.8,48.3,,,29.96,,,,,,,,,,,,,
Greenhouse,Temp & Humidity Sensor,2020/12/21 6:35 AM,49.2,95.0,47.8,48.3,,,29.96,,,,,,,,,,,,,
Greenhouse,Temp & Humidity Sensor,2020/12/21 6:40 AM,49.2,95.0,47.8,48.3,,,29.96,,,,,,,,,,,,,
Greenhouse,Temp & Humidity Sensor,2020/12/21 6:45 AM,49.2,95.0,47.8,48.3,,,29.96,,,,,,,,,,,,,
Greenhouse,Temp & Humidity Sensor,2020/12/21 6:50 AM,49.2,95.0,47.8,48.3,,,29.96,,,,,,,,,,,,,
Greenhouse,Temp & Humidity Sensor,2020/12/21 6:55 AM,49.2,95.0,47.8,48.3,,,29.96,,,,,,,,,,,,,
Greenhouse,Temp & Humidity Sensor,2020/12/21 7:00 AM,49.2,95.0,47.8,48.3,,,29.96,,,,,,,,,,,,,
Greenhouse,Temp & Humidity Sensor,2020/12/21 7:05 AM,49.2,95.0,47.8,48.3,,,29.96,,,,,,,,,,,,,
Greenhouse,Temp & Humidity Sensor,2020/12/21 7:10 AM,49.2,95.0,47.8,48.3,,,29.97,,,,,,,,,,,,,
Greenhouse,Temp & Humidity Sensor,2020/12/21 7:15 AM,49.2,95.0,47.8,48.3,,,29.97,,,,,,,,,,,,,
Greenhouse,Temp & Humidity Sensor,2020/12/21 7:20 AM,49.2,95.0,47.8,48.3,,,29.97,,,,,,,,,,,,,
Greenhouse,Temp & Humidity Sensor,2020/12/21 7:25 AM,49.2,95.0,47.8,48.3,,,29.97,,,,,,,,,,,,,
Greenhouse,Temp & Humidity Sensor,2020/12/21 7:30 AM,49.1,95.0,47.7,48.2,,,29.97,,,,,,,,,,,,,
Greenhouse,Temp & Humidity Sensor,2020/12/21 7:35 AM,49.2,95.0,47.8,48.3,,,29.97,,,,,,,,,,,,,
Greenhouse,Temp & Humidity Sensor,2020/12/21 7:40 AM,49.2,95.0,47.8,48.3,,,29.98,,,,,,,,,,,,,
Greenhouse,Temp & Humidity Sensor,2020/12/21 7:45 AM,49.2,95.0,47.8,48.3,,,29.98,,,,,,,,,,,,,
Greenhouse,Temp & Humidity Sensor,2020/12/21 7:50 AM,49.2,95.0,47.8,48.3,,,29.97,,,,,,,,,,,,,
Greenhouse,Temp & Humidity Sensor,2020/12/21 7:55 AM,49.2,95.0,47.8,48.3,,,29.97,,,,,,,,,,,,,
Greenhouse,Temp & Humidity Sensor,2020/12/21 8:00 AM,49.2,95.0,47.8,48.3,,,29.97,,,,,,,,,,,,,
Greenhouse,Temp & Humidity Sensor,2020/12/21 8:05 AM,49.2,95.0,47.8,48.3,,,29.97,,,,,,,,,,,,,
Greenhouse,Temp & Humidity Sensor,2020/12/21 8:10 AM,49.2,95.0,47.8,48.3,,,29.97,,,,,,,,,,,,,
Greenhouse,Temp & Humidity Sensor,2020/12/21 8:15 AM,49.2,94.0,47.5,48.2,,,29.97,,,,,,,,,,,,,
Greenhouse,Temp & Humidity Sensor,2020/12/21 8:20 AM,49.4,94.0,47.7,48.5,,,29.97,,,,,,,,,,,,,
Greenhouse,Temp & Humidity Sensor,2020/12/21 8:25 AM,49.4,94.0,47.7,48.5,,,29.97,,,,,,,,,,,,,
Greenhouse,Temp & Humidity Sensor,2020/12/21 8:30 AM,49.6,94.0,47.9,48.7,,,29.97,,,,,,,,,,,,,
Greenhouse,Temp & Humidity Sensor,2020/12/21 8:35 AM,49.8,94.0,48.1,48.9,,,29.97,,,,,,,,,,,,,
Greenhouse,Temp & Humidity Sensor,2020/12/21 8:40 AM,49.8,94.0,48.1,48.9,,,29.97,,,,,,,,,,,,,
Greenhouse,Temp & Humidity Sensor,2020/12/21 8:45 AM,49.8,94.0,48.1,48.9,,,29.98,,,,,,,,,,,,,
Greenhouse,Temp & Humidity Sensor,2020/12/21 8:50 AM,49.6,94.0,47.9,48.7,,,29.98,,,,,,,,,,,,,
Greenhouse,Temp & Humidity Sensor,2020/12/21 8:55 AM,49.6,93.0,47.7,48.6,,,29.98,,,,,,,,,,,,,
Greenhouse,Temp & Humidity Sensor,2020/12/21 9:00 AM,49.6,93.0,47.7,48.6,,,29.97,,,,,,,,,,,,,
Greenhouse,Temp & Humidity Sensor,2020/12/21 9:05 AM,49.4,93.0,47.5,48.4,,,29.98,,,,,,,,,,,,,
Greenhouse,Temp & Humidity Sensor,2020/12/21 9:10 AM,49.4,92.0,47.2,48.4,,,29.98,,,,,,,,,,,,,
Greenhouse,Temp & Humidity Sensor,2020/12/21 9:15 AM,49.4,92.0,47.2,48.4,,,29.98,,,,,,,,,,,,,
Greenhouse,Temp & Humidity Sensor,2020/12/21 9:20 AM,49.6,92.0,47.4,48.6,,,29.98,,,,,,,,,,,,,
Greenhouse,Temp & Humidity Sensor,2020/12/21 9:25 AM,49.8,92.0,47.6,48.8,,,29.98,,,,,,,,,,,,,
Greenhouse,Temp & Humidity Sensor,2020/12/21 9:30 AM,50.0,90.0,47.2,48.9,,,29.99,,,,,,,,,,,,,
Greenhouse,Temp & Humidity Sensor,2020/12/21 9:35 AM,49.8,91.0,47.3,48.8,,,29.99,,,,,,,,,,,,,
Greenhouse,Temp & Humidity Sensor,2020/12/21 9:40 AM,49.6,91.0,47.1,48.5,,,29.99,,,,,,,,,,,,,
Greenhouse,Temp & Humidity Sensor,2020/12/21 9:45 AM,49.6,91.0,47.1,48.5,,,30.0,,,,,,,,,,,,,
Greenhouse,Temp & Humidity Sensor,2020/12/21 9:50 AM,49.4,89.0,46.3,48.2,,,30.0,,,,,,,,,,,,,
Greenhouse,Temp & Humidity Sensor,2020/12/21 9:55 AM,49.8,90.0,47.0,48.7,,,29.99,,,,,,,,,,,,,
Greenhouse,Temp & Humidity Sensor,2020/12/21 10:00 AM,49.6,89.0,46.5,48.4,,,29.99,,,,,,,,,,,,,
Greenhouse,Temp & Humidity Sensor,2020/12/21 10:05 AM,49.1,88.0,45.7,47.8,,,29.99,,,,,,,,,,,,,
Greenhouse,Temp & Humidity Sensor,2020/12/21 10:10 AM,49.4,88.0,46.0,48.2,,,30.0,,,,,,,,,,,,,
Greenhouse,Temp & Humidity Sensor,2020/12/21 10:15 AM,49.4,88.0,46.0,48.2,,,30.0,,,,,,,,,,,,,
Greenhouse,Temp & Humidity Sensor,2020/12/21 10:20 AM,49.2,88.0,45.8,48.0,,,30.0,,,,,,,,,,,,,
Greenhouse,Temp & Humidity Sensor,2020/12/21 10:25 AM,49.4,89.0,46.3,48.2,,,30.0,,,,,,,,,,,,,
Greenhouse,Temp & Humidity Sensor,2020/12/21 10:30 AM,50.0,89.0,46.9,48.9,,,30.01,,,,,,,,,,,,,
Greenhouse,Temp & Humidity Sensor,2020/12/21 10:35 AM,50.7,89.0,47.6,49.7,,,30.01,,,,,,,,,,,,,
Greenhouse,Temp & Humidity Sensor,2020/12/21 10:40 AM,50.1,88.0,46.7,48.9,,,30.0,,,,,,,,,,,,,
Greenhouse,Temp & Humidity Sensor,2020/12/21 10:45 AM,49.2,86.0,45.2,47.9,,,30.0,,,,,,,,,,,,,
Greenhouse,Temp & Humidity Sensor,2020/12/21 10:50 AM,49.1,85.0,44.8,47.7,,,30.0,,,,,,,,,,,,,
Greenhouse,Temp & Humidity Sensor,2020/12/21 10:55 AM,50.3,86.0,46.3,49.1,,,30.0,,,,,,,,,,,,,
Greenhouse,Temp & Humidity Sensor,2020/12/21 11:00 AM,51.6,86.0,47.6,50.5,,,30.0,,,,,,,,,,,,,
Greenhouse,Temp & Humidity Sensor,2020/12/21 11:05 AM,51.9,84.0,47.2,50.7,,,29.99,,,,,,,,,,,,,
Greenhouse,Temp & Humidity Sensor,2020/12/21 11:10 AM,50.3,82.0,45.0,48.9,,,29.99,,,,,,,,,,,,,
Greenhouse,Temp & Humidity Sensor,2020/12/21 11:15 AM,50.9,84.0,46.2,49.6,,,29.99,,,,,,,,,,,,,
Greenhouse,Temp & Humidity Sensor,2020/12/21 11:20 AM,50.7,80.0,44.8,49.2,,,29.99,,,,,,,,,,,,,
Greenhouse,Temp & Humidity Sensor,2020/12/21 11:25 AM,50.5,81.0,44.9,49.1,,,29.98,,,,,,,,,,,,,
Greenhouse,Temp & Humidity Sensor,2020/12/21 11:30 AM,51.2,79.0,44.9,49.7,,,29.98,,,,,,,,,,,,,
Greenhouse,Temp & Humidity Sensor,2020/12/21 11:35 AM,51.0,77.0,44.0,49.4,,,29.98,,,,,,,,,,,,,
Greenhouse,Temp & Humidity Sensor,2020/12/21 11:40 AM,53.6,71.0,44.4,52.0,,,29.98,,,,,,,,,,,,,
Greenhouse,Temp & Humidity Sensor,2020/12/21 11:45 AM,51.8,70.0,42.3,50.0,,,29.97,,,,,,,,,,,,,
Greenhouse,Temp & Humidity Sensor,2020/12/21 11:50 AM,53.7,73.0,45.3,52.2,,,29.97,,,,,,,,,,,,,
Greenhouse,Temp & Humidity Sensor,2020/12/21 11:55 AM,56.6,74.0,48.4,55.4,,,29.97,,,,,,,,,,,,,
Greenhouse,Temp & Humidity Sensor,2020/12/21 12:00 PM,54.3,73.0,45.8,52.9,,,29.97,,,,,,,,,,,,,
Greenhouse,Temp & Humidity Sensor,2020/12/21 12:05 PM,53.6,67.0,42.9,51.8,,,29.97,,,,,,,,,,,,,
Greenhouse,Temp & Humidity Sensor,2020/12/21 12:10 PM,54.5,67.0,43.8,52.8,,,29.96,,,,,,,,,,,,,
Greenhouse,Temp & Humidity Sensor,2020/12/21 12:15 PM,53.7,71.0,44.5,52.1,,,29.96,,,,,,,,,,,,,
Greenhouse,Temp & Humidity Sensor,2020/12/21 12:20 PM,54.1,73.0,45.6,52.6,,,29.96,,,,,,,,,,,,,
Greenhouse,Temp & Humidity Sensor,2020/12/21 12:25 PM,53.9,69.0,44.0,52.2,,,29.95,,,,,,,,,,,,,
Greenhouse,Temp & Humidity Sensor,2020/12/21 12:30 PM,56.3,66.0,45.1,54.7,,,29.95,,,,,,,,,,,,,
Greenhouse,Temp & Humidity Sensor,2020/12/21 12:35 PM,59.3,62.0,46.3,57.8,,,29.95,,,,,,,,,,,,,
Greenhouse,Temp & Humidity Sensor,2020/12/21 12:40 PM,58.8,59.0,44.5,57.2,,,29.95,,,,,,,,,,,,,
Greenhouse,Temp & Humidity Sensor,2020/12/21 12:45 PM,59.0,57.0,43.8,57.3,,,29.94,,,,,,,,,,,,,
Greenhouse,Temp & Humidity Sensor,2020/12/21 12:50 PM,55.5,56.0,40.1,53.4,,,29.94,,,,,,,,,,,,,
Greenhouse,Temp & Humidity Sensor,2020/12/21 12:55 PM,55.4,58.0,40.9,53.4,,,29.94,,,,,,,,,,,,,
Greenhouse,Temp & Humidity Sensor,2020/12/21 1:00 PM,58.8,55.0,42.7,57.0,,,29.93,,,,,,,,,,,,,
Greenhouse,Temp & Humidity Sensor,2020/12/21 1:05 PM,56.8,52.0,39.4,54.6,,,29.93,,,,,,,,,,,,,
Greenhouse,Temp & Humidity Sensor,2020/12/21 1:10 PM,55.0,54.0,38.7,52.7,,,29.93,,,,,,,,,,,,,
Greenhouse,Temp & Humidity Sensor,2020/12/21 1:15 PM,54.1,55.0,38.3,51.8,,,29.92,,,,,,,,,,,,,
Greenhouse,Temp & Humidity Sensor,2020/12/21 1:20 PM,54.6,56.0,39.2,52.4,,,29.92,,,,,,,,,,,,,
Greenhouse,Temp & Humidity Sensor,2020/12/21 1:25 PM,55.0,58.0,40.5,52.9,,,29.92,,,,,,,,,,,,,
Greenhouse,Temp & Humidity Sensor,2020/12/21 1:30 PM,56.6,55.0,40.6,54.5,,,29.92,,,,,,,,,,,,,
Greenhouse,Temp & Humidity Sensor,2020/12/21 1:35 PM,60.0,57.0,44.7,58.4,,,29.91,,,,,,,,,,,,,
Greenhouse,Temp & Humidity Sensor,2020/12/21 1:40 PM,58.4,56.0,42.8,56.6,,,29.92,,,,,,,,,,,,,
Greenhouse,Temp & Humidity Sensor,2020/12/21 1:45 PM,56.8,54.0,40.3,54.7,,,29.91,,,,,,,,,,,,,
Greenhouse,Temp & Humidity Sensor,2020/12/21 1:50 PM,54.8,54.0,38.5,52.5,,,29.92,,,,,,,,,,,,,
Greenhouse,Temp & Humidity Sensor,2020/12/21 1:55 PM,55.2,55.0,39.3,53.0,,,29.91,,,,,,,,,,,,,
Greenhouse,Temp & Humidity Sensor,2020/12/21 2:00 PM,54.5,53.0,37.7,52.1,,,29.91,,,,,,,,,,,,,
Greenhouse,Temp & Humidity Sensor,2020/12/21 2:05 PM,57.9,52.0,40.4,55.8,,,29.9,,,,,,,,,,,,,
Greenhouse,Temp & Humidity Sensor,2020/12/21 2:10 PM,61.7,52.0,43.9,60.0,,,29.9,,,,,,,,,,,,,
Greenhouse,Temp & Humidity Sensor,2020/12/21 2:15 PM,59.7,50.0,41.0,57.7,,,29.9,,,,,,,,,,,,,
Greenhouse,Temp & Humidity Sensor,2020/12/21 2:20 PM,58.2,48.0,38.6,56.0,,,29.9,,,,,,,,,,,,,
Greenhouse,Temp & Humidity Sensor,2020/12/21 2:25 PM,56.1,51.0,38.2,53.8,,,29.9,,,,,,,,,,,,,
Greenhouse,Temp & Humidity Sensor,2020/12/21 2:30 PM,56.1,53.0,39.2,53.9,,,29.9,,,,,,,,,,,,,
Greenhouse,Temp & Humidity Sensor,2020/12/21 2:35 PM,57.5,50.0,39.0,55.3,,,29.9,,,,,,,,,,,,,
Greenhouse,Temp & Humidity Sensor,2020/12/21 2:40 PM,58.2,50.0,39.7,56.1,,,29.9,,,,,,,,,,,,,
Greenhouse,Temp & Humidity Sensor,2020/12/21 2:45 PM,57.0,51.0,39.1,54.8,,,29.89,,,,,,,,,,,,,
Greenhouse,Temp & Humidity Sensor,2020/12/21 2:50 PM,56.4,54.0,40.0,54.3,,,29.89,,,,,,,,,,,,,
Greenhouse,Temp & Humidity Sensor,2020/12/21 2:55 PM,55.7,53.0,38.8,53.5,,,29.89,,,,,,,,,,,,,
Greenhouse,Temp & Humidity Sensor,2020/12/21 3:00 PM,56.3,51.0,38.4,54.0,,,29.89,,,,,,,,,,,,,
Greenhouse,Temp & Humidity Sensor,2020/12/21 3:05 PM,59.1,50.0,40.5,57.1,,,29.89,,,,,,,,,,,,,
Greenhouse,Temp & Humidity Sensor,2020/12/21 3:10 PM,57.2,50.0,38.7,55.0,,,29.89,,,,,,,,,,,,,
Greenhouse,Temp & Humidity Sensor,2020/12/21 3:15 PM,56.1,51.0,38.2,53.8,,,29.89,,,,,,,,,,,,,
Greenhouse,Temp & Humidity Sensor,2020/12/21 3:20 PM,55.0,52.0,37.7,52.6,,,29.89,,,,,,,,,,,,,
Greenhouse,Temp & Humidity Sensor,2020/12/21 3:25 PM,53.9,53.0,37.2,51.5,,,29.89,,,,,,,,,,,,,
Greenhouse,Temp & Humidity Sensor,2020/12/21 3:30 PM,53.6,55.0,37.8,51.2,,,29.89,,,,,,,,,,,,,
Greenhouse,Temp & Humidity Sensor,2020/12/21 3:35 PM,53.6,56.0,38.3,51.3,,,29.89,,,,,,,,,,,,,
Greenhouse,Temp & Humidity Sensor,2020/12/21 3:40 PM,53.2,57.0,38.4,50.9,,,29.89,,,,,,,,,,,,,
Greenhouse,Temp & Humidity Sensor,2020/12/21 3:45 PM,53.0,58.0,38.6,50.7,,,29.89,,,,,,,,,,,,,
Greenhouse,Temp & Humidity Sensor,2020/12/21 3:50 PM,52.7,59.0,38.8,50.4,,,29.88,,,,,,,,,,,,,
Greenhouse,Temp & Humidity Sensor,2020/12/21 3:55 PM,51.9,60.0,38.5,49.6,,,29.88,,,,,,,,,,,,,
Greenhouse,Temp & Humidity Sensor,2020/12/21 4:00 PM,51.6,61.0,38.6,49.3,,,29.88,,,,,,,,,,,,,
Greenhouse,Temp & Humidity Sensor,2020/12/21 4:05 PM,51.0,62.0,38.4,48.7,,,29.89,,,,,,,,,,,,,
Greenhouse,Temp & Humidity Sensor,2020/12/21 4:10 PM,50.7,64.0,39.0,48.5,,,29.89,,,,,,,,,,,,,
Greenhouse,Temp & Humidity Sensor,2020/12/21 4:15 PM,50.5,64.0,38.8,48.3,,,29.89,,,,,,,,,,,,,
Greenhouse,Temp & Humidity Sensor,2020/12/21 4:20 PM,50.1,65.0,38.8,47.9,,,29.89,,,,,,,,,,,,,
Greenhouse,Temp & Humidity Sensor,2020/12/21 4:25 PM,50.0,65.0,38.7,47.8,,,29.89,,,,,,,,,,,,,
Greenhouse,Temp & Humidity Sensor,2020/12/21 4:30 PM,49.8,66.0,38.9,47.6,,,29.89,,,,,,,,,,,,,
Greenhouse,Temp & Humidity Sensor,2020/12/21 4:35 PM,49.6,66.0,38.7,47.4,,,29.89,,,,,,,,,,,,,
Greenhouse,Temp & Humidity Sensor,2020/12/21 4:40 PM,49.1,67.0,38.6,46.9,,,29.88,,,,,,,,,,,,,
Greenhouse,Temp & Humidity Sensor,2020/12/21 4:45 PM,48.5,67.0,38.0,46.2,,,29.89,,,,,,,,,,,,,
Greenhouse,Temp & Humidity Sensor,2020/12/21 4:50 PM,48.2,68.0,38.1,45.9,,,29.89,,,,,,,,,,,,,
Greenhouse,Temp & Humidity Sensor,2020/12/21 4:55 PM,48.0,69.0,38.3,45.7,,,29.89,,,,,,,,,,,,,
Greenhouse,Temp & Humidity Sensor,2020/12/21 5:00 PM,47.4,70.0,38.1,45.1,,,29.88,,,,,,,,,,,,,
Greenhouse,Temp & Humidity Sensor,2020/12/21 5:05 PM,47.3,71.0,38.4,45.1,,,29.89,,,,,,,,,,,,,
Greenhouse,Temp & Humidity Sensor,2020/12/21 5:10 PM,47.3,74.0,39.4,45.2,,,29.89,,,,,,,,,,,,,
Greenhouse,Temp & Humidity Sensor,2020/12/21 5:15 PM,46.5,73.0,38.3,44.3,,,29.89,,,,,,,,,,,,,
Greenhouse,Temp & Humidity Sensor,2020/12/21 5:20 PM,46.0,74.0,38.2,43.8,,,29.89,,,,,,,,,,,,,
Greenhouse,Temp & Humidity Sensor,2020/12/21 5:25 PM,45.8,75.0,38.3,43.6,,,29.89,,,,,,,,,,,,,
Greenhouse,Temp & Humidity Sensor,2020/12/21 5:30 PM,45.5,75.0,38.0,43.3,,,29.89,,,,,,,,,,,,,
Greenhouse,Temp & Humidity Sensor,2020/12/21 5:35 PM,45.3,76.0,38.2,43.1,,,29.89,,,,,,,,,,,,,
Greenhouse,Temp & Humidity Sensor,2020/12/21 5:40 PM,45.1,76.0,38.0,42.9,,,29.89,,,,,,,,,,,,,
Greenhouse,Temp & Humidity Sensor,2020/12/21 5:45 PM,45.5,79.0,39.4,43.5,,,29.89,,,,,,,,,,,,,
Greenhouse,Temp & Humidity Sensor,2020/12/21 5:50 PM,44.9,78.0,38.5,42.8,,,29.89,,,,,,,,,,,,,
Greenhouse,Temp & Humidity Sensor,2020/12/21 5:55 PM,44.7,78.0,38.3,42.5,,,29.89,,,,,,,,,,,,,
Greenhouse,Temp & Humidity Sensor,2020/12/21 6:00 PM,44.9,79.0,38.8,42.8,,,29.88,,,,,,,,,,,,,
Greenhouse,Temp & Humidity Sensor,2020/12/21 6:05 PM,44.9,80.0,39.1,42.9,,,29.88,,,,,,,,,,,,,
Greenhouse,Temp & Humidity Sensor,2020/12/21 6:10 PM,44.6,81.0,39.1,42.6,,,29.88,,,,,,,,,,,,,
Greenhouse,Temp & Humidity Sensor,2020/12/21 6:15 PM,44.6,80.0,38.8,42.5,,,29.88,,,,,,,,,,,,,
Greenhouse,Temp & Humidity Sensor,2020/12/21 6:20 PM,44.4,81.0,38.9,42.3,,,29.89,,,,,,,,,,,,,
Greenhouse,Temp & Humidity Sensor,2020/12/21 6:25 PM,44.2,81.0,38.7,42.1,,,29.88,,,,,,,,,,,,,
Greenhouse,Temp & Humidity Sensor,2020/12/21 6:30 PM,43.8,81.0,38.4,41.7,,,29.88,,,,,,,,,,,,,
Greenhouse,Temp & Humidity Sensor,2020/12/21 6:35 PM,43.8,82.0,38.7,41.7,,,29.87,,,,,,,,,,,,,
Greenhouse,Temp & Humidity Sensor,2020/12/21 6:40 PM,44.4,84.0,39.9,42.5,,,29.87,,,,,,,,,,,,,
Greenhouse,Temp & Humidity Sensor,2020/12/21 6:45 PM,44.0,83.0,39.2,42.0,,,29.88,,,,,,,,,,,,,
Greenhouse,Temp & Humidity Sensor,2020/12/21 6:50 PM,44.4,84.0,39.9,42.5,,,29.88,,,,,,,,,,,,,
Greenhouse,Temp & Humidity Sensor,2020/12/21 6:55 PM,44.6,86.0,40.7,42.8,,,29.89,,,,,,,,,,,,,
Greenhouse,Temp & Humidity Sensor,2020/12/21 7:00 PM,44.6,86.0,40.7,42.8,,,29.89,,,,,,,,,,,,,
Greenhouse,Temp & Humidity Sensor,2020/12/21 7:05 PM,44.2,86.0,40.3,42.4,,,29.89,,,,,,,,,,,,,
Greenhouse,Temp & Humidity Sensor,2020/12/21 7:10 PM,44.2,86.0,40.3,42.4,,,29.89,,,,,,,,,,,,,
Greenhouse,Temp & Humidity Sensor,2020/12/21 7:15 PM,44.0,85.0,39.8,42.1,,,29.89,,,,,,,,,,,,,
Greenhouse,Temp & Humidity Sensor,2020/12/21 7:20 PM,43.8,85.0,39.6,41.9,,,29.89,,,,,,,,,,,,,
Greenhouse,Temp & Humidity Sensor,2020/12/21 7:25 PM,44.0,86.0,40.1,42.1,,,29.89,,,,,,,,,,,,,
Greenhouse,Temp & Humidity Sensor,2020/12/21 7:30 PM,44.6,88.0,41.3,42.9,,,29.89,,,,,,,,,,,,,
Greenhouse,Temp & Humidity Sensor,2020/12/21 7:35 PM,44.6,88.0,41.3,42.9,,,29.89,,,,,,,,,,,,,
Greenhouse,Temp & Humidity Sensor,2020/12/21 7:40 PM,44.6,88.0,41.3,42.9,,,29.9,,,,,,,,,,,,,
Greenhouse,Temp & Humidity Sensor,2020/12/21 7:45 PM,44.6,88.0,41.3,42.9,,,29.89,,,,,,,,,,,,,
Greenhouse,Temp & Humidity Sensor,2020/12/21 7:50 PM,44.7,88.0,41.4,43.0,,,29.89,,,,,,,,,,,,,
Greenhouse,Temp & Humidity Sensor,2020/12/21 7:55 PM,45.3,89.0,42.3,43.7,,,29.89,,,,,,,,,,,,,
Greenhouse,Temp & Humidity Sensor,2020/12/21 8:00 PM,45.8,90.0,43.0,44.3,,,29.89,,,,,,,,,,,,,
Greenhouse,Temp & Humidity Sensor,2020/12/21 8:05 PM,46.2,91.0,43.7,44.8,,,29.89,,,,,,,,,,,,,
Greenhouse,Temp & Humidity Sensor,2020/12/21 8:10 PM,46.0,90.0,43.2,44.5,,,29.89,,,,,,,,,,,,,
Greenhouse,Temp & Humidity Sensor,2020/12/21 8:15 PM,46.4,89.0,43.3,44.9,,,29.89,,,,,,,,,,,,,
Greenhouse,Temp & Humidity Sensor,2020/12/21 8:20 PM,46.2,90.0,43.4,44.8,,,29.9,,,,,,,,,,,,,
Greenhouse,Temp & Humidity Sensor,2020/12/21 8:25 PM,46.0,89.0,42.9,44.5,,,29.9,,,,,,,,,,,,,
Greenhouse,Temp & Humidity Sensor,2020/12/21 8:30 PM,46.0,89.0,42.9,44.5,,,29.9,,,,,,,,,,,,,
Greenhouse,Temp & Humidity Sensor,2020/12/21 8:35 PM,46.0,89.0,42.9,44.5,,,29.9,,,,,,,,,,,,,
Greenhouse,Temp & Humidity Sensor,2020/12/21 8:40 PM,46.0,89.0,42.9,44.5,,,29.9,,,,,,,,,,,,,
Greenhouse,Temp & Humidity Sensor,2020/12/21 8:45 PM,46.0,89.0,42.9,44.5,,,29.9,,,,,,,,,,,,,
Greenhouse,Temp & Humidity Sensor,2020/12/21 8:50 PM,45.8,89.0,42.7,44.3,,,29.9,,,,,,,,,,,,,
Greenhouse,Temp & Humidity Sensor,2020/12/21 8:55 PM,45.8,89.0,42.7,44.3,,,29.89,,,,,,,,,,,,,
Greenhouse,Temp & Humidity Sensor,2020/12/21 9:00 PM,45.6,89.0,42.5,44.0,,,29.89,,,,,,,,,,,,,
Greenhouse,Temp & Humidity Sensor,2020/12/21 9:05 PM,45.8,89.0,42.7,44.3,,,29.9,,,,,,,,,,,,,
Greenhouse,Temp & Humidity Sensor,2020/12/21 9:10 PM,45.8,90.0,43.0,44.3,,,29.9,,,,,,,,,,,,,
Greenhouse,Temp & Humidity Sensor,2020/12/21 9:15 PM,46.2,91.0,43.7,44.8,,,29.9,,,,,,,,,,,,,
Greenhouse,Temp & Humidity Sensor,2020/12/21 9:20 PM,45.6,91.0,43.1,44.1,,,29.9,,,,,,,,,,,,,
Greenhouse,Temp & Humidity Sensor,2020/12/21 9:25 PM,45.5,90.0,42.7,44.0,,,29.91,,,,,,,,,,,,,
Greenhouse,Temp & Humidity Sensor,2020/12/21 9:30 PM,45.3,90.0,42.5,43.8,,,29.91,,,,,,,,,,,,,
Greenhouse,Temp & Humidity Sensor,2020/12/21 9:35 PM,45.3,90.0,42.5,43.8,,,29.9,,,,,,,,,,,,,
Greenhouse,Temp & Humidity Sensor,2020/12/21 9:40 PM,44.9,90.0,42.1,43.3,,,29.91,,,,,,,,,,,,,
Greenhouse,Temp & Humidity Sensor,2020/12/21 9:45 PM,44.9,90.0,42.1,43.3,,,29.9,,,,,,,,,,,,,
Greenhouse,Temp & Humidity Sensor,2020/12/21 9:50 PM,45.3,90.0,42.5,43.8,,,29.9,,,,,,,,,,,,,
Greenhouse,Temp & Humidity Sensor,2020/12/21 9:55 PM,45.5,91.0,43.0,44.0,,,29.91,,,,,,,,,,,,,
Greenhouse,Temp & Humidity Sensor,2020/12/21 10:00 PM,45.6,91.0,43.1,44.1,,,29.9,,,,,,,,,,,,,
Greenhouse,Temp & Humidity Sensor,2020/12/21 10:05 PM,46.0,91.0,43.5,44.6,,,29.9,,,,,,,,,,,,,
Greenhouse,Temp & Humidity Sensor,2020/12/21 10:10 PM,46.2,90.0,43.4,44.8,,,29.9,,,,,,,,,,,,,
Greenhouse,Temp & Humidity Sensor,2020/12/21 10:15 PM,46.5,90.0,43.7,45.1,,,29.9,,,,,,,,,,,,,
Greenhouse,Temp & Humidity Sensor,2020/12/21 10:20 PM,46.5,90.0,43.7,45.1,,,29.91,,,,,,,,,,,,,
Greenhouse,Temp & Humidity Sensor,2020/12/21 10:25 PM,46.5,90.0,43.7,45.1,,,29.91,,,,,,,,,,,,,
Greenhouse,Temp & Humidity Sensor,2020/12/21 10:30 PM,46.9,90.0,44.1,45.5,,,29.91,,,,,,,,,,,,,
Greenhouse,Temp & Humidity Sensor,2020/12/21 10:35 PM,47.3,91.0,44.8,46.0,,,29.91,,,,,,,,,,,,,
Greenhouse,Temp & Humidity Sensor,2020/12/21 10:40 PM,47.1,90.0,44.3,45.7,,,29.91,,,,,,,,,,,,,
Greenhouse,Temp & Humidity Sensor,2020/12/21 10:45 PM,47.3,90.0,44.5,46.0,,,29.91,,,,,,,,,,,,,
Greenhouse,Temp & Humidity Sensor,2020/12/21 10:50 PM,47.1,90.0,44.3,45.7,,,29.91,,,,,,,,,,,,,
Greenhouse,Temp & Humidity Sensor,2020/12/21 10:55 PM,47.1,89.0,44.0,45.7,,,29.91,,,,,,,,,,,,,
Greenhouse,Temp & Humidity Sensor,2020/12/21 11:00 PM,47.1,89.0,44.0,45.7,,,29.91,,,,,,,,,,,,,
Greenhouse,Temp & Humidity Sensor,2020/12/21 11:05 PM,46.9,89.0,43.8,45.5,,,29.91,,,,,,,,,,,,,
Greenhouse,Temp & Humidity Sensor,2020/12/21 11:10 PM,46.7,89.0,43.6,45.3,,,29.91,,,,,,,,,,,,,
Greenhouse,Temp & Humidity Sensor,2020/12/21 11:15 PM,46.9,89.0,43.8,45.5,,,29.92,,,,,,,,,,,,,
Greenhouse,Temp & Humidity Sensor,2020/12/21 11:20 PM,46.7,89.0,43.6,45.3,,,29.92,,,,,,,,,,,,,
Greenhouse,Temp & Humidity Sensor,2020/12/21 11:25 PM,46.5,89.0,43.4,45.0,,,29.92,,,,,,,,,,,,,
Greenhouse,Temp & Humidity Sensor,2020/12/21 11:30 PM,46.7,89.0,43.6,45.3,,,29.92,,,,,,,,,,,,,
Greenhouse,Temp & Humidity Sensor,2020/12/21 11:35 PM,46.5,89.0,43.4,45.0,,,29.92,,,,,,,,,,,,,
Greenhouse,Temp & Humidity Sensor,2020/12/21 11:40 PM,46.4,89.0,43.3,44.9,,,29.92,,,,,,,,,,,,,
Greenhouse,Temp & Humidity Sensor,2020/12/21 11:45 PM,46.2,89.0,43.1,44.7,,,29.93,,,,,,,,,,,,,
Greenhouse,Temp & Humidity Sensor,2020/12/21 11:50 PM,46.2,90.0,43.4,44.8,,,29.93,,,,,,,,,,,,,
Greenhouse,Temp & Humidity Sensor,2020/12/21 11:55 PM,46.0,90.0,43.2,44.5,,,29.93,,,,,,,,,,,,,
Greenhouse,Temp & Humidity Sensor,2020/12/22 12:00 AM,45.8,90.0,43.0,44.3,,,29.93,,,,,,,,,,,,,
Greenhouse,Temp & Humidity Sensor,2020/12/22 12:05 AM,45.6,90.0,42.8,44.1,,,29.94,,,,,,,,,,,,,
Greenhouse,Temp & Humidity Sensor,2020/12/22 12:10 AM,45.6,90.0,42.8,44.1,,,29.93,,,,,,,,,,,,,
Greenhouse,Temp & Humidity Sensor,2020/12/22 12:15 AM,45.5,90.0,42.7,44.0,,,29.94,,,,,,,,,,,,,
Greenhouse,Temp & Humidity Sensor,2020/12/22 12:20 AM,45.1,90.0,42.3,43.5,,,29.94,,,,,,,,,,,,,
Greenhouse,Temp & Humidity Sensor,2020/12/22 12:25 AM,44.7,90.0,41.9,43.1,,,29.94,,,,,,,,,,,,,
Greenhouse,Temp & Humidity Sensor,2020/12/22 12:30 AM,44.6,90.0,41.9,43.0,,,29.94,,,,,,,,,,,,,
Greenhouse,Temp & Humidity Sensor,2020/12/22 12:35 AM,44.7,90.0,41.9,43.1,,,29.94,,,,,,,,,,,,,
Greenhouse,Temp & Humidity Sensor,2020/12/22 12:40 AM,44.7,91.0,42.2,43.1,,,29.94,,,,,,,,,,,,,
Greenhouse,Temp & Humidity Sensor,2020/12/22 12:45 AM,44.6,91.0,42.1,43.0,,,29.95,,,,,,,,,,,,,
Greenhouse,Temp & Humidity Sensor,2020/12/22 12:50 AM,44.6,91.0,42.1,43.0,,,29.95,,,,,,,,,,,,,
Greenhouse,Temp & Humidity Sensor,2020/12/22 12:55 AM,44.6,91.0,42.1,43.0,,,29.95,,,,,,,,,,,,,
Greenhouse,Temp & Humidity Sensor,2020/12/22 1:00 AM,44.6,91.0,42.1,43.0,,,29.95,,,,,,,,,,,,,
Greenhouse,Temp & Humidity Sensor,2020/12/22 1:05 AM,44.4,92.0,42.2,42.9,,,29.95,,,,,,,,,,,,,
Greenhouse,Temp & Humidity Sensor,2020/12/22 1:10 AM,44.4,93.0,42.5,42.9,,,29.95,,,,,,,,,,,,,
Greenhouse,Temp & Humidity Sensor,2020/12/22 1:15 AM,44.6,92.0,42.4,43.1,,,29.95,,,,,,,,,,,,,
Greenhouse,Temp & Humidity Sensor,2020/12/22 1:20 AM,44.4,93.0,42.5,42.9,,,29.96,,,,,,,,,,,,,
Greenhouse,Temp & Humidity Sensor,2020/12/22 1:25 AM,44.2,93.0,42.3,42.7,,,29.96,,,,,,,,,,,,,
Greenhouse,Temp & Humidity Sensor,2020/12/22 1:30 AM,44.4,93.0,42.5,42.9,,,29.96,,,,,,,,,,,,,
Greenhouse,Temp & Humidity Sensor,2020/12/22 1:35 AM,44.2,93.0,42.3,42.7,,,29.96,,,,,,,,,,,,,
Greenhouse,Temp & Humidity Sensor,2020/12/22 1:40 AM,44.6,93.0,42.7,43.1,,,29.96,,,,,,,,,,,,,
Greenhouse,Temp & Humidity Sensor,2020/12/22 1:45 AM,44.6,93.0,42.7,43.1,,,29.97,,,,,,,,,,,,,
Greenhouse,Temp & Humidity Sensor,2020/12/22 1:50 AM,44.4,94.0,42.8,43.0,,,29.97,,,,,,,,,,,,,
Greenhouse,Temp & Humidity Sensor,2020/12/22 1:55 AM,44.4,94.0,42.8,43.0,,,29.97,,,,,,,,,,,,,
Greenhouse,Temp & Humidity Sensor,2020/12/22 2:00 AM,44.0,94.0,42.4,42.5,,,29.97,,,,,,,,,,,,,
Greenhouse,Temp & Humidity Sensor,2020/12/22 2:05 AM,44.0,94.0,42.4,42.5,,,29.97,,,,,,,,,,,,,
Greenhouse,Temp & Humidity Sensor,2020/12/22 2:10 AM,44.0,94.0,42.4,42.5,,,29.97,,,,,,,,,,,,,
Greenhouse,Temp & Humidity Sensor,2020/12/22 2:15 AM,44.0,94.0,42.4,42.5,,,29.97,,,,,,,,,,,,,
Greenhouse,Temp & Humidity Sensor,2020/12/22 2:20 AM,44.0,94.0,42.4,42.5,,,29.97,,,,,,,,,,,,,
Greenhouse,Temp & Humidity Sensor,2020/12/22 2:25 AM,43.7,94.0,42.1,42.2,,,29.97,,,,,,,,,,,,,
Greenhouse,Temp & Humidity Sensor,2020/12/22 2:30 AM,43.5,94.0,41.9,42.0,,,29.97,,,,,,,,,,,,,
Greenhouse,Temp & Humidity Sensor,2020/12/22 2:35 AM,43.7,94.0,42.1,42.2,,,29.97,,,,,,,,,,,,,
Greenhouse,Temp & Humidity Sensor,2020/12/22 2:40 AM,43.3,94.0,41.7,41.7,,,29.97,,,,,,,,,,,,,
Greenhouse,Temp & Humidity Sensor,2020/12/22 2:45 AM,43.3,94.0,41.7,41.7,,,29.97,,,,,,,,,,,,,
Greenhouse,Temp & Humidity Sensor,2020/12/22 2:50 AM,42.9,94.0,41.3,41.3,,,29.97,,,,,,,,,,,,,
Greenhouse,Temp & Humidity Sensor,2020/12/22 2:55 AM,42.9,95.0,41.6,41.4,,,29.97,,,,,,,,,,,,,
Greenhouse,Temp & Humidity Sensor,2020/12/22 3:00 AM,42.9,95.0,41.6,41.4,,,29.97,,,,,,,,,,,,,
Greenhouse,Temp & Humidity Sensor,2020/12/22 3:05 AM,42.8,95.0,41.5,41.2,,,29.97,,,,,,,,,,,,,
Greenhouse,Temp & Humidity Sensor,2020/12/22 3:10 AM,42.8,95.0,41.5,41.2,,,29.97,,,,,,,,,,,,,
Greenhouse,Temp & Humidity Sensor,2020/12/22 3:15 AM,42.6,95.0,41.3,41.0,,,29.97,,,,,,,,,,,,,
Greenhouse,Temp & Humidity Sensor,2020/12/22 3:20 AM,42.8,95.0,41.5,41.2,,,29.97,,,,,,,,,,,,,
Greenhouse,Temp & Humidity Sensor,2020/12/22 3:25 AM,42.4,95.0,41.1,40.8,,,29.97,,,,,,,,,,,,,
Greenhouse,Temp & Humidity Sensor,2020/12/22 3:30 AM,42.6,95.0,41.3,41.0,,,29.97,,,,,,,,,,,,,
Greenhouse,Temp & Humidity Sensor,2020/12/22 3:35 AM,42.4,95.0,41.1,40.8,,,29.97,,,,,,,,,,,,,
Greenhouse,Temp & Humidity Sensor,2020/12/22 3:40 AM,42.0,95.0,40.7,40.4,,,29.97,,,,,,,,,,,,,
Greenhouse,Temp & Humidity Sensor,2020/12/22 3:45 AM,42.0,96.0,40.9,40.4,,,29.97,,,,,,,,,,,,,
Greenhouse,Temp & Humidity Sensor,2020/12/22 3:50 AM,41.9,96.0,40.8,40.3,,,29.97,,,,,,,,,,,,,
Greenhouse,Temp & Humidity Sensor,2020/12/22 3:55 AM,42.0,96.0,40.9,40.4,,,29.97,,,,,,,,,,,,,
Greenhouse,Temp & Humidity Sensor,2020/12/22 4:00 AM,42.0,96.0,40.9,40.4,,,29.97,,,,,,,,,,,,,
Greenhouse,Temp & Humidity Sensor,2020/12/22 4:05 AM,41.7,96.0,40.6,40.1,,,29.97,,,,,,,,,,,,,
Greenhouse,Temp & Humidity Sensor,2020/12/22 4:10 AM,41.7,96.0,40.6,40.1,,,29.97,,,,,,,,,,,,,
Greenhouse,Temp & Humidity Sensor,2020/12/22 4:15 AM,41.7,96.0,40.6,40.1,,,29.97,,,,,,,,,,,,,
Greenhouse,Temp & Humidity Sensor,2020/12/22 4:20 AM,41.5,96.0,40.4,39.9,,,29.97,,,,,,,,,,,,,
Greenhouse,Temp & Humidity Sensor,2020/12/22 4:25 AM,41.5,96.0,40.4,39.9,,,29.97,,,,,,,,,,,,,
Greenhouse,Temp & Humidity Sensor,2020/12/22 4:30 AM,41.5,96.0,40.4,39.9,,,29.97,,,,,,,,,,,,,
Greenhouse,Temp & Humidity Sensor,2020/12/22 4:35 AM,41.3,96.0,40.2,39.6,,,29.97,,,,,,,,,,,,,
Greenhouse,Temp & Humidity Sensor,2020/12/22 4:40 AM,41.1,96.0,40.0,39.4,,,29.97,,,,,,,,,,,,,
Greenhouse,Temp & Humidity Sensor,2020/12/22 4:45 AM,41.1,96.0,40.0,39.4,,,29.97,,,,,,,,,,,,,
Greenhouse,Temp & Humidity Sensor,2020/12/22 4:50 AM,41.1,96.0,40.0,39.4,,,29.97,,,,,,,,,,,,,
Greenhouse,Temp & Humidity Sensor,2020/12/22 4:55 AM,41.1,96.0,40.0,39.4,,,29.97,,,,,,,,,,,,,
Greenhouse,Temp & Humidity Sensor,2020/12/22 5:00 AM,41.0,96.0,39.9,39.3,,,29.97,,,,,,,,,,,,,
Greenhouse,Temp & Humidity Sensor,2020/12/22 5:05 AM,41.0,96.0,39.9,39.3,,,29.97,,,,,,,,,,,,,
Greenhouse,Temp & Humidity Sensor,2020/12/22 5:10 AM,41.0,96.0,39.9,39.3,,,29.98,,,,,,,,,,,,,
Greenhouse,Temp & Humidity Sensor,2020/12/22 5:15 AM,40.8,97.0,40.0,39.1,,,29.98,,,,,,,,,,,,,
Greenhouse,Temp & Humidity Sensor,2020/12/22 5:20 AM,40.6,97.0,39.8,38.9,,,29.98,,,,,,,,,,,,,
Greenhouse,Temp & Humidity Sensor,2020/12/22 5:25 AM,40.6,97.0,39.8,38.9,,,29.98,,,,,,,,,,,,,
Greenhouse,Temp & Humidity Sensor,2020/12/22 5:30 AM,40.4,97.0,39.6,38.7,,,29.98,,,,,,,,,,,,,
Greenhouse,Temp & Humidity Sensor,2020/12/22 5:35 AM,40.4,97.0,39.6,38.7,,,29.98,,,,,,,,,,,,,
Greenhouse,Temp & Humidity Sensor,2020/12/22 5:40 AM,40.6,96.0,39.6,38.9,,,29.99,,,,,,,,,,,,,
Greenhouse,Temp & Humidity Sensor,2020/12/22 5:45 AM,41.0,96.0,39.9,39.3,,,29.99,,,,,,,,,,,,,
Greenhouse,Temp & Humidity Sensor,2020/12/22 5:50 AM,41.3,96.0,40.2,39.6,,,29.99,,,,,,,,,,,,,
Greenhouse,Temp & Humidity Sensor,2020/12/22 5:55 AM,41.3,96.0,40.2,39.6,,,29.98,,,,,,,,,,,,,
Greenhouse,Temp & Humidity Sensor,2020/12/22 6:00 AM,41.3,96.0,40.2,39.6,,,29.99,,,,,,,,,,,,,
Greenhouse,Temp & Humidity Sensor,2020/12/22 6:05 AM,41.3,96.0,40.2,39.6,,,29.99,,,,,,,,,,,,,
Greenhouse,Temp & Humidity Sensor,2020/12/22 6:10 AM,41.3,96.0,40.2,39.6,,,30.0,,,,,,,,,,,,,
Greenhouse,Temp & Humidity Sensor,2020/12/22 6:15 AM,41.3,96.0,40.2,39.6,,,30.0,,,,,,,,,,,,,
Greenhouse,Temp & Humidity Sensor,2020/12/22 6:20 AM,41.5,96.0,40.4,39.9,,,30.0,,,,,,,,,,,,,
Greenhouse,Temp & Humidity Sensor,2020/12/22 6:25 AM,41.5,96.0,40.4,39.9,,,30.0,,,,,,,,,,,,,
Greenhouse,Temp & Humidity Sensor,2020/12/22 6:30 AM,41.5,96.0,40.4,39.9,,,30.01,,,,,,,,,,,,,
Greenhouse,Temp & Humidity Sensor,2020/12/22 6:35 AM,41.5,96.0,40.4,39.9,,,30.01,,,,,,,,,,,,,
Greenhouse,Temp & Humidity Sensor,2020/12/22 6:40 AM,41.5,96.0,40.4,39.9,,,30.02,,,,,,,,,,,,,
Greenhouse,Temp & Humidity Sensor,2020/12/22 6:45 AM,41.5,96.0,40.4,39.9,,,30.02,,,,,,,,,,,,,
Greenhouse,Temp & Humidity Sensor,2020/12/22 6:50 AM,41.3,96.0,40.2,39.6,,,30.02,,,,,,,,,,,,,
Greenhouse,Temp & Humidity Sensor,2020/12/22 6:55 AM,41.3,96.0,40.2,39.6,,,30.02,,,,,,,,,,,,,
Greenhouse,Temp & Humidity Sensor,2020/12/22 7:00 AM,41.1,96.0,40.0,39.4,,,30.02,,,,,,,,,,,,,
Greenhouse,Temp & Humidity Sensor,2020/12/22 7:05 AM,41.3,96.0,40.2,39.6,,,30.02,,,,,,,,,,,,,
Greenhouse,Temp & Humidity Sensor,2020/12/22 7:10 AM,41.0,96.0,39.9,39.3,,,30.03,,,,,,,,,,,,,
Greenhouse,Temp & Humidity Sensor,2020/12/22 7:15 AM,40.6,97.0,39.8,38.9,,,30.03,,,,,,,,,,,,,
Greenhouse,Temp & Humidity Sensor,2020/12/22 7:20 AM,40.4,97.0,39.6,38.7,,,30.03,,,,,,,,,,,,,
Greenhouse,Temp & Humidity Sensor,2020/12/22 7:25 AM,40.4,97.0,39.6,38.7,,,30.03,,,,,,,,,,,,,
Greenhouse,Temp & Humidity Sensor,2020/12/22 7:30 AM,40.2,97.0,39.4,38.5,,,30.03,,,,,,,,,,,,,
Greenhouse,Temp & Humidity Sensor,2020/12/22 7:35 AM,40.1,97.0,39.3,38.4,,,30.03,,,,,,,,,,,,,
Greenhouse,Temp & Humidity Sensor,2020/12/22 7:40 AM,40.1,97.0,39.3,38.4,,,30.04,,,,,,,,,,,,,
Greenhouse,Temp & Humidity Sensor,2020/12/22 7:45 AM,40.1,97.0,39.3,38.4,,,30.04,,,,,,,,,,,,,
Greenhouse,Temp & Humidity Sensor,2020/12/22 7:50 AM,40.1,97.0,39.3,38.4,,,30.04,,,,,,,,,,,,,
Greenhouse,Temp & Humidity Sensor,2020/12/22 7:55 AM,40.1,97.0,39.3,38.4,,,30.05,,,,,,,,,,,,,
Greenhouse,Temp & Humidity Sensor,2020/12/22 8:00 AM,40.2,97.0,39.4,38.5,,,30.05,,,,,,,,,,,,,
Greenhouse,Temp & Humidity Sensor,2020/12/22 8:05 AM,40.4,97.0,39.6,38.7,,,30.05,,,,,,,,,,,,,
Greenhouse,Temp & Humidity Sensor,2020/12/22 8:10 AM,40.6,97.0,39.8,38.9,,,30.06,,,,,,,,,,,,,
Greenhouse,Temp & Humidity Sensor,2020/12/22 8:15 AM,40.8,97.0,40.0,39.1,,,30.06,,,,,,,,,,,,,
Greenhouse,Temp & Humidity Sensor,2020/12/22 8:20 AM,41.0,97.0,40.2,39.4,,,30.06,,,,,,,,,,,,,
Greenhouse,Temp & Humidity Sensor,2020/12/22 8:25 AM,41.0,97.0,40.2,39.4,,,30.07,,,,,,,,,,,,,
Greenhouse,Temp & Humidity Sensor,2020/12/22 8:30 AM,41.3,97.0,40.5,39.7,,,30.07,,,,,,,,,,,,,
Greenhouse,Temp & Humidity Sensor,2020/12/22 8:35 AM,41.5,97.0,40.7,39.9,,,30.07,,,,,,,,,,,,,
Greenhouse,Temp & Humidity Sensor,2020/12/22 8:40 AM,41.9,97.0,41.1,40.3,,,30.08,,,,,,,,,,,,,
Greenhouse,Temp & Humidity Sensor,2020/12/22 8:45 AM,42.4,97.0,41.6,40.9,,,30.08,,,,,,,,,,,,,
Greenhouse,Temp & Humidity Sensor,2020/12/22 8:50 AM,43.3,96.0,42.2,41.8,,,30.08,,,,,,,,,,,,,
Greenhouse,Temp & Humidity Sensor,2020/12/22 8:55 AM,44.2,96.0,43.1,42.8,,,30.08,,,,,,,,,,,,,
Greenhouse,Temp & Humidity Sensor,2020/12/22 9:00 AM,44.6,95.0,43.3,43.2,,,30.09,,,,,,,,,,,,,
Greenhouse,Temp & Humidity Sensor,2020/12/22 9:05 AM,44.6,95.0,43.3,43.2,,,30.09,,,,,,,,,,,,,
Greenhouse,Temp & Humidity Sensor,2020/12/22 9:10 AM,44.7,95.0,43.4,43.3,,,30.09,,,,,,,,,,,,,
Greenhouse,Temp & Humidity Sensor,2020/12/22 9:15 AM,45.3,95.0,44.0,44.0,,,30.1,,,,,,,,,,,,,
Greenhouse,Temp & Humidity Sensor,2020/12/22 9:20 AM,46.0,96.0,44.9,44.8,,,30.1,,,,,,,,,,,,,
Greenhouse,Temp & Humidity Sensor,2020/12/22 9:25 AM,48.0,95.0,46.6,47.0,,,30.1,,,,,,,,,,,,,
Greenhouse,Temp & Humidity Sensor,2020/12/22 9:30 AM,48.3,94.0,46.7,47.2,,,30.11,,,,,,,,,,,,,
Greenhouse,Temp & Humidity Sensor,2020/12/22 9:35 AM,48.9,93.0,47.0,47.9,,,30.11,,,,,,,,,,,,,
Greenhouse,Temp & Humidity Sensor,2020/12/22 9:40 AM,49.1,92.0,46.9,48.0,,,30.11,,,,,,,,,,,,,
Greenhouse,Temp & Humidity Sensor,2020/12/22 9:45 AM,49.8,92.0,47.6,48.8,,,30.11,,,,,,,,,,,,,
Greenhouse,Temp & Humidity Sensor,2020/12/22 9:50 AM,50.3,88.0,46.9,49.2,,,30.11,,,,,,,,,,,,,
Greenhouse,Temp & Humidity Sensor,2020/12/22 9:55 AM,49.1,79.0,42.9,47.4,,,30.12,,,,,,,,,,,,,
Greenhouse,Temp & Humidity Sensor,2020/12/22 10:00 AM,48.3,77.0,41.4,46.4,,,30.12,,,,,,,,,,,,,
Greenhouse,Temp & Humidity Sensor,2020/12/22 10:05 AM,48.9,73.0,40.6,46.9,,,30.12,,,,,,,,,,,,,
Greenhouse,Temp & Humidity Sensor,2020/12/22 10:10 AM,51.2,56.0,36.0,48.7,,,30.13,,,,,,,,,,,,,
Greenhouse,Temp & Humidity Sensor,2020/12/22 10:15 AM,51.6,53.0,35.0,49.0,,,30.12,,,,,,,,,,,,,
Greenhouse,Temp & Humidity Sensor,2020/12/22 10:20 AM,50.9,52.0,33.9,48.1,,,30.13,,,,,,,,,,,,,
Greenhouse,Temp & Humidity Sensor,2020/12/22 10:25 AM,50.9,50.0,32.9,48.0,,,30.13,,,,,,,,,,,,,
Greenhouse,Temp & Humidity Sensor,2020/12/22 10:30 AM,51.2,51.0,33.7,48.4,,,30.13,,,,,,,,,,,,,
Greenhouse,Temp & Humidity Sensor,2020/12/22 10:35 AM,50.5,50.0,32.6,47.6,,,30.13,,,,,,,,,,,,,
Greenhouse,Temp & Humidity Sensor,2020/12/22 10:40 AM,50.3,51.0,32.9,47.4,,,30.14,,,,,,,,,,,,,
Greenhouse,Temp & Humidity Sensor,2020/12/22 10:45 AM,50.9,51.0,33.4,48.1,,,30.13,,,,,,,,,,,,,
Greenhouse,Temp & Humidity Sensor,2020/12/22 10:50 AM,51.6,51.0,34.1,48.9,,,30.14,,,,,,,,,,,,,
Greenhouse,Temp & Humidity Sensor,2020/12/22 10:55 AM,52.3,46.0,32.1,49.4,,,30.15,,,,,,,,,,,,,
Greenhouse,Temp & Humidity Sensor,2020/12/22 11:00 AM,52.5,45.0,31.8,49.6,,,30.15,,,,,,,,,,,,,
Greenhouse,Temp & Humidity Sensor,2020/12/22 11:05 AM,53.9,45.0,33.1,51.1,,,30.15,,,,,,,,,,,,,
Greenhouse,Temp & Humidity Sensor,2020/12/22 11:10 AM,52.7,43.0,30.8,49.7,,,30.15,,,,,,,,,,,,,
Greenhouse,Temp & Humidity Sensor,2020/12/22 11:15 AM,52.5,45.0,31.8,49.6,,,30.15,,,,,,,,,,,,,
Greenhouse,Temp & Humidity Sensor,2020/12/22 11:20 AM,52.8,45.0,32.1,49.9,,,30.15,,,,,,,,,,,,,
Greenhouse,Temp & Humidity Sensor,2020/12/22 11:25 AM,52.5,46.0,32.3,49.6,,,30.15,,,,,,,,,,,,,
Greenhouse,Temp & Humidity Sensor,2020/12/22 11:30 AM,53.7,44.0,32.3,50.8,,,30.14,,,,,,,,,,,,,
Greenhouse,Temp & Humidity Sensor,2020/12/22 11:35 AM,53.9,43.0,31.9,51.0,,,30.15,,,,,,,,,,,,,
Greenhouse,Temp & Humidity Sensor,2020/12/22 11:40 AM,55.9,41.0,32.5,53.1,,,30.15,,,,,,,,,,,,,
Greenhouse,Temp & Humidity Sensor,2020/12/22 11:45 AM,54.8,42.0,32.2,52.0,,,30.15,,,,,,,,,,,,,
Greenhouse,Temp & Humidity Sensor,2020/12/22 11:50 AM,56.3,43.0,34.1,53.7,,,30.15,,,,,,,,,,,,,
Greenhouse,Temp & Humidity Sensor,2020/12/22 11:55 AM,58.8,41.0,35.2,56.3,,,30.15,,,,,,,,,,,,,
Greenhouse,Temp & Humidity Sensor,2020/12/22 12:00 PM,55.9,40.0,31.9,53.1,,,30.15,,,,,,,,,,,,,
Greenhouse,Temp & Humidity Sensor,2020/12/22 12:05 PM,55.7,41.0,32.4,52.9,,,30.15,,,,,,,,,,,,,
Greenhouse,Temp & Humidity Sensor,2020/12/22 12:10 PM,57.2,41.0,33.7,54.5,,,30.15,,,,,,,,,,,,,
Greenhouse,Temp & Humidity Sensor,2020/12/22 12:15 PM,55.4,41.0,32.1,52.6,,,30.15,,,,,,,,,,,,,
Greenhouse,Temp & Humidity Sensor,2020/12/22 12:20 PM,55.5,42.0,32.8,52.7,,,30.15,,,,,,,,,,,,,
Greenhouse,Temp & Humidity Sensor,2020/12/22 12:25 PM,55.4,40.0,31.5,52.5,,,30.15,,,,,,,,,,,,,
Greenhouse,Temp & Humidity Sensor,2020/12/22 12:30 PM,58.1,41.0,34.5,55.5,,,30.16,,,,,,,,,,,,,
Greenhouse,Temp & Humidity Sensor,2020/12/22 12:35 PM,60.0,35.0,32.3,57.3,,,30.16,,,,,,,,,,,,,
Greenhouse,Temp & Humidity Sensor,2020/12/22 12:40 PM,58.4,36.0,31.6,55.6,,,30.16,,,,,,,,,,,,,
Greenhouse,Temp & Humidity Sensor,2020/12/22 12:45 PM,58.6,38.0,33.1,55.9,,,30.16,,,,,,,,,,,,,
Greenhouse,Temp & Humidity Sensor,2020/12/22 12:50 PM,55.7,37.0,29.8,52.7,,,30.16,,,,,,,,,,,,,
Greenhouse,Temp & Humidity Sensor,2020/12/22 12:55 PM,55.9,38.0,30.7,53.0,,,30.16,,,,,,,,,,,,,
Greenhouse,Temp & Humidity Sensor,2020/12/22 1:00 PM,59.0,35.0,31.4,56.2,,,30.16,,,,,,,,,,,,,
Greenhouse,Temp & Humidity Sensor,2020/12/22 1:05 PM,57.3,34.0,29.2,54.3,,,30.16,,,,,,,,,,,,,
Greenhouse,Temp & Humidity Sensor,2020/12/22 1:10 PM,55.0,37.0,29.2,51.9,,,30.16,,,,,,,,,,,,,
Greenhouse,Temp & Humidity Sensor,2020/12/22 1:15 PM,54.6,39.0,30.1,51.6,,,30.17,,,,,,,,,,,,,
Greenhouse,Temp & Humidity Sensor,2020/12/22 1:20 PM,55.2,37.0,29.4,52.2,,,30.16,,,,,,,,,,,,,
Greenhouse,Temp & Humidity Sensor,2020/12/22 1:25 PM,55.0,37.0,29.2,51.9,,,30.16,,,,,,,,,,,,,
Greenhouse,Temp & Humidity Sensor,2020/12/22 1:30 PM,56.3,39.0,31.7,53.5,,,30.16,,,,,,,,,,,,,
Greenhouse,Temp & Humidity Sensor,2020/12/22 1:35 PM,59.9,39.0,34.9,57.4,,,30.16,,,,,,,,,,,,,
Greenhouse,Temp & Humidity Sensor,2020/12/22 1:40 PM,58.1,36.0,31.3,55.3,,,30.16,,,,,,,,,,,,,
Greenhouse,Temp & Humidity Sensor,2020/12/22 1:45 PM,57.0,38.0,31.6,54.2,,,30.16,,,,,,,,,,,,,
Greenhouse,Temp & Humidity Sensor,2020/12/22 1:50 PM,55.0,39.0,30.5,52.0,,,30.17,,,,,,,,,,,,,
Greenhouse,Temp & Humidity Sensor,2020/12/22 1:55 PM,55.0,38.0,29.9,52.0,,,30.16,,,,,,,,,,,,,
Greenhouse,Temp & Humidity Sensor,2020/12/22 2:00 PM,54.8,39.0,30.3,51.8,,,30.16,,,,,,,,,,,,,
Greenhouse,Temp & Humidity Sensor,2020/12/22 2:05 PM,58.1,39.0,33.3,55.4,,,30.17,,,,,,,,,,,,,
Greenhouse,Temp & Humidity Sensor,2020/12/22 2:10 PM,61.7,37.0,35.2,59.3,,,30.17,,,,,,,,,,,,,
Greenhouse,Temp & Humidity Sensor,2020/12/22 2:15 PM,60.2,35.0,32.4,57.6,,,30.17,,,,,,,,,,,,,
Greenhouse,Temp & Humidity Sensor,2020/12/22 2:20 PM,58.6,34.0,30.3,55.8,,,30.17,,,,,,,,,,,,,
Greenhouse,Temp & Humidity Sensor,2020/12/22 2:25 PM,55.7,35.0,28.5,52.6,,,30.17,,,,,,,,,,,,,
Greenhouse,Temp & Humidity Sensor,2020/12/22 2:30 PM,55.5,35.0,28.3,52.4,,,30.17,,,,,,,,,,,,,
Greenhouse,Temp & Humidity Sensor,2020/12/22 2:35 PM,57.3,34.0,29.2,54.3,,,30.17,,,,,,,,,,,,,
Greenhouse,Temp & Humidity Sensor,2020/12/22 2:40 PM,58.1,35.0,30.6,55.3,,,30.17,,,,,,,,,,,,,
Greenhouse,Temp & Humidity Sensor,2020/12/22 2:45 PM,56.4,35.0,29.1,53.4,,,30.18,,,,,,,,,,,,,
Greenhouse,Temp & Humidity Sensor,2020/12/22 2:50 PM,55.4,36.0,28.9,52.3,,,30.18,,,,,,,,,,,,,
Greenhouse,Temp & Humidity Sensor,2020/12/22 2:55 PM,54.6,36.0,28.2,51.5,,,30.18,,,,,,,,,,,,,
Greenhouse,Temp & Humidity Sensor,2020/12/22 3:00 PM,54.8,36.0,28.4,51.7,,,30.19,,,,,,,,,,,,,
Greenhouse,Temp & Humidity Sensor,2020/12/22 3:05 PM,58.1,35.0,30.6,55.3,,,30.18,,,,,,,,,,,,,
Greenhouse,Temp & Humidity Sensor,2020/12/22 3:10 PM,56.4,35.0,29.1,53.4,,,30.18,,,,,,,,,,,,,
Greenhouse,Temp & Humidity Sensor,2020/12/22 3:15 PM,55.5,38.0,30.3,52.5,,,30.19,,,,,,,,,,,,,
Greenhouse,Temp & Humidity Sensor,2020/12/22 3:20 PM,53.9,39.0,29.5,50.8,,,30.19,,,,,,,,,,,,,
Greenhouse,Temp & Humidity Sensor,2020/12/22 3:25 PM,53.4,39.0,29.1,50.3,,,30.19,,,,,,,,,,,,,
Greenhouse,Temp & Humidity Sensor,2020/12/22 3:30 PM,53.4,40.0,29.7,50.3,,,30.19,,,,,,,,,,,,,
Greenhouse,Temp & Humidity Sensor,2020/12/22 3:35 PM,53.0,40.0,29.3,49.9,,,30.19,,,,,,,,,,,,,
Greenhouse,Temp & Humidity Sensor,2020/12/22 3:40 PM,53.0,40.0,29.3,49.9,,,30.2,,,,,,,,,,,,,
Greenhouse,Temp & Humidity Sensor,2020/12/22 3:45 PM,52.7,41.0,29.7,49.6,,,30.2,,,,,,,,,,,,,
Greenhouse,Temp & Humidity Sensor,2020/12/22 3:50 PM,51.9,41.0,28.9,48.7,,,30.2,,,,,,,,,,,,,
Greenhouse,Temp & Humidity Sensor,2020/12/22 3:55 PM,51.0,42.0,28.7,47.8,,,30.21,,,,,,,,,,,,,
Greenhouse,Temp & Humidity Sensor,2020/12/22 4:00 PM,51.0,41.0,28.1,47.7,,,30.21,,,,,,,,,,,,,
Greenhouse,Temp & Humidity Sensor,2020/12/22 4:05 PM,51.4,41.0,28.5,48.2,,,30.21,,,,,,,,,,,,,
Greenhouse,Temp & Humidity Sensor,2020/12/22 4:10 PM,50.3,42.0,28.1,47.0,,,30.21,,,,,,,,,,,,,
Greenhouse,Temp & Humidity Sensor,2020/12/22 4:15 PM,49.8,42.0,27.6,46.5,,,30.21,,,,,,,,,,,,,
Greenhouse,Temp & Humidity Sensor,2020/12/22 4:20 PM,49.2,43.0,27.7,45.8,,,30.21,,,,,,,,,,,,,
Greenhouse,Temp & Humidity Sensor,2020/12/22 4:25 PM,48.7,43.0,27.2,45.3,,,30.22,,,,,,,,,,,,,
Greenhouse,Temp & Humidity Sensor,2020/12/22 4:30 PM,48.7,45.0,28.3,45.4,,,30.22,,,,,,,,,,,,,
Greenhouse,Temp & Humidity Sensor,2020/12/22 4:35 PM,48.2,49.0,29.9,45.0,,,30.22,,,,,,,,,,,,,
Greenhouse,Temp & Humidity Sensor,2020/12/22 4:40 PM,47.4,50.0,29.7,44.2,,,30.21,,,,,,,,,,,,,
Greenhouse,Temp & Humidity Sensor,2020/12/22 4:45 PM,46.9,50.0,29.2,43.6,,,30.22,,,,,,,,,,,,,
Greenhouse,Temp & Humidity Sensor,2020/12/22 4:50 PM,46.5,51.0,29.4,43.2,,,30.23,,,,,,,,,,,,,
Greenhouse,Temp & Humidity Sensor,2020/12/22 4:55 PM,46.2,53.0,30.0,43.0,,,30.23,,,,,,,,,,,,,
Greenhouse,Temp & Humidity Sensor,2020/12/22 5:00 PM,45.6,57.0,31.3,42.5,,,30.23,,,,,,,,,,,,,
Greenhouse,Temp & Humidity Sensor,2020/12/22 5:05 PM,44.7,57.0,30.4,41.5,,,30.22,,,,,,,,,,,,,
Greenhouse,Temp & Humidity Sensor,2020/12/22 5:10 PM,44.2,57.0,29.9,41.0,,,30.22,,,,,,,,,,,,,
Greenhouse,Temp & Humidity Sensor,2020/12/22 5:15 PM,43.8,58.0,30.0,40.6,,,30.23,,,,,,,,,,,,,
Greenhouse,Temp & Humidity Sensor,2020/12/22 5:20 PM,43.7,58.0,29.9,40.5,,,30.23,,,,,,,,,,,,,
Greenhouse,Temp & Humidity Sensor,2020/12/22 5:25 PM,43.3,66.0,32.7,40.4,,,30.24,,,,,,,,,,,,,
Greenhouse,Temp & Humidity Sensor,2020/12/22 5:30 PM,42.8,68.0,33.0,40.0,,,30.23,,,,,,,,,,,,,
Greenhouse,Temp & Humidity Sensor,2020/12/22 5:35 PM,42.0,66.0,31.5,39.0,,,30.23,,,,,,,,,,,,,
Greenhouse,Temp & Humidity Sensor,2020/12/22 5:40 PM,41.7,65.0,30.8,38.6,,,30.24,,,,,,,,,,,,,
Greenhouse,Temp & Humidity Sensor,2020/12/22 5:45 PM,41.5,64.0,30.2,38.4,,,30.25,,,,,,,,,,,,,
Greenhouse,Temp & Humidity Sensor,2020/12/22 5:50 PM,41.3,69.0,31.9,38.4,,,30.25,,,,,,,,,,,,,
Greenhouse,Temp & Humidity Sensor,2020/12/22 5:55 PM,41.3,72.0,33.0,38.5,,,30.24,,,,,,,,,,,,,
Greenhouse,Temp & Humidity Sensor,2020/12/22 6:00 PM,40.6,69.0,31.2,37.6,,,30.24,,,,,,,,,,,,,
Greenhouse,Temp & Humidity Sensor,2020/12/22 6:05 PM,39.9,68.0,30.2,39.9,,,30.25,,,,,,,,,,,,,
Greenhouse,Temp & Humidity Sensor,2020/12/22 6:10 PM,39.9,70.0,30.9,39.9,,,30.25,,,,,,,,,,,,,
Greenhouse,Temp & Humidity Sensor,2020/12/22 6:15 PM,40.4,78.0,34.1,37.8,,,30.26,,,,,,,,,,,,,
Greenhouse,Temp & Humidity Sensor,2020/12/22 6:20 PM,39.9,78.0,33.6,39.9,,,30.26,,,,,,,,,,,,,
Greenhouse,Temp & Humidity Sensor,2020/12/22 6:25 PM,39.2,76.0,32.3,39.2,,,30.25,,,,,,,,,,,,,
Greenhouse,Temp & Humidity Sensor,2020/12/22 6:30 PM,39.2,74.0,31.6,39.2,,,30.26,,,,,,,,,,,,,
Greenhouse,Temp & Humidity Sensor,2020/12/22 6:35 PM,39.0,74.0,31.4,39.0,,,30.27,,,,,,,,,,,,,
Greenhouse,Temp & Humidity Sensor,2020/12/22 6:40 PM,39.2,79.0,33.2,39.2,,,30.27,,,,,,,,,,,,,
Greenhouse,Temp & Humidity Sensor,2020/12/22 6:45 PM,39.2,82.0,34.2,39.2,,,30.27,,,,,,,,,,,,,
Greenhouse,Temp & Humidity Sensor,2020/12/22 6:50 PM,38.4,80.0,32.8,38.4,,,30.27,,,,,,,,,,,,,
Greenhouse,Temp & Humidity Sensor,2020/12/22 6:55 PM,38.1,78.0,31.9,38.1,,,30.27,,,,,,,,,,,,,
Greenhouse,Temp & Humidity Sensor,2020/12/22 7:00 PM,38.3,79.0,32.4,38.3,,,30.28,,,,,,,,,,,,,
Greenhouse,Temp & Humidity Sensor,2020/12/22 7:05 PM,38.1,80.0,32.5,38.1,,,30.28,,,,,,,,,,,,,
Greenhouse,Temp & Humidity Sensor,2020/12/22 7:10 PM,38.4,84.0,34.0,38.4,,,30.28,,,,,,,,,,,,,
Greenhouse,Temp & Humidity Sensor,2020/12/22 7:15 PM,37.4,82.0,32.4,37.4,,,30.29,,,,,,,,,,,,,
Greenhouse,Temp & Humidity Sensor,2020/12/22 7:20 PM,37.0,80.0,31.4,37.0,,,30.29,,,,,,,,,,,,,
Greenhouse,Temp & Humidity Sensor,2020/12/22 7:25 PM,36.8,80.0,31.2,36.8,,,30.3,,,,,,,,,,,,,
Greenhouse,Temp & Humidity Sensor,2020/12/22 7:30 PM,37.5,84.0,33.1,37.5,,,30.29,,,,,,,,,,,,,
Greenhouse,Temp & Humidity Sensor,2020/12/22 7:35 PM,37.4,85.0,33.3,37.4,,,30.29,,,,,,,,,,,,,
Greenhouse,Temp & Humidity Sensor,2020/12/22 7:40 PM,36.6,83.0,31.9,36.6,,,30.29,,,,,,,,,,,,,
Greenhouse,Temp & Humidity Sensor,2020/12/22 7:45 PM,36.8,84.0,32.4,36.8,,,30.3,,,,,,,,,,,,,
Greenhouse,Temp & Humidity Sensor,2020/12/22 7:50 PM,36.5,83.0,31.8,36.5,,,30.29,,,,,,,,,,,,,
Greenhouse,Temp & Humidity Sensor,2020/12/22 7:55 PM,36.5,82.0,31.5,36.5,,,30.3,,,,,,,,,,,,,
Greenhouse,Temp & Humidity Sensor,2020/12/22 8:00 PM,36.8,85.0,32.7,36.8,,,30.3,,,,,,,,,,,,,
Greenhouse,Temp & Humidity Sensor,2020/12/22 8:05 PM,37.2,88.0,34.0,37.2,,,30.3,,,,,,,,,,,,,
Greenhouse,Temp & Humidity Sensor,2020/12/22 8:10 PM,36.6,87.0,33.1,36.6,,,30.3,,,,,,,,,,,,,
Greenhouse,Temp & Humidity Sensor,2020/12/22 8:15 PM,36.6,86.0,32.8,36.6,,,30.31,,,,,,,,,,,,,
Greenhouse,Temp & Humidity Sensor,2020/12/22 8:20 PM,36.5,86.0,32.7,36.5,,,30.31,,,,,,,,,,,,,
Greenhouse,Temp & Humidity Sensor,2020/12/22 8:25 PM,36.1,84.0,31.7,36.1,,,30.31,,,,,,,,,,,,,
Greenhouse,Temp & Humidity Sensor,2020/12/22 8:30 PM,35.7,84.0,31.3,35.7,,,30.31,,,,,,,,,,,,,
Greenhouse,Temp & Humidity Sensor,2020/12/22 8:35 PM,35.6,84.0,31.3,35.6,,,30.32,,,,,,,,,,,,,
Greenhouse,Temp & Humidity Sensor,2020/12/22 8:40 PM,36.3,86.0,32.5,36.3,,,30.32,,,,,,,,,,,,,
Greenhouse,Temp & Humidity Sensor,2020/12/22 8:45 PM,36.6,89.0,33.7,36.6,,,30.32,,,,,,,,,,,,,
Greenhouse,Temp & Humidity Sensor,2020/12/22 8:50 PM,35.9,88.0,32.7,35.9,,,30.32,,,,,,,,,,,,,
Greenhouse,Temp & Humidity Sensor,2020/12/22 8:55 PM,35.7,87.0,32.2,35.7,,,30.32,,,,,,,,,,,,,
Greenhouse,Temp & Humidity Sensor,2020/12/22 9:00 PM,36.1,88.0,32.9,36.1,,,30.32,,,,,,,,,,,,,
Greenhouse,Temp & Humidity Sensor,2020/12/22 9:05 PM,35.9,88.0,32.7,35.9,,,30.32,,,,,,,,,,,,,
Greenhouse,Temp & Humidity Sensor,2020/12/22 9:10 PM,35.6,87.0,32.1,35.6,,,30.32,,,,,,,,,,,,,
Greenhouse,Temp & Humidity Sensor,2020/12/22 9:15 PM,35.2,87.0,31.7,35.2,,,30.33,,,,,,,,,,,,,
Greenhouse,Temp & Humidity Sensor,2020/12/22 9:20 PM,35.6,88.0,32.4,35.6,,,30.33,,,,,,,,,,,,,
Greenhouse,Temp & Humidity Sensor,2020/12/22 9:25 PM,35.2,88.0,32.0,35.2,,,30.32,,,,,,,,,,,,,
Greenhouse,Temp & Humidity Sensor,2020/12/22 9:30 PM,35.6,88.0,32.4,35.6,,,30.33,,,,,,,,,,,,,
Greenhouse,Temp & Humidity Sensor,2020/12/22 9:35 PM,35.7,90.0,33.1,35.7,,,30.33,,,,,,,,,,,,,
Greenhouse,Temp & Humidity Sensor,2020/12/22 9:40 PM,35.6,89.0,32.7,35.6,,,30.33,,,,,,,,,,,,,
Greenhouse,Temp & Humidity Sensor,2020/12/22 9:45 PM,35.6,89.0,32.7,35.6,,,30.33,,,,,,,,,,,,,
Greenhouse,Temp & Humidity Sensor,2020/12/22 9:50 PM,35.9,91.0,33.5,35.9,,,30.33,,,,,,,,,,,,,
Greenhouse,Temp & Humidity Sensor,2020/12/22 9:55 PM,35.6,91.0,33.2,35.6,,,30.33,,,,,,,,,,,,,
Greenhouse,Temp & Humidity Sensor,2020/12/22 10:00 PM,35.6,91.0,33.2,35.6,,,30.34,,,,,,,,,,,,,
Greenhouse,Temp & Humidity Sensor,2020/12/22 10:05 PM,35.6,91.0,33.2,35.6,,,30.33,,,,,,,,,,,,,
Greenhouse,Temp & Humidity Sensor,2020/12/22 10:10 PM,35.4,91.0,33.0,35.4,,,30.33,,,,,,,,,,,,,
Greenhouse,Temp & Humidity Sensor,2020/12/22 10:15 PM,35.4,91.0,33.0,35.4,,,30.34,,,,,,,,,,,,,
Greenhouse,Temp & Humidity Sensor,2020/12/22 11:10 PM,33.9,89.0,31.0,33.9,,,30.34,,,,,,,,,,,,,
Greenhouse,Temp & Humidity Sensor,2020/12/22 11:15 PM,33.8,90.0,31.2,33.8,,,30.34,,,,,,,,,,,,,
Greenhouse,Temp & Humidity Sensor,2020/12/22 11:20 PM,33.8,89.0,30.9,33.8,,,30.34,,,,,,,,,,,,,
Greenhouse,Temp & Humidity Sensor,2020/12/22 11:25 PM,34.1,91.0,31.8,34.1,,,30.34,,,,,,,,,,,,,
Greenhouse,Temp & Humidity Sensor,2020/12/22 11:30 PM,34.1,92.0,32.0,34.1,,,30.34,,,,,,,,,,,,,
Greenhouse,Temp & Humidity Sensor,2020/12/22 11:35 PM,33.9,92.0,31.8,33.9,,,30.34,,,,,,,,,,,,,
Greenhouse,Temp & Humidity Sensor,2020/12/22 11:40 PM,34.1,92.0,32.0,34.1,,,30.34,,,,,,,,,,,,,
Greenhouse,Temp & Humidity Sensor,2020/12/22 11:45 PM,33.9,92.0,31.8,33.9,,,30.34,,,,,,,,,,,,,
Greenhouse,Temp & Humidity Sensor,2020/12/22 11:50 PM,34.1,92.0,32.0,34.1,,,30.35,,,,,,,,,,,,,
Greenhouse,Temp & Humidity Sensor,2020/12/22 11:55 PM,34.3,93.0,32.5,34.3,,,30.34,,,,,,,,,,,,,
Greenhouse,Temp & Humidity Sensor,2020/12/23 12:00 AM,33.9,93.0,32.1,33.9,,,30.34,,,,,,,,,,,,,
Greenhouse,Temp & Humidity Sensor,2020/12/23 12:05 AM,34.3,93.0,32.5,34.3,,,30.34,,,,,,,,,,,,,
Greenhouse,Temp & Humidity Sensor,2020/12/23 12:10 AM,34.3,94.0,32.8,34.3,,,30.34,,,,,,,,,,,,,
Greenhouse,Temp & Humidity Sensor,2020/12/23 12:15 AM,34.3,94.0,32.8,34.3,,,30.35,,,,,,,,,,,,,
Greenhouse,Temp & Humidity Sensor,2020/12/23 12:20 AM,34.5,95.0,33.2,34.5,,,30.34,,,,,,,,,,,,,
Greenhouse,Temp & Humidity Sensor,2020/12/23 12:25 AM,34.5,95.0,33.2,34.5,,,30.34,,,,,,,,,,,,,
Greenhouse,Temp & Humidity Sensor,2020/12/23 12:30 AM,34.7,95.0,33.4,34.7,,,30.35,,,,,,,,,,,,,
Greenhouse,Temp & Humidity Sensor,2020/12/23 12:35 AM,34.5,95.0,33.2,34.5,,,30.34,,,,,,,,,,,,,
Greenhouse,Temp & Humidity Sensor,2020/12/23 12:40 AM,34.5,95.0,33.2,34.5,,,30.35,,,,,,,,,,,,,
Greenhouse,Temp & Humidity Sensor,2020/12/23 12:45 AM,34.3,95.0,33.0,34.3,,,30.35,,,,,,,,,,,,,
Greenhouse,Temp & Humidity Sensor,2020/12/23 12:50 AM,34.5,95.0,33.2,34.5,,,30.36,,,,,,,,,,,,,
Greenhouse,Temp & Humidity Sensor,2020/12/23 12:55 AM,34.3,95.0,33.0,34.3,,,30.36,,,,,,,,,,,,,
Greenhouse,Temp & Humidity Sensor,2020/12/23 1:00 AM,34.5,95.0,33.2,34.5,,,30.36,,,,,,,,,,,,,
Greenhouse,Temp & Humidity Sensor,2020/12/23 1:05 AM,34.5,96.0,33.5,34.5,,,30.36,,,,,,,,,,,,,
Greenhouse,Temp & Humidity Sensor,2020/12/23 1:10 AM,34.5,96.0,33.5,34.5,,,30.37,,,,,,,,,,,,,
Greenhouse,Temp & Humidity Sensor,2020/12/23 1:15 AM,34.3,96.0,33.3,34.3,,,30.36,,,,,,,,,,,,,
Greenhouse,Temp & Humidity Sensor,2020/12/23 1:20 AM,34.3,96.0,33.3,34.3,,,30.37,,,,,,,,,,,,,
Greenhouse,Temp & Humidity Sensor,2020/12/23 1:25 AM,34.3,96.0,33.3,34.3,,,30.37,,,,,,,,,,,,,
Greenhouse,Temp & Humidity Sensor,2020/12/23 1:30 AM,34.1,95.0,32.8,34.1,,,30.37,,,,,,,,,,,,,
Greenhouse,Temp & Humidity Sensor,2020/12/23 1:35 AM,34.1,95.0,32.8,34.1,,,30.38,,,,,,,,,,,,,
Greenhouse,Temp & Humidity Sensor,2020/12/23 1:40 AM,34.3,96.0,33.3,34.3,,,30.38,,,,,,,,,,,,,
Greenhouse,Temp & Humidity Sensor,2020/12/23 1:45 AM,33.9,95.0,32.6,33.9,,,30.37,,,,,,,,,,,,,
Greenhouse,Temp & Humidity Sensor,2020/12/23 1:50 AM,33.9,95.0,32.6,33.9,,,30.37,,,,,,,,,,,,,
Greenhouse,Temp & Humidity Sensor,2020/12/23 1:55 AM,33.9,95.0,32.6,33.9,,,30.37,,,,,,,,,,,,,
Greenhouse,Temp & Humidity Sensor,2020/12/23 2:00 AM,33.8,95.0,32.5,33.8,,,30.37,,,,,,,,,,,,,
Greenhouse,Temp & Humidity Sensor,2020/12/23 2:05 AM,33.9,95.0,32.6,33.9,,,30.37,,,,,,,,,,,,,
Greenhouse,Temp & Humidity Sensor,2020/12/23 2:10 AM,33.9,95.0,32.6,33.9,,,30.37,,,,,,,,,,,,,
Greenhouse,Temp & Humidity Sensor,2020/12/23 2:15 AM,33.9,95.0,32.6,33.9,,,30.38,,,,,,,,,,,,,
Greenhouse,Temp & Humidity Sensor,2020/12/23 2:20 AM,33.8,95.0,32.5,33.8,,,30.38,,,,,,,,,,,,,
Greenhouse,Temp & Humidity Sensor,2020/12/23 2:25 AM,33.9,95.0,32.6,33.9,,,30.38,,,,,,,,,,,,,
Greenhouse,Temp & Humidity Sensor,2020/12/23 2:30 AM,33.8,95.0,32.5,33.8,,,30.37,,,,,,,,,,,,,
Greenhouse,Temp & Humidity Sensor,2020/12/23 2:35 AM,33.8,95.0,32.5,33.8,,,30.37,,,,,,,,,,,,,
Greenhouse,Temp & Humidity Sensor,2020/12/23 2:40 AM,33.6,95.0,32.3,33.6,,,30.37,,,,,,,,,,,,,
Greenhouse,Temp & Humidity Sensor,2020/12/23 2:45 AM,33.8,95.0,32.5,33.8,,,30.37,,,,,,,,,,,,,
Greenhouse,Temp & Humidity Sensor,2020/12/23 2:50 AM,33.9,95.0,32.6,33.9,,,30.38,,,,,,,,,,,,,
Greenhouse,Temp & Humidity Sensor,2020/12/23 2:55 AM,33.9,95.0,32.6,33.9,,,30.37,,,,,,,,,,,,,
Greenhouse,Temp & Humidity Sensor,2020/12/23 3:10 AM,34.1,95.0,32.8,34.1,,,30.37,,,,,,,,,,,,,
Greenhouse,Temp & Humidity Sensor,2020/12/23 3:15 AM,33.8,96.0,32.8,33.8,,,30.37,,,,,,,,,,,,,
Greenhouse,Temp & Humidity Sensor,2020/12/23 3:20 AM,33.8,95.0,32.5,33.8,,,30.37,,,,,,,,,,,,,
Greenhouse,Temp & Humidity Sensor,2020/12/23 3:25 AM,33.8,96.0,32.8,33.8,,,30.38,,,,,,,,,,,,,
Greenhouse,Temp & Humidity Sensor,2020/12/23 3:30 AM,33.8,96.0,32.8,33.8,,,30.37,,,,,,,,,,,,,
Greenhouse,Temp & Humidity Sensor,2020/12/23 3:35 AM,33.8,96.0,32.8,33.8,,,30.37,,,,,,,,,,,,,
Greenhouse,Temp & Humidity Sensor,2020/12/23 3:40 AM,33.8,95.0,32.5,33.8,,,30.36,,,,,,,,,,,,,
Greenhouse,Temp & Humidity Sensor,2020/12/23 3:45 AM,33.6,96.0,32.6,33.6,,,30.37,,,,,,,,,,,,,
Greenhouse,Temp & Humidity Sensor,2020/12/23 3:50 AM,33.6,96.0,32.6,33.6,,,30.36,,,,,,,,,,,,,
Greenhouse,Temp & Humidity Sensor,2020/12/23 3:55 AM,33.8,95.0,32.5,33.8,,,30.37,,,,,,,,,,,,,
Greenhouse,Temp & Humidity Sensor,2020/12/23 4:00 AM,33.4,96.0,32.4,33.4,,,30.36,,,,,,,,,,,,,
Greenhouse,Temp & Humidity Sensor,2020/12/23 4:05 AM,33.6,96.0,32.6,33.6,,,30.37,,,,,,,,,,,,,
Greenhouse,Temp & Humidity Sensor,2020/12/23 4:10 AM,33.4,95.0,32.1,33.4,,,30.37,,,,,,,,,,,,,
Greenhouse,Temp & Humidity Sensor,2020/12/23 4:15 AM,33.2,95.0,31.9,33.2,,,30.38,,,,,,,,,,,,,
Greenhouse,Temp & Humidity Sensor,2020/12/23 4:20 AM,33.0,95.0,31.7,33.0,,,30.38,,,,,,,,,,,,,
Greenhouse,Temp & Humidity Sensor,2020/12/23 4:25 AM,33.2,95.0,31.9,33.2,,,30.38,,,,,,,,,,,,,
Greenhouse,Temp & Humidity Sensor,2020/12/23 4:30 AM,33.0,95.0,31.7,33.0,,,30.37,,,,,,,,,,,,,
Greenhouse,Temp & Humidity Sensor,2020/12/23 4:35 AM,33.0,95.0,31.7,33.0,,,30.37,,,,,,,,,,,,,
Greenhouse,Temp & Humidity Sensor,2020/12/23 4:40 AM,33.0,95.0,31.7,33.0,,,30.37,,,,,,,,,,,,,
Greenhouse,Temp & Humidity Sensor,2020/12/23 4:45 AM,32.9,95.0,31.6,32.9,,,30.37,,,,,,,,,,,,,
Greenhouse,Temp & Humidity Sensor,2020/12/23 4:50 AM,32.9,95.0,31.6,32.9,,,30.37,,,,,,,,,,,,,
Greenhouse,Temp & Humidity Sensor,2020/12/23 4:55 AM,33.0,95.0,31.7,33.0,,,30.38,,,,,,,,,,,,,
Greenhouse,Temp & Humidity Sensor,2020/12/23 5:00 AM,32.9,95.0,31.6,32.9,,,30.37,,,,,,,,,,,,,
Greenhouse,Temp & Humidity Sensor,2020/12/23 5:05 AM,32.9,95.0,31.6,32.9,,,30.37,,,,,,,,,,,,,
Greenhouse,Temp & Humidity Sensor,2020/12/23 5:10 AM,32.9,95.0,31.6,32.9,,,30.37,,,,,,,,,,,,,
Greenhouse,Temp & Humidity Sensor,2020/12/23 5:15 AM,32.9,95.0,31.6,32.9,,,30.37,,,,,,,,,,,,,
Greenhouse,Temp & Humidity Sensor,2020/12/23 5:20 AM,32.9,95.0,31.6,32.9,,,30.38,,,,,,,,,,,,,
Greenhouse,Temp & Humidity Sensor,2020/12/23 5:25 AM,32.7,95.0,31.4,32.7,,,30.38,,,,,,,,,,,,,
Greenhouse,Temp & Humidity Sensor,2020/12/23 5:30 AM,32.7,95.0,31.4,32.7,,,30.38,,,,,,,,,,,,,
Greenhouse,Temp & Humidity Sensor,2020/12/23 5:35 AM,32.7,95.0,31.4,32.7,,,30.38,,,,,,,,,,,,,
Greenhouse,Temp & Humidity Sensor,2020/12/23 5:40 AM,32.7,95.0,31.4,32.7,,,30.39,,,,,,,,,,,,,
Greenhouse,Temp & Humidity Sensor,2020/12/23 5:45 AM,32.7,95.0,31.4,32.7,,,30.39,,,,,,,,,,,,,
Greenhouse,Temp & Humidity Sensor,2020/12/23 5:50 AM,32.5,95.0,31.2,32.5,,,30.39,,,,,,,,,,,,,
Greenhouse,Temp & Humidity Sensor,2020/12/23 5:55 AM,32.7,95.0,31.4,32.7,,,30.39,,,,,,,,,,,,,
Greenhouse,Temp & Humidity Sensor,2020/12/23 6:00 AM,32.5,95.0,31.2,32.5,,,30.39,,,,,,,,,,,,,
Greenhouse,Temp & Humidity Sensor,2020/12/23 6:05 AM,32.9,96.0,31.9,32.9,,,30.39,,,,,,,,,,,,,
Greenhouse,Temp & Humidity Sensor,2020/12/23 6:10 AM,32.9,96.0,31.9,32.9,,,30.4,,,,,,,,,,,,,
Greenhouse,Temp & Humidity Sensor,2020/12/23 6:15 AM,32.7,96.0,31.7,32.7,,,30.4,,,,,,,,,,,,,
Greenhouse,Temp & Humidity Sensor,2020/12/23 6:20 AM,32.5,96.0,31.5,32.5,,,30.41,,,,,,,,,,,,,
Greenhouse,Temp & Humidity Sensor,2020/12/23 6:25 AM,32.5,96.0,31.5,32.5,,,30.4,,,,,,,,,,,,,
Greenhouse,Temp & Humidity Sensor,2020/12/23 6:30 AM,32.3,96.0,31.3,32.3,,,30.41,,,,,,,,,,,,,
Greenhouse,Temp & Humidity Sensor,2020/12/23 6:35 AM,32.1,95.0,30.8,32.1,,,30.41,,,,,,,,,,,,,
Greenhouse,Temp & Humidity Sensor,2020/12/23 6:40 AM,32.1,95.0,30.8,32.1,,,30.41,,,,,,,,,,,,,
Greenhouse,Temp & Humidity Sensor,2020/12/23 6:45 AM,32.3,95.0,31.0,32.3,,,30.41,,,,,,,,,,,,,
Greenhouse,Temp & Humidity Sensor,2020/12/23 6:50 AM,32.3,95.0,31.0,32.3,,,30.41,,,,,,,,,,,,,
Greenhouse,Temp & Humidity Sensor,2020/12/23 6:55 AM,32.5,95.0,31.2,32.5,,,30.41,,,,,,,,,,,,,
Greenhouse,Temp & Humidity Sensor,2020/12/23 7:00 AM,32.5,96.0,31.5,32.5,,,30.41,,,,,,,,,,,,,
Greenhouse,Temp & Humidity Sensor,2020/12/23 7:05 AM,32.5,96.0,31.5,32.5,,,30.42,,,,,,,,,,,,,
Greenhouse,Temp & Humidity Sensor,2020/12/23 7:10 AM,32.3,96.0,31.3,32.3,,,30.42,,,,,,,,,,,,,
Greenhouse,Temp & Humidity Sensor,2020/12/23 7:15 AM,32.5,95.0,31.2,32.5,,,30.42,,,,,,,,,,,,,
Greenhouse,Temp & Humidity Sensor,2020/12/23 7:20 AM,32.5,95.0,31.2,32.5,,,30.42,,,,,,,,,,,,,
Greenhouse,Temp & Humidity Sensor,2020/12/23 7:25 AM,32.5,95.0,31.2,32.5,,,30.42,,,,,,,,,,,,,
Greenhouse,Temp & Humidity Sensor,2020/12/23 7:30 AM,32.5,95.0,31.2,32.5,,,30.42,,,,,,,,,,,,,
Greenhouse,Temp & Humidity Sensor,2020/12/23 7:35 AM,32.9,96.0,31.9,32.9,,,30.43,,,,,,,,,,,,,
Greenhouse,Temp & Humidity Sensor,2020/12/23 7:40 AM,32.7,96.0,31.7,32.7,,,30.43,,,,,,,,,,,,,
Greenhouse,Temp & Humidity Sensor,2020/12/23 7:45 AM,32.7,96.0,31.7,32.7,,,30.43,,,,,,,,,,,,,
Greenhouse,Temp & Humidity Sensor,2020/12/23 7:50 AM,32.7,95.0,31.4,32.7,,,30.43,,,,,,,,,,,,,
Greenhouse,Temp & Humidity Sensor,2020/12/23 7:55 AM,32.9,95.0,31.6,32.9,,,30.44,,,,,,,,,,,,,
Greenhouse,Temp & Humidity Sensor,2020/12/23 8:00 AM,32.9,95.0,31.6,32.9,,,30.44,,,,,,,,,,,,,
Greenhouse,Temp & Humidity Sensor,2020/12/23 8:05 AM,33.2,95.0,31.9,33.2,,,30.44,,,,,,,,,,,,,
Greenhouse,Temp & Humidity Sensor,2020/12/23 8:10 AM,33.6,95.0,32.3,33.6,,,30.44,,,,,,,,,,,,,
Greenhouse,Temp & Humidity Sensor,2020/12/23 8:15 AM,33.8,95.0,32.5,33.8,,,30.44,,,,,,,,,,,,,
Greenhouse,Temp & Humidity Sensor,2020/12/23 8:20 AM,34.1,95.0,32.8,34.1,,,30.44,,,,,,,,,,,,,
Greenhouse,Temp & Humidity Sensor,2020/12/23 8:25 AM,34.5,95.0,33.2,34.5,,,30.45,,,,,,,,,,,,,
Greenhouse,Temp & Humidity Sensor,2020/12/23 8:30 AM,34.8,95.0,33.5,34.8,,,30.45,,,,,,,,,,,,,
Greenhouse,Temp & Humidity Sensor,2020/12/23 8:35 AM,35.2,95.0,33.9,35.2,,,30.45,,,,,,,,,,,,,
Greenhouse,Temp & Humidity Sensor,2020/12/23 8:40 AM,35.6,94.0,34.0,35.6,,,30.45,,,,,,,,,,,,,
Greenhouse,Temp & Humidity Sensor,2020/12/23 8:45 AM,35.9,94.0,34.3,35.9,,,30.45,,,,,,,,,,,,,
Greenhouse,Temp & Humidity Sensor,2020/12/23 8:50 AM,36.8,94.0,35.2,36.8,,,30.45,,,,,,,,,,,,,
Greenhouse,Temp & Humidity Sensor,2020/12/23 8:55 AM,37.4,93.0,35.6,37.4,,,30.45,,,,,,,,,,,,,
Greenhouse,Temp & Humidity Sensor,2020/12/23 9:00 AM,37.4,93.0,35.6,37.4,,,30.45,,,,,,,,,,,,,
Greenhouse,Temp & Humidity Sensor,2020/12/23 9:05 AM,37.4,93.0,35.6,37.4,,,30.45,,,,,,,,,,,,,
Greenhouse,Temp & Humidity Sensor,2020/12/23 9:10 AM,37.7,93.0,35.9,37.7,,,30.45,,,,,,,,,,,,,
Greenhouse,Temp & Humidity Sensor,2020/12/23 9:15 AM,37.9,93.0,36.1,37.9,,,30.45,,,,,,,,,,,,,
Greenhouse,Temp & Humidity Sensor,2020/12/23 9:20 AM,37.9,93.0,36.1,37.9,,,30.45,,,,,,,,,,,,,
Greenhouse,Temp & Humidity Sensor,2020/12/23 9:25 AM,38.8,93.0,37.0,38.8,,,30.45,,,,,,,,,,,,,
Greenhouse,Temp & Humidity Sensor,2020/12/23 9:40 AM,41.3,90.0,38.6,39.4,,,30.45,,,,,,,,,,,,,
Greenhouse,Temp & Humidity Sensor,2020/12/23 9:45 AM,42.0,91.0,39.6,40.2,,,30.46,,,,,,,,,,,,,
Greenhouse,Temp & Humidity Sensor,2020/12/23 9:50 AM,43.1,89.0,40.1,41.3,,,30.46,,,,,,,,,,,,,
Greenhouse,Temp & Humidity Sensor,2020/12/23 9:55 AM,43.3,89.0,40.3,41.5,,,30.45,,,,,,,,,,,,,
Greenhouse,Temp & Humidity Sensor,2020/12/23 10:00 AM,43.7,90.0,41.0,42.0,,,30.46,,,,,,,,,,,,,
Greenhouse,Temp & Humidity Sensor,2020/12/23 10:05 AM,44.6,89.0,41.6,42.9,,,30.46,,,,,,,,,,,,,
Greenhouse,Temp & Humidity Sensor,2020/12/23 10:10 AM,46.4,88.0,43.0,44.9,,,30.46,,,,,,,,,,,,,
Greenhouse,Temp & Humidity Sensor,2020/12/23 10:15 AM,47.3,85.0,43.0,45.7,,,30.45,,,,,,,,,,,,,
Greenhouse,Temp & Humidity Sensor,2020/12/23 10:20 AM,46.5,84.0,41.9,44.8,,,30.46,,,,,,,,,,,,,
Greenhouse,Temp & Humidity Sensor,2020/12/23 10:25 AM,46.0,81.0,40.5,44.1,,,30.46,,,,,,,,,,,,,
Greenhouse,Temp & Humidity Sensor,2020/12/23 10:30 AM,46.5,78.0,40.0,44.5,,,30.46,,,,,,,,,,,,,
Greenhouse,Temp & Humidity Sensor,2020/12/23 10:35 AM,46.4,78.0,39.9,44.4,,,30.46,,,,,,,,,,,,,
Greenhouse,Temp & Humidity Sensor,2020/12/23 10:40 AM,46.4,78.0,39.9,44.4,,,30.45,,,,,,,,,,,,,
Greenhouse,Temp & Humidity Sensor,2020/12/23 10:45 AM,46.7,77.0,39.9,44.7,,,30.45,,,,,,,,,,,,,
Greenhouse,Temp & Humidity Sensor,2020/12/23 10:50 AM,47.3,74.0,39.4,45.2,,,30.45,,,,,,,,,,,,,
Greenhouse,Temp & Humidity Sensor,2020/12/23 10:55 AM,47.8,76.0,40.6,45.9,,,30.45,,,,,,,,,,,,,
Greenhouse,Temp & Humidity Sensor,2020/12/23 11:00 AM,49.6,76.0,42.3,47.8,,,30.45,,,,,,,,,,,,,
Greenhouse,Temp & Humidity Sensor,2020/12/23 11:05 AM,50.5,73.0,42.2,48.7,,,30.44,,,,,,,,,,,,,
Greenhouse,Temp & Humidity Sensor,2020/12/23 11:10 AM,49.8,72.0,41.1,47.9,,,30.44,,,,,,,,,,,,,
Greenhouse,Temp & Humidity Sensor,2020/12/23 11:15 AM,48.9,68.0,38.8,46.7,,,30.43,,,,,,,,,,,,,
Greenhouse,Temp & Humidity Sensor,2020/12/23 11:20 AM,49.1,69.0,39.4,47.0,,,30.43,,,,,,,,,,,,,
Greenhouse,Temp & Humidity Sensor,2020/12/23 11:25 AM,49.1,67.0,38.6,46.9,,,30.43,,,,,,,,,,,,,
Greenhouse,Temp & Humidity Sensor,2020/12/23 11:30 AM,50.3,68.0,40.1,48.2,,,30.43,,,,,,,,,,,,,
Greenhouse,Temp & Humidity Sensor,2020/12/23 11:35 AM,51.9,62.0,39.3,49.7,,,30.42,,,,,,,,,,,,,
Greenhouse,Temp & Humidity Sensor,2020/12/23 11:40 AM,53.0,62.0,40.3,50.9,,,30.42,,,,,,,,,,,,,
Greenhouse,Temp & Humidity Sensor,2020/12/23 11:45 AM,53.0,60.0,39.5,50.8,,,30.42,,,,,,,,,,,,,
Greenhouse,Temp & Humidity Sensor,2020/12/23 11:50 AM,52.8,61.0,39.7,50.6,,,30.42,,,,,,,,,,,,,
Greenhouse,Temp & Humidity Sensor,2020/12/23 11:55 AM,56.4,58.0,41.8,54.5,,,30.41,,,,,,,,,,,,,
Greenhouse,Temp & Humidity Sensor,2020/12/23 12:00 PM,54.3,56.0,38.9,52.1,,,30.41,,,,,,,,,,,,,
Greenhouse,Temp & Humidity Sensor,2020/12/23 12:05 PM,54.5,58.0,40.0,52.4,,,30.41,,,,,,,,,,,,,
Greenhouse,Temp & Humidity Sensor,2020/12/23 12:10 PM,55.0,54.0,38.7,52.7,,,30.4,,,,,,,,,,,,,
Greenhouse,Temp & Humidity Sensor,2020/12/23 12:15 PM,54.6,54.0,38.3,52.3,,,30.39,,,,,,,,,,,,,
Greenhouse,Temp & Humidity Sensor,2020/12/23 12:20 PM,53.7,54.0,37.5,51.3,,,30.39,,,,,,,,,,,,,
Greenhouse,Temp & Humidity Sensor,2020/12/23 12:25 PM,53.6,54.0,37.4,51.2,,,30.39,,,,,,,,,,,,,
Greenhouse,Temp & Humidity Sensor,2020/12/23 12:30 PM,56.6,53.0,39.7,54.5,,,30.39,,,,,,,,,,,,,
Greenhouse,Temp & Humidity Sensor,2020/12/23 12:35 PM,58.8,51.0,40.7,56.8,,,30.39,,,,,,,,,,,,,
Greenhouse,Temp & Humidity Sensor,2020/12/23 12:40 PM,60.0,49.0,40.8,58.0,,,30.39,,,,,,,,,,,,,
Greenhouse,Temp & Humidity Sensor,2020/12/23 12:45 PM,60.9,47.0,40.5,58.9,,,30.39,,,,,,,,,,,,,
Greenhouse,Temp & Humidity Sensor,2020/12/23 12:50 PM,57.3,49.0,38.3,55.0,,,30.39,,,,,,,,,,,,,
Greenhouse,Temp & Humidity Sensor,2020/12/23 12:55 PM,57.0,50.0,38.5,54.8,,,30.39,,,,,,,,,,,,,
Greenhouse,Temp & Humidity Sensor,2020/12/23 1:00 PM,58.6,50.0,40.0,56.5,,,30.38,,,,,,,,,,,,,
Greenhouse,Temp & Humidity Sensor,2020/12/23 1:05 PM,60.0,50.0,41.3,58.1,,,30.38,,,,,,,,,,,,,
Greenhouse,Temp & Humidity Sensor,2020/12/23 1:10 PM,57.2,47.0,37.2,54.8,,,30.38,,,,,,,,,,,,,
Greenhouse,Temp & Humidity Sensor,2020/12/23 1:15 PM,55.7,48.0,36.3,53.2,,,30.38,,,,,,,,,,,,,
Greenhouse,Temp & Humidity Sensor,2020/12/23 1:20 PM,55.9,50.0,37.5,53.5,,,30.38,,,,,,,,,,,,,
Greenhouse,Temp & Humidity Sensor,2020/12/23 1:25 PM,56.3,46.0,35.8,53.8,,,30.38,,,,,,,,,,,,,
Greenhouse,Temp & Humidity Sensor,2020/12/23 1:30 PM,56.8,49.0,37.8,54.5,,,30.38,,,,,,,,,,,,,
Greenhouse,Temp & Humidity Sensor,2020/12/23 1:35 PM,55.7,46.0,35.2,53.1,,,30.37,,,,,,,,,,,,,
Greenhouse,Temp & Humidity Sensor,2020/12/23 1:40 PM,55.4,48.0,36.0,52.9,,,30.37,,,,,,,,,,,,,
Greenhouse,Temp & Humidity Sensor,2020/12/23 1:45 PM,57.5,49.0,38.5,55.3,,,30.37,,,,,,,,,,,,,
Greenhouse,Temp & Humidity Sensor,2020/12/23 1:50 PM,55.9,49.0,37.0,53.5,,,30.37,,,,,,,,,,,,,
Greenhouse,Temp & Humidity Sensor,2020/12/23 1:55 PM,55.4,44.0,33.9,52.7,,,30.36,,,,,,,,,,,,,
Greenhouse,Temp & Humidity Sensor,2020/12/23 2:00 PM,55.0,49.0,36.2,52.5,,,30.36,,,,,,,,,,,,,
Greenhouse,Temp & Humidity Sensor,2020/12/23 2:05 PM,57.9,48.0,38.3,55.6,,,30.36,,,,,,,,,,,,,
Greenhouse,Temp & Humidity Sensor,2020/12/23 2:10 PM,61.3,47.0,40.9,59.3,,,30.35,,,,,,,,,,,,,
Greenhouse,Temp & Humidity Sensor,2020/12/23 2:15 PM,61.5,45.0,40.0,59.5,,,30.35,,,,,,,,,,,,,
Greenhouse,Temp & Humidity Sensor,2020/12/23 2:20 PM,59.9,46.0,39.1,57.8,,,30.34,,,,,,,,,,,,,
Greenhouse,Temp & Humidity Sensor,2020/12/23 2:25 PM,57.5,45.0,36.3,55.1,,,30.34,,,,,,,,,,,,,
Greenhouse,Temp & Humidity Sensor,2020/12/23 2:30 PM,56.3,46.0,35.8,53.8,,,30.33,,,,,,,,,,,,,
Greenhouse,Temp & Humidity Sensor,2020/12/23 2:35 PM,58.1,47.0,38.0,55.8,,,30.32,,,,,,,,,,,,,
Greenhouse,Temp & Humidity Sensor,2020/12/23 2:40 PM,59.0,44.0,37.1,56.7,,,30.32,,,,,,,,,,,,,
Greenhouse,Temp & Humidity Sensor,2020/12/23 2:45 PM,57.9,46.0,37.2,55.6,,,30.32,,,,,,,,,,,,,
Greenhouse,Temp & Humidity Sensor,2020/12/23 2:50 PM,56.6,44.0,34.9,54.0,,,30.32,,,,,,,,,,,,,
Greenhouse,Temp & Humidity Sensor,2020/12/23 2:55 PM,55.5,45.0,34.5,52.9,,,30.32,,,,,,,,,,,,,
Greenhouse,Temp & Humidity Sensor,2020/12/23 3:00 PM,55.7,46.0,35.2,53.1,,,30.31,,,,,,,,,,,,,
Greenhouse,Temp & Humidity Sensor,2020/12/23 3:05 PM,59.3,46.0,38.5,57.1,,,30.31,,,,,,,,,,,,,
Greenhouse,Temp & Humidity Sensor,2020/12/23 3:10 PM,58.1,45.0,36.9,55.7,,,30.31,,,,,,,,,,,,,
Greenhouse,Temp & Humidity Sensor,2020/12/23 3:15 PM,56.4,46.0,35.9,53.9,,,30.31,,,,,,,,,,,,,
Greenhouse,Temp & Humidity Sensor,2020/12/23 3:20 PM,54.5,46.0,34.1,51.8,,,30.31,,,,,,,,,,,,,
Greenhouse,Temp & Humidity Sensor,2020/12/23 3:25 PM,53.6,47.0,33.9,50.9,,,30.31,,,,,,,,,,,,,
Greenhouse,Temp & Humidity Sensor,2020/12/23 3:30 PM,52.8,49.0,34.2,50.1,,,30.31,,,,,,,,,,,,,
Greenhouse,Temp & Humidity Sensor,2020/12/23 3:35 PM,52.8,49.0,34.2,50.1,,,30.31,,,,,,,,,,,,,
Greenhouse,Temp & Humidity Sensor,2020/12/23 3:40 PM,53.4,46.0,33.1,50.6,,,30.31,,,,,,,,,,,,,
Greenhouse,Temp & Humidity Sensor,2020/12/23 3:45 PM,53.2,48.0,34.0,50.5,,,30.3,,,,,,,,,,,,,
Greenhouse,Temp & Humidity Sensor,2020/12/23 3:50 PM,52.8,47.0,33.1,50.0,,,30.3,,,,,,,,,,,,,
Greenhouse,Temp & Humidity Sensor,2020/12/23 3:55 PM,52.7,48.0,33.6,49.9,,,30.3,,,,,,,,,,,,,
Greenhouse,Temp & Humidity Sensor,2020/12/23 4:00 PM,52.3,48.0,33.2,49.5,,,30.31,,,,,,,,,,,,,
Greenhouse,Temp & Humidity Sensor,2020/12/23 4:05 PM,52.1,49.0,33.5,49.3,,,30.31,,,,,,,,,,,,,
Greenhouse,Temp & Humidity Sensor,2020/12/23 4:10 PM,51.9,49.0,33.3,49.1,,,30.31,,,,,,,,,,,,,
Greenhouse,Temp & Humidity Sensor,2020/12/23 4:15 PM,51.4,50.0,33.4,48.6,,,30.31,,,,,,,,,,,,,
Greenhouse,Temp & Humidity Sensor,2020/12/23 4:20 PM,51.0,50.0,33.0,48.1,,,30.31,,,,,,,,,,,,,
Greenhouse,Temp & Humidity Sensor,2020/12/23 4:25 PM,50.9,51.0,33.4,48.1,,,30.31,,,,,,,,,,,,,
Greenhouse,Temp & Humidity Sensor,2020/12/23 4:30 PM,50.7,51.0,33.2,47.9,,,30.31,,,,,,,,,,,,,
Greenhouse,Temp & Humidity Sensor,2020/12/23 4:35 PM,50.1,51.0,32.7,47.2,,,30.31,,,,,,,,,,,,,
Greenhouse,Temp & Humidity Sensor,2020/12/23 4:40 PM,49.8,52.0,32.9,46.9,,,30.31,,,,,,,,,,,,,
Greenhouse,Temp & Humidity Sensor,2020/12/23 4:45 PM,49.4,53.0,33.0,46.5,,,30.31,,,,,,,,,,,,,
Greenhouse,Temp & Humidity Sensor,2020/12/23 4:50 PM,49.1,54.0,33.2,46.2,,,30.31,,,,,,,,,,,,,
Greenhouse,Temp & Humidity Sensor,2020/12/23 4:55 PM,48.5,55.0,33.1,45.6,,,30.31,,,,,,,,,,,,,
Greenhouse,Temp & Humidity Sensor,2020/12/23 5:00 PM,48.0,56.0,33.1,45.1,,,30.31,,,,,,,,,,,,,
Greenhouse,Temp & Humidity Sensor,2020/12/23 5:05 PM,47.3,57.0,32.8,44.4,,,30.31,,,,,,,,,,,,,
Greenhouse,Temp & Humidity Sensor,2020/12/23 5:10 PM,46.9,58.0,32.9,44.0,,,30.31,,,,,,,,,,,,,
Greenhouse,Temp & Humidity Sensor,2020/12/23 5:15 PM,46.2,59.0,32.7,43.3,,,30.31,,,,,,,,,,,,,
Greenhouse,Temp & Humidity Sensor,2020/12/23 5:20 PM,46.0,59.0,32.5,43.1,,,30.31,,,,,,,,,,,,,
Greenhouse,Temp & Humidity Sensor,2020/12/23 5:25 PM,45.8,59.0,32.3,42.9,,,30.31,,,,,,,,,,,,,
Greenhouse,Temp & Humidity Sensor,2020/12/23 5:30 PM,45.6,60.0,32.5,42.7,,,30.31,,,,,,,,,,,,,
Greenhouse,Temp & Humidity Sensor,2020/12/23 5:35 PM,45.5,61.0,32.8,42.6,,,30.32,,,,,,,,,,,,,
Greenhouse,Temp & Humidity Sensor,2020/12/23 5:40 PM,45.8,62.0,33.5,43.0,,,30.32,,,,,,,,,,,,,
Greenhouse,Temp & Humidity Sensor,2020/12/23 5:45 PM,45.5,62.0,33.2,42.7,,,30.32,,,,,,,,,,,,,
Greenhouse,Temp & Humidity Sensor,2020/12/23 5:50 PM,45.3,62.0,33.1,42.4,,,30.32,,,,,,,,,,,,,
Greenhouse,Temp & Humidity Sensor,2020/12/23 5:55 PM,45.3,62.0,33.1,42.4,,,30.32,,,,,,,,,,,,,
Greenhouse,Temp & Humidity Sensor,2020/12/23 6:00 PM,44.7,64.0,33.3,41.9,,,30.31,,,,,,,,,,,,,
Greenhouse,Temp & Humidity Sensor,2020/12/23 6:05 PM,44.2,64.0,32.8,41.3,,,30.31,,,,,,,,,,,,,
Greenhouse,Temp & Humidity Sensor,2020/12/23 6:10 PM,43.8,64.0,32.4,40.9,,,30.31,,,,,,,,,,,,,
Greenhouse,Temp & Humidity Sensor,2020/12/23 6:15 PM,43.7,65.0,32.7,40.8,,,30.31,,,,,,,,,,,,,
Greenhouse,Temp & Humidity Sensor,2020/12/23 6:20 PM,44.0,65.0,33.0,41.2,,,30.31,,,,,,,,,,,,,
Greenhouse,Temp & Humidity Sensor,2020/12/23 6:25 PM,44.4,66.0,33.8,41.6,,,30.31,,,,,,,,,,,,,
Greenhouse,Temp & Humidity Sensor,2020/12/23 6:30 PM,44.4,66.0,33.8,41.6,,,30.31,,,,,,,,,,,,,
Greenhouse,Temp & Humidity Sensor,2020/12/23 6:35 PM,43.8,66.0,33.2,41.0,,,30.31,,,,,,,,,,,,,
Greenhouse,Temp & Humidity Sensor,2020/12/23 6:40 PM,43.5,67.0,33.3,40.7,,,30.31,,,,,,,,,,,,,
Greenhouse,Temp & Humidity Sensor,2020/12/23 6:45 PM,43.7,67.0,33.5,40.9,,,30.3,,,,,,,,,,,,,
Greenhouse,Temp & Humidity Sensor,2020/12/23 6:50 PM,43.8,67.0,33.6,41.0,,,30.3,,,,,,,,,,,,,
Greenhouse,Temp & Humidity Sensor,2020/12/23 6:55 PM,43.8,67.0,33.6,41.0,,,30.3,,,,,,,,,,,,,
Greenhouse,Temp & Humidity Sensor,2020/12/23 7:00 PM,44.0,67.0,33.8,41.2,,,30.3,,,,,,,,,,,,,
Greenhouse,Temp & Humidity Sensor,2020/12/23 7:05 PM,44.4,68.0,34.5,41.7,,,30.3,,,,,,,,,,,,,
Greenhouse,Temp & Humidity Sensor,2020/12/23 7:10 PM,44.6,71.0,35.8,42.1,,,30.29,,,,,,,,,,,,,
Greenhouse,Temp & Humidity Sensor,2020/12/23 7:15 PM,44.9,73.0,36.8,42.5,,,30.3,,,,,,,,,,,,,
Greenhouse,Temp & Humidity Sensor,2020/12/23 7:20 PM,45.3,77.0,38.5,43.1,,,30.3,,,,,,,,,,,,,
Greenhouse,Temp & Humidity Sensor,2020/12/23 7:25 PM,45.3,76.0,38.2,43.1,,,30.3,,,,,,,,,,,,,
Greenhouse,Temp & Humidity Sensor,2020/12/23 7:30 PM,45.1,74.0,37.3,42.8,,,30.3,,,,,,,,,,,,,
Greenhouse,Temp & Humidity Sensor,2020/12/23 7:35 PM,45.3,73.0,37.2,43.0,,,30.3,,,,,,,,,,,,,
Greenhouse,Temp & Humidity Sensor,2020/12/23 7:40 PM,45.5,73.0,37.4,43.2,,,30.3,,,,,,,,,,,,,
Greenhouse,Temp & Humidity Sensor,2020/12/23 7:45 PM,45.6,73.0,37.5,43.3,,,30.29,,,,,,,,,,,,,
Greenhouse,Temp & Humidity Sensor,2020/12/23 7:50 PM,45.5,73.0,37.4,43.2,,,30.29,,,,,,,,,,,,,
Greenhouse,Temp & Humidity Sensor,2020/12/23 7:55 PM,45.8,73.0,37.6,43.5,,,30.28,,,,,,,,,,,,,
Greenhouse,Temp & Humidity Sensor,2020/12/23 8:00 PM,45.8,73.0,37.6,43.5,,,30.28,,,,,,,,,,,,,
Greenhouse,Temp & Humidity Sensor,2020/12/23 8:05 PM,45.8,73.0,37.6,43.5,,,30.27,,,,,,,,,,,,,
Greenhouse,Temp & Humidity Sensor,2020/12/23 8:10 PM,45.8,73.0,37.6,43.5,,,30.27,,,,,,,,,,,,,
Greenhouse,Temp & Humidity Sensor,2020/12/23 8:15 PM,45.8,73.0,37.6,43.5,,,30.27,,,,,,,,,,,,,
Greenhouse,Temp & Humidity Sensor,2020/12/23 8:20 PM,45.8,73.0,37.6,43.5,,,30.27,,,,,,,,,,,,,
Greenhouse,Temp & Humidity Sensor,2020/12/23 8:25 PM,46.0,73.0,37.8,43.7,,,30.27,,,,,,,,,,,,,
Greenhouse,Temp & Humidity Sensor,2020/12/23 8:30 PM,45.8,74.0,38.0,43.6,,,30.26,,,,,,,,,,,,,
Greenhouse,Temp & Humidity Sensor,2020/12/23 8:35 PM,45.5,73.0,37.4,43.2,,,30.26,,,,,,,,,,,,,
Greenhouse,Temp & Humidity Sensor,2020/12/23 8:40 PM,45.6,74.0,37.8,43.3,,,30.26,,,,,,,,,,,,,
Greenhouse,Temp & Humidity Sensor,2020/12/23 8:45 PM,45.5,74.0,37.7,43.2,,,30.26,,,,,,,,,,,,,
Greenhouse,Temp & Humidity Sensor,2020/12/23 8:50 PM,45.1,73.0,37.0,42.7,,,30.26,,,,,,,,,,,,,
Greenhouse,Temp & Humidity Sensor,2020/12/23 8:55 PM,45.1,74.0,37.3,42.8,,,30.26,,,,,,,,,,,,,
Greenhouse,Temp & Humidity Sensor,2020/12/23 9:00 PM,44.9,74.0,37.1,42.6,,,30.26,,,,,,,,,,,,,
Greenhouse,Temp & Humidity Sensor,2020/12/23 9:05 PM,44.9,74.0,37.1,42.6,,,30.25,,,,,,,,,,,,,
Greenhouse,Temp & Humidity Sensor,2020/12/23 9:10 PM,44.9,75.0,37.5,42.6,,,30.26,,,,,,,,,,,,,
Greenhouse,Temp & Humidity Sensor,2020/12/23 9:15 PM,44.7,75.0,37.3,42.4,,,30.25,,,,,,,,,,,,,
Greenhouse,Temp & Humidity Sensor,2020/12/23 9:20 PM,44.7,75.0,37.3,42.4,,,30.25,,,,,,,,,,,,,
Greenhouse,Temp & Humidity Sensor,2020/12/23 9:25 PM,45.1,75.0,37.7,42.8,,,30.25,,,,,,,,,,,,,
Greenhouse,Temp & Humidity Sensor,2020/12/23 9:30 PM,44.7,75.0,37.3,42.4,,,30.25,,,,,,,,,,,,,
Greenhouse,Temp & Humidity Sensor,2020/12/23 9:35 PM,44.7,75.0,37.3,42.4,,,30.25,,,,,,,,,,,,,
Greenhouse,Temp & Humidity Sensor,2020/12/23 9:40 PM,44.7,75.0,37.3,42.4,,,30.24,,,,,,,,,,,,,
Greenhouse,Temp & Humidity Sensor,2020/12/23 9:45 PM,44.7,75.0,37.3,42.4,,,30.24,,,,,,,,,,,,,
Greenhouse,Temp & Humidity Sensor,2020/12/23 9:50 PM,44.6,75.0,37.2,42.3,,,30.24,,,,,,,,,,,,,
Greenhouse,Temp & Humidity Sensor,2020/12/23 9:55 PM,44.6,76.0,37.5,42.3,,,30.24,,,,,,,,,,,,,
Greenhouse,Temp & Humidity Sensor,2020/12/23 10:00 PM,44.6,76.0,37.5,42.3,,,30.24,,,,,,,,,,,,,
Greenhouse,Temp & Humidity Sensor,2020/12/23 10:05 PM,44.9,77.0,38.1,42.7,,,30.23,,,,,,,,,,,,,
Greenhouse,Temp & Humidity Sensor,2020/12/23 10:10 PM,45.1,79.0,39.0,43.0,,,30.23,,,,,,,,,,,,,
Greenhouse,Temp & Humidity Sensor,2020/12/23 10:15 PM,45.6,81.0,40.1,43.7,,,30.24,,,,,,,,,,,,,
Greenhouse,Temp & Humidity Sensor,2020/12/23 10:20 PM,45.3,79.0,39.2,43.2,,,30.24,,,,,,,,,,,,,
Greenhouse,Temp & Humidity Sensor,2020/12/23 10:25 PM,45.1,79.0,39.0,43.0,,,30.23,,,,,,,,,,,,,
Greenhouse,Temp & Humidity Sensor,2020/12/23 10:30 PM,45.3,79.0,39.2,43.2,,,30.24,,,,,,,,,,,,,
Greenhouse,Temp & Humidity Sensor,2020/12/23 10:35 PM,45.6,79.0,39.5,43.6,,,30.24,,,,,,,,,,,,,
Greenhouse,Temp & Humidity Sensor,2020/12/23 10:40 PM,45.8,79.0,39.7,43.8,,,30.24,,,,,,,,,,,,,
Greenhouse,Temp & Humidity Sensor,2020/12/23 10:45 PM,46.0,79.0,39.9,44.0,,,30.23,,,,,,,,,,,,,
Greenhouse,Temp & Humidity Sensor,2020/12/23 10:50 PM,46.4,79.0,40.2,44.5,,,30.23,,,,,,,,,,,,,
Greenhouse,Temp & Humidity Sensor,2020/12/23 10:55 PM,46.5,79.0,40.3,44.6,,,30.23,,,,,,,,,,,,,
Greenhouse,Temp & Humidity Sensor,2020/12/23 11:00 PM,46.5,79.0,40.3,44.6,,,30.23,,,,,,,,,,,,,
Greenhouse,Temp & Humidity Sensor,2020/12/23 11:05 PM,46.9,79.0,40.7,45.0,,,30.23,,,,,,,,,,,,,
Greenhouse,Temp & Humidity Sensor,2020/12/23 11:10 PM,47.3,79.0,41.1,45.4,,,30.22,,,,,,,,,,,,,
Greenhouse,Temp & Humidity Sensor,2020/12/23 11:15 PM,47.4,80.0,41.5,45.6,,,30.22,,,,,,,,,,,,,
Greenhouse,Temp & Humidity Sensor,2020/12/23 11:20 PM,47.4,80.0,41.5,45.6,,,30.22,,,,,,,,,,,,,
Greenhouse,Temp & Humidity Sensor,2020/12/23 11:25 PM,47.6,80.0,41.7,45.8,,,30.22,,,,,,,,,,,,,
Greenhouse,Temp & Humidity Sensor,2020/12/23 11:30 PM,47.8,80.0,41.9,46.0,,,30.22,,,,,,,,,,,,,
Greenhouse,Temp & Humidity Sensor,2020/12/23 11:35 PM,48.3,80.0,42.4,46.6,,,30.22,,,,,,,,,,,,,
Greenhouse,Temp & Humidity Sensor,2020/12/23 11:40 PM,48.7,80.0,42.8,47.0,,,30.22,,,,,,,,,,,,,
Greenhouse,Temp & Humidity Sensor,2020/12/23 11:45 PM,48.9,80.0,43.0,47.2,,,30.22,,,,,,,,,,,,,
Greenhouse,Temp & Humidity Sensor,2020/12/23 11:50 PM,49.1,80.0,43.2,47.5,,,30.22,,,,,,,,,,,,,
Greenhouse,Temp & Humidity Sensor,2020/12/23 11:55 PM,49.1,81.0,43.5,47.5,,,30.22,,,,,,,,,,,,,
Greenhouse,Temp & Humidity Sensor,2020/12/24 12:00 AM,49.1,80.0,43.2,47.5,,,30.22,,,,,,,,,,,,,
Greenhouse,Temp & Humidity Sensor,2020/12/24 12:05 AM,49.2,80.0,43.3,47.6,,,30.21,,,,,,,,,,,,,
Greenhouse,Temp & Humidity Sensor,2020/12/24 12:10 AM,49.2,80.0,43.3,47.6,,,30.21,,,,,,,,,,,,,
Greenhouse,Temp & Humidity Sensor,2020/12/24 12:15 AM,49.4,80.0,43.5,47.8,,,30.21,,,,,,,,,,,,,
Greenhouse,Temp & Humidity Sensor,2020/12/24 12:20 AM,49.6,80.0,43.7,48.0,,,30.21,,,,,,,,,,,,,
Greenhouse,Temp & Humidity Sensor,2020/12/24 12:25 AM,49.6,80.0,43.7,48.0,,,30.21,,,,,,,,,,,,,
Greenhouse,Temp & Humidity Sensor,2020/12/24 12:30 AM,49.6,80.0,43.7,48.0,,,30.2,,,,,,,,,,,,,
Greenhouse,Temp & Humidity Sensor,2020/12/24 12:35 AM,49.8,80.0,43.9,48.2,,,30.2,,,,,,,,,,,,,
Greenhouse,Temp & Humidity Sensor,2020/12/24 12:40 AM,50.0,79.0,43.7,48.4,,,30.2,,,,,,,,,,,,,
Greenhouse,Temp & Humidity Sensor,2020/12/24 12:45 AM,50.0,80.0,44.1,48.5,,,30.19,,,,,,,,,,,,,
Greenhouse,Temp & Humidity Sensor,2020/12/24 12:50 AM,50.0,80.0,44.1,48.5,,,30.19,,,,,,,,,,,,,
Greenhouse,Temp & Humidity Sensor,2020/12/24 12:55 AM,50.1,80.0,44.2,48.6,,,30.18,,,,,,,,,,,,,
Greenhouse,Temp & Humidity Sensor,2020/12/24 1:00 AM,50.3,80.0,44.4,48.8,,,30.18,,,,,,,,,,,,,
Greenhouse,Temp & Humidity Sensor,2020/12/24 1:05 AM,50.5,81.0,44.9,49.1,,,30.17,,,,,,,,,,,,,
Greenhouse,Temp & Humidity Sensor,2020/12/24 1:10 AM,50.3,81.0,44.7,48.8,,,30.17,,,,,,,,,,,,,
Greenhouse,Temp & Humidity Sensor,2020/12/24 1:15 AM,50.5,81.0,44.9,49.1,,,30.17,,,,,,,,,,,,,
Greenhouse,Temp & Humidity Sensor,2020/12/24 1:20 AM,50.5,81.0,44.9,49.1,,,30.17,,,,,,,,,,,,,
Greenhouse,Temp & Humidity Sensor,2020/12/24 1:25 AM,50.7,81.0,45.1,49.3,,,30.16,,,,,,,,,,,,,
Greenhouse,Temp & Humidity Sensor,2020/12/24 1:30 AM,50.7,81.0,45.1,49.3,,,30.16,,,,,,,,,,,,,
Greenhouse,Temp & Humidity Sensor,2020/12/24 1:35 AM,50.9,82.0,45.6,49.5,,,30.16,,,,,,,,,,,,,
Greenhouse,Temp & Humidity Sensor,2020/12/24 1:40 AM,50.9,82.0,45.6,49.5,,,30.15,,,,,,,,,,,,,
Greenhouse,Temp & Humidity Sensor,2020/12/24 1:45 AM,50.9,82.0,45.6,49.5,,,30.15,,,,,,,,,,,,,
Greenhouse,Temp & Humidity Sensor,2020/12/24 1:50 AM,50.9,82.0,45.6,49.5,,,30.15,,,,,,,,,,,,,
Greenhouse,Temp & Humidity Sensor,2020/12/24 1:55 AM,50.7,81.0,45.1,49.3,,,30.15,,,,,,,,,,,,,
Greenhouse,Temp & Humidity Sensor,2020/12/24 2:00 AM,50.9,82.0,45.6,49.5,,,30.15,,,,,,,,,,,,,
Greenhouse,Temp & Humidity Sensor,2020/12/24 2:05 AM,50.9,82.0,45.6,49.5,,,30.14,,,,,,,,,,,,,
Greenhouse,Temp & Humidity Sensor,2020/12/24 2:10 AM,50.9,82.0,45.6,49.5,,,30.14,,,,,,,,,,,,,
Greenhouse,Temp & Humidity Sensor,2020/12/24 2:15 AM,50.9,82.0,45.6,49.5,,,30.14,,,,,,,,,,,,,
Greenhouse,Temp & Humidity Sensor,2020/12/24 2:20 AM,51.0,82.0,45.7,49.7,,,30.14,,,,,,,,,,,,,
Greenhouse,Temp & Humidity Sensor,2020/12/24 2:25 AM,51.2,82.0,45.9,49.9,,,30.13,,,,,,,,,,,,,
Greenhouse,Temp & Humidity Sensor,2020/12/24 2:30 AM,51.4,83.0,46.4,50.1,,,30.13,,,,,,,,,,,,,
Greenhouse,Temp & Humidity Sensor,2020/12/24 2:35 AM,51.4,83.0,46.4,50.1,,,30.13,,,,,,,,,,,,,
Greenhouse,Temp & Humidity Sensor,2020/12/24 2:40 AM,51.6,83.0,46.6,50.4,,,30.13,,,,,,,,,,,,,
Greenhouse,Temp & Humidity Sensor,2020/12/24 2:45 AM,51.8,83.0,46.8,50.6,,,30.12,,,,,,,,,,,,,
Greenhouse,Temp & Humidity Sensor,2020/12/24 2:50 AM,51.9,84.0,47.2,50.7,,,30.12,,,,,,,,,,,,,
Greenhouse,Temp & Humidity Sensor,2020/12/24 2:55 AM,51.9,84.0,47.2,50.7,,,30.11,,,,,,,,,,,,,
Greenhouse,Temp & Humidity Sensor,2020/12/24 3:00 AM,52.1,84.0,47.4,51.0,,,30.11,,,,,,,,,,,,,
Greenhouse,Temp & Humidity Sensor,2020/12/24 3:05 AM,52.3,84.0,47.6,51.2,,,30.11,,,,,,,,,,,,,
Greenhouse,Temp & Humidity Sensor,2020/12/24 3:10 AM,52.7,85.0,48.3,51.7,,,30.1,,,,,,,,,,,,,
Greenhouse,Temp & Humidity Sensor,2020/12/24 3:15 AM,52.8,85.0,48.4,51.8,,,30.1,,,,,,,,,,,,,
Greenhouse,Temp & Humidity Sensor,2020/12/24 3:20 AM,53.0,85.0,48.6,52.0,,,30.09,,,,,,,,,,,,,
Greenhouse,Temp & Humidity Sensor,2020/12/24 3:25 AM,53.2,85.0,48.8,52.2,,,30.09,,,,,,,,,,,,,
Greenhouse,Temp & Humidity Sensor,2020/12/24 3:30 AM,53.4,86.0,49.3,52.5,,,30.09,,,,,,,,,,,,,
Greenhouse,Temp & Humidity Sensor,2020/12/24 3:35 AM,53.6,85.0,49.2,52.7,,,30.09,,,,,,,,,,,,,
Greenhouse,Temp & Humidity Sensor,2020/12/24 3:40 AM,53.6,85.0,49.2,52.7,,,30.09,,,,,,,,,,,,,
Greenhouse,Temp & Humidity Sensor,2020/12/24 3:45 AM,53.6,85.0,49.2,52.7,,,30.09,,,,,,,,,,,,,
Greenhouse,Temp & Humidity Sensor,2020/12/24 3:50 AM,53.7,86.0,49.6,52.8,,,30.08,,,,,,,,,,,,,
Greenhouse,Temp & Humidity Sensor,2020/12/24 3:55 AM,53.7,85.0,49.3,52.8,,,30.08,,,,,,,,,,,,,
Greenhouse,Temp & Humidity Sensor,2020/12/24 4:00 AM,54.1,86.0,50.0,53.3,,,30.07,,,,,,,,,,,,,
Greenhouse,Temp & Humidity Sensor,2020/12/24 4:05 AM,54.3,86.0,50.2,53.5,,,30.07,,,,,,,,,,,,,
Greenhouse,Temp & Humidity Sensor,2020/12/24 4:15 AM,54.5,86.0,50.4,53.7,,,30.07,,,,,,,,,,,,,
Greenhouse,Temp & Humidity Sensor,2020/12/24 4:20 AM,54.3,86.0,50.2,53.5,,,30.06,,,,,,,,,,,,,
Greenhouse,Temp & Humidity Sensor,2020/12/24 4:25 AM,54.3,86.0,50.2,53.5,,,30.06,,,,,,,,,,,,,
Greenhouse,Temp & Humidity Sensor,2020/12/24 4:30 AM,54.6,86.0,50.5,53.8,,,30.06,,,,,,,,,,,,,
Greenhouse,Temp & Humidity Sensor,2020/12/24 4:35 AM,54.6,87.0,50.8,53.8,,,30.05,,,,,,,,,,,,,
Greenhouse,Temp & Humidity Sensor,2020/12/24 4:40 AM,54.6,86.0,50.5,53.8,,,30.06,,,,,,,,,,,,,
Greenhouse,Temp & Humidity Sensor,2020/12/24 4:45 AM,54.5,86.0,50.4,53.7,,,30.06,,,,,,,,,,,,,
Greenhouse,Temp & Humidity Sensor,2020/12/24 4:50 AM,54.3,86.0,50.2,53.5,,,30.05,,,,,,,,,,,,,
Greenhouse,Temp & Humidity Sensor,2020/12/24 4:55 AM,54.3,86.0,50.2,53.5,,,30.05,,,,,,,,,,,,,
Greenhouse,Temp & Humidity Sensor,2020/12/24 5:00 AM,54.5,86.0,50.4,53.7,,,30.05,,,,,,,,,,,,,
Greenhouse,Temp & Humidity Sensor,2020/12/24 5:05 AM,54.6,87.0,50.8,53.8,,,30.05,,,,,,,,,,,,,
Greenhouse,Temp & Humidity Sensor,2020/12/24 5:10 AM,54.5,86.0,50.4,53.7,,,30.05,,,,,,,,,,,,,
Greenhouse,Temp & Humidity Sensor,2020/12/24 5:15 AM,54.6,86.0,50.5,53.8,,,30.05,,,,,,,,,,,,,
Greenhouse,Temp & Humidity Sensor,2020/12/24 5:20 AM,54.6,86.0,50.5,53.8,,,30.04,,,,,,,,,,,,,
Greenhouse,Temp & Humidity Sensor,2020/12/24 5:25 AM,54.8,86.0,50.7,54.0,,,30.04,,,,,,,,,,,,,
Greenhouse,Temp & Humidity Sensor,2020/12/24 5:30 AM,54.8,85.0,50.4,54.0,,,30.04,,,,,,,,,,,,,
Greenhouse,Temp & Humidity Sensor,2020/12/24 5:35 AM,55.0,86.0,50.9,54.2,,,30.04,,,,,,,,,,,,,
Greenhouse,Temp & Humidity Sensor,2020/12/24 5:40 AM,55.0,86.0,50.9,54.2,,,30.03,,,,,,,,,,,,,
Greenhouse,Temp & Humidity Sensor,2020/12/24 5:45 AM,55.2,87.0,51.4,54.5,,,30.03,,,,,,,,,,,,,
Greenhouse,Temp & Humidity Sensor,2020/12/24 5:50 AM,55.2,87.0,51.4,54.5,,,30.03,,,,,,,,,,,,,
Greenhouse,Temp & Humidity Sensor,2020/12/24 5:55 AM,55.5,86.0,51.4,54.8,,,30.03,,,,,,,,,,,,,
Greenhouse,Temp & Humidity Sensor,2020/12/24 6:00 AM,55.7,86.0,51.6,55.0,,,30.03,,,,,,,,,,,,,
Greenhouse,Temp & Humidity Sensor,2020/12/24 6:05 AM,55.9,86.0,51.8,55.2,,,30.03,,,,,,,,,,,,,
Greenhouse,Temp & Humidity Sensor,2020/12/24 6:10 AM,56.1,87.0,52.3,55.5,,,30.03,,,,,,,,,,,,,
Greenhouse,Temp & Humidity Sensor,2020/12/24 6:15 AM,56.3,87.0,52.5,55.7,,,30.03,,,,,,,,,,,,,
Greenhouse,Temp & Humidity Sensor,2020/12/24 6:20 AM,56.3,87.0,52.5,55.7,,,30.03,,,,,,,,,,,,,
Greenhouse,Temp & Humidity Sensor,2020/12/24 6:25 AM,56.6,89.0,53.4,56.1,,,30.04,,,,,,,,,,,,,
Greenhouse,Temp & Humidity Sensor,2020/12/24 6:30 AM,57.0,89.0,53.8,56.6,,,30.05,,,,,,,,,,,,,
Greenhouse,Temp & Humidity Sensor,2020/12/24 6:35 AM,56.8,89.0,53.6,56.4,,,30.04,,,,,,,,,,,,,
Greenhouse,Temp & Humidity Sensor,2020/12/24 6:40 AM,57.0,88.0,53.5,56.5,,,30.04,,,,,,,,,,,,,
Greenhouse,Temp & Humidity Sensor,2020/12/24 6:45 AM,57.2,88.0,53.7,56.8,,,30.04,,,,,,,,,,,,,
Greenhouse,Temp & Humidity Sensor,2020/12/24 6:50 AM,57.7,89.0,54.5,57.4,,,30.03,,,,,,,,,,,,,
Greenhouse,Temp & Humidity Sensor,2020/12/24 6:55 AM,57.9,89.0,54.7,57.6,,,30.04,,,,,,,,,,,,,
Greenhouse,Temp & Humidity Sensor,2020/12/24 7:00 AM,58.2,89.0,55.0,57.9,,,30.03,,,,,,,,,,,,,
Greenhouse,Temp & Humidity Sensor,2020/12/24 7:05 AM,58.6,89.0,55.4,58.3,,,30.03,,,,,,,,,,,,,
Greenhouse,Temp & Humidity Sensor,2020/12/24 7:10 AM,58.6,90.0,55.7,58.4,,,30.03,,,,,,,,,,,,,
Greenhouse,Temp & Humidity Sensor,2020/12/24 7:15 AM,58.8,91.0,56.2,58.7,,,30.02,,,,,,,,,,,,,
Greenhouse,Temp & Humidity Sensor,2020/12/24 7:20 AM,59.0,90.0,56.1,58.8,,,30.03,,,,,,,,,,,,,
Greenhouse,Temp & Humidity Sensor,2020/12/24 7:25 AM,59.0,90.0,56.1,58.8,,,30.03,,,,,,,,,,,,,
Greenhouse,Temp & Humidity Sensor,2020/12/24 7:30 AM,59.1,90.0,56.2,58.9,,,30.02,,,,,,,,,,,,,
Greenhouse,Temp & Humidity Sensor,2020/12/24 7:35 AM,59.3,90.0,56.4,59.2,,,30.03,,,,,,,,,,,,,
Greenhouse,Temp & Humidity Sensor,2020/12/24 7:40 AM,59.3,90.0,56.4,59.2,,,30.02,,,,,,,,,,,,,
Greenhouse,Temp & Humidity Sensor,2020/12/24 7:45 AM,59.3,90.0,56.4,59.2,,,30.02,,,,,,,,,,,,,
Greenhouse,Temp & Humidity Sensor,2020/12/24 7:50 AM,59.3,90.0,56.4,59.2,,,30.01,,,,,,,,,,,,,
Greenhouse,Temp & Humidity Sensor,2020/12/24 7:55 AM,59.5,90.0,56.6,59.4,,,30.01,,,,,,,,,,,,,
Greenhouse,Temp & Humidity Sensor,2020/12/24 8:00 AM,59.5,90.0,56.6,59.4,,,30.0,,,,,,,,,,,,,
Greenhouse,Temp & Humidity Sensor,2020/12/24 8:05 AM,59.5,90.0,56.6,59.4,,,30.0,,,,,,,,,,,,,
Greenhouse,Temp & Humidity Sensor,2020/12/24 8:10 AM,59.5,90.0,56.6,59.4,,,30.0,,,,,,,,,,,,,
Greenhouse,Temp & Humidity Sensor,2020/12/24 8:15 AM,59.5,91.0,56.9,59.4,,,30.01,,,,,,,,,,,,,
Greenhouse,Temp & Humidity Sensor,2020/12/24 8:20 AM,59.5,91.0,56.9,59.4,,,30.01,,,,,,,,,,,,,
Greenhouse,Temp & Humidity Sensor,2020/12/24 8:25 AM,59.5,90.0,56.6,59.4,,,30.0,,,,,,,,,,,,,
Greenhouse,Temp & Humidity Sensor,2020/12/24 8:30 AM,59.5,90.0,56.6,59.4,,,30.0,,,,,,,,,,,,,
Greenhouse,Temp & Humidity Sensor,2020/12/24 8:35 AM,59.5,90.0,56.6,59.4,,,29.98,,,,,,,,,,,,,
Greenhouse,Temp & Humidity Sensor,2020/12/24 8:40 AM,59.7,90.0,56.8,59.6,,,29.98,,,,,,,,,,,,,
Greenhouse,Temp & Humidity Sensor,2020/12/24 8:45 AM,59.7,90.0,56.8,59.6,,,29.98,,,,,,,,,,,,,
Greenhouse,Temp & Humidity Sensor,2020/12/24 8:50 AM,59.9,91.0,57.3,59.9,,,29.98,,,,,,,,,,,,,
Greenhouse,Temp & Humidity Sensor,2020/12/24 8:55 AM,60.0,91.0,57.4,60.0,,,30.0,,,,,,,,,,,,,
Greenhouse,Temp & Humidity Sensor,2020/12/24 9:00 AM,60.0,91.0,57.4,60.0,,,29.99,,,,,,,,,,,,,
Greenhouse,Temp & Humidity Sensor,2020/12/24 9:05 AM,60.2,91.0,57.6,60.2,,,29.99,,,,,,,,,,,,,
Greenhouse,Temp & Humidity Sensor,2020/12/24 9:10 AM,60.2,91.0,57.6,60.2,,,29.99,,,,,,,,,,,,,
Greenhouse,Temp & Humidity Sensor,2020/12/24 9:15 AM,60.2,91.0,57.6,60.2,,,29.99,,,,,,,,,,,,,
Greenhouse,Temp & Humidity Sensor,2020/12/24 9:20 AM,60.2,91.0,57.6,60.2,,,29.98,,,,,,,,,,,,,
Greenhouse,Temp & Humidity Sensor,2020/12/24 9:25 AM,60.2,91.0,57.6,60.2,,,29.98,,,,,,,,,,,,,
Greenhouse,Temp & Humidity Sensor,2020/12/24 9:30 AM,60.4,91.0,57.8,60.4,,,29.98,,,,,,,,,,,,,
Greenhouse,Temp & Humidity Sensor,2020/12/24 9:35 AM,60.4,91.0,57.8,60.4,,,29.98,,,,,,,,,,,,,
Greenhouse,Temp & Humidity Sensor,2020/12/24 9:40 AM,60.4,91.0,57.8,60.4,,,29.97,,,,,,,,,,,,,
Greenhouse,Temp & Humidity Sensor,2020/12/24 9:45 AM,60.8,90.0,57.8,60.8,,,29.97,,,,,,,,,,,,,
Greenhouse,Temp & Humidity Sensor,2020/12/24 9:50 AM,60.8,90.0,57.8,60.8,,,29.97,,,,,,,,,,,,,
Greenhouse,Temp & Humidity Sensor,2020/12/24 9:55 AM,60.8,90.0,57.8,60.8,,,29.97,,,,,,,,,,,,,
Greenhouse,Temp & Humidity Sensor,2020/12/24 10:00 AM,60.9,90.0,57.9,60.9,,,29.96,,,,,,,,,,,,,
Greenhouse,Temp & Humidity Sensor,2020/12/24 10:05 AM,60.9,90.0,57.9,60.9,,,29.95,,,,,,,,,,,,,
Greenhouse,Temp & Humidity Sensor,2020/12/24 10:10 AM,61.1,90.0,58.1,61.1,,,29.95,,,,,,,,,,,,,
Greenhouse,Temp & Humidity Sensor,2020/12/24 10:15 AM,61.3,90.0,58.3,61.4,,,29.94,,,,,,,,,,,,,
Greenhouse,Temp & Humidity Sensor,2020/12/24 10:20 AM,61.7,90.0,58.7,61.8,,,29.94,,,,,,,,,,,,,
Greenhouse,Temp & Humidity Sensor,2020/12/24 10:25 AM,61.7,90.0,58.7,61.8,,,29.94,,,,,,,,,,,,,
Greenhouse,Temp & Humidity Sensor,2020/12/24 10:30 AM,62.0,90.0,59.0,62.1,,,29.94,,,,,,,,,,,,,
Greenhouse,Temp & Humidity Sensor,2020/12/24 10:35 AM,62.2,91.0,59.5,62.4,,,29.94,,,,,,,,,,,,,
Greenhouse,Temp & Humidity Sensor,2020/12/24 10:40 AM,62.4,91.0,59.7,62.6,,,29.94,,,,,,,,,,,,,
Greenhouse,Temp & Humidity Sensor,2020/12/24 10:45 AM,62.6,90.0,59.6,62.8,,,29.93,,,,,,,,,,,,,
Greenhouse,Temp & Humidity Sensor,2020/12/24 10:50 AM,63.1,90.0,60.1,63.3,,,29.93,,,,,,,,,,,,,
Greenhouse,Temp & Humidity Sensor,2020/12/24 10:55 AM,63.5,90.0,60.5,63.8,,,29.92,,,,,,,,,,,,,
Greenhouse,Temp & Humidity Sensor,2020/12/24 11:00 AM,63.6,90.0,60.6,63.9,,,29.91,,,,,,,,,,,,,
Greenhouse,Temp & Humidity Sensor,2020/12/24 11:05 AM,63.6,90.0,60.6,63.9,,,29.91,,,,,,,,,,,,,
Greenhouse,Temp & Humidity Sensor,2020/12/24 11:10 AM,64.0,90.0,61.0,64.3,,,29.91,,,,,,,,,,,,,
Greenhouse,Temp & Humidity Sensor,2020/12/24 11:15 AM,64.5,89.0,61.2,64.8,,,29.9,,,,,,,,,,,,,
Greenhouse,Temp & Humidity Sensor,2020/12/24 11:20 AM,64.7,89.0,61.4,65.1,,,29.89,,,,,,,,,,,,,
Greenhouse,Temp & Humidity Sensor,2020/12/24 11:25 AM,64.7,89.0,61.4,65.1,,,29.88,,,,,,,,,,,,,
Greenhouse,Temp & Humidity Sensor,2020/12/24 11:30 AM,64.7,89.0,61.4,65.1,,,29.88,,,,,,,,,,,,,
Greenhouse,Temp & Humidity Sensor,2020/12/24 11:35 AM,64.7,89.0,61.4,65.1,,,29.88,,,,,,,,,,,,,
Greenhouse,Temp & Humidity Sensor,2020/12/24 11:40 AM,64.5,89.0,61.2,64.8,,,29.87,,,,,,,,,,,,,
Greenhouse,Temp & Humidity Sensor,2020/12/24 11:45 AM,64.4,89.0,61.1,64.7,,,29.87,,,,,,,,,,,,,
Greenhouse,Temp & Humidity Sensor,2020/12/24 11:50 AM,64.4,89.0,61.1,64.7,,,29.85,,,,,,,,,,,,,
Greenhouse,Temp & Humidity Sensor,2020/12/24 11:55 AM,64.4,89.0,61.1,64.7,,,29.85,,,,,,,,,,,,,
Greenhouse,Temp & Humidity Sensor,2020/12/24 12:00 PM,64.4,89.0,61.1,64.7,,,29.85,,,,,,,,,,,,,
Greenhouse,Temp & Humidity Sensor,2020/12/24 12:05 PM,64.5,89.0,61.2,64.8,,,29.85,,,,,,,,,,,,,
Greenhouse,Temp & Humidity Sensor,2020/12/24 12:10 PM,64.4,89.0,61.1,64.7,,,29.84,,,,,,,,,,,,,
Greenhouse,Temp & Humidity Sensor,2020/12/24 12:15 PM,64.5,89.0,61.2,64.8,,,29.84,,,,,,,,,,,,,
Greenhouse,Temp & Humidity Sensor,2020/12/24 12:20 PM,64.7,90.0,61.7,65.1,,,29.83,,,,,,,,,,,,,
Greenhouse,Temp & Humidity Sensor,2020/12/24 12:25 PM,64.9,90.0,61.9,65.3,,,29.83,,,,,,,,,,,,,
Greenhouse,Temp & Humidity Sensor,2020/12/24 12:30 PM,65.1,90.0,62.1,65.5,,,29.82,,,,,,,,,,,,,
Greenhouse,Temp & Humidity Sensor,2020/12/24 12:35 PM,64.9,90.0,61.9,65.3,,,29.82,,,,,,,,,,,,,
Greenhouse,Temp & Humidity Sensor,2020/12/24 12:40 PM,65.3,90.0,62.3,65.8,,,29.82,,,,,,,,,,,,,
Greenhouse,Temp & Humidity Sensor,2020/12/24 12:45 PM,65.4,90.0,62.4,65.9,,,29.81,,,,,,,,,,,,,
Greenhouse,Temp & Humidity Sensor,2020/12/24 12:50 PM,65.6,90.0,62.6,66.1,,,29.8,,,,,,,,,,,,,
Greenhouse,Temp & Humidity Sensor,2020/12/24 12:55 PM,65.6,90.0,62.6,66.1,,,29.8,,,,,,,,,,,,,
Greenhouse,Temp & Humidity Sensor,2020/12/24 1:00 PM,65.6,90.0,62.6,66.1,,,29.8,,,,,,,,,,,,,
Greenhouse,Temp & Humidity Sensor,2020/12/24 1:05 PM,65.4,90.0,62.4,65.9,,,29.8,,,,,,,,,,,,,
Greenhouse,Temp & Humidity Sensor,2020/12/24 1:10 PM,65.6,90.0,62.6,66.1,,,29.8,,,,,,,,,,,,,
Greenhouse,Temp & Humidity Sensor,2020/12/24 1:15 PM,65.4,90.0,62.4,65.9,,,29.79,,,,,,,,,,,,,
Greenhouse,Temp & Humidity Sensor,2020/12/24 1:20 PM,65.6,90.0,62.6,66.1,,,29.79,,,,,,,,,,,,,
Greenhouse,Temp & Humidity Sensor,2020/12/24 1:25 PM,65.6,90.0,62.6,66.1,,,29.79,,,,,,,,,,,,,
Greenhouse,Temp & Humidity Sensor,2020/12/24 1:30 PM,65.6,90.0,62.6,66.1,,,29.78,,,,,,,,,,,,,
Greenhouse,Temp & Humidity Sensor,2020/12/24 1:35 PM,65.8,90.0,62.8,66.3,,,29.78,,,,,,,,,,,,,
Greenhouse,Temp & Humidity Sensor,2020/12/24 1:40 PM,66.3,89.0,63.0,66.8,,,29.78,,,,,,,,,,,,,
Greenhouse,Temp & Humidity Sensor,2020/12/24 1:45 PM,66.2,89.0,62.9,66.7,,,29.78,,,,,,,,,,,,,
Greenhouse,Temp & Humidity Sensor,2020/12/24 1:50 PM,66.2,89.0,62.9,66.7,,,29.79,,,,,,,,,,,,,
Greenhouse,Temp & Humidity Sensor,2020/12/24 1:55 PM,66.3,89.0,63.0,66.8,,,29.79,,,,,,,,,,,,,
Greenhouse,Temp & Humidity Sensor,2020/12/24 2:00 PM,66.5,89.0,63.2,67.0,,,29.79,,,,,,,,,,,,,
Greenhouse,Temp & Humidity Sensor,2020/12/24 2:05 PM,66.5,89.0,63.2,67.0,,,29.78,,,,,,,,,,,,,
Greenhouse,Temp & Humidity Sensor,2020/12/24 2:10 PM,66.7,89.0,63.4,67.3,,,29.78,,,,,,,,,,,,,
Greenhouse,Temp & Humidity Sensor,2020/12/24 2:15 PM,67.1,89.0,63.7,67.7,,,29.78,,,,,,,,,,,,,
Greenhouse,Temp & Humidity Sensor,2020/12/24 2:20 PM,67.2,90.0,64.2,67.8,,,29.78,,,,,,,,,,,,,
Greenhouse,Temp & Humidity Sensor,2020/12/24 2:25 PM,67.2,90.0,64.2,67.8,,,29.77,,,,,,,,,,,,,
Greenhouse,Temp & Humidity Sensor,2020/12/24 2:30 PM,67.2,90.0,64.2,67.8,,,29.76,,,,,,,,,,,,,
Greenhouse,Temp & Humidity Sensor,2020/12/24 2:35 PM,67.4,89.0,64.0,68.0,,,29.76,,,,,,,,,,,,,
Greenhouse,Temp & Humidity Sensor,2020/12/24 2:40 PM,67.4,89.0,64.0,68.0,,,29.75,,,,,,,,,,,,,
Greenhouse,Temp & Humidity Sensor,2020/12/24 2:45 PM,67.4,89.0,64.0,68.0,,,29.74,,,,,,,,,,,,,
Greenhouse,Temp & Humidity Sensor,2020/12/24 2:50 PM,67.4,89.0,64.0,68.0,,,29.74,,,,,,,,,,,,,
Greenhouse,Temp & Humidity Sensor,2020/12/24 2:55 PM,67.4,89.0,64.0,68.0,,,29.74,,,,,,,,,,,,,
Greenhouse,Temp & Humidity Sensor,2020/12/24 3:00 PM,67.4,89.0,64.0,68.0,,,29.74,,,,,,,,,,,,,
Greenhouse,Temp & Humidity Sensor,2020/12/24 3:05 PM,67.4,89.0,64.0,68.0,,,29.74,,,,,,,,,,,,,
Greenhouse,Temp & Humidity Sensor,2020/12/24 3:10 PM,67.6,89.0,64.2,68.2,,,29.74,,,,,,,,,,,,,
Greenhouse,Temp & Humidity Sensor,2020/12/24 3:15 PM,67.6,89.0,64.2,68.2,,,29.73,,,,,,,,,,,,,
Greenhouse,Temp & Humidity Sensor,2020/12/24 3:20 PM,67.6,89.0,64.2,68.2,,,29.73,,,,,,,,,,,,,
Greenhouse,Temp & Humidity Sensor,2020/12/24 3:25 PM,67.4,89.0,64.0,68.0,,,29.73,,,,,,,,,,,,,
Greenhouse,Temp & Humidity Sensor,2020/12/24 3:30 PM,67.4,89.0,64.0,68.0,,,29.72,,,,,,,,,,,,,
Greenhouse,Temp & Humidity Sensor,2020/12/24 3:35 PM,67.4,89.0,64.0,68.0,,,29.72,,,,,,,,,,,,,
Greenhouse,Temp & Humidity Sensor,2020/12/24 3:40 PM,67.4,89.0,64.0,68.0,,,29.71,,,,,,,,,,,,,
Greenhouse,Temp & Humidity Sensor,2020/12/24 3:45 PM,67.4,89.0,64.0,68.0,,,29.7,,,,,,,,,,,,,
Greenhouse,Temp & Humidity Sensor,2020/12/24 3:50 PM,67.2,89.0,63.8,67.8,,,29.7,,,,,,,,,,,,,
Greenhouse,Temp & Humidity Sensor,2020/12/24 3:55 PM,67.1,89.0,63.7,67.7,,,29.7,,,,,,,,,,,,,
Greenhouse,Temp & Humidity Sensor,2020/12/24 4:00 PM,66.9,89.0,63.5,67.5,,,29.69,,,,,,,,,,,,,
Greenhouse,Temp & Humidity Sensor,2020/12/24 4:05 PM,66.9,89.0,63.5,67.5,,,29.69,,,,,,,,,,,,,
Greenhouse,Temp & Humidity Sensor,2020/12/24 4:10 PM,66.9,89.0,63.5,67.5,,,29.69,,,,,,,,,,,,,
Greenhouse,Temp & Humidity Sensor,2020/12/24 4:15 PM,66.7,89.0,63.4,67.3,,,29.69,,,,,,,,,,,,,
Greenhouse,Temp & Humidity Sensor,2020/12/24 4:20 PM,66.5,89.0,63.2,67.0,,,29.69,,,,,,,,,,,,,
Greenhouse,Temp & Humidity Sensor,2020/12/24 4:25 PM,66.7,89.0,63.4,67.3,,,29.69,,,,,,,,,,,,,
Greenhouse,Temp & Humidity Sensor,2020/12/24 4:30 PM,66.5,89.0,63.2,67.0,,,29.69,,,,,,,,,,,,,
Greenhouse,Temp & Humidity Sensor,2020/12/24 4:35 PM,66.7,89.0,63.4,67.3,,,29.68,,,,,,,,,,,,,
Greenhouse,Temp & Humidity Sensor,2020/12/24 4:40 PM,66.5,89.0,63.2,67.0,,,29.68,,,,,,,,,,,,,
Greenhouse,Temp & Humidity Sensor,2020/12/24 4:45 PM,66.5,89.0,63.2,67.0,,,29.68,,,,,,,,,,,,,
Greenhouse,Temp & Humidity Sensor,2020/12/24 4:50 PM,66.5,89.0,63.2,67.0,,,29.68,,,,,,,,,,,,,
Greenhouse,Temp & Humidity Sensor,2020/12/24 4:55 PM,66.5,89.0,63.2,67.0,,,29.67,,,,,,,,,,,,,
Greenhouse,Temp & Humidity Sensor,2020/12/24 5:00 PM,66.5,89.0,63.2,67.0,,,29.66,,,,,,,,,,,,,
Greenhouse,Temp & Humidity Sensor,2020/12/24 5:05 PM,66.5,89.0,63.2,67.0,,,29.67,,,,,,,,,,,,,
Greenhouse,Temp & Humidity Sensor,2020/12/24 5:10 PM,66.7,89.0,63.4,67.3,,,29.66,,,,,,,,,,,,,
Greenhouse,Temp & Humidity Sensor,2020/12/24 5:15 PM,66.5,89.0,63.2,67.0,,,29.66,,,,,,,,,,,,,
Greenhouse,Temp & Humidity Sensor,2020/12/24 5:20 PM,66.3,89.0,63.0,66.8,,,29.65,,,,,,,,,,,,,
Greenhouse,Temp & Humidity Sensor,2020/12/24 5:25 PM,66.5,89.0,63.2,67.0,,,29.65,,,,,,,,,,,,,
Greenhouse,Temp & Humidity Sensor,2020/12/24 5:30 PM,66.3,89.0,63.0,66.8,,,29.64,,,,,,,,,,,,,
Greenhouse,Temp & Humidity Sensor,2020/12/24 5:35 PM,66.3,89.0,63.0,66.8,,,29.64,,,,,,,,,,,,,
Greenhouse,Temp & Humidity Sensor,2020/12/24 5:40 PM,66.3,89.0,63.0,66.8,,,29.64,,,,,,,,,,,,,
Greenhouse,Temp & Humidity Sensor,2020/12/24 5:45 PM,66.3,89.0,63.0,66.8,,,29.63,,,,,,,,,,,,,
Greenhouse,Temp & Humidity Sensor,2020/12/24 5:50 PM,66.3,89.0,63.0,66.8,,,29.62,,,,,,,,,,,,,
Greenhouse,Temp & Humidity Sensor,2020/12/24 5:55 PM,66.3,89.0,63.0,66.8,,,29.62,,,,,,,,,,,,,
Greenhouse,Temp & Humidity Sensor,2020/12/24 6:00 PM,66.3,89.0,63.0,66.8,,,29.61,,,,,,,,,,,,,
Greenhouse,Temp & Humidity Sensor,2020/12/24 6:05 PM,66.3,89.0,63.0,66.8,,,29.61,,,,,,,,,,,,,
Greenhouse,Temp & Humidity Sensor,2020/12/24 6:10 PM,66.3,89.0,63.0,66.8,,,29.6,,,,,,,,,,,,,
Greenhouse,Temp & Humidity Sensor,2020/12/24 6:15 PM,66.3,89.0,63.0,66.8,,,29.6,,,,,,,,,,,,,
Greenhouse,Temp & Humidity Sensor,2020/12/24 6:20 PM,66.5,89.0,63.2,67.0,,,29.6,,,,,,,,,,,,,
Greenhouse,Temp & Humidity Sensor,2020/12/24 6:25 PM,66.5,89.0,63.2,67.0,,,29.6,,,,,,,,,,,,,
Greenhouse,Temp & Humidity Sensor,2020/12/24 6:30 PM,66.5,89.0,63.2,67.0,,,29.59,,,,,,,,,,,,,
Greenhouse,Temp & Humidity Sensor,2020/12/24 6:35 PM,66.5,89.0,63.2,67.0,,,29.59,,,,,,,,,,,,,
Greenhouse,Temp & Humidity Sensor,2020/12/24 6:40 PM,66.3,89.0,63.0,66.8,,,29.59,,,,,,,,,,,,,
Greenhouse,Temp & Humidity Sensor,2020/12/24 6:45 PM,65.6,91.0,62.9,66.1,,,29.6,,,,,,,,,,,,,
Greenhouse,Temp & Humidity Sensor,2020/12/24 6:50 PM,64.9,90.0,61.9,65.3,,,29.6,,,,,,,,,,,,,
Greenhouse,Temp & Humidity Sensor,2020/12/24 6:55 PM,64.7,90.0,61.7,65.1,,,29.59,,,,,,,,,,,,,
Greenhouse,Temp & Humidity Sensor,2020/12/24 7:00 PM,64.7,90.0,61.7,65.1,,,29.6,,,,,,,,,,,,,
Greenhouse,Temp & Humidity Sensor,2020/12/24 7:05 PM,64.7,90.0,61.7,65.1,,,29.6,,,,,,,,,,,,,
Greenhouse,Temp & Humidity Sensor,2020/12/24 7:10 PM,64.7,90.0,61.7,65.1,,,29.6,,,,,,,,,,,,,
Greenhouse,Temp & Humidity Sensor,2020/12/24 7:15 PM,64.7,90.0,61.7,65.1,,,29.6,,,,,,,,,,,,,
Greenhouse,Temp & Humidity Sensor,2020/12/24 7:20 PM,64.7,90.0,61.7,65.1,,,29.6,,,,,,,,,,,,,
Greenhouse,Temp & Humidity Sensor,2020/12/24 7:25 PM,64.7,91.0,62.0,65.1,,,29.59,,,,,,,,,,,,,
Greenhouse,Temp & Humidity Sensor,2020/12/24 7:30 PM,64.5,91.0,61.8,64.9,,,29.58,,,,,,,,,,,,,
Greenhouse,Temp & Humidity Sensor,2020/12/24 7:35 PM,64.4,91.0,61.7,64.8,,,29.58,,,,,,,,,,,,,
Greenhouse,Temp & Humidity Sensor,2020/12/24 7:40 PM,64.4,91.0,61.7,64.8,,,29.59,,,,,,,,,,,,,
Greenhouse,Temp & Humidity Sensor,2020/12/24 7:45 PM,64.0,91.0,61.3,64.4,,,29.58,,,,,,,,,,,,,
Greenhouse,Temp & Humidity Sensor,2020/12/24 7:50 PM,64.0,91.0,61.3,64.4,,,29.57,,,,,,,,,,,,,
Greenhouse,Temp & Humidity Sensor,2020/12/24 7:55 PM,64.0,91.0,61.3,64.4,,,29.57,,,,,,,,,,,,,
Greenhouse,Temp & Humidity Sensor,2020/12/24 8:00 PM,63.8,91.0,61.1,64.2,,,29.56,,,,,,,,,,,,,
Greenhouse,Temp & Humidity Sensor,2020/12/24 8:05 PM,63.8,91.0,61.1,64.2,,,29.55,,,,,,,,,,,,,
Greenhouse,Temp & Humidity Sensor,2020/12/24 8:10 PM,63.8,91.0,61.1,64.2,,,29.55,,,,,,,,,,,,,
Greenhouse,Temp & Humidity Sensor,2020/12/24 8:15 PM,64.0,91.0,61.3,64.4,,,29.56,,,,,,,,,,,,,
Greenhouse,Temp & Humidity Sensor,2020/12/24 8:20 PM,63.8,91.0,61.1,64.2,,,29.55,,,,,,,,,,,,,
Greenhouse,Temp & Humidity Sensor,2020/12/24 8:25 PM,64.0,91.0,61.3,64.4,,,29.55,,,,,,,,,,,,,
Greenhouse,Temp & Humidity Sensor,2020/12/24 8:30 PM,64.0,91.0,61.3,64.4,,,29.56,,,,,,,,,,,,,
Greenhouse,Temp & Humidity Sensor,2020/12/24 8:35 PM,64.4,90.0,61.4,64.8,,,29.56,,,,,,,,,,,,,
Greenhouse,Temp & Humidity Sensor,2020/12/24 8:40 PM,64.0,91.0,61.3,64.4,,,29.56,,,,,,,,,,,,,
Greenhouse,Temp & Humidity Sensor,2020/12/24 8:45 PM,64.0,91.0,61.3,64.4,,,29.57,,,,,,,,,,,,,
Greenhouse,Temp & Humidity Sensor,2020/12/24 8:50 PM,63.8,91.0,61.1,64.2,,,29.56,,,,,,,,,,,,,
Greenhouse,Temp & Humidity Sensor,2020/12/24 8:55 PM,63.8,91.0,61.1,64.2,,,29.56,,,,,,,,,,,,,
Greenhouse,Temp & Humidity Sensor,2020/12/24 9:00 PM,63.6,91.0,60.9,63.9,,,29.56,,,,,,,,,,,,,
Greenhouse,Temp & Humidity Sensor,2020/12/24 9:05 PM,63.5,91.0,60.8,63.8,,,29.56,,,,,,,,,,,,,
Greenhouse,Temp & Humidity Sensor,2020/12/24 9:10 PM,63.3,91.0,60.6,63.6,,,29.56,,,,,,,,,,,,,
Greenhouse,Temp & Humidity Sensor,2020/12/24 9:15 PM,63.3,91.0,60.6,63.6,,,29.57,,,,,,,,,,,,,
Greenhouse,Temp & Humidity Sensor,2020/12/24 9:20 PM,63.1,91.0,60.4,63.4,,,29.57,,,,,,,,,,,,,
Greenhouse,Temp & Humidity Sensor,2020/12/24 9:25 PM,63.1,91.0,60.4,63.4,,,29.56,,,,,,,,,,,,,
Greenhouse,Temp & Humidity Sensor,2020/12/24 9:30 PM,63.1,91.0,60.4,63.4,,,29.56,,,,,,,,,,,,,
Greenhouse,Temp & Humidity Sensor,2020/12/24 9:35 PM,62.9,91.0,60.2,63.2,,,29.56,,,,,,,,,,,,,
Greenhouse,Temp & Humidity Sensor,2020/12/24 9:40 PM,62.7,91.0,60.0,62.9,,,29.57,,,,,,,,,,,,,
Greenhouse,Temp & Humidity Sensor,2020/12/24 9:45 PM,62.7,91.0,60.0,62.9,,,29.57,,,,,,,,,,,,,
Greenhouse,Temp & Humidity Sensor,2020/12/24 9:50 PM,62.6,91.0,59.9,62.8,,,29.56,,,,,,,,,,,,,
Greenhouse,Temp & Humidity Sensor,2020/12/24 9:55 PM,62.6,91.0,59.9,62.8,,,29.56,,,,,,,,,,,,,
Greenhouse,Temp & Humidity Sensor,2020/12/24 10:00 PM,62.4,92.0,60.0,62.7,,,29.56,,,,,,,,,,,,,
Greenhouse,Temp & Humidity Sensor,2020/12/24 10:05 PM,62.4,92.0,60.0,62.7,,,29.57,,,,,,,,,,,,,
Greenhouse,Temp & Humidity Sensor,2020/12/24 10:10 PM,62.2,92.0,59.8,62.4,,,29.56,,,,,,,,,,,,,
Greenhouse,Temp & Humidity Sensor,2020/12/24 10:15 PM,62.2,92.0,59.8,62.4,,,29.56,,,,,,,,,,,,,
Greenhouse,Temp & Humidity Sensor,2020/12/24 10:20 PM,62.0,92.0,59.6,62.2,,,29.55,,,,,,,,,,,,,
Greenhouse,Temp & Humidity Sensor,2020/12/24 10:25 PM,62.0,92.0,59.6,62.2,,,29.55,,,,,,,,,,,,,
Greenhouse,Temp & Humidity Sensor,2020/12/24 10:30 PM,62.0,92.0,59.6,62.2,,,29.55,,,,,,,,,,,,,
Greenhouse,Temp & Humidity Sensor,2020/12/24 10:35 PM,62.0,92.0,59.6,62.2,,,29.55,,,,,,,,,,,,,
Greenhouse,Temp & Humidity Sensor,2020/12/24 10:40 PM,62.0,92.0,59.6,62.2,,,29.55,,,,,,,,,,,,,
Greenhouse,Temp & Humidity Sensor,2020/12/24 10:45 PM,62.0,92.0,59.6,62.2,,,29.55,,,,,,,,,,,,,
Greenhouse,Temp & Humidity Sensor,2020/12/24 10:50 PM,61.8,92.0,59.4,62.0,,,29.55,,,,,,,,,,,,,
Greenhouse,Temp & Humidity Sensor,2020/12/24 10:55 PM,61.7,92.0,59.3,61.9,,,29.54,,,,,,,,,,,,,
Greenhouse,Temp & Humidity Sensor,2020/12/24 11:00 PM,61.5,92.0,59.2,61.7,,,29.54,,,,,,,,,,,,,
Greenhouse,Temp & Humidity Sensor,2020/12/24 11:05 PM,61.7,92.0,59.3,61.9,,,29.54,,,,,,,,,,,,,
Greenhouse,Temp & Humidity Sensor,2020/12/24 11:10 PM,61.7,92.0,59.3,61.9,,,29.54,,,,,,,,,,,,,
Greenhouse,Temp & Humidity Sensor,2020/12/24 11:15 PM,61.7,92.0,59.3,61.9,,,29.54,,,,,,,,,,,,,
Greenhouse,Temp & Humidity Sensor,2020/12/24 11:20 PM,61.5,92.0,59.2,61.7,,,29.54,,,,,,,,,,,,,
Greenhouse,Temp & Humidity Sensor,2020/12/24 11:25 PM,61.5,92.0,59.2,61.7,,,29.54,,,,,,,,,,,,,
Greenhouse,Temp & Humidity Sensor,2020/12/24 11:30 PM,61.3,92.0,59.0,61.5,,,29.53,,,,,,,,,,,,,
Greenhouse,Temp & Humidity Sensor,2020/12/24 11:35 PM,61.1,92.0,58.8,61.2,,,29.53,,,,,,,,,,,,,
Greenhouse,Temp & Humidity Sensor,2020/12/24 11:40 PM,60.9,92.0,58.6,61.0,,,29.53,,,,,,,,,,,,,
Greenhouse,Temp & Humidity Sensor,2020/12/24 11:45 PM,60.4,93.0,58.4,60.5,,,29.54,,,,,,,,,,,,,
Greenhouse,Temp & Humidity Sensor,2020/12/24 11:50 PM,60.2,93.0,58.2,60.3,,,29.54,,,,,,,,,,,,,
Greenhouse,Temp & Humidity Sensor,2020/12/24 11:55 PM,60.0,93.0,58.0,60.1,,,29.55,,,,,,,,,,,,,
Greenhouse,Temp & Humidity Sensor,2020/12/25 12:00 AM,59.0,93.0,57.0,59.0,,,29.54,,,,,,,,,,,,,
Greenhouse,Temp & Humidity Sensor,2020/12/25 12:05 AM,57.9,93.0,55.9,57.8,,,29.55,,,,,,,,,,,,,
Greenhouse,Temp & Humidity Sensor,2020/12/25 12:10 AM,57.3,93.0,55.3,57.1,,,29.54,,,,,,,,,,,,,
Greenhouse,Temp & Humidity Sensor,2020/12/25 12:15 AM,57.2,93.0,55.2,57.0,,,29.54,,,,,,,,,,,,,
Greenhouse,Temp & Humidity Sensor,2020/12/25 12:20 AM,57.0,93.0,55.0,56.8,,,29.56,,,,,,,,,,,,,
Greenhouse,Temp & Humidity Sensor,2020/12/25 12:25 AM,56.8,93.0,54.8,56.6,,,29.54,,,,,,,,,,,,,
Greenhouse,Temp & Humidity Sensor,2020/12/25 12:30 AM,56.8,93.0,54.8,56.6,,,29.53,,,,,,,,,,,,,
Greenhouse,Temp & Humidity Sensor,2020/12/25 12:35 AM,56.6,93.0,54.6,56.3,,,29.52,,,,,,,,,,,,,
Greenhouse,Temp & Humidity Sensor,2020/12/25 12:40 AM,55.2,94.0,53.5,54.8,,,29.56,,,,,,,,,,,,,
Greenhouse,Temp & Humidity Sensor,2020/12/25 12:45 AM,53.6,93.0,51.6,53.0,,,29.55,,,,,,,,,,,,,
Greenhouse,Temp & Humidity Sensor,2020/12/25 12:50 AM,52.8,94.0,51.1,52.2,,,29.57,,,,,,,,,,,,,
Greenhouse,Temp & Humidity Sensor,2020/12/25 12:55 AM,50.9,93.0,48.9,50.1,,,29.56,,,,,,,,,,,,,
Greenhouse,Temp & Humidity Sensor,2020/12/25 1:00 AM,50.7,93.0,48.8,49.8,,,29.57,,,,,,,,,,,,,
Greenhouse,Temp & Humidity Sensor,2020/12/25 1:05 AM,50.1,93.0,48.2,49.2,,,29.57,,,,,,,,,,,,,
Greenhouse,Temp & Humidity Sensor,2020/12/25 1:10 AM,50.0,94.0,48.3,49.1,,,29.58,,,,,,,,,,,,,
Greenhouse,Temp & Humidity Sensor,2020/12/25 1:15 AM,49.2,94.0,47.5,48.2,,,29.59,,,,,,,,,,,,,
Greenhouse,Temp & Humidity Sensor,2020/12/25 1:20 AM,48.9,94.0,47.2,47.9,,,29.59,,,,,,,,,,,,,
Greenhouse,Temp & Humidity Sensor,2020/12/25 1:25 AM,48.9,94.0,47.2,47.9,,,29.59,,,,,,,,,,,,,
Greenhouse,Temp & Humidity Sensor,2020/12/25 1:30 AM,48.5,94.0,46.9,47.5,,,29.59,,,,,,,,,,,,,
Greenhouse,Temp & Humidity Sensor,2020/12/25 1:35 AM,48.2,94.0,46.6,47.1,,,29.59,,,,,,,,,,,,,
Greenhouse,Temp & Humidity Sensor,2020/12/25 1:40 AM,48.2,94.0,46.6,47.1,,,29.6,,,,,,,,,,,,,
Greenhouse,Temp & Humidity Sensor,2020/12/25 1:45 AM,48.2,94.0,46.6,47.1,,,29.61,,,,,,,,,,,,,
Greenhouse,Temp & Humidity Sensor,2020/12/25 1:50 AM,47.4,95.0,46.0,46.3,,,29.6,,,,,,,,,,,,,
Greenhouse,Temp & Humidity Sensor,2020/12/25 1:55 AM,47.3,95.0,45.9,46.2,,,29.61,,,,,,,,,,,,,
Greenhouse,Temp & Humidity Sensor,2020/12/25 2:00 AM,47.1,95.0,45.7,46.0,,,29.61,,,,,,,,,,,,,
Greenhouse,Temp & Humidity Sensor,2020/12/25 2:05 AM,47.1,95.0,45.7,46.0,,,29.61,,,,,,,,,,,,,
Greenhouse,Temp & Humidity Sensor,2020/12/25 2:10 AM,46.9,95.0,45.5,45.8,,,29.62,,,,,,,,,,,,,
Greenhouse,Temp & Humidity Sensor,2020/12/25 2:15 AM,47.1,95.0,45.7,46.0,,,29.63,,,,,,,,,,,,,
Greenhouse,Temp & Humidity Sensor,2020/12/25 2:20 AM,46.9,95.0,45.5,45.8,,,29.62,,,,,,,,,,,,,
Greenhouse,Temp & Humidity Sensor,2020/12/25 2:25 AM,46.5,94.0,44.9,45.3,,,29.63,,,,,,,,,,,,,
Greenhouse,Temp & Humidity Sensor,2020/12/25 2:30 AM,46.4,94.0,44.8,45.2,,,29.63,,,,,,,,,,,,,
Greenhouse,Temp & Humidity Sensor,2020/12/25 2:35 AM,46.2,95.0,44.8,45.0,,,29.63,,,,,,,,,,,,,
Greenhouse,Temp & Humidity Sensor,2020/12/25 2:40 AM,45.8,94.0,44.2,44.5,,,29.64,,,,,,,,,,,,,
Greenhouse,Temp & Humidity Sensor,2020/12/25 2:45 AM,45.8,94.0,44.2,44.5,,,29.65,,,,,,,,,,,,,
Greenhouse,Temp & Humidity Sensor,2020/12/25 2:50 AM,45.3,94.0,43.7,43.9,,,29.64,,,,,,,,,,,,,
Greenhouse,Temp & Humidity Sensor,2020/12/25 2:55 AM,45.1,93.0,43.2,43.7,,,29.64,,,,,,,,,,,,,
Greenhouse,Temp & Humidity Sensor,2020/12/25 3:00 AM,44.9,93.0,43.0,43.5,,,29.65,,,,,,,,,,,,,
Greenhouse,Temp & Humidity Sensor,2020/12/25 3:05 AM,44.7,93.0,42.8,43.2,,,29.66,,,,,,,,,,,,,
Greenhouse,Temp & Humidity Sensor,2020/12/25 3:10 AM,44.6,93.0,42.7,43.1,,,29.65,,,,,,,,,,,,,
Greenhouse,Temp & Humidity Sensor,2020/12/25 3:15 AM,44.6,92.0,42.4,43.1,,,29.65,,,,,,,,,,,,,
Greenhouse,Temp & Humidity Sensor,2020/12/25 3:20 AM,44.4,93.0,42.5,42.9,,,29.65,,,,,,,,,,,,,
Greenhouse,Temp & Humidity Sensor,2020/12/25 3:25 AM,44.2,93.0,42.3,42.7,,,29.64,,,,,,,,,,,,,
Greenhouse,Temp & Humidity Sensor,2020/12/25 3:30 AM,43.8,91.0,41.3,42.2,,,29.64,,,,,,,,,,,,,
Greenhouse,Temp & Humidity Sensor,2020/12/25 3:35 AM,43.5,89.0,40.5,41.7,,,29.65,,,,,,,,,,,,,
Greenhouse,Temp & Humidity Sensor,2020/12/25 3:40 AM,43.3,91.0,40.9,41.6,,,29.65,,,,,,,,,,,,,
Greenhouse,Temp & Humidity Sensor,2020/12/25 3:45 AM,42.6,89.0,39.6,40.7,,,29.65,,,,,,,,,,,,,
Greenhouse,Temp & Humidity Sensor,2020/12/25 3:50 AM,42.4,89.0,39.4,40.5,,,29.66,,,,,,,,,,,,,
Greenhouse,Temp & Humidity Sensor,2020/12/25 3:55 AM,42.2,89.0,39.2,40.3,,,29.65,,,,,,,,,,,,,
Greenhouse,Temp & Humidity Sensor,2020/12/25 4:00 AM,41.9,89.0,38.9,40.0,,,29.65,,,,,,,,,,,,,
Greenhouse,Temp & Humidity Sensor,2020/12/25 4:05 AM,41.7,88.0,38.4,39.7,,,29.65,,,,,,,,,,,,,
Greenhouse,Temp & Humidity Sensor,2020/12/25 4:10 AM,41.5,89.0,38.5,39.5,,,29.65,,,,,,,,,,,,,
Greenhouse,Temp & Humidity Sensor,2020/12/25 4:15 AM,41.5,89.0,38.5,39.5,,,29.65,,,,,,,,,,,,,
Greenhouse,Temp & Humidity Sensor,2020/12/25 4:20 AM,41.3,89.0,38.3,39.3,,,29.66,,,,,,,,,,,,,
Greenhouse,Temp & Humidity Sensor,2020/12/25 4:25 AM,41.1,89.0,38.1,39.1,,,29.65,,,,,,,,,,,,,
Greenhouse,Temp & Humidity Sensor,2020/12/25 4:30 AM,40.8,89.0,37.8,38.8,,,29.66,,,,,,,,,,,,,
Greenhouse,Temp & Humidity Sensor,2020/12/25 4:35 AM,40.6,88.0,37.3,38.5,,,29.66,,,,,,,,,,,,,
Greenhouse,Temp & Humidity Sensor,2020/12/25 4:40 AM,40.1,86.0,36.3,37.9,,,29.67,,,,,,,,,,,,,
Greenhouse,Temp & Humidity Sensor,2020/12/25 4:45 AM,40.1,87.0,36.5,37.9,,,29.67,,,,,,,,,,,,,
Greenhouse,Temp & Humidity Sensor,2020/12/25 4:50 AM,39.9,86.0,36.1,39.9,,,29.66,,,,,,,,,,,,,
Greenhouse,Temp & Humidity Sensor,2020/12/25 4:55 AM,39.3,83.0,34.6,39.3,,,29.66,,,,,,,,,,,,,
Greenhouse,Temp & Humidity Sensor,2020/12/25 5:00 AM,39.3,84.0,34.9,39.3,,,29.67,,,,,,,,,,,,,
Greenhouse,Temp & Humidity Sensor,2020/12/25 5:05 AM,39.2,84.0,34.8,39.2,,,29.67,,,,,,,,,,,,,
Greenhouse,Temp & Humidity Sensor,2020/12/25 5:10 AM,39.2,84.0,34.8,39.2,,,29.68,,,,,,,,,,,,,
Greenhouse,Temp & Humidity Sensor,2020/12/25 5:15 AM,39.2,83.0,34.5,39.2,,,29.68,,,,,,,,,,,,,
Greenhouse,Temp & Humidity Sensor,2020/12/25 5:20 AM,38.4,82.0,33.4,38.4,,,29.68,,,,,,,,,,,,,
Greenhouse,Temp & Humidity Sensor,2020/12/25 5:25 AM,38.3,79.0,32.4,38.3,,,29.69,,,,,,,,,,,,,
Greenhouse,Temp & Humidity Sensor,2020/12/25 5:30 AM,37.5,78.0,31.3,37.5,,,29.69,,,,,,,,,,,,,
Greenhouse,Temp & Humidity Sensor,2020/12/25 5:35 AM,37.2,76.0,30.3,37.2,,,29.7,,,,,,,,,,,,,
Greenhouse,Temp & Humidity Sensor,2020/12/25 5:40 AM,37.0,76.0,30.2,37.0,,,29.71,,,,,,,,,,,,,
Greenhouse,Temp & Humidity Sensor,2020/12/25 5:45 AM,37.2,79.0,31.3,37.2,,,29.71,,,,,,,,,,,,,
Greenhouse,Temp & Humidity Sensor,2020/12/25 5:50 AM,36.6,78.0,30.4,36.6,,,29.71,,,,,,,,,,,,,
Greenhouse,Temp & Humidity Sensor,2020/12/25 5:55 AM,36.3,75.0,29.1,36.3,,,29.71,,,,,,,,,,,,,
Greenhouse,Temp & Humidity Sensor,2020/12/25 6:00 AM,36.6,79.0,30.7,36.6,,,29.72,,,,,,,,,,,,,
Greenhouse,Temp & Humidity Sensor,2020/12/25 6:05 AM,36.6,80.0,31.0,36.6,,,29.72,,,,,,,,,,,,,
Greenhouse,Temp & Humidity Sensor,2020/12/25 6:10 AM,36.5,79.0,30.6,36.5,,,29.72,,,,,,,,,,,,,
Greenhouse,Temp & Humidity Sensor,2020/12/25 6:15 AM,36.3,76.0,29.5,36.3,,,29.72,,,,,,,,,,,,,
Greenhouse,Temp & Humidity Sensor,2020/12/25 6:20 AM,35.9,75.0,28.8,35.9,,,29.73,,,,,,,,,,,,,
Greenhouse,Temp & Humidity Sensor,2020/12/25 6:25 AM,35.9,75.0,28.8,35.9,,,29.73,,,,,,,,,,,,,
Greenhouse,Temp & Humidity Sensor,2020/12/25 6:30 AM,35.7,75.0,28.6,35.7,,,29.74,,,,,,,,,,,,,
Greenhouse,Temp & Humidity Sensor,2020/12/25 6:35 AM,35.7,75.0,28.6,35.7,,,29.74,,,,,,,,,,,,,
Greenhouse,Temp & Humidity Sensor,2020/12/25 6:40 AM,35.6,76.0,28.8,35.6,,,29.74,,,,,,,,,,,,,
Greenhouse,Temp & Humidity Sensor,2020/12/25 6:45 AM,35.6,76.0,28.8,35.6,,,29.75,,,,,,,,,,,,,
Greenhouse,Temp & Humidity Sensor,2020/12/25 6:50 AM,35.6,77.0,29.1,35.6,,,29.75,,,,,,,,,,,,,
Greenhouse,Temp & Humidity Sensor,2020/12/25 6:55 AM,35.6,78.0,29.4,35.6,,,29.75,,,,,,,,,,,,,
Greenhouse,Temp & Humidity Sensor,2020/12/25 7:00 AM,35.6,79.0,29.7,35.6,,,29.76,,,,,,,,,,,,,
Greenhouse,Temp & Humidity Sensor,2020/12/25 7:05 AM,35.0,76.0,28.2,35.0,,,29.76,,,,,,,,,,,,,
Greenhouse,Temp & Humidity Sensor,2020/12/25 7:10 AM,34.5,77.0,28.0,34.5,,,29.76,,,,,,,,,,,,,
Greenhouse,Temp & Humidity Sensor,2020/12/25 7:15 AM,33.9,75.0,26.8,33.9,,,29.77,,,,,,,,,,,,,
Greenhouse,Temp & Humidity Sensor,2020/12/25 7:20 AM,33.8,74.0,26.4,33.8,,,29.77,,,,,,,,,,,,,
Greenhouse,Temp & Humidity Sensor,2020/12/25 7:25 AM,33.2,74.0,25.8,33.2,,,29.77,,,,,,,,,,,,,
Greenhouse,Temp & Humidity Sensor,2020/12/25 7:30 AM,32.9,73.0,25.2,32.9,,,29.77,,,,,,,,,,,,,
Greenhouse,Temp & Humidity Sensor,2020/12/25 7:35 AM,32.5,72.0,24.5,32.5,,,29.77,,,,,,,,,,,,,
Greenhouse,Temp & Humidity Sensor,2020/12/25 7:40 AM,32.3,70.0,23.6,32.3,,,29.77,,,,,,,,,,,,,
Greenhouse,Temp & Humidity Sensor,2020/12/25 7:45 AM,32.0,68.0,22.7,32.0,,,29.77,,,,,,,,,,,,,
Greenhouse,Temp & Humidity Sensor,2020/12/25 7:50 AM,32.0,68.0,22.7,32.0,,,29.78,,,,,,,,,,,,,
Greenhouse,Temp & Humidity Sensor,2020/12/25 7:55 AM,31.8,71.0,23.5,31.8,,,29.78,,,,,,,,,,,,,
Greenhouse,Temp & Humidity Sensor,2020/12/25 8:00 AM,31.8,71.0,23.5,31.8,,,29.78,,,,,,,,,,,,,
Greenhouse,Temp & Humidity Sensor,2020/12/25 8:05 AM,31.6,71.0,23.3,31.6,,,29.79,,,,,,,,,,,,,
Greenhouse,Temp & Humidity Sensor,2020/12/25 8:10 AM,31.6,69.0,22.6,31.6,,,29.79,,,,,,,,,,,,,
Greenhouse,Temp & Humidity Sensor,2020/12/25 8:15 AM,31.4,68.0,22.1,31.4,,,29.8,,,,,,,,,,,,,
Greenhouse,Temp & Humidity Sensor,2020/12/25 8:20 AM,31.4,69.0,22.4,31.4,,,29.8,,,,,,,,,,,,,
Greenhouse,Temp & Humidity Sensor,2020/12/25 8:25 AM,31.8,68.0,22.5,31.8,,,29.81,,,,,,,,,,,,,
Greenhouse,Temp & Humidity Sensor,2020/12/25 8:30 AM,32.0,64.0,21.2,32.0,,,29.81,,,,,,,,,,,,,
Greenhouse,Temp & Humidity Sensor,2020/12/25 8:35 AM,32.3,66.0,22.2,32.3,,,29.81,,,,,,,,,,,,,
Greenhouse,Temp & Humidity Sensor,2020/12/25 8:40 AM,32.7,64.0,21.9,32.7,,,29.82,,,,,,,,,,,,,
Greenhouse,Temp & Humidity Sensor,2020/12/25 8:45 AM,32.9,62.0,21.3,32.9,,,29.82,,,,,,,,,,,,,
Greenhouse,Temp & Humidity Sensor,2020/12/25 8:50 AM,33.0,63.0,21.8,33.0,,,29.82,,,,,,,,,,,,,
Greenhouse,Temp & Humidity Sensor,2020/12/25 8:55 AM,33.8,61.0,21.8,33.8,,,29.82,,,,,,,,,,,,,
Greenhouse,Temp & Humidity Sensor,2020/12/25 9:00 AM,33.8,59.0,21.0,33.8,,,29.82,,,,,,,,,,,,,
Greenhouse,Temp & Humidity Sensor,2020/12/25 9:05 AM,33.4,60.0,21.0,33.4,,,29.83,,,,,,,,,,,,,
Greenhouse,Temp & Humidity Sensor,2020/12/25 9:10 AM,33.4,60.0,21.0,33.4,,,29.83,,,,,,,,,,,,,
Greenhouse,Temp & Humidity Sensor,2020/12/25 9:15 AM,33.4,60.0,21.0,33.4,,,29.83,,,,,,,,,,,,,
Greenhouse,Temp & Humidity Sensor,2020/12/25 9:20 AM,33.2,57.0,19.6,33.2,,,29.84,,,,,,,,,,,,,
Greenhouse,Temp & Humidity Sensor,2020/12/25 9:25 AM,33.6,59.0,20.8,33.6,,,29.84,,,,,,,,,,,,,
Greenhouse,Temp & Humidity Sensor,2020/12/25 9:30 AM,33.8,55.0,19.4,33.8,,,29.84,,,,,,,,,,,,,
Greenhouse,Temp & Humidity Sensor,2020/12/25 9:35 AM,33.6,55.0,19.2,33.6,,,29.84,,,,,,,,,,,,,
Greenhouse,Temp & Humidity Sensor,2020/12/25 9:40 AM,33.8,54.0,18.9,33.8,,,29.85,,,,,,,,,,,,,
Greenhouse,Temp & Humidity Sensor,2020/12/25 9:45 AM,32.9,53.0,17.7,32.9,,,29.85,,,,,,,,,,,,,
Greenhouse,Temp & Humidity Sensor,2020/12/25 9:50 AM,32.9,54.0,18.1,32.9,,,29.85,,,,,,,,,,,,,
Greenhouse,Temp & Humidity Sensor,2020/12/25 9:55 AM,32.3,55.0,18.0,32.3,,,29.86,,,,,,,,,,,,,
Greenhouse,Temp & Humidity Sensor,2020/12/25 10:00 AM,32.1,56.0,18.2,32.1,,,29.86,,,,,,,,,,,,,
Greenhouse,Temp & Humidity Sensor,2020/12/25 10:05 AM,32.7,54.0,17.9,32.7,,,29.86,,,,,,,,,,,,,
Greenhouse,Temp & Humidity Sensor,2020/12/25 10:10 AM,34.8,52.0,19.0,34.8,,,29.86,,,,,,,,,,,,,
Greenhouse,Temp & Humidity Sensor,2020/12/25 10:15 AM,36.1,51.0,19.7,36.1,,,29.87,,,,,,,,,,,,,
Greenhouse,Temp & Humidity Sensor,2020/12/25 10:20 AM,33.8,50.0,17.2,33.8,,,29.87,,,,,,,,,,,,,
Greenhouse,Temp & Humidity Sensor,2020/12/25 10:25 AM,33.6,51.0,17.4,33.6,,,29.87,,,,,,,,,,,,,
Greenhouse,Temp & Humidity Sensor,2020/12/25 10:30 AM,33.4,49.0,16.3,33.4,,,29.87,,,,,,,,,,,,,
Greenhouse,Temp & Humidity Sensor,2020/12/25 10:35 AM,32.7,50.0,16.1,32.7,,,29.87,,,,,,,,,,,,,
Greenhouse,Temp & Humidity Sensor,2020/12/25 10:40 AM,32.1,51.0,16.0,32.1,,,29.88,,,,,,,,,,,,,
Greenhouse,Temp & Humidity Sensor,2020/12/25 10:45 AM,32.0,51.0,15.9,32.0,,,29.89,,,,,,,,,,,,,
Greenhouse,Temp & Humidity Sensor,2020/12/25 10:50 AM,32.3,50.0,15.8,32.3,,,29.88,,,,,,,,,,,,,
Greenhouse,Temp & Humidity Sensor,2020/12/25 10:55 AM,32.9,50.0,16.3,32.9,,,29.88,,,,,,,,,,,,,
Greenhouse,Temp & Humidity Sensor,2020/12/25 11:00 AM,32.3,49.0,15.3,32.3,,,29.88,,,,,,,,,,,,,
Greenhouse,Temp & Humidity Sensor,2020/12/25 11:05 AM,32.9,49.0,15.9,32.9,,,29.88,,,,,,,,,,,,,
Greenhouse,Temp & Humidity Sensor,2020/12/25 11:10 AM,32.5,50.0,16.0,32.5,,,29.89,,,,,,,,,,,,,
Greenhouse,Temp & Humidity Sensor,2020/12/25 11:15 AM,32.7,50.0,16.1,32.7,,,29.89,,,,,,,,,,,,,
Greenhouse,Temp & Humidity Sensor,2020/12/25 11:20 AM,32.9,50.0,16.3,32.9,,,29.89,,,,,,,,,,,,,
Greenhouse,Temp & Humidity Sensor,2020/12/25 11:25 AM,32.7,46.0,14.2,32.7,,,29.89,,,,,,,,,,,,,
Greenhouse,Temp & Humidity Sensor,2020/12/25 11:30 AM,32.3,45.0,13.4,32.3,,,29.89,,,,,,,,,,,,,
Greenhouse,Temp & Humidity Sensor,2020/12/25 11:35 AM,33.4,47.0,15.4,33.4,,,29.88,,,,,,,,,,,,,
Greenhouse,Temp & Humidity Sensor,2020/12/25 11:40 AM,35.4,47.0,17.2,35.4,,,29.88,,,,,,,,,,,,,
Greenhouse,Temp & Humidity Sensor,2020/12/25 11:45 AM,35.0,46.0,16.3,35.0,,,29.88,,,,,,,,,,,,,
Greenhouse,Temp & Humidity Sensor,2020/12/25 11:50 AM,35.2,46.0,16.5,35.2,,,29.88,,,,,,,,,,,,,
Greenhouse,Temp & Humidity Sensor,2020/12/25 11:55 AM,37.7,43.0,17.2,37.7,,,29.88,,,,,,,,,,,,,
Greenhouse,Temp & Humidity Sensor,2020/12/25 12:00 PM,34.1,44.0,14.5,34.1,,,29.88,,,,,,,,,,,,,
Greenhouse,Temp & Humidity Sensor,2020/12/25 12:05 PM,33.4,46.0,14.9,33.4,,,29.88,,,,,,,,,,,,,
Greenhouse,Temp & Humidity Sensor,2020/12/25 12:10 PM,35.0,44.0,15.3,35.0,,,29.88,,,,,,,,,,,,,
Greenhouse,Temp & Humidity Sensor,2020/12/25 12:15 PM,33.6,44.0,14.0,33.6,,,29.88,,,,,,,,,,,,,
Greenhouse,Temp & Humidity Sensor,2020/12/25 12:20 PM,33.2,44.0,13.7,33.2,,,29.88,,,,,,,,,,,,,
Greenhouse,Temp & Humidity Sensor,2020/12/25 12:25 PM,33.8,43.0,13.7,33.8,,,29.88,,,,,,,,,,,,,
Greenhouse,Temp & Humidity Sensor,2020/12/25 12:30 PM,36.5,43.0,16.2,36.5,,,29.87,,,,,,,,,,,,,
Greenhouse,Temp & Humidity Sensor,2020/12/25 12:35 PM,39.2,42.0,18.1,39.2,,,29.87,,,,,,,,,,,,,
Greenhouse,Temp & Humidity Sensor,2020/12/25 12:40 PM,40.6,41.0,18.8,36.3,,,29.87,,,,,,,,,,,,,
Greenhouse,Temp & Humidity Sensor,2020/12/25 12:45 PM,37.9,40.0,15.8,37.9,,,29.87,,,,,,,,,,,,,
Greenhouse,Temp & Humidity Sensor,2020/12/25 12:50 PM,37.4,41.0,15.9,37.4,,,29.87,,,,,,,,,,,,,
Greenhouse,Temp & Humidity Sensor,2020/12/25 12:55 PM,36.3,40.0,14.3,36.3,,,29.87,,,,,,,,,,,,,
Greenhouse,Temp & Humidity Sensor,2020/12/25 1:00 PM,41.0,41.0,19.1,36.7,,,29.87,,,,,,,,,,,,,
Greenhouse,Temp & Humidity Sensor,2020/12/25 1:05 PM,39.5,40.0,17.2,39.5,,,29.87,,,,,,,,,,,,,
Greenhouse,Temp & Humidity Sensor,2020/12/25 1:10 PM,37.0,41.0,15.5,37.0,,,29.87,,,,,,,,,,,,,
Greenhouse,Temp & Humidity Sensor,2020/12/25 1:15 PM,35.7,41.0,14.3,35.7,,,29.87,,,,,,,,,,,,,
Greenhouse,Temp & Humidity Sensor,2020/12/25 1:20 PM,36.3,41.0,14.9,36.3,,,29.87,,,,,,,,,,,,,
Greenhouse,Temp & Humidity Sensor,2020/12/25 1:25 PM,37.0,40.0,14.9,37.0,,,29.87,,,,,,,,,,,,,
Greenhouse,Temp & Humidity Sensor,2020/12/25 1:30 PM,39.2,41.0,17.5,39.2,,,29.87,,,,,,,,,,,,,
Greenhouse,Temp & Humidity Sensor,2020/12/25 1:35 PM,39.2,43.0,18.6,39.2,,,29.88,,,,,,,,,,,,,
Greenhouse,Temp & Humidity Sensor,2020/12/25 1:40 PM,35.9,40.0,14.0,35.9,,,29.88,,,,,,,,,,,,,
Greenhouse,Temp & Humidity Sensor,2020/12/25 1:45 PM,34.5,41.0,13.3,34.5,,,29.88,,,,,,,,,,,,,
Greenhouse,Temp & Humidity Sensor,2020/12/25 1:50 PM,34.8,40.0,13.0,34.8,,,29.88,,,,,,,,,,,,,
Greenhouse,Temp & Humidity Sensor,2020/12/25 1:55 PM,35.6,40.0,13.7,35.6,,,29.88,,,,,,,,,,,,,
Greenhouse,Temp & Humidity Sensor,2020/12/25 2:00 PM,35.6,40.0,13.7,35.6,,,29.88,,,,,,,,,,,,,
Greenhouse,Temp & Humidity Sensor,2020/12/25 2:05 PM,35.6,40.0,13.7,35.6,,,29.88,,,,,,,,,,,,,
Greenhouse,Temp & Humidity Sensor,2020/12/25 2:10 PM,34.8,40.0,13.0,34.8,,,29.88,,,,,,,,,,,,,
Greenhouse,Temp & Humidity Sensor,2020/12/25 2:15 PM,33.9,40.0,12.2,33.9,,,29.89,,,,,,,,,,,,,
Greenhouse,Temp & Humidity Sensor,2020/12/25 2:20 PM,33.8,41.0,12.6,33.8,,,29.88,,,,,,,,,,,,,
Greenhouse,Temp & Humidity Sensor,2020/12/25 2:25 PM,33.8,42.0,13.2,33.8,,,29.88,,,,,,,,,,,,,
Greenhouse,Temp & Humidity Sensor,2020/12/25 2:30 PM,33.4,42.0,12.8,33.4,,,29.89,,,,,,,,,,,,,
Greenhouse,Temp & Humidity Sensor,2020/12/25 2:35 PM,33.2,42.0,12.6,33.2,,,29.89,,,,,,,,,,,,,
Greenhouse,Temp & Humidity Sensor,2020/12/25 2:40 PM,33.2,43.0,13.2,33.2,,,29.89,,,,,,,,,,,,,
Greenhouse,Temp & Humidity Sensor,2020/12/25 2:45 PM,32.9,42.0,12.4,32.9,,,29.89,,,,,,,,,,,,,
Greenhouse,Temp & Humidity Sensor,2020/12/25 2:50 PM,32.9,43.0,12.9,32.9,,,29.89,,,,,,,,,,,,,
Greenhouse,Temp & Humidity Sensor,2020/12/25 2:55 PM,33.4,42.0,12.8,33.4,,,29.9,,,,,,,,,,,,,
Greenhouse,Temp & Humidity Sensor,2020/12/25 3:00 PM,33.0,41.0,11.9,33.0,,,29.9,,,,,,,,,,,,,
Greenhouse,Temp & Humidity Sensor,2020/12/25 3:05 PM,32.9,42.0,12.4,32.9,,,29.9,,,,,,,,,,,,,
Greenhouse,Temp & Humidity Sensor,2020/12/25 3:10 PM,33.8,41.0,12.6,33.8,,,29.9,,,,,,,,,,,,,
Greenhouse,Temp & Humidity Sensor,2020/12/25 3:15 PM,33.4,42.0,12.8,33.4,,,29.9,,,,,,,,,,,,,
Greenhouse,Temp & Humidity Sensor,2020/12/25 3:20 PM,32.7,41.0,11.6,32.7,,,29.9,,,,,,,,,,,,,
Greenhouse,Temp & Humidity Sensor,2020/12/25 3:25 PM,32.7,41.0,11.6,32.7,,,29.91,,,,,,,,,,,,,
Greenhouse,Temp & Humidity Sensor,2020/12/25 3:30 PM,33.0,41.0,11.9,33.0,,,29.91,,,,,,,,,,,,,
Greenhouse,Temp & Humidity Sensor,2020/12/25 3:35 PM,33.0,41.0,11.9,33.0,,,29.91,,,,,,,,,,,,,
Greenhouse,Temp & Humidity Sensor,2020/12/25 3:40 PM,33.8,42.0,13.2,33.8,,,29.91,,,,,,,,,,,,,
Greenhouse,Temp & Humidity Sensor,2020/12/25 3:45 PM,33.6,42.0,13.0,33.6,,,29.91,,,,,,,,,,,,,
Greenhouse,Temp & Humidity Sensor,2020/12/25 3:50 PM,33.8,42.0,13.2,33.8,,,29.91,,,,,,,,,,,,,
Greenhouse,Temp & Humidity Sensor,2020/12/25 3:55 PM,33.4,42.0,12.8,33.4,,,29.92,,,,,,,,,,,,,
Greenhouse,Temp & Humidity Sensor,2020/12/25 4:00 PM,33.2,42.0,12.6,33.2,,,29.92,,,,,,,,,,,,,
Greenhouse,Temp & Humidity Sensor,2020/12/25 4:05 PM,32.9,43.0,12.9,32.9,,,29.93,,,,,,,,,,,,,
Greenhouse,Temp & Humidity Sensor,2020/12/25 4:10 PM,32.5,42.0,12.0,32.5,,,29.93,,,,,,,,,,,,,
Greenhouse,Temp & Humidity Sensor,2020/12/25 4:15 PM,32.1,43.0,12.2,32.1,,,29.94,,,,,,,,,,,,,
Greenhouse,Temp & Humidity Sensor,2020/12/25 4:20 PM,31.8,44.0,12.4,31.8,,,29.94,,,,,,,,,,,,,
Greenhouse,Temp & Humidity Sensor,2020/12/25 4:25 PM,31.2,43.0,11.3,31.2,,,29.95,,,,,,,,,,,,,
Greenhouse,Temp & Humidity Sensor,2020/12/25 4:30 PM,30.9,44.0,11.6,30.9,,,29.95,,,,,,,,,,,,,
Greenhouse,Temp & Humidity Sensor,2020/12/25 4:35 PM,30.5,45.0,11.7,30.5,,,29.95,,,,,,,,,,,,,
Greenhouse,Temp & Humidity Sensor,2020/12/25 4:40 PM,30.3,45.0,11.5,30.3,,,29.95,,,,,,,,,,,,,
Greenhouse,Temp & Humidity Sensor,2020/12/25 4:45 PM,30.2,46.0,11.9,30.2,,,29.96,,,,,,,,,,,,,
Greenhouse,Temp & Humidity Sensor,2020/12/25 4:50 PM,30.0,47.0,12.2,30.0,,,29.96,,,,,,,,,,,,,
Greenhouse,Temp & Humidity Sensor,2020/12/25 4:55 PM,29.6,48.0,12.3,29.6,,,29.96,,,,,,,,,,,,,
Greenhouse,Temp & Humidity Sensor,2020/12/25 5:00 PM,29.8,48.0,12.5,29.8,,,29.97,,,,,,,,,,,,,
Greenhouse,Temp & Humidity Sensor,2020/12/25 5:05 PM,29.8,48.0,12.5,29.8,,,29.97,,,,,,,,,,,,,
Greenhouse,Temp & Humidity Sensor,2020/12/25 5:10 PM,30.0,48.0,12.7,30.0,,,29.97,,,,,,,,,,,,,
Greenhouse,Temp & Humidity Sensor,2020/12/25 5:15 PM,29.6,47.0,11.9,29.6,,,29.98,,,,,,,,,,,,,
Greenhouse,Temp & Humidity Sensor,2020/12/25 5:20 PM,29.4,48.0,12.2,29.4,,,29.98,,,,,,,,,,,,,
Greenhouse,Temp & Humidity Sensor,2020/12/25 5:25 PM,29.1,49.0,12.4,29.1,,,29.98,,,,,,,,,,,,,
Greenhouse,Temp & Humidity Sensor,2020/12/25 5:30 PM,28.7,49.0,12.0,28.7,,,29.99,,,,,,,,,,,,,
Greenhouse,Temp & Humidity Sensor,2020/12/25 5:35 PM,28.5,50.0,12.3,28.5,,,29.99,,,,,,,,,,,,,
Greenhouse,Temp & Humidity Sensor,2020/12/25 5:40 PM,28.5,50.0,12.3,28.5,,,30.0,,,,,,,,,,,,,
Greenhouse,Temp & Humidity Sensor,2020/12/25 5:45 PM,28.5,50.0,12.3,28.5,,,30.0,,,,,,,,,,,,,
Greenhouse,Temp & Humidity Sensor,2020/12/25 5:50 PM,28.4,50.0,12.2,28.4,,,30.0,,,,,,,,,,,,,
Greenhouse,Temp & Humidity Sensor,2020/12/25 5:55 PM,28.4,50.0,12.2,28.4,,,30.0,,,,,,,,,,,,,
Greenhouse,Temp & Humidity Sensor,2020/12/25 6:00 PM,28.2,52.0,12.9,28.2,,,30.0,,,,,,,,,,,,,
Greenhouse,Temp & Humidity Sensor,2020/12/25 6:05 PM,28.0,52.0,12.7,28.0,,,30.01,,,,,,,,,,,,,
Greenhouse,Temp & Humidity Sensor,2020/12/25 6:10 PM,28.2,52.0,12.9,28.2,,,30.01,,,,,,,,,,,,,
Greenhouse,Temp & Humidity Sensor,2020/12/25 6:15 PM,28.4,50.0,12.2,28.4,,,30.01,,,,,,,,,,,,,
Greenhouse,Temp & Humidity Sensor,2020/12/25 6:20 PM,28.2,51.0,12.4,28.2,,,30.02,,,,,,,,,,,,,
Greenhouse,Temp & Humidity Sensor,2020/12/25 6:25 PM,27.8,52.0,12.5,27.8,,,30.02,,,,,,,,,,,,,
Greenhouse,Temp & Humidity Sensor,2020/12/25 6:30 PM,27.8,51.0,12.1,27.8,,,30.02,,,,,,,,,,,,,
Greenhouse,Temp & Humidity Sensor,2020/12/25 6:35 PM,27.5,51.0,11.8,27.5,,,30.02,,,,,,,,,,,,,
Greenhouse,Temp & Humidity Sensor,2020/12/25 6:40 PM,27.5,51.0,11.8,27.5,,,30.03,,,,,,,,,,,,,
Greenhouse,Temp & Humidity Sensor,2020/12/25 6:45 PM,27.3,51.0,11.6,27.3,,,30.03,,,,,,,,,,,,,
Greenhouse,Temp & Humidity Sensor,2020/12/25 6:50 PM,27.1,51.0,11.4,27.1,,,30.03,,,,,,,,,,,,,
Greenhouse,Temp & Humidity Sensor,2020/12/25 6:55 PM,26.7,51.0,11.0,26.7,,,30.03,,,,,,,,,,,,,
Greenhouse,Temp & Humidity Sensor,2020/12/25 7:00 PM,26.6,51.0,10.9,26.6,,,30.03,,,,,,,,,,,,,
Greenhouse,Temp & Humidity Sensor,2020/12/25 7:05 PM,26.6,51.0,10.9,26.6,,,30.03,,,,,,,,,,,,,
Greenhouse,Temp & Humidity Sensor,2020/12/25 7:10 PM,26.7,51.0,11.0,26.7,,,30.03,,,,,,,,,,,,,
Greenhouse,Temp & Humidity Sensor,2020/12/25 7:15 PM,26.6,51.0,10.9,26.6,,,30.03,,,,,,,,,,,,,
Greenhouse,Temp & Humidity Sensor,2020/12/25 7:20 PM,26.2,53.0,11.4,26.2,,,30.03,,,,,,,,,,,,,
Greenhouse,Temp & Humidity Sensor,2020/12/25 7:25 PM,25.8,53.0,11.1,25.8,,,30.03,,,,,,,,,,,,,
Greenhouse,Temp & Humidity Sensor,2020/12/25 7:30 PM,25.7,53.0,11.0,25.7,,,30.03,,,,,,,,,,,,,
Greenhouse,Temp & Humidity Sensor,2020/12/25 7:35 PM,25.7,53.0,11.0,25.7,,,30.02,,,,,,,,,,,,,
Greenhouse,Temp & Humidity Sensor,2020/12/25 7:40 PM,25.5,54.0,11.2,25.5,,,30.02,,,,,,,,,,,,,
Greenhouse,Temp & Humidity Sensor,2020/12/25 7:50 PM,25.1,54.0,10.8,25.1,,,30.02,,,,,,,,,,,,,
Greenhouse,Temp & Humidity Sensor,2020/12/25 7:55 PM,24.9,54.0,10.6,24.9,,,30.02,,,,,,,,,,,,,
Greenhouse,Temp & Humidity Sensor,2020/12/25 8:00 PM,25.1,54.0,10.8,25.1,,,30.02,,,,,,,,,,,,,
Greenhouse,Temp & Humidity Sensor,2020/12/25 8:05 PM,24.9,54.0,10.6,24.9,,,30.03,,,,,,,,,,,,,
Greenhouse,Temp & Humidity Sensor,2020/12/25 8:10 PM,24.9,55.0,11.0,24.9,,,30.03,,,,,,,,,,,,,
Greenhouse,Temp & Humidity Sensor,2020/12/25 8:15 PM,24.8,55.0,11.0,24.8,,,30.03,,,,,,,,,,,,,
Greenhouse,Temp & Humidity Sensor,2020/12/25 8:20 PM,24.8,56.0,11.4,24.8,,,30.03,,,,,,,,,,,,,
Greenhouse,Temp & Humidity Sensor,2020/12/25 8:25 PM,24.8,56.0,11.4,24.8,,,30.03,,,,,,,,,,,,,
Greenhouse,Temp & Humidity Sensor,2020/12/25 8:30 PM,24.8,57.0,11.8,24.8,,,30.03,,,,,,,,,,,,,
Greenhouse,Temp & Humidity Sensor,2020/12/25 8:35 PM,24.8,58.0,12.1,24.8,,,30.04,,,,,,,,,,,,,
Greenhouse,Temp & Humidity Sensor,2020/12/25 8:40 PM,24.6,60.0,12.7,24.6,,,30.04,,,,,,,,,,,,,
Greenhouse,Temp & Humidity Sensor,2020/12/25 8:45 PM,24.4,60.0,12.5,24.4,,,30.05,,,,,,,,,,,,,
Greenhouse,Temp & Humidity Sensor,2020/12/25 8:50 PM,24.4,60.0,12.5,24.4,,,30.05,,,,,,,,,,,,,
Greenhouse,Temp & Humidity Sensor,2020/12/25 8:55 PM,24.4,61.0,12.9,24.4,,,30.05,,,,,,,,,,,,,
Greenhouse,Temp & Humidity Sensor,2020/12/25 9:00 PM,24.6,61.0,13.1,24.6,,,30.05,,,,,,,,,,,,,
Greenhouse,Temp & Humidity Sensor,2020/12/25 9:05 PM,24.4,61.0,12.9,24.4,,,30.05,,,,,,,,,,,,,
Greenhouse,Temp & Humidity Sensor,2020/12/25 9:10 PM,24.2,61.0,12.7,24.2,,,30.05,,,,,,,,,,,,,
Greenhouse,Temp & Humidity Sensor,2020/12/25 9:15 PM,24.0,61.0,12.5,24.0,,,30.05,,,,,,,,,,,,,
Greenhouse,Temp & Humidity Sensor,2020/12/25 9:20 PM,24.2,62.0,13.1,24.2,,,30.06,,,,,,,,,,,,,
Greenhouse,Temp & Humidity Sensor,2020/12/25 9:25 PM,24.6,62.0,13.5,24.6,,,30.06,,,,,,,,,,,,,
Greenhouse,Temp & Humidity Sensor,2020/12/25 9:30 PM,24.4,62.0,13.3,24.4,,,30.06,,,,,,,,,,,,,
Greenhouse,Temp & Humidity Sensor,2020/12/25 9:35 PM,24.0,62.0,12.9,24.0,,,30.06,,,,,,,,,,,,,
Greenhouse,Temp & Humidity Sensor,2020/12/25 9:40 PM,24.0,62.0,12.9,24.0,,,30.06,,,,,,,,,,,,,
Greenhouse,Temp & Humidity Sensor,2020/12/25 9:45 PM,24.0,62.0,12.9,24.0,,,30.06,,,,,,,,,,,,,
Greenhouse,Temp & Humidity Sensor,2020/12/25 9:50 PM,24.4,62.0,13.3,24.4,,,30.06,,,,,,,,,,,,,
Greenhouse,Temp & Humidity Sensor,2020/12/25 9:55 PM,24.4,62.0,13.3,24.4,,,30.07,,,,,,,,,,,,,
Greenhouse,Temp & Humidity Sensor,2020/12/25 10:00 PM,24.2,62.0,13.1,24.2,,,30.07,,,,,,,,,,,,,
Greenhouse,Temp & Humidity Sensor,2020/12/25 10:05 PM,24.4,61.0,12.9,24.4,,,30.07,,,,,,,,,,,,,
Greenhouse,Temp & Humidity Sensor,2020/12/25 10:10 PM,24.2,62.0,13.1,24.2,,,30.08,,,,,,,,,,,,,
Greenhouse,Temp & Humidity Sensor,2020/12/25 10:15 PM,24.0,62.0,12.9,24.0,,,30.08,,,,,,,,,,,,,
Greenhouse,Temp & Humidity Sensor,2020/12/25 10:20 PM,23.9,62.0,12.8,23.9,,,30.09,,,,,,,,,,,,,
Greenhouse,Temp & Humidity Sensor,2020/12/25 10:25 PM,23.9,62.0,12.8,23.9,,,30.09,,,,,,,,,,,,,
Greenhouse,Temp & Humidity Sensor,2020/12/25 10:30 PM,23.9,61.0,12.4,23.9,,,30.09,,,,,,,,,,,,,
Greenhouse,Temp & Humidity Sensor,2020/12/25 10:35 PM,23.9,61.0,12.4,23.9,,,30.09,,,,,,,,,,,,,
Greenhouse,Temp & Humidity Sensor,2020/12/25 10:40 PM,23.9,61.0,12.4,23.9,,,30.09,,,,,,,,,,,,,
Greenhouse,Temp & Humidity Sensor,2020/12/25 10:45 PM,23.9,62.0,12.8,23.9,,,30.09,,,,,,,,,,,,,
Greenhouse,Temp & Humidity Sensor,2020/12/25 10:50 PM,23.9,61.0,12.4,23.9,,,30.09,,,,,,,,,,,,,
Greenhouse,Temp & Humidity Sensor,2020/12/25 10:55 PM,23.9,61.0,12.4,23.9,,,30.09,,,,,,,,,,,,,
Greenhouse,Temp & Humidity Sensor,2020/12/25 11:00 PM,23.9,61.0,12.4,23.9,,,30.09,,,,,,,,,,,,,
Greenhouse,Temp & Humidity Sensor,2020/12/25 11:05 PM,23.7,62.0,12.6,23.7,,,30.09,,,,,,,,,,,,,
Greenhouse,Temp & Humidity Sensor,2020/12/25 11:10 PM,23.7,61.0,12.2,23.7,,,30.1,,,,,,,,,,,,,
Greenhouse,Temp & Humidity Sensor,2020/12/25 11:15 PM,23.5,62.0,12.4,23.5,,,30.1,,,,,,,,,,,,,
Greenhouse,Temp & Humidity Sensor,2020/12/25 11:20 PM,23.5,62.0,12.4,23.5,,,30.1,,,,,,,,,,,,,
Greenhouse,Temp & Humidity Sensor,2020/12/25 11:25 PM,23.5,62.0,12.4,23.5,,,30.1,,,,,,,,,,,,,
Greenhouse,Temp & Humidity Sensor,2020/12/25 11:30 PM,23.5,61.0,12.1,23.5,,,30.1,,,,,,,,,,,,,
Greenhouse,Temp & Humidity Sensor,2020/12/25 11:35 PM,23.3,62.0,12.2,23.3,,,30.1,,,,,,,,,,,,,
Greenhouse,Temp & Humidity Sensor,2020/12/25 11:40 PM,23.3,62.0,12.2,23.3,,,30.11,,,,,,,,,,,,,
Greenhouse,Temp & Humidity Sensor,2020/12/25 11:45 PM,23.3,62.0,12.2,23.3,,,30.11,,,,,,,,,,,,,
Greenhouse,Temp & Humidity Sensor,2020/12/25 11:50 PM,23.1,62.0,12.0,23.1,,,30.11,,,,,,,,,,,,,
Greenhouse,Temp & Humidity Sensor,2020/12/25 11:55 PM,23.0,62.0,11.9,23.0,,,30.11,,,,,,,,,,,,,
Greenhouse,Temp & Humidity Sensor,2020/12/26 12:00 AM,23.0,62.0,11.9,23.0,,,30.11,,,,,,,,,,,,,
Greenhouse,Temp & Humidity Sensor,2020/12/26 12:05 AM,22.8,62.0,11.8,22.8,,,30.11,,,,,,,,,,,,,
Greenhouse,Temp & Humidity Sensor,2020/12/26 12:10 AM,22.8,63.0,12.1,22.8,,,30.11,,,,,,,,,,,,,
Greenhouse,Temp & Humidity Sensor,2020/12/26 12:15 AM,22.8,63.0,12.1,22.8,,,30.11,,,,,,,,,,,,,
Greenhouse,Temp & Humidity Sensor,2020/12/26 12:20 AM,22.8,63.0,12.1,22.8,,,30.11,,,,,,,,,,,,,
Greenhouse,Temp & Humidity Sensor,2020/12/26 12:25 AM,22.6,63.0,11.9,22.6,,,30.11,,,,,,,,,,,,,
Greenhouse,Temp & Humidity Sensor,2020/12/26 12:30 AM,22.6,63.0,11.9,22.6,,,30.11,,,,,,,,,,,,,
Greenhouse,Temp & Humidity Sensor,2020/12/26 12:35 AM,22.6,64.0,12.3,22.6,,,30.12,,,,,,,,,,,,,
Greenhouse,Temp & Humidity Sensor,2020/12/26 12:40 AM,22.4,64.0,12.1,22.4,,,30.12,,,,,,,,,,,,,
Greenhouse,Temp & Humidity Sensor,2020/12/26 12:45 AM,22.4,64.0,12.1,22.4,,,30.11,,,,,,,,,,,,,
Greenhouse,Temp & Humidity Sensor,2020/12/26 12:50 AM,22.4,63.0,11.7,22.4,,,30.11,,,,,,,,,,,,,
Greenhouse,Temp & Humidity Sensor,2020/12/26 12:55 AM,22.2,64.0,11.9,22.2,,,30.11,,,,,,,,,,,,,
Greenhouse,Temp & Humidity Sensor,2020/12/26 1:00 AM,22.1,64.0,11.8,22.1,,,30.12,,,,,,,,,,,,,
Greenhouse,Temp & Humidity Sensor,2020/12/26 1:05 AM,22.1,64.0,11.8,22.1,,,30.12,,,,,,,,,,,,,
Greenhouse,Temp & Humidity Sensor,2020/12/26 1:10 AM,22.1,64.0,11.8,22.1,,,30.12,,,,,,,,,,,,,
Greenhouse,Temp & Humidity Sensor,2020/12/26 1:15 AM,21.7,65.0,11.8,21.7,,,30.12,,,,,,,,,,,,,
Greenhouse,Temp & Humidity Sensor,2020/12/26 1:20 AM,21.5,65.0,11.6,21.5,,,30.13,,,,,,,,,,,,,
Greenhouse,Temp & Humidity Sensor,2020/12/26 1:25 AM,21.5,66.0,11.9,21.5,,,30.13,,,,,,,,,,,,,
Greenhouse,Temp & Humidity Sensor,2020/12/26 1:30 AM,21.5,66.0,11.9,21.5,,,30.12,,,,,,,,,,,,,
Greenhouse,Temp & Humidity Sensor,2020/12/26 1:35 AM,21.5,67.0,12.3,21.5,,,30.12,,,,,,,,,,,,,
Greenhouse,Temp & Humidity Sensor,2020/12/26 1:40 AM,21.3,67.0,12.1,21.3,,,30.12,,,,,,,,,,,,,
Greenhouse,Temp & Humidity Sensor,2020/12/26 1:45 AM,21.5,67.0,12.3,21.5,,,30.13,,,,,,,,,,,,,
Greenhouse,Temp & Humidity Sensor,2020/12/26 1:50 AM,21.3,67.0,12.1,21.3,,,30.13,,,,,,,,,,,,,
Greenhouse,Temp & Humidity Sensor,2020/12/26 1:55 AM,21.2,68.0,12.3,21.2,,,30.13,,,,,,,,,,,,,
Greenhouse,Temp & Humidity Sensor,2020/12/26 2:00 AM,21.2,69.0,12.6,21.2,,,30.14,,,,,,,,,,,,,
Greenhouse,Temp & Humidity Sensor,2020/12/26 2:05 AM,21.3,71.0,13.4,21.3,,,30.14,,,,,,,,,,,,,
Greenhouse,Temp & Humidity Sensor,2020/12/26 2:10 AM,21.3,71.0,13.4,21.3,,,30.14,,,,,,,,,,,,,
Greenhouse,Temp & Humidity Sensor,2020/12/26 2:15 AM,21.3,72.0,13.7,21.3,,,30.14,,,,,,,,,,,,,
Greenhouse,Temp & Humidity Sensor,2020/12/26 2:20 AM,21.2,72.0,13.6,21.2,,,30.14,,,,,,,,,,,,,
Greenhouse,Temp & Humidity Sensor,2020/12/26 2:25 AM,21.2,72.0,13.6,21.2,,,30.14,,,,,,,,,,,,,
Greenhouse,Temp & Humidity Sensor,2020/12/26 2:30 AM,21.2,72.0,13.6,21.2,,,30.14,,,,,,,,,,,,,
Greenhouse,Temp & Humidity Sensor,2020/12/26 2:35 AM,21.2,72.0,13.6,21.2,,,30.15,,,,,,,,,,,,,
Greenhouse,Temp & Humidity Sensor,2020/12/26 2:40 AM,21.2,72.0,13.6,21.2,,,30.14,,,,,,,,,,,,,
Greenhouse,Temp & Humidity Sensor,2020/12/26 2:45 AM,21.2,72.0,13.6,21.2,,,30.14,,,,,,,,,,,,,
Greenhouse,Temp & Humidity Sensor,2020/12/26 2:50 AM,21.2,72.0,13.6,21.2,,,30.15,,,,,,,,,,,,,
Greenhouse,Temp & Humidity Sensor,2020/12/26 2:55 AM,21.0,73.0,13.7,21.0,,,30.15,,,,,,,,,,,,,
Greenhouse,Temp & Humidity Sensor,2020/12/26 3:00 AM,20.8,73.0,13.5,20.8,,,30.15,,,,,,,,,,,,,
Greenhouse,Temp & Humidity Sensor,2020/12/26 3:05 AM,21.0,74.0,14.0,21.0,,,30.15,,,,,,,,,,,,,
Greenhouse,Temp & Humidity Sensor,2020/12/26 3:10 AM,20.8,74.0,13.8,20.8,,,30.16,,,,,,,,,,,,,
Greenhouse,Temp & Humidity Sensor,2020/12/26 3:15 AM,20.8,75.0,14.1,20.8,,,30.16,,,,,,,,,,,,,
Greenhouse,Temp & Humidity Sensor,2020/12/26 3:20 AM,20.8,74.0,13.8,20.8,,,30.16,,,,,,,,,,,,,
Greenhouse,Temp & Humidity Sensor,2020/12/26 3:25 AM,20.6,74.0,13.7,20.6,,,30.16,,,,,,,,,,,,,
Greenhouse,Temp & Humidity Sensor,2020/12/26 3:30 AM,20.6,74.0,13.7,20.6,,,30.16,,,,,,,,,,,,,
Greenhouse,Temp & Humidity Sensor,2020/12/26 3:35 AM,20.6,74.0,13.7,20.6,,,30.16,,,,,,,,,,,,,
Greenhouse,Temp & Humidity Sensor,2020/12/26 3:40 AM,20.4,74.0,13.5,20.4,,,30.16,,,,,,,,,,,,,
Greenhouse,Temp & Humidity Sensor,2020/12/26 3:45 AM,20.3,74.0,13.4,20.3,,,30.16,,,,,,,,,,,,,
Greenhouse,Temp & Humidity Sensor,2020/12/26 3:50 AM,20.1,74.0,13.2,20.1,,,30.16,,,,,,,,,,,,,
Greenhouse,Temp & Humidity Sensor,2020/12/26 3:55 AM,19.9,74.0,13.0,19.9,,,30.15,,,,,,,,,,,,,
Greenhouse,Temp & Humidity Sensor,2020/12/26 4:00 AM,19.7,74.0,12.8,19.7,,,30.16,,,,,,,,,,,,,
Greenhouse,Temp & Humidity Sensor,2020/12/26 4:05 AM,19.9,74.0,13.0,19.9,,,30.16,,,,,,,,,,,,,
Greenhouse,Temp & Humidity Sensor,2020/12/26 4:10 AM,20.1,74.0,13.2,20.1,,,30.16,,,,,,,,,,,,,
Greenhouse,Temp & Humidity Sensor,2020/12/26 4:15 AM,20.1,74.0,13.2,20.1,,,30.16,,,,,,,,,,,,,
Greenhouse,Temp & Humidity Sensor,2020/12/26 4:20 AM,20.1,74.0,13.2,20.1,,,30.15,,,,,,,,,,,,,
Greenhouse,Temp & Humidity Sensor,2020/12/26 4:25 AM,20.3,73.0,13.1,20.3,,,30.15,,,,,,,,,,,,,
Greenhouse,Temp & Humidity Sensor,2020/12/26 4:30 AM,20.1,73.0,12.9,20.1,,,30.14,,,,,,,,,,,,,
Greenhouse,Temp & Humidity Sensor,2020/12/26 4:35 AM,19.7,73.0,12.5,19.7,,,30.14,,,,,,,,,,,,,
Greenhouse,Temp & Humidity Sensor,2020/12/26 4:40 AM,19.9,73.0,12.7,19.9,,,30.13,,,,,,,,,,,,,
Greenhouse,Temp & Humidity Sensor,2020/12/26 4:45 AM,19.9,72.0,12.4,19.9,,,30.13,,,,,,,,,,,,,
Greenhouse,Temp & Humidity Sensor,2020/12/26 4:50 AM,19.9,72.0,12.4,19.9,,,30.13,,,,,,,,,,,,,
Greenhouse,Temp & Humidity Sensor,2020/12/26 4:55 AM,19.9,72.0,12.4,19.9,,,30.13,,,,,,,,,,,,,
Greenhouse,Temp & Humidity Sensor,2020/12/26 5:00 AM,19.5,72.0,12.0,19.5,,,30.13,,,,,,,,,,,,,
Greenhouse,Temp & Humidity Sensor,2020/12/26 5:05 AM,19.5,72.0,12.0,19.5,,,30.14,,,,,,,,,,,,,
Greenhouse,Temp & Humidity Sensor,2020/12/26 5:10 AM,19.7,72.0,12.2,19.7,,,30.14,,,,,,,,,,,,,
Greenhouse,Temp & Humidity Sensor,2020/12/26 5:15 AM,19.9,73.0,12.7,19.9,,,30.14,,,,,,,,,,,,,
Greenhouse,Temp & Humidity Sensor,2020/12/26 5:20 AM,20.1,74.0,13.2,20.1,,,30.15,,,,,,,,,,,,,
Greenhouse,Temp & Humidity Sensor,2020/12/26 5:25 AM,19.9,74.0,13.0,19.9,,,30.15,,,,,,,,,,,,,
Greenhouse,Temp & Humidity Sensor,2020/12/26 5:30 AM,19.7,74.0,12.8,19.7,,,30.15,,,,,,,,,,,,,
Greenhouse,Temp & Humidity Sensor,2020/12/26 5:35 AM,19.5,74.0,12.6,19.5,,,30.15,,,,,,,,,,,,,
Greenhouse,Temp & Humidity Sensor,2020/12/26 5:40 AM,19.4,74.0,12.5,19.4,,,30.16,,,,,,,,,,,,,
Greenhouse,Temp & Humidity Sensor,2020/12/26 5:45 AM,19.4,74.0,12.5,19.4,,,30.16,,,,,,,,,,,,,
Greenhouse,Temp & Humidity Sensor,2020/12/26 5:50 AM,19.4,74.0,12.5,19.4,,,30.16,,,,,,,,,,,,,
Greenhouse,Temp & Humidity Sensor,2020/12/26 5:55 AM,19.4,74.0,12.5,19.4,,,30.16,,,,,,,,,,,,,
Greenhouse,Temp & Humidity Sensor,2020/12/26 6:00 AM,19.4,74.0,12.5,19.4,,,30.16,,,,,,,,,,,,,
Greenhouse,Temp & Humidity Sensor,2020/12/26 6:05 AM,19.4,74.0,12.5,19.4,,,30.16,,,,,,,,,,,,,
Greenhouse,Temp & Humidity Sensor,2020/12/26 6:10 AM,19.5,74.0,12.6,19.5,,,30.17,,,,,,,,,,,,,
Greenhouse,Temp & Humidity Sensor,2020/12/26 6:15 AM,19.4,74.0,12.5,19.4,,,30.16,,,,,,,,,,,,,
Greenhouse,Temp & Humidity Sensor,2020/12/26 6:20 AM,19.4,74.0,12.5,19.4,,,30.17,,,,,,,,,,,,,
Greenhouse,Temp & Humidity Sensor,2020/12/26 6:25 AM,19.4,74.0,12.5,19.4,,,30.17,,,,,,,,,,,,,
Greenhouse,Temp & Humidity Sensor,2020/12/26 6:30 AM,19.2,75.0,12.6,19.2,,,30.17,,,,,,,,,,,,,
Greenhouse,Temp & Humidity Sensor,2020/12/26 6:35 AM,19.0,76.0,12.7,19.0,,,30.17,,,,,,,,,,,,,
Greenhouse,Temp & Humidity Sensor,2020/12/26 6:40 AM,18.8,76.0,12.5,18.8,,,30.17,,,,,,,,,,,,,
Greenhouse,Temp & Humidity Sensor,2020/12/26 6:45 AM,18.8,76.0,12.5,18.8,,,30.17,,,,,,,,,,,,,
Greenhouse,Temp & Humidity Sensor,2020/12/26 6:50 AM,18.8,77.0,12.8,18.8,,,30.17,,,,,,,,,,,,,
Greenhouse,Temp & Humidity Sensor,2020/12/26 6:55 AM,18.6,76.0,12.3,18.6,,,30.17,,,,,,,,,,,,,
Greenhouse,Temp & Humidity Sensor,2020/12/26 7:00 AM,18.6,76.0,12.3,18.6,,,30.17,,,,,,,,,,,,,
Greenhouse,Temp & Humidity Sensor,2020/12/26 7:05 AM,18.6,77.0,12.6,18.6,,,30.17,,,,,,,,,,,,,
Greenhouse,Temp & Humidity Sensor,2020/12/26 7:10 AM,18.8,78.0,13.1,18.8,,,30.17,,,,,,,,,,,,,
Greenhouse,Temp & Humidity Sensor,2020/12/26 7:15 AM,18.6,78.0,12.9,18.6,,,30.17,,,,,,,,,,,,,
Greenhouse,Temp & Humidity Sensor,2020/12/26 7:20 AM,18.6,78.0,12.9,18.6,,,30.17,,,,,,,,,,,,,
Greenhouse,Temp & Humidity Sensor,2020/12/26 7:25 AM,18.6,79.0,13.2,18.6,,,30.17,,,,,,,,,,,,,
Greenhouse,Temp & Humidity Sensor,2020/12/26 7:30 AM,18.6,80.0,13.5,18.6,,,30.16,,,,,,,,,,,,,
Greenhouse,Temp & Humidity Sensor,2020/12/26 7:35 AM,18.6,81.0,13.8,18.6,,,30.16,,,,,,,,,,,,,
Greenhouse,Temp & Humidity Sensor,2020/12/26 7:40 AM,18.5,80.0,13.4,18.5,,,30.16,,,,,,,,,,,,,
Greenhouse,Temp & Humidity Sensor,2020/12/26 7:45 AM,18.6,81.0,13.8,18.6,,,30.16,,,,,,,,,,,,,
Greenhouse,Temp & Humidity Sensor,2020/12/26 7:50 AM,18.6,81.0,13.8,18.6,,,30.16,,,,,,,,,,,,,
Greenhouse,Temp & Humidity Sensor,2020/12/26 7:55 AM,18.8,81.0,14.0,18.8,,,30.16,,,,,,,,,,,,,
Greenhouse,Temp & Humidity Sensor,2020/12/26 8:00 AM,19.0,81.0,14.1,19.0,,,30.17,,,,,,,,,,,,,
Greenhouse,Temp & Humidity Sensor,2020/12/26 8:05 AM,19.2,81.0,14.3,19.2,,,30.17,,,,,,,,,,,,,
Greenhouse,Temp & Humidity Sensor,2020/12/26 8:10 AM,19.4,80.0,14.3,19.4,,,30.17,,,,,,,,,,,,,
Greenhouse,Temp & Humidity Sensor,2020/12/26 8:15 AM,19.5,80.0,14.4,19.5,,,30.17,,,,,,,,,,,,,
Greenhouse,Temp & Humidity Sensor,2020/12/26 8:20 AM,19.7,80.0,14.5,19.7,,,30.17,,,,,,,,,,,,,
Greenhouse,Temp & Humidity Sensor,2020/12/26 8:25 AM,20.1,80.0,14.9,20.1,,,30.17,,,,,,,,,,,,,
Greenhouse,Temp & Humidity Sensor,2020/12/26 8:30 AM,20.4,80.0,15.2,20.4,,,30.17,,,,,,,,,,,,,
Greenhouse,Temp & Humidity Sensor,2020/12/26 8:35 AM,20.8,80.0,15.6,20.8,,,30.17,,,,,,,,,,,,,
Greenhouse,Temp & Humidity Sensor,2020/12/26 8:40 AM,21.3,78.0,15.5,21.3,,,30.17,,,,,,,,,,,,,
Greenhouse,Temp & Humidity Sensor,2020/12/26 8:45 AM,21.9,75.0,15.2,21.9,,,30.17,,,,,,,,,,,,,
Greenhouse,Temp & Humidity Sensor,2020/12/26 8:50 AM,23.0,74.0,16.0,23.0,,,30.18,,,,,,,,,,,,,
Greenhouse,Temp & Humidity Sensor,2020/12/26 8:55 AM,23.9,73.0,16.5,23.9,,,30.17,,,,,,,,,,,,,
Greenhouse,Temp & Humidity Sensor,2020/12/26 9:00 AM,23.7,71.0,15.7,23.7,,,30.18,,,,,,,,,,,,,
Greenhouse,Temp & Humidity Sensor,2020/12/26 9:05 AM,24.2,70.0,15.9,24.2,,,30.18,,,,,,,,,,,,,
Greenhouse,Temp & Humidity Sensor,2020/12/26 9:10 AM,23.9,70.0,15.6,23.9,,,30.18,,,,,,,,,,,,,
Greenhouse,Temp & Humidity Sensor,2020/12/26 9:15 AM,23.9,69.0,15.2,23.9,,,30.18,,,,,,,,,,,,,
Greenhouse,Temp & Humidity Sensor,2020/12/26 9:20 AM,24.4,69.0,15.7,24.4,,,30.19,,,,,,,,,,,,,
Greenhouse,Temp & Humidity Sensor,2020/12/26 9:25 AM,25.5,66.0,15.7,25.5,,,30.19,,,,,,,,,,,,,
Greenhouse,Temp & Humidity Sensor,2020/12/26 9:30 AM,26.4,65.0,16.3,26.4,,,30.19,,,,,,,,,,,,,
Greenhouse,Temp & Humidity Sensor,2020/12/26 9:35 AM,26.2,61.0,14.6,26.2,,,30.19,,,,,,,,,,,,,
Greenhouse,Temp & Humidity Sensor,2020/12/26 9:40 AM,26.2,61.0,14.6,26.2,,,30.19,,,,,,,,,,,,,
Greenhouse,Temp & Humidity Sensor,2020/12/26 9:45 AM,26.4,62.0,15.2,26.4,,,30.19,,,,,,,,,,,,,
Greenhouse,Temp & Humidity Sensor,2020/12/26 9:50 AM,27.6,62.0,16.3,27.6,,,30.19,,,,,,,,,,,,,
Greenhouse,Temp & Humidity Sensor,2020/12/26 9:55 AM,26.9,62.0,15.6,26.9,,,30.19,,,,,,,,,,,,,
Greenhouse,Temp & Humidity Sensor,2020/12/26 10:00 AM,26.6,60.0,14.6,26.6,,,30.19,,,,,,,,,,,,,
Greenhouse,Temp & Humidity Sensor,2020/12/26 10:05 AM,27.1,59.0,14.7,27.1,,,30.19,,,,,,,,,,,,,
Greenhouse,Temp & Humidity Sensor,2020/12/26 10:10 AM,29.4,56.0,15.7,29.4,,,30.19,,,,,,,,,,,,,
Greenhouse,Temp & Humidity Sensor,2020/12/26 10:15 AM,32.3,53.0,17.1,32.3,,,30.2,,,,,,,,,,,,,
Greenhouse,Temp & Humidity Sensor,2020/12/26 10:20 AM,30.7,51.0,14.7,30.7,,,30.2,,,,,,,,,,,,,
Greenhouse,Temp & Humidity Sensor,2020/12/26 10:25 AM,30.2,51.0,14.3,30.2,,,30.2,,,,,,,,,,,,,
Greenhouse,Temp & Humidity Sensor,2020/12/26 10:30 AM,30.9,53.0,15.8,30.9,,,30.2,,,,,,,,,,,,,
Greenhouse,Temp & Humidity Sensor,2020/12/26 10:35 AM,29.6,52.0,14.2,29.6,,,30.2,,,,,,,,,,,,,
Greenhouse,Temp & Humidity Sensor,2020/12/26 10:40 AM,28.9,52.0,13.5,28.9,,,30.19,,,,,,,,,,,,,
Greenhouse,Temp & Humidity Sensor,2020/12/26 10:45 AM,29.3,53.0,14.3,29.3,,,30.19,,,,,,,,,,,,,
Greenhouse,Temp & Humidity Sensor,2020/12/26 10:50 AM,30.3,52.0,14.8,30.3,,,30.19,,,,,,,,,,,,,
Greenhouse,Temp & Humidity Sensor,2020/12/26 10:55 AM,30.3,53.0,15.2,30.3,,,30.2,,,,,,,,,,,,,
Greenhouse,Temp & Humidity Sensor,2020/12/26 11:00 AM,31.4,51.0,15.4,31.4,,,30.2,,,,,,,,,,,,,
Greenhouse,Temp & Humidity Sensor,2020/12/26 11:05 AM,33.0,50.0,16.4,33.0,,,30.2,,,,,,,,,,,,,
Greenhouse,Temp & Humidity Sensor,2020/12/26 11:10 AM,32.3,49.0,15.3,32.3,,,30.19,,,,,,,,,,,,,
Greenhouse,Temp & Humidity Sensor,2020/12/26 11:15 AM,31.4,50.0,14.9,31.4,,,30.19,,,,,,,,,,,,,
Greenhouse,Temp & Humidity Sensor,2020/12/26 11:20 AM,32.1,50.0,15.6,32.1,,,30.19,,,,,,,,,,,,,
Greenhouse,Temp & Humidity Sensor,2020/12/26 11:25 AM,32.1,50.0,15.6,32.1,,,30.19,,,,,,,,,,,,,
Greenhouse,Temp & Humidity Sensor,2020/12/26 11:30 AM,32.3,50.0,15.8,32.3,,,30.19,,,,,,,,,,,,,
Greenhouse,Temp & Humidity Sensor,2020/12/26 11:35 AM,33.8,50.0,17.2,33.8,,,30.18,,,,,,,,,,,,,
Greenhouse,Temp & Humidity Sensor,2020/12/26 11:40 AM,34.8,49.0,17.6,34.8,,,30.18,,,,,,,,,,,,,
Greenhouse,Temp & Humidity Sensor,2020/12/26 11:45 AM,35.6,46.0,16.9,35.6,,,30.18,,,,,,,,,,,,,
Greenhouse,Temp & Humidity Sensor,2020/12/26 11:50 AM,35.6,45.0,16.4,35.6,,,30.17,,,,,,,,,,,,,
Greenhouse,Temp & Humidity Sensor,2020/12/26 11:55 AM,39.5,43.0,18.9,39.5,,,30.17,,,,,,,,,,,,,
Greenhouse,Temp & Humidity Sensor,2020/12/26 12:00 PM,37.0,43.0,16.6,37.0,,,30.17,,,,,,,,,,,,,
Greenhouse,Temp & Humidity Sensor,2020/12/26 12:05 PM,37.7,44.0,17.8,37.7,,,30.17,,,,,,,,,,,,,
Greenhouse,Temp & Humidity Sensor,2020/12/26 12:10 PM,37.9,42.0,16.9,37.9,,,30.16,,,,,,,,,,,,,
Greenhouse,Temp & Humidity Sensor,2020/12/26 12:15 PM,39.0,43.0,18.4,39.0,,,30.16,,,,,,,,,,,,,
Greenhouse,Temp & Humidity Sensor,2020/12/26 12:20 PM,37.9,44.0,18.0,37.9,,,30.16,,,,,,,,,,,,,
Greenhouse,Temp & Humidity Sensor,2020/12/26 12:25 PM,37.2,44.0,17.3,37.2,,,30.16,,,,,,,,,,,,,
Greenhouse,Temp & Humidity Sensor,2020/12/26 12:30 PM,39.7,44.0,19.6,39.7,,,30.15,,,,,,,,,,,,,
Greenhouse,Temp & Humidity Sensor,2020/12/26 12:35 PM,42.2,42.0,20.8,38.1,,,30.15,,,,,,,,,,,,,
Greenhouse,Temp & Humidity Sensor,2020/12/26 12:40 PM,44.0,40.0,21.2,40.0,,,30.15,,,,,,,,,,,,,
Greenhouse,Temp & Humidity Sensor,2020/12/26 12:45 PM,44.2,42.0,22.6,40.3,,,30.15,,,,,,,,,,,,,
Greenhouse,Temp & Humidity Sensor,2020/12/26 12:50 PM,41.9,40.0,19.4,37.7,,,30.14,,,,,,,,,,,,,
Greenhouse,Temp & Humidity Sensor,2020/12/26 12:55 PM,40.1,41.0,18.3,35.7,,,30.14,,,,,,,,,,,,,
Greenhouse,Temp & Humidity Sensor,2020/12/26 1:00 PM,42.6,40.0,20.0,38.4,,,30.14,,,,,,,,,,,,,
Greenhouse,Temp & Humidity Sensor,2020/12/26 1:05 PM,43.8,35.0,18.0,39.5,,,30.14,,,,,,,,,,,,,
Greenhouse,Temp & Humidity Sensor,2020/12/26 1:10 PM,40.6,41.0,18.8,36.3,,,30.14,,,,,,,,,,,,,
Greenhouse,Temp & Humidity Sensor,2020/12/26 1:15 PM,38.6,42.0,17.5,38.6,,,30.14,,,,,,,,,,,,,
Greenhouse,Temp & Humidity Sensor,2020/12/26 1:20 PM,38.3,40.0,16.1,38.3,,,30.14,,,,,,,,,,,,,
Greenhouse,Temp & Humidity Sensor,2020/12/26 1:25 PM,39.9,41.0,18.1,39.9,,,30.13,,,,,,,,,,,,,
Greenhouse,Temp & Humidity Sensor,2020/12/26 1:30 PM,40.2,40.0,17.8,35.8,,,30.13,,,,,,,,,,,,,
Greenhouse,Temp & Humidity Sensor,2020/12/26 1:35 PM,42.6,37.0,18.2,38.3,,,30.13,,,,,,,,,,,,,
Greenhouse,Temp & Humidity Sensor,2020/12/26 1:40 PM,42.8,38.0,19.0,38.6,,,30.13,,,,,,,,,,,,,
Greenhouse,Temp & Humidity Sensor,2020/12/26 1:45 PM,42.8,39.0,19.6,38.6,,,30.13,,,,,,,,,,,,,
Greenhouse,Temp & Humidity Sensor,2020/12/26 1:50 PM,40.4,40.0,18.0,36.0,,,30.13,,,,,,,,,,,,,
Greenhouse,Temp & Humidity Sensor,2020/12/26 1:55 PM,39.7,40.0,17.4,39.7,,,30.13,,,,,,,,,,,,,
Greenhouse,Temp & Humidity Sensor,2020/12/26 2:00 PM,40.4,40.0,18.0,36.0,,,30.13,,,,,,,,,,,,,
Greenhouse,Temp & Humidity Sensor,2020/12/26 2:05 PM,41.7,40.0,19.2,37.5,,,30.12,,,,,,,,,,,,,
Greenhouse,Temp & Humidity Sensor,2020/12/26 2:10 PM,44.9,40.0,22.1,41.0,,,30.12,,,,,,,,,,,,,
Greenhouse,Temp & Humidity Sensor,2020/12/26 2:15 PM,45.1,34.0,18.4,40.9,,,30.12,,,,,,,,,,,,,
Greenhouse,Temp & Humidity Sensor,2020/12/26 2:20 PM,43.1,34.0,16.7,38.7,,,30.12,,,,,,,,,,,,,
Greenhouse,Temp & Humidity Sensor,2020/12/26 2:25 PM,42.2,38.0,18.4,37.9,,,30.12,,,,,,,,,,,,,
Greenhouse,Temp & Humidity Sensor,2020/12/26 2:30 PM,40.4,41.0,18.6,36.1,,,30.12,,,,,,,,,,,,,
Greenhouse,Temp & Humidity Sensor,2020/12/26 2:35 PM,42.4,39.0,19.2,38.2,,,30.12,,,,,,,,,,,,,
Greenhouse,Temp & Humidity Sensor,2020/12/26 2:40 PM,44.4,38.0,20.4,40.3,,,30.12,,,,,,,,,,,,,
Greenhouse,Temp & Humidity Sensor,2020/12/26 2:45 PM,43.7,39.0,20.4,39.6,,,30.12,,,,,,,,,,,,,
Greenhouse,Temp & Humidity Sensor,2020/12/26 2:50 PM,42.6,39.0,19.4,38.4,,,30.12,,,,,,,,,,,,,
Greenhouse,Temp & Humidity Sensor,2020/12/26 2:55 PM,40.8,40.0,18.4,36.5,,,30.11,,,,,,,,,,,,,
Greenhouse,Temp & Humidity Sensor,2020/12/26 3:00 PM,40.8,40.0,18.4,36.5,,,30.12,,,,,,,,,,,,,
Greenhouse,Temp & Humidity Sensor,2020/12/26 3:05 PM,43.1,40.0,20.4,39.0,,,30.12,,,,,,,,,,,,,
Greenhouse,Temp & Humidity Sensor,2020/12/26 3:10 PM,43.7,40.0,21.0,39.7,,,30.11,,,,,,,,,,,,,
Greenhouse,Temp & Humidity Sensor,2020/12/26 3:15 PM,42.0,38.0,18.3,37.7,,,30.11,,,,,,,,,,,,,
Greenhouse,Temp & Humidity Sensor,2020/12/26 3:20 PM,40.4,42.0,19.1,36.1,,,30.12,,,,,,,,,,,,,
Greenhouse,Temp & Humidity Sensor,2020/12/26 3:25 PM,39.5,42.0,18.3,39.5,,,30.12,,,,,,,,,,,,,
Greenhouse,Temp & Humidity Sensor,2020/12/26 3:30 PM,39.3,41.0,17.6,39.3,,,30.12,,,,,,,,,,,,,
Greenhouse,Temp & Humidity Sensor,2020/12/26 3:35 PM,39.2,43.0,18.6,39.2,,,30.12,,,,,,,,,,,,,
Greenhouse,Temp & Humidity Sensor,2020/12/26 3:40 PM,39.3,41.0,17.6,39.3,,,30.12,,,,,,,,,,,,,
Greenhouse,Temp & Humidity Sensor,2020/12/26 3:45 PM,38.8,40.0,16.6,38.8,,,30.12,,,,,,,,,,,,,
Greenhouse,Temp & Humidity Sensor,2020/12/26 3:50 PM,38.4,40.0,16.2,38.4,,,30.12,,,,,,,,,,,,,
Greenhouse,Temp & Humidity Sensor,2020/12/26 3:55 PM,38.3,40.0,16.1,38.3,,,30.11,,,,,,,,,,,,,
Greenhouse,Temp & Humidity Sensor,2020/12/26 4:00 PM,37.7,43.0,17.2,37.7,,,30.11,,,,,,,,,,,,,
Greenhouse,Temp & Humidity Sensor,2020/12/26 4:05 PM,37.4,40.0,15.3,37.4,,,30.12,,,,,,,,,,,,,
Greenhouse,Temp & Humidity Sensor,2020/12/26 4:10 PM,36.8,40.0,14.8,36.8,,,30.11,,,,,,,,,,,,,
Greenhouse,Temp & Humidity Sensor,2020/12/26 4:15 PM,36.5,41.0,15.1,36.5,,,30.11,,,,,,,,,,,,,
Greenhouse,Temp & Humidity Sensor,2020/12/26 4:20 PM,35.9,41.0,14.5,35.9,,,30.11,,,,,,,,,,,,,
Greenhouse,Temp & Humidity Sensor,2020/12/26 4:25 PM,35.7,41.0,14.3,35.7,,,30.11,,,,,,,,,,,,,
Greenhouse,Temp & Humidity Sensor,2020/12/26 4:30 PM,35.6,41.0,14.2,35.6,,,30.12,,,,,,,,,,,,,
Greenhouse,Temp & Humidity Sensor,2020/12/26 4:35 PM,35.4,42.0,14.6,35.4,,,30.11,,,,,,,,,,,,,
Greenhouse,Temp & Humidity Sensor,2020/12/26 4:40 PM,35.0,42.0,14.3,35.0,,,30.11,,,,,,,,,,,,,
Greenhouse,Temp & Humidity Sensor,2020/12/26 4:45 PM,34.5,43.0,14.3,34.5,,,30.11,,,,,,,,,,,,,
Greenhouse,Temp & Humidity Sensor,2020/12/26 4:50 PM,34.3,43.0,14.2,34.3,,,30.11,,,,,,,,,,,,,
Greenhouse,Temp & Humidity Sensor,2020/12/26 4:55 PM,33.8,43.0,13.7,33.8,,,30.11,,,,,,,,,,,,,
Greenhouse,Temp & Humidity Sensor,2020/12/26 5:00 PM,33.4,44.0,13.9,33.4,,,30.11,,,,,,,,,,,,,
Greenhouse,Temp & Humidity Sensor,2020/12/26 5:05 PM,33.0,45.0,14.0,33.0,,,30.11,,,,,,,,,,,,,
Greenhouse,Temp & Humidity Sensor,2020/12/26 5:10 PM,32.9,45.0,13.9,32.9,,,30.11,,,,,,,,,,,,,
Greenhouse,Temp & Humidity Sensor,2020/12/26 5:15 PM,32.9,47.0,14.9,32.9,,,30.11,,,,,,,,,,,,,
Greenhouse,Temp & Humidity Sensor,2020/12/26 5:20 PM,32.1,47.0,14.2,32.1,,,30.11,,,,,,,,,,,,,
Greenhouse,Temp & Humidity Sensor,2020/12/26 5:25 PM,31.6,49.0,14.7,31.6,,,30.11,,,,,,,,,,,,,
Greenhouse,Temp & Humidity Sensor,2020/12/26 5:30 PM,31.2,50.0,14.8,31.2,,,30.11,,,,,,,,,,,,,
Greenhouse,Temp & Humidity Sensor,2020/12/26 5:35 PM,30.9,50.0,14.5,30.9,,,30.11,,,,,,,,,,,,,
Greenhouse,Temp & Humidity Sensor,2020/12/26 5:40 PM,30.7,53.0,15.6,30.7,,,30.11,,,,,,,,,,,,,
Greenhouse,Temp & Humidity Sensor,2020/12/26 5:45 PM,30.5,53.0,15.4,30.5,,,30.11,,,,,,,,,,,,,
Greenhouse,Temp & Humidity Sensor,2020/12/26 5:50 PM,30.2,56.0,16.4,30.2,,,30.11,,,,,,,,,,,,,
Greenhouse,Temp & Humidity Sensor,2020/12/26 5:55 PM,30.0,57.0,16.6,30.0,,,30.11,,,,,,,,,,,,,
Greenhouse,Temp & Humidity Sensor,2020/12/26 6:00 PM,29.4,57.0,16.1,29.4,,,30.11,,,,,,,,,,,,,
Greenhouse,Temp & Humidity Sensor,2020/12/26 6:05 PM,28.9,57.0,15.6,28.9,,,30.12,,,,,,,,,,,,,
Greenhouse,Temp & Humidity Sensor,2020/12/26 6:10 PM,28.9,60.0,16.8,28.9,,,30.12,,,,,,,,,,,,,
Greenhouse,Temp & Humidity Sensor,2020/12/26 6:15 PM,28.5,60.0,16.4,28.5,,,30.13,,,,,,,,,,,,,
Greenhouse,Temp & Humidity Sensor,2020/12/26 6:20 PM,28.4,60.0,16.3,28.4,,,30.12,,,,,,,,,,,,,
Greenhouse,Temp & Humidity Sensor,2020/12/26 6:25 PM,28.4,61.0,16.7,28.4,,,30.13,,,,,,,,,,,,,
Greenhouse,Temp & Humidity Sensor,2020/12/26 6:30 PM,28.2,62.0,16.9,28.2,,,30.13,,,,,,,,,,,,,
Greenhouse,Temp & Humidity Sensor,2020/12/26 6:35 PM,28.2,62.0,16.9,28.2,,,30.13,,,,,,,,,,,,,
Greenhouse,Temp & Humidity Sensor,2020/12/26 6:40 PM,28.0,62.0,16.7,28.0,,,30.13,,,,,,,,,,,,,
Greenhouse,Temp & Humidity Sensor,2020/12/26 6:45 PM,27.8,62.0,16.5,27.8,,,30.13,,,,,,,,,,,,,
Greenhouse,Temp & Humidity Sensor,2020/12/26 6:50 PM,27.8,63.0,16.9,27.8,,,30.13,,,,,,,,,,,,,
Greenhouse,Temp & Humidity Sensor,2020/12/26 6:55 PM,28.0,67.0,18.5,28.0,,,30.14,,,,,,,,,,,,,
Greenhouse,Temp & Humidity Sensor,2020/12/26 7:00 PM,27.8,68.0,18.6,27.8,,,30.14,,,,,,,,,,,,,
Greenhouse,Temp & Humidity Sensor,2020/12/26 7:05 PM,27.6,67.0,18.1,27.6,,,30.14,,,,,,,,,,,,,
Greenhouse,Temp & Humidity Sensor,2020/12/26 7:10 PM,27.5,68.0,18.3,27.5,,,30.13,,,,,,,,,,,,,
Greenhouse,Temp & Humidity Sensor,2020/12/26 7:15 PM,27.1,67.0,17.6,27.1,,,30.14,,,,,,,,,,,,,
Greenhouse,Temp & Humidity Sensor,2020/12/26 7:20 PM,27.3,69.0,18.5,27.3,,,30.14,,,,,,,,,,,,,
Greenhouse,Temp & Humidity Sensor,2020/12/26 7:25 PM,27.5,70.0,19.0,27.5,,,30.14,,,,,,,,,,,,,
Greenhouse,Temp & Humidity Sensor,2020/12/26 7:30 PM,27.1,71.0,19.0,27.1,,,30.14,,,,,,,,,,,,,
Greenhouse,Temp & Humidity Sensor,2020/12/26 7:35 PM,27.1,71.0,19.0,27.1,,,30.14,,,,,,,,,,,,,
Greenhouse,Temp & Humidity Sensor,2020/12/26 7:40 PM,27.1,72.0,19.3,27.1,,,30.14,,,,,,,,,,,,,
Greenhouse,Temp & Humidity Sensor,2020/12/26 7:45 PM,27.5,74.0,20.3,27.5,,,30.15,,,,,,,,,,,,,
Greenhouse,Temp & Humidity Sensor,2020/12/26 7:50 PM,27.5,76.0,20.9,27.5,,,30.15,,,,,,,,,,,,,
Greenhouse,Temp & Humidity Sensor,2020/12/26 7:55 PM,26.9,75.0,20.1,26.9,,,30.15,,,,,,,,,,,,,
Greenhouse,Temp & Humidity Sensor,2020/12/26 8:00 PM,27.1,75.0,20.2,27.1,,,30.14,,,,,,,,,,,,,
Greenhouse,Temp & Humidity Sensor,2020/12/26 8:05 PM,26.9,76.0,20.4,26.9,,,30.14,,,,,,,,,,,,,
Greenhouse,Temp & Humidity Sensor,2020/12/26 8:10 PM,27.1,77.0,20.9,27.1,,,30.14,,,,,,,,,,,,,
Greenhouse,Temp & Humidity Sensor,2020/12/26 8:15 PM,27.1,78.0,21.2,27.1,,,30.14,,,,,,,,,,,,,
Greenhouse,Temp & Humidity Sensor,2020/12/26 8:20 PM,27.1,78.0,21.2,27.1,,,30.15,,,,,,,,,,,,,
Greenhouse,Temp & Humidity Sensor,2020/12/26 8:25 PM,27.1,79.0,21.5,27.1,,,30.14,,,,,,,,,,,,,
Greenhouse,Temp & Humidity Sensor,2020/12/26 8:30 PM,26.9,79.0,21.3,26.9,,,30.14,,,,,,,,,,,,,
Greenhouse,Temp & Humidity Sensor,2020/12/26 8:35 PM,27.1,80.0,21.8,27.1,,,30.14,,,,,,,,,,,,,
Greenhouse,Temp & Humidity Sensor,2020/12/26 8:40 PM,27.1,81.0,22.1,27.1,,,30.14,,,,,,,,,,,,,
Greenhouse,Temp & Humidity Sensor,2020/12/26 8:45 PM,26.9,80.0,21.6,26.9,,,30.15,,,,,,,,,,,,,
Greenhouse,Temp & Humidity Sensor,2020/12/26 8:50 PM,26.7,79.0,21.1,26.7,,,30.15,,,,,,,,,,,,,
Greenhouse,Temp & Humidity Sensor,2020/12/26 8:55 PM,26.9,80.0,21.6,26.9,,,30.15,,,,,,,,,,,,,
Greenhouse,Temp & Humidity Sensor,2020/12/26 9:00 PM,26.9,81.0,21.9,26.9,,,30.15,,,,,,,,,,,,,
Greenhouse,Temp & Humidity Sensor,2020/12/26 9:05 PM,26.7,80.0,21.4,26.7,,,30.15,,,,,,,,,,,,,
Greenhouse,Temp & Humidity Sensor,2020/12/26 9:10 PM,26.6,78.0,20.7,26.6,,,30.15,,,,,,,,,,,,,
Greenhouse,Temp & Humidity Sensor,2020/12/26 9:15 PM,26.2,79.0,20.6,26.2,,,30.15,,,,,,,,,,,,,
Greenhouse,Temp & Humidity Sensor,2020/12/26 9:20 PM,26.6,78.0,20.7,26.6,,,30.15,,,,,,,,,,,,,
Greenhouse,Temp & Humidity Sensor,2020/12/26 9:25 PM,26.6,78.0,20.7,26.6,,,30.15,,,,,,,,,,,,,
Greenhouse,Temp & Humidity Sensor,2020/12/26 9:30 PM,26.4,79.0,20.8,26.4,,,30.15,,,,,,,,,,,,,
Greenhouse,Temp & Humidity Sensor,2020/12/26 9:35 PM,26.4,79.0,20.8,26.4,,,30.15,,,,,,,,,,,,,
Greenhouse,Temp & Humidity Sensor,2020/12/26 9:40 PM,26.4,79.0,20.8,26.4,,,30.16,,,,,,,,,,,,,
Greenhouse,Temp & Humidity Sensor,2020/12/26 9:45 PM,26.4,79.0,20.8,26.4,,,30.16,,,,,,,,,,,,,
Greenhouse,Temp & Humidity Sensor,2020/12/26 9:50 PM,26.2,79.0,20.6,26.2,,,30.16,,,,,,,,,,,,,
Greenhouse,Temp & Humidity Sensor,2020/12/26 9:55 PM,26.2,80.0,20.9,26.2,,,30.16,,,,,,,,,,,,,
Greenhouse,Temp & Humidity Sensor,2020/12/26 10:00 PM,26.0,79.0,20.4,26.0,,,30.16,,,,,,,,,,,,,
Greenhouse,Temp & Humidity Sensor,2020/12/26 10:05 PM,26.0,79.0,20.4,26.0,,,30.16,,,,,,,,,,,,,
Greenhouse,Temp & Humidity Sensor,2020/12/26 10:10 PM,25.8,78.0,19.9,25.8,,,30.16,,,,,,,,,,,,,
Greenhouse,Temp & Humidity Sensor,2020/12/26 10:15 PM,25.7,78.0,19.8,25.7,,,30.17,,,,,,,,,,,,,
Greenhouse,Temp & Humidity Sensor,2020/12/26 10:20 PM,25.8,79.0,20.2,25.8,,,30.17,,,,,,,,,,,,,
Greenhouse,Temp & Humidity Sensor,2020/12/26 10:25 PM,26.0,80.0,20.7,26.0,,,30.17,,,,,,,,,,,,,
Greenhouse,Temp & Humidity Sensor,2020/12/26 10:30 PM,26.2,81.0,21.2,26.2,,,30.17,,,,,,,,,,,,,
Greenhouse,Temp & Humidity Sensor,2020/12/26 10:35 PM,26.4,83.0,22.0,26.4,,,30.17,,,,,,,,,,,,,
Greenhouse,Temp & Humidity Sensor,2020/12/26 10:40 PM,26.4,84.0,22.2,26.4,,,30.17,,,,,,,,,,,,,
Greenhouse,Temp & Humidity Sensor,2020/12/26 10:45 PM,26.4,85.0,22.5,26.4,,,30.17,,,,,,,,,,,,,
Greenhouse,Temp & Humidity Sensor,2020/12/26 10:50 PM,26.6,84.0,22.4,26.6,,,30.17,,,,,,,,,,,,,
Greenhouse,Temp & Humidity Sensor,2020/12/26 10:55 PM,26.6,85.0,22.7,26.6,,,30.17,,,,,,,,,,,,,
Greenhouse,Temp & Humidity Sensor,2020/12/26 11:00 PM,26.6,85.0,22.7,26.6,,,30.17,,,,,,,,,,,,,
Greenhouse,Temp & Humidity Sensor,2020/12/26 11:05 PM,26.6,86.0,23.0,26.6,,,30.17,,,,,,,,,,,,,
Greenhouse,Temp & Humidity Sensor,2020/12/26 11:10 PM,26.6,86.0,23.0,26.6,,,30.17,,,,,,,,,,,,,
Greenhouse,Temp & Humidity Sensor,2020/12/26 11:15 PM,26.4,87.0,23.1,26.4,,,30.17,,,,,,,,,,,,,
Greenhouse,Temp & Humidity Sensor,2020/12/26 11:20 PM,26.0,86.0,22.4,26.0,,,30.17,,,,,,,,,,,,,
Greenhouse,Temp & Humidity Sensor,2020/12/26 11:25 PM,25.8,85.0,21.9,25.8,,,30.17,,,,,,,,,,,,,
Greenhouse,Temp & Humidity Sensor,2020/12/26 11:30 PM,25.7,85.0,21.8,25.7,,,30.17,,,,,,,,,,,,,
Greenhouse,Temp & Humidity Sensor,2020/12/26 11:35 PM,25.8,85.0,21.9,25.8,,,30.17,,,,,,,,,,,,,
Greenhouse,Temp & Humidity Sensor,2020/12/26 11:40 PM,26.2,87.0,22.9,26.2,,,30.17,,,,,,,,,,,,,
Greenhouse,Temp & Humidity Sensor,2020/12/26 11:45 PM,26.2,88.0,23.1,26.2,,,30.18,,,,,,,,,,,,,
Greenhouse,Temp & Humidity Sensor,2020/12/26 11:50 PM,26.4,88.0,23.3,26.4,,,30.18,,,,,,,,,,,,,
Greenhouse,Temp & Humidity Sensor,2020/12/26 11:55 PM,26.4,89.0,23.6,26.4,,,30.18,,,,,,,,,,,,,
Greenhouse,Temp & Humidity Sensor,2020/12/27 12:00 AM,26.4,89.0,23.6,26.4,,,30.18,,,,,,,,,,,,,
Greenhouse,Temp & Humidity Sensor,2020/12/27 12:05 AM,26.4,89.0,23.6,26.4,,,30.18,,,,,,,,,,,,,
Greenhouse,Temp & Humidity Sensor,2020/12/27 12:10 AM,26.4,89.0,23.6,26.4,,,30.18,,,,,,,,,,,,,
Greenhouse,Temp & Humidity Sensor,2020/12/27 12:15 AM,26.4,89.0,23.6,26.4,,,30.18,,,,,,,,,,,,,
Greenhouse,Temp & Humidity Sensor,2020/12/27 12:20 AM,26.2,89.0,23.4,26.2,,,30.18,,,,,,,,,,,,,
Greenhouse,Temp & Humidity Sensor,2020/12/27 12:25 AM,26.2,89.0,23.4,26.2,,,30.18,,,,,,,,,,,,,
Greenhouse,Temp & Humidity Sensor,2020/12/27 12:30 AM,26.0,88.0,22.9,26.0,,,30.18,,,,,,,,,,,,,
Greenhouse,Temp & Humidity Sensor,2020/12/27 12:35 AM,26.2,89.0,23.4,26.2,,,30.18,,,,,,,,,,,,,
Greenhouse,Temp & Humidity Sensor,2020/12/27 12:40 AM,26.2,89.0,23.4,26.2,,,30.18,,,,,,,,,,,,,
Greenhouse,Temp & Humidity Sensor,2020/12/27 12:45 AM,26.2,89.0,23.4,26.2,,,30.18,,,,,,,,,,,,,
Greenhouse,Temp & Humidity Sensor,2020/12/27 12:50 AM,26.0,90.0,23.5,26.0,,,30.18,,,,,,,,,,,,,
Greenhouse,Temp & Humidity Sensor,2020/12/27 12:55 AM,26.0,90.0,23.5,26.0,,,30.18,,,,,,,,,,,,,
Greenhouse,Temp & Humidity Sensor,2020/12/27 1:00 AM,25.8,89.0,23.0,25.8,,,30.19,,,,,,,,,,,,,
Greenhouse,Temp & Humidity Sensor,2020/12/27 1:05 AM,26.0,89.0,23.2,26.0,,,30.19,,,,,,,,,,,,,
Greenhouse,Temp & Humidity Sensor,2020/12/27 1:10 AM,26.0,90.0,23.5,26.0,,,30.19,,,,,,,,,,,,,
Greenhouse,Temp & Humidity Sensor,2020/12/27 1:15 AM,26.0,90.0,23.5,26.0,,,30.19,,,,,,,,,,,,,
Greenhouse,Temp & Humidity Sensor,2020/12/27 1:20 AM,26.2,91.0,23.9,26.2,,,30.19,,,,,,,,,,,,,
Greenhouse,Temp & Humidity Sensor,2020/12/27 1:25 AM,26.0,91.0,23.7,26.0,,,30.19,,,,,,,,,,,,,
Greenhouse,Temp & Humidity Sensor,2020/12/27 1:30 AM,25.8,91.0,23.5,25.8,,,30.19,,,,,,,,,,,,,
Greenhouse,Temp & Humidity Sensor,2020/12/27 1:35 AM,26.0,91.0,23.7,26.0,,,30.19,,,,,,,,,,,,,
Greenhouse,Temp & Humidity Sensor,2020/12/27 1:40 AM,26.2,92.0,24.2,26.2,,,30.2,,,,,,,,,,,,,
Greenhouse,Temp & Humidity Sensor,2020/12/27 1:45 AM,26.4,92.0,24.4,26.4,,,30.2,,,,,,,,,,,,,
Greenhouse,Temp & Humidity Sensor,2020/12/27 1:50 AM,26.2,93.0,24.5,26.2,,,30.2,,,,,,,,,,,,,
Greenhouse,Temp & Humidity Sensor,2020/12/27 1:55 AM,26.2,93.0,24.5,26.2,,,30.2,,,,,,,,,,,,,
Greenhouse,Temp & Humidity Sensor,2020/12/27 2:00 AM,26.4,94.0,24.9,26.4,,,30.2,,,,,,,,,,,,,
Greenhouse,Temp & Humidity Sensor,2020/12/27 2:05 AM,26.2,94.0,24.7,26.2,,,30.2,,,,,,,,,,,,,
Greenhouse,Temp & Humidity Sensor,2020/12/27 2:10 AM,26.2,94.0,24.7,26.2,,,30.2,,,,,,,,,,,,,
Greenhouse,Temp & Humidity Sensor,2020/12/27 2:15 AM,26.4,94.0,24.9,26.4,,,30.2,,,,,,,,,,,,,
Greenhouse,Temp & Humidity Sensor,2020/12/27 2:20 AM,26.2,94.0,24.7,26.2,,,30.21,,,,,,,,,,,,,
Greenhouse,Temp & Humidity Sensor,2020/12/27 2:25 AM,26.4,94.0,24.9,26.4,,,30.21,,,,,,,,,,,,,
Greenhouse,Temp & Humidity Sensor,2020/12/27 2:30 AM,26.0,94.0,24.5,26.0,,,30.21,,,,,,,,,,,,,
Greenhouse,Temp & Humidity Sensor,2020/12/27 2:35 AM,26.2,94.0,24.7,26.2,,,30.21,,,,,,,,,,,,,
Greenhouse,Temp & Humidity Sensor,2020/12/27 2:40 AM,26.0,94.0,24.5,26.0,,,30.21,,,,,,,,,,,,,
Greenhouse,Temp & Humidity Sensor,2020/12/27 2:45 AM,25.7,93.0,24.0,25.7,,,30.21,,,,,,,,,,,,,
Greenhouse,Temp & Humidity Sensor,2020/12/27 2:50 AM,25.5,93.0,23.8,25.5,,,30.21,,,,,,,,,,,,,
Greenhouse,Temp & Humidity Sensor,2020/12/27 2:55 AM,25.3,92.0,23.3,25.3,,,30.21,,,,,,,,,,,,,
Greenhouse,Temp & Humidity Sensor,2020/12/27 3:00 AM,25.3,92.0,23.3,25.3,,,30.21,,,,,,,,,,,,,
Greenhouse,Temp & Humidity Sensor,2020/12/27 3:05 AM,25.3,91.0,23.0,25.3,,,30.21,,,,,,,,,,,,,
Greenhouse,Temp & Humidity Sensor,2020/12/27 3:10 AM,25.5,91.0,23.2,25.5,,,30.21,,,,,,,,,,,,,
Greenhouse,Temp & Humidity Sensor,2020/12/27 3:15 AM,25.5,91.0,23.2,25.5,,,30.22,,,,,,,,,,,,,
Greenhouse,Temp & Humidity Sensor,2020/12/27 3:20 AM,25.7,92.0,23.7,25.7,,,30.22,,,,,,,,,,,,,
Greenhouse,Temp & Humidity Sensor,2020/12/27 3:25 AM,25.5,92.0,23.5,25.5,,,30.21,,,,,,,,,,,,,
Greenhouse,Temp & Humidity Sensor,2020/12/27 3:30 AM,25.5,92.0,23.5,25.5,,,30.21,,,,,,,,,,,,,
Greenhouse,Temp & Humidity Sensor,2020/12/27 3:35 AM,25.5,92.0,23.5,25.5,,,30.22,,,,,,,,,,,,,
Greenhouse,Temp & Humidity Sensor,2020/12/27 3:40 AM,25.5,93.0,23.8,25.5,,,30.22,,,,,,,,,,,,,
Greenhouse,Temp & Humidity Sensor,2020/12/27 3:45 AM,25.5,93.0,23.8,25.5,,,30.22,,,,,,,,,,,,,
Greenhouse,Temp & Humidity Sensor,2020/12/27 3:50 AM,25.5,93.0,23.8,25.5,,,30.22,,,,,,,,,,,,,
Greenhouse,Temp & Humidity Sensor,2020/12/27 3:55 AM,25.5,93.0,23.8,25.5,,,30.22,,,,,,,,,,,,,
Greenhouse,Temp & Humidity Sensor,2020/12/27 4:00 AM,25.5,94.0,24.0,25.5,,,30.22,,,,,,,,,,,,,
Greenhouse,Temp & Humidity Sensor,2020/12/27 4:05 AM,25.3,94.0,23.8,25.3,,,30.22,,,,,,,,,,,,,
Greenhouse,Temp & Humidity Sensor,2020/12/27 4:10 AM,25.1,94.0,23.6,25.1,,,30.22,,,,,,,,,,,,,
Greenhouse,Temp & Humidity Sensor,2020/12/27 4:15 AM,24.9,93.0,23.2,24.9,,,30.22,,,,,,,,,,,,,
Greenhouse,Temp & Humidity Sensor,2020/12/27 4:20 AM,24.9,93.0,23.2,24.9,,,30.22,,,,,,,,,,,,,
Greenhouse,Temp & Humidity Sensor,2020/12/27 4:25 AM,25.1,93.0,23.4,25.1,,,30.22,,,,,,,,,,,,,
Greenhouse,Temp & Humidity Sensor,2020/12/27 4:30 AM,24.9,93.0,23.2,24.9,,,30.22,,,,,,,,,,,,,
Greenhouse,Temp & Humidity Sensor,2020/12/27 4:35 AM,25.1,93.0,23.4,25.1,,,30.22,,,,,,,,,,,,,
Greenhouse,Temp & Humidity Sensor,2020/12/27 4:40 AM,25.1,94.0,23.6,25.1,,,30.22,,,,,,,,,,,,,
Greenhouse,Temp & Humidity Sensor,2020/12/27 4:45 AM,24.8,94.0,23.3,24.8,,,30.22,,,,,,,,,,,,,
Greenhouse,Temp & Humidity Sensor,2020/12/27 4:50 AM,24.8,94.0,23.3,24.8,,,30.22,,,,,,,,,,,,,
Greenhouse,Temp & Humidity Sensor,2020/12/27 4:55 AM,24.8,93.0,23.1,24.8,,,30.22,,,,,,,,,,,,,
Greenhouse,Temp & Humidity Sensor,2020/12/27 5:00 AM,24.9,93.0,23.2,24.9,,,30.22,,,,,,,,,,,,,
Greenhouse,Temp & Humidity Sensor,2020/12/27 5:05 AM,25.3,94.0,23.8,25.3,,,30.22,,,,,,,,,,,,,
Greenhouse,Temp & Humidity Sensor,2020/12/27 5:10 AM,25.3,95.0,24.1,25.3,,,30.23,,,,,,,,,,,,,
Greenhouse,Temp & Humidity Sensor,2020/12/27 5:15 AM,24.9,95.0,23.7,24.9,,,30.23,,,,,,,,,,,,,
Greenhouse,Temp & Humidity Sensor,2020/12/27 5:20 AM,24.9,95.0,23.7,24.9,,,30.22,,,,,,,,,,,,,
Greenhouse,Temp & Humidity Sensor,2020/12/27 5:25 AM,24.8,94.0,23.3,24.8,,,30.22,,,,,,,,,,,,,
Greenhouse,Temp & Humidity Sensor,2020/12/27 5:30 AM,24.8,94.0,23.3,24.8,,,30.23,,,,,,,,,,,,,
Greenhouse,Temp & Humidity Sensor,2020/12/27 5:35 AM,24.6,95.0,23.4,24.6,,,30.23,,,,,,,,,,,,,
Greenhouse,Temp & Humidity Sensor,2020/12/27 5:40 AM,24.6,95.0,23.4,24.6,,,30.23,,,,,,,,,,,,,
Greenhouse,Temp & Humidity Sensor,2020/12/27 5:45 AM,24.6,95.0,23.4,24.6,,,30.23,,,,,,,,,,,,,
Greenhouse,Temp & Humidity Sensor,2020/12/27 5:50 AM,24.8,95.0,23.6,24.8,,,30.24,,,,,,,,,,,,,
Greenhouse,Temp & Humidity Sensor,2020/12/27 5:55 AM,24.8,95.0,23.6,24.8,,,30.24,,,,,,,,,,,,,
Greenhouse,Temp & Humidity Sensor,2020/12/27 6:00 AM,24.6,96.0,23.6,24.6,,,30.25,,,,,,,,,,,,,
Greenhouse,Temp & Humidity Sensor,2020/12/27 6:05 AM,24.6,95.0,23.4,24.6,,,30.25,,,,,,,,,,,,,
Greenhouse,Temp & Humidity Sensor,2020/12/27 6:10 AM,24.8,94.0,23.3,24.8,,,30.25,,,,,,,,,,,,,
Greenhouse,Temp & Humidity Sensor,2020/12/27 6:15 AM,24.6,96.0,23.6,24.6,,,30.25,,,,,,,,,,,,,
Greenhouse,Temp & Humidity Sensor,2020/12/27 6:20 AM,24.6,96.0,23.6,24.6,,,30.26,,,,,,,,,,,,,
Greenhouse,Temp & Humidity Sensor,2020/12/27 6:25 AM,24.8,94.0,23.3,24.8,,,30.26,,,,,,,,,,,,,
Greenhouse,Temp & Humidity Sensor,2020/12/27 6:30 AM,24.6,96.0,23.6,24.6,,,30.26,,,,,,,,,,,,,
Greenhouse,Temp & Humidity Sensor,2020/12/27 6:35 AM,24.4,95.0,23.2,24.4,,,30.26,,,,,,,,,,,,,
Greenhouse,Temp & Humidity Sensor,2020/12/27 6:40 AM,24.2,95.0,23.0,24.2,,,30.26,,,,,,,,,,,,,
Greenhouse,Temp & Humidity Sensor,2020/12/27 6:45 AM,24.4,95.0,23.2,24.4,,,30.27,,,,,,,,,,,,,
Greenhouse,Temp & Humidity Sensor,2020/12/27 6:50 AM,24.6,96.0,23.6,24.6,,,30.27,,,,,,,,,,,,,
Greenhouse,Temp & Humidity Sensor,2020/12/27 6:55 AM,24.8,95.0,23.6,24.8,,,30.28,,,,,,,,,,,,,
Greenhouse,Temp & Humidity Sensor,2020/12/27 7:00 AM,24.8,96.0,23.8,24.8,,,30.28,,,,,,,,,,,,,
Greenhouse,Temp & Humidity Sensor,2020/12/27 7:05 AM,24.8,96.0,23.8,24.8,,,30.28,,,,,,,,,,,,,
Greenhouse,Temp & Humidity Sensor,2020/12/27 7:10 AM,24.8,96.0,23.8,24.8,,,30.28,,,,,,,,,,,,,
Greenhouse,Temp & Humidity Sensor,2020/12/27 7:15 AM,24.8,97.0,24.1,24.8,,,30.28,,,,,,,,,,,,,
Greenhouse,Temp & Humidity Sensor,2020/12/27 7:20 AM,24.9,97.0,24.2,24.9,,,30.28,,,,,,,,,,,,,
Greenhouse,Temp & Humidity Sensor,2020/12/27 7:25 AM,25.1,98.0,24.6,25.1,,,30.29,,,,,,,,,,,,,
Greenhouse,Temp & Humidity Sensor,2020/12/27 7:30 AM,24.9,98.0,24.4,24.9,,,30.29,,,,,,,,,,,,,
Greenhouse,Temp & Humidity Sensor,2020/12/27 7:35 AM,25.1,98.0,24.6,25.1,,,30.29,,,,,,,,,,,,,
Greenhouse,Temp & Humidity Sensor,2020/12/27 7:40 AM,25.1,98.0,24.6,25.1,,,30.29,,,,,,,,,,,,,
Greenhouse,Temp & Humidity Sensor,2020/12/27 7:45 AM,24.9,98.0,24.4,24.9,,,30.29,,,,,,,,,,,,,
Greenhouse,Temp & Humidity Sensor,2020/12/27 7:50 AM,25.1,97.0,24.4,25.1,,,30.29,,,,,,,,,,,,,
Greenhouse,Temp & Humidity Sensor,2020/12/27 7:55 AM,25.1,97.0,24.4,25.1,,,30.29,,,,,,,,,,,,,
Greenhouse,Temp & Humidity Sensor,2020/12/27 8:00 AM,25.1,97.0,24.4,25.1,,,30.29,,,,,,,,,,,,,
Greenhouse,Temp & Humidity Sensor,2020/12/27 8:05 AM,25.3,96.0,24.3,25.3,,,30.29,,,,,,,,,,,,,
Greenhouse,Temp & Humidity Sensor,2020/12/27 8:10 AM,25.3,96.0,24.3,25.3,,,30.29,,,,,,,,,,,,,
Greenhouse,Temp & Humidity Sensor,2020/12/27 8:15 AM,25.8,96.0,24.8,25.8,,,30.29,,,,,,,,,,,,,
Greenhouse,Temp & Humidity Sensor,2020/12/27 8:20 AM,26.0,96.0,25.0,26.0,,,30.29,,,,,,,,,,,,,
Greenhouse,Temp & Humidity Sensor,2020/12/27 8:25 AM,26.4,96.0,25.4,26.4,,,30.29,,,,,,,,,,,,,
Greenhouse,Temp & Humidity Sensor,2020/12/27 8:30 AM,26.7,94.0,25.2,26.7,,,30.3,,,,,,,,,,,,,
Greenhouse,Temp & Humidity Sensor,2020/12/27 8:35 AM,27.1,94.0,25.6,27.1,,,30.3,,,,,,,,,,,,,
Greenhouse,Temp & Humidity Sensor,2020/12/27 8:40 AM,27.3,94.0,25.8,27.3,,,30.3,,,,,,,,,,,,,
Greenhouse,Temp & Humidity Sensor,2020/12/27 8:45 AM,27.6,94.0,26.1,27.6,,,30.3,,,,,,,,,,,,,
In home  (w/display),Temp & Humidity Sensor,2020/11/28 10:30 AM,66.3,66.0,54.6,65.7,,,30.12,,,,,,,,,,,,,
In home  (w/display),Temp & Humidity Sensor,2020/11/28 10:35 AM,66.3,65.0,54.2,65.7,,,30.12,,,,,,,,,,,,,
In home  (w/display),Temp & Humidity Sensor,2020/11/28 10:40 AM,66.2,64.0,53.7,65.5,,,30.12,,,,,,,,,,,,,
In home  (w/display),Temp & Humidity Sensor,2020/11/28 10:45 AM,66.3,64.0,53.7,65.6,,,30.12,,,,,,,,,,,,,
In home  (w/display),Temp & Humidity Sensor,2020/11/28 10:50 AM,66.3,63.0,53.3,65.6,,,30.12,,,,,,,,,,,,,
In home  (w/display),Temp & Humidity Sensor,2020/11/28 10:55 AM,66.5,63.0,53.5,65.8,,,30.12,,,,,,,,,,,,,
In home  (w/display),Temp & Humidity Sensor,2020/11/28 11:00 AM,66.7,62.0,53.3,66.0,,,30.12,,,,,,,,,,,,,
In home  (w/display),Temp & Humidity Sensor,2020/11/28 11:05 AM,66.7,62.0,53.3,66.0,,,30.11,,,,,,,,,,,,,
In home  (w/display),Temp & Humidity Sensor,2020/11/28 11:10 AM,66.7,61.0,52.8,65.9,,,30.11,,,,,,,,,,,,,
In home  (w/display),Temp & Humidity Sensor,2020/11/28 11:15 AM,66.7,60.0,52.4,65.9,,,30.11,,,,,,,,,,,,,
In home  (w/display),Temp & Humidity Sensor,2020/11/28 11:20 AM,66.7,60.0,52.4,65.9,,,30.11,,,,,,,,,,,,,
In home  (w/display),Temp & Humidity Sensor,2020/11/28 11:25 AM,66.7,60.0,52.4,65.9,,,30.1,,,,,,,,,,,,,
In home  (w/display),Temp & Humidity Sensor,2020/11/28 11:30 AM,66.7,59.0,51.9,65.8,,,30.1,,,,,,,,,,,,,
In home  (w/display),Temp & Humidity Sensor,2020/11/28 11:35 AM,66.7,59.0,51.9,65.8,,,30.09,,,,,,,,,,,,,
In home  (w/display),Temp & Humidity Sensor,2020/11/28 11:40 AM,66.7,59.0,51.9,65.8,,,30.1,,,,,,,,,,,,,
In home  (w/display),Temp & Humidity Sensor,2020/11/28 11:45 AM,66.7,59.0,51.9,65.8,,,30.09,,,,,,,,,,,,,
In home  (w/display),Temp & Humidity Sensor,2020/11/28 11:50 AM,66.7,59.0,51.9,65.8,,,30.09,,,,,,,,,,,,,
In home  (w/display),Temp & Humidity Sensor,2020/11/28 11:55 AM,66.7,59.0,51.9,65.8,,,30.09,,,,,,,,,,,,,
In home  (w/display),Temp & Humidity Sensor,2020/11/28 12:00 PM,66.7,59.0,51.9,65.8,,,30.09,,,,,,,,,,,,,
In home  (w/display),Temp & Humidity Sensor,2020/11/28 12:05 PM,66.7,59.0,51.9,65.8,,,30.09,,,,,,,,,,,,,
In home  (w/display),Temp & Humidity Sensor,2020/11/28 12:10 PM,66.7,59.0,51.9,65.8,,,30.08,,,,,,,,,,,,,
In home  (w/display),Temp & Humidity Sensor,2020/11/28 12:15 PM,66.7,59.0,51.9,65.8,,,30.08,,,,,,,,,,,,,
In home  (w/display),Temp & Humidity Sensor,2020/11/28 12:20 PM,66.7,59.0,51.9,65.8,,,30.08,,,,,,,,,,,,,
In home  (w/display),Temp & Humidity Sensor,2020/11/28 12:25 PM,66.9,59.0,52.1,66.1,,,30.08,,,,,,,,,,,,,
In home  (w/display),Temp & Humidity Sensor,2020/11/28 12:30 PM,66.9,59.0,52.1,66.1,,,30.08,,,,,,,,,,,,,
In home  (w/display),Temp & Humidity Sensor,2020/11/28 12:35 PM,66.9,59.0,52.1,66.1,,,30.08,,,,,,,,,,,,,
In home  (w/display),Temp & Humidity Sensor,2020/11/28 12:40 PM,66.7,60.0,52.4,65.9,,,30.08,,,,,,,,,,,,,
In home  (w/display),Temp & Humidity Sensor,2020/11/28 12:45 PM,66.7,60.0,52.4,65.9,,,30.08,,,,,,,,,,,,,
In home  (w/display),Temp & Humidity Sensor,2020/11/28 12:50 PM,66.7,60.0,52.4,65.9,,,30.07,,,,,,,,,,,,,
In home  (w/display),Temp & Humidity Sensor,2020/11/28 12:55 PM,66.7,61.0,52.8,65.9,,,30.08,,,,,,,,,,,,,
In home  (w/display),Temp & Humidity Sensor,2020/11/28 1:00 PM,66.7,61.0,52.8,65.9,,,30.08,,,,,,,,,,,,,
In home  (w/display),Temp & Humidity Sensor,2020/11/28 1:05 PM,66.7,62.0,53.3,66.0,,,30.08,,,,,,,,,,,,,
In home  (w/display),Temp & Humidity Sensor,2020/11/28 1:10 PM,66.5,62.0,53.1,65.8,,,30.08,,,,,,,,,,,,,
In home  (w/display),Temp & Humidity Sensor,2020/11/28 1:15 PM,66.5,63.0,53.5,65.8,,,30.08,,,,,,,,,,,,,
In home  (w/display),Temp & Humidity Sensor,2020/11/28 1:20 PM,66.7,63.0,53.7,66.0,,,30.08,,,,,,,,,,,,,
In home  (w/display),Temp & Humidity Sensor,2020/11/28 1:25 PM,66.7,63.0,53.7,66.0,,,30.08,,,,,,,,,,,,,
In home  (w/display),Temp & Humidity Sensor,2020/11/28 1:30 PM,66.7,63.0,53.7,66.0,,,30.07,,,,,,,,,,,,,
In home  (w/display),Temp & Humidity Sensor,2020/11/28 1:35 PM,66.7,63.0,53.7,66.0,,,30.07,,,,,,,,,,,,,
In home  (w/display),Temp & Humidity Sensor,2020/11/28 1:40 PM,66.7,63.0,53.7,66.0,,,30.08,,,,,,,,,,,,,
In home  (w/display),Temp & Humidity Sensor,2020/11/28 1:45 PM,66.7,63.0,53.7,66.0,,,30.07,,,,,,,,,,,,,
In home  (w/display),Temp & Humidity Sensor,2020/11/28 1:50 PM,66.7,63.0,53.7,66.0,,,30.07,,,,,,,,,,,,,
In home  (w/display),Temp & Humidity Sensor,2020/11/28 1:55 PM,66.7,63.0,53.7,66.0,,,30.07,,,,,,,,,,,,,
In home  (w/display),Temp & Humidity Sensor,2020/11/28 2:00 PM,66.7,63.0,53.7,66.0,,,30.07,,,,,,,,,,,,,
In home  (w/display),Temp & Humidity Sensor,2020/11/28 2:05 PM,66.7,63.0,53.7,66.0,,,30.07,,,,,,,,,,,,,
In home  (w/display),Temp & Humidity Sensor,2020/11/28 2:10 PM,66.7,63.0,53.7,66.0,,,30.07,,,,,,,,,,,,,
In home  (w/display),Temp & Humidity Sensor,2020/11/28 2:15 PM,66.7,63.0,53.7,66.0,,,30.07,,,,,,,,,,,,,
In home  (w/display),Temp & Humidity Sensor,2020/11/28 2:20 PM,66.7,64.0,54.1,66.1,,,30.07,,,,,,,,,,,,,
In home  (w/display),Temp & Humidity Sensor,2020/11/28 2:25 PM,66.7,64.0,54.1,66.1,,,30.07,,,,,,,,,,,,,
In home  (w/display),Temp & Humidity Sensor,2020/11/28 2:30 PM,66.7,64.0,54.1,66.1,,,30.07,,,,,,,,,,,,,
In home  (w/display),Temp & Humidity Sensor,2020/11/28 2:35 PM,66.9,64.0,54.3,66.3,,,30.07,,,,,,,,,,,,,
In home  (w/display),Temp & Humidity Sensor,2020/11/28 2:40 PM,66.9,64.0,54.3,66.3,,,30.07,,,,,,,,,,,,,
In home  (w/display),Temp & Humidity Sensor,2020/11/28 2:45 PM,67.1,64.0,54.5,66.5,,,30.07,,,,,,,,,,,,,
In home  (w/display),Temp & Humidity Sensor,2020/11/28 2:50 PM,66.9,64.0,54.3,66.3,,,30.07,,,,,,,,,,,,,
In home  (w/display),Temp & Humidity Sensor,2020/11/28 2:55 PM,66.9,64.0,54.3,66.3,,,30.07,,,,,,,,,,,,,
In home  (w/display),Temp & Humidity Sensor,2020/11/28 3:00 PM,66.9,64.0,54.3,66.3,,,30.07,,,,,,,,,,,,,
In home  (w/display),Temp & Humidity Sensor,2020/11/28 3:05 PM,66.9,64.0,54.3,66.3,,,30.07,,,,,,,,,,,,,
In home  (w/display),Temp & Humidity Sensor,2020/11/28 3:10 PM,66.9,64.0,54.3,66.3,,,30.07,,,,,,,,,,,,,
In home  (w/display),Temp & Humidity Sensor,2020/11/28 3:15 PM,67.1,64.0,54.5,66.5,,,30.07,,,,,,,,,,,,,
In home  (w/display),Temp & Humidity Sensor,2020/11/28 3:20 PM,67.1,64.0,54.5,66.5,,,30.07,,,,,,,,,,,,,
In home  (w/display),Temp & Humidity Sensor,2020/11/28 3:25 PM,66.9,64.0,54.3,66.3,,,30.07,,,,,,,,,,,,,
In home  (w/display),Temp & Humidity Sensor,2020/11/28 3:30 PM,67.1,64.0,54.5,66.5,,,30.08,,,,,,,,,,,,,
In home  (w/display),Temp & Humidity Sensor,2020/11/28 3:35 PM,67.1,63.0,54.1,66.5,,,30.08,,,,,,,,,,,,,
In home  (w/display),Temp & Humidity Sensor,2020/11/28 3:40 PM,66.9,63.0,53.9,66.3,,,30.08,,,,,,,,,,,,,
In home  (w/display),Temp & Humidity Sensor,2020/11/28 3:45 PM,66.9,63.0,53.9,66.3,,,30.08,,,,,,,,,,,,,
In home  (w/display),Temp & Humidity Sensor,2020/11/28 3:50 PM,66.9,63.0,53.9,66.3,,,30.07,,,,,,,,,,,,,
In home  (w/display),Temp & Humidity Sensor,2020/11/28 3:55 PM,66.7,63.0,53.7,66.0,,,30.07,,,,,,,,,,,,,
In home  (w/display),Temp & Humidity Sensor,2020/11/28 4:00 PM,66.7,63.0,53.7,66.0,,,30.08,,,,,,,,,,,,,
In home  (w/display),Temp & Humidity Sensor,2020/11/28 4:05 PM,66.7,63.0,53.7,66.0,,,30.08,,,,,,,,,,,,,
In home  (w/display),Temp & Humidity Sensor,2020/11/28 4:10 PM,66.7,63.0,53.7,66.0,,,30.08,,,,,,,,,,,,,
In home  (w/display),Temp & Humidity Sensor,2020/11/28 4:15 PM,66.7,63.0,53.7,66.0,,,30.08,,,,,,,,,,,,,
In home  (w/display),Temp & Humidity Sensor,2020/11/28 4:20 PM,66.7,63.0,53.7,66.0,,,30.08,,,,,,,,,,,,,
In home  (w/display),Temp & Humidity Sensor,2020/11/28 4:25 PM,66.5,63.0,53.5,65.8,,,30.08,,,,,,,,,,,,,
In home  (w/display),Temp & Humidity Sensor,2020/11/28 4:30 PM,66.5,63.0,53.5,65.8,,,30.09,,,,,,,,,,,,,
In home  (w/display),Temp & Humidity Sensor,2020/11/28 4:35 PM,66.3,63.0,53.3,65.6,,,30.09,,,,,,,,,,,,,
In home  (w/display),Temp & Humidity Sensor,2020/11/28 4:40 PM,66.3,63.0,53.3,65.6,,,30.09,,,,,,,,,,,,,
In home  (w/display),Temp & Humidity Sensor,2020/11/28 4:45 PM,66.3,63.0,53.3,65.6,,,30.08,,,,,,,,,,,,,
In home  (w/display),Temp & Humidity Sensor,2020/11/28 4:50 PM,66.3,63.0,53.3,65.6,,,30.09,,,,,,,,,,,,,
In home  (w/display),Temp & Humidity Sensor,2020/11/28 4:55 PM,66.3,64.0,53.7,65.6,,,30.09,,,,,,,,,,,,,
In home  (w/display),Temp & Humidity Sensor,2020/11/28 5:00 PM,66.3,64.0,53.7,65.6,,,30.09,,,,,,,,,,,,,
In home  (w/display),Temp & Humidity Sensor,2020/11/28 5:05 PM,66.3,64.0,53.7,65.6,,,30.09,,,,,,,,,,,,,
In home  (w/display),Temp & Humidity Sensor,2020/11/28 5:10 PM,66.2,64.0,53.7,65.5,,,30.09,,,,,,,,,,,,,
In home  (w/display),Temp & Humidity Sensor,2020/11/28 5:15 PM,66.2,64.0,53.7,65.5,,,30.09,,,,,,,,,,,,,
In home  (w/display),Temp & Humidity Sensor,2020/11/28 5:20 PM,66.2,64.0,53.7,65.5,,,30.09,,,,,,,,,,,,,
In home  (w/display),Temp & Humidity Sensor,2020/11/28 5:25 PM,66.0,65.0,53.9,65.4,,,30.09,,,,,,,,,,,,,
In home  (w/display),Temp & Humidity Sensor,2020/11/28 5:30 PM,66.2,64.0,53.7,65.5,,,30.1,,,,,,,,,,,,,
In home  (w/display),Temp & Humidity Sensor,2020/11/28 5:35 PM,66.0,65.0,53.9,65.4,,,30.1,,,,,,,,,,,,,
In home  (w/display),Temp & Humidity Sensor,2020/11/28 5:40 PM,66.0,65.0,53.9,65.4,,,30.11,,,,,,,,,,,,,
In home  (w/display),Temp & Humidity Sensor,2020/11/28 5:45 PM,66.0,65.0,53.9,65.4,,,30.11,,,,,,,,,,,,,
In home  (w/display),Temp & Humidity Sensor,2020/11/28 5:50 PM,66.0,65.0,53.9,65.4,,,30.1,,,,,,,,,,,,,
In home  (w/display),Temp & Humidity Sensor,2020/11/28 5:55 PM,66.0,65.0,53.9,65.4,,,30.11,,,,,,,,,,,,,
In home  (w/display),Temp & Humidity Sensor,2020/11/28 6:00 PM,66.0,65.0,53.9,65.4,,,30.11,,,,,,,,,,,,,
In home  (w/display),Temp & Humidity Sensor,2020/11/28 6:05 PM,66.0,65.0,53.9,65.4,,,30.11,,,,,,,,,,,,,
In home  (w/display),Temp & Humidity Sensor,2020/11/28 6:10 PM,66.0,65.0,53.9,65.4,,,30.11,,,,,,,,,,,,,
In home  (w/display),Temp & Humidity Sensor,2020/11/28 6:15 PM,66.0,65.0,53.9,65.4,,,30.11,,,,,,,,,,,,,
In home  (w/display),Temp & Humidity Sensor,2020/11/28 6:20 PM,66.0,65.0,53.9,65.4,,,30.12,,,,,,,,,,,,,
In home  (w/display),Temp & Humidity Sensor,2020/11/28 6:25 PM,66.0,65.0,53.9,65.4,,,30.12,,,,,,,,,,,,,
In home  (w/display),Temp & Humidity Sensor,2020/11/28 6:30 PM,66.0,65.0,53.9,65.4,,,30.12,,,,,,,,,,,,,
In home  (w/display),Temp & Humidity Sensor,2020/11/28 6:35 PM,66.0,65.0,53.9,65.4,,,30.12,,,,,,,,,,,,,
In home  (w/display),Temp & Humidity Sensor,2020/11/28 6:40 PM,66.0,65.0,53.9,65.4,,,30.12,,,,,,,,,,,,,
In home  (w/display),Temp & Humidity Sensor,2020/11/28 6:45 PM,66.0,65.0,53.9,65.4,,,30.12,,,,,,,,,,,,,
In home  (w/display),Temp & Humidity Sensor,2020/11/28 6:50 PM,66.0,65.0,53.9,65.4,,,30.12,,,,,,,,,,,,,
In home  (w/display),Temp & Humidity Sensor,2020/11/28 6:55 PM,66.3,64.0,53.7,65.6,,,30.12,,,,,,,,,,,,,
In home  (w/display),Temp & Humidity Sensor,2020/11/28 7:00 PM,66.5,64.0,53.9,65.9,,,30.13,,,,,,,,,,,,,
In home  (w/display),Temp & Humidity Sensor,2020/11/28 7:05 PM,66.5,64.0,53.9,65.9,,,30.13,,,,,,,,,,,,,
In home  (w/display),Temp & Humidity Sensor,2020/11/28 7:10 PM,66.3,64.0,53.7,65.6,,,30.13,,,,,,,,,,,,,
In home  (w/display),Temp & Humidity Sensor,2020/11/28 7:15 PM,66.3,64.0,53.7,65.6,,,30.13,,,,,,,,,,,,,
In home  (w/display),Temp & Humidity Sensor,2020/11/28 7:20 PM,66.3,64.0,53.7,65.6,,,30.13,,,,,,,,,,,,,
In home  (w/display),Temp & Humidity Sensor,2020/11/28 7:35 PM,66.3,64.0,53.7,65.6,,,30.13,,,,,,,,,,,,,
In home  (w/display),Temp & Humidity Sensor,2020/11/28 7:40 PM,66.3,64.0,53.7,65.6,,,30.14,,,,,,,,,,,,,
In home  (w/display),Temp & Humidity Sensor,2020/11/28 7:45 PM,66.3,64.0,53.7,65.6,,,30.14,,,,,,,,,,,,,
In home  (w/display),Temp & Humidity Sensor,2020/11/28 7:50 PM,66.3,64.0,53.7,65.6,,,30.14,,,,,,,,,,,,,
In home  (w/display),Temp & Humidity Sensor,2020/11/28 7:55 PM,66.3,64.0,53.7,65.6,,,30.14,,,,,,,,,,,,,
In home  (w/display),Temp & Humidity Sensor,2020/11/28 8:00 PM,66.3,64.0,53.7,65.6,,,30.15,,,,,,,,,,,,,
In home  (w/display),Temp & Humidity Sensor,2020/11/28 8:05 PM,66.5,64.0,53.9,65.9,,,30.15,,,,,,,,,,,,,
In home  (w/display),Temp & Humidity Sensor,2020/11/28 8:10 PM,66.5,64.0,53.9,65.9,,,30.15,,,,,,,,,,,,,
In home  (w/display),Temp & Humidity Sensor,2020/11/28 8:15 PM,66.3,64.0,53.7,65.6,,,30.15,,,,,,,,,,,,,
In home  (w/display),Temp & Humidity Sensor,2020/11/28 8:20 PM,66.3,64.0,53.7,65.6,,,30.15,,,,,,,,,,,,,
In home  (w/display),Temp & Humidity Sensor,2020/11/28 8:25 PM,66.3,64.0,53.7,65.6,,,30.16,,,,,,,,,,,,,
In home  (w/display),Temp & Humidity Sensor,2020/11/28 8:30 PM,66.3,64.0,53.7,65.6,,,30.15,,,,,,,,,,,,,
In home  (w/display),Temp & Humidity Sensor,2020/11/28 8:35 PM,66.3,64.0,53.7,65.6,,,30.15,,,,,,,,,,,,,
In home  (w/display),Temp & Humidity Sensor,2020/11/28 8:40 PM,66.3,64.0,53.7,65.6,,,30.15,,,,,,,,,,,,,
In home  (w/display),Temp & Humidity Sensor,2020/11/28 8:45 PM,66.7,64.0,54.1,66.1,,,30.15,,,,,,,,,,,,,
In home  (w/display),Temp & Humidity Sensor,2020/11/28 8:50 PM,66.7,64.0,54.1,66.1,,,30.15,,,,,,,,,,,,,
In home  (w/display),Temp & Humidity Sensor,2020/11/28 8:55 PM,66.7,64.0,54.1,66.1,,,30.15,,,,,,,,,,,,,
In home  (w/display),Temp & Humidity Sensor,2020/11/28 9:00 PM,66.5,64.0,53.9,65.9,,,30.16,,,,,,,,,,,,,
In home  (w/display),Temp & Humidity Sensor,2020/11/28 9:05 PM,66.5,64.0,53.9,65.9,,,30.16,,,,,,,,,,,,,
In home  (w/display),Temp & Humidity Sensor,2020/11/28 9:10 PM,66.3,64.0,53.7,65.6,,,30.16,,,,,,,,,,,,,
In home  (w/display),Temp & Humidity Sensor,2020/11/28 9:15 PM,66.3,64.0,53.7,65.6,,,30.16,,,,,,,,,,,,,
In home  (w/display),Temp & Humidity Sensor,2020/11/28 9:20 PM,66.5,64.0,53.9,65.9,,,30.16,,,,,,,,,,,,,
In home  (w/display),Temp & Humidity Sensor,2020/11/28 9:25 PM,66.7,63.0,53.7,66.0,,,30.16,,,,,,,,,,,,,
In home  (w/display),Temp & Humidity Sensor,2020/11/28 9:30 PM,66.7,63.0,53.7,66.0,,,30.16,,,,,,,,,,,,,
In home  (w/display),Temp & Humidity Sensor,2020/11/28 9:35 PM,66.7,63.0,53.7,66.0,,,30.17,,,,,,,,,,,,,
In home  (w/display),Temp & Humidity Sensor,2020/11/28 9:40 PM,66.5,63.0,53.5,65.8,,,30.17,,,,,,,,,,,,,
In home  (w/display),Temp & Humidity Sensor,2020/11/28 9:45 PM,66.5,63.0,53.5,65.8,,,30.17,,,,,,,,,,,,,
In home  (w/display),Temp & Humidity Sensor,2020/11/28 9:50 PM,66.5,63.0,53.5,65.8,,,30.17,,,,,,,,,,,,,
In home  (w/display),Temp & Humidity Sensor,2020/11/28 9:55 PM,66.5,63.0,53.5,65.8,,,30.16,,,,,,,,,,,,,
In home  (w/display),Temp & Humidity Sensor,2020/11/28 10:00 PM,66.7,63.0,53.7,66.0,,,30.17,,,,,,,,,,,,,
In home  (w/display),Temp & Humidity Sensor,2020/11/28 10:05 PM,66.7,63.0,53.7,66.0,,,30.16,,,,,,,,,,,,,
In home  (w/display),Temp & Humidity Sensor,2020/11/28 10:10 PM,66.7,63.0,53.7,66.0,,,30.16,,,,,,,,,,,,,
In home  (w/display),Temp & Humidity Sensor,2020/11/28 10:15 PM,66.5,63.0,53.5,65.8,,,30.16,,,,,,,,,,,,,
In home  (w/display),Temp & Humidity Sensor,2020/11/28 10:20 PM,66.5,63.0,53.5,65.8,,,30.16,,,,,,,,,,,,,
In home  (w/display),Temp & Humidity Sensor,2020/11/28 10:25 PM,66.3,64.0,53.7,65.6,,,30.16,,,,,,,,,,,,,
In home  (w/display),Temp & Humidity Sensor,2020/11/28 10:30 PM,66.3,64.0,53.7,65.6,,,30.16,,,,,,,,,,,,,
In home  (w/display),Temp & Humidity Sensor,2020/11/28 10:35 PM,66.3,64.0,53.7,65.6,,,30.17,,,,,,,,,,,,,
In home  (w/display),Temp & Humidity Sensor,2020/11/28 10:40 PM,66.3,64.0,53.7,65.6,,,30.17,,,,,,,,,,,,,
In home  (w/display),Temp & Humidity Sensor,2020/11/28 10:45 PM,66.3,64.0,53.7,65.6,,,30.17,,,,,,,,,,,,,
In home  (w/display),Temp & Humidity Sensor,2020/11/28 10:50 PM,66.3,64.0,53.7,65.6,,,30.17,,,,,,,,,,,,,
In home  (w/display),Temp & Humidity Sensor,2020/11/28 10:55 PM,66.2,64.0,53.7,65.5,,,30.18,,,,,,,,,,,,,
In home  (w/display),Temp & Humidity Sensor,2020/11/28 11:00 PM,66.0,65.0,53.9,65.4,,,30.17,,,,,,,,,,,,,
In home  (w/display),Temp & Humidity Sensor,2020/11/28 11:05 PM,66.0,64.0,53.5,65.3,,,30.17,,,,,,,,,,,,,
In home  (w/display),Temp & Humidity Sensor,2020/11/28 11:10 PM,66.0,65.0,53.9,65.4,,,30.18,,,,,,,,,,,,,
In home  (w/display),Temp & Humidity Sensor,2020/11/28 11:15 PM,66.0,65.0,53.9,65.4,,,30.18,,,,,,,,,,,,,
In home  (w/display),Temp & Humidity Sensor,2020/11/28 11:20 PM,66.0,65.0,53.9,65.4,,,30.18,,,,,,,,,,,,,
In home  (w/display),Temp & Humidity Sensor,2020/11/28 11:25 PM,65.8,65.0,53.7,65.1,,,30.18,,,,,,,,,,,,,
In home  (w/display),Temp & Humidity Sensor,2020/11/28 11:30 PM,65.8,64.0,53.3,65.1,,,30.18,,,,,,,,,,,,,
In home  (w/display),Temp & Humidity Sensor,2020/11/28 11:35 PM,65.8,64.0,53.3,65.1,,,30.18,,,,,,,,,,,,,
In home  (w/display),Temp & Humidity Sensor,2020/11/28 11:40 PM,65.8,64.0,53.3,65.1,,,30.18,,,,,,,,,,,,,
In home  (w/display),Temp & Humidity Sensor,2020/11/28 11:45 PM,65.6,64.0,53.1,64.9,,,30.19,,,,,,,,,,,,,
In home  (w/display),Temp & Humidity Sensor,2020/11/28 11:50 PM,65.4,64.0,52.9,64.6,,,30.18,,,,,,,,,,,,,
In home  (w/display),Temp & Humidity Sensor,2020/11/28 11:55 PM,65.4,64.0,52.9,64.6,,,30.19,,,,,,,,,,,,,
In home  (w/display),Temp & Humidity Sensor,2020/11/29 12:00 AM,65.4,64.0,52.9,64.6,,,30.19,,,,,,,,,,,,,
In home  (w/display),Temp & Humidity Sensor,2020/11/29 12:05 AM,65.4,64.0,52.9,64.6,,,30.19,,,,,,,,,,,,,
In home  (w/display),Temp & Humidity Sensor,2020/11/29 12:10 AM,65.4,64.0,52.9,64.6,,,30.19,,,,,,,,,,,,,
In home  (w/display),Temp & Humidity Sensor,2020/11/29 12:15 AM,65.3,64.0,52.8,64.5,,,30.19,,,,,,,,,,,,,
In home  (w/display),Temp & Humidity Sensor,2020/11/29 12:20 AM,65.3,64.0,52.8,64.5,,,30.19,,,,,,,,,,,,,
In home  (w/display),Temp & Humidity Sensor,2020/11/29 12:25 AM,65.3,64.0,52.8,64.5,,,30.19,,,,,,,,,,,,,
In home  (w/display),Temp & Humidity Sensor,2020/11/29 12:30 AM,65.1,64.0,52.6,64.3,,,30.18,,,,,,,,,,,,,
In home  (w/display),Temp & Humidity Sensor,2020/11/29 12:35 AM,64.9,64.0,52.4,64.1,,,30.18,,,,,,,,,,,,,
In home  (w/display),Temp & Humidity Sensor,2020/11/29 12:40 AM,64.9,64.0,52.4,64.1,,,30.18,,,,,,,,,,,,,
In home  (w/display),Temp & Humidity Sensor,2020/11/29 12:45 AM,64.9,64.0,52.4,64.1,,,30.18,,,,,,,,,,,,,
In home  (w/display),Temp & Humidity Sensor,2020/11/29 12:50 AM,64.9,64.0,52.4,64.1,,,30.18,,,,,,,,,,,,,
In home  (w/display),Temp & Humidity Sensor,2020/11/29 12:55 AM,64.9,64.0,52.4,64.1,,,30.18,,,,,,,,,,,,,
In home  (w/display),Temp & Humidity Sensor,2020/11/29 1:00 AM,64.9,64.0,52.4,64.1,,,30.18,,,,,,,,,,,,,
In home  (w/display),Temp & Humidity Sensor,2020/11/29 1:05 AM,64.7,64.0,52.2,63.9,,,30.18,,,,,,,,,,,,,
In home  (w/display),Temp & Humidity Sensor,2020/11/29 1:10 AM,64.7,64.0,52.2,63.9,,,30.18,,,,,,,,,,,,,
In home  (w/display),Temp & Humidity Sensor,2020/11/29 1:15 AM,64.5,64.0,52.0,63.7,,,30.18,,,,,,,,,,,,,
In home  (w/display),Temp & Humidity Sensor,2020/11/29 1:20 AM,64.5,64.0,52.0,63.7,,,30.18,,,,,,,,,,,,,
In home  (w/display),Temp & Humidity Sensor,2020/11/29 1:25 AM,64.5,64.0,52.0,63.7,,,30.18,,,,,,,,,,,,,
In home  (w/display),Temp & Humidity Sensor,2020/11/29 1:30 AM,64.5,64.0,52.0,63.7,,,30.18,,,,,,,,,,,,,
In home  (w/display),Temp & Humidity Sensor,2020/11/29 1:35 AM,64.5,64.0,52.0,63.7,,,30.18,,,,,,,,,,,,,
In home  (w/display),Temp & Humidity Sensor,2020/11/29 1:40 AM,64.5,64.0,52.0,63.7,,,30.18,,,,,,,,,,,,,
In home  (w/display),Temp & Humidity Sensor,2020/11/29 1:45 AM,64.4,64.0,52.0,63.5,,,30.18,,,,,,,,,,,,,
In home  (w/display),Temp & Humidity Sensor,2020/11/29 1:50 AM,64.4,64.0,52.0,63.5,,,30.18,,,,,,,,,,,,,
In home  (w/display),Temp & Humidity Sensor,2020/11/29 1:55 AM,64.4,64.0,52.0,63.5,,,30.18,,,,,,,,,,,,,
In home  (w/display),Temp & Humidity Sensor,2020/11/29 2:00 AM,64.4,64.0,52.0,63.5,,,30.18,,,,,,,,,,,,,
In home  (w/display),Temp & Humidity Sensor,2020/11/29 2:05 AM,64.4,64.0,52.0,63.5,,,30.18,,,,,,,,,,,,,
In home  (w/display),Temp & Humidity Sensor,2020/11/29 2:10 AM,64.2,64.0,51.8,63.3,,,30.18,,,,,,,,,,,,,
In home  (w/display),Temp & Humidity Sensor,2020/11/29 2:15 AM,64.2,64.0,51.8,63.3,,,30.18,,,,,,,,,,,,,
In home  (w/display),Temp & Humidity Sensor,2020/11/29 2:20 AM,64.2,64.0,51.8,63.3,,,30.18,,,,,,,,,,,,,
In home  (w/display),Temp & Humidity Sensor,2020/11/29 2:25 AM,64.2,64.0,51.8,63.3,,,30.18,,,,,,,,,,,,,
In home  (w/display),Temp & Humidity Sensor,2020/11/29 2:30 AM,64.2,64.0,51.8,63.3,,,30.18,,,,,,,,,,,,,
In home  (w/display),Temp & Humidity Sensor,2020/11/29 2:35 AM,64.0,64.0,51.6,63.1,,,30.18,,,,,,,,,,,,,
In home  (w/display),Temp & Humidity Sensor,2020/11/29 2:40 AM,64.0,64.0,51.6,63.1,,,30.18,,,,,,,,,,,,,
In home  (w/display),Temp & Humidity Sensor,2020/11/29 2:45 AM,64.0,64.0,51.6,63.1,,,30.18,,,,,,,,,,,,,
In home  (w/display),Temp & Humidity Sensor,2020/11/29 2:50 AM,64.0,64.0,51.6,63.1,,,30.19,,,,,,,,,,,,,
In home  (w/display),Temp & Humidity Sensor,2020/11/29 2:55 AM,64.0,64.0,51.6,63.1,,,30.19,,,,,,,,,,,,,
In home  (w/display),Temp & Humidity Sensor,2020/11/29 3:00 AM,64.0,64.0,51.6,63.1,,,30.19,,,,,,,,,,,,,
In home  (w/display),Temp & Humidity Sensor,2020/11/29 3:05 AM,64.0,64.0,51.6,63.1,,,30.19,,,,,,,,,,,,,
In home  (w/display),Temp & Humidity Sensor,2020/11/29 3:10 AM,63.8,64.0,51.4,62.9,,,30.18,,,,,,,,,,,,,
In home  (w/display),Temp & Humidity Sensor,2020/11/29 3:15 AM,63.8,64.0,51.4,62.9,,,30.19,,,,,,,,,,,,,
In home  (w/display),Temp & Humidity Sensor,2020/11/29 3:20 AM,63.6,64.0,51.2,62.7,,,30.19,,,,,,,,,,,,,
In home  (w/display),Temp & Humidity Sensor,2020/11/29 3:25 AM,63.6,64.0,51.2,62.7,,,30.19,,,,,,,,,,,,,
In home  (w/display),Temp & Humidity Sensor,2020/11/29 3:30 AM,63.6,64.0,51.2,62.7,,,30.18,,,,,,,,,,,,,
In home  (w/display),Temp & Humidity Sensor,2020/11/29 3:35 AM,63.6,64.0,51.2,62.7,,,30.18,,,,,,,,,,,,,
In home  (w/display),Temp & Humidity Sensor,2020/11/29 3:40 AM,63.5,64.0,51.1,62.6,,,30.18,,,,,,,,,,,,,
In home  (w/display),Temp & Humidity Sensor,2020/11/29 3:45 AM,63.6,64.0,51.2,62.7,,,30.18,,,,,,,,,,,,,
In home  (w/display),Temp & Humidity Sensor,2020/11/29 3:50 AM,63.6,64.0,51.2,62.7,,,30.18,,,,,,,,,,,,,
In home  (w/display),Temp & Humidity Sensor,2020/11/29 3:55 AM,63.5,64.0,51.1,62.6,,,30.18,,,,,,,,,,,,,
In home  (w/display),Temp & Humidity Sensor,2020/11/29 4:00 AM,63.5,64.0,51.1,62.6,,,30.18,,,,,,,,,,,,,
In home  (w/display),Temp & Humidity Sensor,2020/11/29 4:05 AM,63.5,64.0,51.1,62.6,,,30.18,,,,,,,,,,,,,
In home  (w/display),Temp & Humidity Sensor,2020/11/29 4:10 AM,63.5,64.0,51.1,62.6,,,30.18,,,,,,,,,,,,,
In home  (w/display),Temp & Humidity Sensor,2020/11/29 4:15 AM,63.3,65.0,51.3,62.4,,,30.17,,,,,,,,,,,,,
In home  (w/display),Temp & Humidity Sensor,2020/11/29 4:20 AM,63.3,65.0,51.3,62.4,,,30.18,,,,,,,,,,,,,
In home  (w/display),Temp & Humidity Sensor,2020/11/29 4:25 AM,63.3,65.0,51.3,62.4,,,30.18,,,,,,,,,,,,,
In home  (w/display),Temp & Humidity Sensor,2020/11/29 4:30 AM,63.3,65.0,51.3,62.4,,,30.18,,,,,,,,,,,,,
In home  (w/display),Temp & Humidity Sensor,2020/11/29 4:35 AM,63.3,65.0,51.3,62.4,,,30.18,,,,,,,,,,,,,
In home  (w/display),Temp & Humidity Sensor,2020/11/29 4:40 AM,63.1,65.0,51.1,62.2,,,30.18,,,,,,,,,,,,,
In home  (w/display),Temp & Humidity Sensor,2020/11/29 4:45 AM,63.1,65.0,51.1,62.2,,,30.18,,,,,,,,,,,,,
In home  (w/display),Temp & Humidity Sensor,2020/11/29 4:50 AM,63.1,65.0,51.1,62.2,,,30.18,,,,,,,,,,,,,
In home  (w/display),Temp & Humidity Sensor,2020/11/29 4:55 AM,63.1,65.0,51.1,62.2,,,30.18,,,,,,,,,,,,,
In home  (w/display),Temp & Humidity Sensor,2020/11/29 5:00 AM,63.1,65.0,51.1,62.2,,,30.19,,,,,,,,,,,,,
In home  (w/display),Temp & Humidity Sensor,2020/11/29 5:05 AM,62.9,65.0,50.9,61.9,,,30.19,,,,,,,,,,,,,
In home  (w/display),Temp & Humidity Sensor,2020/11/29 5:10 AM,62.9,65.0,50.9,61.9,,,30.19,,,,,,,,,,,,,
In home  (w/display),Temp & Humidity Sensor,2020/11/29 5:15 AM,62.9,65.0,50.9,61.9,,,30.19,,,,,,,,,,,,,
In home  (w/display),Temp & Humidity Sensor,2020/11/29 5:20 AM,63.1,65.0,51.1,62.2,,,30.19,,,,,,,,,,,,,
In home  (w/display),Temp & Humidity Sensor,2020/11/29 5:25 AM,63.5,64.0,51.1,62.6,,,30.19,,,,,,,,,,,,,
In home  (w/display),Temp & Humidity Sensor,2020/11/29 5:30 AM,64.0,63.0,51.1,63.1,,,30.19,,,,,,,,,,,,,
In home  (w/display),Temp & Humidity Sensor,2020/11/29 5:35 AM,64.4,63.0,51.5,63.5,,,30.2,,,,,,,,,,,,,
In home  (w/display),Temp & Humidity Sensor,2020/11/29 5:40 AM,64.9,63.0,52.0,64.1,,,30.2,,,,,,,,,,,,,
In home  (w/display),Temp & Humidity Sensor,2020/11/29 5:45 AM,65.3,62.0,51.9,64.4,,,30.2,,,,,,,,,,,,,
In home  (w/display),Temp & Humidity Sensor,2020/11/29 5:50 AM,65.3,62.0,51.9,64.4,,,30.2,,,,,,,,,,,,,
In home  (w/display),Temp & Humidity Sensor,2020/11/29 5:55 AM,65.4,62.0,52.0,64.6,,,30.2,,,,,,,,,,,,,
In home  (w/display),Temp & Humidity Sensor,2020/11/29 6:00 AM,65.4,61.0,51.6,64.5,,,30.2,,,,,,,,,,,,,
In home  (w/display),Temp & Humidity Sensor,2020/11/29 6:05 AM,65.6,61.0,51.8,64.7,,,30.2,,,,,,,,,,,,,
In home  (w/display),Temp & Humidity Sensor,2020/11/29 6:10 AM,65.8,61.0,52.0,64.9,,,30.2,,,,,,,,,,,,,
In home  (w/display),Temp & Humidity Sensor,2020/11/29 6:15 AM,66.2,60.0,51.9,65.3,,,30.2,,,,,,,,,,,,,
In home  (w/display),Temp & Humidity Sensor,2020/11/29 6:20 AM,66.3,60.0,52.0,65.4,,,30.2,,,,,,,,,,,,,
In home  (w/display),Temp & Humidity Sensor,2020/11/29 6:25 AM,66.0,61.0,52.2,65.2,,,30.2,,,,,,,,,,,,,
In home  (w/display),Temp & Humidity Sensor,2020/11/29 6:30 AM,66.0,61.0,52.2,65.2,,,30.2,,,,,,,,,,,,,
In home  (w/display),Temp & Humidity Sensor,2020/11/29 6:35 AM,66.2,60.0,51.9,65.3,,,30.21,,,,,,,,,,,,,
In home  (w/display),Temp & Humidity Sensor,2020/11/29 6:40 AM,66.5,60.0,52.2,65.7,,,30.21,,,,,,,,,,,,,
In home  (w/display),Temp & Humidity Sensor,2020/11/29 6:45 AM,66.7,60.0,52.4,65.9,,,30.21,,,,,,,,,,,,,
In home  (w/display),Temp & Humidity Sensor,2020/11/29 6:50 AM,66.7,60.0,52.4,65.9,,,30.21,,,,,,,,,,,,,
In home  (w/display),Temp & Humidity Sensor,2020/11/29 6:55 AM,66.3,60.0,52.0,65.4,,,30.21,,,,,,,,,,,,,
In home  (w/display),Temp & Humidity Sensor,2020/11/29 7:00 AM,66.7,60.0,52.4,65.9,,,30.21,,,,,,,,,,,,,
In home  (w/display),Temp & Humidity Sensor,2020/11/29 7:05 AM,66.9,59.0,52.1,66.1,,,30.21,,,,,,,,,,,,,
In home  (w/display),Temp & Humidity Sensor,2020/11/29 7:10 AM,67.2,59.0,52.4,66.4,,,30.21,,,,,,,,,,,,,
In home  (w/display),Temp & Humidity Sensor,2020/11/29 7:15 AM,67.1,59.0,52.3,66.3,,,30.21,,,,,,,,,,,,,
In home  (w/display),Temp & Humidity Sensor,2020/11/29 7:20 AM,66.7,59.0,51.9,65.8,,,30.21,,,,,,,,,,,,,
In home  (w/display),Temp & Humidity Sensor,2020/11/29 7:25 AM,66.7,59.0,51.9,65.8,,,30.21,,,,,,,,,,,,,
In home  (w/display),Temp & Humidity Sensor,2020/11/29 7:30 AM,66.7,59.0,51.9,65.8,,,30.22,,,,,,,,,,,,,
In home  (w/display),Temp & Humidity Sensor,2020/11/29 7:35 AM,66.9,59.0,52.1,66.1,,,30.22,,,,,,,,,,,,,
In home  (w/display),Temp & Humidity Sensor,2020/11/29 7:40 AM,67.2,59.0,52.4,66.4,,,30.21,,,,,,,,,,,,,
In home  (w/display),Temp & Humidity Sensor,2020/11/29 7:45 AM,67.1,59.0,52.3,66.3,,,30.22,,,,,,,,,,,,,
In home  (w/display),Temp & Humidity Sensor,2020/11/29 7:50 AM,67.1,59.0,52.3,66.3,,,30.22,,,,,,,,,,,,,
In home  (w/display),Temp & Humidity Sensor,2020/11/29 7:55 AM,67.2,58.0,51.9,66.3,,,30.22,,,,,,,,,,,,,
In home  (w/display),Temp & Humidity Sensor,2020/11/29 8:00 AM,67.2,58.0,51.9,66.3,,,30.22,,,,,,,,,,,,,
In home  (w/display),Temp & Humidity Sensor,2020/11/29 8:05 AM,67.1,58.0,51.8,66.2,,,30.22,,,,,,,,,,,,,
In home  (w/display),Temp & Humidity Sensor,2020/11/29 8:10 AM,66.9,58.0,51.6,66.0,,,30.21,,,,,,,,,,,,,
In home  (w/display),Temp & Humidity Sensor,2020/11/29 8:15 AM,66.7,58.0,51.4,65.8,,,30.22,,,,,,,,,,,,,
In home  (w/display),Temp & Humidity Sensor,2020/11/29 8:20 AM,66.7,58.0,51.4,65.8,,,30.22,,,,,,,,,,,,,
In home  (w/display),Temp & Humidity Sensor,2020/11/29 8:25 AM,66.5,58.0,51.3,65.6,,,30.21,,,,,,,,,,,,,
In home  (w/display),Temp & Humidity Sensor,2020/11/29 8:30 AM,66.3,58.0,51.1,65.4,,,30.21,,,,,,,,,,,,,
In home  (w/display),Temp & Humidity Sensor,2020/11/29 8:35 AM,66.2,58.0,51.0,65.2,,,30.21,,,,,,,,,,,,,
In home  (w/display),Temp & Humidity Sensor,2020/11/29 8:40 AM,66.0,59.0,51.3,65.1,,,30.22,,,,,,,,,,,,,
In home  (w/display),Temp & Humidity Sensor,2020/11/29 8:45 AM,66.0,59.0,51.3,65.1,,,30.21,,,,,,,,,,,,,
In home  (w/display),Temp & Humidity Sensor,2020/11/29 8:50 AM,66.0,59.0,51.3,65.1,,,30.21,,,,,,,,,,,,,
In home  (w/display),Temp & Humidity Sensor,2020/11/29 8:55 AM,66.0,59.0,51.3,65.1,,,30.21,,,,,,,,,,,,,
In home  (w/display),Temp & Humidity Sensor,2020/11/29 9:00 AM,66.0,59.0,51.3,65.1,,,30.21,,,,,,,,,,,,,
In home  (w/display),Temp & Humidity Sensor,2020/11/29 9:05 AM,65.8,60.0,51.5,64.9,,,30.21,,,,,,,,,,,,,
In home  (w/display),Temp & Humidity Sensor,2020/11/29 9:10 AM,65.8,60.0,51.5,64.9,,,30.22,,,,,,,,,,,,,
In home  (w/display),Temp & Humidity Sensor,2020/11/29 9:15 AM,65.8,61.0,52.0,64.9,,,30.22,,,,,,,,,,,,,
In home  (w/display),Temp & Humidity Sensor,2020/11/29 9:20 AM,65.8,61.0,52.0,64.9,,,30.22,,,,,,,,,,,,,
In home  (w/display),Temp & Humidity Sensor,2020/11/29 9:25 AM,65.6,61.0,51.8,64.7,,,30.22,,,,,,,,,,,,,
In home  (w/display),Temp & Humidity Sensor,2020/11/29 9:30 AM,65.6,61.0,51.8,64.7,,,30.22,,,,,,,,,,,,,
In home  (w/display),Temp & Humidity Sensor,2020/11/29 9:35 AM,65.8,61.0,52.0,64.9,,,30.22,,,,,,,,,,,,,
In home  (w/display),Temp & Humidity Sensor,2020/11/29 9:40 AM,65.8,62.0,52.4,65.0,,,30.22,,,,,,,,,,,,,
In home  (w/display),Temp & Humidity Sensor,2020/11/29 9:45 AM,65.8,62.0,52.4,65.0,,,30.22,,,,,,,,,,,,,
In home  (w/display),Temp & Humidity Sensor,2020/11/29 9:50 AM,65.8,62.0,52.4,65.0,,,30.22,,,,,,,,,,,,,
In home  (w/display),Temp & Humidity Sensor,2020/11/29 9:55 AM,65.6,62.0,52.2,64.8,,,30.22,,,,,,,,,,,,,
In home  (w/display),Temp & Humidity Sensor,2020/11/29 10:00 AM,65.6,62.0,52.2,64.8,,,30.22,,,,,,,,,,,,,
In home  (w/display),Temp & Humidity Sensor,2020/11/29 10:05 AM,65.4,62.0,52.0,64.6,,,30.22,,,,,,,,,,,,,
In home  (w/display),Temp & Humidity Sensor,2020/11/29 10:10 AM,65.6,62.0,52.2,64.8,,,30.22,,,,,,,,,,,,,
In home  (w/display),Temp & Humidity Sensor,2020/11/29 10:15 AM,66.0,62.0,52.6,65.2,,,30.21,,,,,,,,,,,,,
In home  (w/display),Temp & Humidity Sensor,2020/11/29 10:20 AM,66.0,62.0,52.6,65.2,,,30.21,,,,,,,,,,,,,
In home  (w/display),Temp & Humidity Sensor,2020/11/29 10:25 AM,65.8,62.0,52.4,65.0,,,30.21,,,,,,,,,,,,,
In home  (w/display),Temp & Humidity Sensor,2020/11/29 10:30 AM,65.8,62.0,52.4,65.0,,,30.21,,,,,,,,,,,,,
In home  (w/display),Temp & Humidity Sensor,2020/11/29 10:35 AM,65.4,62.0,52.0,64.6,,,30.22,,,,,,,,,,,,,
In home  (w/display),Temp & Humidity Sensor,2020/11/29 10:40 AM,66.0,62.0,52.6,65.2,,,30.22,,,,,,,,,,,,,
In home  (w/display),Temp & Humidity Sensor,2020/11/29 10:45 AM,66.0,61.0,52.2,65.2,,,30.22,,,,,,,,,,,,,
In home  (w/display),Temp & Humidity Sensor,2020/11/29 10:50 AM,65.8,61.0,52.0,64.9,,,30.21,,,,,,,,,,,,,
In home  (w/display),Temp & Humidity Sensor,2020/11/29 10:55 AM,65.8,61.0,52.0,64.9,,,30.21,,,,,,,,,,,,,
In home  (w/display),Temp & Humidity Sensor,2020/11/29 11:00 AM,65.8,61.0,52.0,64.9,,,30.21,,,,,,,,,,,,,
In home  (w/display),Temp & Humidity Sensor,2020/11/29 11:05 AM,66.0,61.0,52.2,65.2,,,30.21,,,,,,,,,,,,,
In home  (w/display),Temp & Humidity Sensor,2020/11/29 11:10 AM,66.0,61.0,52.2,65.2,,,30.2,,,,,,,,,,,,,
In home  (w/display),Temp & Humidity Sensor,2020/11/29 11:15 AM,66.0,61.0,52.2,65.2,,,30.2,,,,,,,,,,,,,
In home  (w/display),Temp & Humidity Sensor,2020/11/29 11:20 AM,65.8,61.0,52.0,64.9,,,30.2,,,,,,,,,,,,,
In home  (w/display),Temp & Humidity Sensor,2020/11/29 11:25 AM,65.8,61.0,52.0,64.9,,,30.2,,,,,,,,,,,,,
In home  (w/display),Temp & Humidity Sensor,2020/11/29 11:30 AM,65.6,61.0,51.8,64.7,,,30.2,,,,,,,,,,,,,
In home  (w/display),Temp & Humidity Sensor,2020/11/29 11:35 AM,65.8,61.0,52.0,64.9,,,30.2,,,,,,,,,,,,,
In home  (w/display),Temp & Humidity Sensor,2020/11/29 11:40 AM,66.0,61.0,52.2,65.2,,,30.19,,,,,,,,,,,,,
In home  (w/display),Temp & Humidity Sensor,2020/11/29 11:45 AM,66.2,60.0,51.9,65.3,,,30.19,,,,,,,,,,,,,
In home  (w/display),Temp & Humidity Sensor,2020/11/29 11:50 AM,66.2,60.0,51.9,65.3,,,30.19,,,,,,,,,,,,,
In home  (w/display),Temp & Humidity Sensor,2020/11/29 11:55 AM,66.0,61.0,52.2,65.2,,,30.19,,,,,,,,,,,,,
In home  (w/display),Temp & Humidity Sensor,2020/11/29 12:00 PM,65.8,61.0,52.0,64.9,,,30.18,,,,,,,,,,,,,
In home  (w/display),Temp & Humidity Sensor,2020/11/29 12:05 PM,65.8,61.0,52.0,64.9,,,30.18,,,,,,,,,,,,,
In home  (w/display),Temp & Humidity Sensor,2020/11/29 12:10 PM,66.0,62.0,52.6,65.2,,,30.18,,,,,,,,,,,,,
In home  (w/display),Temp & Humidity Sensor,2020/11/29 12:15 PM,66.3,60.0,52.0,65.4,,,30.18,,,,,,,,,,,,,
In home  (w/display),Temp & Humidity Sensor,2020/11/29 12:20 PM,66.3,60.0,52.0,65.4,,,30.17,,,,,,,,,,,,,
In home  (w/display),Temp & Humidity Sensor,2020/11/29 12:25 PM,66.2,60.0,51.9,65.3,,,30.17,,,,,,,,,,,,,
In home  (w/display),Temp & Humidity Sensor,2020/11/29 12:30 PM,66.0,61.0,52.2,65.2,,,30.17,,,,,,,,,,,,,
In home  (w/display),Temp & Humidity Sensor,2020/11/29 12:35 PM,66.0,61.0,52.2,65.2,,,30.17,,,,,,,,,,,,,
In home  (w/display),Temp & Humidity Sensor,2020/11/29 12:40 PM,66.0,61.0,52.2,65.2,,,30.16,,,,,,,,,,,,,
In home  (w/display),Temp & Humidity Sensor,2020/11/29 12:45 PM,66.0,62.0,52.6,65.2,,,30.16,,,,,,,,,,,,,
In home  (w/display),Temp & Humidity Sensor,2020/11/29 12:50 PM,66.3,61.0,52.4,65.5,,,30.16,,,,,,,,,,,,,
In home  (w/display),Temp & Humidity Sensor,2020/11/29 12:55 PM,66.5,60.0,52.2,65.7,,,30.15,,,,,,,,,,,,,
In home  (w/display),Temp & Humidity Sensor,2020/11/29 1:00 PM,66.3,60.0,52.0,65.4,,,30.16,,,,,,,,,,,,,
In home  (w/display),Temp & Humidity Sensor,2020/11/29 1:05 PM,66.3,60.0,52.0,65.4,,,30.15,,,,,,,,,,,,,
In home  (w/display),Temp & Humidity Sensor,2020/11/29 1:10 PM,66.3,60.0,52.0,65.4,,,30.15,,,,,,,,,,,,,
In home  (w/display),Temp & Humidity Sensor,2020/11/29 1:15 PM,66.2,60.0,51.9,65.3,,,30.16,,,,,,,,,,,,,
In home  (w/display),Temp & Humidity Sensor,2020/11/29 1:20 PM,66.0,61.0,52.2,65.2,,,30.15,,,,,,,,,,,,,
In home  (w/display),Temp & Humidity Sensor,2020/11/29 1:25 PM,66.0,61.0,52.2,65.2,,,30.15,,,,,,,,,,,,,
In home  (w/display),Temp & Humidity Sensor,2020/11/29 1:30 PM,66.0,61.0,52.2,65.2,,,30.15,,,,,,,,,,,,,
In home  (w/display),Temp & Humidity Sensor,2020/11/29 1:35 PM,66.0,61.0,52.2,65.2,,,30.15,,,,,,,,,,,,,
In home  (w/display),Temp & Humidity Sensor,2020/11/29 1:40 PM,66.0,62.0,52.6,65.2,,,30.14,,,,,,,,,,,,,
In home  (w/display),Temp & Humidity Sensor,2020/11/29 1:45 PM,66.3,61.0,52.4,65.5,,,30.14,,,,,,,,,,,,,
In home  (w/display),Temp & Humidity Sensor,2020/11/29 1:50 PM,66.3,60.0,52.0,65.4,,,30.13,,,,,,,,,,,,,
In home  (w/display),Temp & Humidity Sensor,2020/11/29 1:55 PM,66.3,60.0,52.0,65.4,,,30.13,,,,,,,,,,,,,
In home  (w/display),Temp & Humidity Sensor,2020/11/29 2:00 PM,66.2,60.0,51.9,65.3,,,30.13,,,,,,,,,,,,,
In home  (w/display),Temp & Humidity Sensor,2020/11/29 2:05 PM,66.2,60.0,51.9,65.3,,,30.13,,,,,,,,,,,,,
In home  (w/display),Temp & Humidity Sensor,2020/11/29 2:10 PM,66.0,61.0,52.2,65.2,,,30.13,,,,,,,,,,,,,
In home  (w/display),Temp & Humidity Sensor,2020/11/29 2:15 PM,66.0,61.0,52.2,65.2,,,30.12,,,,,,,,,,,,,
In home  (w/display),Temp & Humidity Sensor,2020/11/29 2:20 PM,66.0,61.0,52.2,65.2,,,30.12,,,,,,,,,,,,,
In home  (w/display),Temp & Humidity Sensor,2020/11/29 2:25 PM,66.0,61.0,52.2,65.2,,,30.12,,,,,,,,,,,,,
In home  (w/display),Temp & Humidity Sensor,2020/11/29 2:30 PM,66.0,61.0,52.2,65.2,,,30.12,,,,,,,,,,,,,
In home  (w/display),Temp & Humidity Sensor,2020/11/29 2:35 PM,66.0,61.0,52.2,65.2,,,30.12,,,,,,,,,,,,,
In home  (w/display),Temp & Humidity Sensor,2020/11/29 2:40 PM,66.0,61.0,52.2,65.2,,,30.12,,,,,,,,,,,,,
In home  (w/display),Temp & Humidity Sensor,2020/11/29 2:45 PM,66.2,61.0,52.3,65.4,,,30.12,,,,,,,,,,,,,
In home  (w/display),Temp & Humidity Sensor,2020/11/29 2:50 PM,66.2,61.0,52.3,65.4,,,30.11,,,,,,,,,,,,,
In home  (w/display),Temp & Humidity Sensor,2020/11/29 2:55 PM,66.2,61.0,52.3,65.4,,,30.11,,,,,,,,,,,,,
In home  (w/display),Temp & Humidity Sensor,2020/11/29 3:00 PM,66.3,61.0,52.4,65.5,,,30.11,,,,,,,,,,,,,
In home  (w/display),Temp & Humidity Sensor,2020/11/29 3:05 PM,66.3,61.0,52.4,65.5,,,30.11,,,,,,,,,,,,,
In home  (w/display),Temp & Humidity Sensor,2020/11/29 3:10 PM,66.3,61.0,52.4,65.5,,,30.11,,,,,,,,,,,,,
In home  (w/display),Temp & Humidity Sensor,2020/11/29 3:15 PM,66.3,61.0,52.4,65.5,,,30.11,,,,,,,,,,,,,
In home  (w/display),Temp & Humidity Sensor,2020/11/29 3:20 PM,66.3,61.0,52.4,65.5,,,30.11,,,,,,,,,,,,,
In home  (w/display),Temp & Humidity Sensor,2020/11/29 3:25 PM,66.3,61.0,52.4,65.5,,,30.11,,,,,,,,,,,,,
In home  (w/display),Temp & Humidity Sensor,2020/11/29 3:30 PM,66.3,61.0,52.4,65.5,,,30.11,,,,,,,,,,,,,
In home  (w/display),Temp & Humidity Sensor,2020/11/29 3:35 PM,66.3,61.0,52.4,65.5,,,30.11,,,,,,,,,,,,,
In home  (w/display),Temp & Humidity Sensor,2020/11/29 3:40 PM,66.3,61.0,52.4,65.5,,,30.11,,,,,,,,,,,,,
In home  (w/display),Temp & Humidity Sensor,2020/11/29 3:45 PM,66.3,61.0,52.4,65.5,,,30.1,,,,,,,,,,,,,
In home  (w/display),Temp & Humidity Sensor,2020/11/29 3:50 PM,66.3,61.0,52.4,65.5,,,30.1,,,,,,,,,,,,,
In home  (w/display),Temp & Humidity Sensor,2020/11/29 3:55 PM,66.3,61.0,52.4,65.5,,,30.1,,,,,,,,,,,,,
In home  (w/display),Temp & Humidity Sensor,2020/11/29 4:00 PM,66.3,61.0,52.4,65.5,,,30.1,,,,,,,,,,,,,
In home  (w/display),Temp & Humidity Sensor,2020/11/29 4:05 PM,66.5,61.0,52.6,65.7,,,30.09,,,,,,,,,,,,,
In home  (w/display),Temp & Humidity Sensor,2020/11/29 4:10 PM,66.3,61.0,52.4,65.5,,,30.09,,,,,,,,,,,,,
In home  (w/display),Temp & Humidity Sensor,2020/11/29 4:15 PM,66.3,61.0,52.4,65.5,,,30.09,,,,,,,,,,,,,
In home  (w/display),Temp & Humidity Sensor,2020/11/29 4:20 PM,66.3,61.0,52.4,65.5,,,30.09,,,,,,,,,,,,,
In home  (w/display),Temp & Humidity Sensor,2020/11/29 4:25 PM,66.3,61.0,52.4,65.5,,,30.09,,,,,,,,,,,,,
In home  (w/display),Temp & Humidity Sensor,2020/11/29 4:35 PM,66.2,61.0,52.3,65.4,,,30.09,,,,,,,,,,,,,
In home  (w/display),Temp & Humidity Sensor,2020/11/29 4:40 PM,66.2,61.0,52.3,65.4,,,30.08,,,,,,,,,,,,,
In home  (w/display),Temp & Humidity Sensor,2020/11/29 4:45 PM,66.2,61.0,52.3,65.4,,,30.09,,,,,,,,,,,,,
In home  (w/display),Temp & Humidity Sensor,2020/11/29 4:55 PM,66.2,62.0,52.8,65.4,,,30.08,,,,,,,,,,,,,
In home  (w/display),Temp & Humidity Sensor,2020/11/29 5:00 PM,66.2,61.0,52.3,65.4,,,30.08,,,,,,,,,,,,,
In home  (w/display),Temp & Humidity Sensor,2020/11/29 5:05 PM,66.3,60.0,52.0,65.4,,,30.07,,,,,,,,,,,,,
In home  (w/display),Temp & Humidity Sensor,2020/11/29 5:10 PM,66.3,59.0,51.5,65.4,,,30.07,,,,,,,,,,,,,
In home  (w/display),Temp & Humidity Sensor,2020/11/29 5:15 PM,66.7,59.0,51.9,65.8,,,30.07,,,,,,,,,,,,,
In home  (w/display),Temp & Humidity Sensor,2020/11/29 5:20 PM,66.7,58.0,51.4,65.8,,,30.07,,,,,,,,,,,,,
In home  (w/display),Temp & Humidity Sensor,2020/11/29 5:25 PM,66.9,58.0,51.6,66.0,,,30.06,,,,,,,,,,,,,
In home  (w/display),Temp & Humidity Sensor,2020/11/29 5:30 PM,67.1,58.0,51.8,66.2,,,30.06,,,,,,,,,,,,,
In home  (w/display),Temp & Humidity Sensor,2020/11/29 5:35 PM,67.1,58.0,51.8,66.2,,,30.06,,,,,,,,,,,,,
In home  (w/display),Temp & Humidity Sensor,2020/11/29 5:40 PM,67.1,58.0,51.8,66.2,,,30.06,,,,,,,,,,,,,
In home  (w/display),Temp & Humidity Sensor,2020/11/29 5:45 PM,67.1,58.0,51.8,66.2,,,30.06,,,,,,,,,,,,,
In home  (w/display),Temp & Humidity Sensor,2020/11/29 5:50 PM,67.1,58.0,51.8,66.2,,,30.07,,,,,,,,,,,,,
In home  (w/display),Temp & Humidity Sensor,2020/11/29 5:55 PM,67.1,58.0,51.8,66.2,,,30.06,,,,,,,,,,,,,
In home  (w/display),Temp & Humidity Sensor,2020/11/29 6:00 PM,67.1,58.0,51.8,66.2,,,30.06,,,,,,,,,,,,,
In home  (w/display),Temp & Humidity Sensor,2020/11/29 6:05 PM,67.2,58.0,51.9,66.3,,,30.06,,,,,,,,,,,,,
In home  (w/display),Temp & Humidity Sensor,2020/11/29 6:10 PM,67.2,58.0,51.9,66.3,,,30.06,,,,,,,,,,,,,
In home  (w/display),Temp & Humidity Sensor,2020/11/29 6:15 PM,67.2,58.0,51.9,66.3,,,30.06,,,,,,,,,,,,,
In home  (w/display),Temp & Humidity Sensor,2020/11/29 6:20 PM,67.2,58.0,51.9,66.3,,,30.06,,,,,,,,,,,,,
In home  (w/display),Temp & Humidity Sensor,2020/11/29 6:25 PM,67.2,58.0,51.9,66.3,,,30.06,,,,,,,,,,,,,
In home  (w/display),Temp & Humidity Sensor,2020/11/29 6:30 PM,67.2,58.0,51.9,66.3,,,30.06,,,,,,,,,,,,,
In home  (w/display),Temp & Humidity Sensor,2020/11/29 6:35 PM,67.4,58.0,52.1,66.6,,,30.06,,,,,,,,,,,,,
In home  (w/display),Temp & Humidity Sensor,2020/11/29 6:40 PM,67.2,58.0,51.9,66.3,,,30.06,,,,,,,,,,,,,
In home  (w/display),Temp & Humidity Sensor,2020/11/29 6:45 PM,67.6,58.0,52.3,66.8,,,30.06,,,,,,,,,,,,,
In home  (w/display),Temp & Humidity Sensor,2020/11/29 6:50 PM,67.2,58.0,51.9,66.3,,,30.05,,,,,,,,,,,,,
In home  (w/display),Temp & Humidity Sensor,2020/11/29 6:55 PM,67.4,58.0,52.1,66.6,,,30.05,,,,,,,,,,,,,
In home  (w/display),Temp & Humidity Sensor,2020/11/29 7:00 PM,67.4,58.0,52.1,66.6,,,30.05,,,,,,,,,,,,,
In home  (w/display),Temp & Humidity Sensor,2020/11/29 7:05 PM,67.2,59.0,52.4,66.4,,,30.05,,,,,,,,,,,,,
In home  (w/display),Temp & Humidity Sensor,2020/11/29 7:10 PM,67.2,59.0,52.4,66.4,,,30.05,,,,,,,,,,,,,
In home  (w/display),Temp & Humidity Sensor,2020/11/29 7:15 PM,67.2,60.0,52.8,66.4,,,30.04,,,,,,,,,,,,,
In home  (w/display),Temp & Humidity Sensor,2020/11/29 7:20 PM,67.2,60.0,52.8,66.4,,,30.04,,,,,,,,,,,,,
In home  (w/display),Temp & Humidity Sensor,2020/11/29 7:25 PM,67.2,60.0,52.8,66.4,,,30.04,,,,,,,,,,,,,
In home  (w/display),Temp & Humidity Sensor,2020/11/29 7:30 PM,67.2,61.0,53.3,66.5,,,30.04,,,,,,,,,,,,,
In home  (w/display),Temp & Humidity Sensor,2020/11/29 7:35 PM,67.2,61.0,53.3,66.5,,,30.03,,,,,,,,,,,,,
In home  (w/display),Temp & Humidity Sensor,2020/11/29 7:40 PM,67.2,61.0,53.3,66.5,,,30.03,,,,,,,,,,,,,
In home  (w/display),Temp & Humidity Sensor,2020/11/29 7:45 PM,67.2,62.0,53.7,66.5,,,30.03,,,,,,,,,,,,,
In home  (w/display),Temp & Humidity Sensor,2020/11/29 7:50 PM,67.2,62.0,53.7,66.5,,,30.03,,,,,,,,,,,,,
In home  (w/display),Temp & Humidity Sensor,2020/11/29 7:55 PM,67.2,62.0,53.7,66.5,,,30.03,,,,,,,,,,,,,
In home  (w/display),Temp & Humidity Sensor,2020/11/29 8:00 PM,67.2,63.0,54.2,66.6,,,30.03,,,,,,,,,,,,,
In home  (w/display),Temp & Humidity Sensor,2020/11/29 8:05 PM,67.2,63.0,54.2,66.6,,,30.03,,,,,,,,,,,,,
In home  (w/display),Temp & Humidity Sensor,2020/11/29 8:10 PM,67.2,64.0,54.6,66.6,,,30.03,,,,,,,,,,,,,
In home  (w/display),Temp & Humidity Sensor,2020/11/29 8:15 PM,67.6,64.0,55.0,67.1,,,30.03,,,,,,,,,,,,,
In home  (w/display),Temp & Humidity Sensor,2020/11/29 8:20 PM,67.8,64.0,55.2,67.3,,,30.02,,,,,,,,,,,,,
In home  (w/display),Temp & Humidity Sensor,2020/11/29 8:25 PM,67.8,64.0,55.2,67.3,,,30.02,,,,,,,,,,,,,
In home  (w/display),Temp & Humidity Sensor,2020/11/29 8:30 PM,67.8,64.0,55.2,67.3,,,30.01,,,,,,,,,,,,,
In home  (w/display),Temp & Humidity Sensor,2020/11/29 8:35 PM,67.8,64.0,55.2,67.3,,,30.01,,,,,,,,,,,,,
In home  (w/display),Temp & Humidity Sensor,2020/11/29 8:40 PM,67.8,64.0,55.2,67.3,,,30.01,,,,,,,,,,,,,
In home  (w/display),Temp & Humidity Sensor,2020/11/29 8:45 PM,67.8,65.0,55.6,67.3,,,30.0,,,,,,,,,,,,,
In home  (w/display),Temp & Humidity Sensor,2020/11/29 8:50 PM,67.8,65.0,55.6,67.3,,,30.0,,,,,,,,,,,,,
In home  (w/display),Temp & Humidity Sensor,2020/11/29 8:55 PM,67.8,65.0,55.6,67.3,,,29.99,,,,,,,,,,,,,
In home  (w/display),Temp & Humidity Sensor,2020/11/29 9:00 PM,67.8,65.0,55.6,67.3,,,29.99,,,,,,,,,,,,,
In home  (w/display),Temp & Humidity Sensor,2020/11/29 9:05 PM,67.8,64.0,55.2,67.3,,,29.99,,,,,,,,,,,,,
In home  (w/display),Temp & Humidity Sensor,2020/11/29 9:10 PM,67.8,64.0,55.2,67.3,,,29.99,,,,,,,,,,,,,
In home  (w/display),Temp & Humidity Sensor,2020/11/29 9:15 PM,67.8,65.0,55.6,67.3,,,29.99,,,,,,,,,,,,,
In home  (w/display),Temp & Humidity Sensor,2020/11/29 9:20 PM,67.8,64.0,55.2,67.3,,,29.99,,,,,,,,,,,,,
In home  (w/display),Temp & Humidity Sensor,2020/11/29 9:25 PM,67.8,64.0,55.2,67.3,,,29.99,,,,,,,,,,,,,
In home  (w/display),Temp & Humidity Sensor,2020/11/29 9:30 PM,67.8,64.0,55.2,67.3,,,29.98,,,,,,,,,,,,,
In home  (w/display),Temp & Humidity Sensor,2020/11/29 9:35 PM,67.8,64.0,55.2,67.3,,,29.98,,,,,,,,,,,,,
In home  (w/display),Temp & Humidity Sensor,2020/11/29 9:40 PM,67.8,64.0,55.2,67.3,,,29.98,,,,,,,,,,,,,
In home  (w/display),Temp & Humidity Sensor,2020/11/29 9:45 PM,67.8,64.0,55.2,67.3,,,29.98,,,,,,,,,,,,,
In home  (w/display),Temp & Humidity Sensor,2020/11/29 9:50 PM,67.8,64.0,55.2,67.3,,,29.98,,,,,,,,,,,,,
In home  (w/display),Temp & Humidity Sensor,2020/11/29 9:55 PM,67.8,63.0,54.7,67.2,,,29.97,,,,,,,,,,,,,
In home  (w/display),Temp & Humidity Sensor,2020/11/29 10:00 PM,67.8,63.0,54.7,67.2,,,29.97,,,,,,,,,,,,,
In home  (w/display),Temp & Humidity Sensor,2020/11/29 10:05 PM,67.8,63.0,54.7,67.2,,,29.97,,,,,,,,,,,,,
In home  (w/display),Temp & Humidity Sensor,2020/11/29 10:10 PM,67.8,63.0,54.7,67.2,,,29.96,,,,,,,,,,,,,
In home  (w/display),Temp & Humidity Sensor,2020/11/29 10:15 PM,67.8,63.0,54.7,67.2,,,29.96,,,,,,,,,,,,,
In home  (w/display),Temp & Humidity Sensor,2020/11/29 10:20 PM,67.6,63.0,54.5,67.0,,,29.95,,,,,,,,,,,,,
In home  (w/display),Temp & Humidity Sensor,2020/11/29 10:25 PM,67.6,63.0,54.5,67.0,,,29.95,,,,,,,,,,,,,
In home  (w/display),Temp & Humidity Sensor,2020/11/29 10:30 PM,67.6,63.0,54.5,67.0,,,29.94,,,,,,,,,,,,,
In home  (w/display),Temp & Humidity Sensor,2020/11/29 10:35 PM,67.6,63.0,54.5,67.0,,,29.93,,,,,,,,,,,,,
In home  (w/display),Temp & Humidity Sensor,2020/11/29 10:40 PM,67.6,63.0,54.5,67.0,,,29.94,,,,,,,,,,,,,
In home  (w/display),Temp & Humidity Sensor,2020/11/29 10:45 PM,67.6,63.0,54.5,67.0,,,29.92,,,,,,,,,,,,,
In home  (w/display),Temp & Humidity Sensor,2020/11/29 10:50 PM,67.6,63.0,54.5,67.0,,,29.92,,,,,,,,,,,,,
In home  (w/display),Temp & Humidity Sensor,2020/11/29 10:55 PM,67.4,63.0,54.4,66.8,,,29.92,,,,,,,,,,,,,
In home  (w/display),Temp & Humidity Sensor,2020/11/29 11:00 PM,67.4,63.0,54.4,66.8,,,29.92,,,,,,,,,,,,,
In home  (w/display),Temp & Humidity Sensor,2020/11/29 11:05 PM,67.4,63.0,54.4,66.8,,,29.91,,,,,,,,,,,,,
In home  (w/display),Temp & Humidity Sensor,2020/11/29 11:10 PM,67.4,63.0,54.4,66.8,,,29.9,,,,,,,,,,,,,
In home  (w/display),Temp & Humidity Sensor,2020/11/29 11:15 PM,67.2,63.0,54.2,66.6,,,29.9,,,,,,,,,,,,,
In home  (w/display),Temp & Humidity Sensor,2020/11/29 11:20 PM,67.2,63.0,54.2,66.6,,,29.89,,,,,,,,,,,,,
In home  (w/display),Temp & Humidity Sensor,2020/11/29 11:25 PM,67.2,63.0,54.2,66.6,,,29.88,,,,,,,,,,,,,
In home  (w/display),Temp & Humidity Sensor,2020/11/29 11:30 PM,67.2,63.0,54.2,66.6,,,29.87,,,,,,,,,,,,,
In home  (w/display),Temp & Humidity Sensor,2020/11/29 11:35 PM,67.1,63.0,54.1,66.5,,,29.87,,,,,,,,,,,,,
In home  (w/display),Temp & Humidity Sensor,2020/11/29 11:40 PM,67.1,63.0,54.1,66.5,,,29.86,,,,,,,,,,,,,
In home  (w/display),Temp & Humidity Sensor,2020/11/29 11:45 PM,67.1,63.0,54.1,66.5,,,29.85,,,,,,,,,,,,,
In home  (w/display),Temp & Humidity Sensor,2020/11/29 11:50 PM,66.9,63.0,53.9,66.3,,,29.84,,,,,,,,,,,,,
In home  (w/display),Temp & Humidity Sensor,2020/11/29 11:55 PM,66.9,63.0,53.9,66.3,,,29.84,,,,,,,,,,,,,
In home  (w/display),Temp & Humidity Sensor,2020/11/30 12:00 AM,66.7,63.0,53.7,66.0,,,29.83,,,,,,,,,,,,,
In home  (w/display),Temp & Humidity Sensor,2020/11/30 12:05 AM,66.7,63.0,53.7,66.0,,,29.82,,,,,,,,,,,,,
In home  (w/display),Temp & Humidity Sensor,2020/11/30 12:10 AM,66.7,63.0,53.7,66.0,,,29.81,,,,,,,,,,,,,
In home  (w/display),Temp & Humidity Sensor,2020/11/30 12:15 AM,66.5,63.0,53.5,65.8,,,29.81,,,,,,,,,,,,,
In home  (w/display),Temp & Humidity Sensor,2020/11/30 12:20 AM,66.7,63.0,53.7,66.0,,,29.8,,,,,,,,,,,,,
In home  (w/display),Temp & Humidity Sensor,2020/11/30 12:25 AM,66.5,63.0,53.5,65.8,,,29.8,,,,,,,,,,,,,
In home  (w/display),Temp & Humidity Sensor,2020/11/30 12:30 AM,66.5,64.0,53.9,65.9,,,29.8,,,,,,,,,,,,,
In home  (w/display),Temp & Humidity Sensor,2020/11/30 12:35 AM,66.5,64.0,53.9,65.9,,,29.8,,,,,,,,,,,,,
In home  (w/display),Temp & Humidity Sensor,2020/11/30 12:40 AM,66.3,64.0,53.7,65.6,,,29.79,,,,,,,,,,,,,
In home  (w/display),Temp & Humidity Sensor,2020/11/30 12:45 AM,66.3,64.0,53.7,65.6,,,29.78,,,,,,,,,,,,,
In home  (w/display),Temp & Humidity Sensor,2020/11/30 12:50 AM,66.3,64.0,53.7,65.6,,,29.78,,,,,,,,,,,,,
In home  (w/display),Temp & Humidity Sensor,2020/11/30 12:55 AM,66.3,64.0,53.7,65.6,,,29.77,,,,,,,,,,,,,
In home  (w/display),Temp & Humidity Sensor,2020/11/30 1:00 AM,66.3,64.0,53.7,65.6,,,29.77,,,,,,,,,,,,,
In home  (w/display),Temp & Humidity Sensor,2020/11/30 1:05 AM,66.3,64.0,53.7,65.6,,,29.76,,,,,,,,,,,,,
In home  (w/display),Temp & Humidity Sensor,2020/11/30 1:10 AM,66.3,64.0,53.7,65.6,,,29.76,,,,,,,,,,,,,
In home  (w/display),Temp & Humidity Sensor,2020/11/30 1:15 AM,66.2,64.0,53.7,65.5,,,29.75,,,,,,,,,,,,,
In home  (w/display),Temp & Humidity Sensor,2020/11/30 1:20 AM,66.3,64.0,53.7,65.6,,,29.75,,,,,,,,,,,,,
In home  (w/display),Temp & Humidity Sensor,2020/11/30 1:25 AM,66.0,65.0,53.9,65.4,,,29.75,,,,,,,,,,,,,
In home  (w/display),Temp & Humidity Sensor,2020/11/30 1:30 AM,66.2,64.0,53.7,65.5,,,29.74,,,,,,,,,,,,,
In home  (w/display),Temp & Humidity Sensor,2020/11/30 1:35 AM,66.2,64.0,53.7,65.5,,,29.74,,,,,,,,,,,,,
In home  (w/display),Temp & Humidity Sensor,2020/11/30 1:40 AM,66.0,65.0,53.9,65.4,,,29.74,,,,,,,,,,,,,
In home  (w/display),Temp & Humidity Sensor,2020/11/30 1:45 AM,66.0,65.0,53.9,65.4,,,29.74,,,,,,,,,,,,,
In home  (w/display),Temp & Humidity Sensor,2020/11/30 1:50 AM,66.0,65.0,53.9,65.4,,,29.73,,,,,,,,,,,,,
In home  (w/display),Temp & Humidity Sensor,2020/11/30 1:55 AM,66.0,65.0,53.9,65.4,,,29.73,,,,,,,,,,,,,
In home  (w/display),Temp & Humidity Sensor,2020/11/30 2:00 AM,66.0,65.0,53.9,65.4,,,29.73,,,,,,,,,,,,,
In home  (w/display),Temp & Humidity Sensor,2020/11/30 2:05 AM,66.0,65.0,53.9,65.4,,,29.74,,,,,,,,,,,,,
In home  (w/display),Temp & Humidity Sensor,2020/11/30 2:10 AM,66.0,65.0,53.9,65.4,,,29.74,,,,,,,,,,,,,
In home  (w/display),Temp & Humidity Sensor,2020/11/30 2:15 AM,66.0,65.0,53.9,65.4,,,29.74,,,,,,,,,,,,,
In home  (w/display),Temp & Humidity Sensor,2020/11/30 2:20 AM,66.0,65.0,53.9,65.4,,,29.73,,,,,,,,,,,,,
In home  (w/display),Temp & Humidity Sensor,2020/11/30 2:25 AM,66.0,65.0,53.9,65.4,,,29.73,,,,,,,,,,,,,
In home  (w/display),Temp & Humidity Sensor,2020/11/30 2:30 AM,66.0,65.0,53.9,65.4,,,29.72,,,,,,,,,,,,,
In home  (w/display),Temp & Humidity Sensor,2020/11/30 2:35 AM,66.0,65.0,53.9,65.4,,,29.71,,,,,,,,,,,,,
In home  (w/display),Temp & Humidity Sensor,2020/11/30 2:40 AM,66.0,65.0,53.9,65.4,,,29.71,,,,,,,,,,,,,
In home  (w/display),Temp & Humidity Sensor,2020/11/30 2:45 AM,66.0,65.0,53.9,65.4,,,29.71,,,,,,,,,,,,,
In home  (w/display),Temp & Humidity Sensor,2020/11/30 2:50 AM,66.0,65.0,53.9,65.4,,,29.7,,,,,,,,,,,,,
In home  (w/display),Temp & Humidity Sensor,2020/11/30 2:55 AM,66.0,65.0,53.9,65.4,,,29.69,,,,,,,,,,,,,
In home  (w/display),Temp & Humidity Sensor,2020/11/30 3:00 AM,66.0,66.0,54.3,65.4,,,29.69,,,,,,,,,,,,,
In home  (w/display),Temp & Humidity Sensor,2020/11/30 3:05 AM,66.0,65.0,53.9,65.4,,,29.68,,,,,,,,,,,,,
In home  (w/display),Temp & Humidity Sensor,2020/11/30 3:10 AM,65.8,66.0,54.1,65.2,,,29.68,,,,,,,,,,,,,
In home  (w/display),Temp & Humidity Sensor,2020/11/30 3:15 AM,66.0,66.0,54.3,65.4,,,29.68,,,,,,,,,,,,,
In home  (w/display),Temp & Humidity Sensor,2020/11/30 3:20 AM,66.0,66.0,54.3,65.4,,,29.68,,,,,,,,,,,,,
In home  (w/display),Temp & Humidity Sensor,2020/11/30 3:25 AM,65.8,66.0,54.1,65.2,,,29.67,,,,,,,,,,,,,
In home  (w/display),Temp & Humidity Sensor,2020/11/30 3:30 AM,65.8,66.0,54.1,65.2,,,29.67,,,,,,,,,,,,,
In home  (w/display),Temp & Humidity Sensor,2020/11/30 3:35 AM,65.8,66.0,54.1,65.2,,,29.67,,,,,,,,,,,,,
In home  (w/display),Temp & Humidity Sensor,2020/11/30 3:40 AM,65.8,66.0,54.1,65.2,,,29.67,,,,,,,,,,,,,
In home  (w/display),Temp & Humidity Sensor,2020/11/30 3:45 AM,65.8,66.0,54.1,65.2,,,29.66,,,,,,,,,,,,,
In home  (w/display),Temp & Humidity Sensor,2020/11/30 3:50 AM,65.8,66.0,54.1,65.2,,,29.66,,,,,,,,,,,,,
In home  (w/display),Temp & Humidity Sensor,2020/11/30 3:55 AM,65.8,66.0,54.1,65.2,,,29.66,,,,,,,,,,,,,
In home  (w/display),Temp & Humidity Sensor,2020/11/30 4:00 AM,65.8,66.0,54.1,65.2,,,29.65,,,,,,,,,,,,,
In home  (w/display),Temp & Humidity Sensor,2020/11/30 4:05 AM,65.8,66.0,54.1,65.2,,,29.65,,,,,,,,,,,,,
In home  (w/display),Temp & Humidity Sensor,2020/11/30 4:10 AM,65.8,66.0,54.1,65.2,,,29.64,,,,,,,,,,,,,
In home  (w/display),Temp & Humidity Sensor,2020/11/30 4:15 AM,65.8,66.0,54.1,65.2,,,29.64,,,,,,,,,,,,,
In home  (w/display),Temp & Humidity Sensor,2020/11/30 4:20 AM,65.8,66.0,54.1,65.2,,,29.63,,,,,,,,,,,,,
In home  (w/display),Temp & Humidity Sensor,2020/11/30 4:25 AM,65.8,66.0,54.1,65.2,,,29.63,,,,,,,,,,,,,
In home  (w/display),Temp & Humidity Sensor,2020/11/30 4:30 AM,65.8,66.0,54.1,65.2,,,29.62,,,,,,,,,,,,,
In home  (w/display),Temp & Humidity Sensor,2020/11/30 4:35 AM,65.8,66.0,54.1,65.2,,,29.62,,,,,,,,,,,,,
In home  (w/display),Temp & Humidity Sensor,2020/11/30 4:40 AM,65.8,66.0,54.1,65.2,,,29.62,,,,,,,,,,,,,
In home  (w/display),Temp & Humidity Sensor,2020/11/30 4:45 AM,65.8,66.0,54.1,65.2,,,29.61,,,,,,,,,,,,,
In home  (w/display),Temp & Humidity Sensor,2020/11/30 4:50 AM,65.8,66.0,54.1,65.2,,,29.61,,,,,,,,,,,,,
In home  (w/display),Temp & Humidity Sensor,2020/11/30 4:55 AM,65.8,66.0,54.1,65.2,,,29.61,,,,,,,,,,,,,
In home  (w/display),Temp & Humidity Sensor,2020/11/30 5:00 AM,65.8,66.0,54.1,65.2,,,29.6,,,,,,,,,,,,,
In home  (w/display),Temp & Humidity Sensor,2020/11/30 5:05 AM,65.8,66.0,54.1,65.2,,,29.6,,,,,,,,,,,,,
In home  (w/display),Temp & Humidity Sensor,2020/11/30 5:10 AM,65.8,66.0,54.1,65.2,,,29.6,,,,,,,,,,,,,
In home  (w/display),Temp & Humidity Sensor,2020/11/30 5:15 AM,65.8,66.0,54.1,65.2,,,29.6,,,,,,,,,,,,,
In home  (w/display),Temp & Humidity Sensor,2020/11/30 5:20 AM,65.8,66.0,54.1,65.2,,,29.6,,,,,,,,,,,,,
In home  (w/display),Temp & Humidity Sensor,2020/11/30 5:25 AM,65.8,66.0,54.1,65.2,,,29.61,,,,,,,,,,,,,
In home  (w/display),Temp & Humidity Sensor,2020/11/30 5:30 AM,65.8,66.0,54.1,65.2,,,29.61,,,,,,,,,,,,,
In home  (w/display),Temp & Humidity Sensor,2020/11/30 5:35 AM,65.8,66.0,54.1,65.2,,,29.59,,,,,,,,,,,,,
In home  (w/display),Temp & Humidity Sensor,2020/11/30 5:40 AM,65.8,66.0,54.1,65.2,,,29.6,,,,,,,,,,,,,
In home  (w/display),Temp & Humidity Sensor,2020/11/30 5:45 AM,65.8,66.0,54.1,65.2,,,29.59,,,,,,,,,,,,,
In home  (w/display),Temp & Humidity Sensor,2020/11/30 5:50 AM,65.8,66.0,54.1,65.2,,,29.59,,,,,,,,,,,,,
In home  (w/display),Temp & Humidity Sensor,2020/11/30 5:55 AM,65.8,66.0,54.1,65.2,,,29.59,,,,,,,,,,,,,
In home  (w/display),Temp & Humidity Sensor,2020/11/30 6:00 AM,65.8,66.0,54.1,65.2,,,29.58,,,,,,,,,,,,,
In home  (w/display),Temp & Humidity Sensor,2020/11/30 6:05 AM,65.8,66.0,54.1,65.2,,,29.58,,,,,,,,,,,,,
In home  (w/display),Temp & Humidity Sensor,2020/11/30 6:10 AM,65.8,67.0,54.5,65.2,,,29.57,,,,,,,,,,,,,
In home  (w/display),Temp & Humidity Sensor,2020/11/30 6:15 AM,66.5,65.0,54.4,65.9,,,29.57,,,,,,,,,,,,,
In home  (w/display),Temp & Humidity Sensor,2020/11/30 6:20 AM,66.9,65.0,54.7,66.3,,,29.56,,,,,,,,,,,,,
In home  (w/display),Temp & Humidity Sensor,2020/11/30 6:25 AM,66.9,65.0,54.7,66.3,,,29.56,,,,,,,,,,,,,
In home  (w/display),Temp & Humidity Sensor,2020/11/30 6:30 AM,66.7,66.0,55.0,66.2,,,29.56,,,,,,,,,,,,,
In home  (w/display),Temp & Humidity Sensor,2020/11/30 6:35 AM,66.7,64.0,54.1,66.1,,,29.56,,,,,,,,,,,,,
In home  (w/display),Temp & Humidity Sensor,2020/11/30 6:40 AM,67.1,63.0,54.1,66.5,,,29.56,,,,,,,,,,,,,
In home  (w/display),Temp & Humidity Sensor,2020/11/30 6:45 AM,67.2,63.0,54.2,66.6,,,29.56,,,,,,,,,,,,,
In home  (w/display),Temp & Humidity Sensor,2020/11/30 6:50 AM,67.2,62.0,53.7,66.5,,,29.55,,,,,,,,,,,,,
In home  (w/display),Temp & Humidity Sensor,2020/11/30 6:55 AM,67.6,61.0,53.7,66.9,,,29.55,,,,,,,,,,,,,
In home  (w/display),Temp & Humidity Sensor,2020/11/30 7:00 AM,67.8,60.0,53.4,67.1,,,29.55,,,,,,,,,,,,,
In home  (w/display),Temp & Humidity Sensor,2020/11/30 7:05 AM,67.8,60.0,53.4,67.1,,,29.55,,,,,,,,,,,,,
In home  (w/display),Temp & Humidity Sensor,2020/11/30 7:10 AM,68.0,60.0,53.6,67.3,,,29.55,,,,,,,,,,,,,
In home  (w/display),Temp & Humidity Sensor,2020/11/30 7:15 AM,68.0,60.0,53.6,67.3,,,29.55,,,,,,,,,,,,,
In home  (w/display),Temp & Humidity Sensor,2020/11/30 7:20 AM,68.0,60.0,53.6,67.3,,,29.55,,,,,,,,,,,,,
In home  (w/display),Temp & Humidity Sensor,2020/11/30 7:25 AM,68.0,60.0,53.6,67.3,,,29.54,,,,,,,,,,,,,
In home  (w/display),Temp & Humidity Sensor,2020/11/30 7:45 AM,68.1,59.0,53.2,67.4,,,29.54,,,,,,,,,,,,,
In home  (w/display),Temp & Humidity Sensor,2020/11/30 7:50 AM,68.1,59.0,53.2,67.4,,,29.54,,,,,,,,,,,,,
In home  (w/display),Temp & Humidity Sensor,2020/11/30 7:55 AM,68.3,59.0,53.4,67.6,,,29.54,,,,,,,,,,,,,
In home  (w/display),Temp & Humidity Sensor,2020/11/30 8:00 AM,68.3,59.0,53.4,67.6,,,29.54,,,,,,,,,,,,,
In home  (w/display),Temp & Humidity Sensor,2020/11/30 8:05 AM,68.5,58.0,53.1,67.8,,,29.53,,,,,,,,,,,,,
In home  (w/display),Temp & Humidity Sensor,2020/11/30 8:10 AM,68.5,59.0,53.6,67.8,,,29.54,,,,,,,,,,,,,
In home  (w/display),Temp & Humidity Sensor,2020/11/30 8:15 AM,68.5,58.0,53.1,67.8,,,29.53,,,,,,,,,,,,,
In home  (w/display),Temp & Humidity Sensor,2020/11/30 8:20 AM,68.5,58.0,53.1,67.8,,,29.53,,,,,,,,,,,,,
In home  (w/display),Temp & Humidity Sensor,2020/11/30 8:25 AM,68.5,58.0,53.1,67.8,,,29.53,,,,,,,,,,,,,
In home  (w/display),Temp & Humidity Sensor,2020/11/30 8:30 AM,68.5,58.0,53.1,67.8,,,29.53,,,,,,,,,,,,,
In home  (w/display),Temp & Humidity Sensor,2020/11/30 8:35 AM,68.5,59.0,53.6,67.8,,,29.52,,,,,,,,,,,,,
In home  (w/display),Temp & Humidity Sensor,2020/11/30 8:40 AM,68.3,59.0,53.4,67.6,,,29.52,,,,,,,,,,,,,
In home  (w/display),Temp & Humidity Sensor,2020/11/30 8:45 AM,68.1,60.0,53.7,67.4,,,29.52,,,,,,,,,,,,,
In home  (w/display),Temp & Humidity Sensor,2020/11/30 8:50 AM,68.1,60.0,53.7,67.4,,,29.52,,,,,,,,,,,,,
In home  (w/display),Temp & Humidity Sensor,2020/11/30 8:55 AM,68.1,61.0,54.1,67.5,,,29.52,,,,,,,,,,,,,
In home  (w/display),Temp & Humidity Sensor,2020/11/30 9:00 AM,68.0,61.0,54.0,67.4,,,29.52,,,,,,,,,,,,,
In home  (w/display),Temp & Humidity Sensor,2020/11/30 9:05 AM,68.0,62.0,54.5,67.4,,,29.52,,,,,,,,,,,,,
In home  (w/display),Temp & Humidity Sensor,2020/11/30 9:10 AM,68.0,62.0,54.5,67.4,,,29.51,,,,,,,,,,,,,
In home  (w/display),Temp & Humidity Sensor,2020/11/30 9:15 AM,68.0,62.0,54.5,67.4,,,29.51,,,,,,,,,,,,,
In home  (w/display),Temp & Humidity Sensor,2020/11/30 9:20 AM,68.0,62.0,54.5,67.4,,,29.52,,,,,,,,,,,,,
In home  (w/display),Temp & Humidity Sensor,2020/11/30 9:25 AM,68.0,63.0,54.9,67.5,,,29.51,,,,,,,,,,,,,
In home  (w/display),Temp & Humidity Sensor,2020/11/30 9:30 AM,68.0,63.0,54.9,67.5,,,29.51,,,,,,,,,,,,,
In home  (w/display),Temp & Humidity Sensor,2020/11/30 9:35 AM,68.0,63.0,54.9,67.5,,,29.5,,,,,,,,,,,,,
In home  (w/display),Temp & Humidity Sensor,2020/11/30 9:40 AM,68.0,63.0,54.9,67.5,,,29.5,,,,,,,,,,,,,
In home  (w/display),Temp & Humidity Sensor,2020/11/30 9:45 AM,68.0,63.0,54.9,67.5,,,29.5,,,,,,,,,,,,,
In home  (w/display),Temp & Humidity Sensor,2020/11/30 9:50 AM,68.0,63.0,54.9,67.5,,,29.5,,,,,,,,,,,,,
In home  (w/display),Temp & Humidity Sensor,2020/11/30 9:55 AM,68.1,63.0,55.0,67.6,,,29.49,,,,,,,,,,,,,
In home  (w/display),Temp & Humidity Sensor,2020/11/30 10:00 AM,68.1,63.0,55.0,67.6,,,29.5,,,,,,,,,,,,,
In home  (w/display),Temp & Humidity Sensor,2020/11/30 10:05 AM,68.1,63.0,55.0,67.6,,,29.49,,,,,,,,,,,,,
In home  (w/display),Temp & Humidity Sensor,2020/11/30 10:10 AM,68.0,64.0,55.4,67.5,,,29.49,,,,,,,,,,,,,
In home  (w/display),Temp & Humidity Sensor,2020/11/30 10:15 AM,68.1,64.0,55.5,67.6,,,29.49,,,,,,,,,,,,,
In home  (w/display),Temp & Humidity Sensor,2020/11/30 10:20 AM,68.1,64.0,55.5,67.6,,,29.49,,,,,,,,,,,,,
In home  (w/display),Temp & Humidity Sensor,2020/11/30 10:45 AM,68.1,64.0,55.5,67.6,,,29.48,,,,,,,,,,,,,
In home  (w/display),Temp & Humidity Sensor,2020/11/30 10:50 AM,68.1,64.0,55.5,67.6,,,29.48,,,,,,,,,,,,,
In home  (w/display),Temp & Humidity Sensor,2020/11/30 10:55 AM,68.1,64.0,55.5,67.6,,,29.48,,,,,,,,,,,,,
In home  (w/display),Temp & Humidity Sensor,2020/11/30 11:00 AM,68.1,64.0,55.5,67.6,,,29.49,,,,,,,,,,,,,
In home  (w/display),Temp & Humidity Sensor,2020/11/30 11:05 AM,68.1,65.0,55.9,67.7,,,29.49,,,,,,,,,,,,,
In home  (w/display),Temp & Humidity Sensor,2020/11/30 11:10 AM,68.0,65.0,55.8,67.6,,,29.49,,,,,,,,,,,,,
In home  (w/display),Temp & Humidity Sensor,2020/11/30 11:15 AM,68.0,65.0,55.8,67.6,,,29.49,,,,,,,,,,,,,
In home  (w/display),Temp & Humidity Sensor,2020/11/30 11:20 AM,67.8,65.0,55.6,67.3,,,29.48,,,,,,,,,,,,,
In home  (w/display),Temp & Humidity Sensor,2020/11/30 11:25 AM,67.8,65.0,55.6,67.3,,,29.48,,,,,,,,,,,,,
In home  (w/display),Temp & Humidity Sensor,2020/11/30 11:30 AM,67.8,65.0,55.6,67.3,,,29.48,,,,,,,,,,,,,
In home  (w/display),Temp & Humidity Sensor,2020/11/30 11:35 AM,67.8,65.0,55.6,67.3,,,29.48,,,,,,,,,,,,,
In home  (w/display),Temp & Humidity Sensor,2020/11/30 11:40 AM,67.8,65.0,55.6,67.3,,,29.48,,,,,,,,,,,,,
In home  (w/display),Temp & Humidity Sensor,2020/11/30 11:45 AM,67.8,65.0,55.6,67.3,,,29.47,,,,,,,,,,,,,
In home  (w/display),Temp & Humidity Sensor,2020/11/30 11:50 AM,67.6,65.0,55.4,67.1,,,29.47,,,,,,,,,,,,,
In home  (w/display),Temp & Humidity Sensor,2020/11/30 11:55 AM,67.8,65.0,55.6,67.3,,,29.48,,,,,,,,,,,,,
In home  (w/display),Temp & Humidity Sensor,2020/11/30 12:00 PM,67.8,65.0,55.6,67.3,,,29.48,,,,,,,,,,,,,
In home  (w/display),Temp & Humidity Sensor,2020/11/30 12:05 PM,67.6,65.0,55.4,67.1,,,29.49,,,,,,,,,,,,,
In home  (w/display),Temp & Humidity Sensor,2020/11/30 12:10 PM,67.6,66.0,55.8,67.2,,,29.48,,,,,,,,,,,,,
In home  (w/display),Temp & Humidity Sensor,2020/11/30 12:15 PM,67.8,66.0,56.0,67.4,,,29.48,,,,,,,,,,,,,
In home  (w/display),Temp & Humidity Sensor,2020/11/30 12:20 PM,67.8,66.0,56.0,67.4,,,29.48,,,,,,,,,,,,,
In home  (w/display),Temp & Humidity Sensor,2020/11/30 12:25 PM,67.8,66.0,56.0,67.4,,,29.49,,,,,,,,,,,,,
In home  (w/display),Temp & Humidity Sensor,2020/11/30 12:30 PM,67.8,66.0,56.0,67.4,,,29.48,,,,,,,,,,,,,
In home  (w/display),Temp & Humidity Sensor,2020/11/30 12:35 PM,67.8,66.0,56.0,67.4,,,29.48,,,,,,,,,,,,,
In home  (w/display),Temp & Humidity Sensor,2020/11/30 12:40 PM,67.8,66.0,56.0,67.4,,,29.48,,,,,,,,,,,,,
In home  (w/display),Temp & Humidity Sensor,2020/11/30 12:45 PM,67.8,66.0,56.0,67.4,,,29.48,,,,,,,,,,,,,
In home  (w/display),Temp & Humidity Sensor,2020/11/30 12:50 PM,67.8,66.0,56.0,67.4,,,29.48,,,,,,,,,,,,,
In home  (w/display),Temp & Humidity Sensor,2020/11/30 12:55 PM,67.8,66.0,56.0,67.4,,,29.49,,,,,,,,,,,,,
In home  (w/display),Temp & Humidity Sensor,2020/11/30 1:00 PM,67.8,66.0,56.0,67.4,,,29.49,,,,,,,,,,,,,
In home  (w/display),Temp & Humidity Sensor,2020/11/30 1:05 PM,67.8,66.0,56.0,67.4,,,29.49,,,,,,,,,,,,,
In home  (w/display),Temp & Humidity Sensor,2020/11/30 1:10 PM,67.8,66.0,56.0,67.4,,,29.49,,,,,,,,,,,,,
In home  (w/display),Temp & Humidity Sensor,2020/11/30 1:15 PM,67.8,66.0,56.0,67.4,,,29.49,,,,,,,,,,,,,
In home  (w/display),Temp & Humidity Sensor,2020/11/30 1:20 PM,67.8,66.0,56.0,67.4,,,29.5,,,,,,,,,,,,,
In home  (w/display),Temp & Humidity Sensor,2020/11/30 1:25 PM,67.8,66.0,56.0,67.4,,,29.5,,,,,,,,,,,,,
In home  (w/display),Temp & Humidity Sensor,2020/11/30 1:30 PM,67.8,66.0,56.0,67.4,,,29.5,,,,,,,,,,,,,
In home  (w/display),Temp & Humidity Sensor,2020/11/30 1:35 PM,67.6,66.0,55.8,67.2,,,29.5,,,,,,,,,,,,,
In home  (w/display),Temp & Humidity Sensor,2020/11/30 1:40 PM,67.6,66.0,55.8,67.2,,,29.5,,,,,,,,,,,,,
In home  (w/display),Temp & Humidity Sensor,2020/11/30 1:45 PM,67.6,66.0,55.8,67.2,,,29.5,,,,,,,,,,,,,
In home  (w/display),Temp & Humidity Sensor,2020/11/30 1:50 PM,67.6,66.0,55.8,67.2,,,29.51,,,,,,,,,,,,,
In home  (w/display),Temp & Humidity Sensor,2020/11/30 1:55 PM,67.6,66.0,55.8,67.2,,,29.51,,,,,,,,,,,,,
In home  (w/display),Temp & Humidity Sensor,2020/11/30 2:00 PM,67.8,66.0,56.0,67.4,,,29.51,,,,,,,,,,,,,
In home  (w/display),Temp & Humidity Sensor,2020/11/30 2:05 PM,67.8,66.0,56.0,67.4,,,29.51,,,,,,,,,,,,,
In home  (w/display),Temp & Humidity Sensor,2020/11/30 2:10 PM,67.8,66.0,56.0,67.4,,,29.51,,,,,,,,,,,,,
In home  (w/display),Temp & Humidity Sensor,2020/11/30 2:15 PM,67.8,66.0,56.0,67.4,,,29.51,,,,,,,,,,,,,
In home  (w/display),Temp & Humidity Sensor,2020/11/30 2:20 PM,68.0,66.0,56.2,67.6,,,29.51,,,,,,,,,,,,,
In home  (w/display),Temp & Humidity Sensor,2020/11/30 2:25 PM,68.0,66.0,56.2,67.6,,,29.52,,,,,,,,,,,,,
In home  (w/display),Temp & Humidity Sensor,2020/11/30 2:30 PM,68.0,66.0,56.2,67.6,,,29.52,,,,,,,,,,,,,
In home  (w/display),Temp & Humidity Sensor,2020/11/30 2:35 PM,68.0,66.0,56.2,67.6,,,29.52,,,,,,,,,,,,,
In home  (w/display),Temp & Humidity Sensor,2020/11/30 2:40 PM,68.0,66.0,56.2,67.6,,,29.53,,,,,,,,,,,,,
In home  (w/display),Temp & Humidity Sensor,2020/11/30 2:45 PM,68.1,66.0,56.3,67.7,,,29.53,,,,,,,,,,,,,
In home  (w/display),Temp & Humidity Sensor,2020/11/30 2:50 PM,68.0,66.0,56.2,67.6,,,29.53,,,,,,,,,,,,,
In home  (w/display),Temp & Humidity Sensor,2020/11/30 2:55 PM,68.1,66.0,56.3,67.7,,,29.53,,,,,,,,,,,,,
In home  (w/display),Temp & Humidity Sensor,2020/11/30 3:00 PM,68.1,66.0,56.3,67.7,,,29.53,,,,,,,,,,,,,
In home  (w/display),Temp & Humidity Sensor,2020/11/30 3:05 PM,68.1,66.0,56.3,67.7,,,29.53,,,,,,,,,,,,,
In home  (w/display),Temp & Humidity Sensor,2020/11/30 3:10 PM,68.1,66.0,56.3,67.7,,,29.53,,,,,,,,,,,,,
In home  (w/display),Temp & Humidity Sensor,2020/11/30 3:15 PM,68.1,66.0,56.3,67.7,,,29.54,,,,,,,,,,,,,
In home  (w/display),Temp & Humidity Sensor,2020/11/30 3:20 PM,68.1,66.0,56.3,67.7,,,29.54,,,,,,,,,,,,,
In home  (w/display),Temp & Humidity Sensor,2020/11/30 3:25 PM,68.1,66.0,56.3,67.7,,,29.54,,,,,,,,,,,,,
In home  (w/display),Temp & Humidity Sensor,2020/11/30 3:30 PM,68.1,66.0,56.3,67.7,,,29.54,,,,,,,,,,,,,
In home  (w/display),Temp & Humidity Sensor,2020/11/30 3:35 PM,68.1,66.0,56.3,67.7,,,29.55,,,,,,,,,,,,,
In home  (w/display),Temp & Humidity Sensor,2020/11/30 3:40 PM,68.1,66.0,56.3,67.7,,,29.54,,,,,,,,,,,,,
In home  (w/display),Temp & Humidity Sensor,2020/11/30 3:45 PM,68.1,66.0,56.3,67.7,,,29.54,,,,,,,,,,,,,
In home  (w/display),Temp & Humidity Sensor,2020/11/30 3:50 PM,68.0,66.0,56.2,67.6,,,29.55,,,,,,,,,,,,,
In home  (w/display),Temp & Humidity Sensor,2020/11/30 3:55 PM,68.0,66.0,56.2,67.6,,,29.55,,,,,,,,,,,,,
In home  (w/display),Temp & Humidity Sensor,2020/11/30 4:00 PM,68.0,66.0,56.2,67.6,,,29.55,,,,,,,,,,,,,
In home  (w/display),Temp & Humidity Sensor,2020/11/30 4:05 PM,68.0,66.0,56.2,67.6,,,29.55,,,,,,,,,,,,,
In home  (w/display),Temp & Humidity Sensor,2020/11/30 4:10 PM,68.0,66.0,56.2,67.6,,,29.56,,,,,,,,,,,,,
In home  (w/display),Temp & Humidity Sensor,2020/11/30 4:15 PM,68.0,66.0,56.2,67.6,,,29.56,,,,,,,,,,,,,
In home  (w/display),Temp & Humidity Sensor,2020/11/30 4:20 PM,68.0,66.0,56.2,67.6,,,29.56,,,,,,,,,,,,,
In home  (w/display),Temp & Humidity Sensor,2020/11/30 4:25 PM,68.0,66.0,56.2,67.6,,,29.56,,,,,,,,,,,,,
In home  (w/display),Temp & Humidity Sensor,2020/11/30 4:30 PM,68.0,66.0,56.2,67.6,,,29.56,,,,,,,,,,,,,
In home  (w/display),Temp & Humidity Sensor,2020/11/30 4:35 PM,68.0,66.0,56.2,67.6,,,29.56,,,,,,,,,,,,,
In home  (w/display),Temp & Humidity Sensor,2020/11/30 4:40 PM,68.0,66.0,56.2,67.6,,,29.57,,,,,,,,,,,,,
In home  (w/display),Temp & Humidity Sensor,2020/11/30 4:45 PM,68.0,66.0,56.2,67.6,,,29.57,,,,,,,,,,,,,
In home  (w/display),Temp & Humidity Sensor,2020/11/30 4:50 PM,68.0,66.0,56.2,67.6,,,29.57,,,,,,,,,,,,,
In home  (w/display),Temp & Humidity Sensor,2020/11/30 4:55 PM,68.0,66.0,56.2,67.6,,,29.57,,,,,,,,,,,,,
In home  (w/display),Temp & Humidity Sensor,2020/11/30 5:00 PM,67.8,66.0,56.0,67.4,,,29.57,,,,,,,,,,,,,
In home  (w/display),Temp & Humidity Sensor,2020/11/30 5:05 PM,68.0,66.0,56.2,67.6,,,29.58,,,,,,,,,,,,,
In home  (w/display),Temp & Humidity Sensor,2020/11/30 5:10 PM,67.8,66.0,56.0,67.4,,,29.58,,,,,,,,,,,,,
In home  (w/display),Temp & Humidity Sensor,2020/11/30 5:15 PM,67.8,66.0,56.0,67.4,,,29.58,,,,,,,,,,,,,
In home  (w/display),Temp & Humidity Sensor,2020/11/30 5:20 PM,67.8,66.0,56.0,67.4,,,29.59,,,,,,,,,,,,,
In home  (w/display),Temp & Humidity Sensor,2020/11/30 5:25 PM,67.8,65.0,55.6,67.3,,,29.59,,,,,,,,,,,,,
In home  (w/display),Temp & Humidity Sensor,2020/11/30 5:30 PM,67.8,65.0,55.6,67.3,,,29.59,,,,,,,,,,,,,
In home  (w/display),Temp & Humidity Sensor,2020/11/30 5:35 PM,67.8,65.0,55.6,67.3,,,29.59,,,,,,,,,,,,,
In home  (w/display),Temp & Humidity Sensor,2020/11/30 5:40 PM,68.0,65.0,55.8,67.6,,,29.59,,,,,,,,,,,,,
In home  (w/display),Temp & Humidity Sensor,2020/11/30 5:45 PM,67.8,65.0,55.6,67.3,,,29.59,,,,,,,,,,,,,
In home  (w/display),Temp & Humidity Sensor,2020/11/30 5:50 PM,68.0,65.0,55.8,67.6,,,29.59,,,,,,,,,,,,,
In home  (w/display),Temp & Humidity Sensor,2020/11/30 5:55 PM,68.0,65.0,55.8,67.6,,,29.59,,,,,,,,,,,,,
In home  (w/display),Temp & Humidity Sensor,2020/11/30 6:00 PM,67.8,65.0,55.6,67.3,,,29.59,,,,,,,,,,,,,
In home  (w/display),Temp & Humidity Sensor,2020/11/30 6:05 PM,68.0,65.0,55.8,67.6,,,29.59,,,,,,,,,,,,,
In home  (w/display),Temp & Humidity Sensor,2020/11/30 6:10 PM,68.0,65.0,55.8,67.6,,,29.59,,,,,,,,,,,,,
In home  (w/display),Temp & Humidity Sensor,2020/11/30 6:15 PM,68.0,65.0,55.8,67.6,,,29.6,,,,,,,,,,,,,
In home  (w/display),Temp & Humidity Sensor,2020/11/30 6:20 PM,68.0,65.0,55.8,67.6,,,29.6,,,,,,,,,,,,,
In home  (w/display),Temp & Humidity Sensor,2020/11/30 6:25 PM,68.1,65.0,55.9,67.7,,,29.6,,,,,,,,,,,,,
In home  (w/display),Temp & Humidity Sensor,2020/11/30 6:30 PM,68.1,65.0,55.9,67.7,,,29.6,,,,,,,,,,,,,
In home  (w/display),Temp & Humidity Sensor,2020/11/30 6:35 PM,68.1,65.0,55.9,67.7,,,29.61,,,,,,,,,,,,,
In home  (w/display),Temp & Humidity Sensor,2020/11/30 6:40 PM,68.1,65.0,55.9,67.7,,,29.61,,,,,,,,,,,,,
In home  (w/display),Temp & Humidity Sensor,2020/11/30 6:45 PM,68.1,65.0,55.9,67.7,,,29.61,,,,,,,,,,,,,
In home  (w/display),Temp & Humidity Sensor,2020/11/30 6:50 PM,68.1,65.0,55.9,67.7,,,29.61,,,,,,,,,,,,,
In home  (w/display),Temp & Humidity Sensor,2020/11/30 6:55 PM,68.1,65.0,55.9,67.7,,,29.61,,,,,,,,,,,,,
In home  (w/display),Temp & Humidity Sensor,2020/11/30 7:00 PM,68.1,65.0,55.9,67.7,,,29.61,,,,,,,,,,,,,
In home  (w/display),Temp & Humidity Sensor,2020/11/30 7:05 PM,68.1,65.0,55.9,67.7,,,29.61,,,,,,,,,,,,,
In home  (w/display),Temp & Humidity Sensor,2020/11/30 7:10 PM,68.1,65.0,55.9,67.7,,,29.62,,,,,,,,,,,,,
In home  (w/display),Temp & Humidity Sensor,2020/11/30 7:15 PM,68.1,65.0,55.9,67.7,,,29.62,,,,,,,,,,,,,
In home  (w/display),Temp & Humidity Sensor,2020/11/30 7:20 PM,68.1,65.0,55.9,67.7,,,29.62,,,,,,,,,,,,,
In home  (w/display),Temp & Humidity Sensor,2020/11/30 7:25 PM,68.1,65.0,55.9,67.7,,,29.63,,,,,,,,,,,,,
In home  (w/display),Temp & Humidity Sensor,2020/11/30 7:30 PM,68.1,65.0,55.9,67.7,,,29.63,,,,,,,,,,,,,
In home  (w/display),Temp & Humidity Sensor,2020/11/30 7:35 PM,68.1,65.0,55.9,67.7,,,29.63,,,,,,,,,,,,,
In home  (w/display),Temp & Humidity Sensor,2020/11/30 7:40 PM,68.3,65.0,56.1,67.9,,,29.63,,,,,,,,,,,,,
In home  (w/display),Temp & Humidity Sensor,2020/11/30 7:45 PM,68.3,66.0,56.5,67.9,,,29.63,,,,,,,,,,,,,
In home  (w/display),Temp & Humidity Sensor,2020/11/30 7:50 PM,68.5,66.0,56.7,68.2,,,29.64,,,,,,,,,,,,,
In home  (w/display),Temp & Humidity Sensor,2020/11/30 7:55 PM,68.5,67.0,57.1,68.2,,,29.64,,,,,,,,,,,,,
In home  (w/display),Temp & Humidity Sensor,2020/11/30 8:00 PM,68.9,67.0,57.5,68.6,,,29.65,,,,,,,,,,,,,
In home  (w/display),Temp & Humidity Sensor,2020/11/30 8:05 PM,68.9,66.0,57.1,68.6,,,29.65,,,,,,,,,,,,,
In home  (w/display),Temp & Humidity Sensor,2020/11/30 8:10 PM,68.9,67.0,57.5,68.6,,,29.65,,,,,,,,,,,,,
In home  (w/display),Temp & Humidity Sensor,2020/11/30 8:15 PM,68.9,66.0,57.1,68.6,,,29.65,,,,,,,,,,,,,
In home  (w/display),Temp & Humidity Sensor,2020/11/30 8:20 PM,69.0,66.0,57.2,68.7,,,29.66,,,,,,,,,,,,,
In home  (w/display),Temp & Humidity Sensor,2020/11/30 8:25 PM,68.9,66.0,57.1,68.6,,,29.66,,,,,,,,,,,,,
In home  (w/display),Temp & Humidity Sensor,2020/11/30 8:30 PM,68.9,66.0,57.1,68.6,,,29.66,,,,,,,,,,,,,
In home  (w/display),Temp & Humidity Sensor,2020/11/30 8:35 PM,68.9,66.0,57.1,68.6,,,29.66,,,,,,,,,,,,,
In home  (w/display),Temp & Humidity Sensor,2020/11/30 8:40 PM,68.9,65.0,56.6,68.5,,,29.65,,,,,,,,,,,,,
In home  (w/display),Temp & Humidity Sensor,2020/11/30 8:45 PM,68.9,65.0,56.6,68.5,,,29.66,,,,,,,,,,,,,
In home  (w/display),Temp & Humidity Sensor,2020/11/30 8:50 PM,69.0,65.0,56.7,68.7,,,29.66,,,,,,,,,,,,,
In home  (w/display),Temp & Humidity Sensor,2020/11/30 8:55 PM,68.9,65.0,56.6,68.5,,,29.66,,,,,,,,,,,,,
In home  (w/display),Temp & Humidity Sensor,2020/11/30 9:00 PM,68.9,65.0,56.6,68.5,,,29.66,,,,,,,,,,,,,
In home  (w/display),Temp & Humidity Sensor,2020/11/30 9:05 PM,69.0,65.0,56.7,68.7,,,29.67,,,,,,,,,,,,,
In home  (w/display),Temp & Humidity Sensor,2020/11/30 9:10 PM,68.9,64.0,56.2,68.5,,,29.67,,,,,,,,,,,,,
In home  (w/display),Temp & Humidity Sensor,2020/11/30 9:15 PM,68.9,64.0,56.2,68.5,,,29.67,,,,,,,,,,,,,
In home  (w/display),Temp & Humidity Sensor,2020/11/30 9:20 PM,68.9,64.0,56.2,68.5,,,29.67,,,,,,,,,,,,,
In home  (w/display),Temp & Humidity Sensor,2020/11/30 9:25 PM,68.9,64.0,56.2,68.5,,,29.67,,,,,,,,,,,,,
In home  (w/display),Temp & Humidity Sensor,2020/11/30 9:30 PM,68.9,64.0,56.2,68.5,,,29.67,,,,,,,,,,,,,
In home  (w/display),Temp & Humidity Sensor,2020/11/30 9:35 PM,68.9,64.0,56.2,68.5,,,29.67,,,,,,,,,,,,,
In home  (w/display),Temp & Humidity Sensor,2020/11/30 9:40 PM,68.9,64.0,56.2,68.5,,,29.67,,,,,,,,,,,,,
In home  (w/display),Temp & Humidity Sensor,2020/11/30 9:45 PM,68.7,64.0,56.0,68.3,,,29.67,,,,,,,,,,,,,
In home  (w/display),Temp & Humidity Sensor,2020/11/30 9:50 PM,68.7,64.0,56.0,68.3,,,29.68,,,,,,,,,,,,,
In home  (w/display),Temp & Humidity Sensor,2020/11/30 9:55 PM,68.7,64.0,56.0,68.3,,,29.68,,,,,,,,,,,,,
In home  (w/display),Temp & Humidity Sensor,2020/11/30 10:00 PM,68.7,64.0,56.0,68.3,,,29.68,,,,,,,,,,,,,
In home  (w/display),Temp & Humidity Sensor,2020/11/30 10:05 PM,68.5,64.0,55.8,68.1,,,29.68,,,,,,,,,,,,,
In home  (w/display),Temp & Humidity Sensor,2020/11/30 10:10 PM,68.5,64.0,55.8,68.1,,,29.69,,,,,,,,,,,,,
In home  (w/display),Temp & Humidity Sensor,2020/11/30 10:15 PM,68.5,64.0,55.8,68.1,,,29.69,,,,,,,,,,,,,
In home  (w/display),Temp & Humidity Sensor,2020/11/30 10:20 PM,68.3,64.0,55.6,67.8,,,29.69,,,,,,,,,,,,,
In home  (w/display),Temp & Humidity Sensor,2020/11/30 10:25 PM,68.3,64.0,55.6,67.8,,,29.69,,,,,,,,,,,,,
In home  (w/display),Temp & Humidity Sensor,2020/11/30 10:30 PM,68.3,64.0,55.6,67.8,,,29.69,,,,,,,,,,,,,
In home  (w/display),Temp & Humidity Sensor,2020/11/30 10:35 PM,68.1,64.0,55.5,67.6,,,29.69,,,,,,,,,,,,,
In home  (w/display),Temp & Humidity Sensor,2020/11/30 10:40 PM,68.1,64.0,55.5,67.6,,,29.7,,,,,,,,,,,,,
In home  (w/display),Temp & Humidity Sensor,2020/11/30 10:45 PM,68.0,64.0,55.4,67.5,,,29.7,,,,,,,,,,,,,
In home  (w/display),Temp & Humidity Sensor,2020/11/30 10:50 PM,68.0,64.0,55.4,67.5,,,29.69,,,,,,,,,,,,,
In home  (w/display),Temp & Humidity Sensor,2020/11/30 10:55 PM,67.8,64.0,55.2,67.3,,,29.7,,,,,,,,,,,,,
In home  (w/display),Temp & Humidity Sensor,2020/11/30 11:00 PM,67.8,64.0,55.2,67.3,,,29.7,,,,,,,,,,,,,
In home  (w/display),Temp & Humidity Sensor,2020/11/30 11:05 PM,67.6,64.0,55.0,67.1,,,29.7,,,,,,,,,,,,,
In home  (w/display),Temp & Humidity Sensor,2020/11/30 11:10 PM,67.6,64.0,55.0,67.1,,,29.69,,,,,,,,,,,,,
In home  (w/display),Temp & Humidity Sensor,2020/11/30 11:15 PM,67.6,64.0,55.0,67.1,,,29.69,,,,,,,,,,,,,
In home  (w/display),Temp & Humidity Sensor,2020/11/30 11:20 PM,67.4,64.0,54.8,66.8,,,29.7,,,,,,,,,,,,,
In home  (w/display),Temp & Humidity Sensor,2020/11/30 11:25 PM,67.4,64.0,54.8,66.8,,,29.7,,,,,,,,,,,,,
In home  (w/display),Temp & Humidity Sensor,2020/11/30 11:30 PM,67.2,64.0,54.6,66.6,,,29.7,,,,,,,,,,,,,
In home  (w/display),Temp & Humidity Sensor,2020/11/30 11:35 PM,67.2,64.0,54.6,66.6,,,29.7,,,,,,,,,,,,,
In home  (w/display),Temp & Humidity Sensor,2020/11/30 11:40 PM,67.2,64.0,54.6,66.6,,,29.7,,,,,,,,,,,,,
In home  (w/display),Temp & Humidity Sensor,2020/11/30 11:45 PM,67.2,64.0,54.6,66.6,,,29.7,,,,,,,,,,,,,
In home  (w/display),Temp & Humidity Sensor,2020/11/30 11:50 PM,67.2,64.0,54.6,66.6,,,29.7,,,,,,,,,,,,,
In home  (w/display),Temp & Humidity Sensor,2020/11/30 11:55 PM,67.1,64.0,54.5,66.5,,,29.7,,,,,,,,,,,,,
In home  (w/display),Temp & Humidity Sensor,2020/12/01 12:00 AM,67.1,64.0,54.5,66.5,,,29.7,,,,,,,,,,,,,
In home  (w/display),Temp & Humidity Sensor,2020/12/01 12:05 AM,67.1,64.0,54.5,66.5,,,29.7,,,,,,,,,,,,,
In home  (w/display),Temp & Humidity Sensor,2020/12/01 12:10 AM,66.9,64.0,54.3,66.3,,,29.7,,,,,,,,,,,,,
In home  (w/display),Temp & Humidity Sensor,2020/12/01 12:15 AM,66.9,64.0,54.3,66.3,,,29.7,,,,,,,,,,,,,
In home  (w/display),Temp & Humidity Sensor,2020/12/01 12:20 AM,66.9,64.0,54.3,66.3,,,29.7,,,,,,,,,,,,,
In home  (w/display),Temp & Humidity Sensor,2020/12/01 12:25 AM,66.7,65.0,54.6,66.1,,,29.7,,,,,,,,,,,,,
In home  (w/display),Temp & Humidity Sensor,2020/12/01 12:30 AM,66.7,65.0,54.6,66.1,,,29.7,,,,,,,,,,,,,
In home  (w/display),Temp & Humidity Sensor,2020/12/01 12:35 AM,66.7,64.0,54.1,66.1,,,29.7,,,,,,,,,,,,,
In home  (w/display),Temp & Humidity Sensor,2020/12/01 12:40 AM,66.7,64.0,54.1,66.1,,,29.7,,,,,,,,,,,,,
In home  (w/display),Temp & Humidity Sensor,2020/12/01 12:45 AM,66.7,64.0,54.1,66.1,,,29.7,,,,,,,,,,,,,
In home  (w/display),Temp & Humidity Sensor,2020/12/01 12:50 AM,66.5,64.0,53.9,65.9,,,29.7,,,,,,,,,,,,,
In home  (w/display),Temp & Humidity Sensor,2020/12/01 12:55 AM,66.5,64.0,53.9,65.9,,,29.7,,,,,,,,,,,,,
In home  (w/display),Temp & Humidity Sensor,2020/12/01 1:00 AM,66.5,64.0,53.9,65.9,,,29.7,,,,,,,,,,,,,
In home  (w/display),Temp & Humidity Sensor,2020/12/01 1:05 AM,66.3,64.0,53.7,65.6,,,29.7,,,,,,,,,,,,,
In home  (w/display),Temp & Humidity Sensor,2020/12/01 1:10 AM,66.3,64.0,53.7,65.6,,,29.7,,,,,,,,,,,,,
In home  (w/display),Temp & Humidity Sensor,2020/12/01 1:15 AM,66.3,64.0,53.7,65.6,,,29.7,,,,,,,,,,,,,
In home  (w/display),Temp & Humidity Sensor,2020/12/01 1:20 AM,66.3,64.0,53.7,65.6,,,29.7,,,,,,,,,,,,,
In home  (w/display),Temp & Humidity Sensor,2020/12/01 1:25 AM,66.3,64.0,53.7,65.6,,,29.71,,,,,,,,,,,,,
In home  (w/display),Temp & Humidity Sensor,2020/12/01 1:30 AM,66.2,64.0,53.7,65.5,,,29.71,,,,,,,,,,,,,
In home  (w/display),Temp & Humidity Sensor,2020/12/01 1:35 AM,66.2,64.0,53.7,65.5,,,29.71,,,,,,,,,,,,,
In home  (w/display),Temp & Humidity Sensor,2020/12/01 1:40 AM,66.2,64.0,53.7,65.5,,,29.71,,,,,,,,,,,,,
In home  (w/display),Temp & Humidity Sensor,2020/12/01 1:45 AM,66.2,64.0,53.7,65.5,,,29.72,,,,,,,,,,,,,
In home  (w/display),Temp & Humidity Sensor,2020/12/01 1:50 AM,66.2,64.0,53.7,65.5,,,29.72,,,,,,,,,,,,,
In home  (w/display),Temp & Humidity Sensor,2020/12/01 1:55 AM,66.0,65.0,53.9,65.4,,,29.72,,,,,,,,,,,,,
In home  (w/display),Temp & Humidity Sensor,2020/12/01 2:00 AM,66.0,65.0,53.9,65.4,,,29.72,,,,,,,,,,,,,
In home  (w/display),Temp & Humidity Sensor,2020/12/01 2:05 AM,66.0,65.0,53.9,65.4,,,29.72,,,,,,,,,,,,,
In home  (w/display),Temp & Humidity Sensor,2020/12/01 2:10 AM,66.0,65.0,53.9,65.4,,,29.72,,,,,,,,,,,,,
In home  (w/display),Temp & Humidity Sensor,2020/12/01 2:15 AM,65.8,65.0,53.7,65.1,,,29.73,,,,,,,,,,,,,
In home  (w/display),Temp & Humidity Sensor,2020/12/01 2:20 AM,65.8,65.0,53.7,65.1,,,29.73,,,,,,,,,,,,,
In home  (w/display),Temp & Humidity Sensor,2020/12/01 2:25 AM,65.8,65.0,53.7,65.1,,,29.73,,,,,,,,,,,,,
In home  (w/display),Temp & Humidity Sensor,2020/12/01 2:30 AM,65.8,65.0,53.7,65.1,,,29.73,,,,,,,,,,,,,
In home  (w/display),Temp & Humidity Sensor,2020/12/01 2:35 AM,65.8,65.0,53.7,65.1,,,29.73,,,,,,,,,,,,,
In home  (w/display),Temp & Humidity Sensor,2020/12/01 2:40 AM,65.8,65.0,53.7,65.1,,,29.73,,,,,,,,,,,,,
In home  (w/display),Temp & Humidity Sensor,2020/12/01 2:45 AM,65.8,65.0,53.7,65.1,,,29.73,,,,,,,,,,,,,
In home  (w/display),Temp & Humidity Sensor,2020/12/01 2:50 AM,65.8,65.0,53.7,65.1,,,29.74,,,,,,,,,,,,,
In home  (w/display),Temp & Humidity Sensor,2020/12/01 2:55 AM,65.6,65.0,53.5,64.9,,,29.74,,,,,,,,,,,,,
In home  (w/display),Temp & Humidity Sensor,2020/12/01 3:00 AM,65.6,65.0,53.5,64.9,,,29.74,,,,,,,,,,,,,
In home  (w/display),Temp & Humidity Sensor,2020/12/01 3:05 AM,65.6,65.0,53.5,64.9,,,29.74,,,,,,,,,,,,,
In home  (w/display),Temp & Humidity Sensor,2020/12/01 3:10 AM,65.4,65.0,53.3,64.7,,,29.74,,,,,,,,,,,,,
In home  (w/display),Temp & Humidity Sensor,2020/12/01 3:15 AM,65.4,65.0,53.3,64.7,,,29.74,,,,,,,,,,,,,
In home  (w/display),Temp & Humidity Sensor,2020/12/01 3:20 AM,65.4,65.0,53.3,64.7,,,29.74,,,,,,,,,,,,,
In home  (w/display),Temp & Humidity Sensor,2020/12/01 3:25 AM,65.4,65.0,53.3,64.7,,,29.74,,,,,,,,,,,,,
In home  (w/display),Temp & Humidity Sensor,2020/12/01 3:30 AM,65.4,65.0,53.3,64.7,,,29.74,,,,,,,,,,,,,
In home  (w/display),Temp & Humidity Sensor,2020/12/01 3:35 AM,65.4,65.0,53.3,64.7,,,29.74,,,,,,,,,,,,,
In home  (w/display),Temp & Humidity Sensor,2020/12/01 3:40 AM,65.3,65.0,53.2,64.6,,,29.75,,,,,,,,,,,,,
In home  (w/display),Temp & Humidity Sensor,2020/12/01 3:45 AM,65.3,65.0,53.2,64.6,,,29.75,,,,,,,,,,,,,
In home  (w/display),Temp & Humidity Sensor,2020/12/01 3:50 AM,65.3,65.0,53.2,64.6,,,29.75,,,,,,,,,,,,,
In home  (w/display),Temp & Humidity Sensor,2020/12/01 3:55 AM,65.3,65.0,53.2,64.6,,,29.75,,,,,,,,,,,,,
In home  (w/display),Temp & Humidity Sensor,2020/12/01 4:00 AM,65.3,65.0,53.2,64.6,,,29.75,,,,,,,,,,,,,
In home  (w/display),Temp & Humidity Sensor,2020/12/01 4:05 AM,65.3,65.0,53.2,64.6,,,29.75,,,,,,,,,,,,,
In home  (w/display),Temp & Humidity Sensor,2020/12/01 4:10 AM,65.3,65.0,53.2,64.6,,,29.76,,,,,,,,,,,,,
In home  (w/display),Temp & Humidity Sensor,2020/12/01 4:15 AM,65.3,65.0,53.2,64.6,,,29.76,,,,,,,,,,,,,
In home  (w/display),Temp & Humidity Sensor,2020/12/01 4:20 AM,65.1,65.0,53.0,64.4,,,29.76,,,,,,,,,,,,,
In home  (w/display),Temp & Humidity Sensor,2020/12/01 4:25 AM,65.1,65.0,53.0,64.4,,,29.76,,,,,,,,,,,,,
In home  (w/display),Temp & Humidity Sensor,2020/12/01 4:30 AM,65.1,65.0,53.0,64.4,,,29.76,,,,,,,,,,,,,
In home  (w/display),Temp & Humidity Sensor,2020/12/01 4:35 AM,64.9,65.0,52.8,64.1,,,29.76,,,,,,,,,,,,,
In home  (w/display),Temp & Humidity Sensor,2020/12/01 4:40 AM,65.1,65.0,53.0,64.4,,,29.76,,,,,,,,,,,,,
In home  (w/display),Temp & Humidity Sensor,2020/12/01 4:45 AM,64.9,65.0,52.8,64.1,,,29.76,,,,,,,,,,,,,
In home  (w/display),Temp & Humidity Sensor,2020/12/01 4:50 AM,64.9,65.0,52.8,64.1,,,29.77,,,,,,,,,,,,,
In home  (w/display),Temp & Humidity Sensor,2020/12/01 4:55 AM,64.9,65.0,52.8,64.1,,,29.77,,,,,,,,,,,,,
In home  (w/display),Temp & Humidity Sensor,2020/12/01 5:00 AM,64.9,65.0,52.8,64.1,,,29.77,,,,,,,,,,,,,
In home  (w/display),Temp & Humidity Sensor,2020/12/01 5:05 AM,64.9,65.0,52.8,64.1,,,29.77,,,,,,,,,,,,,
In home  (w/display),Temp & Humidity Sensor,2020/12/01 5:10 AM,64.9,65.0,52.8,64.1,,,29.77,,,,,,,,,,,,,
In home  (w/display),Temp & Humidity Sensor,2020/12/01 5:15 AM,64.7,65.0,52.7,63.9,,,29.78,,,,,,,,,,,,,
In home  (w/display),Temp & Humidity Sensor,2020/12/01 5:20 AM,64.9,65.0,52.8,64.1,,,29.78,,,,,,,,,,,,,
In home  (w/display),Temp & Humidity Sensor,2020/12/01 5:25 AM,64.7,65.0,52.7,63.9,,,29.79,,,,,,,,,,,,,
In home  (w/display),Temp & Humidity Sensor,2020/12/01 5:30 AM,64.7,65.0,52.7,63.9,,,29.79,,,,,,,,,,,,,
In home  (w/display),Temp & Humidity Sensor,2020/12/01 5:35 AM,64.7,65.0,52.7,63.9,,,29.79,,,,,,,,,,,,,
In home  (w/display),Temp & Humidity Sensor,2020/12/01 5:40 AM,64.5,65.0,52.5,63.7,,,29.79,,,,,,,,,,,,,
In home  (w/display),Temp & Humidity Sensor,2020/12/01 5:45 AM,64.5,65.0,52.5,63.7,,,29.8,,,,,,,,,,,,,
In home  (w/display),Temp & Humidity Sensor,2020/12/01 5:50 AM,64.5,65.0,52.5,63.7,,,29.8,,,,,,,,,,,,,
In home  (w/display),Temp & Humidity Sensor,2020/12/01 5:55 AM,64.9,65.0,52.8,64.1,,,29.8,,,,,,,,,,,,,
In home  (w/display),Temp & Humidity Sensor,2020/12/01 6:00 AM,65.4,64.0,52.9,64.6,,,29.8,,,,,,,,,,,,,
In home  (w/display),Temp & Humidity Sensor,2020/12/01 6:05 AM,66.0,64.0,53.5,65.3,,,29.81,,,,,,,,,,,,,
In home  (w/display),Temp & Humidity Sensor,2020/12/01 6:10 AM,66.3,63.0,53.3,65.6,,,29.81,,,,,,,,,,,,,
In home  (w/display),Temp & Humidity Sensor,2020/12/01 6:15 AM,66.3,62.0,52.9,65.5,,,29.81,,,,,,,,,,,,,
In home  (w/display),Temp & Humidity Sensor,2020/12/01 6:20 AM,66.3,60.0,52.0,65.4,,,29.81,,,,,,,,,,,,,
In home  (w/display),Temp & Humidity Sensor,2020/12/01 6:25 AM,66.3,60.0,52.0,65.4,,,29.82,,,,,,,,,,,,,
In home  (w/display),Temp & Humidity Sensor,2020/12/01 6:30 AM,66.5,60.0,52.2,65.7,,,29.82,,,,,,,,,,,,,
In home  (w/display),Temp & Humidity Sensor,2020/12/01 6:35 AM,66.7,60.0,52.4,65.9,,,29.82,,,,,,,,,,,,,
In home  (w/display),Temp & Humidity Sensor,2020/12/01 6:40 AM,66.7,59.0,51.9,65.8,,,29.83,,,,,,,,,,,,,
In home  (w/display),Temp & Humidity Sensor,2020/12/01 6:45 AM,66.9,59.0,52.1,66.1,,,29.83,,,,,,,,,,,,,
In home  (w/display),Temp & Humidity Sensor,2020/12/01 6:50 AM,66.9,59.0,52.1,66.1,,,29.83,,,,,,,,,,,,,
In home  (w/display),Temp & Humidity Sensor,2020/12/01 6:55 AM,66.9,59.0,52.1,66.1,,,29.83,,,,,,,,,,,,,
In home  (w/display),Temp & Humidity Sensor,2020/12/01 7:00 AM,66.7,59.0,51.9,65.8,,,29.84,,,,,,,,,,,,,
In home  (w/display),Temp & Humidity Sensor,2020/12/01 7:05 AM,66.9,58.0,51.6,66.0,,,29.84,,,,,,,,,,,,,
In home  (w/display),Temp & Humidity Sensor,2020/12/01 7:10 AM,66.7,58.0,51.4,65.8,,,29.84,,,,,,,,,,,,,
In home  (w/display),Temp & Humidity Sensor,2020/12/01 7:15 AM,66.9,59.0,52.1,66.1,,,29.85,,,,,,,,,,,,,
In home  (w/display),Temp & Humidity Sensor,2020/12/01 7:20 AM,67.1,58.0,51.8,66.2,,,29.85,,,,,,,,,,,,,
In home  (w/display),Temp & Humidity Sensor,2020/12/01 7:25 AM,66.9,58.0,51.6,66.0,,,29.85,,,,,,,,,,,,,
In home  (w/display),Temp & Humidity Sensor,2020/12/01 7:30 AM,66.9,58.0,51.6,66.0,,,29.85,,,,,,,,,,,,,
In home  (w/display),Temp & Humidity Sensor,2020/12/01 7:35 AM,67.1,58.0,51.8,66.2,,,29.86,,,,,,,,,,,,,
In home  (w/display),Temp & Humidity Sensor,2020/12/01 7:40 AM,67.1,59.0,52.3,66.3,,,29.86,,,,,,,,,,,,,
In home  (w/display),Temp & Humidity Sensor,2020/12/01 7:45 AM,66.9,59.0,52.1,66.1,,,29.86,,,,,,,,,,,,,
In home  (w/display),Temp & Humidity Sensor,2020/12/01 7:50 AM,66.7,59.0,51.9,65.8,,,29.87,,,,,,,,,,,,,
In home  (w/display),Temp & Humidity Sensor,2020/12/01 7:55 AM,66.5,59.0,51.7,65.6,,,29.87,,,,,,,,,,,,,
In home  (w/display),Temp & Humidity Sensor,2020/12/01 8:00 AM,66.7,59.0,51.9,65.8,,,29.87,,,,,,,,,,,,,
In home  (w/display),Temp & Humidity Sensor,2020/12/01 8:05 AM,66.9,59.0,52.1,66.1,,,29.87,,,,,,,,,,,,,
In home  (w/display),Temp & Humidity Sensor,2020/12/01 8:10 AM,66.7,59.0,51.9,65.8,,,29.87,,,,,,,,,,,,,
In home  (w/display),Temp & Humidity Sensor,2020/12/01 8:15 AM,66.5,59.0,51.7,65.6,,,29.88,,,,,,,,,,,,,
In home  (w/display),Temp & Humidity Sensor,2020/12/01 8:20 AM,66.3,60.0,52.0,65.4,,,29.88,,,,,,,,,,,,,
In home  (w/display),Temp & Humidity Sensor,2020/12/01 8:25 AM,66.3,60.0,52.0,65.4,,,29.88,,,,,,,,,,,,,
In home  (w/display),Temp & Humidity Sensor,2020/12/01 8:30 AM,66.2,60.0,51.9,65.3,,,29.88,,,,,,,,,,,,,
In home  (w/display),Temp & Humidity Sensor,2020/12/01 8:35 AM,66.0,61.0,52.2,65.2,,,29.89,,,,,,,,,,,,,
In home  (w/display),Temp & Humidity Sensor,2020/12/01 8:40 AM,66.0,61.0,52.2,65.2,,,29.89,,,,,,,,,,,,,
In home  (w/display),Temp & Humidity Sensor,2020/12/01 8:45 AM,65.8,61.0,52.0,64.9,,,29.89,,,,,,,,,,,,,
In home  (w/display),Temp & Humidity Sensor,2020/12/01 8:50 AM,65.8,61.0,52.0,64.9,,,29.9,,,,,,,,,,,,,
In home  (w/display),Temp & Humidity Sensor,2020/12/01 8:55 AM,65.6,61.0,51.8,64.7,,,29.9,,,,,,,,,,,,,
In home  (w/display),Temp & Humidity Sensor,2020/12/01 9:00 AM,65.4,61.0,51.6,64.5,,,29.9,,,,,,,,,,,,,
In home  (w/display),Temp & Humidity Sensor,2020/12/01 9:05 AM,65.4,61.0,51.6,64.5,,,29.9,,,,,,,,,,,,,
In home  (w/display),Temp & Humidity Sensor,2020/12/01 9:10 AM,65.4,61.0,51.6,64.5,,,29.9,,,,,,,,,,,,,
In home  (w/display),Temp & Humidity Sensor,2020/12/01 9:15 AM,65.3,61.0,51.5,64.4,,,29.9,,,,,,,,,,,,,
In home  (w/display),Temp & Humidity Sensor,2020/12/01 9:20 AM,65.3,61.0,51.5,64.4,,,29.91,,,,,,,,,,,,,
In home  (w/display),Temp & Humidity Sensor,2020/12/01 9:25 AM,65.3,61.0,51.5,64.4,,,29.91,,,,,,,,,,,,,
In home  (w/display),Temp & Humidity Sensor,2020/12/01 9:30 AM,65.3,61.0,51.5,64.4,,,29.91,,,,,,,,,,,,,
In home  (w/display),Temp & Humidity Sensor,2020/12/01 9:35 AM,65.3,61.0,51.5,64.4,,,29.92,,,,,,,,,,,,,
In home  (w/display),Temp & Humidity Sensor,2020/12/01 9:40 AM,65.3,61.0,51.5,64.4,,,29.92,,,,,,,,,,,,,
In home  (w/display),Temp & Humidity Sensor,2020/12/01 9:45 AM,65.3,61.0,51.5,64.4,,,29.92,,,,,,,,,,,,,
In home  (w/display),Temp & Humidity Sensor,2020/12/01 9:50 AM,65.1,61.0,51.3,64.2,,,29.92,,,,,,,,,,,,,
In home  (w/display),Temp & Humidity Sensor,2020/12/01 9:55 AM,65.1,61.0,51.3,64.2,,,29.92,,,,,,,,,,,,,
In home  (w/display),Temp & Humidity Sensor,2020/12/01 10:00 AM,64.9,61.0,51.1,64.0,,,29.92,,,,,,,,,,,,,
In home  (w/display),Temp & Humidity Sensor,2020/12/01 10:05 AM,64.9,61.0,51.1,64.0,,,29.93,,,,,,,,,,,,,
In home  (w/display),Temp & Humidity Sensor,2020/12/01 10:10 AM,65.3,61.0,51.5,64.4,,,29.93,,,,,,,,,,,,,
In home  (w/display),Temp & Humidity Sensor,2020/12/01 10:15 AM,65.4,61.0,51.6,64.5,,,29.93,,,,,,,,,,,,,
In home  (w/display),Temp & Humidity Sensor,2020/12/01 10:20 AM,65.4,61.0,51.6,64.5,,,29.93,,,,,,,,,,,,,
In home  (w/display),Temp & Humidity Sensor,2020/12/01 10:25 AM,65.3,61.0,51.5,64.4,,,29.93,,,,,,,,,,,,,
In home  (w/display),Temp & Humidity Sensor,2020/12/01 10:35 AM,65.3,61.0,51.5,64.4,,,29.93,,,,,,,,,,,,,
In home  (w/display),Temp & Humidity Sensor,2020/12/01 10:40 AM,65.3,61.0,51.5,64.4,,,29.93,,,,,,,,,,,,,
In home  (w/display),Temp & Humidity Sensor,2020/12/01 10:45 AM,65.4,61.0,51.6,64.5,,,29.93,,,,,,,,,,,,,
In home  (w/display),Temp & Humidity Sensor,2020/12/01 10:50 AM,65.4,61.0,51.6,64.5,,,29.93,,,,,,,,,,,,,
In home  (w/display),Temp & Humidity Sensor,2020/12/01 10:55 AM,65.3,61.0,51.5,64.4,,,29.93,,,,,,,,,,,,,
In home  (w/display),Temp & Humidity Sensor,2020/12/01 11:00 AM,65.3,61.0,51.5,64.4,,,29.94,,,,,,,,,,,,,
In home  (w/display),Temp & Humidity Sensor,2020/12/01 11:05 AM,65.3,61.0,51.5,64.4,,,29.93,,,,,,,,,,,,,
In home  (w/display),Temp & Humidity Sensor,2020/12/01 11:10 AM,65.3,61.0,51.5,64.4,,,29.93,,,,,,,,,,,,,
In home  (w/display),Temp & Humidity Sensor,2020/12/01 11:15 AM,65.4,61.0,51.6,64.5,,,29.94,,,,,,,,,,,,,
In home  (w/display),Temp & Humidity Sensor,2020/12/01 11:20 AM,65.4,61.0,51.6,64.5,,,29.94,,,,,,,,,,,,,
In home  (w/display),Temp & Humidity Sensor,2020/12/01 11:25 AM,65.4,61.0,51.6,64.5,,,29.94,,,,,,,,,,,,,
In home  (w/display),Temp & Humidity Sensor,2020/12/01 11:30 AM,65.3,61.0,51.5,64.4,,,29.94,,,,,,,,,,,,,
In home  (w/display),Temp & Humidity Sensor,2020/12/01 11:35 AM,65.3,61.0,51.5,64.4,,,29.94,,,,,,,,,,,,,
In home  (w/display),Temp & Humidity Sensor,2020/12/01 11:40 AM,65.3,61.0,51.5,64.4,,,29.94,,,,,,,,,,,,,
In home  (w/display),Temp & Humidity Sensor,2020/12/01 11:45 AM,65.4,61.0,51.6,64.5,,,29.94,,,,,,,,,,,,,
In home  (w/display),Temp & Humidity Sensor,2020/12/01 11:50 AM,65.6,61.0,51.8,64.7,,,29.93,,,,,,,,,,,,,
In home  (w/display),Temp & Humidity Sensor,2020/12/01 11:55 AM,65.4,61.0,51.6,64.5,,,29.93,,,,,,,,,,,,,
In home  (w/display),Temp & Humidity Sensor,2020/12/01 12:00 PM,65.4,61.0,51.6,64.5,,,29.93,,,,,,,,,,,,,
In home  (w/display),Temp & Humidity Sensor,2020/12/01 12:05 PM,65.4,61.0,51.6,64.5,,,29.93,,,,,,,,,,,,,
In home  (w/display),Temp & Humidity Sensor,2020/12/01 12:10 PM,65.3,61.0,51.5,64.4,,,29.93,,,,,,,,,,,,,
In home  (w/display),Temp & Humidity Sensor,2020/12/01 12:15 PM,65.3,61.0,51.5,64.4,,,29.93,,,,,,,,,,,,,
In home  (w/display),Temp & Humidity Sensor,2020/12/01 12:20 PM,65.4,61.0,51.6,64.5,,,29.93,,,,,,,,,,,,,
In home  (w/display),Temp & Humidity Sensor,2020/12/01 12:25 PM,65.6,61.0,51.8,64.7,,,29.93,,,,,,,,,,,,,
In home  (w/display),Temp & Humidity Sensor,2020/12/01 12:30 PM,65.4,61.0,51.6,64.5,,,29.93,,,,,,,,,,,,,
In home  (w/display),Temp & Humidity Sensor,2020/12/01 12:35 PM,65.4,60.0,51.1,64.5,,,29.93,,,,,,,,,,,,,
In home  (w/display),Temp & Humidity Sensor,2020/12/01 12:40 PM,65.4,61.0,51.6,64.5,,,29.93,,,,,,,,,,,,,
In home  (w/display),Temp & Humidity Sensor,2020/12/01 12:45 PM,65.3,60.0,51.1,64.3,,,29.93,,,,,,,,,,,,,
In home  (w/display),Temp & Humidity Sensor,2020/12/01 12:50 PM,65.3,60.0,51.1,64.3,,,29.93,,,,,,,,,,,,,
In home  (w/display),Temp & Humidity Sensor,2020/12/01 12:55 PM,65.4,61.0,51.6,64.5,,,29.93,,,,,,,,,,,,,
In home  (w/display),Temp & Humidity Sensor,2020/12/01 1:00 PM,65.8,60.0,51.5,64.9,,,29.93,,,,,,,,,,,,,
In home  (w/display),Temp & Humidity Sensor,2020/12/01 1:05 PM,65.8,60.0,51.5,64.9,,,29.93,,,,,,,,,,,,,
In home  (w/display),Temp & Humidity Sensor,2020/12/01 1:10 PM,65.6,60.0,51.3,64.7,,,29.93,,,,,,,,,,,,,
In home  (w/display),Temp & Humidity Sensor,2020/12/01 1:15 PM,65.4,60.0,51.1,64.5,,,29.94,,,,,,,,,,,,,
In home  (w/display),Temp & Humidity Sensor,2020/12/01 1:20 PM,65.4,60.0,51.1,64.5,,,29.94,,,,,,,,,,,,,
In home  (w/display),Temp & Humidity Sensor,2020/12/01 1:25 PM,65.4,60.0,51.1,64.5,,,29.94,,,,,,,,,,,,,
In home  (w/display),Temp & Humidity Sensor,2020/12/01 1:30 PM,65.3,60.0,51.1,64.3,,,29.94,,,,,,,,,,,,,
In home  (w/display),Temp & Humidity Sensor,2020/12/01 1:35 PM,65.4,60.0,51.1,64.5,,,29.94,,,,,,,,,,,,,
In home  (w/display),Temp & Humidity Sensor,2020/12/01 1:40 PM,65.6,60.0,51.3,64.7,,,29.94,,,,,,,,,,,,,
In home  (w/display),Temp & Humidity Sensor,2020/12/01 1:45 PM,65.4,60.0,51.1,64.5,,,29.94,,,,,,,,,,,,,
In home  (w/display),Temp & Humidity Sensor,2020/12/01 1:50 PM,65.4,60.0,51.1,64.5,,,29.94,,,,,,,,,,,,,
In home  (w/display),Temp & Humidity Sensor,2020/12/01 1:55 PM,65.4,60.0,51.1,64.5,,,29.94,,,,,,,,,,,,,
In home  (w/display),Temp & Humidity Sensor,2020/12/01 2:00 PM,65.4,60.0,51.1,64.5,,,29.94,,,,,,,,,,,,,
In home  (w/display),Temp & Humidity Sensor,2020/12/01 2:05 PM,65.3,60.0,51.1,64.3,,,29.94,,,,,,,,,,,,,
In home  (w/display),Temp & Humidity Sensor,2020/12/01 2:10 PM,65.4,60.0,51.1,64.5,,,29.95,,,,,,,,,,,,,
In home  (w/display),Temp & Humidity Sensor,2020/12/01 2:15 PM,65.6,60.0,51.3,64.7,,,29.95,,,,,,,,,,,,,
In home  (w/display),Temp & Humidity Sensor,2020/12/01 2:20 PM,65.6,60.0,51.3,64.7,,,29.95,,,,,,,,,,,,,
In home  (w/display),Temp & Humidity Sensor,2020/12/01 2:25 PM,65.4,60.0,51.1,64.5,,,29.95,,,,,,,,,,,,,
In home  (w/display),Temp & Humidity Sensor,2020/12/01 2:30 PM,65.4,60.0,51.1,64.5,,,29.94,,,,,,,,,,,,,
In home  (w/display),Temp & Humidity Sensor,2020/12/01 2:35 PM,65.4,60.0,51.1,64.5,,,29.95,,,,,,,,,,,,,
In home  (w/display),Temp & Humidity Sensor,2020/12/01 2:40 PM,65.4,60.0,51.1,64.5,,,29.95,,,,,,,,,,,,,
In home  (w/display),Temp & Humidity Sensor,2020/12/01 2:45 PM,65.4,60.0,51.1,64.5,,,29.95,,,,,,,,,,,,,
In home  (w/display),Temp & Humidity Sensor,2020/12/01 2:50 PM,65.6,60.0,51.3,64.7,,,29.95,,,,,,,,,,,,,
In home  (w/display),Temp & Humidity Sensor,2020/12/01 2:55 PM,65.6,60.0,51.3,64.7,,,29.95,,,,,,,,,,,,,
In home  (w/display),Temp & Humidity Sensor,2020/12/01 3:00 PM,65.4,60.0,51.1,64.5,,,29.95,,,,,,,,,,,,,
In home  (w/display),Temp & Humidity Sensor,2020/12/01 3:05 PM,65.4,60.0,51.1,64.5,,,29.96,,,,,,,,,,,,,
In home  (w/display),Temp & Humidity Sensor,2020/12/01 3:10 PM,65.4,60.0,51.1,64.5,,,29.96,,,,,,,,,,,,,
In home  (w/display),Temp & Humidity Sensor,2020/12/01 3:15 PM,65.4,60.0,51.1,64.5,,,29.96,,,,,,,,,,,,,
In home  (w/display),Temp & Humidity Sensor,2020/12/01 3:20 PM,65.6,60.0,51.3,64.7,,,29.96,,,,,,,,,,,,,
In home  (w/display),Temp & Humidity Sensor,2020/12/01 3:25 PM,65.6,60.0,51.3,64.7,,,29.96,,,,,,,,,,,,,
In home  (w/display),Temp & Humidity Sensor,2020/12/01 3:30 PM,65.4,60.0,51.1,64.5,,,29.96,,,,,,,,,,,,,
In home  (w/display),Temp & Humidity Sensor,2020/12/01 3:35 PM,65.4,60.0,51.1,64.5,,,29.96,,,,,,,,,,,,,
In home  (w/display),Temp & Humidity Sensor,2020/12/01 3:40 PM,65.4,60.0,51.1,64.5,,,29.97,,,,,,,,,,,,,
In home  (w/display),Temp & Humidity Sensor,2020/12/01 3:45 PM,65.3,60.0,51.1,64.3,,,29.97,,,,,,,,,,,,,
In home  (w/display),Temp & Humidity Sensor,2020/12/01 3:50 PM,65.4,60.0,51.1,64.5,,,29.97,,,,,,,,,,,,,
In home  (w/display),Temp & Humidity Sensor,2020/12/01 3:55 PM,65.6,60.0,51.3,64.7,,,29.97,,,,,,,,,,,,,
In home  (w/display),Temp & Humidity Sensor,2020/12/01 4:00 PM,65.6,60.0,51.3,64.7,,,29.97,,,,,,,,,,,,,
In home  (w/display),Temp & Humidity Sensor,2020/12/01 4:05 PM,65.4,60.0,51.1,64.5,,,29.98,,,,,,,,,,,,,
In home  (w/display),Temp & Humidity Sensor,2020/12/01 4:10 PM,65.4,60.0,51.1,64.5,,,29.98,,,,,,,,,,,,,
In home  (w/display),Temp & Humidity Sensor,2020/12/01 4:15 PM,65.3,60.0,51.1,64.3,,,29.97,,,,,,,,,,,,,
In home  (w/display),Temp & Humidity Sensor,2020/12/01 4:20 PM,65.3,60.0,51.1,64.3,,,29.98,,,,,,,,,,,,,
In home  (w/display),Temp & Humidity Sensor,2020/12/01 4:25 PM,65.4,60.0,51.1,64.5,,,29.98,,,,,,,,,,,,,
In home  (w/display),Temp & Humidity Sensor,2020/12/01 4:30 PM,65.4,60.0,51.1,64.5,,,29.98,,,,,,,,,,,,,
In home  (w/display),Temp & Humidity Sensor,2020/12/01 4:35 PM,65.4,60.0,51.1,64.5,,,29.98,,,,,,,,,,,,,
In home  (w/display),Temp & Humidity Sensor,2020/12/01 4:40 PM,65.4,60.0,51.1,64.5,,,29.98,,,,,,,,,,,,,
In home  (w/display),Temp & Humidity Sensor,2020/12/01 4:45 PM,65.3,60.0,51.1,64.3,,,29.99,,,,,,,,,,,,,
In home  (w/display),Temp & Humidity Sensor,2020/12/01 4:50 PM,65.3,60.0,51.1,64.3,,,29.99,,,,,,,,,,,,,
In home  (w/display),Temp & Humidity Sensor,2020/12/01 4:55 PM,65.3,60.0,51.1,64.3,,,29.99,,,,,,,,,,,,,
In home  (w/display),Temp & Humidity Sensor,2020/12/01 5:00 PM,65.4,60.0,51.1,64.5,,,29.99,,,,,,,,,,,,,
In home  (w/display),Temp & Humidity Sensor,2020/12/01 5:05 PM,65.4,60.0,51.1,64.5,,,29.99,,,,,,,,,,,,,
In home  (w/display),Temp & Humidity Sensor,2020/12/01 5:10 PM,65.3,60.0,51.1,64.3,,,30.0,,,,,,,,,,,,,
In home  (w/display),Temp & Humidity Sensor,2020/12/01 5:15 PM,65.3,60.0,51.1,64.3,,,30.0,,,,,,,,,,,,,
In home  (w/display),Temp & Humidity Sensor,2020/12/01 5:20 PM,65.3,60.0,51.1,64.3,,,30.0,,,,,,,,,,,,,
In home  (w/display),Temp & Humidity Sensor,2020/12/01 5:25 PM,65.3,60.0,51.1,64.3,,,30.01,,,,,,,,,,,,,
In home  (w/display),Temp & Humidity Sensor,2020/12/01 5:30 PM,65.3,60.0,51.1,64.3,,,30.01,,,,,,,,,,,,,
In home  (w/display),Temp & Humidity Sensor,2020/12/01 5:35 PM,65.4,60.0,51.1,64.5,,,30.01,,,,,,,,,,,,,
In home  (w/display),Temp & Humidity Sensor,2020/12/01 5:40 PM,65.4,60.0,51.1,64.5,,,30.02,,,,,,,,,,,,,
In home  (w/display),Temp & Humidity Sensor,2020/12/01 5:45 PM,65.4,60.0,51.1,64.5,,,30.02,,,,,,,,,,,,,
In home  (w/display),Temp & Humidity Sensor,2020/12/01 5:50 PM,65.4,60.0,51.1,64.5,,,30.02,,,,,,,,,,,,,
In home  (w/display),Temp & Humidity Sensor,2020/12/01 5:55 PM,65.4,60.0,51.1,64.5,,,30.02,,,,,,,,,,,,,
In home  (w/display),Temp & Humidity Sensor,2020/12/01 6:00 PM,65.4,59.0,50.7,64.4,,,30.03,,,,,,,,,,,,,
In home  (w/display),Temp & Humidity Sensor,2020/12/01 6:05 PM,65.6,59.0,50.9,64.6,,,30.03,,,,,,,,,,,,,
In home  (w/display),Temp & Humidity Sensor,2020/12/01 6:10 PM,65.6,59.0,50.9,64.6,,,30.03,,,,,,,,,,,,,
In home  (w/display),Temp & Humidity Sensor,2020/12/01 6:15 PM,65.4,59.0,50.7,64.4,,,30.03,,,,,,,,,,,,,
In home  (w/display),Temp & Humidity Sensor,2020/12/01 6:20 PM,65.4,59.0,50.7,64.4,,,30.03,,,,,,,,,,,,,
In home  (w/display),Temp & Humidity Sensor,2020/12/01 6:25 PM,65.4,59.0,50.7,64.4,,,30.03,,,,,,,,,,,,,
In home  (w/display),Temp & Humidity Sensor,2020/12/01 6:30 PM,65.6,59.0,50.9,64.6,,,30.03,,,,,,,,,,,,,
In home  (w/display),Temp & Humidity Sensor,2020/12/01 6:35 PM,65.8,59.0,51.1,64.9,,,30.04,,,,,,,,,,,,,
In home  (w/display),Temp & Humidity Sensor,2020/12/01 6:40 PM,65.8,59.0,51.1,64.9,,,30.04,,,,,,,,,,,,,
In home  (w/display),Temp & Humidity Sensor,2020/12/01 6:45 PM,66.0,59.0,51.3,65.1,,,30.05,,,,,,,,,,,,,
In home  (w/display),Temp & Humidity Sensor,2020/12/01 6:50 PM,66.3,58.0,51.1,65.4,,,30.05,,,,,,,,,,,,,
In home  (w/display),Temp & Humidity Sensor,2020/12/01 6:55 PM,66.7,58.0,51.4,65.8,,,30.05,,,,,,,,,,,,,
In home  (w/display),Temp & Humidity Sensor,2020/12/01 7:00 PM,67.1,58.0,51.8,66.2,,,30.05,,,,,,,,,,,,,
In home  (w/display),Temp & Humidity Sensor,2020/12/01 7:05 PM,67.1,58.0,51.8,66.2,,,30.05,,,,,,,,,,,,,
In home  (w/display),Temp & Humidity Sensor,2020/12/01 7:10 PM,66.9,58.0,51.6,66.0,,,30.06,,,,,,,,,,,,,
In home  (w/display),Temp & Humidity Sensor,2020/12/01 7:15 PM,67.1,58.0,51.8,66.2,,,30.06,,,,,,,,,,,,,
In home  (w/display),Temp & Humidity Sensor,2020/12/01 7:20 PM,67.1,58.0,51.8,66.2,,,30.06,,,,,,,,,,,,,
In home  (w/display),Temp & Humidity Sensor,2020/12/01 7:25 PM,67.1,58.0,51.8,66.2,,,30.06,,,,,,,,,,,,,
In home  (w/display),Temp & Humidity Sensor,2020/12/01 7:30 PM,66.9,58.0,51.6,66.0,,,30.06,,,,,,,,,,,,,
In home  (w/display),Temp & Humidity Sensor,2020/12/01 7:35 PM,67.1,58.0,51.8,66.2,,,30.06,,,,,,,,,,,,,
In home  (w/display),Temp & Humidity Sensor,2020/12/01 7:40 PM,67.2,57.0,51.4,66.3,,,30.06,,,,,,,,,,,,,
In home  (w/display),Temp & Humidity Sensor,2020/12/01 7:45 PM,67.1,58.0,51.8,66.2,,,30.06,,,,,,,,,,,,,
In home  (w/display),Temp & Humidity Sensor,2020/12/01 7:50 PM,66.9,57.0,51.2,66.0,,,30.06,,,,,,,,,,,,,
In home  (w/display),Temp & Humidity Sensor,2020/12/01 7:55 PM,67.1,57.0,51.3,66.2,,,30.07,,,,,,,,,,,,,
In home  (w/display),Temp & Humidity Sensor,2020/12/01 8:00 PM,67.2,57.0,51.4,66.3,,,30.07,,,,,,,,,,,,,
In home  (w/display),Temp & Humidity Sensor,2020/12/01 8:05 PM,67.2,57.0,51.4,66.3,,,30.07,,,,,,,,,,,,,
In home  (w/display),Temp & Humidity Sensor,2020/12/01 8:10 PM,67.1,57.0,51.3,66.2,,,30.07,,,,,,,,,,,,,
In home  (w/display),Temp & Humidity Sensor,2020/12/01 8:15 PM,67.1,58.0,51.8,66.2,,,30.07,,,,,,,,,,,,,
In home  (w/display),Temp & Humidity Sensor,2020/12/01 8:20 PM,67.4,58.0,52.1,66.6,,,30.07,,,,,,,,,,,,,
In home  (w/display),Temp & Humidity Sensor,2020/12/01 8:25 PM,67.2,58.0,51.9,66.3,,,30.07,,,,,,,,,,,,,
In home  (w/display),Temp & Humidity Sensor,2020/12/01 8:30 PM,67.2,58.0,51.9,66.3,,,30.07,,,,,,,,,,,,,
In home  (w/display),Temp & Humidity Sensor,2020/12/01 8:35 PM,67.2,58.0,51.9,66.3,,,30.07,,,,,,,,,,,,,
In home  (w/display),Temp & Humidity Sensor,2020/12/01 8:40 PM,67.4,58.0,52.1,66.6,,,30.07,,,,,,,,,,,,,
In home  (w/display),Temp & Humidity Sensor,2020/12/01 8:45 PM,67.4,58.0,52.1,66.6,,,30.07,,,,,,,,,,,,,
In home  (w/display),Temp & Humidity Sensor,2020/12/01 8:50 PM,67.2,58.0,51.9,66.3,,,30.08,,,,,,,,,,,,,
In home  (w/display),Temp & Humidity Sensor,2020/12/01 8:55 PM,67.2,58.0,51.9,66.3,,,30.08,,,,,,,,,,,,,
In home  (w/display),Temp & Humidity Sensor,2020/12/01 9:00 PM,67.4,58.0,52.1,66.6,,,30.08,,,,,,,,,,,,,
In home  (w/display),Temp & Humidity Sensor,2020/12/01 9:05 PM,67.6,58.0,52.3,66.8,,,30.08,,,,,,,,,,,,,
In home  (w/display),Temp & Humidity Sensor,2020/12/01 9:10 PM,67.2,58.0,51.9,66.3,,,30.08,,,,,,,,,,,,,
In home  (w/display),Temp & Humidity Sensor,2020/12/01 9:15 PM,67.2,58.0,51.9,66.3,,,30.08,,,,,,,,,,,,,
In home  (w/display),Temp & Humidity Sensor,2020/12/01 9:20 PM,67.6,58.0,52.3,66.8,,,30.08,,,,,,,,,,,,,
In home  (w/display),Temp & Humidity Sensor,2020/12/01 9:25 PM,67.6,58.0,52.3,66.8,,,30.08,,,,,,,,,,,,,
In home  (w/display),Temp & Humidity Sensor,2020/12/01 9:30 PM,67.6,58.0,52.3,66.8,,,30.08,,,,,,,,,,,,,
In home  (w/display),Temp & Humidity Sensor,2020/12/01 9:35 PM,67.6,58.0,52.3,66.8,,,30.08,,,,,,,,,,,,,
In home  (w/display),Temp & Humidity Sensor,2020/12/01 9:40 PM,67.6,58.0,52.3,66.8,,,30.08,,,,,,,,,,,,,
In home  (w/display),Temp & Humidity Sensor,2020/12/01 9:45 PM,67.6,57.0,51.8,66.7,,,30.08,,,,,,,,,,,,,
In home  (w/display),Temp & Humidity Sensor,2020/12/01 9:50 PM,67.6,57.0,51.8,66.7,,,30.08,,,,,,,,,,,,,
In home  (w/display),Temp & Humidity Sensor,2020/12/01 9:55 PM,67.6,57.0,51.8,66.7,,,30.08,,,,,,,,,,,,,
In home  (w/display),Temp & Humidity Sensor,2020/12/01 10:00 PM,67.6,57.0,51.8,66.7,,,30.08,,,,,,,,,,,,,
In home  (w/display),Temp & Humidity Sensor,2020/12/01 10:05 PM,67.6,57.0,51.8,66.7,,,30.09,,,,,,,,,,,,,
In home  (w/display),Temp & Humidity Sensor,2020/12/01 10:10 PM,67.6,57.0,51.8,66.7,,,30.09,,,,,,,,,,,,,
In home  (w/display),Temp & Humidity Sensor,2020/12/01 10:15 PM,67.4,57.0,51.6,66.5,,,30.09,,,,,,,,,,,,,
In home  (w/display),Temp & Humidity Sensor,2020/12/01 10:20 PM,67.2,57.0,51.4,66.3,,,30.1,,,,,,,,,,,,,
In home  (w/display),Temp & Humidity Sensor,2020/12/01 10:25 PM,67.1,57.0,51.3,66.2,,,30.09,,,,,,,,,,,,,
In home  (w/display),Temp & Humidity Sensor,2020/12/01 10:30 PM,67.1,57.0,51.3,66.2,,,30.1,,,,,,,,,,,,,
In home  (w/display),Temp & Humidity Sensor,2020/12/01 10:35 PM,66.9,57.0,51.2,66.0,,,30.1,,,,,,,,,,,,,
In home  (w/display),Temp & Humidity Sensor,2020/12/01 10:40 PM,66.7,57.0,51.0,65.7,,,30.1,,,,,,,,,,,,,
In home  (w/display),Temp & Humidity Sensor,2020/12/01 10:45 PM,66.7,57.0,51.0,65.7,,,30.1,,,,,,,,,,,,,
In home  (w/display),Temp & Humidity Sensor,2020/12/01 10:50 PM,66.5,57.0,50.8,65.5,,,30.1,,,,,,,,,,,,,
In home  (w/display),Temp & Humidity Sensor,2020/12/01 10:55 PM,66.3,57.0,50.6,65.3,,,30.1,,,,,,,,,,,,,
In home  (w/display),Temp & Humidity Sensor,2020/12/01 11:00 PM,66.3,57.0,50.6,65.3,,,30.1,,,,,,,,,,,,,
In home  (w/display),Temp & Humidity Sensor,2020/12/01 11:05 PM,66.2,57.0,50.5,65.2,,,30.1,,,,,,,,,,,,,
In home  (w/display),Temp & Humidity Sensor,2020/12/01 11:10 PM,66.2,57.0,50.5,65.2,,,30.11,,,,,,,,,,,,,
In home  (w/display),Temp & Humidity Sensor,2020/12/01 11:15 PM,66.0,58.0,50.8,65.0,,,30.11,,,,,,,,,,,,,
In home  (w/display),Temp & Humidity Sensor,2020/12/01 11:20 PM,66.0,59.0,51.3,65.1,,,30.11,,,,,,,,,,,,,
In home  (w/display),Temp & Humidity Sensor,2020/12/01 11:25 PM,66.0,59.0,51.3,65.1,,,30.11,,,,,,,,,,,,,
In home  (w/display),Temp & Humidity Sensor,2020/12/01 11:30 PM,65.8,59.0,51.1,64.9,,,30.11,,,,,,,,,,,,,
In home  (w/display),Temp & Humidity Sensor,2020/12/01 11:35 PM,65.8,59.0,51.1,64.9,,,30.11,,,,,,,,,,,,,
In home  (w/display),Temp & Humidity Sensor,2020/12/01 11:40 PM,65.8,59.0,51.1,64.9,,,30.12,,,,,,,,,,,,,
In home  (w/display),Temp & Humidity Sensor,2020/12/01 11:45 PM,65.8,59.0,51.1,64.9,,,30.12,,,,,,,,,,,,,
In home  (w/display),Temp & Humidity Sensor,2020/12/01 11:50 PM,65.6,59.0,50.9,64.6,,,30.12,,,,,,,,,,,,,
In home  (w/display),Temp & Humidity Sensor,2020/12/01 11:55 PM,65.6,59.0,50.9,64.6,,,30.12,,,,,,,,,,,,,
In home  (w/display),Temp & Humidity Sensor,2020/12/02 12:00 AM,65.6,59.0,50.9,64.6,,,30.12,,,,,,,,,,,,,
In home  (w/display),Temp & Humidity Sensor,2020/12/02 12:05 AM,65.4,59.0,50.7,64.4,,,30.12,,,,,,,,,,,,,
In home  (w/display),Temp & Humidity Sensor,2020/12/02 12:10 AM,65.4,59.0,50.7,64.4,,,30.12,,,,,,,,,,,,,
In home  (w/display),Temp & Humidity Sensor,2020/12/02 12:15 AM,65.4,59.0,50.7,64.4,,,30.12,,,,,,,,,,,,,
In home  (w/display),Temp & Humidity Sensor,2020/12/02 12:20 AM,65.3,59.0,50.6,64.3,,,30.12,,,,,,,,,,,,,
In home  (w/display),Temp & Humidity Sensor,2020/12/02 12:25 AM,65.3,59.0,50.6,64.3,,,30.12,,,,,,,,,,,,,
In home  (w/display),Temp & Humidity Sensor,2020/12/02 12:30 AM,65.1,59.0,50.4,64.1,,,30.12,,,,,,,,,,,,,
In home  (w/display),Temp & Humidity Sensor,2020/12/02 12:35 AM,64.9,59.0,50.2,63.9,,,30.12,,,,,,,,,,,,,
In home  (w/display),Temp & Humidity Sensor,2020/12/02 12:40 AM,64.9,59.0,50.2,63.9,,,30.12,,,,,,,,,,,,,
In home  (w/display),Temp & Humidity Sensor,2020/12/02 12:45 AM,64.9,59.0,50.2,63.9,,,30.12,,,,,,,,,,,,,
In home  (w/display),Temp & Humidity Sensor,2020/12/02 12:50 AM,64.7,59.0,50.0,63.6,,,30.12,,,,,,,,,,,,,
In home  (w/display),Temp & Humidity Sensor,2020/12/02 12:55 AM,64.5,59.0,49.8,63.4,,,30.12,,,,,,,,,,,,,
In home  (w/display),Temp & Humidity Sensor,2020/12/02 1:00 AM,64.5,59.0,49.8,63.4,,,30.12,,,,,,,,,,,,,
In home  (w/display),Temp & Humidity Sensor,2020/12/02 1:05 AM,64.5,59.0,49.8,63.4,,,30.12,,,,,,,,,,,,,
In home  (w/display),Temp & Humidity Sensor,2020/12/02 1:10 AM,64.5,59.0,49.8,63.4,,,30.12,,,,,,,,,,,,,
In home  (w/display),Temp & Humidity Sensor,2020/12/02 1:15 AM,64.4,59.0,49.8,63.3,,,30.12,,,,,,,,,,,,,
In home  (w/display),Temp & Humidity Sensor,2020/12/02 1:20 AM,64.4,59.0,49.8,63.3,,,30.12,,,,,,,,,,,,,
In home  (w/display),Temp & Humidity Sensor,2020/12/02 1:25 AM,64.2,59.0,49.6,63.1,,,30.12,,,,,,,,,,,,,
In home  (w/display),Temp & Humidity Sensor,2020/12/02 1:30 AM,64.2,59.0,49.6,63.1,,,30.12,,,,,,,,,,,,,
In home  (w/display),Temp & Humidity Sensor,2020/12/02 1:35 AM,64.2,59.0,49.6,63.1,,,30.12,,,,,,,,,,,,,
In home  (w/display),Temp & Humidity Sensor,2020/12/02 1:40 AM,64.2,59.0,49.6,63.1,,,30.13,,,,,,,,,,,,,
In home  (w/display),Temp & Humidity Sensor,2020/12/02 1:45 AM,64.0,59.0,49.4,62.9,,,30.13,,,,,,,,,,,,,
In home  (w/display),Temp & Humidity Sensor,2020/12/02 1:50 AM,64.0,59.0,49.4,62.9,,,30.13,,,,,,,,,,,,,
In home  (w/display),Temp & Humidity Sensor,2020/12/02 1:55 AM,64.0,59.0,49.4,62.9,,,30.13,,,,,,,,,,,,,
In home  (w/display),Temp & Humidity Sensor,2020/12/02 2:00 AM,63.8,59.0,49.2,62.7,,,30.14,,,,,,,,,,,,,
In home  (w/display),Temp & Humidity Sensor,2020/12/02 2:05 AM,63.6,59.0,49.0,62.4,,,30.14,,,,,,,,,,,,,
In home  (w/display),Temp & Humidity Sensor,2020/12/02 2:10 AM,63.6,59.0,49.0,62.4,,,30.14,,,,,,,,,,,,,
In home  (w/display),Temp & Humidity Sensor,2020/12/02 2:15 AM,63.6,59.0,49.0,62.4,,,30.14,,,,,,,,,,,,,
In home  (w/display),Temp & Humidity Sensor,2020/12/02 2:20 AM,63.6,59.0,49.0,62.4,,,30.13,,,,,,,,,,,,,
In home  (w/display),Temp & Humidity Sensor,2020/12/02 2:25 AM,63.5,59.0,48.9,62.3,,,30.13,,,,,,,,,,,,,
In home  (w/display),Temp & Humidity Sensor,2020/12/02 2:30 AM,63.5,59.0,48.9,62.3,,,30.14,,,,,,,,,,,,,
In home  (w/display),Temp & Humidity Sensor,2020/12/02 2:35 AM,63.5,59.0,48.9,62.3,,,30.14,,,,,,,,,,,,,
In home  (w/display),Temp & Humidity Sensor,2020/12/02 2:40 AM,63.5,59.0,48.9,62.3,,,30.14,,,,,,,,,,,,,
In home  (w/display),Temp & Humidity Sensor,2020/12/02 2:45 AM,63.5,59.0,48.9,62.3,,,30.15,,,,,,,,,,,,,
In home  (w/display),Temp & Humidity Sensor,2020/12/02 2:50 AM,63.3,60.0,49.2,62.1,,,30.15,,,,,,,,,,,,,
In home  (w/display),Temp & Humidity Sensor,2020/12/02 2:55 AM,63.3,60.0,49.2,62.1,,,30.15,,,,,,,,,,,,,
In home  (w/display),Temp & Humidity Sensor,2020/12/02 3:00 AM,63.1,60.0,49.0,61.9,,,30.15,,,,,,,,,,,,,
In home  (w/display),Temp & Humidity Sensor,2020/12/02 3:05 AM,63.1,60.0,49.0,61.9,,,30.15,,,,,,,,,,,,,
In home  (w/display),Temp & Humidity Sensor,2020/12/02 3:10 AM,63.1,59.0,48.5,61.9,,,30.15,,,,,,,,,,,,,
In home  (w/display),Temp & Humidity Sensor,2020/12/02 3:15 AM,63.1,59.0,48.5,61.9,,,30.15,,,,,,,,,,,,,
In home  (w/display),Temp & Humidity Sensor,2020/12/02 3:20 AM,62.9,59.0,48.3,61.7,,,30.15,,,,,,,,,,,,,
In home  (w/display),Temp & Humidity Sensor,2020/12/02 3:25 AM,62.9,60.0,48.8,61.7,,,30.15,,,,,,,,,,,,,
In home  (w/display),Temp & Humidity Sensor,2020/12/02 3:30 AM,62.9,59.0,48.3,61.7,,,30.15,,,,,,,,,,,,,
In home  (w/display),Temp & Humidity Sensor,2020/12/02 3:35 AM,62.7,59.0,48.2,61.4,,,30.15,,,,,,,,,,,,,
In home  (w/display),Temp & Humidity Sensor,2020/12/02 3:40 AM,62.7,59.0,48.2,61.4,,,30.15,,,,,,,,,,,,,
In home  (w/display),Temp & Humidity Sensor,2020/12/02 3:45 AM,62.7,59.0,48.2,61.4,,,30.15,,,,,,,,,,,,,
In home  (w/display),Temp & Humidity Sensor,2020/12/02 3:50 AM,62.6,59.0,48.1,61.3,,,30.15,,,,,,,,,,,,,
In home  (w/display),Temp & Humidity Sensor,2020/12/02 3:55 AM,62.6,59.0,48.1,61.3,,,30.15,,,,,,,,,,,,,
In home  (w/display),Temp & Humidity Sensor,2020/12/02 4:00 AM,62.6,59.0,48.1,61.3,,,30.15,,,,,,,,,,,,,
In home  (w/display),Temp & Humidity Sensor,2020/12/02 4:05 AM,62.6,59.0,48.1,61.3,,,30.15,,,,,,,,,,,,,
In home  (w/display),Temp & Humidity Sensor,2020/12/02 4:10 AM,62.4,59.0,47.9,61.1,,,30.15,,,,,,,,,,,,,
In home  (w/display),Temp & Humidity Sensor,2020/12/02 4:15 AM,62.4,59.0,47.9,61.1,,,30.16,,,,,,,,,,,,,
In home  (w/display),Temp & Humidity Sensor,2020/12/02 4:20 AM,62.4,59.0,47.9,61.1,,,30.16,,,,,,,,,,,,,
In home  (w/display),Temp & Humidity Sensor,2020/12/02 4:25 AM,62.4,59.0,47.9,61.1,,,30.16,,,,,,,,,,,,,
In home  (w/display),Temp & Humidity Sensor,2020/12/02 4:30 AM,62.2,59.0,47.7,60.9,,,30.16,,,,,,,,,,,,,
In home  (w/display),Temp & Humidity Sensor,2020/12/02 4:35 AM,62.2,59.0,47.7,60.9,,,30.16,,,,,,,,,,,,,
In home  (w/display),Temp & Humidity Sensor,2020/12/02 4:40 AM,62.2,59.0,47.7,60.9,,,30.16,,,,,,,,,,,,,
In home  (w/display),Temp & Humidity Sensor,2020/12/02 4:45 AM,62.2,59.0,47.7,60.9,,,30.16,,,,,,,,,,,,,
In home  (w/display),Temp & Humidity Sensor,2020/12/02 4:50 AM,62.2,59.0,47.7,60.9,,,30.17,,,,,,,,,,,,,
In home  (w/display),Temp & Humidity Sensor,2020/12/02 4:55 AM,62.0,59.0,47.5,60.7,,,30.17,,,,,,,,,,,,,
In home  (w/display),Temp & Humidity Sensor,2020/12/02 5:00 AM,62.0,59.0,47.5,60.7,,,30.17,,,,,,,,,,,,,
In home  (w/display),Temp & Humidity Sensor,2020/12/02 5:05 AM,62.0,59.0,47.5,60.7,,,30.17,,,,,,,,,,,,,
In home  (w/display),Temp & Humidity Sensor,2020/12/02 5:10 AM,62.2,59.0,47.7,60.9,,,30.17,,,,,,,,,,,,,
In home  (w/display),Temp & Humidity Sensor,2020/12/02 5:15 AM,62.4,59.0,47.9,61.1,,,30.17,,,,,,,,,,,,,
In home  (w/display),Temp & Humidity Sensor,2020/12/02 5:20 AM,62.7,59.0,48.2,61.4,,,30.17,,,,,,,,,,,,,
In home  (w/display),Temp & Humidity Sensor,2020/12/02 5:25 AM,63.1,59.0,48.5,61.9,,,30.17,,,,,,,,,,,,,
In home  (w/display),Temp & Humidity Sensor,2020/12/02 5:30 AM,63.5,58.0,48.5,62.3,,,30.18,,,,,,,,,,,,,
In home  (w/display),Temp & Humidity Sensor,2020/12/02 5:35 AM,63.6,58.0,48.5,62.4,,,30.18,,,,,,,,,,,,,
In home  (w/display),Temp & Humidity Sensor,2020/12/02 5:40 AM,63.8,58.0,48.7,62.6,,,30.18,,,,,,,,,,,,,
In home  (w/display),Temp & Humidity Sensor,2020/12/02 5:45 AM,64.0,58.0,48.9,62.8,,,30.18,,,,,,,,,,,,,
In home  (w/display),Temp & Humidity Sensor,2020/12/02 5:50 AM,64.2,58.0,49.1,63.0,,,30.18,,,,,,,,,,,,,
In home  (w/display),Temp & Humidity Sensor,2020/12/02 5:55 AM,64.5,57.0,48.9,63.3,,,30.19,,,,,,,,,,,,,
In home  (w/display),Temp & Humidity Sensor,2020/12/02 6:00 AM,64.5,57.0,48.9,63.3,,,30.19,,,,,,,,,,,,,
In home  (w/display),Temp & Humidity Sensor,2020/12/02 6:05 AM,64.5,57.0,48.9,63.3,,,30.19,,,,,,,,,,,,,
In home  (w/display),Temp & Humidity Sensor,2020/12/02 6:10 AM,64.7,57.0,49.1,63.5,,,30.2,,,,,,,,,,,,,
In home  (w/display),Temp & Humidity Sensor,2020/12/02 6:15 AM,64.9,57.0,49.3,63.8,,,30.2,,,,,,,,,,,,,
In home  (w/display),Temp & Humidity Sensor,2020/12/02 6:20 AM,65.1,57.0,49.5,64.0,,,30.19,,,,,,,,,,,,,
In home  (w/display),Temp & Humidity Sensor,2020/12/02 6:25 AM,65.3,57.0,49.7,64.2,,,30.2,,,,,,,,,,,,,
In home  (w/display),Temp & Humidity Sensor,2020/12/02 6:30 AM,65.4,57.0,49.8,64.3,,,30.2,,,,,,,,,,,,,
In home  (w/display),Temp & Humidity Sensor,2020/12/02 6:35 AM,65.6,57.0,49.9,64.5,,,30.2,,,,,,,,,,,,,
In home  (w/display),Temp & Humidity Sensor,2020/12/02 6:40 AM,65.8,57.0,50.1,64.8,,,30.21,,,,,,,,,,,,,
In home  (w/display),Temp & Humidity Sensor,2020/12/02 6:45 AM,65.8,56.0,49.7,64.7,,,30.21,,,,,,,,,,,,,
In home  (w/display),Temp & Humidity Sensor,2020/12/02 6:50 AM,66.0,56.0,49.8,64.9,,,30.21,,,,,,,,,,,,,
In home  (w/display),Temp & Humidity Sensor,2020/12/02 6:55 AM,66.0,56.0,49.8,64.9,,,30.21,,,,,,,,,,,,,
In home  (w/display),Temp & Humidity Sensor,2020/12/02 7:00 AM,66.0,56.0,49.8,64.9,,,30.21,,,,,,,,,,,,,
In home  (w/display),Temp & Humidity Sensor,2020/12/02 7:05 AM,66.0,56.0,49.8,64.9,,,30.21,,,,,,,,,,,,,
In home  (w/display),Temp & Humidity Sensor,2020/12/02 7:10 AM,66.0,56.0,49.8,64.9,,,30.21,,,,,,,,,,,,,
In home  (w/display),Temp & Humidity Sensor,2020/12/02 7:15 AM,66.0,56.0,49.8,64.9,,,30.21,,,,,,,,,,,,,
In home  (w/display),Temp & Humidity Sensor,2020/12/02 7:20 AM,66.2,55.0,49.5,65.1,,,30.21,,,,,,,,,,,,,
In home  (w/display),Temp & Humidity Sensor,2020/12/02 7:25 AM,66.0,56.0,49.8,64.9,,,30.21,,,,,,,,,,,,,
In home  (w/display),Temp & Humidity Sensor,2020/12/02 7:30 AM,66.0,56.0,49.8,64.9,,,30.21,,,,,,,,,,,,,
In home  (w/display),Temp & Humidity Sensor,2020/12/02 7:35 AM,66.0,56.0,49.8,64.9,,,30.21,,,,,,,,,,,,,
In home  (w/display),Temp & Humidity Sensor,2020/12/02 7:40 AM,66.2,55.0,49.5,65.1,,,30.21,,,,,,,,,,,,,
In home  (w/display),Temp & Humidity Sensor,2020/12/02 7:45 AM,66.3,55.0,49.6,65.2,,,30.21,,,,,,,,,,,,,
In home  (w/display),Temp & Humidity Sensor,2020/12/02 7:50 AM,66.5,55.0,49.8,65.4,,,30.21,,,,,,,,,,,,,
In home  (w/display),Temp & Humidity Sensor,2020/12/02 7:55 AM,66.7,55.0,50.0,65.7,,,30.21,,,,,,,,,,,,,
In home  (w/display),Temp & Humidity Sensor,2020/12/02 8:00 AM,66.7,55.0,50.0,65.7,,,30.22,,,,,,,,,,,,,
In home  (w/display),Temp & Humidity Sensor,2020/12/02 8:05 AM,66.9,55.0,50.2,65.9,,,30.22,,,,,,,,,,,,,
In home  (w/display),Temp & Humidity Sensor,2020/12/02 8:10 AM,66.7,55.0,50.0,65.7,,,30.22,,,,,,,,,,,,,
In home  (w/display),Temp & Humidity Sensor,2020/12/02 8:15 AM,66.3,55.0,49.6,65.2,,,30.22,,,,,,,,,,,,,
In home  (w/display),Temp & Humidity Sensor,2020/12/02 8:20 AM,66.2,55.0,49.5,65.1,,,30.22,,,,,,,,,,,,,
In home  (w/display),Temp & Humidity Sensor,2020/12/02 8:25 AM,66.3,55.0,49.6,65.2,,,30.22,,,,,,,,,,,,,
In home  (w/display),Temp & Humidity Sensor,2020/12/02 8:30 AM,66.3,55.0,49.6,65.2,,,30.22,,,,,,,,,,,,,
In home  (w/display),Temp & Humidity Sensor,2020/12/02 8:35 AM,66.2,55.0,49.5,65.1,,,30.22,,,,,,,,,,,,,
In home  (w/display),Temp & Humidity Sensor,2020/12/02 8:40 AM,66.0,56.0,49.8,64.9,,,30.23,,,,,,,,,,,,,
In home  (w/display),Temp & Humidity Sensor,2020/12/02 8:45 AM,66.2,55.0,49.5,65.1,,,30.23,,,,,,,,,,,,,
In home  (w/display),Temp & Humidity Sensor,2020/12/02 8:50 AM,66.5,55.0,49.8,65.4,,,30.23,,,,,,,,,,,,,
In home  (w/display),Temp & Humidity Sensor,2020/12/02 8:55 AM,66.3,55.0,49.6,65.2,,,30.23,,,,,,,,,,,,,
In home  (w/display),Temp & Humidity Sensor,2020/12/02 9:00 AM,66.2,55.0,49.5,65.1,,,30.23,,,,,,,,,,,,,
In home  (w/display),Temp & Humidity Sensor,2020/12/02 9:05 AM,66.2,55.0,49.5,65.1,,,30.23,,,,,,,,,,,,,
In home  (w/display),Temp & Humidity Sensor,2020/12/02 9:10 AM,66.5,55.0,49.8,65.4,,,30.24,,,,,,,,,,,,,
In home  (w/display),Temp & Humidity Sensor,2020/12/02 9:15 AM,66.7,55.0,50.0,65.7,,,30.24,,,,,,,,,,,,,
In home  (w/display),Temp & Humidity Sensor,2020/12/02 9:20 AM,66.3,55.0,49.6,65.2,,,30.24,,,,,,,,,,,,,
In home  (w/display),Temp & Humidity Sensor,2020/12/02 9:25 AM,66.3,55.0,49.6,65.2,,,30.24,,,,,,,,,,,,,
In home  (w/display),Temp & Humidity Sensor,2020/12/02 9:30 AM,66.5,55.0,49.8,65.4,,,30.25,,,,,,,,,,,,,
In home  (w/display),Temp & Humidity Sensor,2020/12/02 9:35 AM,66.7,55.0,50.0,65.7,,,30.25,,,,,,,,,,,,,
In home  (w/display),Temp & Humidity Sensor,2020/12/02 9:40 AM,66.7,55.0,50.0,65.7,,,30.26,,,,,,,,,,,,,
In home  (w/display),Temp & Humidity Sensor,2020/12/02 9:45 AM,66.5,55.0,49.8,65.4,,,30.26,,,,,,,,,,,,,
In home  (w/display),Temp & Humidity Sensor,2020/12/02 9:50 AM,66.5,55.0,49.8,65.4,,,30.26,,,,,,,,,,,,,
In home  (w/display),Temp & Humidity Sensor,2020/12/02 9:55 AM,66.7,55.0,50.0,65.7,,,30.26,,,,,,,,,,,,,
In home  (w/display),Temp & Humidity Sensor,2020/12/02 10:00 AM,66.9,55.0,50.2,65.9,,,30.26,,,,,,,,,,,,,
In home  (w/display),Temp & Humidity Sensor,2020/12/02 10:05 AM,66.7,55.0,50.0,65.7,,,30.26,,,,,,,,,,,,,
In home  (w/display),Temp & Humidity Sensor,2020/12/02 10:10 AM,66.5,55.0,49.8,65.4,,,30.26,,,,,,,,,,,,,
In home  (w/display),Temp & Humidity Sensor,2020/12/02 10:15 AM,66.5,55.0,49.8,65.4,,,30.26,,,,,,,,,,,,,
In home  (w/display),Temp & Humidity Sensor,2020/12/02 10:20 AM,66.7,55.0,50.0,65.7,,,30.26,,,,,,,,,,,,,
In home  (w/display),Temp & Humidity Sensor,2020/12/02 10:25 AM,66.7,55.0,50.0,65.7,,,30.27,,,,,,,,,,,,,
In home  (w/display),Temp & Humidity Sensor,2020/12/02 10:30 AM,66.5,55.0,49.8,65.4,,,30.27,,,,,,,,,,,,,
In home  (w/display),Temp & Humidity Sensor,2020/12/02 10:35 AM,66.3,55.0,49.6,65.2,,,30.27,,,,,,,,,,,,,
In home  (w/display),Temp & Humidity Sensor,2020/12/02 10:40 AM,66.5,55.0,49.8,65.4,,,30.27,,,,,,,,,,,,,
In home  (w/display),Temp & Humidity Sensor,2020/12/02 10:45 AM,66.7,55.0,50.0,65.7,,,30.27,,,,,,,,,,,,,
In home  (w/display),Temp & Humidity Sensor,2020/12/02 10:50 AM,66.7,55.0,50.0,65.7,,,30.27,,,,,,,,,,,,,
In home  (w/display),Temp & Humidity Sensor,2020/12/02 10:55 AM,66.7,55.0,50.0,65.7,,,30.27,,,,,,,,,,,,,
In home  (w/display),Temp & Humidity Sensor,2020/12/02 11:00 AM,66.5,55.0,49.8,65.4,,,30.27,,,,,,,,,,,,,
In home  (w/display),Temp & Humidity Sensor,2020/12/02 11:05 AM,66.7,55.0,50.0,65.7,,,30.27,,,,,,,,,,,,,
In home  (w/display),Temp & Humidity Sensor,2020/12/02 11:10 AM,66.7,55.0,50.0,65.7,,,30.27,,,,,,,,,,,,,
In home  (w/display),Temp & Humidity Sensor,2020/12/02 11:15 AM,66.5,55.0,49.8,65.4,,,30.26,,,,,,,,,,,,,
In home  (w/display),Temp & Humidity Sensor,2020/12/02 11:20 AM,66.3,55.0,49.6,65.2,,,30.27,,,,,,,,,,,,,
In home  (w/display),Temp & Humidity Sensor,2020/12/02 11:25 AM,66.5,55.0,49.8,65.4,,,30.27,,,,,,,,,,,,,
In home  (w/display),Temp & Humidity Sensor,2020/12/02 11:30 AM,66.7,55.0,50.0,65.7,,,30.26,,,,,,,,,,,,,
In home  (w/display),Temp & Humidity Sensor,2020/12/02 11:35 AM,66.7,55.0,50.0,65.7,,,30.26,,,,,,,,,,,,,
In home  (w/display),Temp & Humidity Sensor,2020/12/02 11:40 AM,66.5,55.0,49.8,65.4,,,30.26,,,,,,,,,,,,,
In home  (w/display),Temp & Humidity Sensor,2020/12/02 11:45 AM,66.5,55.0,49.8,65.4,,,30.26,,,,,,,,,,,,,
In home  (w/display),Temp & Humidity Sensor,2020/12/02 11:50 AM,66.7,55.0,50.0,65.7,,,30.26,,,,,,,,,,,,,
In home  (w/display),Temp & Humidity Sensor,2020/12/02 11:55 AM,66.5,55.0,49.8,65.4,,,30.26,,,,,,,,,,,,,
In home  (w/display),Temp & Humidity Sensor,2020/12/02 12:00 PM,66.3,55.0,49.6,65.2,,,30.25,,,,,,,,,,,,,
In home  (w/display),Temp & Humidity Sensor,2020/12/02 12:05 PM,66.3,55.0,49.6,65.2,,,30.25,,,,,,,,,,,,,
In home  (w/display),Temp & Humidity Sensor,2020/12/02 12:10 PM,66.7,55.0,50.0,65.7,,,30.25,,,,,,,,,,,,,
In home  (w/display),Temp & Humidity Sensor,2020/12/02 12:15 PM,66.7,55.0,50.0,65.7,,,30.25,,,,,,,,,,,,,
In home  (w/display),Temp & Humidity Sensor,2020/12/02 12:20 PM,66.7,55.0,50.0,65.7,,,30.25,,,,,,,,,,,,,
In home  (w/display),Temp & Humidity Sensor,2020/12/02 12:25 PM,66.5,55.0,49.8,65.4,,,30.25,,,,,,,,,,,,,
In home  (w/display),Temp & Humidity Sensor,2020/12/02 12:30 PM,66.7,55.0,50.0,65.7,,,30.25,,,,,,,,,,,,,
In home  (w/display),Temp & Humidity Sensor,2020/12/02 12:35 PM,67.1,55.0,50.4,66.1,,,30.25,,,,,,,,,,,,,
In home  (w/display),Temp & Humidity Sensor,2020/12/02 12:40 PM,66.9,55.0,50.2,65.9,,,30.25,,,,,,,,,,,,,
In home  (w/display),Temp & Humidity Sensor,2020/12/02 12:45 PM,66.7,55.0,50.0,65.7,,,30.24,,,,,,,,,,,,,
In home  (w/display),Temp & Humidity Sensor,2020/12/02 12:50 PM,66.7,55.0,50.0,65.7,,,30.24,,,,,,,,,,,,,
In home  (w/display),Temp & Humidity Sensor,2020/12/02 12:55 PM,66.7,55.0,50.0,65.7,,,30.24,,,,,,,,,,,,,
In home  (w/display),Temp & Humidity Sensor,2020/12/02 1:00 PM,66.9,55.0,50.2,65.9,,,30.24,,,,,,,,,,,,,
In home  (w/display),Temp & Humidity Sensor,2020/12/02 1:05 PM,66.9,55.0,50.2,65.9,,,30.25,,,,,,,,,,,,,
In home  (w/display),Temp & Humidity Sensor,2020/12/02 1:10 PM,66.7,55.0,50.0,65.7,,,30.25,,,,,,,,,,,,,
In home  (w/display),Temp & Humidity Sensor,2020/12/02 1:15 PM,66.7,55.0,50.0,65.7,,,30.25,,,,,,,,,,,,,
In home  (w/display),Temp & Humidity Sensor,2020/12/02 1:20 PM,66.5,55.0,49.8,65.4,,,30.24,,,,,,,,,,,,,
In home  (w/display),Temp & Humidity Sensor,2020/12/02 1:25 PM,66.5,55.0,49.8,65.4,,,30.24,,,,,,,,,,,,,
In home  (w/display),Temp & Humidity Sensor,2020/12/02 1:30 PM,66.7,55.0,50.0,65.7,,,30.24,,,,,,,,,,,,,
In home  (w/display),Temp & Humidity Sensor,2020/12/02 1:35 PM,66.9,55.0,50.2,65.9,,,30.25,,,,,,,,,,,,,
In home  (w/display),Temp & Humidity Sensor,2020/12/02 1:40 PM,66.7,55.0,50.0,65.7,,,30.25,,,,,,,,,,,,,
In home  (w/display),Temp & Humidity Sensor,2020/12/02 1:45 PM,66.5,55.0,49.8,65.4,,,30.25,,,,,,,,,,,,,
In home  (w/display),Temp & Humidity Sensor,2020/12/02 1:50 PM,66.5,55.0,49.8,65.4,,,30.25,,,,,,,,,,,,,
In home  (w/display),Temp & Humidity Sensor,2020/12/02 1:55 PM,66.5,56.0,50.3,65.5,,,30.24,,,,,,,,,,,,,
In home  (w/display),Temp & Humidity Sensor,2020/12/02 2:00 PM,66.7,56.0,50.5,65.7,,,30.24,,,,,,,,,,,,,
In home  (w/display),Temp & Humidity Sensor,2020/12/02 2:05 PM,66.7,56.0,50.5,65.7,,,30.24,,,,,,,,,,,,,
In home  (w/display),Temp & Humidity Sensor,2020/12/02 2:10 PM,66.7,56.0,50.5,65.7,,,30.24,,,,,,,,,,,,,
In home  (w/display),Temp & Humidity Sensor,2020/12/02 2:15 PM,66.7,56.0,50.5,65.7,,,30.24,,,,,,,,,,,,,
In home  (w/display),Temp & Humidity Sensor,2020/12/02 2:20 PM,66.5,56.0,50.3,65.5,,,30.24,,,,,,,,,,,,,
In home  (w/display),Temp & Humidity Sensor,2020/12/02 2:25 PM,66.3,56.0,50.1,65.3,,,30.24,,,,,,,,,,,,,
In home  (w/display),Temp & Humidity Sensor,2020/12/02 2:30 PM,66.5,56.0,50.3,65.5,,,30.25,,,,,,,,,,,,,
In home  (w/display),Temp & Humidity Sensor,2020/12/02 2:35 PM,66.7,56.0,50.5,65.7,,,30.25,,,,,,,,,,,,,
In home  (w/display),Temp & Humidity Sensor,2020/12/02 2:40 PM,66.7,56.0,50.5,65.7,,,30.25,,,,,,,,,,,,,
In home  (w/display),Temp & Humidity Sensor,2020/12/02 2:45 PM,66.7,56.0,50.5,65.7,,,30.25,,,,,,,,,,,,,
In home  (w/display),Temp & Humidity Sensor,2020/12/02 2:50 PM,66.7,56.0,50.5,65.7,,,30.26,,,,,,,,,,,,,
In home  (w/display),Temp & Humidity Sensor,2020/12/02 2:55 PM,66.7,56.0,50.5,65.7,,,30.26,,,,,,,,,,,,,
In home  (w/display),Temp & Humidity Sensor,2020/12/02 3:00 PM,66.5,56.0,50.3,65.5,,,30.26,,,,,,,,,,,,,
In home  (w/display),Temp & Humidity Sensor,2020/12/02 3:05 PM,66.7,56.0,50.5,65.7,,,30.26,,,,,,,,,,,,,
In home  (w/display),Temp & Humidity Sensor,2020/12/02 3:10 PM,66.7,56.0,50.5,65.7,,,30.26,,,,,,,,,,,,,
In home  (w/display),Temp & Humidity Sensor,2020/12/02 3:15 PM,66.7,56.0,50.5,65.7,,,30.26,,,,,,,,,,,,,
In home  (w/display),Temp & Humidity Sensor,2020/12/02 3:20 PM,66.7,56.0,50.5,65.7,,,30.26,,,,,,,,,,,,,
In home  (w/display),Temp & Humidity Sensor,2020/12/02 3:25 PM,66.5,56.0,50.3,65.5,,,30.26,,,,,,,,,,,,,
In home  (w/display),Temp & Humidity Sensor,2020/12/02 3:30 PM,66.3,56.0,50.1,65.3,,,30.26,,,,,,,,,,,,,
In home  (w/display),Temp & Humidity Sensor,2020/12/02 3:35 PM,66.3,56.0,50.1,65.3,,,30.26,,,,,,,,,,,,,
In home  (w/display),Temp & Humidity Sensor,2020/12/02 3:40 PM,66.3,56.0,50.1,65.3,,,30.26,,,,,,,,,,,,,
In home  (w/display),Temp & Humidity Sensor,2020/12/02 3:45 PM,66.3,56.0,50.1,65.3,,,30.26,,,,,,,,,,,,,
In home  (w/display),Temp & Humidity Sensor,2020/12/02 3:50 PM,66.7,56.0,50.5,65.7,,,30.26,,,,,,,,,,,,,
In home  (w/display),Temp & Humidity Sensor,2020/12/02 3:55 PM,66.7,56.0,50.5,65.7,,,30.26,,,,,,,,,,,,,
In home  (w/display),Temp & Humidity Sensor,2020/12/02 4:00 PM,66.7,56.0,50.5,65.7,,,30.26,,,,,,,,,,,,,
In home  (w/display),Temp & Humidity Sensor,2020/12/02 4:05 PM,66.5,55.0,49.8,65.4,,,30.26,,,,,,,,,,,,,
In home  (w/display),Temp & Humidity Sensor,2020/12/02 4:10 PM,66.3,55.0,49.6,65.2,,,30.26,,,,,,,,,,,,,
In home  (w/display),Temp & Humidity Sensor,2020/12/02 4:15 PM,66.3,55.0,49.6,65.2,,,30.26,,,,,,,,,,,,,
In home  (w/display),Temp & Humidity Sensor,2020/12/02 4:20 PM,66.3,55.0,49.6,65.2,,,30.27,,,,,,,,,,,,,
In home  (w/display),Temp & Humidity Sensor,2020/12/02 4:25 PM,66.3,55.0,49.6,65.2,,,30.27,,,,,,,,,,,,,
In home  (w/display),Temp & Humidity Sensor,2020/12/02 4:30 PM,66.2,55.0,49.5,65.1,,,30.27,,,,,,,,,,,,,
In home  (w/display),Temp & Humidity Sensor,2020/12/02 4:35 PM,66.2,55.0,49.5,65.1,,,30.27,,,,,,,,,,,,,
In home  (w/display),Temp & Humidity Sensor,2020/12/02 4:40 PM,66.0,56.0,49.8,64.9,,,30.27,,,,,,,,,,,,,
In home  (w/display),Temp & Humidity Sensor,2020/12/02 4:45 PM,66.0,56.0,49.8,64.9,,,30.27,,,,,,,,,,,,,
In home  (w/display),Temp & Humidity Sensor,2020/12/02 4:50 PM,66.0,56.0,49.8,64.9,,,30.27,,,,,,,,,,,,,
In home  (w/display),Temp & Humidity Sensor,2020/12/02 4:55 PM,65.8,56.0,49.7,64.7,,,30.27,,,,,,,,,,,,,
In home  (w/display),Temp & Humidity Sensor,2020/12/02 5:00 PM,66.0,56.0,49.8,64.9,,,30.27,,,,,,,,,,,,,
In home  (w/display),Temp & Humidity Sensor,2020/12/02 5:05 PM,65.8,56.0,49.7,64.7,,,30.27,,,,,,,,,,,,,
In home  (w/display),Temp & Humidity Sensor,2020/12/02 5:10 PM,65.8,56.0,49.7,64.7,,,30.28,,,,,,,,,,,,,
In home  (w/display),Temp & Humidity Sensor,2020/12/02 5:15 PM,65.8,56.0,49.7,64.7,,,30.28,,,,,,,,,,,,,
In home  (w/display),Temp & Humidity Sensor,2020/12/02 5:20 PM,66.0,56.0,49.8,64.9,,,30.28,,,,,,,,,,,,,
In home  (w/display),Temp & Humidity Sensor,2020/12/02 5:25 PM,65.8,56.0,49.7,64.7,,,30.28,,,,,,,,,,,,,
In home  (w/display),Temp & Humidity Sensor,2020/12/02 5:30 PM,65.8,56.0,49.7,64.7,,,30.27,,,,,,,,,,,,,
In home  (w/display),Temp & Humidity Sensor,2020/12/02 5:35 PM,65.8,56.0,49.7,64.7,,,30.28,,,,,,,,,,,,,
In home  (w/display),Temp & Humidity Sensor,2020/12/02 5:40 PM,65.8,56.0,49.7,64.7,,,30.28,,,,,,,,,,,,,
In home  (w/display),Temp & Humidity Sensor,2020/12/02 5:45 PM,65.8,56.0,49.7,64.7,,,30.28,,,,,,,,,,,,,
In home  (w/display),Temp & Humidity Sensor,2020/12/02 5:50 PM,65.8,57.0,50.1,64.8,,,30.28,,,,,,,,,,,,,
In home  (w/display),Temp & Humidity Sensor,2020/12/02 5:55 PM,66.0,57.0,50.3,65.0,,,30.28,,,,,,,,,,,,,
In home  (w/display),Temp & Humidity Sensor,2020/12/02 6:00 PM,66.0,57.0,50.3,65.0,,,30.28,,,,,,,,,,,,,
In home  (w/display),Temp & Humidity Sensor,2020/12/02 6:05 PM,65.8,57.0,50.1,64.8,,,30.28,,,,,,,,,,,,,
In home  (w/display),Temp & Humidity Sensor,2020/12/02 6:10 PM,65.8,57.0,50.1,64.8,,,30.29,,,,,,,,,,,,,
In home  (w/display),Temp & Humidity Sensor,2020/12/02 6:15 PM,66.0,57.0,50.3,65.0,,,30.29,,,,,,,,,,,,,
In home  (w/display),Temp & Humidity Sensor,2020/12/02 6:20 PM,66.0,57.0,50.3,65.0,,,30.29,,,,,,,,,,,,,
In home  (w/display),Temp & Humidity Sensor,2020/12/02 6:25 PM,66.0,57.0,50.3,65.0,,,30.29,,,,,,,,,,,,,
In home  (w/display),Temp & Humidity Sensor,2020/12/02 6:30 PM,66.0,57.0,50.3,65.0,,,30.29,,,,,,,,,,,,,
In home  (w/display),Temp & Humidity Sensor,2020/12/02 6:35 PM,66.0,56.0,49.8,64.9,,,30.29,,,,,,,,,,,,,
In home  (w/display),Temp & Humidity Sensor,2020/12/02 6:40 PM,66.0,57.0,50.3,65.0,,,30.3,,,,,,,,,,,,,
In home  (w/display),Temp & Humidity Sensor,2020/12/02 6:45 PM,66.0,57.0,50.3,65.0,,,30.3,,,,,,,,,,,,,
In home  (w/display),Temp & Humidity Sensor,2020/12/02 6:50 PM,66.3,55.0,49.6,65.2,,,30.3,,,,,,,,,,,,,
In home  (w/display),Temp & Humidity Sensor,2020/12/02 6:55 PM,66.9,55.0,50.2,65.9,,,30.3,,,,,,,,,,,,,
In home  (w/display),Temp & Humidity Sensor,2020/12/02 7:00 PM,67.1,55.0,50.4,66.1,,,30.3,,,,,,,,,,,,,
In home  (w/display),Temp & Humidity Sensor,2020/12/02 7:05 PM,66.9,55.0,50.2,65.9,,,30.31,,,,,,,,,,,,,
In home  (w/display),Temp & Humidity Sensor,2020/12/02 7:10 PM,66.9,55.0,50.2,65.9,,,30.31,,,,,,,,,,,,,
In home  (w/display),Temp & Humidity Sensor,2020/12/02 7:15 PM,67.1,55.0,50.4,66.1,,,30.31,,,,,,,,,,,,,
In home  (w/display),Temp & Humidity Sensor,2020/12/02 7:20 PM,67.1,55.0,50.4,66.1,,,30.31,,,,,,,,,,,,,
In home  (w/display),Temp & Humidity Sensor,2020/12/02 7:25 PM,66.9,55.0,50.2,65.9,,,30.31,,,,,,,,,,,,,
In home  (w/display),Temp & Humidity Sensor,2020/12/02 7:30 PM,67.1,55.0,50.4,66.1,,,30.31,,,,,,,,,,,,,
In home  (w/display),Temp & Humidity Sensor,2020/12/02 7:35 PM,67.1,55.0,50.4,66.1,,,30.31,,,,,,,,,,,,,
In home  (w/display),Temp & Humidity Sensor,2020/12/02 7:40 PM,67.1,55.0,50.4,66.1,,,30.31,,,,,,,,,,,,,
In home  (w/display),Temp & Humidity Sensor,2020/12/02 7:45 PM,67.1,55.0,50.4,66.1,,,30.32,,,,,,,,,,,,,
In home  (w/display),Temp & Humidity Sensor,2020/12/02 7:50 PM,67.1,56.0,50.9,66.1,,,30.32,,,,,,,,,,,,,
In home  (w/display),Temp & Humidity Sensor,2020/12/02 7:55 PM,67.2,56.0,51.0,66.3,,,30.32,,,,,,,,,,,,,
In home  (w/display),Temp & Humidity Sensor,2020/12/02 8:00 PM,67.1,56.0,50.9,66.1,,,30.32,,,,,,,,,,,,,
In home  (w/display),Temp & Humidity Sensor,2020/12/02 8:05 PM,67.1,57.0,51.3,66.2,,,30.32,,,,,,,,,,,,,
In home  (w/display),Temp & Humidity Sensor,2020/12/02 8:10 PM,67.2,57.0,51.4,66.3,,,30.32,,,,,,,,,,,,,
In home  (w/display),Temp & Humidity Sensor,2020/12/02 8:15 PM,67.2,58.0,51.9,66.3,,,30.32,,,,,,,,,,,,,
In home  (w/display),Temp & Humidity Sensor,2020/12/02 8:20 PM,67.2,58.0,51.9,66.3,,,30.32,,,,,,,,,,,,,
In home  (w/display),Temp & Humidity Sensor,2020/12/02 8:25 PM,67.2,58.0,51.9,66.3,,,30.32,,,,,,,,,,,,,
In home  (w/display),Temp & Humidity Sensor,2020/12/02 8:30 PM,67.4,58.0,52.1,66.6,,,30.33,,,,,,,,,,,,,
In home  (w/display),Temp & Humidity Sensor,2020/12/02 8:35 PM,67.4,57.0,51.6,66.5,,,30.33,,,,,,,,,,,,,
In home  (w/display),Temp & Humidity Sensor,2020/12/02 8:40 PM,67.4,57.0,51.6,66.5,,,30.33,,,,,,,,,,,,,
In home  (w/display),Temp & Humidity Sensor,2020/12/02 8:45 PM,67.2,57.0,51.4,66.3,,,30.33,,,,,,,,,,,,,
In home  (w/display),Temp & Humidity Sensor,2020/12/02 8:50 PM,67.4,57.0,51.6,66.5,,,30.33,,,,,,,,,,,,,
In home  (w/display),Temp & Humidity Sensor,2020/12/02 8:55 PM,67.6,57.0,51.8,66.7,,,30.32,,,,,,,,,,,,,
In home  (w/display),Temp & Humidity Sensor,2020/12/02 9:00 PM,67.6,56.0,51.3,66.7,,,30.33,,,,,,,,,,,,,
In home  (w/display),Temp & Humidity Sensor,2020/12/02 9:05 PM,67.4,56.0,51.2,66.5,,,30.33,,,,,,,,,,,,,
In home  (w/display),Temp & Humidity Sensor,2020/12/02 9:10 PM,67.6,56.0,51.3,66.7,,,30.33,,,,,,,,,,,,,
In home  (w/display),Temp & Humidity Sensor,2020/12/02 9:15 PM,67.6,56.0,51.3,66.7,,,30.33,,,,,,,,,,,,,
In home  (w/display),Temp & Humidity Sensor,2020/12/02 9:20 PM,67.6,56.0,51.3,66.7,,,30.33,,,,,,,,,,,,,
In home  (w/display),Temp & Humidity Sensor,2020/12/02 9:25 PM,67.6,56.0,51.3,66.7,,,30.33,,,,,,,,,,,,,
In home  (w/display),Temp & Humidity Sensor,2020/12/02 9:30 PM,67.6,56.0,51.3,66.7,,,30.33,,,,,,,,,,,,,
In home  (w/display),Temp & Humidity Sensor,2020/12/02 9:35 PM,67.8,56.0,51.5,66.9,,,30.33,,,,,,,,,,,,,
In home  (w/display),Temp & Humidity Sensor,2020/12/02 9:40 PM,67.6,56.0,51.3,66.7,,,30.33,,,,,,,,,,,,,
In home  (w/display),Temp & Humidity Sensor,2020/12/02 9:45 PM,67.6,56.0,51.3,66.7,,,30.33,,,,,,,,,,,,,
In home  (w/display),Temp & Humidity Sensor,2020/12/02 9:50 PM,67.6,56.0,51.3,66.7,,,30.33,,,,,,,,,,,,,
In home  (w/display),Temp & Humidity Sensor,2020/12/02 9:55 PM,67.8,55.0,51.0,66.9,,,30.32,,,,,,,,,,,,,
In home  (w/display),Temp & Humidity Sensor,2020/12/02 10:00 PM,67.8,55.0,51.0,66.9,,,30.33,,,,,,,,,,,,,
In home  (w/display),Temp & Humidity Sensor,2020/12/02 10:05 PM,67.6,55.0,50.8,66.6,,,30.33,,,,,,,,,,,,,
In home  (w/display),Temp & Humidity Sensor,2020/12/02 10:10 PM,67.4,55.0,50.7,66.4,,,30.33,,,,,,,,,,,,,
In home  (w/display),Temp & Humidity Sensor,2020/12/02 10:15 PM,67.2,55.0,50.5,66.2,,,30.33,,,,,,,,,,,,,
In home  (w/display),Temp & Humidity Sensor,2020/12/02 10:20 PM,67.2,55.0,50.5,66.2,,,30.34,,,,,,,,,,,,,
In home  (w/display),Temp & Humidity Sensor,2020/12/02 10:25 PM,67.1,55.0,50.4,66.1,,,30.34,,,,,,,,,,,,,
In home  (w/display),Temp & Humidity Sensor,2020/12/02 10:30 PM,67.1,55.0,50.4,66.1,,,30.33,,,,,,,,,,,,,
In home  (w/display),Temp & Humidity Sensor,2020/12/02 10:35 PM,66.9,55.0,50.2,65.9,,,30.33,,,,,,,,,,,,,
In home  (w/display),Temp & Humidity Sensor,2020/12/02 10:40 PM,66.7,55.0,50.0,65.7,,,30.33,,,,,,,,,,,,,
In home  (w/display),Temp & Humidity Sensor,2020/12/02 10:45 PM,66.5,55.0,49.8,65.4,,,30.33,,,,,,,,,,,,,
In home  (w/display),Temp & Humidity Sensor,2020/12/02 10:50 PM,66.3,55.0,49.6,65.2,,,30.33,,,,,,,,,,,,,
In home  (w/display),Temp & Humidity Sensor,2020/12/02 10:55 PM,66.2,55.0,49.5,65.1,,,30.33,,,,,,,,,,,,,
In home  (w/display),Temp & Humidity Sensor,2020/12/02 11:00 PM,66.0,56.0,49.8,64.9,,,30.33,,,,,,,,,,,,,
In home  (w/display),Temp & Humidity Sensor,2020/12/02 11:05 PM,66.0,56.0,49.8,64.9,,,30.33,,,,,,,,,,,,,
In home  (w/display),Temp & Humidity Sensor,2020/12/02 11:10 PM,65.8,56.0,49.7,64.7,,,30.33,,,,,,,,,,,,,
In home  (w/display),Temp & Humidity Sensor,2020/12/02 11:15 PM,65.6,56.0,49.5,64.5,,,30.33,,,,,,,,,,,,,
In home  (w/display),Temp & Humidity Sensor,2020/12/02 11:20 PM,65.4,56.0,49.3,64.3,,,30.33,,,,,,,,,,,,,
In home  (w/display),Temp & Humidity Sensor,2020/12/02 11:25 PM,65.4,56.0,49.3,64.3,,,30.33,,,,,,,,,,,,,
In home  (w/display),Temp & Humidity Sensor,2020/12/02 11:30 PM,65.3,56.0,49.2,64.2,,,30.33,,,,,,,,,,,,,
In home  (w/display),Temp & Humidity Sensor,2020/12/02 11:35 PM,65.3,56.0,49.2,64.2,,,30.33,,,,,,,,,,,,,
In home  (w/display),Temp & Humidity Sensor,2020/12/02 11:40 PM,65.1,56.0,49.0,63.9,,,30.33,,,,,,,,,,,,,
In home  (w/display),Temp & Humidity Sensor,2020/12/02 11:45 PM,64.9,56.0,48.8,63.7,,,30.33,,,,,,,,,,,,,
In home  (w/display),Temp & Humidity Sensor,2020/12/02 11:50 PM,64.9,56.0,48.8,63.7,,,30.34,,,,,,,,,,,,,
In home  (w/display),Temp & Humidity Sensor,2020/12/02 11:55 PM,64.7,56.0,48.6,63.5,,,30.34,,,,,,,,,,,,,
In home  (w/display),Temp & Humidity Sensor,2020/12/03 12:00 AM,64.5,56.0,48.4,63.3,,,30.34,,,,,,,,,,,,,
In home  (w/display),Temp & Humidity Sensor,2020/12/03 12:05 AM,64.5,56.0,48.4,63.3,,,30.34,,,,,,,,,,,,,
In home  (w/display),Temp & Humidity Sensor,2020/12/03 12:10 AM,64.5,56.0,48.4,63.3,,,30.34,,,,,,,,,,,,,
In home  (w/display),Temp & Humidity Sensor,2020/12/03 12:15 AM,64.5,56.0,48.4,63.3,,,30.35,,,,,,,,,,,,,
In home  (w/display),Temp & Humidity Sensor,2020/12/03 12:20 AM,64.4,56.0,48.4,63.2,,,30.35,,,,,,,,,,,,,
In home  (w/display),Temp & Humidity Sensor,2020/12/03 12:25 AM,64.2,56.0,48.2,63.0,,,30.35,,,,,,,,,,,,,
In home  (w/display),Temp & Humidity Sensor,2020/12/03 12:30 AM,64.2,56.0,48.2,63.0,,,30.35,,,,,,,,,,,,,
In home  (w/display),Temp & Humidity Sensor,2020/12/03 12:35 AM,64.2,56.0,48.2,63.0,,,30.35,,,,,,,,,,,,,
In home  (w/display),Temp & Humidity Sensor,2020/12/03 12:40 AM,64.0,56.0,48.0,62.7,,,30.34,,,,,,,,,,,,,
In home  (w/display),Temp & Humidity Sensor,2020/12/03 12:45 AM,64.0,56.0,48.0,62.7,,,30.34,,,,,,,,,,,,,
In home  (w/display),Temp & Humidity Sensor,2020/12/03 12:50 AM,64.0,56.0,48.0,62.7,,,30.34,,,,,,,,,,,,,
In home  (w/display),Temp & Humidity Sensor,2020/12/03 12:55 AM,63.8,56.0,47.8,62.5,,,30.34,,,,,,,,,,,,,
In home  (w/display),Temp & Humidity Sensor,2020/12/03 1:00 AM,63.6,56.0,47.6,62.3,,,30.34,,,,,,,,,,,,,
In home  (w/display),Temp & Humidity Sensor,2020/12/03 1:05 AM,63.6,56.0,47.6,62.3,,,30.34,,,,,,,,,,,,,
In home  (w/display),Temp & Humidity Sensor,2020/12/03 1:10 AM,63.6,56.0,47.6,62.3,,,30.34,,,,,,,,,,,,,
In home  (w/display),Temp & Humidity Sensor,2020/12/03 1:15 AM,63.5,56.0,47.5,62.2,,,30.33,,,,,,,,,,,,,
In home  (w/display),Temp & Humidity Sensor,2020/12/03 1:20 AM,63.5,56.0,47.5,62.2,,,30.33,,,,,,,,,,,,,
In home  (w/display),Temp & Humidity Sensor,2020/12/03 1:25 AM,63.5,56.0,47.5,62.2,,,30.33,,,,,,,,,,,,,
In home  (w/display),Temp & Humidity Sensor,2020/12/03 1:30 AM,63.5,56.0,47.5,62.2,,,30.33,,,,,,,,,,,,,
In home  (w/display),Temp & Humidity Sensor,2020/12/03 1:35 AM,63.3,57.0,47.8,62.0,,,30.34,,,,,,,,,,,,,
In home  (w/display),Temp & Humidity Sensor,2020/12/03 1:40 AM,63.3,57.0,47.8,62.0,,,30.34,,,,,,,,,,,,,
In home  (w/display),Temp & Humidity Sensor,2020/12/03 1:45 AM,63.1,57.0,47.6,61.8,,,30.34,,,,,,,,,,,,,
In home  (w/display),Temp & Humidity Sensor,2020/12/03 1:50 AM,63.1,57.0,47.6,61.8,,,30.34,,,,,,,,,,,,,
In home  (w/display),Temp & Humidity Sensor,2020/12/03 1:55 AM,63.1,57.0,47.6,61.8,,,30.34,,,,,,,,,,,,,
In home  (w/display),Temp & Humidity Sensor,2020/12/03 2:00 AM,63.1,57.0,47.6,61.8,,,30.34,,,,,,,,,,,,,
In home  (w/display),Temp & Humidity Sensor,2020/12/03 2:05 AM,62.9,57.0,47.4,61.6,,,30.34,,,,,,,,,,,,,
In home  (w/display),Temp & Humidity Sensor,2020/12/03 2:10 AM,62.9,57.0,47.4,61.6,,,30.34,,,,,,,,,,,,,
In home  (w/display),Temp & Humidity Sensor,2020/12/03 2:15 AM,62.7,57.0,47.2,61.3,,,30.34,,,,,,,,,,,,,
In home  (w/display),Temp & Humidity Sensor,2020/12/03 2:20 AM,62.7,57.0,47.2,61.3,,,30.34,,,,,,,,,,,,,
In home  (w/display),Temp & Humidity Sensor,2020/12/03 2:25 AM,62.7,57.0,47.2,61.3,,,30.34,,,,,,,,,,,,,
In home  (w/display),Temp & Humidity Sensor,2020/12/03 2:30 AM,62.6,57.0,47.1,61.2,,,30.34,,,,,,,,,,,,,
In home  (w/display),Temp & Humidity Sensor,2020/12/03 2:35 AM,62.6,57.0,47.1,61.2,,,30.34,,,,,,,,,,,,,
In home  (w/display),Temp & Humidity Sensor,2020/12/03 2:40 AM,62.6,57.0,47.1,61.2,,,30.34,,,,,,,,,,,,,
In home  (w/display),Temp & Humidity Sensor,2020/12/03 2:45 AM,62.4,57.0,47.0,61.0,,,30.34,,,,,,,,,,,,,
In home  (w/display),Temp & Humidity Sensor,2020/12/03 2:50 AM,62.4,57.0,47.0,61.0,,,30.34,,,,,,,,,,,,,
In home  (w/display),Temp & Humidity Sensor,2020/12/03 2:55 AM,62.4,57.0,47.0,61.0,,,30.33,,,,,,,,,,,,,
In home  (w/display),Temp & Humidity Sensor,2020/12/03 3:00 AM,62.4,57.0,47.0,61.0,,,30.32,,,,,,,,,,,,,
In home  (w/display),Temp & Humidity Sensor,2020/12/03 3:05 AM,62.2,57.0,46.8,60.8,,,30.32,,,,,,,,,,,,,
In home  (w/display),Temp & Humidity Sensor,2020/12/03 3:10 AM,62.2,57.0,46.8,60.8,,,30.32,,,,,,,,,,,,,
In home  (w/display),Temp & Humidity Sensor,2020/12/03 3:15 AM,62.2,57.0,46.8,60.8,,,30.32,,,,,,,,,,,,,
In home  (w/display),Temp & Humidity Sensor,2020/12/03 3:20 AM,62.2,57.0,46.8,60.8,,,30.32,,,,,,,,,,,,,
In home  (w/display),Temp & Humidity Sensor,2020/12/03 3:25 AM,62.0,57.0,46.6,60.6,,,30.32,,,,,,,,,,,,,
In home  (w/display),Temp & Humidity Sensor,2020/12/03 3:30 AM,61.8,57.0,46.4,60.4,,,30.32,,,,,,,,,,,,,
In home  (w/display),Temp & Humidity Sensor,2020/12/03 3:35 AM,61.8,57.0,46.4,60.4,,,30.32,,,,,,,,,,,,,
In home  (w/display),Temp & Humidity Sensor,2020/12/03 3:40 AM,61.8,57.0,46.4,60.4,,,30.32,,,,,,,,,,,,,
In home  (w/display),Temp & Humidity Sensor,2020/12/03 3:45 AM,61.8,57.0,46.4,60.4,,,30.33,,,,,,,,,,,,,
In home  (w/display),Temp & Humidity Sensor,2020/12/03 3:50 AM,61.8,57.0,46.4,60.4,,,30.32,,,,,,,,,,,,,
In home  (w/display),Temp & Humidity Sensor,2020/12/03 3:55 AM,61.7,57.0,46.3,60.2,,,30.32,,,,,,,,,,,,,
In home  (w/display),Temp & Humidity Sensor,2020/12/03 4:00 AM,61.7,57.0,46.3,60.2,,,30.32,,,,,,,,,,,,,
In home  (w/display),Temp & Humidity Sensor,2020/12/03 4:05 AM,61.7,57.0,46.3,60.2,,,30.32,,,,,,,,,,,,,
In home  (w/display),Temp & Humidity Sensor,2020/12/03 4:10 AM,61.7,57.0,46.3,60.2,,,30.32,,,,,,,,,,,,,
In home  (w/display),Temp & Humidity Sensor,2020/12/03 4:15 AM,61.7,57.0,46.3,60.2,,,30.32,,,,,,,,,,,,,
In home  (w/display),Temp & Humidity Sensor,2020/12/03 4:20 AM,61.5,57.0,46.1,60.0,,,30.32,,,,,,,,,,,,,
In home  (w/display),Temp & Humidity Sensor,2020/12/03 4:25 AM,61.5,57.0,46.1,60.0,,,30.32,,,,,,,,,,,,,
In home  (w/display),Temp & Humidity Sensor,2020/12/03 4:30 AM,61.3,57.0,45.9,59.8,,,30.32,,,,,,,,,,,,,
In home  (w/display),Temp & Humidity Sensor,2020/12/03 4:35 AM,61.5,57.0,46.1,60.0,,,30.32,,,,,,,,,,,,,
In home  (w/display),Temp & Humidity Sensor,2020/12/03 4:40 AM,61.7,57.0,46.3,60.2,,,30.32,,,,,,,,,,,,,
In home  (w/display),Temp & Humidity Sensor,2020/12/03 4:45 AM,61.8,57.0,46.4,60.4,,,30.32,,,,,,,,,,,,,
In home  (w/display),Temp & Humidity Sensor,2020/12/03 4:50 AM,62.0,57.0,46.6,60.6,,,30.32,,,,,,,,,,,,,
In home  (w/display),Temp & Humidity Sensor,2020/12/03 4:55 AM,62.4,57.0,47.0,61.0,,,30.32,,,,,,,,,,,,,
In home  (w/display),Temp & Humidity Sensor,2020/12/03 5:00 AM,62.6,57.0,47.1,61.2,,,30.32,,,,,,,,,,,,,
In home  (w/display),Temp & Humidity Sensor,2020/12/03 5:05 AM,62.9,57.0,47.4,61.6,,,30.32,,,,,,,,,,,,,
In home  (w/display),Temp & Humidity Sensor,2020/12/03 5:10 AM,63.1,57.0,47.6,61.8,,,30.33,,,,,,,,,,,,,
In home  (w/display),Temp & Humidity Sensor,2020/12/03 5:15 AM,63.3,57.0,47.8,62.0,,,30.33,,,,,,,,,,,,,
In home  (w/display),Temp & Humidity Sensor,2020/12/03 5:20 AM,63.5,55.0,47.0,62.1,,,30.33,,,,,,,,,,,,,
In home  (w/display),Temp & Humidity Sensor,2020/12/03 5:25 AM,63.6,55.0,47.1,62.2,,,30.33,,,,,,,,,,,,,
In home  (w/display),Temp & Humidity Sensor,2020/12/03 5:30 AM,63.6,55.0,47.1,62.2,,,30.33,,,,,,,,,,,,,
In home  (w/display),Temp & Humidity Sensor,2020/12/03 5:35 AM,63.6,55.0,47.1,62.2,,,30.33,,,,,,,,,,,,,
In home  (w/display),Temp & Humidity Sensor,2020/12/03 5:40 AM,63.8,55.0,47.3,62.5,,,30.33,,,,,,,,,,,,,
In home  (w/display),Temp & Humidity Sensor,2020/12/03 5:45 AM,63.8,55.0,47.3,62.5,,,30.33,,,,,,,,,,,,,
In home  (w/display),Temp & Humidity Sensor,2020/12/03 5:50 AM,63.8,55.0,47.3,62.5,,,30.33,,,,,,,,,,,,,
In home  (w/display),Temp & Humidity Sensor,2020/12/03 5:55 AM,63.8,55.0,47.3,62.5,,,30.33,,,,,,,,,,,,,
In home  (w/display),Temp & Humidity Sensor,2020/12/03 6:00 AM,64.0,55.0,47.5,62.7,,,30.34,,,,,,,,,,,,,
In home  (w/display),Temp & Humidity Sensor,2020/12/03 6:05 AM,64.2,55.0,47.7,62.9,,,30.34,,,,,,,,,,,,,
In home  (w/display),Temp & Humidity Sensor,2020/12/03 6:10 AM,64.5,55.0,48.0,63.2,,,30.34,,,,,,,,,,,,,
In home  (w/display),Temp & Humidity Sensor,2020/12/03 6:15 AM,64.9,55.0,48.3,63.7,,,30.34,,,,,,,,,,,,,
In home  (w/display),Temp & Humidity Sensor,2020/12/03 6:20 AM,65.3,55.0,48.7,64.1,,,30.34,,,,,,,,,,,,,
In home  (w/display),Temp & Humidity Sensor,2020/12/03 6:25 AM,65.4,55.0,48.8,64.2,,,30.34,,,,,,,,,,,,,
In home  (w/display),Temp & Humidity Sensor,2020/12/03 6:30 AM,65.8,55.0,49.2,64.7,,,30.34,,,,,,,,,,,,,
In home  (w/display),Temp & Humidity Sensor,2020/12/03 6:35 AM,66.0,55.0,49.4,64.9,,,30.35,,,,,,,,,,,,,
In home  (w/display),Temp & Humidity Sensor,2020/12/03 6:40 AM,66.2,54.0,49.1,65.1,,,30.35,,,,,,,,,,,,,
In home  (w/display),Temp & Humidity Sensor,2020/12/03 6:45 AM,66.3,54.0,49.1,65.2,,,30.34,,,,,,,,,,,,,
In home  (w/display),Temp & Humidity Sensor,2020/12/03 6:50 AM,66.3,54.0,49.1,65.2,,,30.34,,,,,,,,,,,,,
In home  (w/display),Temp & Humidity Sensor,2020/12/03 6:55 AM,66.7,53.0,49.0,65.6,,,30.34,,,,,,,,,,,,,
In home  (w/display),Temp & Humidity Sensor,2020/12/03 7:00 AM,66.7,53.0,49.0,65.6,,,30.35,,,,,,,,,,,,,
In home  (w/display),Temp & Humidity Sensor,2020/12/03 7:05 AM,66.7,53.0,49.0,65.6,,,30.36,,,,,,,,,,,,,
In home  (w/display),Temp & Humidity Sensor,2020/12/03 7:10 AM,67.1,53.0,49.4,66.0,,,30.36,,,,,,,,,,,,,
In home  (w/display),Temp & Humidity Sensor,2020/12/03 7:15 AM,67.2,53.0,49.5,66.1,,,30.36,,,,,,,,,,,,,
In home  (w/display),Temp & Humidity Sensor,2020/12/03 7:20 AM,67.2,53.0,49.5,66.1,,,30.36,,,,,,,,,,,,,
In home  (w/display),Temp & Humidity Sensor,2020/12/03 7:25 AM,66.9,53.0,49.2,65.8,,,30.36,,,,,,,,,,,,,
In home  (w/display),Temp & Humidity Sensor,2020/12/03 7:30 AM,66.7,53.0,49.0,65.6,,,30.36,,,,,,,,,,,,,
In home  (w/display),Temp & Humidity Sensor,2020/12/03 7:35 AM,66.7,53.0,49.0,65.6,,,30.36,,,,,,,,,,,,,
In home  (w/display),Temp & Humidity Sensor,2020/12/03 7:40 AM,66.7,53.0,49.0,65.6,,,30.37,,,,,,,,,,,,,
In home  (w/display),Temp & Humidity Sensor,2020/12/03 7:45 AM,66.9,53.0,49.2,65.8,,,30.37,,,,,,,,,,,,,
In home  (w/display),Temp & Humidity Sensor,2020/12/03 7:50 AM,66.9,53.0,49.2,65.8,,,30.37,,,,,,,,,,,,,
In home  (w/display),Temp & Humidity Sensor,2020/12/03 7:55 AM,66.9,53.0,49.2,65.8,,,30.37,,,,,,,,,,,,,
In home  (w/display),Temp & Humidity Sensor,2020/12/03 8:00 AM,66.9,53.0,49.2,65.8,,,30.37,,,,,,,,,,,,,
In home  (w/display),Temp & Humidity Sensor,2020/12/03 8:05 AM,66.9,53.0,49.2,65.8,,,30.37,,,,,,,,,,,,,
In home  (w/display),Temp & Humidity Sensor,2020/12/03 8:10 AM,66.7,53.0,49.0,65.6,,,30.38,,,,,,,,,,,,,
In home  (w/display),Temp & Humidity Sensor,2020/12/03 8:15 AM,66.3,53.0,48.6,65.1,,,30.38,,,,,,,,,,,,,
In home  (w/display),Temp & Humidity Sensor,2020/12/03 8:20 AM,66.3,53.0,48.6,65.1,,,30.38,,,,,,,,,,,,,
In home  (w/display),Temp & Humidity Sensor,2020/12/03 8:25 AM,66.3,53.0,48.6,65.1,,,30.38,,,,,,,,,,,,,
In home  (w/display),Temp & Humidity Sensor,2020/12/03 8:30 AM,66.3,53.0,48.6,65.1,,,30.38,,,,,,,,,,,,,
In home  (w/display),Temp & Humidity Sensor,2020/12/03 8:35 AM,66.7,53.0,49.0,65.6,,,30.38,,,,,,,,,,,,,
In home  (w/display),Temp & Humidity Sensor,2020/12/03 8:40 AM,66.7,53.0,49.0,65.6,,,30.39,,,,,,,,,,,,,
In home  (w/display),Temp & Humidity Sensor,2020/12/03 8:45 AM,66.5,53.0,48.8,65.3,,,30.39,,,,,,,,,,,,,
In home  (w/display),Temp & Humidity Sensor,2020/12/03 8:50 AM,66.3,53.0,48.6,65.1,,,30.39,,,,,,,,,,,,,
In home  (w/display),Temp & Humidity Sensor,2020/12/03 8:55 AM,66.3,53.0,48.6,65.1,,,30.39,,,,,,,,,,,,,
In home  (w/display),Temp & Humidity Sensor,2020/12/03 9:00 AM,66.7,53.0,49.0,65.6,,,30.39,,,,,,,,,,,,,
In home  (w/display),Temp & Humidity Sensor,2020/12/03 9:05 AM,66.7,53.0,49.0,65.6,,,30.39,,,,,,,,,,,,,
In home  (w/display),Temp & Humidity Sensor,2020/12/03 9:10 AM,67.1,53.0,49.4,66.0,,,30.39,,,,,,,,,,,,,
In home  (w/display),Temp & Humidity Sensor,2020/12/03 9:15 AM,66.9,53.0,49.2,65.8,,,30.39,,,,,,,,,,,,,
In home  (w/display),Temp & Humidity Sensor,2020/12/03 9:20 AM,66.7,53.0,49.0,65.6,,,30.39,,,,,,,,,,,,,
In home  (w/display),Temp & Humidity Sensor,2020/12/03 9:25 AM,66.7,53.0,49.0,65.6,,,30.38,,,,,,,,,,,,,
In home  (w/display),Temp & Humidity Sensor,2020/12/03 9:30 AM,66.7,53.0,49.0,65.6,,,30.38,,,,,,,,,,,,,
In home  (w/display),Temp & Humidity Sensor,2020/12/03 9:35 AM,67.1,53.0,49.4,66.0,,,30.38,,,,,,,,,,,,,
In home  (w/display),Temp & Humidity Sensor,2020/12/03 9:40 AM,66.9,53.0,49.2,65.8,,,30.38,,,,,,,,,,,,,
In home  (w/display),Temp & Humidity Sensor,2020/12/03 9:45 AM,66.7,53.0,49.0,65.6,,,30.39,,,,,,,,,,,,,
In home  (w/display),Temp & Humidity Sensor,2020/12/03 9:50 AM,66.7,53.0,49.0,65.6,,,30.38,,,,,,,,,,,,,
In home  (w/display),Temp & Humidity Sensor,2020/12/03 9:55 AM,66.7,53.0,49.0,65.6,,,30.39,,,,,,,,,,,,,
In home  (w/display),Temp & Humidity Sensor,2020/12/03 10:00 AM,66.9,53.0,49.2,65.8,,,30.39,,,,,,,,,,,,,
In home  (w/display),Temp & Humidity Sensor,2020/12/03 10:05 AM,66.7,53.0,49.0,65.6,,,30.39,,,,,,,,,,,,,
In home  (w/display),Temp & Humidity Sensor,2020/12/03 10:10 AM,66.5,53.0,48.8,65.3,,,30.39,,,,,,,,,,,,,
In home  (w/display),Temp & Humidity Sensor,2020/12/03 10:15 AM,66.7,53.0,49.0,65.6,,,30.39,,,,,,,,,,,,,
In home  (w/display),Temp & Humidity Sensor,2020/12/03 10:20 AM,67.1,53.0,49.4,66.0,,,30.39,,,,,,,,,,,,,
In home  (w/display),Temp & Humidity Sensor,2020/12/03 10:25 AM,66.9,53.0,49.2,65.8,,,30.38,,,,,,,,,,,,,
In home  (w/display),Temp & Humidity Sensor,2020/12/03 10:30 AM,66.7,53.0,49.0,65.6,,,30.39,,,,,,,,,,,,,
In home  (w/display),Temp & Humidity Sensor,2020/12/03 10:35 AM,66.9,53.0,49.2,65.8,,,30.38,,,,,,,,,,,,,
In home  (w/display),Temp & Humidity Sensor,2020/12/03 10:40 AM,67.2,53.0,49.5,66.1,,,30.38,,,,,,,,,,,,,
In home  (w/display),Temp & Humidity Sensor,2020/12/03 10:45 AM,67.1,53.0,49.4,66.0,,,30.38,,,,,,,,,,,,,
In home  (w/display),Temp & Humidity Sensor,2020/12/03 10:50 AM,66.9,53.0,49.2,65.8,,,30.38,,,,,,,,,,,,,
In home  (w/display),Temp & Humidity Sensor,2020/12/03 10:55 AM,66.7,53.0,49.0,65.6,,,30.38,,,,,,,,,,,,,
In home  (w/display),Temp & Humidity Sensor,2020/12/03 11:00 AM,67.1,53.0,49.4,66.0,,,30.38,,,,,,,,,,,,,
In home  (w/display),Temp & Humidity Sensor,2020/12/03 11:05 AM,67.2,53.0,49.5,66.1,,,30.38,,,,,,,,,,,,,
In home  (w/display),Temp & Humidity Sensor,2020/12/03 11:10 AM,67.1,53.0,49.4,66.0,,,30.38,,,,,,,,,,,,,
In home  (w/display),Temp & Humidity Sensor,2020/12/03 11:15 AM,66.9,53.0,49.2,65.8,,,30.38,,,,,,,,,,,,,
In home  (w/display),Temp & Humidity Sensor,2020/12/03 11:20 AM,66.9,53.0,49.2,65.8,,,30.38,,,,,,,,,,,,,
In home  (w/display),Temp & Humidity Sensor,2020/12/03 11:25 AM,67.2,53.0,49.5,66.1,,,30.37,,,,,,,,,,,,,
In home  (w/display),Temp & Humidity Sensor,2020/12/03 11:30 AM,67.1,53.0,49.4,66.0,,,30.37,,,,,,,,,,,,,
In home  (w/display),Temp & Humidity Sensor,2020/12/03 11:35 AM,66.9,53.0,49.2,65.8,,,30.37,,,,,,,,,,,,,
In home  (w/display),Temp & Humidity Sensor,2020/12/03 11:40 AM,66.7,53.0,49.0,65.6,,,30.37,,,,,,,,,,,,,
In home  (w/display),Temp & Humidity Sensor,2020/12/03 11:45 AM,67.1,53.0,49.4,66.0,,,30.36,,,,,,,,,,,,,
In home  (w/display),Temp & Humidity Sensor,2020/12/03 11:50 AM,67.1,53.0,49.4,66.0,,,30.36,,,,,,,,,,,,,
In home  (w/display),Temp & Humidity Sensor,2020/12/03 11:55 AM,66.9,53.0,49.2,65.8,,,30.35,,,,,,,,,,,,,
In home  (w/display),Temp & Humidity Sensor,2020/12/03 12:00 PM,66.7,53.0,49.0,65.6,,,30.35,,,,,,,,,,,,,
In home  (w/display),Temp & Humidity Sensor,2020/12/03 12:05 PM,66.7,53.0,49.0,65.6,,,30.35,,,,,,,,,,,,,
In home  (w/display),Temp & Humidity Sensor,2020/12/03 12:10 PM,66.9,53.0,49.2,65.8,,,30.35,,,,,,,,,,,,,
In home  (w/display),Temp & Humidity Sensor,2020/12/03 12:15 PM,66.7,53.0,49.0,65.6,,,30.34,,,,,,,,,,,,,
In home  (w/display),Temp & Humidity Sensor,2020/12/03 12:20 PM,66.5,53.0,48.8,65.3,,,30.34,,,,,,,,,,,,,
In home  (w/display),Temp & Humidity Sensor,2020/12/03 12:25 PM,66.5,53.0,48.8,65.3,,,30.34,,,,,,,,,,,,,
In home  (w/display),Temp & Humidity Sensor,2020/12/03 12:30 PM,66.7,53.0,49.0,65.6,,,30.33,,,,,,,,,,,,,
In home  (w/display),Temp & Humidity Sensor,2020/12/03 12:35 PM,66.7,53.0,49.0,65.6,,,30.33,,,,,,,,,,,,,
In home  (w/display),Temp & Humidity Sensor,2020/12/03 12:40 PM,66.7,53.0,49.0,65.6,,,30.32,,,,,,,,,,,,,
In home  (w/display),Temp & Humidity Sensor,2020/12/03 12:45 PM,66.5,54.0,49.3,65.4,,,30.32,,,,,,,,,,,,,
In home  (w/display),Temp & Humidity Sensor,2020/12/03 12:50 PM,66.3,53.0,48.6,65.1,,,30.32,,,,,,,,,,,,,
In home  (w/display),Temp & Humidity Sensor,2020/12/03 12:55 PM,66.7,54.0,49.5,65.6,,,30.32,,,,,,,,,,,,,
In home  (w/display),Temp & Humidity Sensor,2020/12/03 1:00 PM,66.7,53.0,49.0,65.6,,,30.32,,,,,,,,,,,,,
In home  (w/display),Temp & Humidity Sensor,2020/12/03 1:05 PM,66.7,54.0,49.5,65.6,,,30.32,,,,,,,,,,,,,
In home  (w/display),Temp & Humidity Sensor,2020/12/03 1:10 PM,66.3,54.0,49.1,65.2,,,30.32,,,,,,,,,,,,,
In home  (w/display),Temp & Humidity Sensor,2020/12/03 1:15 PM,66.3,54.0,49.1,65.2,,,30.31,,,,,,,,,,,,,
In home  (w/display),Temp & Humidity Sensor,2020/12/03 1:20 PM,66.2,54.0,49.1,65.1,,,30.31,,,,,,,,,,,,,
In home  (w/display),Temp & Humidity Sensor,2020/12/03 1:25 PM,66.5,54.0,49.3,65.4,,,30.31,,,,,,,,,,,,,
In home  (w/display),Temp & Humidity Sensor,2020/12/03 1:30 PM,66.5,54.0,49.3,65.4,,,30.31,,,,,,,,,,,,,
In home  (w/display),Temp & Humidity Sensor,2020/12/03 1:35 PM,66.5,54.0,49.3,65.4,,,30.31,,,,,,,,,,,,,
In home  (w/display),Temp & Humidity Sensor,2020/12/03 1:40 PM,66.3,54.0,49.1,65.2,,,30.3,,,,,,,,,,,,,
In home  (w/display),Temp & Humidity Sensor,2020/12/03 1:45 PM,66.2,54.0,49.1,65.1,,,30.3,,,,,,,,,,,,,
In home  (w/display),Temp & Humidity Sensor,2020/12/03 1:50 PM,66.0,55.0,49.4,64.9,,,30.31,,,,,,,,,,,,,
In home  (w/display),Temp & Humidity Sensor,2020/12/03 1:55 PM,66.3,54.0,49.1,65.2,,,30.3,,,,,,,,,,,,,
In home  (w/display),Temp & Humidity Sensor,2020/12/03 2:00 PM,66.5,54.0,49.3,65.4,,,30.3,,,,,,,,,,,,,
In home  (w/display),Temp & Humidity Sensor,2020/12/03 2:05 PM,66.3,54.0,49.1,65.2,,,30.3,,,,,,,,,,,,,
In home  (w/display),Temp & Humidity Sensor,2020/12/03 2:10 PM,66.3,54.0,49.1,65.2,,,30.3,,,,,,,,,,,,,
In home  (w/display),Temp & Humidity Sensor,2020/12/03 2:15 PM,66.2,54.0,49.1,65.1,,,30.29,,,,,,,,,,,,,
In home  (w/display),Temp & Humidity Sensor,2020/12/03 2:20 PM,66.2,54.0,49.1,65.1,,,30.3,,,,,,,,,,,,,
In home  (w/display),Temp & Humidity Sensor,2020/12/03 2:25 PM,66.3,54.0,49.1,65.2,,,30.3,,,,,,,,,,,,,
In home  (w/display),Temp & Humidity Sensor,2020/12/03 2:30 PM,66.3,54.0,49.1,65.2,,,30.29,,,,,,,,,,,,,
In home  (w/display),Temp & Humidity Sensor,2020/12/03 2:35 PM,66.3,54.0,49.1,65.2,,,30.29,,,,,,,,,,,,,
In home  (w/display),Temp & Humidity Sensor,2020/12/03 2:40 PM,66.2,54.0,49.1,65.1,,,30.29,,,,,,,,,,,,,
In home  (w/display),Temp & Humidity Sensor,2020/12/03 2:45 PM,66.0,55.0,49.4,64.9,,,30.29,,,,,,,,,,,,,
In home  (w/display),Temp & Humidity Sensor,2020/12/03 2:50 PM,66.0,55.0,49.4,64.9,,,30.29,,,,,,,,,,,,,
In home  (w/display),Temp & Humidity Sensor,2020/12/03 2:55 PM,66.3,54.0,49.1,65.2,,,30.29,,,,,,,,,,,,,
In home  (w/display),Temp & Humidity Sensor,2020/12/03 3:00 PM,66.3,54.0,49.1,65.2,,,30.29,,,,,,,,,,,,,
In home  (w/display),Temp & Humidity Sensor,2020/12/03 3:05 PM,66.2,54.0,49.1,65.1,,,30.29,,,,,,,,,,,,,
In home  (w/display),Temp & Humidity Sensor,2020/12/03 3:10 PM,66.2,54.0,49.1,65.1,,,30.29,,,,,,,,,,,,,
In home  (w/display),Temp & Humidity Sensor,2020/12/03 3:15 PM,66.0,55.0,49.4,64.9,,,30.29,,,,,,,,,,,,,
In home  (w/display),Temp & Humidity Sensor,2020/12/03 3:20 PM,66.0,55.0,49.4,64.9,,,30.29,,,,,,,,,,,,,
In home  (w/display),Temp & Humidity Sensor,2020/12/03 3:25 PM,66.0,55.0,49.4,64.9,,,30.29,,,,,,,,,,,,,
In home  (w/display),Temp & Humidity Sensor,2020/12/03 3:30 PM,66.3,54.0,49.1,65.2,,,30.29,,,,,,,,,,,,,
In home  (w/display),Temp & Humidity Sensor,2020/12/03 3:35 PM,66.3,54.0,49.1,65.2,,,30.29,,,,,,,,,,,,,
In home  (w/display),Temp & Humidity Sensor,2020/12/03 3:40 PM,66.2,54.0,49.1,65.1,,,30.29,,,,,,,,,,,,,
In home  (w/display),Temp & Humidity Sensor,2020/12/03 3:45 PM,66.0,55.0,49.4,64.9,,,30.29,,,,,,,,,,,,,
In home  (w/display),Temp & Humidity Sensor,2020/12/03 3:50 PM,65.8,55.0,49.2,64.7,,,30.29,,,,,,,,,,,,,
In home  (w/display),Temp & Humidity Sensor,2020/12/03 3:55 PM,65.8,55.0,49.2,64.7,,,30.29,,,,,,,,,,,,,
In home  (w/display),Temp & Humidity Sensor,2020/12/03 4:00 PM,65.8,55.0,49.2,64.7,,,30.29,,,,,,,,,,,,,
In home  (w/display),Temp & Humidity Sensor,2020/12/03 4:05 PM,65.8,55.0,49.2,64.7,,,30.29,,,,,,,,,,,,,
In home  (w/display),Temp & Humidity Sensor,2020/12/03 4:10 PM,66.0,55.0,49.4,64.9,,,30.29,,,,,,,,,,,,,
In home  (w/display),Temp & Humidity Sensor,2020/12/03 4:15 PM,66.0,55.0,49.4,64.9,,,30.29,,,,,,,,,,,,,
In home  (w/display),Temp & Humidity Sensor,2020/12/03 4:20 PM,66.0,55.0,49.4,64.9,,,30.29,,,,,,,,,,,,,
In home  (w/display),Temp & Humidity Sensor,2020/12/03 4:25 PM,65.8,55.0,49.2,64.7,,,30.29,,,,,,,,,,,,,
In home  (w/display),Temp & Humidity Sensor,2020/12/03 4:30 PM,65.6,55.0,49.0,64.4,,,30.29,,,,,,,,,,,,,
In home  (w/display),Temp & Humidity Sensor,2020/12/03 4:35 PM,65.6,55.0,49.0,64.4,,,30.29,,,,,,,,,,,,,
In home  (w/display),Temp & Humidity Sensor,2020/12/03 4:40 PM,65.4,55.0,48.8,64.2,,,30.29,,,,,,,,,,,,,
In home  (w/display),Temp & Humidity Sensor,2020/12/03 4:45 PM,65.4,55.0,48.8,64.2,,,30.29,,,,,,,,,,,,,
In home  (w/display),Temp & Humidity Sensor,2020/12/03 4:50 PM,65.3,55.0,48.7,64.1,,,30.29,,,,,,,,,,,,,
In home  (w/display),Temp & Humidity Sensor,2020/12/03 4:55 PM,65.6,55.0,49.0,64.4,,,30.29,,,,,,,,,,,,,
In home  (w/display),Temp & Humidity Sensor,2020/12/03 5:00 PM,65.6,55.0,49.0,64.4,,,30.29,,,,,,,,,,,,,
In home  (w/display),Temp & Humidity Sensor,2020/12/03 5:05 PM,65.4,55.0,48.8,64.2,,,30.29,,,,,,,,,,,,,
In home  (w/display),Temp & Humidity Sensor,2020/12/03 5:10 PM,65.4,55.0,48.8,64.2,,,30.29,,,,,,,,,,,,,
In home  (w/display),Temp & Humidity Sensor,2020/12/03 5:15 PM,65.4,55.0,48.8,64.2,,,30.29,,,,,,,,,,,,,
In home  (w/display),Temp & Humidity Sensor,2020/12/03 5:20 PM,65.3,55.0,48.7,64.1,,,30.29,,,,,,,,,,,,,
In home  (w/display),Temp & Humidity Sensor,2020/12/03 5:25 PM,65.3,55.0,48.7,64.1,,,30.29,,,,,,,,,,,,,
In home  (w/display),Temp & Humidity Sensor,2020/12/03 5:30 PM,65.3,55.0,48.7,64.1,,,30.29,,,,,,,,,,,,,
In home  (w/display),Temp & Humidity Sensor,2020/12/03 5:35 PM,65.3,55.0,48.7,64.1,,,30.29,,,,,,,,,,,,,
In home  (w/display),Temp & Humidity Sensor,2020/12/03 5:40 PM,65.3,55.0,48.7,64.1,,,30.28,,,,,,,,,,,,,
In home  (w/display),Temp & Humidity Sensor,2020/12/03 5:45 PM,65.4,55.0,48.8,64.2,,,30.29,,,,,,,,,,,,,
In home  (w/display),Temp & Humidity Sensor,2020/12/03 5:50 PM,65.4,55.0,48.8,64.2,,,30.29,,,,,,,,,,,,,
In home  (w/display),Temp & Humidity Sensor,2020/12/03 5:55 PM,65.4,55.0,48.8,64.2,,,30.28,,,,,,,,,,,,,
In home  (w/display),Temp & Humidity Sensor,2020/12/03 6:00 PM,65.4,55.0,48.8,64.2,,,30.28,,,,,,,,,,,,,
In home  (w/display),Temp & Humidity Sensor,2020/12/03 6:05 PM,65.3,55.0,48.7,64.1,,,30.28,,,,,,,,,,,,,
In home  (w/display),Temp & Humidity Sensor,2020/12/03 6:10 PM,65.4,55.0,48.8,64.2,,,30.29,,,,,,,,,,,,,
In home  (w/display),Temp & Humidity Sensor,2020/12/03 6:15 PM,65.3,55.0,48.7,64.1,,,30.29,,,,,,,,,,,,,
In home  (w/display),Temp & Humidity Sensor,2020/12/03 6:20 PM,65.3,56.0,49.2,64.2,,,30.29,,,,,,,,,,,,,
In home  (w/display),Temp & Humidity Sensor,2020/12/03 6:25 PM,65.4,56.0,49.3,64.3,,,30.29,,,,,,,,,,,,,
In home  (w/display),Temp & Humidity Sensor,2020/12/03 6:30 PM,65.4,56.0,49.3,64.3,,,30.28,,,,,,,,,,,,,
In home  (w/display),Temp & Humidity Sensor,2020/12/03 6:35 PM,65.6,56.0,49.5,64.5,,,30.29,,,,,,,,,,,,,
In home  (w/display),Temp & Humidity Sensor,2020/12/03 6:40 PM,65.6,56.0,49.5,64.5,,,30.28,,,,,,,,,,,,,
In home  (w/display),Temp & Humidity Sensor,2020/12/03 6:45 PM,65.8,56.0,49.7,64.7,,,30.28,,,,,,,,,,,,,
In home  (w/display),Temp & Humidity Sensor,2020/12/03 6:50 PM,66.2,55.0,49.5,65.1,,,30.29,,,,,,,,,,,,,
In home  (w/display),Temp & Humidity Sensor,2020/12/03 6:55 PM,66.7,54.0,49.5,65.6,,,30.29,,,,,,,,,,,,,
In home  (w/display),Temp & Humidity Sensor,2020/12/03 7:00 PM,67.1,54.0,49.9,66.0,,,30.29,,,,,,,,,,,,,
In home  (w/display),Temp & Humidity Sensor,2020/12/03 7:05 PM,66.9,54.0,49.7,65.8,,,30.29,,,,,,,,,,,,,
In home  (w/display),Temp & Humidity Sensor,2020/12/03 7:10 PM,66.7,54.0,49.5,65.6,,,30.29,,,,,,,,,,,,,
In home  (w/display),Temp & Humidity Sensor,2020/12/03 7:15 PM,66.7,54.0,49.5,65.6,,,30.29,,,,,,,,,,,,,
In home  (w/display),Temp & Humidity Sensor,2020/12/03 7:20 PM,67.2,54.0,50.0,66.2,,,30.29,,,,,,,,,,,,,
In home  (w/display),Temp & Humidity Sensor,2020/12/03 7:25 PM,67.1,54.0,49.9,66.0,,,30.29,,,,,,,,,,,,,
In home  (w/display),Temp & Humidity Sensor,2020/12/03 7:30 PM,67.1,54.0,49.9,66.0,,,30.29,,,,,,,,,,,,,
In home  (w/display),Temp & Humidity Sensor,2020/12/03 7:35 PM,66.9,54.0,49.7,65.8,,,30.3,,,,,,,,,,,,,
In home  (w/display),Temp & Humidity Sensor,2020/12/03 7:40 PM,67.2,54.0,50.0,66.2,,,30.3,,,,,,,,,,,,,
In home  (w/display),Temp & Humidity Sensor,2020/12/03 7:45 PM,67.2,54.0,50.0,66.2,,,30.3,,,,,,,,,,,,,
In home  (w/display),Temp & Humidity Sensor,2020/12/03 7:50 PM,67.2,54.0,50.0,66.2,,,30.3,,,,,,,,,,,,,
In home  (w/display),Temp & Humidity Sensor,2020/12/03 7:55 PM,67.1,55.0,50.4,66.1,,,30.3,,,,,,,,,,,,,
In home  (w/display),Temp & Humidity Sensor,2020/12/03 8:00 PM,67.1,55.0,50.4,66.1,,,30.3,,,,,,,,,,,,,
In home  (w/display),Temp & Humidity Sensor,2020/12/03 8:05 PM,67.2,55.0,50.5,66.2,,,30.3,,,,,,,,,,,,,
In home  (w/display),Temp & Humidity Sensor,2020/12/03 8:10 PM,67.1,56.0,50.9,66.1,,,30.3,,,,,,,,,,,,,
In home  (w/display),Temp & Humidity Sensor,2020/12/03 8:15 PM,67.1,56.0,50.9,66.1,,,30.3,,,,,,,,,,,,,
In home  (w/display),Temp & Humidity Sensor,2020/12/03 8:20 PM,67.1,56.0,50.9,66.1,,,30.3,,,,,,,,,,,,,
In home  (w/display),Temp & Humidity Sensor,2020/12/03 8:25 PM,67.2,55.0,50.5,66.2,,,30.3,,,,,,,,,,,,,
In home  (w/display),Temp & Humidity Sensor,2020/12/03 8:30 PM,67.2,55.0,50.5,66.2,,,30.3,,,,,,,,,,,,,
In home  (w/display),Temp & Humidity Sensor,2020/12/03 8:35 PM,67.2,55.0,50.5,66.2,,,30.3,,,,,,,,,,,,,
In home  (w/display),Temp & Humidity Sensor,2020/12/03 8:40 PM,67.2,55.0,50.5,66.2,,,30.3,,,,,,,,,,,,,
In home  (w/display),Temp & Humidity Sensor,2020/12/03 8:45 PM,67.2,55.0,50.5,66.2,,,30.3,,,,,,,,,,,,,
In home  (w/display),Temp & Humidity Sensor,2020/12/03 8:50 PM,67.2,55.0,50.5,66.2,,,30.3,,,,,,,,,,,,,
In home  (w/display),Temp & Humidity Sensor,2020/12/03 8:55 PM,67.2,55.0,50.5,66.2,,,30.3,,,,,,,,,,,,,
In home  (w/display),Temp & Humidity Sensor,2020/12/03 9:00 PM,67.2,55.0,50.5,66.2,,,30.3,,,,,,,,,,,,,
In home  (w/display),Temp & Humidity Sensor,2020/12/03 9:05 PM,67.2,55.0,50.5,66.2,,,30.3,,,,,,,,,,,,,
In home  (w/display),Temp & Humidity Sensor,2020/12/03 9:10 PM,67.2,55.0,50.5,66.2,,,30.3,,,,,,,,,,,,,
In home  (w/display),Temp & Humidity Sensor,2020/12/03 9:15 PM,67.2,55.0,50.5,66.2,,,30.3,,,,,,,,,,,,,
In home  (w/display),Temp & Humidity Sensor,2020/12/03 9:20 PM,67.2,55.0,50.5,66.2,,,30.3,,,,,,,,,,,,,
In home  (w/display),Temp & Humidity Sensor,2020/12/03 9:25 PM,67.2,55.0,50.5,66.2,,,30.29,,,,,,,,,,,,,
In home  (w/display),Temp & Humidity Sensor,2020/12/03 9:30 PM,67.4,55.0,50.7,66.4,,,30.3,,,,,,,,,,,,,
In home  (w/display),Temp & Humidity Sensor,2020/12/03 9:35 PM,67.2,55.0,50.5,66.2,,,30.3,,,,,,,,,,,,,
In home  (w/display),Temp & Humidity Sensor,2020/12/03 9:40 PM,67.2,54.0,50.0,66.2,,,30.3,,,,,,,,,,,,,
In home  (w/display),Temp & Humidity Sensor,2020/12/03 9:45 PM,67.2,54.0,50.0,66.2,,,30.3,,,,,,,,,,,,,
In home  (w/display),Temp & Humidity Sensor,2020/12/03 9:50 PM,67.4,54.0,50.2,66.4,,,30.3,,,,,,,,,,,,,
In home  (w/display),Temp & Humidity Sensor,2020/12/03 9:55 PM,67.2,54.0,50.0,66.2,,,30.3,,,,,,,,,,,,,
In home  (w/display),Temp & Humidity Sensor,2020/12/03 10:00 PM,67.2,54.0,50.0,66.2,,,30.3,,,,,,,,,,,,,
In home  (w/display),Temp & Humidity Sensor,2020/12/03 10:05 PM,67.2,54.0,50.0,66.2,,,30.3,,,,,,,,,,,,,
In home  (w/display),Temp & Humidity Sensor,2020/12/03 10:10 PM,67.2,54.0,50.0,66.2,,,30.3,,,,,,,,,,,,,
In home  (w/display),Temp & Humidity Sensor,2020/12/03 10:15 PM,67.1,54.0,49.9,66.0,,,30.3,,,,,,,,,,,,,
In home  (w/display),Temp & Humidity Sensor,2020/12/03 10:20 PM,67.1,54.0,49.9,66.0,,,30.3,,,,,,,,,,,,,
In home  (w/display),Temp & Humidity Sensor,2020/12/03 10:25 PM,67.1,54.0,49.9,66.0,,,30.3,,,,,,,,,,,,,
In home  (w/display),Temp & Humidity Sensor,2020/12/03 10:30 PM,67.1,54.0,49.9,66.0,,,30.29,,,,,,,,,,,,,
In home  (w/display),Temp & Humidity Sensor,2020/12/03 10:35 PM,66.9,54.0,49.7,65.8,,,30.29,,,,,,,,,,,,,
In home  (w/display),Temp & Humidity Sensor,2020/12/03 10:40 PM,66.9,54.0,49.7,65.8,,,30.29,,,,,,,,,,,,,
In home  (w/display),Temp & Humidity Sensor,2020/12/03 10:45 PM,66.7,54.0,49.5,65.6,,,30.29,,,,,,,,,,,,,
In home  (w/display),Temp & Humidity Sensor,2020/12/03 10:50 PM,66.7,54.0,49.5,65.6,,,30.29,,,,,,,,,,,,,
In home  (w/display),Temp & Humidity Sensor,2020/12/03 10:55 PM,66.7,54.0,49.5,65.6,,,30.29,,,,,,,,,,,,,
In home  (w/display),Temp & Humidity Sensor,2020/12/03 11:00 PM,66.5,54.0,49.3,65.4,,,30.29,,,,,,,,,,,,,
In home  (w/display),Temp & Humidity Sensor,2020/12/03 11:05 PM,66.3,54.0,49.1,65.2,,,30.29,,,,,,,,,,,,,
In home  (w/display),Temp & Humidity Sensor,2020/12/03 11:10 PM,66.3,54.0,49.1,65.2,,,30.29,,,,,,,,,,,,,
In home  (w/display),Temp & Humidity Sensor,2020/12/03 11:15 PM,66.3,54.0,49.1,65.2,,,30.29,,,,,,,,,,,,,
In home  (w/display),Temp & Humidity Sensor,2020/12/03 11:20 PM,66.2,54.0,49.1,65.1,,,30.29,,,,,,,,,,,,,
In home  (w/display),Temp & Humidity Sensor,2020/12/03 11:25 PM,66.0,55.0,49.4,64.9,,,30.29,,,,,,,,,,,,,
In home  (w/display),Temp & Humidity Sensor,2020/12/03 11:30 PM,66.0,55.0,49.4,64.9,,,30.29,,,,,,,,,,,,,
In home  (w/display),Temp & Humidity Sensor,2020/12/03 11:35 PM,65.8,55.0,49.2,64.7,,,30.29,,,,,,,,,,,,,
In home  (w/display),Temp & Humidity Sensor,2020/12/03 11:40 PM,65.8,55.0,49.2,64.7,,,30.29,,,,,,,,,,,,,
In home  (w/display),Temp & Humidity Sensor,2020/12/03 11:45 PM,65.4,55.0,48.8,64.2,,,30.28,,,,,,,,,,,,,
In home  (w/display),Temp & Humidity Sensor,2020/12/03 11:50 PM,65.4,55.0,48.8,64.2,,,30.29,,,,,,,,,,,,,
In home  (w/display),Temp & Humidity Sensor,2020/12/03 11:55 PM,65.4,55.0,48.8,64.2,,,30.29,,,,,,,,,,,,,
In home  (w/display),Temp & Humidity Sensor,2020/12/04 12:00 AM,65.3,55.0,48.7,64.1,,,30.29,,,,,,,,,,,,,
In home  (w/display),Temp & Humidity Sensor,2020/12/04 12:05 AM,65.1,55.0,48.5,63.9,,,30.28,,,,,,,,,,,,,
In home  (w/display),Temp & Humidity Sensor,2020/12/04 12:10 AM,65.1,55.0,48.5,63.9,,,30.28,,,,,,,,,,,,,
In home  (w/display),Temp & Humidity Sensor,2020/12/04 12:15 AM,64.9,55.0,48.3,63.7,,,30.28,,,,,,,,,,,,,
In home  (w/display),Temp & Humidity Sensor,2020/12/04 12:20 AM,64.9,55.0,48.3,63.7,,,30.27,,,,,,,,,,,,,
In home  (w/display),Temp & Humidity Sensor,2020/12/04 12:25 AM,64.7,55.0,48.2,63.5,,,30.27,,,,,,,,,,,,,
In home  (w/display),Temp & Humidity Sensor,2020/12/04 12:30 AM,64.7,55.0,48.2,63.5,,,30.27,,,,,,,,,,,,,
In home  (w/display),Temp & Humidity Sensor,2020/12/04 12:35 AM,64.5,55.0,48.0,63.2,,,30.27,,,,,,,,,,,,,
In home  (w/display),Temp & Humidity Sensor,2020/12/04 12:40 AM,64.5,55.0,48.0,63.2,,,30.27,,,,,,,,,,,,,
In home  (w/display),Temp & Humidity Sensor,2020/12/04 12:45 AM,64.5,55.0,48.0,63.2,,,30.26,,,,,,,,,,,,,
In home  (w/display),Temp & Humidity Sensor,2020/12/04 12:50 AM,64.4,55.0,47.9,63.1,,,30.26,,,,,,,,,,,,,
In home  (w/display),Temp & Humidity Sensor,2020/12/04 12:55 AM,64.2,55.0,47.7,62.9,,,30.26,,,,,,,,,,,,,
In home  (w/display),Temp & Humidity Sensor,2020/12/04 1:00 AM,64.2,55.0,47.7,62.9,,,30.26,,,,,,,,,,,,,
In home  (w/display),Temp & Humidity Sensor,2020/12/04 1:05 AM,64.2,55.0,47.7,62.9,,,30.26,,,,,,,,,,,,,
In home  (w/display),Temp & Humidity Sensor,2020/12/04 1:10 AM,64.0,55.0,47.5,62.7,,,30.26,,,,,,,,,,,,,
In home  (w/display),Temp & Humidity Sensor,2020/12/04 1:15 AM,64.0,55.0,47.5,62.7,,,30.26,,,,,,,,,,,,,
In home  (w/display),Temp & Humidity Sensor,2020/12/04 1:20 AM,64.0,55.0,47.5,62.7,,,30.26,,,,,,,,,,,,,
In home  (w/display),Temp & Humidity Sensor,2020/12/04 1:25 AM,64.0,55.0,47.5,62.7,,,30.26,,,,,,,,,,,,,
In home  (w/display),Temp & Humidity Sensor,2020/12/04 1:30 AM,64.0,55.0,47.5,62.7,,,30.26,,,,,,,,,,,,,
In home  (w/display),Temp & Humidity Sensor,2020/12/04 1:35 AM,63.8,55.0,47.3,62.5,,,30.26,,,,,,,,,,,,,
In home  (w/display),Temp & Humidity Sensor,2020/12/04 1:40 AM,63.8,55.0,47.3,62.5,,,30.26,,,,,,,,,,,,,
In home  (w/display),Temp & Humidity Sensor,2020/12/04 1:45 AM,63.6,55.0,47.1,62.2,,,30.26,,,,,,,,,,,,,
In home  (w/display),Temp & Humidity Sensor,2020/12/04 1:50 AM,63.6,55.0,47.1,62.2,,,30.27,,,,,,,,,,,,,
In home  (w/display),Temp & Humidity Sensor,2020/12/04 1:55 AM,63.6,55.0,47.1,62.2,,,30.27,,,,,,,,,,,,,
In home  (w/display),Temp & Humidity Sensor,2020/12/04 2:00 AM,63.6,55.0,47.1,62.2,,,30.27,,,,,,,,,,,,,
In home  (w/display),Temp & Humidity Sensor,2020/12/04 2:05 AM,63.5,55.0,47.0,62.1,,,30.27,,,,,,,,,,,,,
In home  (w/display),Temp & Humidity Sensor,2020/12/04 2:10 AM,63.5,55.0,47.0,62.1,,,30.26,,,,,,,,,,,,,
In home  (w/display),Temp & Humidity Sensor,2020/12/04 2:15 AM,63.5,55.0,47.0,62.1,,,30.26,,,,,,,,,,,,,
In home  (w/display),Temp & Humidity Sensor,2020/12/04 2:20 AM,63.5,55.0,47.0,62.1,,,30.26,,,,,,,,,,,,,
In home  (w/display),Temp & Humidity Sensor,2020/12/04 2:25 AM,63.3,56.0,47.3,62.0,,,30.26,,,,,,,,,,,,,
In home  (w/display),Temp & Humidity Sensor,2020/12/04 2:30 AM,63.3,56.0,47.3,62.0,,,30.25,,,,,,,,,,,,,
In home  (w/display),Temp & Humidity Sensor,2020/12/04 2:35 AM,63.3,56.0,47.3,62.0,,,30.26,,,,,,,,,,,,,
In home  (w/display),Temp & Humidity Sensor,2020/12/04 2:40 AM,63.1,56.0,47.1,61.7,,,30.25,,,,,,,,,,,,,
In home  (w/display),Temp & Humidity Sensor,2020/12/04 2:45 AM,63.1,56.0,47.1,61.7,,,30.25,,,,,,,,,,,,,
In home  (w/display),Temp & Humidity Sensor,2020/12/04 2:50 AM,63.1,56.0,47.1,61.7,,,30.25,,,,,,,,,,,,,
In home  (w/display),Temp & Humidity Sensor,2020/12/04 2:55 AM,63.1,56.0,47.1,61.7,,,30.24,,,,,,,,,,,,,
In home  (w/display),Temp & Humidity Sensor,2020/12/04 3:00 AM,63.1,56.0,47.1,61.7,,,30.24,,,,,,,,,,,,,
In home  (w/display),Temp & Humidity Sensor,2020/12/04 3:05 AM,62.9,56.0,47.0,61.5,,,30.24,,,,,,,,,,,,,
In home  (w/display),Temp & Humidity Sensor,2020/12/04 3:10 AM,62.9,56.0,47.0,61.5,,,30.24,,,,,,,,,,,,,
In home  (w/display),Temp & Humidity Sensor,2020/12/04 3:15 AM,62.7,57.0,47.2,61.3,,,30.24,,,,,,,,,,,,,
In home  (w/display),Temp & Humidity Sensor,2020/12/04 3:20 AM,62.7,57.0,47.2,61.3,,,30.24,,,,,,,,,,,,,
In home  (w/display),Temp & Humidity Sensor,2020/12/04 3:25 AM,62.7,57.0,47.2,61.3,,,30.25,,,,,,,,,,,,,
In home  (w/display),Temp & Humidity Sensor,2020/12/04 3:30 AM,62.7,57.0,47.2,61.3,,,30.25,,,,,,,,,,,,,
In home  (w/display),Temp & Humidity Sensor,2020/12/04 3:35 AM,62.7,57.0,47.2,61.3,,,30.25,,,,,,,,,,,,,
In home  (w/display),Temp & Humidity Sensor,2020/12/04 3:40 AM,62.7,57.0,47.2,61.3,,,30.25,,,,,,,,,,,,,
In home  (w/display),Temp & Humidity Sensor,2020/12/04 3:45 AM,62.7,57.0,47.2,61.3,,,30.25,,,,,,,,,,,,,
In home  (w/display),Temp & Humidity Sensor,2020/12/04 3:50 AM,62.6,57.0,47.1,61.2,,,30.25,,,,,,,,,,,,,
In home  (w/display),Temp & Humidity Sensor,2020/12/04 3:55 AM,62.6,57.0,47.1,61.2,,,30.25,,,,,,,,,,,,,
In home  (w/display),Temp & Humidity Sensor,2020/12/04 4:00 AM,62.4,57.0,47.0,61.0,,,30.24,,,,,,,,,,,,,
In home  (w/display),Temp & Humidity Sensor,2020/12/04 4:05 AM,62.4,57.0,47.0,61.0,,,30.24,,,,,,,,,,,,,
In home  (w/display),Temp & Humidity Sensor,2020/12/04 4:10 AM,62.4,57.0,47.0,61.0,,,30.24,,,,,,,,,,,,,
In home  (w/display),Temp & Humidity Sensor,2020/12/04 4:15 AM,62.4,57.0,47.0,61.0,,,30.24,,,,,,,,,,,,,
In home  (w/display),Temp & Humidity Sensor,2020/12/04 4:20 AM,62.4,57.0,47.0,61.0,,,30.24,,,,,,,,,,,,,
In home  (w/display),Temp & Humidity Sensor,2020/12/04 4:25 AM,62.4,57.0,47.0,61.0,,,30.24,,,,,,,,,,,,,
In home  (w/display),Temp & Humidity Sensor,2020/12/04 4:30 AM,62.4,57.0,47.0,61.0,,,30.24,,,,,,,,,,,,,
In home  (w/display),Temp & Humidity Sensor,2020/12/04 4:35 AM,62.6,57.0,47.1,61.2,,,30.23,,,,,,,,,,,,,
In home  (w/display),Temp & Humidity Sensor,2020/12/04 4:40 AM,62.9,57.0,47.4,61.6,,,30.23,,,,,,,,,,,,,
In home  (w/display),Temp & Humidity Sensor,2020/12/04 4:45 AM,63.3,57.0,47.8,62.0,,,30.23,,,,,,,,,,,,,
In home  (w/display),Temp & Humidity Sensor,2020/12/04 4:50 AM,63.8,56.0,47.8,62.5,,,30.23,,,,,,,,,,,,,
In home  (w/display),Temp & Humidity Sensor,2020/12/04 4:55 AM,64.2,56.0,48.2,63.0,,,30.23,,,,,,,,,,,,,
In home  (w/display),Temp & Humidity Sensor,2020/12/04 5:00 AM,64.4,55.0,47.9,63.1,,,30.23,,,,,,,,,,,,,
In home  (w/display),Temp & Humidity Sensor,2020/12/04 5:05 AM,64.7,55.0,48.2,63.5,,,30.23,,,,,,,,,,,,,
In home  (w/display),Temp & Humidity Sensor,2020/12/04 5:10 AM,65.1,55.0,48.5,63.9,,,30.23,,,,,,,,,,,,,
In home  (w/display),Temp & Humidity Sensor,2020/12/04 5:15 AM,65.4,55.0,48.8,64.2,,,30.22,,,,,,,,,,,,,
In home  (w/display),Temp & Humidity Sensor,2020/12/04 5:20 AM,65.8,55.0,49.2,64.7,,,30.22,,,,,,,,,,,,,
In home  (w/display),Temp & Humidity Sensor,2020/12/04 5:25 AM,66.2,54.0,49.1,65.1,,,30.22,,,,,,,,,,,,,
In home  (w/display),Temp & Humidity Sensor,2020/12/04 5:30 AM,66.3,54.0,49.1,65.2,,,30.22,,,,,,,,,,,,,
In home  (w/display),Temp & Humidity Sensor,2020/12/04 5:35 AM,66.7,54.0,49.5,65.6,,,30.23,,,,,,,,,,,,,
In home  (w/display),Temp & Humidity Sensor,2020/12/04 5:40 AM,66.9,54.0,49.7,65.8,,,30.22,,,,,,,,,,,,,
In home  (w/display),Temp & Humidity Sensor,2020/12/04 5:45 AM,66.7,54.0,49.5,65.6,,,30.23,,,,,,,,,,,,,
In home  (w/display),Temp & Humidity Sensor,2020/12/04 5:50 AM,66.5,54.0,49.3,65.4,,,30.22,,,,,,,,,,,,,
In home  (w/display),Temp & Humidity Sensor,2020/12/04 5:55 AM,66.9,54.0,49.7,65.8,,,30.23,,,,,,,,,,,,,
In home  (w/display),Temp & Humidity Sensor,2020/12/04 6:00 AM,67.2,54.0,50.0,66.2,,,30.23,,,,,,,,,,,,,
In home  (w/display),Temp & Humidity Sensor,2020/12/04 6:05 AM,67.4,54.0,50.2,66.4,,,30.22,,,,,,,,,,,,,
In home  (w/display),Temp & Humidity Sensor,2020/12/04 6:10 AM,67.2,54.0,50.0,66.2,,,30.22,,,,,,,,,,,,,
In home  (w/display),Temp & Humidity Sensor,2020/12/04 6:15 AM,67.1,54.0,49.9,66.0,,,30.22,,,,,,,,,,,,,
In home  (w/display),Temp & Humidity Sensor,2020/12/04 6:20 AM,67.2,54.0,50.0,66.2,,,30.22,,,,,,,,,,,,,
In home  (w/display),Temp & Humidity Sensor,2020/12/04 6:25 AM,67.4,54.0,50.2,66.4,,,30.22,,,,,,,,,,,,,
In home  (w/display),Temp & Humidity Sensor,2020/12/04 6:30 AM,67.2,54.0,50.0,66.2,,,30.22,,,,,,,,,,,,,
In home  (w/display),Temp & Humidity Sensor,2020/12/04 6:35 AM,67.2,54.0,50.0,66.2,,,30.23,,,,,,,,,,,,,
In home  (w/display),Temp & Humidity Sensor,2020/12/04 6:40 AM,67.6,54.0,50.4,66.6,,,30.23,,,,,,,,,,,,,
In home  (w/display),Temp & Humidity Sensor,2020/12/04 6:45 AM,67.6,54.0,50.4,66.6,,,30.22,,,,,,,,,,,,,
In home  (w/display),Temp & Humidity Sensor,2020/12/04 6:50 AM,67.4,54.0,50.2,66.4,,,30.22,,,,,,,,,,,,,
In home  (w/display),Temp & Humidity Sensor,2020/12/04 6:55 AM,67.6,54.0,50.4,66.6,,,30.22,,,,,,,,,,,,,
In home  (w/display),Temp & Humidity Sensor,2020/12/04 7:00 AM,67.8,54.0,50.5,66.8,,,30.22,,,,,,,,,,,,,
In home  (w/display),Temp & Humidity Sensor,2020/12/04 7:05 AM,67.8,54.0,50.5,66.8,,,30.22,,,,,,,,,,,,,
In home  (w/display),Temp & Humidity Sensor,2020/12/04 7:10 AM,67.6,54.0,50.4,66.6,,,30.22,,,,,,,,,,,,,
In home  (w/display),Temp & Humidity Sensor,2020/12/04 7:15 AM,67.6,54.0,50.4,66.6,,,30.23,,,,,,,,,,,,,
In home  (w/display),Temp & Humidity Sensor,2020/12/04 7:20 AM,67.8,54.0,50.5,66.8,,,30.22,,,,,,,,,,,,,
In home  (w/display),Temp & Humidity Sensor,2020/12/04 7:25 AM,68.0,54.0,50.7,67.0,,,30.22,,,,,,,,,,,,,
In home  (w/display),Temp & Humidity Sensor,2020/12/04 7:30 AM,67.8,54.0,50.5,66.8,,,30.22,,,,,,,,,,,,,
In home  (w/display),Temp & Humidity Sensor,2020/12/04 7:35 AM,67.8,54.0,50.5,66.8,,,30.22,,,,,,,,,,,,,
In home  (w/display),Temp & Humidity Sensor,2020/12/04 7:40 AM,68.1,54.0,50.8,67.1,,,30.22,,,,,,,,,,,,,
In home  (w/display),Temp & Humidity Sensor,2020/12/04 7:45 AM,68.1,54.0,50.8,67.1,,,30.22,,,,,,,,,,,,,
In home  (w/display),Temp & Humidity Sensor,2020/12/04 7:50 AM,68.0,54.0,50.7,67.0,,,30.22,,,,,,,,,,,,,
In home  (w/display),Temp & Humidity Sensor,2020/12/04 7:55 AM,67.8,54.0,50.5,66.8,,,30.22,,,,,,,,,,,,,
In home  (w/display),Temp & Humidity Sensor,2020/12/04 8:00 AM,68.0,54.0,50.7,67.0,,,30.22,,,,,,,,,,,,,
In home  (w/display),Temp & Humidity Sensor,2020/12/04 8:05 AM,68.1,54.0,50.8,67.1,,,30.22,,,,,,,,,,,,,
In home  (w/display),Temp & Humidity Sensor,2020/12/04 8:10 AM,68.1,54.0,50.8,67.1,,,30.22,,,,,,,,,,,,,
In home  (w/display),Temp & Humidity Sensor,2020/12/04 8:15 AM,67.8,54.0,50.5,66.8,,,30.22,,,,,,,,,,,,,
In home  (w/display),Temp & Humidity Sensor,2020/12/04 8:20 AM,67.8,54.0,50.5,66.8,,,30.22,,,,,,,,,,,,,
In home  (w/display),Temp & Humidity Sensor,2020/12/04 8:25 AM,67.6,54.0,50.4,66.6,,,30.21,,,,,,,,,,,,,
In home  (w/display),Temp & Humidity Sensor,2020/12/04 8:30 AM,67.4,54.0,50.2,66.4,,,30.21,,,,,,,,,,,,,
In home  (w/display),Temp & Humidity Sensor,2020/12/04 8:35 AM,67.2,54.0,50.0,66.2,,,30.21,,,,,,,,,,,,,
In home  (w/display),Temp & Humidity Sensor,2020/12/04 8:40 AM,67.1,54.0,49.9,66.0,,,30.21,,,,,,,,,,,,,
In home  (w/display),Temp & Humidity Sensor,2020/12/04 8:45 AM,67.1,54.0,49.9,66.0,,,30.21,,,,,,,,,,,,,
In home  (w/display),Temp & Humidity Sensor,2020/12/04 8:50 AM,67.1,54.0,49.9,66.0,,,30.21,,,,,,,,,,,,,
In home  (w/display),Temp & Humidity Sensor,2020/12/04 8:55 AM,66.9,54.0,49.7,65.8,,,30.22,,,,,,,,,,,,,
In home  (w/display),Temp & Humidity Sensor,2020/12/04 9:00 AM,66.7,54.0,49.5,65.6,,,30.22,,,,,,,,,,,,,
In home  (w/display),Temp & Humidity Sensor,2020/12/04 9:05 AM,66.7,54.0,49.5,65.6,,,30.21,,,,,,,,,,,,,
In home  (w/display),Temp & Humidity Sensor,2020/12/04 9:10 AM,66.7,54.0,49.5,65.6,,,30.21,,,,,,,,,,,,,
In home  (w/display),Temp & Humidity Sensor,2020/12/04 9:15 AM,66.5,54.0,49.3,65.4,,,30.21,,,,,,,,,,,,,
In home  (w/display),Temp & Humidity Sensor,2020/12/04 9:20 AM,66.5,54.0,49.3,65.4,,,30.21,,,,,,,,,,,,,
In home  (w/display),Temp & Humidity Sensor,2020/12/04 9:25 AM,66.3,55.0,49.6,65.2,,,30.21,,,,,,,,,,,,,
In home  (w/display),Temp & Humidity Sensor,2020/12/04 9:30 AM,66.3,55.0,49.6,65.2,,,30.21,,,,,,,,,,,,,
In home  (w/display),Temp & Humidity Sensor,2020/12/04 9:35 AM,66.3,55.0,49.6,65.2,,,30.21,,,,,,,,,,,,,
In home  (w/display),Temp & Humidity Sensor,2020/12/04 9:40 AM,66.3,55.0,49.6,65.2,,,30.21,,,,,,,,,,,,,
In home  (w/display),Temp & Humidity Sensor,2020/12/04 9:45 AM,66.3,55.0,49.6,65.2,,,30.21,,,,,,,,,,,,,
In home  (w/display),Temp & Humidity Sensor,2020/12/04 9:50 AM,66.3,55.0,49.6,65.2,,,30.21,,,,,,,,,,,,,
In home  (w/display),Temp & Humidity Sensor,2020/12/04 9:55 AM,66.3,55.0,49.6,65.2,,,30.21,,,,,,,,,,,,,
In home  (w/display),Temp & Humidity Sensor,2020/12/04 10:00 AM,66.2,55.0,49.5,65.1,,,30.21,,,,,,,,,,,,,
In home  (w/display),Temp & Humidity Sensor,2020/12/04 10:05 AM,66.2,55.0,49.5,65.1,,,30.2,,,,,,,,,,,,,
In home  (w/display),Temp & Humidity Sensor,2020/12/04 10:10 AM,66.0,56.0,49.8,64.9,,,30.2,,,,,,,,,,,,,
In home  (w/display),Temp & Humidity Sensor,2020/12/04 10:15 AM,66.0,56.0,49.8,64.9,,,30.2,,,,,,,,,,,,,
In home  (w/display),Temp & Humidity Sensor,2020/12/04 10:20 AM,66.0,56.0,49.8,64.9,,,30.2,,,,,,,,,,,,,
In home  (w/display),Temp & Humidity Sensor,2020/12/04 10:25 AM,65.8,56.0,49.7,64.7,,,30.2,,,,,,,,,,,,,
In home  (w/display),Temp & Humidity Sensor,2020/12/04 10:30 AM,65.8,56.0,49.7,64.7,,,30.2,,,,,,,,,,,,,
In home  (w/display),Temp & Humidity Sensor,2020/12/04 10:35 AM,65.8,56.0,49.7,64.7,,,30.2,,,,,,,,,,,,,
In home  (w/display),Temp & Humidity Sensor,2020/12/04 10:40 AM,65.6,56.0,49.5,64.5,,,30.19,,,,,,,,,,,,,
In home  (w/display),Temp & Humidity Sensor,2020/12/04 10:45 AM,65.6,56.0,49.5,64.5,,,30.19,,,,,,,,,,,,,
In home  (w/display),Temp & Humidity Sensor,2020/12/04 10:50 AM,65.6,56.0,49.5,64.5,,,30.19,,,,,,,,,,,,,
In home  (w/display),Temp & Humidity Sensor,2020/12/04 10:55 AM,65.8,56.0,49.7,64.7,,,30.19,,,,,,,,,,,,,
In home  (w/display),Temp & Humidity Sensor,2020/12/04 11:00 AM,65.8,56.0,49.7,64.7,,,30.19,,,,,,,,,,,,,
In home  (w/display),Temp & Humidity Sensor,2020/12/04 11:05 AM,65.8,56.0,49.7,64.7,,,30.18,,,,,,,,,,,,,
In home  (w/display),Temp & Humidity Sensor,2020/12/04 11:10 AM,65.8,56.0,49.7,64.7,,,30.19,,,,,,,,,,,,,
In home  (w/display),Temp & Humidity Sensor,2020/12/04 11:15 AM,65.6,56.0,49.5,64.5,,,30.19,,,,,,,,,,,,,
In home  (w/display),Temp & Humidity Sensor,2020/12/04 11:20 AM,65.6,56.0,49.5,64.5,,,30.19,,,,,,,,,,,,,
In home  (w/display),Temp & Humidity Sensor,2020/12/04 11:25 AM,65.8,56.0,49.7,64.7,,,30.18,,,,,,,,,,,,,
In home  (w/display),Temp & Humidity Sensor,2020/12/04 11:30 AM,66.0,56.0,49.8,64.9,,,30.18,,,,,,,,,,,,,
In home  (w/display),Temp & Humidity Sensor,2020/12/04 11:35 AM,66.0,56.0,49.8,64.9,,,30.17,,,,,,,,,,,,,
In home  (w/display),Temp & Humidity Sensor,2020/12/04 11:40 AM,66.0,56.0,49.8,64.9,,,30.17,,,,,,,,,,,,,
In home  (w/display),Temp & Humidity Sensor,2020/12/04 11:45 AM,65.8,56.0,49.7,64.7,,,30.16,,,,,,,,,,,,,
In home  (w/display),Temp & Humidity Sensor,2020/12/04 11:50 AM,65.6,56.0,49.5,64.5,,,30.16,,,,,,,,,,,,,
In home  (w/display),Temp & Humidity Sensor,2020/12/04 11:55 AM,65.6,56.0,49.5,64.5,,,30.16,,,,,,,,,,,,,
In home  (w/display),Temp & Humidity Sensor,2020/12/04 12:00 PM,65.4,56.0,49.3,64.3,,,30.16,,,,,,,,,,,,,
In home  (w/display),Temp & Humidity Sensor,2020/12/04 12:05 PM,65.4,56.0,49.3,64.3,,,30.15,,,,,,,,,,,,,
In home  (w/display),Temp & Humidity Sensor,2020/12/04 12:10 PM,65.4,56.0,49.3,64.3,,,30.14,,,,,,,,,,,,,
In home  (w/display),Temp & Humidity Sensor,2020/12/04 12:15 PM,65.4,56.0,49.3,64.3,,,30.14,,,,,,,,,,,,,
In home  (w/display),Temp & Humidity Sensor,2020/12/04 12:20 PM,65.6,56.0,49.5,64.5,,,30.13,,,,,,,,,,,,,
In home  (w/display),Temp & Humidity Sensor,2020/12/04 12:25 PM,66.0,56.0,49.8,64.9,,,30.13,,,,,,,,,,,,,
In home  (w/display),Temp & Humidity Sensor,2020/12/04 12:30 PM,66.0,56.0,49.8,64.9,,,30.13,,,,,,,,,,,,,
In home  (w/display),Temp & Humidity Sensor,2020/12/04 12:35 PM,65.8,56.0,49.7,64.7,,,30.13,,,,,,,,,,,,,
In home  (w/display),Temp & Humidity Sensor,2020/12/04 12:40 PM,65.8,56.0,49.7,64.7,,,30.13,,,,,,,,,,,,,
In home  (w/display),Temp & Humidity Sensor,2020/12/04 12:45 PM,65.8,56.0,49.7,64.7,,,30.12,,,,,,,,,,,,,
In home  (w/display),Temp & Humidity Sensor,2020/12/04 12:50 PM,65.8,57.0,50.1,64.8,,,30.12,,,,,,,,,,,,,
In home  (w/display),Temp & Humidity Sensor,2020/12/04 12:55 PM,65.6,57.0,49.9,64.5,,,30.11,,,,,,,,,,,,,
In home  (w/display),Temp & Humidity Sensor,2020/12/04 1:00 PM,65.6,57.0,49.9,64.5,,,30.11,,,,,,,,,,,,,
In home  (w/display),Temp & Humidity Sensor,2020/12/04 1:05 PM,65.8,57.0,50.1,64.8,,,30.11,,,,,,,,,,,,,
In home  (w/display),Temp & Humidity Sensor,2020/12/04 1:10 PM,65.8,57.0,50.1,64.8,,,30.11,,,,,,,,,,,,,
In home  (w/display),Temp & Humidity Sensor,2020/12/04 1:15 PM,65.8,57.0,50.1,64.8,,,30.11,,,,,,,,,,,,,
In home  (w/display),Temp & Humidity Sensor,2020/12/04 1:20 PM,66.2,56.0,50.0,65.2,,,30.1,,,,,,,,,,,,,
In home  (w/display),Temp & Humidity Sensor,2020/12/04 1:25 PM,66.2,56.0,50.0,65.2,,,30.09,,,,,,,,,,,,,
In home  (w/display),Temp & Humidity Sensor,2020/12/04 1:30 PM,66.2,56.0,50.0,65.2,,,30.09,,,,,,,,,,,,,
In home  (w/display),Temp & Humidity Sensor,2020/12/04 1:35 PM,66.2,56.0,50.0,65.2,,,30.09,,,,,,,,,,,,,
In home  (w/display),Temp & Humidity Sensor,2020/12/04 1:40 PM,66.0,57.0,50.3,65.0,,,30.08,,,,,,,,,,,,,
In home  (w/display),Temp & Humidity Sensor,2020/12/04 1:45 PM,66.0,57.0,50.3,65.0,,,30.08,,,,,,,,,,,,,
In home  (w/display),Temp & Humidity Sensor,2020/12/04 1:50 PM,66.0,57.0,50.3,65.0,,,30.08,,,,,,,,,,,,,
In home  (w/display),Temp & Humidity Sensor,2020/12/04 1:55 PM,66.0,58.0,50.8,65.0,,,30.07,,,,,,,,,,,,,
In home  (w/display),Temp & Humidity Sensor,2020/12/04 2:00 PM,66.0,58.0,50.8,65.0,,,30.07,,,,,,,,,,,,,
In home  (w/display),Temp & Humidity Sensor,2020/12/04 2:05 PM,66.0,58.0,50.8,65.0,,,30.07,,,,,,,,,,,,,
In home  (w/display),Temp & Humidity Sensor,2020/12/04 2:10 PM,66.0,58.0,50.8,65.0,,,30.06,,,,,,,,,,,,,
In home  (w/display),Temp & Humidity Sensor,2020/12/04 2:15 PM,66.2,57.0,50.5,65.2,,,30.06,,,,,,,,,,,,,
In home  (w/display),Temp & Humidity Sensor,2020/12/04 2:20 PM,66.0,58.0,50.8,65.0,,,30.06,,,,,,,,,,,,,
In home  (w/display),Temp & Humidity Sensor,2020/12/04 2:25 PM,66.2,57.0,50.5,65.2,,,30.06,,,,,,,,,,,,,
In home  (w/display),Temp & Humidity Sensor,2020/12/04 2:30 PM,66.2,57.0,50.5,65.2,,,30.06,,,,,,,,,,,,,
In home  (w/display),Temp & Humidity Sensor,2020/12/04 2:35 PM,66.2,57.0,50.5,65.2,,,30.05,,,,,,,,,,,,,
In home  (w/display),Temp & Humidity Sensor,2020/12/04 2:40 PM,66.2,57.0,50.5,65.2,,,30.04,,,,,,,,,,,,,
In home  (w/display),Temp & Humidity Sensor,2020/12/04 2:45 PM,66.2,57.0,50.5,65.2,,,30.04,,,,,,,,,,,,,
In home  (w/display),Temp & Humidity Sensor,2020/12/04 2:50 PM,66.2,57.0,50.5,65.2,,,30.04,,,,,,,,,,,,,
In home  (w/display),Temp & Humidity Sensor,2020/12/04 2:55 PM,66.2,57.0,50.5,65.2,,,30.04,,,,,,,,,,,,,
In home  (w/display),Temp & Humidity Sensor,2020/12/04 3:00 PM,66.2,57.0,50.5,65.2,,,30.04,,,,,,,,,,,,,
In home  (w/display),Temp & Humidity Sensor,2020/12/04 3:05 PM,66.2,57.0,50.5,65.2,,,30.04,,,,,,,,,,,,,
In home  (w/display),Temp & Humidity Sensor,2020/12/04 3:10 PM,66.2,57.0,50.5,65.2,,,30.04,,,,,,,,,,,,,
In home  (w/display),Temp & Humidity Sensor,2020/12/04 3:15 PM,66.2,57.0,50.5,65.2,,,30.04,,,,,,,,,,,,,
In home  (w/display),Temp & Humidity Sensor,2020/12/04 3:20 PM,66.0,58.0,50.8,65.0,,,30.03,,,,,,,,,,,,,
In home  (w/display),Temp & Humidity Sensor,2020/12/04 3:25 PM,66.2,57.0,50.5,65.2,,,30.02,,,,,,,,,,,,,
In home  (w/display),Temp & Humidity Sensor,2020/12/04 3:30 PM,66.0,58.0,50.8,65.0,,,30.02,,,,,,,,,,,,,
In home  (w/display),Temp & Humidity Sensor,2020/12/04 3:35 PM,66.0,58.0,50.8,65.0,,,30.02,,,,,,,,,,,,,
In home  (w/display),Temp & Humidity Sensor,2020/12/04 3:40 PM,66.0,58.0,50.8,65.0,,,30.02,,,,,,,,,,,,,
In home  (w/display),Temp & Humidity Sensor,2020/12/04 3:45 PM,66.2,57.0,50.5,65.2,,,30.02,,,,,,,,,,,,,
In home  (w/display),Temp & Humidity Sensor,2020/12/04 3:50 PM,66.0,58.0,50.8,65.0,,,30.02,,,,,,,,,,,,,
In home  (w/display),Temp & Humidity Sensor,2020/12/04 3:55 PM,66.2,57.0,50.5,65.2,,,30.01,,,,,,,,,,,,,
In home  (w/display),Temp & Humidity Sensor,2020/12/04 4:00 PM,66.0,58.0,50.8,65.0,,,30.02,,,,,,,,,,,,,
In home  (w/display),Temp & Humidity Sensor,2020/12/04 4:05 PM,66.2,57.0,50.5,65.2,,,30.02,,,,,,,,,,,,,
In home  (w/display),Temp & Humidity Sensor,2020/12/04 4:10 PM,66.2,57.0,50.5,65.2,,,30.02,,,,,,,,,,,,,
In home  (w/display),Temp & Humidity Sensor,2020/12/04 4:20 PM,66.2,57.0,50.5,65.2,,,30.02,,,,,,,,,,,,,
In home  (w/display),Temp & Humidity Sensor,2020/12/04 4:25 PM,66.2,57.0,50.5,65.2,,,30.01,,,,,,,,,,,,,
In home  (w/display),Temp & Humidity Sensor,2020/12/04 4:30 PM,66.2,58.0,51.0,65.2,,,30.0,,,,,,,,,,,,,
In home  (w/display),Temp & Humidity Sensor,2020/12/04 4:35 PM,66.2,57.0,50.5,65.2,,,30.01,,,,,,,,,,,,,
In home  (w/display),Temp & Humidity Sensor,2020/12/04 4:40 PM,66.0,58.0,50.8,65.0,,,30.0,,,,,,,,,,,,,
In home  (w/display),Temp & Humidity Sensor,2020/12/04 4:45 PM,66.0,58.0,50.8,65.0,,,30.0,,,,,,,,,,,,,
In home  (w/display),Temp & Humidity Sensor,2020/12/04 4:50 PM,66.0,58.0,50.8,65.0,,,29.99,,,,,,,,,,,,,
In home  (w/display),Temp & Humidity Sensor,2020/12/04 4:55 PM,66.0,58.0,50.8,65.0,,,29.99,,,,,,,,,,,,,
In home  (w/display),Temp & Humidity Sensor,2020/12/04 5:00 PM,66.0,58.0,50.8,65.0,,,29.99,,,,,,,,,,,,,
In home  (w/display),Temp & Humidity Sensor,2020/12/04 5:05 PM,66.0,58.0,50.8,65.0,,,29.99,,,,,,,,,,,,,
In home  (w/display),Temp & Humidity Sensor,2020/12/04 5:10 PM,66.0,58.0,50.8,65.0,,,29.99,,,,,,,,,,,,,
In home  (w/display),Temp & Humidity Sensor,2020/12/04 5:15 PM,65.8,58.0,50.6,64.8,,,29.98,,,,,,,,,,,,,
In home  (w/display),Temp & Humidity Sensor,2020/12/04 5:20 PM,65.8,59.0,51.1,64.9,,,29.98,,,,,,,,,,,,,
In home  (w/display),Temp & Humidity Sensor,2020/12/04 5:25 PM,65.8,59.0,51.1,64.9,,,29.98,,,,,,,,,,,,,
In home  (w/display),Temp & Humidity Sensor,2020/12/04 5:30 PM,66.0,59.0,51.3,65.1,,,29.97,,,,,,,,,,,,,
In home  (w/display),Temp & Humidity Sensor,2020/12/04 5:35 PM,66.0,59.0,51.3,65.1,,,29.97,,,,,,,,,,,,,
In home  (w/display),Temp & Humidity Sensor,2020/12/04 5:40 PM,66.0,59.0,51.3,65.1,,,29.97,,,,,,,,,,,,,
In home  (w/display),Temp & Humidity Sensor,2020/12/04 5:45 PM,66.2,58.0,51.0,65.2,,,29.97,,,,,,,,,,,,,
In home  (w/display),Temp & Humidity Sensor,2020/12/04 5:50 PM,66.3,58.0,51.1,65.4,,,29.96,,,,,,,,,,,,,
In home  (w/display),Temp & Humidity Sensor,2020/12/04 5:55 PM,66.3,58.0,51.1,65.4,,,29.96,,,,,,,,,,,,,
In home  (w/display),Temp & Humidity Sensor,2020/12/04 6:00 PM,66.3,58.0,51.1,65.4,,,29.95,,,,,,,,,,,,,
In home  (w/display),Temp & Humidity Sensor,2020/12/04 6:05 PM,66.3,58.0,51.1,65.4,,,29.95,,,,,,,,,,,,,
In home  (w/display),Temp & Humidity Sensor,2020/12/04 6:10 PM,66.3,58.0,51.1,65.4,,,29.95,,,,,,,,,,,,,
In home  (w/display),Temp & Humidity Sensor,2020/12/04 6:15 PM,66.3,58.0,51.1,65.4,,,29.95,,,,,,,,,,,,,
In home  (w/display),Temp & Humidity Sensor,2020/12/04 6:20 PM,66.5,58.0,51.3,65.6,,,29.95,,,,,,,,,,,,,
In home  (w/display),Temp & Humidity Sensor,2020/12/04 6:25 PM,66.5,58.0,51.3,65.6,,,29.94,,,,,,,,,,,,,
In home  (w/display),Temp & Humidity Sensor,2020/12/04 6:30 PM,66.5,58.0,51.3,65.6,,,29.93,,,,,,,,,,,,,
In home  (w/display),Temp & Humidity Sensor,2020/12/04 6:35 PM,66.5,58.0,51.3,65.6,,,29.93,,,,,,,,,,,,,
In home  (w/display),Temp & Humidity Sensor,2020/12/04 6:45 PM,66.7,58.0,51.4,65.8,,,29.93,,,,,,,,,,,,,
In home  (w/display),Temp & Humidity Sensor,2020/12/04 6:50 PM,67.1,58.0,51.8,66.2,,,29.92,,,,,,,,,,,,,
In home  (w/display),Temp & Humidity Sensor,2020/12/04 6:55 PM,67.6,58.0,52.3,66.8,,,29.92,,,,,,,,,,,,,
In home  (w/display),Temp & Humidity Sensor,2020/12/04 7:00 PM,67.6,58.0,52.3,66.8,,,29.92,,,,,,,,,,,,,
In home  (w/display),Temp & Humidity Sensor,2020/12/04 7:05 PM,67.2,58.0,51.9,66.3,,,29.92,,,,,,,,,,,,,
In home  (w/display),Temp & Humidity Sensor,2020/12/04 7:10 PM,67.2,58.0,51.9,66.3,,,29.92,,,,,,,,,,,,,
In home  (w/display),Temp & Humidity Sensor,2020/12/04 7:15 PM,67.2,58.0,51.9,66.3,,,29.91,,,,,,,,,,,,,
In home  (w/display),Temp & Humidity Sensor,2020/12/04 7:20 PM,67.2,58.0,51.9,66.3,,,29.89,,,,,,,,,,,,,
In home  (w/display),Temp & Humidity Sensor,2020/12/04 7:25 PM,67.2,58.0,51.9,66.3,,,29.89,,,,,,,,,,,,,
In home  (w/display),Temp & Humidity Sensor,2020/12/04 7:30 PM,67.1,58.0,51.8,66.2,,,29.88,,,,,,,,,,,,,
In home  (w/display),Temp & Humidity Sensor,2020/12/04 7:35 PM,67.2,58.0,51.9,66.3,,,29.89,,,,,,,,,,,,,
In home  (w/display),Temp & Humidity Sensor,2020/12/04 7:40 PM,67.2,58.0,51.9,66.3,,,29.87,,,,,,,,,,,,,
In home  (w/display),Temp & Humidity Sensor,2020/12/04 7:45 PM,67.6,58.0,52.3,66.8,,,29.87,,,,,,,,,,,,,
In home  (w/display),Temp & Humidity Sensor,2020/12/04 7:50 PM,67.6,58.0,52.3,66.8,,,29.88,,,,,,,,,,,,,
In home  (w/display),Temp & Humidity Sensor,2020/12/04 7:55 PM,67.4,58.0,52.1,66.6,,,29.87,,,,,,,,,,,,,
In home  (w/display),Temp & Humidity Sensor,2020/12/04 8:00 PM,67.6,58.0,52.3,66.8,,,29.87,,,,,,,,,,,,,
In home  (w/display),Temp & Humidity Sensor,2020/12/04 8:05 PM,67.4,58.0,52.1,66.6,,,29.86,,,,,,,,,,,,,
In home  (w/display),Temp & Humidity Sensor,2020/12/04 8:10 PM,67.6,58.0,52.3,66.8,,,29.85,,,,,,,,,,,,,
In home  (w/display),Temp & Humidity Sensor,2020/12/04 8:15 PM,67.4,58.0,52.1,66.6,,,29.84,,,,,,,,,,,,,
In home  (w/display),Temp & Humidity Sensor,2020/12/04 8:20 PM,67.4,58.0,52.1,66.6,,,29.84,,,,,,,,,,,,,
In home  (w/display),Temp & Humidity Sensor,2020/12/04 8:25 PM,67.6,58.0,52.3,66.8,,,29.84,,,,,,,,,,,,,
In home  (w/display),Temp & Humidity Sensor,2020/12/04 8:30 PM,68.0,58.0,52.7,67.2,,,29.83,,,,,,,,,,,,,
In home  (w/display),Temp & Humidity Sensor,2020/12/04 8:35 PM,68.0,58.0,52.7,67.2,,,29.83,,,,,,,,,,,,,
In home  (w/display),Temp & Humidity Sensor,2020/12/04 8:40 PM,68.0,58.0,52.7,67.2,,,29.82,,,,,,,,,,,,,
In home  (w/display),Temp & Humidity Sensor,2020/12/04 8:45 PM,68.0,58.0,52.7,67.2,,,29.81,,,,,,,,,,,,,
In home  (w/display),Temp & Humidity Sensor,2020/12/04 8:50 PM,68.0,58.0,52.7,67.2,,,29.81,,,,,,,,,,,,,
In home  (w/display),Temp & Humidity Sensor,2020/12/04 8:55 PM,68.0,58.0,52.7,67.2,,,29.81,,,,,,,,,,,,,
In home  (w/display),Temp & Humidity Sensor,2020/12/04 9:00 PM,68.0,58.0,52.7,67.2,,,29.8,,,,,,,,,,,,,
In home  (w/display),Temp & Humidity Sensor,2020/12/04 9:05 PM,68.1,58.0,52.8,67.3,,,29.8,,,,,,,,,,,,,
In home  (w/display),Temp & Humidity Sensor,2020/12/04 9:10 PM,68.1,58.0,52.8,67.3,,,29.8,,,,,,,,,,,,,
In home  (w/display),Temp & Humidity Sensor,2020/12/04 9:15 PM,68.1,58.0,52.8,67.3,,,29.8,,,,,,,,,,,,,
In home  (w/display),Temp & Humidity Sensor,2020/12/04 9:20 PM,68.0,58.0,52.7,67.2,,,29.8,,,,,,,,,,,,,
In home  (w/display),Temp & Humidity Sensor,2020/12/04 9:25 PM,68.1,58.0,52.8,67.3,,,29.79,,,,,,,,,,,,,
In home  (w/display),Temp & Humidity Sensor,2020/12/04 9:30 PM,68.0,58.0,52.7,67.2,,,29.79,,,,,,,,,,,,,
In home  (w/display),Temp & Humidity Sensor,2020/12/04 9:35 PM,68.0,58.0,52.7,67.2,,,29.78,,,,,,,,,,,,,
In home  (w/display),Temp & Humidity Sensor,2020/12/04 9:40 PM,68.0,58.0,52.7,67.2,,,29.77,,,,,,,,,,,,,
In home  (w/display),Temp & Humidity Sensor,2020/12/04 9:45 PM,68.1,58.0,52.8,67.3,,,29.77,,,,,,,,,,,,,
In home  (w/display),Temp & Humidity Sensor,2020/12/04 9:50 PM,68.1,58.0,52.8,67.3,,,29.77,,,,,,,,,,,,,
In home  (w/display),Temp & Humidity Sensor,2020/12/04 9:55 PM,68.1,58.0,52.8,67.3,,,29.77,,,,,,,,,,,,,
In home  (w/display),Temp & Humidity Sensor,2020/12/04 10:00 PM,68.1,58.0,52.8,67.3,,,29.76,,,,,,,,,,,,,
In home  (w/display),Temp & Humidity Sensor,2020/12/04 10:05 PM,68.3,58.0,52.9,67.6,,,29.75,,,,,,,,,,,,,
In home  (w/display),Temp & Humidity Sensor,2020/12/04 10:10 PM,68.1,58.0,52.8,67.3,,,29.74,,,,,,,,,,,,,
In home  (w/display),Temp & Humidity Sensor,2020/12/04 10:15 PM,68.3,58.0,52.9,67.6,,,29.74,,,,,,,,,,,,,
In home  (w/display),Temp & Humidity Sensor,2020/12/04 10:20 PM,68.1,58.0,52.8,67.3,,,29.74,,,,,,,,,,,,,
In home  (w/display),Temp & Humidity Sensor,2020/12/04 10:25 PM,68.1,58.0,52.8,67.3,,,29.73,,,,,,,,,,,,,
In home  (w/display),Temp & Humidity Sensor,2020/12/04 10:30 PM,68.1,58.0,52.8,67.3,,,29.73,,,,,,,,,,,,,
In home  (w/display),Temp & Humidity Sensor,2020/12/04 10:35 PM,68.1,58.0,52.8,67.3,,,29.72,,,,,,,,,,,,,
In home  (w/display),Temp & Humidity Sensor,2020/12/04 10:40 PM,68.1,58.0,52.8,67.3,,,29.72,,,,,,,,,,,,,
In home  (w/display),Temp & Humidity Sensor,2020/12/04 10:45 PM,68.1,58.0,52.8,67.3,,,29.71,,,,,,,,,,,,,
In home  (w/display),Temp & Humidity Sensor,2020/12/04 10:50 PM,68.1,58.0,52.8,67.3,,,29.71,,,,,,,,,,,,,
In home  (w/display),Temp & Humidity Sensor,2020/12/04 10:55 PM,68.1,58.0,52.8,67.3,,,29.71,,,,,,,,,,,,,
In home  (w/display),Temp & Humidity Sensor,2020/12/04 11:00 PM,68.1,57.0,52.3,67.3,,,29.7,,,,,,,,,,,,,
In home  (w/display),Temp & Humidity Sensor,2020/12/04 11:05 PM,68.1,57.0,52.3,67.3,,,29.69,,,,,,,,,,,,,
In home  (w/display),Temp & Humidity Sensor,2020/12/04 11:10 PM,68.1,57.0,52.3,67.3,,,29.69,,,,,,,,,,,,,
In home  (w/display),Temp & Humidity Sensor,2020/12/04 11:15 PM,68.1,57.0,52.3,67.3,,,29.73,,,,,,,,,,,,,
In home  (w/display),Temp & Humidity Sensor,2020/12/04 11:20 PM,68.1,57.0,52.3,67.3,,,29.73,,,,,,,,,,,,,
In home  (w/display),Temp & Humidity Sensor,2020/12/04 11:25 PM,68.0,57.0,52.2,67.2,,,29.74,,,,,,,,,,,,,
In home  (w/display),Temp & Humidity Sensor,2020/12/04 11:30 PM,67.8,56.0,51.5,66.9,,,29.74,,,,,,,,,,,,,
In home  (w/display),Temp & Humidity Sensor,2020/12/04 11:35 PM,67.8,56.0,51.5,66.9,,,29.74,,,,,,,,,,,,,
In home  (w/display),Temp & Humidity Sensor,2020/12/04 11:40 PM,67.8,56.0,51.5,66.9,,,29.72,,,,,,,,,,,,,
In home  (w/display),Temp & Humidity Sensor,2020/12/04 11:45 PM,67.8,56.0,51.5,66.9,,,29.72,,,,,,,,,,,,,
In home  (w/display),Temp & Humidity Sensor,2020/12/04 11:50 PM,67.6,56.0,51.3,66.7,,,29.71,,,,,,,,,,,,,
In home  (w/display),Temp & Humidity Sensor,2020/12/04 11:55 PM,67.6,56.0,51.3,66.7,,,29.7,,,,,,,,,,,,,
In home  (w/display),Temp & Humidity Sensor,2020/12/05 12:00 AM,67.6,56.0,51.3,66.7,,,29.71,,,,,,,,,,,,,
In home  (w/display),Temp & Humidity Sensor,2020/12/05 12:05 AM,67.6,56.0,51.3,66.7,,,29.72,,,,,,,,,,,,,
In home  (w/display),Temp & Humidity Sensor,2020/12/05 12:10 AM,67.6,56.0,51.3,66.7,,,29.72,,,,,,,,,,,,,
In home  (w/display),Temp & Humidity Sensor,2020/12/05 12:15 AM,67.6,56.0,51.3,66.7,,,29.72,,,,,,,,,,,,,
In home  (w/display),Temp & Humidity Sensor,2020/12/05 12:20 AM,67.6,56.0,51.3,66.7,,,29.72,,,,,,,,,,,,,
In home  (w/display),Temp & Humidity Sensor,2020/12/05 12:25 AM,67.6,56.0,51.3,66.7,,,29.73,,,,,,,,,,,,,
In home  (w/display),Temp & Humidity Sensor,2020/12/05 12:30 AM,67.4,57.0,51.6,66.5,,,29.72,,,,,,,,,,,,,
In home  (w/display),Temp & Humidity Sensor,2020/12/05 12:35 AM,67.2,57.0,51.4,66.3,,,29.72,,,,,,,,,,,,,
In home  (w/display),Temp & Humidity Sensor,2020/12/05 12:40 AM,67.2,58.0,51.9,66.3,,,29.71,,,,,,,,,,,,,
In home  (w/display),Temp & Humidity Sensor,2020/12/05 12:45 AM,67.2,58.0,51.9,66.3,,,29.72,,,,,,,,,,,,,
In home  (w/display),Temp & Humidity Sensor,2020/12/05 12:50 AM,67.1,58.0,51.8,66.2,,,29.72,,,,,,,,,,,,,
In home  (w/display),Temp & Humidity Sensor,2020/12/05 12:55 AM,67.1,58.0,51.8,66.2,,,29.73,,,,,,,,,,,,,
In home  (w/display),Temp & Humidity Sensor,2020/12/05 1:00 AM,67.1,58.0,51.8,66.2,,,29.73,,,,,,,,,,,,,
In home  (w/display),Temp & Humidity Sensor,2020/12/05 1:05 AM,67.1,58.0,51.8,66.2,,,29.74,,,,,,,,,,,,,
In home  (w/display),Temp & Humidity Sensor,2020/12/05 1:10 AM,66.9,58.0,51.6,66.0,,,29.74,,,,,,,,,,,,,
In home  (w/display),Temp & Humidity Sensor,2020/12/05 1:15 AM,66.9,58.0,51.6,66.0,,,29.75,,,,,,,,,,,,,
In home  (w/display),Temp & Humidity Sensor,2020/12/05 1:20 AM,66.9,58.0,51.6,66.0,,,29.76,,,,,,,,,,,,,
In home  (w/display),Temp & Humidity Sensor,2020/12/05 1:25 AM,66.9,58.0,51.6,66.0,,,29.76,,,,,,,,,,,,,
In home  (w/display),Temp & Humidity Sensor,2020/12/05 1:30 AM,66.7,59.0,51.9,65.8,,,29.76,,,,,,,,,,,,,
In home  (w/display),Temp & Humidity Sensor,2020/12/05 1:35 AM,66.7,59.0,51.9,65.8,,,29.76,,,,,,,,,,,,,
In home  (w/display),Temp & Humidity Sensor,2020/12/05 1:40 AM,66.7,59.0,51.9,65.8,,,29.77,,,,,,,,,,,,,
In home  (w/display),Temp & Humidity Sensor,2020/12/05 1:45 AM,66.7,59.0,51.9,65.8,,,29.77,,,,,,,,,,,,,
In home  (w/display),Temp & Humidity Sensor,2020/12/05 1:50 AM,66.7,59.0,51.9,65.8,,,29.77,,,,,,,,,,,,,
In home  (w/display),Temp & Humidity Sensor,2020/12/05 1:55 AM,66.7,59.0,51.9,65.8,,,29.78,,,,,,,,,,,,,
In home  (w/display),Temp & Humidity Sensor,2020/12/05 2:00 AM,66.5,59.0,51.7,65.6,,,29.78,,,,,,,,,,,,,
In home  (w/display),Temp & Humidity Sensor,2020/12/05 2:05 AM,66.5,59.0,51.7,65.6,,,29.79,,,,,,,,,,,,,
In home  (w/display),Temp & Humidity Sensor,2020/12/05 2:10 AM,66.5,59.0,51.7,65.6,,,29.79,,,,,,,,,,,,,
In home  (w/display),Temp & Humidity Sensor,2020/12/05 2:15 AM,66.3,59.0,51.5,65.4,,,29.79,,,,,,,,,,,,,
In home  (w/display),Temp & Humidity Sensor,2020/12/05 2:20 AM,66.3,59.0,51.5,65.4,,,29.79,,,,,,,,,,,,,
In home  (w/display),Temp & Humidity Sensor,2020/12/05 2:25 AM,66.3,59.0,51.5,65.4,,,29.79,,,,,,,,,,,,,
In home  (w/display),Temp & Humidity Sensor,2020/12/05 2:30 AM,66.3,59.0,51.5,65.4,,,29.79,,,,,,,,,,,,,
In home  (w/display),Temp & Humidity Sensor,2020/12/05 2:35 AM,66.3,59.0,51.5,65.4,,,29.8,,,,,,,,,,,,,
In home  (w/display),Temp & Humidity Sensor,2020/12/05 2:40 AM,66.3,59.0,51.5,65.4,,,29.8,,,,,,,,,,,,,
In home  (w/display),Temp & Humidity Sensor,2020/12/05 2:45 AM,66.3,59.0,51.5,65.4,,,29.81,,,,,,,,,,,,,
In home  (w/display),Temp & Humidity Sensor,2020/12/05 2:50 AM,66.3,59.0,51.5,65.4,,,29.81,,,,,,,,,,,,,
In home  (w/display),Temp & Humidity Sensor,2020/12/05 2:55 AM,66.3,59.0,51.5,65.4,,,29.81,,,,,,,,,,,,,
In home  (w/display),Temp & Humidity Sensor,2020/12/05 3:00 AM,66.3,59.0,51.5,65.4,,,29.82,,,,,,,,,,,,,
In home  (w/display),Temp & Humidity Sensor,2020/12/05 3:05 AM,66.2,59.0,51.4,65.3,,,29.82,,,,,,,,,,,,,
In home  (w/display),Temp & Humidity Sensor,2020/12/05 3:10 AM,66.2,59.0,51.4,65.3,,,29.83,,,,,,,,,,,,,
In home  (w/display),Temp & Humidity Sensor,2020/12/05 3:15 AM,66.0,60.0,51.7,65.1,,,29.83,,,,,,,,,,,,,
In home  (w/display),Temp & Humidity Sensor,2020/12/05 3:20 AM,66.0,60.0,51.7,65.1,,,29.83,,,,,,,,,,,,,
In home  (w/display),Temp & Humidity Sensor,2020/12/05 3:25 AM,66.0,60.0,51.7,65.1,,,29.84,,,,,,,,,,,,,
In home  (w/display),Temp & Humidity Sensor,2020/12/05 3:30 AM,66.0,60.0,51.7,65.1,,,29.84,,,,,,,,,,,,,
In home  (w/display),Temp & Humidity Sensor,2020/12/05 3:35 AM,66.0,60.0,51.7,65.1,,,29.84,,,,,,,,,,,,,
In home  (w/display),Temp & Humidity Sensor,2020/12/05 3:40 AM,66.0,60.0,51.7,65.1,,,29.85,,,,,,,,,,,,,
In home  (w/display),Temp & Humidity Sensor,2020/12/05 3:45 AM,65.8,60.0,51.5,64.9,,,29.85,,,,,,,,,,,,,
In home  (w/display),Temp & Humidity Sensor,2020/12/05 3:50 AM,65.8,61.0,52.0,64.9,,,29.85,,,,,,,,,,,,,
In home  (w/display),Temp & Humidity Sensor,2020/12/05 3:55 AM,65.8,60.0,51.5,64.9,,,29.85,,,,,,,,,,,,,
In home  (w/display),Temp & Humidity Sensor,2020/12/05 4:00 AM,65.8,60.0,51.5,64.9,,,29.85,,,,,,,,,,,,,
In home  (w/display),Temp & Humidity Sensor,2020/12/05 4:05 AM,65.8,60.0,51.5,64.9,,,29.85,,,,,,,,,,,,,
In home  (w/display),Temp & Humidity Sensor,2020/12/05 4:10 AM,65.8,60.0,51.5,64.9,,,29.85,,,,,,,,,,,,,
In home  (w/display),Temp & Humidity Sensor,2020/12/05 4:15 AM,65.8,60.0,51.5,64.9,,,29.86,,,,,,,,,,,,,
In home  (w/display),Temp & Humidity Sensor,2020/12/05 4:20 AM,65.8,60.0,51.5,64.9,,,29.86,,,,,,,,,,,,,
In home  (w/display),Temp & Humidity Sensor,2020/12/05 4:25 AM,65.8,60.0,51.5,64.9,,,29.86,,,,,,,,,,,,,
In home  (w/display),Temp & Humidity Sensor,2020/12/05 4:30 AM,65.6,61.0,51.8,64.7,,,29.87,,,,,,,,,,,,,
In home  (w/display),Temp & Humidity Sensor,2020/12/05 4:35 AM,65.6,61.0,51.8,64.7,,,29.87,,,,,,,,,,,,,
In home  (w/display),Temp & Humidity Sensor,2020/12/05 4:40 AM,65.6,61.0,51.8,64.7,,,29.87,,,,,,,,,,,,,
In home  (w/display),Temp & Humidity Sensor,2020/12/05 4:45 AM,65.4,61.0,51.6,64.5,,,29.87,,,,,,,,,,,,,
In home  (w/display),Temp & Humidity Sensor,2020/12/05 4:50 AM,65.4,61.0,51.6,64.5,,,29.88,,,,,,,,,,,,,
In home  (w/display),Temp & Humidity Sensor,2020/12/05 4:55 AM,65.4,61.0,51.6,64.5,,,29.87,,,,,,,,,,,,,
In home  (w/display),Temp & Humidity Sensor,2020/12/05 5:00 AM,65.4,61.0,51.6,64.5,,,29.88,,,,,,,,,,,,,
In home  (w/display),Temp & Humidity Sensor,2020/12/05 5:05 AM,65.4,61.0,51.6,64.5,,,29.88,,,,,,,,,,,,,
In home  (w/display),Temp & Humidity Sensor,2020/12/05 5:10 AM,65.4,60.0,51.1,64.5,,,29.88,,,,,,,,,,,,,
In home  (w/display),Temp & Humidity Sensor,2020/12/05 5:15 AM,65.4,61.0,51.6,64.5,,,29.88,,,,,,,,,,,,,
In home  (w/display),Temp & Humidity Sensor,2020/12/05 5:20 AM,65.3,61.0,51.5,64.4,,,29.89,,,,,,,,,,,,,
In home  (w/display),Temp & Humidity Sensor,2020/12/05 5:25 AM,65.3,61.0,51.5,64.4,,,29.89,,,,,,,,,,,,,
In home  (w/display),Temp & Humidity Sensor,2020/12/05 5:30 AM,65.3,61.0,51.5,64.4,,,29.89,,,,,,,,,,,,,
In home  (w/display),Temp & Humidity Sensor,2020/12/05 5:35 AM,65.3,61.0,51.5,64.4,,,29.9,,,,,,,,,,,,,
In home  (w/display),Temp & Humidity Sensor,2020/12/05 5:40 AM,65.3,61.0,51.5,64.4,,,29.9,,,,,,,,,,,,,
In home  (w/display),Temp & Humidity Sensor,2020/12/05 5:45 AM,65.3,61.0,51.5,64.4,,,29.9,,,,,,,,,,,,,
In home  (w/display),Temp & Humidity Sensor,2020/12/05 5:50 AM,65.3,61.0,51.5,64.4,,,29.91,,,,,,,,,,,,,
In home  (w/display),Temp & Humidity Sensor,2020/12/05 5:55 AM,65.1,61.0,51.3,64.2,,,29.91,,,,,,,,,,,,,
In home  (w/display),Temp & Humidity Sensor,2020/12/05 6:00 AM,65.4,61.0,51.6,64.5,,,29.91,,,,,,,,,,,,,
In home  (w/display),Temp & Humidity Sensor,2020/12/05 6:05 AM,65.8,61.0,52.0,64.9,,,29.91,,,,,,,,,,,,,
In home  (w/display),Temp & Humidity Sensor,2020/12/05 6:10 AM,66.3,59.0,51.5,65.4,,,29.92,,,,,,,,,,,,,
In home  (w/display),Temp & Humidity Sensor,2020/12/05 6:15 AM,66.3,59.0,51.5,65.4,,,29.92,,,,,,,,,,,,,
In home  (w/display),Temp & Humidity Sensor,2020/12/05 6:20 AM,66.3,59.0,51.5,65.4,,,29.93,,,,,,,,,,,,,
In home  (w/display),Temp & Humidity Sensor,2020/12/05 6:25 AM,66.2,59.0,51.4,65.3,,,29.92,,,,,,,,,,,,,
In home  (w/display),Temp & Humidity Sensor,2020/12/05 6:30 AM,66.3,59.0,51.5,65.4,,,29.92,,,,,,,,,,,,,
In home  (w/display),Temp & Humidity Sensor,2020/12/05 6:35 AM,66.5,59.0,51.7,65.6,,,29.92,,,,,,,,,,,,,
In home  (w/display),Temp & Humidity Sensor,2020/12/05 6:40 AM,66.3,59.0,51.5,65.4,,,29.93,,,,,,,,,,,,,
In home  (w/display),Temp & Humidity Sensor,2020/12/05 6:45 AM,66.3,59.0,51.5,65.4,,,29.93,,,,,,,,,,,,,
In home  (w/display),Temp & Humidity Sensor,2020/12/05 6:50 AM,66.3,59.0,51.5,65.4,,,29.93,,,,,,,,,,,,,
In home  (w/display),Temp & Humidity Sensor,2020/12/05 6:55 AM,66.7,59.0,51.9,65.8,,,29.93,,,,,,,,,,,,,
In home  (w/display),Temp & Humidity Sensor,2020/12/05 7:00 AM,66.5,59.0,51.7,65.6,,,29.93,,,,,,,,,,,,,
In home  (w/display),Temp & Humidity Sensor,2020/12/05 7:05 AM,66.3,59.0,51.5,65.4,,,29.94,,,,,,,,,,,,,
In home  (w/display),Temp & Humidity Sensor,2020/12/05 7:10 AM,66.3,59.0,51.5,65.4,,,29.94,,,,,,,,,,,,,
In home  (w/display),Temp & Humidity Sensor,2020/12/05 7:15 AM,66.5,59.0,51.7,65.6,,,29.94,,,,,,,,,,,,,
In home  (w/display),Temp & Humidity Sensor,2020/12/05 7:20 AM,66.7,59.0,51.9,65.8,,,29.94,,,,,,,,,,,,,
In home  (w/display),Temp & Humidity Sensor,2020/12/05 7:25 AM,66.5,59.0,51.7,65.6,,,29.94,,,,,,,,,,,,,
In home  (w/display),Temp & Humidity Sensor,2020/12/05 7:30 AM,66.3,59.0,51.5,65.4,,,29.94,,,,,,,,,,,,,
In home  (w/display),Temp & Humidity Sensor,2020/12/05 7:35 AM,66.3,59.0,51.5,65.4,,,29.94,,,,,,,,,,,,,
In home  (w/display),Temp & Humidity Sensor,2020/12/05 7:40 AM,66.3,59.0,51.5,65.4,,,29.94,,,,,,,,,,,,,
In home  (w/display),Temp & Humidity Sensor,2020/12/05 7:45 AM,66.5,59.0,51.7,65.6,,,29.94,,,,,,,,,,,,,
In home  (w/display),Temp & Humidity Sensor,2020/12/05 7:50 AM,66.3,59.0,51.5,65.4,,,29.94,,,,,,,,,,,,,
In home  (w/display),Temp & Humidity Sensor,2020/12/05 7:55 AM,66.3,59.0,51.5,65.4,,,29.94,,,,,,,,,,,,,
In home  (w/display),Temp & Humidity Sensor,2020/12/05 8:00 AM,66.3,59.0,51.5,65.4,,,29.95,,,,,,,,,,,,,
In home  (w/display),Temp & Humidity Sensor,2020/12/05 8:05 AM,66.3,59.0,51.5,65.4,,,29.95,,,,,,,,,,,,,
In home  (w/display),Temp & Humidity Sensor,2020/12/05 8:10 AM,66.3,59.0,51.5,65.4,,,29.96,,,,,,,,,,,,,
In home  (w/display),Temp & Humidity Sensor,2020/12/05 8:15 AM,66.3,59.0,51.5,65.4,,,29.96,,,,,,,,,,,,,
In home  (w/display),Temp & Humidity Sensor,2020/12/05 8:20 AM,66.2,59.0,51.4,65.3,,,29.96,,,,,,,,,,,,,
In home  (w/display),Temp & Humidity Sensor,2020/12/05 8:25 AM,66.0,60.0,51.7,65.1,,,29.96,,,,,,,,,,,,,
In home  (w/display),Temp & Humidity Sensor,2020/12/05 8:30 AM,66.0,60.0,51.7,65.1,,,29.97,,,,,,,,,,,,,
In home  (w/display),Temp & Humidity Sensor,2020/12/05 8:35 AM,66.0,60.0,51.7,65.1,,,29.97,,,,,,,,,,,,,
In home  (w/display),Temp & Humidity Sensor,2020/12/05 8:40 AM,66.0,61.0,52.2,65.2,,,29.98,,,,,,,,,,,,,
In home  (w/display),Temp & Humidity Sensor,2020/12/05 8:45 AM,66.0,61.0,52.2,65.2,,,29.98,,,,,,,,,,,,,
In home  (w/display),Temp & Humidity Sensor,2020/12/05 8:50 AM,66.0,61.0,52.2,65.2,,,29.99,,,,,,,,,,,,,
In home  (w/display),Temp & Humidity Sensor,2020/12/05 8:55 AM,65.8,61.0,52.0,64.9,,,29.99,,,,,,,,,,,,,
In home  (w/display),Temp & Humidity Sensor,2020/12/05 9:00 AM,66.0,61.0,52.2,65.2,,,29.99,,,,,,,,,,,,,
In home  (w/display),Temp & Humidity Sensor,2020/12/05 9:05 AM,66.0,61.0,52.2,65.2,,,29.99,,,,,,,,,,,,,
In home  (w/display),Temp & Humidity Sensor,2020/12/05 9:10 AM,66.0,61.0,52.2,65.2,,,29.99,,,,,,,,,,,,,
In home  (w/display),Temp & Humidity Sensor,2020/12/05 9:15 AM,65.8,61.0,52.0,64.9,,,29.99,,,,,,,,,,,,,
In home  (w/display),Temp & Humidity Sensor,2020/12/05 9:20 AM,65.8,61.0,52.0,64.9,,,29.99,,,,,,,,,,,,,
In home  (w/display),Temp & Humidity Sensor,2020/12/05 9:25 AM,65.8,61.0,52.0,64.9,,,29.99,,,,,,,,,,,,,
In home  (w/display),Temp & Humidity Sensor,2020/12/05 9:30 AM,65.8,61.0,52.0,64.9,,,29.99,,,,,,,,,,,,,
In home  (w/display),Temp & Humidity Sensor,2020/12/05 9:35 AM,65.8,61.0,52.0,64.9,,,29.99,,,,,,,,,,,,,
In home  (w/display),Temp & Humidity Sensor,2020/12/05 9:40 AM,65.8,61.0,52.0,64.9,,,30.0,,,,,,,,,,,,,
In home  (w/display),Temp & Humidity Sensor,2020/12/05 9:45 AM,65.8,61.0,52.0,64.9,,,30.0,,,,,,,,,,,,,
In home  (w/display),Temp & Humidity Sensor,2020/12/05 9:50 AM,66.0,61.0,52.2,65.2,,,30.0,,,,,,,,,,,,,
In home  (w/display),Temp & Humidity Sensor,2020/12/05 9:55 AM,66.0,61.0,52.2,65.2,,,29.99,,,,,,,,,,,,,
In home  (w/display),Temp & Humidity Sensor,2020/12/05 10:00 AM,66.0,61.0,52.2,65.2,,,29.99,,,,,,,,,,,,,
In home  (w/display),Temp & Humidity Sensor,2020/12/05 10:05 AM,66.0,61.0,52.2,65.2,,,29.99,,,,,,,,,,,,,
In home  (w/display),Temp & Humidity Sensor,2020/12/05 10:10 AM,65.8,61.0,52.0,64.9,,,29.99,,,,,,,,,,,,,
In home  (w/display),Temp & Humidity Sensor,2020/12/05 10:15 AM,65.8,61.0,52.0,64.9,,,30.0,,,,,,,,,,,,,
In home  (w/display),Temp & Humidity Sensor,2020/12/05 10:20 AM,65.8,60.0,51.5,64.9,,,29.99,,,,,,,,,,,,,
In home  (w/display),Temp & Humidity Sensor,2020/12/05 10:25 AM,65.8,60.0,51.5,64.9,,,30.0,,,,,,,,,,,,,
In home  (w/display),Temp & Humidity Sensor,2020/12/05 10:30 AM,65.8,60.0,51.5,64.9,,,30.0,,,,,,,,,,,,,
In home  (w/display),Temp & Humidity Sensor,2020/12/05 10:35 AM,65.8,60.0,51.5,64.9,,,30.0,,,,,,,,,,,,,
In home  (w/display),Temp & Humidity Sensor,2020/12/05 10:40 AM,65.8,60.0,51.5,64.9,,,30.0,,,,,,,,,,,,,
In home  (w/display),Temp & Humidity Sensor,2020/12/05 10:45 AM,65.6,60.0,51.3,64.7,,,30.0,,,,,,,,,,,,,
In home  (w/display),Temp & Humidity Sensor,2020/12/05 10:50 AM,65.6,60.0,51.3,64.7,,,30.01,,,,,,,,,,,,,
In home  (w/display),Temp & Humidity Sensor,2020/12/05 10:55 AM,65.4,60.0,51.1,64.5,,,30.01,,,,,,,,,,,,,
In home  (w/display),Temp & Humidity Sensor,2020/12/05 11:00 AM,65.4,60.0,51.1,64.5,,,30.01,,,,,,,,,,,,,
In home  (w/display),Temp & Humidity Sensor,2020/12/05 11:05 AM,65.4,60.0,51.1,64.5,,,30.01,,,,,,,,,,,,,
In home  (w/display),Temp & Humidity Sensor,2020/12/05 11:10 AM,65.6,60.0,51.3,64.7,,,30.01,,,,,,,,,,,,,
In home  (w/display),Temp & Humidity Sensor,2020/12/05 11:15 AM,65.6,60.0,51.3,64.7,,,30.01,,,,,,,,,,,,,
In home  (w/display),Temp & Humidity Sensor,2020/12/05 11:20 AM,65.8,60.0,51.5,64.9,,,30.01,,,,,,,,,,,,,
In home  (w/display),Temp & Humidity Sensor,2020/12/05 11:25 AM,65.6,60.0,51.3,64.7,,,30.01,,,,,,,,,,,,,
In home  (w/display),Temp & Humidity Sensor,2020/12/05 11:30 AM,65.6,60.0,51.3,64.7,,,30.0,,,,,,,,,,,,,
In home  (w/display),Temp & Humidity Sensor,2020/12/05 11:35 AM,65.4,60.0,51.1,64.5,,,30.0,,,,,,,,,,,,,
In home  (w/display),Temp & Humidity Sensor,2020/12/05 11:40 AM,65.4,60.0,51.1,64.5,,,29.99,,,,,,,,,,,,,
In home  (w/display),Temp & Humidity Sensor,2020/12/05 11:45 AM,65.4,60.0,51.1,64.5,,,29.99,,,,,,,,,,,,,
In home  (w/display),Temp & Humidity Sensor,2020/12/05 11:50 AM,65.3,60.0,51.1,64.3,,,29.99,,,,,,,,,,,,,
In home  (w/display),Temp & Humidity Sensor,2020/12/05 11:55 AM,65.4,60.0,51.1,64.5,,,29.99,,,,,,,,,,,,,
In home  (w/display),Temp & Humidity Sensor,2020/12/05 12:00 PM,65.4,61.0,51.6,64.5,,,29.99,,,,,,,,,,,,,
In home  (w/display),Temp & Humidity Sensor,2020/12/05 12:05 PM,65.4,61.0,51.6,64.5,,,29.98,,,,,,,,,,,,,
In home  (w/display),Temp & Humidity Sensor,2020/12/05 12:10 PM,65.3,61.0,51.5,64.4,,,29.98,,,,,,,,,,,,,
In home  (w/display),Temp & Humidity Sensor,2020/12/05 12:15 PM,65.4,61.0,51.6,64.5,,,29.98,,,,,,,,,,,,,
In home  (w/display),Temp & Humidity Sensor,2020/12/05 12:20 PM,65.4,61.0,51.6,64.5,,,29.98,,,,,,,,,,,,,
In home  (w/display),Temp & Humidity Sensor,2020/12/05 12:25 PM,65.4,61.0,51.6,64.5,,,29.98,,,,,,,,,,,,,
In home  (w/display),Temp & Humidity Sensor,2020/12/05 12:30 PM,65.4,61.0,51.6,64.5,,,29.97,,,,,,,,,,,,,
In home  (w/display),Temp & Humidity Sensor,2020/12/05 12:35 PM,65.8,61.0,52.0,64.9,,,29.97,,,,,,,,,,,,,
In home  (w/display),Temp & Humidity Sensor,2020/12/05 12:40 PM,66.0,61.0,52.2,65.2,,,29.97,,,,,,,,,,,,,
In home  (w/display),Temp & Humidity Sensor,2020/12/05 12:45 PM,66.0,61.0,52.2,65.2,,,29.97,,,,,,,,,,,,,
In home  (w/display),Temp & Humidity Sensor,2020/12/05 12:50 PM,66.0,61.0,52.2,65.2,,,29.97,,,,,,,,,,,,,
In home  (w/display),Temp & Humidity Sensor,2020/12/05 12:55 PM,65.8,61.0,52.0,64.9,,,29.97,,,,,,,,,,,,,
In home  (w/display),Temp & Humidity Sensor,2020/12/05 1:00 PM,65.8,61.0,52.0,64.9,,,29.97,,,,,,,,,,,,,
In home  (w/display),Temp & Humidity Sensor,2020/12/05 1:05 PM,65.8,61.0,52.0,64.9,,,29.97,,,,,,,,,,,,,
In home  (w/display),Temp & Humidity Sensor,2020/12/05 1:10 PM,65.8,61.0,52.0,64.9,,,29.97,,,,,,,,,,,,,
In home  (w/display),Temp & Humidity Sensor,2020/12/05 1:15 PM,65.8,61.0,52.0,64.9,,,29.97,,,,,,,,,,,,,
In home  (w/display),Temp & Humidity Sensor,2020/12/05 1:20 PM,65.8,61.0,52.0,64.9,,,29.97,,,,,,,,,,,,,
In home  (w/display),Temp & Humidity Sensor,2020/12/05 1:25 PM,65.8,61.0,52.0,64.9,,,29.97,,,,,,,,,,,,,
In home  (w/display),Temp & Humidity Sensor,2020/12/05 1:30 PM,65.8,61.0,52.0,64.9,,,29.96,,,,,,,,,,,,,
In home  (w/display),Temp & Humidity Sensor,2020/12/05 1:35 PM,65.8,61.0,52.0,64.9,,,29.96,,,,,,,,,,,,,
In home  (w/display),Temp & Humidity Sensor,2020/12/05 1:40 PM,65.8,61.0,52.0,64.9,,,29.96,,,,,,,,,,,,,
In home  (w/display),Temp & Humidity Sensor,2020/12/05 1:45 PM,65.8,61.0,52.0,64.9,,,29.96,,,,,,,,,,,,,
In home  (w/display),Temp & Humidity Sensor,2020/12/05 1:50 PM,65.8,61.0,52.0,64.9,,,29.96,,,,,,,,,,,,,
In home  (w/display),Temp & Humidity Sensor,2020/12/05 1:55 PM,65.8,61.0,52.0,64.9,,,29.96,,,,,,,,,,,,,
In home  (w/display),Temp & Humidity Sensor,2020/12/05 2:00 PM,66.0,61.0,52.2,65.2,,,29.96,,,,,,,,,,,,,
In home  (w/display),Temp & Humidity Sensor,2020/12/05 2:05 PM,66.3,59.0,51.5,65.4,,,29.96,,,,,,,,,,,,,
In home  (w/display),Temp & Humidity Sensor,2020/12/05 2:10 PM,66.3,59.0,51.5,65.4,,,29.96,,,,,,,,,,,,,
In home  (w/display),Temp & Humidity Sensor,2020/12/05 2:15 PM,66.2,59.0,51.4,65.3,,,29.96,,,,,,,,,,,,,
In home  (w/display),Temp & Humidity Sensor,2020/12/05 2:20 PM,66.2,59.0,51.4,65.3,,,29.96,,,,,,,,,,,,,
In home  (w/display),Temp & Humidity Sensor,2020/12/05 2:25 PM,66.0,60.0,51.7,65.1,,,29.96,,,,,,,,,,,,,
In home  (w/display),Temp & Humidity Sensor,2020/12/05 2:30 PM,66.0,60.0,51.7,65.1,,,29.96,,,,,,,,,,,,,
In home  (w/display),Temp & Humidity Sensor,2020/12/05 2:35 PM,66.0,60.0,51.7,65.1,,,29.96,,,,,,,,,,,,,
In home  (w/display),Temp & Humidity Sensor,2020/12/05 2:40 PM,66.0,60.0,51.7,65.1,,,29.96,,,,,,,,,,,,,
In home  (w/display),Temp & Humidity Sensor,2020/12/05 2:45 PM,66.0,60.0,51.7,65.1,,,29.97,,,,,,,,,,,,,
In home  (w/display),Temp & Humidity Sensor,2020/12/05 2:50 PM,66.0,60.0,51.7,65.1,,,29.96,,,,,,,,,,,,,
In home  (w/display),Temp & Humidity Sensor,2020/12/05 2:55 PM,66.0,60.0,51.7,65.1,,,29.96,,,,,,,,,,,,,
In home  (w/display),Temp & Humidity Sensor,2020/12/05 3:00 PM,66.0,60.0,51.7,65.1,,,29.97,,,,,,,,,,,,,
In home  (w/display),Temp & Humidity Sensor,2020/12/05 3:05 PM,65.8,60.0,51.5,64.9,,,29.97,,,,,,,,,,,,,
In home  (w/display),Temp & Humidity Sensor,2020/12/05 3:10 PM,65.8,60.0,51.5,64.9,,,29.97,,,,,,,,,,,,,
In home  (w/display),Temp & Humidity Sensor,2020/12/05 3:15 PM,65.8,60.0,51.5,64.9,,,29.97,,,,,,,,,,,,,
In home  (w/display),Temp & Humidity Sensor,2020/12/05 3:20 PM,65.8,60.0,51.5,64.9,,,29.97,,,,,,,,,,,,,
In home  (w/display),Temp & Humidity Sensor,2020/12/05 3:25 PM,66.0,60.0,51.7,65.1,,,29.97,,,,,,,,,,,,,
In home  (w/display),Temp & Humidity Sensor,2020/12/05 3:30 PM,66.2,59.0,51.4,65.3,,,29.97,,,,,,,,,,,,,
In home  (w/display),Temp & Humidity Sensor,2020/12/05 3:35 PM,66.2,59.0,51.4,65.3,,,29.97,,,,,,,,,,,,,
In home  (w/display),Temp & Humidity Sensor,2020/12/05 3:40 PM,66.0,60.0,51.7,65.1,,,29.97,,,,,,,,,,,,,
In home  (w/display),Temp & Humidity Sensor,2020/12/05 3:45 PM,66.0,60.0,51.7,65.1,,,29.97,,,,,,,,,,,,,
In home  (w/display),Temp & Humidity Sensor,2020/12/05 3:50 PM,66.0,60.0,51.7,65.1,,,29.98,,,,,,,,,,,,,
In home  (w/display),Temp & Humidity Sensor,2020/12/05 3:55 PM,66.0,60.0,51.7,65.1,,,29.98,,,,,,,,,,,,,
In home  (w/display),Temp & Humidity Sensor,2020/12/05 4:00 PM,65.8,60.0,51.5,64.9,,,29.98,,,,,,,,,,,,,
In home  (w/display),Temp & Humidity Sensor,2020/12/05 4:05 PM,65.8,60.0,51.5,64.9,,,29.98,,,,,,,,,,,,,
In home  (w/display),Temp & Humidity Sensor,2020/12/05 4:10 PM,65.8,60.0,51.5,64.9,,,29.98,,,,,,,,,,,,,
In home  (w/display),Temp & Humidity Sensor,2020/12/05 4:15 PM,65.8,60.0,51.5,64.9,,,29.98,,,,,,,,,,,,,
In home  (w/display),Temp & Humidity Sensor,2020/12/05 4:20 PM,65.6,60.0,51.3,64.7,,,29.98,,,,,,,,,,,,,
In home  (w/display),Temp & Humidity Sensor,2020/12/05 4:25 PM,65.8,60.0,51.5,64.9,,,29.99,,,,,,,,,,,,,
In home  (w/display),Temp & Humidity Sensor,2020/12/05 4:30 PM,65.6,60.0,51.3,64.7,,,29.99,,,,,,,,,,,,,
In home  (w/display),Temp & Humidity Sensor,2020/12/05 4:35 PM,65.6,60.0,51.3,64.7,,,29.99,,,,,,,,,,,,,
In home  (w/display),Temp & Humidity Sensor,2020/12/05 4:40 PM,65.6,60.0,51.3,64.7,,,29.99,,,,,,,,,,,,,
In home  (w/display),Temp & Humidity Sensor,2020/12/05 4:45 PM,65.6,60.0,51.3,64.7,,,29.99,,,,,,,,,,,,,
In home  (w/display),Temp & Humidity Sensor,2020/12/05 4:50 PM,65.8,60.0,51.5,64.9,,,29.99,,,,,,,,,,,,,
In home  (w/display),Temp & Humidity Sensor,2020/12/05 4:55 PM,65.8,60.0,51.5,64.9,,,29.99,,,,,,,,,,,,,
In home  (w/display),Temp & Humidity Sensor,2020/12/05 5:00 PM,65.8,60.0,51.5,64.9,,,29.99,,,,,,,,,,,,,
In home  (w/display),Temp & Humidity Sensor,2020/12/05 5:05 PM,65.6,60.0,51.3,64.7,,,30.0,,,,,,,,,,,,,
In home  (w/display),Temp & Humidity Sensor,2020/12/05 5:10 PM,65.6,60.0,51.3,64.7,,,30.0,,,,,,,,,,,,,
In home  (w/display),Temp & Humidity Sensor,2020/12/05 5:15 PM,65.4,60.0,51.1,64.5,,,30.0,,,,,,,,,,,,,
In home  (w/display),Temp & Humidity Sensor,2020/12/05 5:20 PM,65.6,60.0,51.3,64.7,,,30.0,,,,,,,,,,,,,
In home  (w/display),Temp & Humidity Sensor,2020/12/05 5:25 PM,65.4,60.0,51.1,64.5,,,30.0,,,,,,,,,,,,,
In home  (w/display),Temp & Humidity Sensor,2020/12/05 5:30 PM,65.4,60.0,51.1,64.5,,,30.01,,,,,,,,,,,,,
In home  (w/display),Temp & Humidity Sensor,2020/12/05 5:35 PM,65.4,60.0,51.1,64.5,,,30.01,,,,,,,,,,,,,
In home  (w/display),Temp & Humidity Sensor,2020/12/05 5:40 PM,65.6,60.0,51.3,64.7,,,30.01,,,,,,,,,,,,,
In home  (w/display),Temp & Humidity Sensor,2020/12/05 5:45 PM,65.6,60.0,51.3,64.7,,,30.01,,,,,,,,,,,,,
In home  (w/display),Temp & Humidity Sensor,2020/12/05 5:50 PM,65.6,60.0,51.3,64.7,,,30.01,,,,,,,,,,,,,
In home  (w/display),Temp & Humidity Sensor,2020/12/05 5:55 PM,65.8,60.0,51.5,64.9,,,30.01,,,,,,,,,,,,,
In home  (w/display),Temp & Humidity Sensor,2020/12/05 6:00 PM,66.0,60.0,51.7,65.1,,,30.01,,,,,,,,,,,,,
In home  (w/display),Temp & Humidity Sensor,2020/12/05 6:05 PM,66.0,60.0,51.7,65.1,,,30.01,,,,,,,,,,,,,
In home  (w/display),Temp & Humidity Sensor,2020/12/05 6:10 PM,66.0,60.0,51.7,65.1,,,30.01,,,,,,,,,,,,,
In home  (w/display),Temp & Humidity Sensor,2020/12/05 6:15 PM,65.8,60.0,51.5,64.9,,,30.02,,,,,,,,,,,,,
In home  (w/display),Temp & Humidity Sensor,2020/12/05 6:20 PM,65.8,59.0,51.1,64.9,,,30.02,,,,,,,,,,,,,
In home  (w/display),Temp & Humidity Sensor,2020/12/05 6:25 PM,65.8,60.0,51.5,64.9,,,30.02,,,,,,,,,,,,,
In home  (w/display),Temp & Humidity Sensor,2020/12/05 6:30 PM,65.8,60.0,51.5,64.9,,,30.02,,,,,,,,,,,,,
In home  (w/display),Temp & Humidity Sensor,2020/12/05 6:35 PM,65.8,60.0,51.5,64.9,,,30.02,,,,,,,,,,,,,
In home  (w/display),Temp & Humidity Sensor,2020/12/05 6:40 PM,65.6,59.0,50.9,64.6,,,30.02,,,,,,,,,,,,,
In home  (w/display),Temp & Humidity Sensor,2020/12/05 6:45 PM,66.0,59.0,51.3,65.1,,,30.02,,,,,,,,,,,,,
In home  (w/display),Temp & Humidity Sensor,2020/12/05 6:50 PM,66.3,58.0,51.1,65.4,,,30.02,,,,,,,,,,,,,
In home  (w/display),Temp & Humidity Sensor,2020/12/05 6:55 PM,67.1,58.0,51.8,66.2,,,30.02,,,,,,,,,,,,,
In home  (w/display),Temp & Humidity Sensor,2020/12/05 7:00 PM,67.2,58.0,51.9,66.3,,,30.03,,,,,,,,,,,,,
In home  (w/display),Temp & Humidity Sensor,2020/12/05 7:05 PM,67.2,58.0,51.9,66.3,,,30.03,,,,,,,,,,,,,
In home  (w/display),Temp & Humidity Sensor,2020/12/05 7:10 PM,67.1,58.0,51.8,66.2,,,30.03,,,,,,,,,,,,,
In home  (w/display),Temp & Humidity Sensor,2020/12/05 7:15 PM,67.1,58.0,51.8,66.2,,,30.03,,,,,,,,,,,,,
In home  (w/display),Temp & Humidity Sensor,2020/12/05 7:20 PM,67.2,58.0,51.9,66.3,,,30.03,,,,,,,,,,,,,
In home  (w/display),Temp & Humidity Sensor,2020/12/05 7:25 PM,67.2,58.0,51.9,66.3,,,30.03,,,,,,,,,,,,,
In home  (w/display),Temp & Humidity Sensor,2020/12/05 7:30 PM,67.1,58.0,51.8,66.2,,,30.03,,,,,,,,,,,,,
In home  (w/display),Temp & Humidity Sensor,2020/12/05 7:35 PM,67.1,58.0,51.8,66.2,,,30.03,,,,,,,,,,,,,
In home  (w/display),Temp & Humidity Sensor,2020/12/05 7:40 PM,67.2,58.0,51.9,66.3,,,30.03,,,,,,,,,,,,,
In home  (w/display),Temp & Humidity Sensor,2020/12/05 7:45 PM,67.2,58.0,51.9,66.3,,,30.03,,,,,,,,,,,,,
In home  (w/display),Temp & Humidity Sensor,2020/12/05 7:50 PM,67.2,58.0,51.9,66.3,,,30.03,,,,,,,,,,,,,
In home  (w/display),Temp & Humidity Sensor,2020/12/05 7:55 PM,67.1,58.0,51.8,66.2,,,30.03,,,,,,,,,,,,,
In home  (w/display),Temp & Humidity Sensor,2020/12/05 8:00 PM,67.2,58.0,51.9,66.3,,,30.04,,,,,,,,,,,,,
In home  (w/display),Temp & Humidity Sensor,2020/12/05 8:05 PM,67.2,58.0,51.9,66.3,,,30.05,,,,,,,,,,,,,
In home  (w/display),Temp & Humidity Sensor,2020/12/05 8:10 PM,67.2,58.0,51.9,66.3,,,30.04,,,,,,,,,,,,,
In home  (w/display),Temp & Humidity Sensor,2020/12/05 8:15 PM,67.1,58.0,51.8,66.2,,,30.05,,,,,,,,,,,,,
In home  (w/display),Temp & Humidity Sensor,2020/12/05 8:20 PM,67.1,58.0,51.8,66.2,,,30.05,,,,,,,,,,,,,
In home  (w/display),Temp & Humidity Sensor,2020/12/05 8:25 PM,67.2,58.0,51.9,66.3,,,30.05,,,,,,,,,,,,,
In home  (w/display),Temp & Humidity Sensor,2020/12/05 8:30 PM,67.4,59.0,52.6,66.6,,,30.06,,,,,,,,,,,,,
In home  (w/display),Temp & Humidity Sensor,2020/12/05 8:35 PM,67.2,59.0,52.4,66.4,,,30.06,,,,,,,,,,,,,
In home  (w/display),Temp & Humidity Sensor,2020/12/05 8:40 PM,67.2,58.0,51.9,66.3,,,30.06,,,,,,,,,,,,,
In home  (w/display),Temp & Humidity Sensor,2020/12/05 8:45 PM,67.2,58.0,51.9,66.3,,,30.06,,,,,,,,,,,,,
In home  (w/display),Temp & Humidity Sensor,2020/12/05 8:50 PM,67.6,58.0,52.3,66.8,,,30.06,,,,,,,,,,,,,
In home  (w/display),Temp & Humidity Sensor,2020/12/05 8:55 PM,67.6,58.0,52.3,66.8,,,30.06,,,,,,,,,,,,,
In home  (w/display),Temp & Humidity Sensor,2020/12/05 9:00 PM,67.4,58.0,52.1,66.6,,,30.06,,,,,,,,,,,,,
In home  (w/display),Temp & Humidity Sensor,2020/12/05 9:05 PM,67.4,58.0,52.1,66.6,,,30.06,,,,,,,,,,,,,
In home  (w/display),Temp & Humidity Sensor,2020/12/05 9:10 PM,67.6,58.0,52.3,66.8,,,30.05,,,,,,,,,,,,,
In home  (w/display),Temp & Humidity Sensor,2020/12/05 9:15 PM,67.6,58.0,52.3,66.8,,,30.05,,,,,,,,,,,,,
In home  (w/display),Temp & Humidity Sensor,2020/12/05 9:20 PM,67.6,58.0,52.3,66.8,,,30.05,,,,,,,,,,,,,
In home  (w/display),Temp & Humidity Sensor,2020/12/05 9:25 PM,67.4,58.0,52.1,66.6,,,30.05,,,,,,,,,,,,,
In home  (w/display),Temp & Humidity Sensor,2020/12/05 9:30 PM,67.6,58.0,52.3,66.8,,,30.05,,,,,,,,,,,,,
In home  (w/display),Temp & Humidity Sensor,2020/12/05 9:35 PM,67.8,58.0,52.5,67.0,,,30.05,,,,,,,,,,,,,
In home  (w/display),Temp & Humidity Sensor,2020/12/05 9:40 PM,67.6,58.0,52.3,66.8,,,30.05,,,,,,,,,,,,,
In home  (w/display),Temp & Humidity Sensor,2020/12/05 9:45 PM,67.6,58.0,52.3,66.8,,,30.05,,,,,,,,,,,,,
In home  (w/display),Temp & Humidity Sensor,2020/12/05 9:50 PM,67.4,57.0,51.6,66.5,,,30.06,,,,,,,,,,,,,
In home  (w/display),Temp & Humidity Sensor,2020/12/05 9:55 PM,67.6,57.0,51.8,66.7,,,30.06,,,,,,,,,,,,,
In home  (w/display),Temp & Humidity Sensor,2020/12/05 10:00 PM,67.6,57.0,51.8,66.7,,,30.06,,,,,,,,,,,,,
In home  (w/display),Temp & Humidity Sensor,2020/12/05 10:05 PM,67.6,57.0,51.8,66.7,,,30.06,,,,,,,,,,,,,
In home  (w/display),Temp & Humidity Sensor,2020/12/05 10:10 PM,67.4,57.0,51.6,66.5,,,30.05,,,,,,,,,,,,,
In home  (w/display),Temp & Humidity Sensor,2020/12/05 10:15 PM,67.2,57.0,51.4,66.3,,,30.06,,,,,,,,,,,,,
In home  (w/display),Temp & Humidity Sensor,2020/12/05 10:20 PM,67.2,57.0,51.4,66.3,,,30.06,,,,,,,,,,,,,
In home  (w/display),Temp & Humidity Sensor,2020/12/05 10:25 PM,67.1,57.0,51.3,66.2,,,30.06,,,,,,,,,,,,,
In home  (w/display),Temp & Humidity Sensor,2020/12/05 10:30 PM,67.1,57.0,51.3,66.2,,,30.06,,,,,,,,,,,,,
In home  (w/display),Temp & Humidity Sensor,2020/12/05 10:35 PM,66.9,57.0,51.2,66.0,,,30.06,,,,,,,,,,,,,
In home  (w/display),Temp & Humidity Sensor,2020/12/05 10:40 PM,66.9,57.0,51.2,66.0,,,30.06,,,,,,,,,,,,,
In home  (w/display),Temp & Humidity Sensor,2020/12/05 10:45 PM,66.7,57.0,51.0,65.7,,,30.06,,,,,,,,,,,,,
In home  (w/display),Temp & Humidity Sensor,2020/12/05 10:50 PM,66.5,57.0,50.8,65.5,,,30.06,,,,,,,,,,,,,
In home  (w/display),Temp & Humidity Sensor,2020/12/05 10:55 PM,66.3,57.0,50.6,65.3,,,30.05,,,,,,,,,,,,,
In home  (w/display),Temp & Humidity Sensor,2020/12/05 11:00 PM,66.3,57.0,50.6,65.3,,,30.06,,,,,,,,,,,,,
In home  (w/display),Temp & Humidity Sensor,2020/12/05 11:05 PM,66.2,57.0,50.5,65.2,,,30.07,,,,,,,,,,,,,
In home  (w/display),Temp & Humidity Sensor,2020/12/05 11:10 PM,66.0,58.0,50.8,65.0,,,30.07,,,,,,,,,,,,,
In home  (w/display),Temp & Humidity Sensor,2020/12/05 11:15 PM,66.0,58.0,50.8,65.0,,,30.08,,,,,,,,,,,,,
In home  (w/display),Temp & Humidity Sensor,2020/12/05 11:20 PM,65.8,58.0,50.6,64.8,,,30.08,,,,,,,,,,,,,
In home  (w/display),Temp & Humidity Sensor,2020/12/05 11:25 PM,65.8,58.0,50.6,64.8,,,30.07,,,,,,,,,,,,,
In home  (w/display),Temp & Humidity Sensor,2020/12/05 11:30 PM,65.6,58.0,50.4,64.6,,,30.07,,,,,,,,,,,,,
In home  (w/display),Temp & Humidity Sensor,2020/12/05 11:35 PM,65.6,58.0,50.4,64.6,,,30.07,,,,,,,,,,,,,
In home  (w/display),Temp & Humidity Sensor,2020/12/05 11:40 PM,65.4,58.0,50.2,64.4,,,30.07,,,,,,,,,,,,,
In home  (w/display),Temp & Humidity Sensor,2020/12/05 11:45 PM,65.4,58.0,50.2,64.4,,,30.07,,,,,,,,,,,,,
In home  (w/display),Temp & Humidity Sensor,2020/12/05 11:50 PM,65.3,58.0,50.1,64.3,,,30.07,,,,,,,,,,,,,
In home  (w/display),Temp & Humidity Sensor,2020/12/05 11:55 PM,65.3,58.0,50.1,64.3,,,30.07,,,,,,,,,,,,,
In home  (w/display),Temp & Humidity Sensor,2020/12/06 12:00 AM,65.3,58.0,50.1,64.3,,,30.06,,,,,,,,,,,,,
In home  (w/display),Temp & Humidity Sensor,2020/12/06 12:05 AM,65.3,58.0,50.1,64.3,,,30.06,,,,,,,,,,,,,
In home  (w/display),Temp & Humidity Sensor,2020/12/06 12:10 AM,64.9,58.0,49.8,63.8,,,30.06,,,,,,,,,,,,,
In home  (w/display),Temp & Humidity Sensor,2020/12/06 12:15 AM,64.9,58.0,49.8,63.8,,,30.06,,,,,,,,,,,,,
In home  (w/display),Temp & Humidity Sensor,2020/12/06 12:20 AM,64.9,58.0,49.8,63.8,,,30.06,,,,,,,,,,,,,
In home  (w/display),Temp & Humidity Sensor,2020/12/06 12:25 AM,64.9,58.0,49.8,63.8,,,30.06,,,,,,,,,,,,,
In home  (w/display),Temp & Humidity Sensor,2020/12/06 12:30 AM,64.7,58.0,49.6,63.6,,,30.06,,,,,,,,,,,,,
In home  (w/display),Temp & Humidity Sensor,2020/12/06 12:35 AM,64.7,58.0,49.6,63.6,,,30.06,,,,,,,,,,,,,
In home  (w/display),Temp & Humidity Sensor,2020/12/06 12:40 AM,64.5,58.0,49.4,63.4,,,30.05,,,,,,,,,,,,,
In home  (w/display),Temp & Humidity Sensor,2020/12/06 12:45 AM,64.5,58.0,49.4,63.4,,,30.05,,,,,,,,,,,,,
In home  (w/display),Temp & Humidity Sensor,2020/12/06 12:50 AM,64.5,58.0,49.4,63.4,,,30.05,,,,,,,,,,,,,
In home  (w/display),Temp & Humidity Sensor,2020/12/06 12:55 AM,64.4,58.0,49.3,63.3,,,30.05,,,,,,,,,,,,,
In home  (w/display),Temp & Humidity Sensor,2020/12/06 1:00 AM,64.4,58.0,49.3,63.3,,,30.06,,,,,,,,,,,,,
In home  (w/display),Temp & Humidity Sensor,2020/12/06 1:05 AM,64.2,58.0,49.1,63.0,,,30.06,,,,,,,,,,,,,
In home  (w/display),Temp & Humidity Sensor,2020/12/06 1:10 AM,64.2,58.0,49.1,63.0,,,30.06,,,,,,,,,,,,,
In home  (w/display),Temp & Humidity Sensor,2020/12/06 1:15 AM,64.2,58.0,49.1,63.0,,,30.06,,,,,,,,,,,,,
In home  (w/display),Temp & Humidity Sensor,2020/12/06 1:20 AM,64.0,58.0,48.9,62.8,,,30.06,,,,,,,,,,,,,
In home  (w/display),Temp & Humidity Sensor,2020/12/06 1:25 AM,64.0,58.0,48.9,62.8,,,30.06,,,,,,,,,,,,,
In home  (w/display),Temp & Humidity Sensor,2020/12/06 1:30 AM,64.0,58.0,48.9,62.8,,,30.06,,,,,,,,,,,,,
In home  (w/display),Temp & Humidity Sensor,2020/12/06 1:35 AM,64.0,58.0,48.9,62.8,,,30.06,,,,,,,,,,,,,
In home  (w/display),Temp & Humidity Sensor,2020/12/06 1:40 AM,63.8,58.0,48.7,62.6,,,30.06,,,,,,,,,,,,,
In home  (w/display),Temp & Humidity Sensor,2020/12/06 1:45 AM,63.8,58.0,48.7,62.6,,,30.06,,,,,,,,,,,,,
In home  (w/display),Temp & Humidity Sensor,2020/12/06 1:50 AM,63.8,58.0,48.7,62.6,,,30.06,,,,,,,,,,,,,
In home  (w/display),Temp & Humidity Sensor,2020/12/06 1:55 AM,63.6,58.0,48.5,62.4,,,30.05,,,,,,,,,,,,,
In home  (w/display),Temp & Humidity Sensor,2020/12/06 2:00 AM,63.6,58.0,48.5,62.4,,,30.05,,,,,,,,,,,,,
In home  (w/display),Temp & Humidity Sensor,2020/12/06 2:05 AM,63.6,58.0,48.5,62.4,,,30.05,,,,,,,,,,,,,
In home  (w/display),Temp & Humidity Sensor,2020/12/06 2:10 AM,63.5,58.0,48.5,62.3,,,30.05,,,,,,,,,,,,,
In home  (w/display),Temp & Humidity Sensor,2020/12/06 2:15 AM,63.5,58.0,48.5,62.3,,,30.05,,,,,,,,,,,,,
In home  (w/display),Temp & Humidity Sensor,2020/12/06 2:20 AM,63.5,58.0,48.5,62.3,,,30.05,,,,,,,,,,,,,
In home  (w/display),Temp & Humidity Sensor,2020/12/06 2:25 AM,63.5,58.0,48.5,62.3,,,30.05,,,,,,,,,,,,,
In home  (w/display),Temp & Humidity Sensor,2020/12/06 2:30 AM,63.5,58.0,48.5,62.3,,,30.05,,,,,,,,,,,,,
In home  (w/display),Temp & Humidity Sensor,2020/12/06 2:35 AM,63.3,59.0,48.7,62.1,,,30.05,,,,,,,,,,,,,
In home  (w/display),Temp & Humidity Sensor,2020/12/06 2:40 AM,63.3,59.0,48.7,62.1,,,30.05,,,,,,,,,,,,,
In home  (w/display),Temp & Humidity Sensor,2020/12/06 2:45 AM,63.1,58.0,48.1,61.8,,,30.05,,,,,,,,,,,,,
In home  (w/display),Temp & Humidity Sensor,2020/12/06 2:50 AM,63.1,58.0,48.1,61.8,,,30.04,,,,,,,,,,,,,
In home  (w/display),Temp & Humidity Sensor,2020/12/06 2:55 AM,63.1,58.0,48.1,61.8,,,30.04,,,,,,,,,,,,,
In home  (w/display),Temp & Humidity Sensor,2020/12/06 3:00 AM,63.1,58.0,48.1,61.8,,,30.04,,,,,,,,,,,,,
In home  (w/display),Temp & Humidity Sensor,2020/12/06 3:05 AM,62.9,58.0,47.9,61.6,,,30.04,,,,,,,,,,,,,
In home  (w/display),Temp & Humidity Sensor,2020/12/06 3:10 AM,62.7,58.0,47.7,61.4,,,30.05,,,,,,,,,,,,,
In home  (w/display),Temp & Humidity Sensor,2020/12/06 3:15 AM,62.7,58.0,47.7,61.4,,,30.05,,,,,,,,,,,,,
In home  (w/display),Temp & Humidity Sensor,2020/12/06 3:20 AM,62.7,58.0,47.7,61.4,,,30.05,,,,,,,,,,,,,
In home  (w/display),Temp & Humidity Sensor,2020/12/06 3:25 AM,62.7,58.0,47.7,61.4,,,30.05,,,,,,,,,,,,,
In home  (w/display),Temp & Humidity Sensor,2020/12/06 3:30 AM,62.7,58.0,47.7,61.4,,,30.05,,,,,,,,,,,,,
In home  (w/display),Temp & Humidity Sensor,2020/12/06 3:35 AM,62.7,58.0,47.7,61.4,,,30.05,,,,,,,,,,,,,
In home  (w/display),Temp & Humidity Sensor,2020/12/06 3:40 AM,62.6,58.0,47.6,61.3,,,30.05,,,,,,,,,,,,,
In home  (w/display),Temp & Humidity Sensor,2020/12/06 3:45 AM,62.6,58.0,47.6,61.3,,,30.05,,,,,,,,,,,,,
In home  (w/display),Temp & Humidity Sensor,2020/12/06 3:50 AM,62.4,58.0,47.4,61.1,,,30.05,,,,,,,,,,,,,
In home  (w/display),Temp & Humidity Sensor,2020/12/06 3:55 AM,62.4,58.0,47.4,61.1,,,30.05,,,,,,,,,,,,,
In home  (w/display),Temp & Humidity Sensor,2020/12/06 4:00 AM,62.4,58.0,47.4,61.1,,,30.05,,,,,,,,,,,,,
In home  (w/display),Temp & Humidity Sensor,2020/12/06 4:05 AM,62.4,58.0,47.4,61.1,,,30.04,,,,,,,,,,,,,
In home  (w/display),Temp & Humidity Sensor,2020/12/06 4:10 AM,62.2,58.0,47.2,60.8,,,30.05,,,,,,,,,,,,,
In home  (w/display),Temp & Humidity Sensor,2020/12/06 4:15 AM,62.2,58.0,47.2,60.8,,,30.05,,,,,,,,,,,,,
In home  (w/display),Temp & Humidity Sensor,2020/12/06 4:20 AM,62.2,58.0,47.2,60.8,,,30.04,,,,,,,,,,,,,
In home  (w/display),Temp & Humidity Sensor,2020/12/06 4:25 AM,62.2,58.0,47.2,60.8,,,30.05,,,,,,,,,,,,,
In home  (w/display),Temp & Humidity Sensor,2020/12/06 4:30 AM,62.2,58.0,47.2,60.8,,,30.04,,,,,,,,,,,,,
In home  (w/display),Temp & Humidity Sensor,2020/12/06 4:35 AM,62.2,58.0,47.2,60.8,,,30.04,,,,,,,,,,,,,
In home  (w/display),Temp & Humidity Sensor,2020/12/06 4:40 AM,62.0,58.0,47.1,60.6,,,30.04,,,,,,,,,,,,,
In home  (w/display),Temp & Humidity Sensor,2020/12/06 4:45 AM,62.2,58.0,47.2,60.8,,,30.04,,,,,,,,,,,,,
In home  (w/display),Temp & Humidity Sensor,2020/12/06 4:50 AM,62.4,58.0,47.4,61.1,,,30.04,,,,,,,,,,,,,
In home  (w/display),Temp & Humidity Sensor,2020/12/06 4:55 AM,62.7,58.0,47.7,61.4,,,30.04,,,,,,,,,,,,,
In home  (w/display),Temp & Humidity Sensor,2020/12/06 5:00 AM,63.3,58.0,48.3,62.1,,,30.05,,,,,,,,,,,,,
In home  (w/display),Temp & Humidity Sensor,2020/12/06 5:05 AM,63.5,57.0,48.0,62.2,,,30.05,,,,,,,,,,,,,
In home  (w/display),Temp & Humidity Sensor,2020/12/06 5:10 AM,63.6,57.0,48.1,62.3,,,30.05,,,,,,,,,,,,,
In home  (w/display),Temp & Humidity Sensor,2020/12/06 5:15 AM,64.0,57.0,48.5,62.8,,,30.05,,,,,,,,,,,,,
In home  (w/display),Temp & Humidity Sensor,2020/12/06 5:20 AM,64.0,57.0,48.5,62.8,,,30.05,,,,,,,,,,,,,
In home  (w/display),Temp & Humidity Sensor,2020/12/06 5:25 AM,64.0,57.0,48.5,62.8,,,30.05,,,,,,,,,,,,,
In home  (w/display),Temp & Humidity Sensor,2020/12/06 5:30 AM,64.2,56.0,48.2,63.0,,,30.05,,,,,,,,,,,,,
In home  (w/display),Temp & Humidity Sensor,2020/12/06 5:35 AM,64.2,56.0,48.2,63.0,,,30.05,,,,,,,,,,,,,
In home  (w/display),Temp & Humidity Sensor,2020/12/06 5:40 AM,64.2,56.0,48.2,63.0,,,30.05,,,,,,,,,,,,,
In home  (w/display),Temp & Humidity Sensor,2020/12/06 5:45 AM,64.5,56.0,48.4,63.3,,,30.05,,,,,,,,,,,,,
In home  (w/display),Temp & Humidity Sensor,2020/12/06 5:50 AM,64.9,56.0,48.8,63.7,,,30.05,,,,,,,,,,,,,
In home  (w/display),Temp & Humidity Sensor,2020/12/06 5:55 AM,64.9,56.0,48.8,63.7,,,30.05,,,,,,,,,,,,,
In home  (w/display),Temp & Humidity Sensor,2020/12/06 6:00 AM,65.3,56.0,49.2,64.2,,,30.05,,,,,,,,,,,,,
In home  (w/display),Temp & Humidity Sensor,2020/12/06 6:05 AM,65.3,56.0,49.2,64.2,,,30.05,,,,,,,,,,,,,
In home  (w/display),Temp & Humidity Sensor,2020/12/06 6:10 AM,65.4,56.0,49.3,64.3,,,30.05,,,,,,,,,,,,,
In home  (w/display),Temp & Humidity Sensor,2020/12/06 6:15 AM,65.4,56.0,49.3,64.3,,,30.06,,,,,,,,,,,,,
In home  (w/display),Temp & Humidity Sensor,2020/12/06 6:20 AM,65.4,56.0,49.3,64.3,,,30.06,,,,,,,,,,,,,
In home  (w/display),Temp & Humidity Sensor,2020/12/06 6:25 AM,65.4,56.0,49.3,64.3,,,30.06,,,,,,,,,,,,,
In home  (w/display),Temp & Humidity Sensor,2020/12/06 6:30 AM,65.4,56.0,49.3,64.3,,,30.06,,,,,,,,,,,,,
In home  (w/display),Temp & Humidity Sensor,2020/12/06 6:35 AM,65.4,56.0,49.3,64.3,,,30.06,,,,,,,,,,,,,
In home  (w/display),Temp & Humidity Sensor,2020/12/06 6:40 AM,65.4,56.0,49.3,64.3,,,30.05,,,,,,,,,,,,,
In home  (w/display),Temp & Humidity Sensor,2020/12/06 6:45 AM,65.4,56.0,49.3,64.3,,,30.05,,,,,,,,,,,,,
In home  (w/display),Temp & Humidity Sensor,2020/12/06 6:50 AM,65.6,56.0,49.5,64.5,,,30.05,,,,,,,,,,,,,
In home  (w/display),Temp & Humidity Sensor,2020/12/06 6:55 AM,65.8,56.0,49.7,64.7,,,30.05,,,,,,,,,,,,,
In home  (w/display),Temp & Humidity Sensor,2020/12/06 7:00 AM,66.0,56.0,49.8,64.9,,,30.05,,,,,,,,,,,,,
In home  (w/display),Temp & Humidity Sensor,2020/12/06 7:05 AM,66.2,55.0,49.5,65.1,,,30.05,,,,,,,,,,,,,
In home  (w/display),Temp & Humidity Sensor,2020/12/06 7:10 AM,66.3,55.0,49.6,65.2,,,30.05,,,,,,,,,,,,,
In home  (w/display),Temp & Humidity Sensor,2020/12/06 7:15 AM,66.3,54.0,49.1,65.2,,,30.05,,,,,,,,,,,,,
In home  (w/display),Temp & Humidity Sensor,2020/12/06 7:20 AM,66.5,54.0,49.3,65.4,,,30.05,,,,,,,,,,,,,
In home  (w/display),Temp & Humidity Sensor,2020/12/06 7:25 AM,66.3,54.0,49.1,65.2,,,30.05,,,,,,,,,,,,,
In home  (w/display),Temp & Humidity Sensor,2020/12/06 7:30 AM,66.0,55.0,49.4,64.9,,,30.04,,,,,,,,,,,,,
In home  (w/display),Temp & Humidity Sensor,2020/12/06 7:35 AM,66.0,55.0,49.4,64.9,,,30.04,,,,,,,,,,,,,
In home  (w/display),Temp & Humidity Sensor,2020/12/06 7:40 AM,66.0,55.0,49.4,64.9,,,30.04,,,,,,,,,,,,,
In home  (w/display),Temp & Humidity Sensor,2020/12/06 7:45 AM,66.0,55.0,49.4,64.9,,,30.04,,,,,,,,,,,,,
In home  (w/display),Temp & Humidity Sensor,2020/12/06 7:50 AM,66.0,55.0,49.4,64.9,,,30.05,,,,,,,,,,,,,
In home  (w/display),Temp & Humidity Sensor,2020/12/06 7:55 AM,66.0,55.0,49.4,64.9,,,30.05,,,,,,,,,,,,,
In home  (w/display),Temp & Humidity Sensor,2020/12/06 8:00 AM,66.0,55.0,49.4,64.9,,,30.05,,,,,,,,,,,,,
In home  (w/display),Temp & Humidity Sensor,2020/12/06 8:05 AM,66.0,55.0,49.4,64.9,,,30.04,,,,,,,,,,,,,
In home  (w/display),Temp & Humidity Sensor,2020/12/06 8:10 AM,66.0,55.0,49.4,64.9,,,30.05,,,,,,,,,,,,,
In home  (w/display),Temp & Humidity Sensor,2020/12/06 8:15 AM,65.8,56.0,49.7,64.7,,,30.05,,,,,,,,,,,,,
In home  (w/display),Temp & Humidity Sensor,2020/12/06 8:20 AM,66.0,56.0,49.8,64.9,,,30.05,,,,,,,,,,,,,
In home  (w/display),Temp & Humidity Sensor,2020/12/06 8:25 AM,66.3,55.0,49.6,65.2,,,30.04,,,,,,,,,,,,,
In home  (w/display),Temp & Humidity Sensor,2020/12/06 8:30 AM,66.3,54.0,49.1,65.2,,,30.04,,,,,,,,,,,,,
In home  (w/display),Temp & Humidity Sensor,2020/12/06 8:35 AM,66.2,54.0,49.1,65.1,,,30.04,,,,,,,,,,,,,
In home  (w/display),Temp & Humidity Sensor,2020/12/06 8:40 AM,66.2,54.0,49.1,65.1,,,30.04,,,,,,,,,,,,,
In home  (w/display),Temp & Humidity Sensor,2020/12/06 8:45 AM,66.3,54.0,49.1,65.2,,,30.04,,,,,,,,,,,,,
In home  (w/display),Temp & Humidity Sensor,2020/12/06 8:50 AM,66.5,54.0,49.3,65.4,,,30.05,,,,,,,,,,,,,
In home  (w/display),Temp & Humidity Sensor,2020/12/06 8:55 AM,66.5,54.0,49.3,65.4,,,30.05,,,,,,,,,,,,,
In home  (w/display),Temp & Humidity Sensor,2020/12/06 9:00 AM,66.7,54.0,49.5,65.6,,,30.05,,,,,,,,,,,,,
In home  (w/display),Temp & Humidity Sensor,2020/12/06 9:05 AM,66.3,54.0,49.1,65.2,,,30.05,,,,,,,,,,,,,
In home  (w/display),Temp & Humidity Sensor,2020/12/06 9:10 AM,66.3,54.0,49.1,65.2,,,30.04,,,,,,,,,,,,,
In home  (w/display),Temp & Humidity Sensor,2020/12/06 9:15 AM,66.3,54.0,49.1,65.2,,,30.05,,,,,,,,,,,,,
In home  (w/display),Temp & Humidity Sensor,2020/12/06 9:20 AM,66.5,54.0,49.3,65.4,,,30.05,,,,,,,,,,,,,
In home  (w/display),Temp & Humidity Sensor,2020/12/06 9:25 AM,66.3,54.0,49.1,65.2,,,30.05,,,,,,,,,,,,,
In home  (w/display),Temp & Humidity Sensor,2020/12/06 9:30 AM,66.2,54.0,49.1,65.1,,,30.05,,,,,,,,,,,,,
In home  (w/display),Temp & Humidity Sensor,2020/12/06 9:35 AM,66.3,55.0,49.6,65.2,,,30.04,,,,,,,,,,,,,
In home  (w/display),Temp & Humidity Sensor,2020/12/06 9:40 AM,66.7,55.0,50.0,65.7,,,30.05,,,,,,,,,,,,,
In home  (w/display),Temp & Humidity Sensor,2020/12/06 9:45 AM,66.7,55.0,50.0,65.7,,,30.05,,,,,,,,,,,,,
In home  (w/display),Temp & Humidity Sensor,2020/12/06 9:50 AM,66.7,55.0,50.0,65.7,,,30.05,,,,,,,,,,,,,
In home  (w/display),Temp & Humidity Sensor,2020/12/06 9:55 AM,66.7,55.0,50.0,65.7,,,30.05,,,,,,,,,,,,,
In home  (w/display),Temp & Humidity Sensor,2020/12/06 10:00 AM,67.1,55.0,50.4,66.1,,,30.05,,,,,,,,,,,,,
In home  (w/display),Temp & Humidity Sensor,2020/12/06 10:05 AM,67.2,55.0,50.5,66.2,,,30.05,,,,,,,,,,,,,
In home  (w/display),Temp & Humidity Sensor,2020/12/06 10:10 AM,67.1,55.0,50.4,66.1,,,30.05,,,,,,,,,,,,,
In home  (w/display),Temp & Humidity Sensor,2020/12/06 10:15 AM,66.9,55.0,50.2,65.9,,,30.04,,,,,,,,,,,,,
In home  (w/display),Temp & Humidity Sensor,2020/12/06 10:20 AM,66.7,55.0,50.0,65.7,,,30.04,,,,,,,,,,,,,
In home  (w/display),Temp & Humidity Sensor,2020/12/06 10:25 AM,66.9,55.0,50.2,65.9,,,30.04,,,,,,,,,,,,,
In home  (w/display),Temp & Humidity Sensor,2020/12/06 10:30 AM,67.1,55.0,50.4,66.1,,,30.04,,,,,,,,,,,,,
In home  (w/display),Temp & Humidity Sensor,2020/12/06 10:35 AM,66.9,55.0,50.2,65.9,,,30.04,,,,,,,,,,,,,
In home  (w/display),Temp & Humidity Sensor,2020/12/06 10:40 AM,66.7,55.0,50.0,65.7,,,30.04,,,,,,,,,,,,,
In home  (w/display),Temp & Humidity Sensor,2020/12/06 10:45 AM,66.7,55.0,50.0,65.7,,,30.04,,,,,,,,,,,,,
In home  (w/display),Temp & Humidity Sensor,2020/12/06 10:50 AM,67.1,55.0,50.4,66.1,,,30.04,,,,,,,,,,,,,
In home  (w/display),Temp & Humidity Sensor,2020/12/06 10:55 AM,67.1,55.0,50.4,66.1,,,30.04,,,,,,,,,,,,,
In home  (w/display),Temp & Humidity Sensor,2020/12/06 11:00 AM,66.9,55.0,50.2,65.9,,,30.04,,,,,,,,,,,,,
In home  (w/display),Temp & Humidity Sensor,2020/12/06 11:05 AM,66.7,55.0,50.0,65.7,,,30.04,,,,,,,,,,,,,
In home  (w/display),Temp & Humidity Sensor,2020/12/06 11:10 AM,66.7,55.0,50.0,65.7,,,30.04,,,,,,,,,,,,,
In home  (w/display),Temp & Humidity Sensor,2020/12/06 11:15 AM,67.1,55.0,50.4,66.1,,,30.04,,,,,,,,,,,,,
In home  (w/display),Temp & Humidity Sensor,2020/12/06 11:20 AM,67.1,55.0,50.4,66.1,,,30.03,,,,,,,,,,,,,
In home  (w/display),Temp & Humidity Sensor,2020/12/06 11:25 AM,66.7,55.0,50.0,65.7,,,30.03,,,,,,,,,,,,,
In home  (w/display),Temp & Humidity Sensor,2020/12/06 11:30 AM,66.7,55.0,50.0,65.7,,,30.03,,,,,,,,,,,,,
In home  (w/display),Temp & Humidity Sensor,2020/12/06 11:35 AM,66.9,55.0,50.2,65.9,,,30.02,,,,,,,,,,,,,
In home  (w/display),Temp & Humidity Sensor,2020/12/06 11:40 AM,66.9,55.0,50.2,65.9,,,30.02,,,,,,,,,,,,,
In home  (w/display),Temp & Humidity Sensor,2020/12/06 11:45 AM,66.7,55.0,50.0,65.7,,,30.02,,,,,,,,,,,,,
In home  (w/display),Temp & Humidity Sensor,2020/12/06 11:50 AM,66.7,55.0,50.0,65.7,,,30.01,,,,,,,,,,,,,
In home  (w/display),Temp & Humidity Sensor,2020/12/06 11:55 AM,66.5,55.0,49.8,65.4,,,30.01,,,,,,,,,,,,,
In home  (w/display),Temp & Humidity Sensor,2020/12/06 12:00 PM,66.7,55.0,50.0,65.7,,,30.01,,,,,,,,,,,,,
In home  (w/display),Temp & Humidity Sensor,2020/12/06 12:05 PM,66.7,55.0,50.0,65.7,,,30.01,,,,,,,,,,,,,
In home  (w/display),Temp & Humidity Sensor,2020/12/06 12:10 PM,66.7,55.0,50.0,65.7,,,30.01,,,,,,,,,,,,,
In home  (w/display),Temp & Humidity Sensor,2020/12/06 12:15 PM,66.7,55.0,50.0,65.7,,,30.0,,,,,,,,,,,,,
In home  (w/display),Temp & Humidity Sensor,2020/12/06 12:20 PM,66.3,55.0,49.6,65.2,,,30.0,,,,,,,,,,,,,
In home  (w/display),Temp & Humidity Sensor,2020/12/06 12:25 PM,66.7,55.0,50.0,65.7,,,30.0,,,,,,,,,,,,,
In home  (w/display),Temp & Humidity Sensor,2020/12/06 12:30 PM,66.9,55.0,50.2,65.9,,,30.0,,,,,,,,,,,,,
In home  (w/display),Temp & Humidity Sensor,2020/12/06 12:35 PM,66.7,55.0,50.0,65.7,,,29.99,,,,,,,,,,,,,
In home  (w/display),Temp & Humidity Sensor,2020/12/06 12:40 PM,66.7,55.0,50.0,65.7,,,29.99,,,,,,,,,,,,,
In home  (w/display),Temp & Humidity Sensor,2020/12/06 12:45 PM,66.5,55.0,49.8,65.4,,,29.98,,,,,,,,,,,,,
In home  (w/display),Temp & Humidity Sensor,2020/12/06 12:50 PM,66.3,55.0,49.6,65.2,,,29.98,,,,,,,,,,,,,
In home  (w/display),Temp & Humidity Sensor,2020/12/06 12:55 PM,66.5,55.0,49.8,65.4,,,29.98,,,,,,,,,,,,,
In home  (w/display),Temp & Humidity Sensor,2020/12/06 1:00 PM,66.7,55.0,50.0,65.7,,,29.97,,,,,,,,,,,,,
In home  (w/display),Temp & Humidity Sensor,2020/12/06 1:05 PM,66.7,55.0,50.0,65.7,,,29.97,,,,,,,,,,,,,
In home  (w/display),Temp & Humidity Sensor,2020/12/06 1:10 PM,66.7,55.0,50.0,65.7,,,29.97,,,,,,,,,,,,,
In home  (w/display),Temp & Humidity Sensor,2020/12/06 1:15 PM,66.5,55.0,49.8,65.4,,,29.96,,,,,,,,,,,,,
In home  (w/display),Temp & Humidity Sensor,2020/12/06 1:20 PM,66.3,55.0,49.6,65.2,,,29.96,,,,,,,,,,,,,
In home  (w/display),Temp & Humidity Sensor,2020/12/06 1:25 PM,66.7,55.0,50.0,65.7,,,29.96,,,,,,,,,,,,,
In home  (w/display),Temp & Humidity Sensor,2020/12/06 1:30 PM,66.7,55.0,50.0,65.7,,,29.95,,,,,,,,,,,,,
In home  (w/display),Temp & Humidity Sensor,2020/12/06 1:35 PM,66.7,55.0,50.0,65.7,,,29.95,,,,,,,,,,,,,
In home  (w/display),Temp & Humidity Sensor,2020/12/06 1:40 PM,66.5,55.0,49.8,65.4,,,29.95,,,,,,,,,,,,,
In home  (w/display),Temp & Humidity Sensor,2020/12/06 1:45 PM,66.3,55.0,49.6,65.2,,,29.95,,,,,,,,,,,,,
In home  (w/display),Temp & Humidity Sensor,2020/12/06 1:50 PM,66.3,55.0,49.6,65.2,,,29.95,,,,,,,,,,,,,
In home  (w/display),Temp & Humidity Sensor,2020/12/06 1:55 PM,66.7,55.0,50.0,65.7,,,29.95,,,,,,,,,,,,,
In home  (w/display),Temp & Humidity Sensor,2020/12/06 2:00 PM,66.7,55.0,50.0,65.7,,,29.95,,,,,,,,,,,,,
In home  (w/display),Temp & Humidity Sensor,2020/12/06 2:05 PM,66.3,55.0,49.6,65.2,,,29.95,,,,,,,,,,,,,
In home  (w/display),Temp & Humidity Sensor,2020/12/06 2:10 PM,66.3,55.0,49.6,65.2,,,29.94,,,,,,,,,,,,,
In home  (w/display),Temp & Humidity Sensor,2020/12/06 2:15 PM,66.3,55.0,49.6,65.2,,,29.94,,,,,,,,,,,,,
In home  (w/display),Temp & Humidity Sensor,2020/12/06 2:20 PM,66.3,55.0,49.6,65.2,,,29.94,,,,,,,,,,,,,
In home  (w/display),Temp & Humidity Sensor,2020/12/06 2:25 PM,66.7,55.0,50.0,65.7,,,29.94,,,,,,,,,,,,,
In home  (w/display),Temp & Humidity Sensor,2020/12/06 2:30 PM,66.7,55.0,50.0,65.7,,,29.94,,,,,,,,,,,,,
In home  (w/display),Temp & Humidity Sensor,2020/12/06 2:35 PM,66.5,55.0,49.8,65.4,,,29.94,,,,,,,,,,,,,
In home  (w/display),Temp & Humidity Sensor,2020/12/06 2:40 PM,66.3,55.0,49.6,65.2,,,29.94,,,,,,,,,,,,,
In home  (w/display),Temp & Humidity Sensor,2020/12/06 2:45 PM,66.3,55.0,49.6,65.2,,,29.94,,,,,,,,,,,,,
In home  (w/display),Temp & Humidity Sensor,2020/12/06 2:50 PM,66.3,55.0,49.6,65.2,,,29.95,,,,,,,,,,,,,
In home  (w/display),Temp & Humidity Sensor,2020/12/06 2:55 PM,66.2,55.0,49.5,65.1,,,29.94,,,,,,,,,,,,,
In home  (w/display),Temp & Humidity Sensor,2020/12/06 3:00 PM,66.2,55.0,49.5,65.1,,,29.95,,,,,,,,,,,,,
In home  (w/display),Temp & Humidity Sensor,2020/12/06 3:05 PM,66.3,55.0,49.6,65.2,,,29.95,,,,,,,,,,,,,
In home  (w/display),Temp & Humidity Sensor,2020/12/06 3:10 PM,66.3,55.0,49.6,65.2,,,29.95,,,,,,,,,,,,,
In home  (w/display),Temp & Humidity Sensor,2020/12/06 3:15 PM,66.3,55.0,49.6,65.2,,,29.95,,,,,,,,,,,,,
In home  (w/display),Temp & Humidity Sensor,2020/12/06 3:20 PM,66.3,55.0,49.6,65.2,,,29.95,,,,,,,,,,,,,
In home  (w/display),Temp & Humidity Sensor,2020/12/06 3:25 PM,66.2,55.0,49.5,65.1,,,29.94,,,,,,,,,,,,,
In home  (w/display),Temp & Humidity Sensor,2020/12/06 3:30 PM,66.0,56.0,49.8,64.9,,,29.94,,,,,,,,,,,,,
In home  (w/display),Temp & Humidity Sensor,2020/12/06 3:35 PM,66.0,56.0,49.8,64.9,,,29.94,,,,,,,,,,,,,
In home  (w/display),Temp & Humidity Sensor,2020/12/06 3:40 PM,65.8,56.0,49.7,64.7,,,29.94,,,,,,,,,,,,,
In home  (w/display),Temp & Humidity Sensor,2020/12/06 3:45 PM,65.8,56.0,49.7,64.7,,,29.94,,,,,,,,,,,,,
In home  (w/display),Temp & Humidity Sensor,2020/12/06 3:50 PM,65.8,56.0,49.7,64.7,,,29.94,,,,,,,,,,,,,
In home  (w/display),Temp & Humidity Sensor,2020/12/06 3:55 PM,66.0,56.0,49.8,64.9,,,29.94,,,,,,,,,,,,,
In home  (w/display),Temp & Humidity Sensor,2020/12/06 4:00 PM,66.0,56.0,49.8,64.9,,,29.94,,,,,,,,,,,,,
In home  (w/display),Temp & Humidity Sensor,2020/12/06 4:05 PM,66.0,56.0,49.8,64.9,,,29.94,,,,,,,,,,,,,
In home  (w/display),Temp & Humidity Sensor,2020/12/06 4:10 PM,65.8,56.0,49.7,64.7,,,29.94,,,,,,,,,,,,,
In home  (w/display),Temp & Humidity Sensor,2020/12/06 4:15 PM,65.8,56.0,49.7,64.7,,,29.94,,,,,,,,,,,,,
In home  (w/display),Temp & Humidity Sensor,2020/12/06 4:20 PM,65.6,56.0,49.5,64.5,,,29.93,,,,,,,,,,,,,
In home  (w/display),Temp & Humidity Sensor,2020/12/06 4:25 PM,65.6,56.0,49.5,64.5,,,29.93,,,,,,,,,,,,,
In home  (w/display),Temp & Humidity Sensor,2020/12/06 4:30 PM,65.4,56.0,49.3,64.3,,,29.93,,,,,,,,,,,,,
In home  (w/display),Temp & Humidity Sensor,2020/12/06 4:35 PM,65.6,56.0,49.5,64.5,,,29.93,,,,,,,,,,,,,
In home  (w/display),Temp & Humidity Sensor,2020/12/06 4:40 PM,65.8,56.0,49.7,64.7,,,29.94,,,,,,,,,,,,,
In home  (w/display),Temp & Humidity Sensor,2020/12/06 4:45 PM,65.8,56.0,49.7,64.7,,,29.95,,,,,,,,,,,,,
In home  (w/display),Temp & Humidity Sensor,2020/12/06 4:50 PM,65.8,56.0,49.7,64.7,,,29.95,,,,,,,,,,,,,
In home  (w/display),Temp & Humidity Sensor,2020/12/06 4:55 PM,65.6,56.0,49.5,64.5,,,29.94,,,,,,,,,,,,,
In home  (w/display),Temp & Humidity Sensor,2020/12/06 5:00 PM,65.6,56.0,49.5,64.5,,,29.94,,,,,,,,,,,,,
In home  (w/display),Temp & Humidity Sensor,2020/12/06 5:05 PM,65.4,56.0,49.3,64.3,,,29.93,,,,,,,,,,,,,
In home  (w/display),Temp & Humidity Sensor,2020/12/06 5:10 PM,65.6,56.0,49.5,64.5,,,29.93,,,,,,,,,,,,,
In home  (w/display),Temp & Humidity Sensor,2020/12/06 5:15 PM,65.8,56.0,49.7,64.7,,,29.94,,,,,,,,,,,,,
In home  (w/display),Temp & Humidity Sensor,2020/12/06 5:20 PM,65.8,56.0,49.7,64.7,,,29.93,,,,,,,,,,,,,
In home  (w/display),Temp & Humidity Sensor,2020/12/06 5:25 PM,65.6,56.0,49.5,64.5,,,29.94,,,,,,,,,,,,,
In home  (w/display),Temp & Humidity Sensor,2020/12/06 5:30 PM,65.4,56.0,49.3,64.3,,,29.93,,,,,,,,,,,,,
In home  (w/display),Temp & Humidity Sensor,2020/12/06 5:35 PM,65.4,56.0,49.3,64.3,,,29.93,,,,,,,,,,,,,
In home  (w/display),Temp & Humidity Sensor,2020/12/06 5:40 PM,65.8,56.0,49.7,64.7,,,29.94,,,,,,,,,,,,,
In home  (w/display),Temp & Humidity Sensor,2020/12/06 5:45 PM,65.8,56.0,49.7,64.7,,,29.94,,,,,,,,,,,,,
In home  (w/display),Temp & Humidity Sensor,2020/12/06 5:50 PM,65.8,56.0,49.7,64.7,,,29.94,,,,,,,,,,,,,
In home  (w/display),Temp & Humidity Sensor,2020/12/06 5:55 PM,65.8,56.0,49.7,64.7,,,29.95,,,,,,,,,,,,,
In home  (w/display),Temp & Humidity Sensor,2020/12/06 6:00 PM,65.8,57.0,50.1,64.8,,,29.95,,,,,,,,,,,,,
In home  (w/display),Temp & Humidity Sensor,2020/12/06 6:05 PM,65.6,57.0,49.9,64.5,,,29.96,,,,,,,,,,,,,
In home  (w/display),Temp & Humidity Sensor,2020/12/06 6:10 PM,65.8,57.0,50.1,64.8,,,29.96,,,,,,,,,,,,,
In home  (w/display),Temp & Humidity Sensor,2020/12/06 6:15 PM,66.0,57.0,50.3,65.0,,,29.96,,,,,,,,,,,,,
In home  (w/display),Temp & Humidity Sensor,2020/12/06 6:20 PM,66.0,57.0,50.3,65.0,,,29.96,,,,,,,,,,,,,
In home  (w/display),Temp & Humidity Sensor,2020/12/06 6:25 PM,66.0,57.0,50.3,65.0,,,29.96,,,,,,,,,,,,,
In home  (w/display),Temp & Humidity Sensor,2020/12/06 6:30 PM,66.0,57.0,50.3,65.0,,,29.97,,,,,,,,,,,,,
In home  (w/display),Temp & Humidity Sensor,2020/12/06 6:35 PM,66.0,57.0,50.3,65.0,,,29.96,,,,,,,,,,,,,
In home  (w/display),Temp & Humidity Sensor,2020/12/06 6:40 PM,65.8,57.0,50.1,64.8,,,29.96,,,,,,,,,,,,,
In home  (w/display),Temp & Humidity Sensor,2020/12/06 6:45 PM,66.0,57.0,50.3,65.0,,,29.96,,,,,,,,,,,,,
In home  (w/display),Temp & Humidity Sensor,2020/12/06 6:50 PM,66.5,56.0,50.3,65.5,,,29.96,,,,,,,,,,,,,
In home  (w/display),Temp & Humidity Sensor,2020/12/06 6:55 PM,66.9,56.0,50.7,65.9,,,29.95,,,,,,,,,,,,,
In home  (w/display),Temp & Humidity Sensor,2020/12/06 7:00 PM,67.2,56.0,51.0,66.3,,,29.96,,,,,,,,,,,,,
In home  (w/display),Temp & Humidity Sensor,2020/12/06 7:05 PM,67.2,55.0,50.5,66.2,,,29.95,,,,,,,,,,,,,
In home  (w/display),Temp & Humidity Sensor,2020/12/06 7:10 PM,67.2,55.0,50.5,66.2,,,29.96,,,,,,,,,,,,,
In home  (w/display),Temp & Humidity Sensor,2020/12/06 7:15 PM,67.2,55.0,50.5,66.2,,,29.96,,,,,,,,,,,,,
In home  (w/display),Temp & Humidity Sensor,2020/12/06 7:20 PM,67.6,55.0,50.8,66.6,,,29.96,,,,,,,,,,,,,
In home  (w/display),Temp & Humidity Sensor,2020/12/06 7:25 PM,67.4,55.0,50.7,66.4,,,29.97,,,,,,,,,,,,,
In home  (w/display),Temp & Humidity Sensor,2020/12/06 7:30 PM,67.2,55.0,50.5,66.2,,,29.97,,,,,,,,,,,,,
In home  (w/display),Temp & Humidity Sensor,2020/12/06 7:35 PM,67.4,55.0,50.7,66.4,,,29.96,,,,,,,,,,,,,
In home  (w/display),Temp & Humidity Sensor,2020/12/06 7:40 PM,67.6,55.0,50.8,66.6,,,29.96,,,,,,,,,,,,,
In home  (w/display),Temp & Humidity Sensor,2020/12/06 7:45 PM,67.6,55.0,50.8,66.6,,,29.97,,,,,,,,,,,,,
In home  (w/display),Temp & Humidity Sensor,2020/12/06 7:50 PM,67.4,55.0,50.7,66.4,,,29.96,,,,,,,,,,,,,
In home  (w/display),Temp & Humidity Sensor,2020/12/06 7:55 PM,67.2,55.0,50.5,66.2,,,29.97,,,,,,,,,,,,,
In home  (w/display),Temp & Humidity Sensor,2020/12/06 8:00 PM,67.4,55.0,50.7,66.4,,,29.97,,,,,,,,,,,,,
In home  (w/display),Temp & Humidity Sensor,2020/12/06 8:05 PM,67.6,56.0,51.3,66.7,,,29.97,,,,,,,,,,,,,
In home  (w/display),Temp & Humidity Sensor,2020/12/06 8:10 PM,67.4,57.0,51.6,66.5,,,29.96,,,,,,,,,,,,,
In home  (w/display),Temp & Humidity Sensor,2020/12/06 8:15 PM,67.4,58.0,52.1,66.6,,,29.96,,,,,,,,,,,,,
In home  (w/display),Temp & Humidity Sensor,2020/12/06 8:20 PM,67.8,58.0,52.5,67.0,,,29.96,,,,,,,,,,,,,
In home  (w/display),Temp & Humidity Sensor,2020/12/06 8:25 PM,67.8,59.0,52.9,67.1,,,29.96,,,,,,,,,,,,,
In home  (w/display),Temp & Humidity Sensor,2020/12/06 8:30 PM,67.8,60.0,53.4,67.1,,,29.95,,,,,,,,,,,,,
In home  (w/display),Temp & Humidity Sensor,2020/12/06 8:35 PM,67.6,59.0,52.8,66.8,,,29.95,,,,,,,,,,,,,
In home  (w/display),Temp & Humidity Sensor,2020/12/06 8:40 PM,68.0,59.0,53.1,67.3,,,29.95,,,,,,,,,,,,,
In home  (w/display),Temp & Humidity Sensor,2020/12/06 8:45 PM,68.1,59.0,53.2,67.4,,,29.94,,,,,,,,,,,,,
In home  (w/display),Temp & Humidity Sensor,2020/12/06 8:50 PM,68.1,59.0,53.2,67.4,,,29.94,,,,,,,,,,,,,
In home  (w/display),Temp & Humidity Sensor,2020/12/06 8:55 PM,68.0,59.0,53.1,67.3,,,29.94,,,,,,,,,,,,,
In home  (w/display),Temp & Humidity Sensor,2020/12/06 9:00 PM,67.8,59.0,52.9,67.1,,,29.94,,,,,,,,,,,,,
In home  (w/display),Temp & Humidity Sensor,2020/12/06 9:05 PM,68.0,58.0,52.7,67.2,,,29.93,,,,,,,,,,,,,
In home  (w/display),Temp & Humidity Sensor,2020/12/06 9:10 PM,68.0,58.0,52.7,67.2,,,29.93,,,,,,,,,,,,,
In home  (w/display),Temp & Humidity Sensor,2020/12/06 9:15 PM,68.0,58.0,52.7,67.2,,,29.93,,,,,,,,,,,,,
In home  (w/display),Temp & Humidity Sensor,2020/12/06 9:20 PM,67.8,58.0,52.5,67.0,,,29.92,,,,,,,,,,,,,
In home  (w/display),Temp & Humidity Sensor,2020/12/06 9:25 PM,67.8,58.0,52.5,67.0,,,29.92,,,,,,,,,,,,,
In home  (w/display),Temp & Humidity Sensor,2020/12/06 9:30 PM,68.0,58.0,52.7,67.2,,,29.92,,,,,,,,,,,,,
In home  (w/display),Temp & Humidity Sensor,2020/12/06 9:35 PM,68.0,58.0,52.7,67.2,,,29.92,,,,,,,,,,,,,
In home  (w/display),Temp & Humidity Sensor,2020/12/06 9:40 PM,68.0,58.0,52.7,67.2,,,29.92,,,,,,,,,,,,,
In home  (w/display),Temp & Humidity Sensor,2020/12/06 9:45 PM,67.8,58.0,52.5,67.0,,,29.93,,,,,,,,,,,,,
In home  (w/display),Temp & Humidity Sensor,2020/12/06 9:50 PM,67.8,58.0,52.5,67.0,,,29.93,,,,,,,,,,,,,
In home  (w/display),Temp & Humidity Sensor,2020/12/06 9:55 PM,68.0,58.0,52.7,67.2,,,29.93,,,,,,,,,,,,,
In home  (w/display),Temp & Humidity Sensor,2020/12/06 10:00 PM,68.0,58.0,52.7,67.2,,,29.92,,,,,,,,,,,,,
In home  (w/display),Temp & Humidity Sensor,2020/12/06 10:05 PM,67.8,57.0,52.0,67.0,,,29.93,,,,,,,,,,,,,
In home  (w/display),Temp & Humidity Sensor,2020/12/06 10:10 PM,67.8,57.0,52.0,67.0,,,29.92,,,,,,,,,,,,,
In home  (w/display),Temp & Humidity Sensor,2020/12/06 10:15 PM,67.6,57.0,51.8,66.7,,,29.92,,,,,,,,,,,,,
In home  (w/display),Temp & Humidity Sensor,2020/12/06 10:20 PM,67.6,57.0,51.8,66.7,,,29.92,,,,,,,,,,,,,
In home  (w/display),Temp & Humidity Sensor,2020/12/06 10:25 PM,67.4,57.0,51.6,66.5,,,29.91,,,,,,,,,,,,,
In home  (w/display),Temp & Humidity Sensor,2020/12/06 10:30 PM,67.2,58.0,51.9,66.3,,,29.91,,,,,,,,,,,,,
In home  (w/display),Temp & Humidity Sensor,2020/12/06 10:35 PM,67.2,58.0,51.9,66.3,,,29.91,,,,,,,,,,,,,
In home  (w/display),Temp & Humidity Sensor,2020/12/06 10:40 PM,67.2,58.0,51.9,66.3,,,29.91,,,,,,,,,,,,,
In home  (w/display),Temp & Humidity Sensor,2020/12/06 10:45 PM,67.2,58.0,51.9,66.3,,,29.91,,,,,,,,,,,,,
In home  (w/display),Temp & Humidity Sensor,2020/12/06 10:50 PM,67.1,58.0,51.8,66.2,,,29.91,,,,,,,,,,,,,
In home  (w/display),Temp & Humidity Sensor,2020/12/06 10:55 PM,66.9,58.0,51.6,66.0,,,29.92,,,,,,,,,,,,,
In home  (w/display),Temp & Humidity Sensor,2020/12/06 11:00 PM,66.9,58.0,51.6,66.0,,,29.92,,,,,,,,,,,,,
In home  (w/display),Temp & Humidity Sensor,2020/12/06 11:05 PM,66.7,58.0,51.4,65.8,,,29.92,,,,,,,,,,,,,
In home  (w/display),Temp & Humidity Sensor,2020/12/06 11:10 PM,66.5,58.0,51.3,65.6,,,29.93,,,,,,,,,,,,,
In home  (w/display),Temp & Humidity Sensor,2020/12/06 11:15 PM,66.3,58.0,51.1,65.4,,,29.93,,,,,,,,,,,,,
In home  (w/display),Temp & Humidity Sensor,2020/12/06 11:20 PM,66.3,58.0,51.1,65.4,,,29.93,,,,,,,,,,,,,
In home  (w/display),Temp & Humidity Sensor,2020/12/06 11:25 PM,66.3,58.0,51.1,65.4,,,29.93,,,,,,,,,,,,,
In home  (w/display),Temp & Humidity Sensor,2020/12/06 11:30 PM,66.0,59.0,51.3,65.1,,,29.92,,,,,,,,,,,,,
In home  (w/display),Temp & Humidity Sensor,2020/12/06 11:35 PM,66.0,59.0,51.3,65.1,,,29.92,,,,,,,,,,,,,
In home  (w/display),Temp & Humidity Sensor,2020/12/06 11:40 PM,66.0,59.0,51.3,65.1,,,29.92,,,,,,,,,,,,,
In home  (w/display),Temp & Humidity Sensor,2020/12/06 11:45 PM,65.8,59.0,51.1,64.9,,,29.91,,,,,,,,,,,,,
In home  (w/display),Temp & Humidity Sensor,2020/12/06 11:50 PM,65.8,59.0,51.1,64.9,,,29.91,,,,,,,,,,,,,
In home  (w/display),Temp & Humidity Sensor,2020/12/06 11:55 PM,65.6,59.0,50.9,64.6,,,29.91,,,,,,,,,,,,,
In home  (w/display),Temp & Humidity Sensor,2020/12/07 12:00 AM,65.6,59.0,50.9,64.6,,,29.91,,,,,,,,,,,,,
In home  (w/display),Temp & Humidity Sensor,2020/12/07 12:05 AM,65.6,59.0,50.9,64.6,,,29.91,,,,,,,,,,,,,
In home  (w/display),Temp & Humidity Sensor,2020/12/07 12:10 AM,65.4,59.0,50.7,64.4,,,29.91,,,,,,,,,,,,,
In home  (w/display),Temp & Humidity Sensor,2020/12/07 12:15 AM,65.4,59.0,50.7,64.4,,,29.91,,,,,,,,,,,,,
In home  (w/display),Temp & Humidity Sensor,2020/12/07 12:20 AM,65.4,59.0,50.7,64.4,,,29.91,,,,,,,,,,,,,
In home  (w/display),Temp & Humidity Sensor,2020/12/07 12:25 AM,65.3,59.0,50.6,64.3,,,29.91,,,,,,,,,,,,,
In home  (w/display),Temp & Humidity Sensor,2020/12/07 12:30 AM,65.3,59.0,50.6,64.3,,,29.91,,,,,,,,,,,,,
In home  (w/display),Temp & Humidity Sensor,2020/12/07 12:35 AM,65.3,59.0,50.6,64.3,,,29.91,,,,,,,,,,,,,
In home  (w/display),Temp & Humidity Sensor,2020/12/07 12:40 AM,65.3,59.0,50.6,64.3,,,29.91,,,,,,,,,,,,,
In home  (w/display),Temp & Humidity Sensor,2020/12/07 12:45 AM,65.3,59.0,50.6,64.3,,,29.9,,,,,,,,,,,,,
In home  (w/display),Temp & Humidity Sensor,2020/12/07 12:50 AM,65.1,59.0,50.4,64.1,,,29.9,,,,,,,,,,,,,
In home  (w/display),Temp & Humidity Sensor,2020/12/07 12:55 AM,64.9,59.0,50.2,63.9,,,29.89,,,,,,,,,,,,,
In home  (w/display),Temp & Humidity Sensor,2020/12/07 1:00 AM,64.9,59.0,50.2,63.9,,,29.9,,,,,,,,,,,,,
In home  (w/display),Temp & Humidity Sensor,2020/12/07 1:05 AM,64.9,59.0,50.2,63.9,,,29.89,,,,,,,,,,,,,
In home  (w/display),Temp & Humidity Sensor,2020/12/07 1:10 AM,64.9,59.0,50.2,63.9,,,29.88,,,,,,,,,,,,,
In home  (w/display),Temp & Humidity Sensor,2020/12/07 1:15 AM,64.9,59.0,50.2,63.9,,,29.88,,,,,,,,,,,,,
In home  (w/display),Temp & Humidity Sensor,2020/12/07 1:20 AM,64.9,59.0,50.2,63.9,,,29.87,,,,,,,,,,,,,
In home  (w/display),Temp & Humidity Sensor,2020/12/07 1:25 AM,64.7,59.0,50.0,63.6,,,29.87,,,,,,,,,,,,,
In home  (w/display),Temp & Humidity Sensor,2020/12/07 1:30 AM,64.5,59.0,49.8,63.4,,,29.86,,,,,,,,,,,,,
In home  (w/display),Temp & Humidity Sensor,2020/12/07 1:35 AM,64.5,59.0,49.8,63.4,,,29.86,,,,,,,,,,,,,
In home  (w/display),Temp & Humidity Sensor,2020/12/07 1:40 AM,64.5,59.0,49.8,63.4,,,29.86,,,,,,,,,,,,,
In home  (w/display),Temp & Humidity Sensor,2020/12/07 1:45 AM,64.5,59.0,49.8,63.4,,,29.86,,,,,,,,,,,,,
In home  (w/display),Temp & Humidity Sensor,2020/12/07 1:50 AM,64.5,59.0,49.8,63.4,,,29.86,,,,,,,,,,,,,
In home  (w/display),Temp & Humidity Sensor,2020/12/07 1:55 AM,64.5,59.0,49.8,63.4,,,29.87,,,,,,,,,,,,,
In home  (w/display),Temp & Humidity Sensor,2020/12/07 2:00 AM,64.4,59.0,49.8,63.3,,,29.87,,,,,,,,,,,,,
In home  (w/display),Temp & Humidity Sensor,2020/12/07 2:05 AM,64.4,59.0,49.8,63.3,,,29.86,,,,,,,,,,,,,
In home  (w/display),Temp & Humidity Sensor,2020/12/07 2:10 AM,64.2,59.0,49.6,63.1,,,29.86,,,,,,,,,,,,,
In home  (w/display),Temp & Humidity Sensor,2020/12/07 2:15 AM,64.2,59.0,49.6,63.1,,,29.86,,,,,,,,,,,,,
In home  (w/display),Temp & Humidity Sensor,2020/12/07 2:20 AM,64.2,59.0,49.6,63.1,,,29.87,,,,,,,,,,,,,
In home  (w/display),Temp & Humidity Sensor,2020/12/07 2:25 AM,64.2,59.0,49.6,63.1,,,29.86,,,,,,,,,,,,,
In home  (w/display),Temp & Humidity Sensor,2020/12/07 2:30 AM,64.2,59.0,49.6,63.1,,,29.86,,,,,,,,,,,,,
In home  (w/display),Temp & Humidity Sensor,2020/12/07 2:35 AM,64.2,59.0,49.6,63.1,,,29.86,,,,,,,,,,,,,
In home  (w/display),Temp & Humidity Sensor,2020/12/07 2:40 AM,64.0,59.0,49.4,62.9,,,29.86,,,,,,,,,,,,,
In home  (w/display),Temp & Humidity Sensor,2020/12/07 2:45 AM,64.2,59.0,49.6,63.1,,,29.86,,,,,,,,,,,,,
In home  (w/display),Temp & Humidity Sensor,2020/12/07 2:50 AM,64.0,59.0,49.4,62.9,,,29.86,,,,,,,,,,,,,
In home  (w/display),Temp & Humidity Sensor,2020/12/07 2:55 AM,64.0,59.0,49.4,62.9,,,29.86,,,,,,,,,,,,,
In home  (w/display),Temp & Humidity Sensor,2020/12/07 3:00 AM,64.0,59.0,49.4,62.9,,,29.86,,,,,,,,,,,,,
In home  (w/display),Temp & Humidity Sensor,2020/12/07 3:05 AM,64.0,59.0,49.4,62.9,,,29.86,,,,,,,,,,,,,
In home  (w/display),Temp & Humidity Sensor,2020/12/07 3:10 AM,64.0,59.0,49.4,62.9,,,29.85,,,,,,,,,,,,,
In home  (w/display),Temp & Humidity Sensor,2020/12/07 3:15 AM,63.8,59.0,49.2,62.7,,,29.85,,,,,,,,,,,,,
In home  (w/display),Temp & Humidity Sensor,2020/12/07 3:20 AM,63.8,59.0,49.2,62.7,,,29.84,,,,,,,,,,,,,
In home  (w/display),Temp & Humidity Sensor,2020/12/07 3:25 AM,63.8,59.0,49.2,62.7,,,29.84,,,,,,,,,,,,,
In home  (w/display),Temp & Humidity Sensor,2020/12/07 3:30 AM,63.6,59.0,49.0,62.4,,,29.84,,,,,,,,,,,,,
In home  (w/display),Temp & Humidity Sensor,2020/12/07 3:35 AM,63.6,59.0,49.0,62.4,,,29.84,,,,,,,,,,,,,
In home  (w/display),Temp & Humidity Sensor,2020/12/07 3:40 AM,63.6,59.0,49.0,62.4,,,29.84,,,,,,,,,,,,,
In home  (w/display),Temp & Humidity Sensor,2020/12/07 3:45 AM,63.6,59.0,49.0,62.4,,,29.83,,,,,,,,,,,,,
In home  (w/display),Temp & Humidity Sensor,2020/12/07 3:50 AM,63.6,59.0,49.0,62.4,,,29.83,,,,,,,,,,,,,
In home  (w/display),Temp & Humidity Sensor,2020/12/07 3:55 AM,63.6,59.0,49.0,62.4,,,29.83,,,,,,,,,,,,,
In home  (w/display),Temp & Humidity Sensor,2020/12/07 4:00 AM,63.5,59.0,48.9,62.3,,,29.82,,,,,,,,,,,,,
In home  (w/display),Temp & Humidity Sensor,2020/12/07 4:05 AM,63.5,59.0,48.9,62.3,,,29.82,,,,,,,,,,,,,
In home  (w/display),Temp & Humidity Sensor,2020/12/07 4:10 AM,63.5,59.0,48.9,62.3,,,29.82,,,,,,,,,,,,,
In home  (w/display),Temp & Humidity Sensor,2020/12/07 4:15 AM,63.5,59.0,48.9,62.3,,,29.82,,,,,,,,,,,,,
In home  (w/display),Temp & Humidity Sensor,2020/12/07 4:20 AM,63.5,59.0,48.9,62.3,,,29.82,,,,,,,,,,,,,
In home  (w/display),Temp & Humidity Sensor,2020/12/07 4:25 AM,63.5,59.0,48.9,62.3,,,29.81,,,,,,,,,,,,,
In home  (w/display),Temp & Humidity Sensor,2020/12/07 4:30 AM,63.5,59.0,48.9,62.3,,,29.81,,,,,,,,,,,,,
In home  (w/display),Temp & Humidity Sensor,2020/12/07 4:35 AM,63.5,59.0,48.9,62.3,,,29.8,,,,,,,,,,,,,
In home  (w/display),Temp & Humidity Sensor,2020/12/07 4:40 AM,63.3,59.0,48.7,62.1,,,29.8,,,,,,,,,,,,,
In home  (w/display),Temp & Humidity Sensor,2020/12/07 4:45 AM,63.3,59.0,48.7,62.1,,,29.81,,,,,,,,,,,,,
In home  (w/display),Temp & Humidity Sensor,2020/12/07 4:50 AM,63.3,59.0,48.7,62.1,,,29.8,,,,,,,,,,,,,
In home  (w/display),Temp & Humidity Sensor,2020/12/07 4:55 AM,63.1,59.0,48.5,61.9,,,29.8,,,,,,,,,,,,,
In home  (w/display),Temp & Humidity Sensor,2020/12/07 5:00 AM,63.3,59.0,48.7,62.1,,,29.8,,,,,,,,,,,,,
In home  (w/display),Temp & Humidity Sensor,2020/12/07 5:05 AM,63.5,59.0,48.9,62.3,,,29.79,,,,,,,,,,,,,
In home  (w/display),Temp & Humidity Sensor,2020/12/07 5:10 AM,64.0,59.0,49.4,62.9,,,29.79,,,,,,,,,,,,,
In home  (w/display),Temp & Humidity Sensor,2020/12/07 5:15 AM,64.5,59.0,49.8,63.4,,,29.79,,,,,,,,,,,,,
In home  (w/display),Temp & Humidity Sensor,2020/12/07 5:20 AM,65.1,59.0,50.4,64.1,,,29.79,,,,,,,,,,,,,
In home  (w/display),Temp & Humidity Sensor,2020/12/07 5:25 AM,65.4,58.0,50.2,64.4,,,29.79,,,,,,,,,,,,,
In home  (w/display),Temp & Humidity Sensor,2020/12/07 5:30 AM,65.8,58.0,50.6,64.8,,,29.79,,,,,,,,,,,,,
In home  (w/display),Temp & Humidity Sensor,2020/12/07 5:35 AM,66.3,57.0,50.6,65.3,,,29.79,,,,,,,,,,,,,
In home  (w/display),Temp & Humidity Sensor,2020/12/07 5:40 AM,66.3,57.0,50.6,65.3,,,29.79,,,,,,,,,,,,,
In home  (w/display),Temp & Humidity Sensor,2020/12/07 5:45 AM,66.3,57.0,50.6,65.3,,,29.8,,,,,,,,,,,,,
In home  (w/display),Temp & Humidity Sensor,2020/12/07 5:50 AM,66.2,57.0,50.5,65.2,,,29.79,,,,,,,,,,,,,
In home  (w/display),Temp & Humidity Sensor,2020/12/07 5:55 AM,66.3,57.0,50.6,65.3,,,29.79,,,,,,,,,,,,,
In home  (w/display),Temp & Humidity Sensor,2020/12/07 6:00 AM,66.7,57.0,51.0,65.7,,,29.8,,,,,,,,,,,,,
In home  (w/display),Temp & Humidity Sensor,2020/12/07 6:05 AM,67.1,57.0,51.3,66.2,,,29.79,,,,,,,,,,,,,
In home  (w/display),Temp & Humidity Sensor,2020/12/07 6:10 AM,66.9,56.0,50.7,65.9,,,29.8,,,,,,,,,,,,,
In home  (w/display),Temp & Humidity Sensor,2020/12/07 6:15 AM,66.7,56.0,50.5,65.7,,,29.8,,,,,,,,,,,,,
In home  (w/display),Temp & Humidity Sensor,2020/12/07 6:20 AM,67.1,56.0,50.9,66.1,,,29.8,,,,,,,,,,,,,
In home  (w/display),Temp & Humidity Sensor,2020/12/07 6:25 AM,67.2,56.0,51.0,66.3,,,29.8,,,,,,,,,,,,,
In home  (w/display),Temp & Humidity Sensor,2020/12/07 6:30 AM,67.2,56.0,51.0,66.3,,,29.8,,,,,,,,,,,,,
In home  (w/display),Temp & Humidity Sensor,2020/12/07 6:35 AM,67.1,56.0,50.9,66.1,,,29.79,,,,,,,,,,,,,
In home  (w/display),Temp & Humidity Sensor,2020/12/07 6:40 AM,66.9,56.0,50.7,65.9,,,29.8,,,,,,,,,,,,,
In home  (w/display),Temp & Humidity Sensor,2020/12/07 6:45 AM,67.2,56.0,51.0,66.3,,,29.8,,,,,,,,,,,,,
In home  (w/display),Temp & Humidity Sensor,2020/12/07 6:50 AM,67.6,56.0,51.3,66.7,,,29.8,,,,,,,,,,,,,
In home  (w/display),Temp & Humidity Sensor,2020/12/07 6:55 AM,67.4,56.0,51.2,66.5,,,29.8,,,,,,,,,,,,,
In home  (w/display),Temp & Humidity Sensor,2020/12/07 7:00 AM,67.2,56.0,51.0,66.3,,,29.8,,,,,,,,,,,,,
In home  (w/display),Temp & Humidity Sensor,2020/12/07 7:05 AM,67.2,56.0,51.0,66.3,,,29.8,,,,,,,,,,,,,
In home  (w/display),Temp & Humidity Sensor,2020/12/07 7:10 AM,67.4,56.0,51.2,66.5,,,29.8,,,,,,,,,,,,,
In home  (w/display),Temp & Humidity Sensor,2020/12/07 7:15 AM,67.6,56.0,51.3,66.7,,,29.8,,,,,,,,,,,,,
In home  (w/display),Temp & Humidity Sensor,2020/12/07 7:20 AM,67.6,56.0,51.3,66.7,,,29.8,,,,,,,,,,,,,
In home  (w/display),Temp & Humidity Sensor,2020/12/07 7:25 AM,67.4,56.0,51.2,66.5,,,29.8,,,,,,,,,,,,,
In home  (w/display),Temp & Humidity Sensor,2020/12/07 7:30 AM,67.6,56.0,51.3,66.7,,,29.8,,,,,,,,,,,,,
In home  (w/display),Temp & Humidity Sensor,2020/12/07 7:35 AM,67.8,56.0,51.5,66.9,,,29.8,,,,,,,,,,,,,
In home  (w/display),Temp & Humidity Sensor,2020/12/07 7:40 AM,67.6,56.0,51.3,66.7,,,29.8,,,,,,,,,,,,,
In home  (w/display),Temp & Humidity Sensor,2020/12/07 7:45 AM,67.6,56.0,51.3,66.7,,,29.8,,,,,,,,,,,,,
In home  (w/display),Temp & Humidity Sensor,2020/12/07 7:50 AM,67.8,56.0,51.5,66.9,,,29.8,,,,,,,,,,,,,
In home  (w/display),Temp & Humidity Sensor,2020/12/07 7:55 AM,68.0,56.0,51.7,67.1,,,29.79,,,,,,,,,,,,,
In home  (w/display),Temp & Humidity Sensor,2020/12/07 8:00 AM,67.8,56.0,51.5,66.9,,,29.79,,,,,,,,,,,,,
In home  (w/display),Temp & Humidity Sensor,2020/12/07 8:05 AM,67.6,56.0,51.3,66.7,,,29.8,,,,,,,,,,,,,
In home  (w/display),Temp & Humidity Sensor,2020/12/07 8:10 AM,67.4,57.0,51.6,66.5,,,29.79,,,,,,,,,,,,,
In home  (w/display),Temp & Humidity Sensor,2020/12/07 8:15 AM,67.2,57.0,51.4,66.3,,,29.79,,,,,,,,,,,,,
In home  (w/display),Temp & Humidity Sensor,2020/12/07 8:20 AM,67.2,57.0,51.4,66.3,,,29.79,,,,,,,,,,,,,
In home  (w/display),Temp & Humidity Sensor,2020/12/07 8:25 AM,67.1,57.0,51.3,66.2,,,29.79,,,,,,,,,,,,,
In home  (w/display),Temp & Humidity Sensor,2020/12/07 8:30 AM,66.9,57.0,51.2,66.0,,,29.79,,,,,,,,,,,,,
In home  (w/display),Temp & Humidity Sensor,2020/12/07 8:35 AM,66.9,57.0,51.2,66.0,,,29.79,,,,,,,,,,,,,
In home  (w/display),Temp & Humidity Sensor,2020/12/07 8:40 AM,66.7,57.0,51.0,65.7,,,29.79,,,,,,,,,,,,,
In home  (w/display),Temp & Humidity Sensor,2020/12/07 8:45 AM,66.7,57.0,51.0,65.7,,,29.79,,,,,,,,,,,,,
In home  (w/display),Temp & Humidity Sensor,2020/12/07 8:50 AM,66.7,57.0,51.0,65.7,,,29.8,,,,,,,,,,,,,
In home  (w/display),Temp & Humidity Sensor,2020/12/07 8:55 AM,66.5,57.0,50.8,65.5,,,29.79,,,,,,,,,,,,,
In home  (w/display),Temp & Humidity Sensor,2020/12/07 9:00 AM,66.5,57.0,50.8,65.5,,,29.79,,,,,,,,,,,,,
In home  (w/display),Temp & Humidity Sensor,2020/12/07 9:05 AM,66.3,57.0,50.6,65.3,,,29.79,,,,,,,,,,,,,
In home  (w/display),Temp & Humidity Sensor,2020/12/07 9:10 AM,66.3,57.0,50.6,65.3,,,29.79,,,,,,,,,,,,,
In home  (w/display),Temp & Humidity Sensor,2020/12/07 9:15 AM,66.3,57.0,50.6,65.3,,,29.79,,,,,,,,,,,,,
In home  (w/display),Temp & Humidity Sensor,2020/12/07 9:20 AM,66.3,57.0,50.6,65.3,,,29.79,,,,,,,,,,,,,
In home  (w/display),Temp & Humidity Sensor,2020/12/07 9:25 AM,66.2,57.0,50.5,65.2,,,29.79,,,,,,,,,,,,,
In home  (w/display),Temp & Humidity Sensor,2020/12/07 9:30 AM,66.2,57.0,50.5,65.2,,,29.79,,,,,,,,,,,,,
In home  (w/display),Temp & Humidity Sensor,2020/12/07 9:35 AM,66.2,58.0,51.0,65.2,,,29.79,,,,,,,,,,,,,
In home  (w/display),Temp & Humidity Sensor,2020/12/07 9:40 AM,66.2,58.0,51.0,65.2,,,29.79,,,,,,,,,,,,,
In home  (w/display),Temp & Humidity Sensor,2020/12/07 9:45 AM,66.0,59.0,51.3,65.1,,,29.79,,,,,,,,,,,,,
In home  (w/display),Temp & Humidity Sensor,2020/12/07 9:50 AM,66.0,59.0,51.3,65.1,,,29.79,,,,,,,,,,,,,
In home  (w/display),Temp & Humidity Sensor,2020/12/07 9:55 AM,66.3,58.0,51.1,65.4,,,29.79,,,,,,,,,,,,,
In home  (w/display),Temp & Humidity Sensor,2020/12/07 10:00 AM,66.3,58.0,51.1,65.4,,,29.79,,,,,,,,,,,,,
In home  (w/display),Temp & Humidity Sensor,2020/12/07 10:05 AM,66.3,57.0,50.6,65.3,,,29.79,,,,,,,,,,,,,
In home  (w/display),Temp & Humidity Sensor,2020/12/07 10:10 AM,66.3,57.0,50.6,65.3,,,29.79,,,,,,,,,,,,,
In home  (w/display),Temp & Humidity Sensor,2020/12/07 10:15 AM,66.3,57.0,50.6,65.3,,,29.79,,,,,,,,,,,,,
In home  (w/display),Temp & Humidity Sensor,2020/12/07 10:20 AM,66.2,57.0,50.5,65.2,,,29.79,,,,,,,,,,,,,
In home  (w/display),Temp & Humidity Sensor,2020/12/07 10:25 AM,66.2,57.0,50.5,65.2,,,29.79,,,,,,,,,,,,,
In home  (w/display),Temp & Humidity Sensor,2020/12/07 10:30 AM,66.0,58.0,50.8,65.0,,,29.79,,,,,,,,,,,,,
In home  (w/display),Temp & Humidity Sensor,2020/12/07 10:35 AM,66.0,58.0,50.8,65.0,,,29.78,,,,,,,,,,,,,
In home  (w/display),Temp & Humidity Sensor,2020/12/07 10:40 AM,66.0,58.0,50.8,65.0,,,29.79,,,,,,,,,,,,,
In home  (w/display),Temp & Humidity Sensor,2020/12/07 10:45 AM,66.0,58.0,50.8,65.0,,,29.78,,,,,,,,,,,,,
In home  (w/display),Temp & Humidity Sensor,2020/12/07 10:50 AM,66.0,58.0,50.8,65.0,,,29.78,,,,,,,,,,,,,
In home  (w/display),Temp & Humidity Sensor,2020/12/07 10:55 AM,66.0,58.0,50.8,65.0,,,29.78,,,,,,,,,,,,,
In home  (w/display),Temp & Humidity Sensor,2020/12/07 11:00 AM,65.8,58.0,50.6,64.8,,,29.78,,,,,,,,,,,,,
In home  (w/display),Temp & Humidity Sensor,2020/12/07 11:05 AM,65.8,58.0,50.6,64.8,,,29.78,,,,,,,,,,,,,
In home  (w/display),Temp & Humidity Sensor,2020/12/07 11:10 AM,65.8,58.0,50.6,64.8,,,29.78,,,,,,,,,,,,,
In home  (w/display),Temp & Humidity Sensor,2020/12/07 11:15 AM,65.8,58.0,50.6,64.8,,,29.78,,,,,,,,,,,,,
In home  (w/display),Temp & Humidity Sensor,2020/12/07 11:20 AM,65.8,58.0,50.6,64.8,,,29.78,,,,,,,,,,,,,
In home  (w/display),Temp & Humidity Sensor,2020/12/07 11:25 AM,66.0,58.0,50.8,65.0,,,29.78,,,,,,,,,,,,,
In home  (w/display),Temp & Humidity Sensor,2020/12/07 11:30 AM,66.0,58.0,50.8,65.0,,,29.78,,,,,,,,,,,,,
In home  (w/display),Temp & Humidity Sensor,2020/12/07 11:35 AM,65.8,58.0,50.6,64.8,,,29.78,,,,,,,,,,,,,
In home  (w/display),Temp & Humidity Sensor,2020/12/07 11:40 AM,65.8,58.0,50.6,64.8,,,29.77,,,,,,,,,,,,,
In home  (w/display),Temp & Humidity Sensor,2020/12/07 11:45 AM,65.8,58.0,50.6,64.8,,,29.77,,,,,,,,,,,,,
In home  (w/display),Temp & Humidity Sensor,2020/12/07 11:50 AM,65.8,58.0,50.6,64.8,,,29.77,,,,,,,,,,,,,
In home  (w/display),Temp & Humidity Sensor,2020/12/07 11:55 AM,65.8,58.0,50.6,64.8,,,29.77,,,,,,,,,,,,,
In home  (w/display),Temp & Humidity Sensor,2020/12/07 12:00 PM,65.8,58.0,50.6,64.8,,,29.76,,,,,,,,,,,,,
In home  (w/display),Temp & Humidity Sensor,2020/12/07 12:05 PM,65.8,58.0,50.6,64.8,,,29.76,,,,,,,,,,,,,
In home  (w/display),Temp & Humidity Sensor,2020/12/07 12:10 PM,65.8,58.0,50.6,64.8,,,29.76,,,,,,,,,,,,,
In home  (w/display),Temp & Humidity Sensor,2020/12/07 12:15 PM,65.8,58.0,50.6,64.8,,,29.76,,,,,,,,,,,,,
In home  (w/display),Temp & Humidity Sensor,2020/12/07 12:20 PM,65.8,58.0,50.6,64.8,,,29.76,,,,,,,,,,,,,
In home  (w/display),Temp & Humidity Sensor,2020/12/07 12:25 PM,65.8,58.0,50.6,64.8,,,29.76,,,,,,,,,,,,,
In home  (w/display),Temp & Humidity Sensor,2020/12/07 12:30 PM,65.6,58.0,50.4,64.6,,,29.76,,,,,,,,,,,,,
In home  (w/display),Temp & Humidity Sensor,2020/12/07 12:35 PM,65.6,58.0,50.4,64.6,,,29.76,,,,,,,,,,,,,
In home  (w/display),Temp & Humidity Sensor,2020/12/07 12:40 PM,65.6,58.0,50.4,64.6,,,29.76,,,,,,,,,,,,,
In home  (w/display),Temp & Humidity Sensor,2020/12/07 12:45 PM,65.8,58.0,50.6,64.8,,,29.76,,,,,,,,,,,,,
In home  (w/display),Temp & Humidity Sensor,2020/12/07 12:50 PM,65.8,58.0,50.6,64.8,,,29.76,,,,,,,,,,,,,
In home  (w/display),Temp & Humidity Sensor,2020/12/07 12:55 PM,65.8,58.0,50.6,64.8,,,29.75,,,,,,,,,,,,,
In home  (w/display),Temp & Humidity Sensor,2020/12/07 1:00 PM,65.8,58.0,50.6,64.8,,,29.75,,,,,,,,,,,,,
In home  (w/display),Temp & Humidity Sensor,2020/12/07 1:05 PM,65.8,58.0,50.6,64.8,,,29.75,,,,,,,,,,,,,
In home  (w/display),Temp & Humidity Sensor,2020/12/07 1:10 PM,65.8,58.0,50.6,64.8,,,29.75,,,,,,,,,,,,,
In home  (w/display),Temp & Humidity Sensor,2020/12/07 1:15 PM,65.8,58.0,50.6,64.8,,,29.75,,,,,,,,,,,,,
In home  (w/display),Temp & Humidity Sensor,2020/12/07 1:30 PM,65.8,58.0,50.6,64.8,,,29.75,,,,,,,,,,,,,
In home  (w/display),Temp & Humidity Sensor,2020/12/07 1:35 PM,65.6,58.0,50.4,64.6,,,29.75,,,,,,,,,,,,,
In home  (w/display),Temp & Humidity Sensor,2020/12/07 1:40 PM,65.4,58.0,50.2,64.4,,,29.75,,,,,,,,,,,,,
In home  (w/display),Temp & Humidity Sensor,2020/12/07 1:45 PM,65.6,58.0,50.4,64.6,,,29.75,,,,,,,,,,,,,
In home  (w/display),Temp & Humidity Sensor,2020/12/07 1:50 PM,65.8,58.0,50.6,64.8,,,29.75,,,,,,,,,,,,,
In home  (w/display),Temp & Humidity Sensor,2020/12/07 1:55 PM,65.8,58.0,50.6,64.8,,,29.74,,,,,,,,,,,,,
In home  (w/display),Temp & Humidity Sensor,2020/12/07 2:00 PM,65.6,58.0,50.4,64.6,,,29.74,,,,,,,,,,,,,
In home  (w/display),Temp & Humidity Sensor,2020/12/07 2:05 PM,65.6,58.0,50.4,64.6,,,29.75,,,,,,,,,,,,,
In home  (w/display),Temp & Humidity Sensor,2020/12/07 2:10 PM,65.6,58.0,50.4,64.6,,,29.75,,,,,,,,,,,,,
In home  (w/display),Temp & Humidity Sensor,2020/12/07 2:15 PM,65.8,58.0,50.6,64.8,,,29.75,,,,,,,,,,,,,
In home  (w/display),Temp & Humidity Sensor,2020/12/07 2:20 PM,65.8,58.0,50.6,64.8,,,29.75,,,,,,,,,,,,,
In home  (w/display),Temp & Humidity Sensor,2020/12/07 2:25 PM,65.6,58.0,50.4,64.6,,,29.75,,,,,,,,,,,,,
In home  (w/display),Temp & Humidity Sensor,2020/12/07 2:30 PM,65.4,58.0,50.2,64.4,,,29.75,,,,,,,,,,,,,
In home  (w/display),Temp & Humidity Sensor,2020/12/07 2:35 PM,65.4,58.0,50.2,64.4,,,29.75,,,,,,,,,,,,,
In home  (w/display),Temp & Humidity Sensor,2020/12/07 2:40 PM,65.8,58.0,50.6,64.8,,,29.75,,,,,,,,,,,,,
In home  (w/display),Temp & Humidity Sensor,2020/12/07 2:45 PM,65.8,58.0,50.6,64.8,,,29.75,,,,,,,,,,,,,
In home  (w/display),Temp & Humidity Sensor,2020/12/07 2:50 PM,65.6,58.0,50.4,64.6,,,29.75,,,,,,,,,,,,,
In home  (w/display),Temp & Humidity Sensor,2020/12/07 2:55 PM,65.4,58.0,50.2,64.4,,,29.75,,,,,,,,,,,,,
In home  (w/display),Temp & Humidity Sensor,2020/12/07 3:00 PM,65.4,57.0,49.8,64.3,,,29.75,,,,,,,,,,,,,
In home  (w/display),Temp & Humidity Sensor,2020/12/07 3:05 PM,65.6,57.0,49.9,64.5,,,29.75,,,,,,,,,,,,,
In home  (w/display),Temp & Humidity Sensor,2020/12/07 3:10 PM,65.6,57.0,49.9,64.5,,,29.76,,,,,,,,,,,,,
In home  (w/display),Temp & Humidity Sensor,2020/12/07 3:15 PM,65.6,57.0,49.9,64.5,,,29.76,,,,,,,,,,,,,
In home  (w/display),Temp & Humidity Sensor,2020/12/07 3:20 PM,65.4,57.0,49.8,64.3,,,29.76,,,,,,,,,,,,,
In home  (w/display),Temp & Humidity Sensor,2020/12/07 3:25 PM,65.4,57.0,49.8,64.3,,,29.76,,,,,,,,,,,,,
In home  (w/display),Temp & Humidity Sensor,2020/12/07 3:30 PM,65.4,57.0,49.8,64.3,,,29.76,,,,,,,,,,,,,
In home  (w/display),Temp & Humidity Sensor,2020/12/07 3:35 PM,65.6,57.0,49.9,64.5,,,29.77,,,,,,,,,,,,,
In home  (w/display),Temp & Humidity Sensor,2020/12/07 3:40 PM,65.4,57.0,49.8,64.3,,,29.77,,,,,,,,,,,,,
In home  (w/display),Temp & Humidity Sensor,2020/12/07 3:45 PM,65.4,57.0,49.8,64.3,,,29.77,,,,,,,,,,,,,
In home  (w/display),Temp & Humidity Sensor,2020/12/07 3:50 PM,65.4,57.0,49.8,64.3,,,29.77,,,,,,,,,,,,,
In home  (w/display),Temp & Humidity Sensor,2020/12/07 3:55 PM,65.4,57.0,49.8,64.3,,,29.77,,,,,,,,,,,,,
In home  (w/display),Temp & Humidity Sensor,2020/12/07 4:00 PM,65.4,57.0,49.8,64.3,,,29.77,,,,,,,,,,,,,
In home  (w/display),Temp & Humidity Sensor,2020/12/07 4:05 PM,65.4,57.0,49.8,64.3,,,29.77,,,,,,,,,,,,,
In home  (w/display),Temp & Humidity Sensor,2020/12/07 4:10 PM,65.3,57.0,49.7,64.2,,,29.78,,,,,,,,,,,,,
In home  (w/display),Temp & Humidity Sensor,2020/12/07 4:15 PM,65.3,57.0,49.7,64.2,,,29.78,,,,,,,,,,,,,
In home  (w/display),Temp & Humidity Sensor,2020/12/07 4:20 PM,65.3,57.0,49.7,64.2,,,29.78,,,,,,,,,,,,,
In home  (w/display),Temp & Humidity Sensor,2020/12/07 4:25 PM,65.4,57.0,49.8,64.3,,,29.79,,,,,,,,,,,,,
In home  (w/display),Temp & Humidity Sensor,2020/12/07 4:30 PM,65.4,57.0,49.8,64.3,,,29.79,,,,,,,,,,,,,
In home  (w/display),Temp & Humidity Sensor,2020/12/07 4:35 PM,65.3,57.0,49.7,64.2,,,29.79,,,,,,,,,,,,,
In home  (w/display),Temp & Humidity Sensor,2020/12/07 4:40 PM,65.3,57.0,49.7,64.2,,,29.79,,,,,,,,,,,,,
In home  (w/display),Temp & Humidity Sensor,2020/12/07 4:45 PM,65.3,57.0,49.7,64.2,,,29.79,,,,,,,,,,,,,
In home  (w/display),Temp & Humidity Sensor,2020/12/07 4:50 PM,65.4,57.0,49.8,64.3,,,29.79,,,,,,,,,,,,,
In home  (w/display),Temp & Humidity Sensor,2020/12/07 4:55 PM,65.4,57.0,49.8,64.3,,,29.79,,,,,,,,,,,,,
In home  (w/display),Temp & Humidity Sensor,2020/12/07 5:00 PM,65.3,57.0,49.7,64.2,,,29.79,,,,,,,,,,,,,
In home  (w/display),Temp & Humidity Sensor,2020/12/07 5:05 PM,65.3,57.0,49.7,64.2,,,29.79,,,,,,,,,,,,,
In home  (w/display),Temp & Humidity Sensor,2020/12/07 5:10 PM,65.3,57.0,49.7,64.2,,,29.8,,,,,,,,,,,,,
In home  (w/display),Temp & Humidity Sensor,2020/12/07 5:15 PM,65.3,57.0,49.7,64.2,,,29.8,,,,,,,,,,,,,
In home  (w/display),Temp & Humidity Sensor,2020/12/07 5:20 PM,65.4,57.0,49.8,64.3,,,29.8,,,,,,,,,,,,,
In home  (w/display),Temp & Humidity Sensor,2020/12/07 5:25 PM,65.4,57.0,49.8,64.3,,,29.8,,,,,,,,,,,,,
In home  (w/display),Temp & Humidity Sensor,2020/12/07 5:30 PM,65.3,57.0,49.7,64.2,,,29.8,,,,,,,,,,,,,
In home  (w/display),Temp & Humidity Sensor,2020/12/07 5:35 PM,65.3,57.0,49.7,64.2,,,29.8,,,,,,,,,,,,,
In home  (w/display),Temp & Humidity Sensor,2020/12/07 5:40 PM,65.3,57.0,49.7,64.2,,,29.8,,,,,,,,,,,,,
In home  (w/display),Temp & Humidity Sensor,2020/12/07 5:45 PM,65.3,57.0,49.7,64.2,,,29.8,,,,,,,,,,,,,
In home  (w/display),Temp & Humidity Sensor,2020/12/07 5:50 PM,65.4,57.0,49.8,64.3,,,29.81,,,,,,,,,,,,,
In home  (w/display),Temp & Humidity Sensor,2020/12/07 5:55 PM,65.4,56.0,49.3,64.3,,,29.81,,,,,,,,,,,,,
In home  (w/display),Temp & Humidity Sensor,2020/12/07 6:00 PM,65.3,56.0,49.2,64.2,,,29.81,,,,,,,,,,,,,
In home  (w/display),Temp & Humidity Sensor,2020/12/07 6:05 PM,65.3,56.0,49.2,64.2,,,29.82,,,,,,,,,,,,,
In home  (w/display),Temp & Humidity Sensor,2020/12/07 6:10 PM,65.3,56.0,49.2,64.2,,,29.82,,,,,,,,,,,,,
In home  (w/display),Temp & Humidity Sensor,2020/12/07 6:15 PM,65.4,56.0,49.3,64.3,,,29.82,,,,,,,,,,,,,
In home  (w/display),Temp & Humidity Sensor,2020/12/07 6:20 PM,65.6,56.0,49.5,64.5,,,29.82,,,,,,,,,,,,,
In home  (w/display),Temp & Humidity Sensor,2020/12/07 6:25 PM,65.4,56.0,49.3,64.3,,,29.83,,,,,,,,,,,,,
In home  (w/display),Temp & Humidity Sensor,2020/12/07 6:30 PM,65.3,56.0,49.2,64.2,,,29.83,,,,,,,,,,,,,
In home  (w/display),Temp & Humidity Sensor,2020/12/07 6:35 PM,65.3,56.0,49.2,64.2,,,29.83,,,,,,,,,,,,,
In home  (w/display),Temp & Humidity Sensor,2020/12/07 6:40 PM,65.1,56.0,49.0,63.9,,,29.83,,,,,,,,,,,,,
In home  (w/display),Temp & Humidity Sensor,2020/12/07 6:45 PM,65.3,56.0,49.2,64.2,,,29.83,,,,,,,,,,,,,
In home  (w/display),Temp & Humidity Sensor,2020/12/07 6:50 PM,65.6,56.0,49.5,64.5,,,29.83,,,,,,,,,,,,,
In home  (w/display),Temp & Humidity Sensor,2020/12/07 6:55 PM,66.0,56.0,49.8,64.9,,,29.83,,,,,,,,,,,,,
In home  (w/display),Temp & Humidity Sensor,2020/12/07 7:00 PM,66.3,55.0,49.6,65.2,,,29.83,,,,,,,,,,,,,
In home  (w/display),Temp & Humidity Sensor,2020/12/07 7:05 PM,66.5,55.0,49.8,65.4,,,29.83,,,,,,,,,,,,,
In home  (w/display),Temp & Humidity Sensor,2020/12/07 7:10 PM,66.5,55.0,49.8,65.4,,,29.83,,,,,,,,,,,,,
In home  (w/display),Temp & Humidity Sensor,2020/12/07 7:15 PM,66.3,55.0,49.6,65.2,,,29.84,,,,,,,,,,,,,
In home  (w/display),Temp & Humidity Sensor,2020/12/07 7:20 PM,66.5,55.0,49.8,65.4,,,29.84,,,,,,,,,,,,,
In home  (w/display),Temp & Humidity Sensor,2020/12/07 7:25 PM,66.9,55.0,50.2,65.9,,,29.84,,,,,,,,,,,,,
In home  (w/display),Temp & Humidity Sensor,2020/12/07 7:30 PM,66.7,55.0,50.0,65.7,,,29.84,,,,,,,,,,,,,
In home  (w/display),Temp & Humidity Sensor,2020/12/07 7:35 PM,66.7,55.0,50.0,65.7,,,29.85,,,,,,,,,,,,,
In home  (w/display),Temp & Humidity Sensor,2020/12/07 7:45 PM,67.1,55.0,50.4,66.1,,,29.85,,,,,,,,,,,,,
In home  (w/display),Temp & Humidity Sensor,2020/12/07 7:50 PM,67.2,55.0,50.5,66.2,,,29.85,,,,,,,,,,,,,
In home  (w/display),Temp & Humidity Sensor,2020/12/07 7:55 PM,67.1,55.0,50.4,66.1,,,29.85,,,,,,,,,,,,,
In home  (w/display),Temp & Humidity Sensor,2020/12/07 8:00 PM,67.1,55.0,50.4,66.1,,,29.85,,,,,,,,,,,,,
In home  (w/display),Temp & Humidity Sensor,2020/12/07 8:05 PM,67.2,55.0,50.5,66.2,,,29.85,,,,,,,,,,,,,
In home  (w/display),Temp & Humidity Sensor,2020/12/07 8:10 PM,67.6,55.0,50.8,66.6,,,29.85,,,,,,,,,,,,,
In home  (w/display),Temp & Humidity Sensor,2020/12/07 8:15 PM,67.6,55.0,50.8,66.6,,,29.86,,,,,,,,,,,,,
In home  (w/display),Temp & Humidity Sensor,2020/12/07 8:20 PM,67.4,55.0,50.7,66.4,,,29.86,,,,,,,,,,,,,
In home  (w/display),Temp & Humidity Sensor,2020/12/07 8:25 PM,67.6,55.0,50.8,66.6,,,29.86,,,,,,,,,,,,,
In home  (w/display),Temp & Humidity Sensor,2020/12/07 8:30 PM,67.6,55.0,50.8,66.6,,,29.86,,,,,,,,,,,,,
In home  (w/display),Temp & Humidity Sensor,2020/12/07 8:35 PM,67.6,55.0,50.8,66.6,,,29.86,,,,,,,,,,,,,
In home  (w/display),Temp & Humidity Sensor,2020/12/07 8:40 PM,67.6,55.0,50.8,66.6,,,29.86,,,,,,,,,,,,,
In home  (w/display),Temp & Humidity Sensor,2020/12/07 8:45 PM,67.6,55.0,50.8,66.6,,,29.87,,,,,,,,,,,,,
In home  (w/display),Temp & Humidity Sensor,2020/12/07 8:50 PM,67.8,56.0,51.5,66.9,,,29.87,,,,,,,,,,,,,
In home  (w/display),Temp & Humidity Sensor,2020/12/07 8:55 PM,67.6,56.0,51.3,66.7,,,29.87,,,,,,,,,,,,,
In home  (w/display),Temp & Humidity Sensor,2020/12/07 9:00 PM,67.4,55.0,50.7,66.4,,,29.87,,,,,,,,,,,,,
In home  (w/display),Temp & Humidity Sensor,2020/12/07 9:05 PM,67.8,55.0,51.0,66.9,,,29.86,,,,,,,,,,,,,
In home  (w/display),Temp & Humidity Sensor,2020/12/07 9:10 PM,67.8,55.0,51.0,66.9,,,29.87,,,,,,,,,,,,,
In home  (w/display),Temp & Humidity Sensor,2020/12/07 9:15 PM,67.8,55.0,51.0,66.9,,,29.87,,,,,,,,,,,,,
In home  (w/display),Temp & Humidity Sensor,2020/12/07 9:20 PM,67.6,55.0,50.8,66.6,,,29.87,,,,,,,,,,,,,
In home  (w/display),Temp & Humidity Sensor,2020/12/07 9:25 PM,67.6,55.0,50.8,66.6,,,29.88,,,,,,,,,,,,,
In home  (w/display),Temp & Humidity Sensor,2020/12/07 9:30 PM,67.8,55.0,51.0,66.9,,,29.88,,,,,,,,,,,,,
In home  (w/display),Temp & Humidity Sensor,2020/12/07 9:35 PM,67.8,55.0,51.0,66.9,,,29.87,,,,,,,,,,,,,
In home  (w/display),Temp & Humidity Sensor,2020/12/07 9:40 PM,67.8,55.0,51.0,66.9,,,29.88,,,,,,,,,,,,,
In home  (w/display),Temp & Humidity Sensor,2020/12/07 9:45 PM,67.6,55.0,50.8,66.6,,,29.88,,,,,,,,,,,,,
In home  (w/display),Temp & Humidity Sensor,2020/12/07 9:50 PM,67.6,55.0,50.8,66.6,,,29.89,,,,,,,,,,,,,
In home  (w/display),Temp & Humidity Sensor,2020/12/07 9:55 PM,67.8,55.0,51.0,66.9,,,29.89,,,,,,,,,,,,,
In home  (w/display),Temp & Humidity Sensor,2020/12/07 10:00 PM,67.8,54.0,50.5,66.8,,,29.89,,,,,,,,,,,,,
In home  (w/display),Temp & Humidity Sensor,2020/12/07 10:05 PM,67.6,55.0,50.8,66.6,,,29.89,,,,,,,,,,,,,
In home  (w/display),Temp & Humidity Sensor,2020/12/07 10:10 PM,67.6,55.0,50.8,66.6,,,29.89,,,,,,,,,,,,,
In home  (w/display),Temp & Humidity Sensor,2020/12/07 10:15 PM,67.4,55.0,50.7,66.4,,,29.89,,,,,,,,,,,,,
In home  (w/display),Temp & Humidity Sensor,2020/12/07 10:20 PM,67.2,54.0,50.0,66.2,,,29.9,,,,,,,,,,,,,
In home  (w/display),Temp & Humidity Sensor,2020/12/07 10:25 PM,67.2,54.0,50.0,66.2,,,29.9,,,,,,,,,,,,,
In home  (w/display),Temp & Humidity Sensor,2020/12/07 11:20 PM,65.8,56.0,49.7,64.7,,,29.91,,,,,,,,,,,,,
In home  (w/display),Temp & Humidity Sensor,2020/12/07 11:25 PM,65.6,56.0,49.5,64.5,,,29.91,,,,,,,,,,,,,
In home  (w/display),Temp & Humidity Sensor,2020/12/07 11:30 PM,65.6,56.0,49.5,64.5,,,29.92,,,,,,,,,,,,,
In home  (w/display),Temp & Humidity Sensor,2020/12/07 11:35 PM,65.4,56.0,49.3,64.3,,,29.92,,,,,,,,,,,,,
In home  (w/display),Temp & Humidity Sensor,2020/12/07 11:40 PM,65.4,56.0,49.3,64.3,,,29.91,,,,,,,,,,,,,
In home  (w/display),Temp & Humidity Sensor,2020/12/07 11:45 PM,65.3,56.0,49.2,64.2,,,29.92,,,,,,,,,,,,,
In home  (w/display),Temp & Humidity Sensor,2020/12/07 11:50 PM,65.3,56.0,49.2,64.2,,,29.91,,,,,,,,,,,,,
In home  (w/display),Temp & Humidity Sensor,2020/12/07 11:55 PM,65.3,56.0,49.2,64.2,,,29.91,,,,,,,,,,,,,
In home  (w/display),Temp & Humidity Sensor,2020/12/08 12:00 AM,65.1,56.0,49.0,63.9,,,29.91,,,,,,,,,,,,,
In home  (w/display),Temp & Humidity Sensor,2020/12/08 12:05 AM,64.9,56.0,48.8,63.7,,,29.91,,,,,,,,,,,,,
In home  (w/display),Temp & Humidity Sensor,2020/12/08 12:10 AM,64.9,56.0,48.8,63.7,,,29.91,,,,,,,,,,,,,
In home  (w/display),Temp & Humidity Sensor,2020/12/08 12:15 AM,64.9,56.0,48.8,63.7,,,29.91,,,,,,,,,,,,,
In home  (w/display),Temp & Humidity Sensor,2020/12/08 12:20 AM,64.7,56.0,48.6,63.5,,,29.91,,,,,,,,,,,,,
In home  (w/display),Temp & Humidity Sensor,2020/12/08 12:25 AM,64.5,56.0,48.4,63.3,,,29.91,,,,,,,,,,,,,
In home  (w/display),Temp & Humidity Sensor,2020/12/08 12:30 AM,64.5,56.0,48.4,63.3,,,29.9,,,,,,,,,,,,,
In home  (w/display),Temp & Humidity Sensor,2020/12/08 12:35 AM,64.5,56.0,48.4,63.3,,,29.91,,,,,,,,,,,,,
In home  (w/display),Temp & Humidity Sensor,2020/12/08 12:40 AM,64.4,56.0,48.4,63.2,,,29.91,,,,,,,,,,,,,
In home  (w/display),Temp & Humidity Sensor,2020/12/08 12:45 AM,64.4,56.0,48.4,63.2,,,29.91,,,,,,,,,,,,,
In home  (w/display),Temp & Humidity Sensor,2020/12/08 12:50 AM,64.2,56.0,48.2,63.0,,,29.91,,,,,,,,,,,,,
In home  (w/display),Temp & Humidity Sensor,2020/12/08 12:55 AM,64.2,56.0,48.2,63.0,,,29.91,,,,,,,,,,,,,
In home  (w/display),Temp & Humidity Sensor,2020/12/08 1:00 AM,64.2,56.0,48.2,63.0,,,29.9,,,,,,,,,,,,,
In home  (w/display),Temp & Humidity Sensor,2020/12/08 1:05 AM,64.2,56.0,48.2,63.0,,,29.9,,,,,,,,,,,,,
In home  (w/display),Temp & Humidity Sensor,2020/12/08 1:10 AM,64.2,56.0,48.2,63.0,,,29.9,,,,,,,,,,,,,
In home  (w/display),Temp & Humidity Sensor,2020/12/08 1:15 AM,64.0,56.0,48.0,62.7,,,29.9,,,,,,,,,,,,,
In home  (w/display),Temp & Humidity Sensor,2020/12/08 1:20 AM,64.0,56.0,48.0,62.7,,,29.9,,,,,,,,,,,,,
In home  (w/display),Temp & Humidity Sensor,2020/12/08 1:25 AM,63.8,56.0,47.8,62.5,,,29.9,,,,,,,,,,,,,
In home  (w/display),Temp & Humidity Sensor,2020/12/08 1:30 AM,63.8,56.0,47.8,62.5,,,29.9,,,,,,,,,,,,,
In home  (w/display),Temp & Humidity Sensor,2020/12/08 1:35 AM,63.8,56.0,47.8,62.5,,,29.9,,,,,,,,,,,,,
In home  (w/display),Temp & Humidity Sensor,2020/12/08 1:40 AM,63.6,56.0,47.6,62.3,,,29.91,,,,,,,,,,,,,
In home  (w/display),Temp & Humidity Sensor,2020/12/08 1:45 AM,63.6,56.0,47.6,62.3,,,29.91,,,,,,,,,,,,,
In home  (w/display),Temp & Humidity Sensor,2020/12/08 1:50 AM,63.6,56.0,47.6,62.3,,,29.91,,,,,,,,,,,,,
In home  (w/display),Temp & Humidity Sensor,2020/12/08 1:55 AM,63.6,56.0,47.6,62.3,,,29.91,,,,,,,,,,,,,
In home  (w/display),Temp & Humidity Sensor,2020/12/08 2:00 AM,63.5,56.0,47.5,62.2,,,29.91,,,,,,,,,,,,,
In home  (w/display),Temp & Humidity Sensor,2020/12/08 2:05 AM,63.5,56.0,47.5,62.2,,,29.91,,,,,,,,,,,,,
In home  (w/display),Temp & Humidity Sensor,2020/12/08 2:10 AM,63.3,57.0,47.8,62.0,,,29.91,,,,,,,,,,,,,
In home  (w/display),Temp & Humidity Sensor,2020/12/08 2:15 AM,63.5,56.0,47.5,62.2,,,29.91,,,,,,,,,,,,,
In home  (w/display),Temp & Humidity Sensor,2020/12/08 2:20 AM,63.3,57.0,47.8,62.0,,,29.91,,,,,,,,,,,,,
In home  (w/display),Temp & Humidity Sensor,2020/12/08 2:25 AM,63.1,57.0,47.6,61.8,,,29.91,,,,,,,,,,,,,
In home  (w/display),Temp & Humidity Sensor,2020/12/08 2:30 AM,63.1,56.0,47.1,61.7,,,29.91,,,,,,,,,,,,,
In home  (w/display),Temp & Humidity Sensor,2020/12/08 2:35 AM,63.1,57.0,47.6,61.8,,,29.91,,,,,,,,,,,,,
In home  (w/display),Temp & Humidity Sensor,2020/12/08 2:40 AM,62.9,57.0,47.4,61.6,,,29.91,,,,,,,,,,,,,
In home  (w/display),Temp & Humidity Sensor,2020/12/08 2:45 AM,62.9,57.0,47.4,61.6,,,29.91,,,,,,,,,,,,,
In home  (w/display),Temp & Humidity Sensor,2020/12/08 2:50 AM,62.7,56.0,46.8,61.3,,,29.91,,,,,,,,,,,,,
In home  (w/display),Temp & Humidity Sensor,2020/12/08 2:55 AM,62.7,57.0,47.2,61.3,,,29.91,,,,,,,,,,,,,
In home  (w/display),Temp & Humidity Sensor,2020/12/08 3:00 AM,62.7,57.0,47.2,61.3,,,29.91,,,,,,,,,,,,,
In home  (w/display),Temp & Humidity Sensor,2020/12/08 3:05 AM,62.7,56.0,46.8,61.3,,,29.92,,,,,,,,,,,,,
In home  (w/display),Temp & Humidity Sensor,2020/12/08 3:10 AM,62.7,56.0,46.8,61.3,,,29.92,,,,,,,,,,,,,
In home  (w/display),Temp & Humidity Sensor,2020/12/08 3:15 AM,62.7,56.0,46.8,61.3,,,29.92,,,,,,,,,,,,,
In home  (w/display),Temp & Humidity Sensor,2020/12/08 3:20 AM,62.7,56.0,46.8,61.3,,,29.92,,,,,,,,,,,,,
In home  (w/display),Temp & Humidity Sensor,2020/12/08 3:25 AM,62.6,56.0,46.7,61.2,,,29.92,,,,,,,,,,,,,
In home  (w/display),Temp & Humidity Sensor,2020/12/08 3:30 AM,62.4,56.0,46.5,61.0,,,29.92,,,,,,,,,,,,,
In home  (w/display),Temp & Humidity Sensor,2020/12/08 3:35 AM,62.4,56.0,46.5,61.0,,,29.93,,,,,,,,,,,,,
In home  (w/display),Temp & Humidity Sensor,2020/12/08 3:40 AM,62.4,56.0,46.5,61.0,,,29.93,,,,,,,,,,,,,
In home  (w/display),Temp & Humidity Sensor,2020/12/08 3:45 AM,62.4,56.0,46.5,61.0,,,29.93,,,,,,,,,,,,,
In home  (w/display),Temp & Humidity Sensor,2020/12/08 3:50 AM,62.2,56.0,46.3,60.8,,,29.94,,,,,,,,,,,,,
In home  (w/display),Temp & Humidity Sensor,2020/12/08 3:55 AM,62.2,56.0,46.3,60.8,,,29.93,,,,,,,,,,,,,
In home  (w/display),Temp & Humidity Sensor,2020/12/08 4:00 AM,62.2,56.0,46.3,60.8,,,29.94,,,,,,,,,,,,,
In home  (w/display),Temp & Humidity Sensor,2020/12/08 4:05 AM,62.2,56.0,46.3,60.8,,,29.93,,,,,,,,,,,,,
In home  (w/display),Temp & Humidity Sensor,2020/12/08 4:10 AM,62.2,56.0,46.3,60.8,,,29.93,,,,,,,,,,,,,
In home  (w/display),Temp & Humidity Sensor,2020/12/08 4:15 AM,62.0,56.0,46.1,60.5,,,29.93,,,,,,,,,,,,,
In home  (w/display),Temp & Humidity Sensor,2020/12/08 4:20 AM,61.8,56.0,45.9,60.3,,,29.94,,,,,,,,,,,,,
In home  (w/display),Temp & Humidity Sensor,2020/12/08 4:25 AM,61.8,56.0,45.9,60.3,,,29.94,,,,,,,,,,,,,
In home  (w/display),Temp & Humidity Sensor,2020/12/08 4:30 AM,61.8,56.0,45.9,60.3,,,29.94,,,,,,,,,,,,,
In home  (w/display),Temp & Humidity Sensor,2020/12/08 4:35 AM,61.8,56.0,45.9,60.3,,,29.94,,,,,,,,,,,,,
In home  (w/display),Temp & Humidity Sensor,2020/12/08 4:40 AM,62.2,56.0,46.3,60.8,,,29.94,,,,,,,,,,,,,
In home  (w/display),Temp & Humidity Sensor,2020/12/08 4:45 AM,62.6,56.0,46.7,61.2,,,29.94,,,,,,,,,,,,,
In home  (w/display),Temp & Humidity Sensor,2020/12/08 4:50 AM,62.9,56.0,47.0,61.5,,,29.94,,,,,,,,,,,,,
In home  (w/display),Temp & Humidity Sensor,2020/12/08 4:55 AM,63.3,56.0,47.3,62.0,,,29.94,,,,,,,,,,,,,
In home  (w/display),Temp & Humidity Sensor,2020/12/08 5:00 AM,63.6,55.0,47.1,62.2,,,29.94,,,,,,,,,,,,,
In home  (w/display),Temp & Humidity Sensor,2020/12/08 5:05 AM,63.8,55.0,47.3,62.5,,,29.95,,,,,,,,,,,,,
In home  (w/display),Temp & Humidity Sensor,2020/12/08 5:10 AM,63.8,55.0,47.3,62.5,,,29.95,,,,,,,,,,,,,
In home  (w/display),Temp & Humidity Sensor,2020/12/08 5:15 AM,64.0,55.0,47.5,62.7,,,29.95,,,,,,,,,,,,,
In home  (w/display),Temp & Humidity Sensor,2020/12/08 5:20 AM,64.0,55.0,47.5,62.7,,,29.95,,,,,,,,,,,,,
In home  (w/display),Temp & Humidity Sensor,2020/12/08 5:25 AM,64.2,55.0,47.7,62.9,,,29.95,,,,,,,,,,,,,
In home  (w/display),Temp & Humidity Sensor,2020/12/08 5:30 AM,64.5,55.0,48.0,63.2,,,29.95,,,,,,,,,,,,,
In home  (w/display),Temp & Humidity Sensor,2020/12/08 5:35 AM,64.5,55.0,48.0,63.2,,,29.95,,,,,,,,,,,,,
In home  (w/display),Temp & Humidity Sensor,2020/12/08 5:40 AM,64.9,55.0,48.3,63.7,,,29.95,,,,,,,,,,,,,
In home  (w/display),Temp & Humidity Sensor,2020/12/08 5:45 AM,64.9,55.0,48.3,63.7,,,29.96,,,,,,,,,,,,,
In home  (w/display),Temp & Humidity Sensor,2020/12/08 5:50 AM,65.1,54.0,48.0,63.8,,,29.96,,,,,,,,,,,,,
In home  (w/display),Temp & Humidity Sensor,2020/12/08 5:55 AM,65.1,54.0,48.0,63.8,,,29.96,,,,,,,,,,,,,
In home  (w/display),Temp & Humidity Sensor,2020/12/08 6:00 AM,65.1,54.0,48.0,63.8,,,29.96,,,,,,,,,,,,,
In home  (w/display),Temp & Humidity Sensor,2020/12/08 6:05 AM,65.3,54.0,48.2,64.1,,,29.96,,,,,,,,,,,,,
In home  (w/display),Temp & Humidity Sensor,2020/12/08 6:10 AM,65.3,54.0,48.2,64.1,,,29.96,,,,,,,,,,,,,
In home  (w/display),Temp & Humidity Sensor,2020/12/08 6:15 AM,65.3,54.0,48.2,64.1,,,29.96,,,,,,,,,,,,,
In home  (w/display),Temp & Humidity Sensor,2020/12/08 6:20 AM,65.1,54.0,48.0,63.8,,,29.96,,,,,,,,,,,,,
In home  (w/display),Temp & Humidity Sensor,2020/12/08 6:25 AM,65.3,54.0,48.2,64.1,,,29.96,,,,,,,,,,,,,
In home  (w/display),Temp & Humidity Sensor,2020/12/08 6:30 AM,65.4,54.0,48.3,64.2,,,29.97,,,,,,,,,,,,,
In home  (w/display),Temp & Humidity Sensor,2020/12/08 6:35 AM,65.6,54.0,48.5,64.4,,,29.97,,,,,,,,,,,,,
In home  (w/display),Temp & Humidity Sensor,2020/12/08 6:40 AM,65.8,54.0,48.7,64.6,,,29.97,,,,,,,,,,,,,
In home  (w/display),Temp & Humidity Sensor,2020/12/08 6:45 AM,65.8,54.0,48.7,64.6,,,29.97,,,,,,,,,,,,,
In home  (w/display),Temp & Humidity Sensor,2020/12/08 6:50 AM,66.0,54.0,48.9,64.8,,,29.97,,,,,,,,,,,,,
In home  (w/display),Temp & Humidity Sensor,2020/12/08 6:55 AM,66.2,53.0,48.6,65.0,,,29.97,,,,,,,,,,,,,
In home  (w/display),Temp & Humidity Sensor,2020/12/08 7:00 AM,66.2,53.0,48.6,65.0,,,29.98,,,,,,,,,,,,,
In home  (w/display),Temp & Humidity Sensor,2020/12/08 7:05 AM,66.3,53.0,48.6,65.1,,,29.98,,,,,,,,,,,,,
In home  (w/display),Temp & Humidity Sensor,2020/12/08 7:10 AM,66.3,53.0,48.6,65.1,,,29.98,,,,,,,,,,,,,
In home  (w/display),Temp & Humidity Sensor,2020/12/08 7:15 AM,66.3,53.0,48.6,65.1,,,29.99,,,,,,,,,,,,,
In home  (w/display),Temp & Humidity Sensor,2020/12/08 7:20 AM,66.3,53.0,48.6,65.1,,,29.99,,,,,,,,,,,,,
In home  (w/display),Temp & Humidity Sensor,2020/12/08 7:25 AM,66.2,53.0,48.6,65.0,,,29.99,,,,,,,,,,,,,
In home  (w/display),Temp & Humidity Sensor,2020/12/08 7:30 AM,66.3,53.0,48.6,65.1,,,29.99,,,,,,,,,,,,,
In home  (w/display),Temp & Humidity Sensor,2020/12/08 7:35 AM,66.7,53.0,49.0,65.6,,,29.99,,,,,,,,,,,,,
In home  (w/display),Temp & Humidity Sensor,2020/12/08 7:40 AM,66.7,53.0,49.0,65.6,,,29.99,,,,,,,,,,,,,
In home  (w/display),Temp & Humidity Sensor,2020/12/08 7:45 AM,66.3,53.0,48.6,65.1,,,29.99,,,,,,,,,,,,,
In home  (w/display),Temp & Humidity Sensor,2020/12/08 7:50 AM,66.3,53.0,48.6,65.1,,,29.99,,,,,,,,,,,,,
In home  (w/display),Temp & Humidity Sensor,2020/12/08 7:55 AM,66.5,53.0,48.8,65.3,,,30.0,,,,,,,,,,,,,
In home  (w/display),Temp & Humidity Sensor,2020/12/08 8:00 AM,66.7,53.0,49.0,65.6,,,30.0,,,,,,,,,,,,,
In home  (w/display),Temp & Humidity Sensor,2020/12/08 8:05 AM,66.7,53.0,49.0,65.6,,,29.99,,,,,,,,,,,,,
In home  (w/display),Temp & Humidity Sensor,2020/12/08 8:10 AM,66.5,53.0,48.8,65.3,,,30.0,,,,,,,,,,,,,
In home  (w/display),Temp & Humidity Sensor,2020/12/08 8:15 AM,66.3,53.0,48.6,65.1,,,30.0,,,,,,,,,,,,,
In home  (w/display),Temp & Humidity Sensor,2020/12/08 8:20 AM,66.2,53.0,48.6,65.0,,,30.0,,,,,,,,,,,,,
In home  (w/display),Temp & Humidity Sensor,2020/12/08 8:25 AM,66.3,53.0,48.6,65.1,,,30.0,,,,,,,,,,,,,
In home  (w/display),Temp & Humidity Sensor,2020/12/08 8:30 AM,66.5,53.0,48.8,65.3,,,30.0,,,,,,,,,,,,,
In home  (w/display),Temp & Humidity Sensor,2020/12/08 8:35 AM,66.3,53.0,48.6,65.1,,,30.0,,,,,,,,,,,,,
In home  (w/display),Temp & Humidity Sensor,2020/12/08 8:40 AM,66.3,53.0,48.6,65.1,,,30.0,,,,,,,,,,,,,
In home  (w/display),Temp & Humidity Sensor,2020/12/08 8:45 AM,66.3,53.0,48.6,65.1,,,30.0,,,,,,,,,,,,,
In home  (w/display),Temp & Humidity Sensor,2020/12/08 8:50 AM,66.7,53.0,49.0,65.6,,,30.0,,,,,,,,,,,,,
In home  (w/display),Temp & Humidity Sensor,2020/12/08 8:55 AM,66.5,53.0,48.8,65.3,,,30.0,,,,,,,,,,,,,
In home  (w/display),Temp & Humidity Sensor,2020/12/08 9:00 AM,66.3,53.0,48.6,65.1,,,30.0,,,,,,,,,,,,,
In home  (w/display),Temp & Humidity Sensor,2020/12/08 9:05 AM,66.3,53.0,48.6,65.1,,,30.01,,,,,,,,,,,,,
In home  (w/display),Temp & Humidity Sensor,2020/12/08 9:10 AM,66.5,53.0,48.8,65.3,,,30.01,,,,,,,,,,,,,
In home  (w/display),Temp & Humidity Sensor,2020/12/08 9:15 AM,66.5,53.0,48.8,65.3,,,30.01,,,,,,,,,,,,,
In home  (w/display),Temp & Humidity Sensor,2020/12/08 9:20 AM,66.3,53.0,48.6,65.1,,,30.02,,,,,,,,,,,,,
In home  (w/display),Temp & Humidity Sensor,2020/12/08 9:25 AM,66.2,53.0,48.6,65.0,,,30.02,,,,,,,,,,,,,
In home  (w/display),Temp & Humidity Sensor,2020/12/08 9:30 AM,66.0,54.0,48.9,64.8,,,30.02,,,,,,,,,,,,,
In home  (w/display),Temp & Humidity Sensor,2020/12/08 9:35 AM,65.8,54.0,48.7,64.6,,,30.02,,,,,,,,,,,,,
In home  (w/display),Temp & Humidity Sensor,2020/12/08 9:40 AM,65.8,55.0,49.2,64.7,,,30.03,,,,,,,,,,,,,
In home  (w/display),Temp & Humidity Sensor,2020/12/08 9:45 AM,65.4,55.0,48.8,64.2,,,30.03,,,,,,,,,,,,,
In home  (w/display),Temp & Humidity Sensor,2020/12/08 9:50 AM,65.3,54.0,48.2,64.1,,,30.03,,,,,,,,,,,,,
In home  (w/display),Temp & Humidity Sensor,2020/12/08 9:55 AM,65.1,54.0,48.0,63.8,,,30.03,,,,,,,,,,,,,
In home  (w/display),Temp & Humidity Sensor,2020/12/08 10:00 AM,65.1,54.0,48.0,63.8,,,30.03,,,,,,,,,,,,,
In home  (w/display),Temp & Humidity Sensor,2020/12/08 10:05 AM,64.9,53.0,47.4,63.6,,,30.03,,,,,,,,,,,,,
In home  (w/display),Temp & Humidity Sensor,2020/12/08 10:10 AM,64.5,53.0,47.0,63.1,,,30.03,,,,,,,,,,,,,
In home  (w/display),Temp & Humidity Sensor,2020/12/08 10:15 AM,64.4,53.0,46.9,63.0,,,30.03,,,,,,,,,,,,,
In home  (w/display),Temp & Humidity Sensor,2020/12/08 10:20 AM,64.2,52.0,46.2,62.8,,,30.03,,,,,,,,,,,,,
In home  (w/display),Temp & Humidity Sensor,2020/12/08 10:25 AM,64.0,52.0,46.0,62.5,,,30.03,,,,,,,,,,,,,
In home  (w/display),Temp & Humidity Sensor,2020/12/08 10:30 AM,64.0,51.0,45.5,62.5,,,30.03,,,,,,,,,,,,,
In home  (w/display),Temp & Humidity Sensor,2020/12/08 10:35 AM,63.8,51.0,45.3,62.3,,,30.03,,,,,,,,,,,,,
In home  (w/display),Temp & Humidity Sensor,2020/12/08 10:40 AM,63.6,50.0,44.6,62.0,,,30.03,,,,,,,,,,,,,
In home  (w/display),Temp & Humidity Sensor,2020/12/08 10:45 AM,63.6,49.0,44.1,62.0,,,30.03,,,,,,,,,,,,,
In home  (w/display),Temp & Humidity Sensor,2020/12/08 10:50 AM,63.6,49.0,44.1,62.0,,,30.03,,,,,,,,,,,,,
In home  (w/display),Temp & Humidity Sensor,2020/12/08 10:55 AM,63.5,49.0,44.0,61.9,,,30.03,,,,,,,,,,,,,
In home  (w/display),Temp & Humidity Sensor,2020/12/08 11:00 AM,63.5,49.0,44.0,61.9,,,30.03,,,,,,,,,,,,,
In home  (w/display),Temp & Humidity Sensor,2020/12/08 11:05 AM,63.1,48.0,43.1,61.4,,,30.03,,,,,,,,,,,,,
In home  (w/display),Temp & Humidity Sensor,2020/12/08 11:10 AM,63.1,48.0,43.1,61.4,,,30.04,,,,,,,,,,,,,
In home  (w/display),Temp & Humidity Sensor,2020/12/08 11:15 AM,62.9,48.0,42.9,61.1,,,30.03,,,,,,,,,,,,,
In home  (w/display),Temp & Humidity Sensor,2020/12/08 11:20 AM,62.7,48.0,42.7,60.9,,,30.04,,,,,,,,,,,,,
In home  (w/display),Temp & Humidity Sensor,2020/12/08 11:25 AM,62.6,48.0,42.6,60.8,,,30.03,,,,,,,,,,,,,
In home  (w/display),Temp & Humidity Sensor,2020/12/08 11:30 AM,62.4,48.0,42.4,60.6,,,30.03,,,,,,,,,,,,,
In home  (w/display),Temp & Humidity Sensor,2020/12/08 11:35 AM,62.4,48.0,42.4,60.6,,,30.03,,,,,,,,,,,,,
In home  (w/display),Temp & Humidity Sensor,2020/12/08 11:40 AM,62.2,48.0,42.3,60.4,,,30.03,,,,,,,,,,,,,
In home  (w/display),Temp & Humidity Sensor,2020/12/08 11:45 AM,62.2,48.0,42.3,60.4,,,30.03,,,,,,,,,,,,,
In home  (w/display),Temp & Humidity Sensor,2020/12/08 11:50 AM,62.0,48.0,42.1,60.2,,,30.03,,,,,,,,,,,,,
In home  (w/display),Temp & Humidity Sensor,2020/12/08 11:55 AM,61.8,48.0,41.9,59.9,,,30.02,,,,,,,,,,,,,
In home  (w/display),Temp & Humidity Sensor,2020/12/08 12:00 PM,61.8,48.0,41.9,59.9,,,30.02,,,,,,,,,,,,,
In home  (w/display),Temp & Humidity Sensor,2020/12/08 12:05 PM,61.8,48.0,41.9,59.9,,,30.01,,,,,,,,,,,,,
In home  (w/display),Temp & Humidity Sensor,2020/12/08 12:10 PM,61.7,49.0,42.3,59.9,,,30.01,,,,,,,,,,,,,
In home  (w/display),Temp & Humidity Sensor,2020/12/08 12:15 PM,61.7,49.0,42.3,59.9,,,30.01,,,,,,,,,,,,,
In home  (w/display),Temp & Humidity Sensor,2020/12/08 12:20 PM,61.7,48.0,41.8,59.8,,,30.01,,,,,,,,,,,,,
In home  (w/display),Temp & Humidity Sensor,2020/12/08 12:25 PM,61.5,48.0,41.6,59.6,,,30.01,,,,,,,,,,,,,
In home  (w/display),Temp & Humidity Sensor,2020/12/08 12:30 PM,61.5,48.0,41.6,59.6,,,30.0,,,,,,,,,,,,,
In home  (w/display),Temp & Humidity Sensor,2020/12/08 12:35 PM,61.7,48.0,41.8,59.8,,,30.0,,,,,,,,,,,,,
In home  (w/display),Temp & Humidity Sensor,2020/12/08 12:40 PM,62.2,48.0,42.3,60.4,,,30.0,,,,,,,,,,,,,
In home  (w/display),Temp & Humidity Sensor,2020/12/08 12:45 PM,62.7,49.0,43.3,61.0,,,30.0,,,,,,,,,,,,,
In home  (w/display),Temp & Humidity Sensor,2020/12/08 12:50 PM,63.3,49.0,43.8,61.6,,,30.0,,,,,,,,,,,,,
In home  (w/display),Temp & Humidity Sensor,2020/12/08 12:55 PM,63.6,49.0,44.1,62.0,,,29.99,,,,,,,,,,,,,
In home  (w/display),Temp & Humidity Sensor,2020/12/08 1:00 PM,64.2,49.0,44.6,62.6,,,29.99,,,,,,,,,,,,,
In home  (w/display),Temp & Humidity Sensor,2020/12/08 1:05 PM,64.4,49.0,44.8,62.8,,,29.99,,,,,,,,,,,,,
In home  (w/display),Temp & Humidity Sensor,2020/12/08 1:10 PM,64.7,49.0,45.1,63.2,,,29.99,,,,,,,,,,,,,
In home  (w/display),Temp & Humidity Sensor,2020/12/08 1:15 PM,65.1,49.0,45.5,63.6,,,29.99,,,,,,,,,,,,,
In home  (w/display),Temp & Humidity Sensor,2020/12/08 1:20 PM,65.4,49.0,45.7,63.9,,,29.99,,,,,,,,,,,,,
In home  (w/display),Temp & Humidity Sensor,2020/12/08 1:25 PM,65.6,50.0,46.5,64.2,,,29.99,,,,,,,,,,,,,
In home  (w/display),Temp & Humidity Sensor,2020/12/08 1:30 PM,65.8,50.0,46.6,64.4,,,29.99,,,,,,,,,,,,,
In home  (w/display),Temp & Humidity Sensor,2020/12/08 1:35 PM,66.0,50.0,46.8,64.6,,,29.98,,,,,,,,,,,,,
In home  (w/display),Temp & Humidity Sensor,2020/12/08 1:40 PM,65.8,50.0,46.6,64.4,,,29.98,,,,,,,,,,,,,
In home  (w/display),Temp & Humidity Sensor,2020/12/08 1:45 PM,65.8,50.0,46.6,64.4,,,29.98,,,,,,,,,,,,,
In home  (w/display),Temp & Humidity Sensor,2020/12/08 1:50 PM,66.0,50.0,46.8,64.6,,,29.98,,,,,,,,,,,,,
In home  (w/display),Temp & Humidity Sensor,2020/12/08 1:55 PM,66.5,49.0,46.7,65.2,,,29.97,,,,,,,,,,,,,
In home  (w/display),Temp & Humidity Sensor,2020/12/08 2:00 PM,66.3,49.0,46.6,64.9,,,29.97,,,,,,,,,,,,,
In home  (w/display),Temp & Humidity Sensor,2020/12/08 2:05 PM,66.3,49.0,46.6,64.9,,,29.97,,,,,,,,,,,,,
In home  (w/display),Temp & Humidity Sensor,2020/12/08 2:10 PM,66.3,50.0,47.1,65.0,,,29.97,,,,,,,,,,,,,
In home  (w/display),Temp & Humidity Sensor,2020/12/08 2:15 PM,66.7,50.0,47.5,65.4,,,29.97,,,,,,,,,,,,,
In home  (w/display),Temp & Humidity Sensor,2020/12/08 2:20 PM,66.7,50.0,47.5,65.4,,,29.96,,,,,,,,,,,,,
In home  (w/display),Temp & Humidity Sensor,2020/12/08 2:25 PM,66.3,50.0,47.1,65.0,,,29.97,,,,,,,,,,,,,
In home  (w/display),Temp & Humidity Sensor,2020/12/08 2:30 PM,66.3,50.0,47.1,65.0,,,29.97,,,,,,,,,,,,,
In home  (w/display),Temp & Humidity Sensor,2020/12/08 2:35 PM,66.7,50.0,47.5,65.4,,,29.96,,,,,,,,,,,,,
In home  (w/display),Temp & Humidity Sensor,2020/12/08 2:40 PM,67.1,50.0,47.8,65.9,,,29.97,,,,,,,,,,,,,
In home  (w/display),Temp & Humidity Sensor,2020/12/08 2:45 PM,66.7,50.0,47.5,65.4,,,29.96,,,,,,,,,,,,,
In home  (w/display),Temp & Humidity Sensor,2020/12/08 2:50 PM,66.5,50.0,47.3,65.2,,,29.97,,,,,,,,,,,,,
In home  (w/display),Temp & Humidity Sensor,2020/12/08 2:55 PM,66.9,50.0,47.6,65.6,,,29.97,,,,,,,,,,,,,
In home  (w/display),Temp & Humidity Sensor,2020/12/08 3:00 PM,67.1,50.0,47.8,65.9,,,29.97,,,,,,,,,,,,,
In home  (w/display),Temp & Humidity Sensor,2020/12/08 3:05 PM,66.9,50.0,47.6,65.6,,,29.97,,,,,,,,,,,,,
In home  (w/display),Temp & Humidity Sensor,2020/12/08 3:10 PM,66.7,50.0,47.5,65.4,,,29.97,,,,,,,,,,,,,
In home  (w/display),Temp & Humidity Sensor,2020/12/08 3:15 PM,66.7,50.0,47.5,65.4,,,29.97,,,,,,,,,,,,,
In home  (w/display),Temp & Humidity Sensor,2020/12/08 3:20 PM,66.7,50.0,47.5,65.4,,,29.97,,,,,,,,,,,,,
In home  (w/display),Temp & Humidity Sensor,2020/12/08 3:25 PM,66.7,50.0,47.5,65.4,,,29.98,,,,,,,,,,,,,
In home  (w/display),Temp & Humidity Sensor,2020/12/08 3:30 PM,66.3,50.0,47.1,65.0,,,29.98,,,,,,,,,,,,,
In home  (w/display),Temp & Humidity Sensor,2020/12/08 3:35 PM,66.3,51.0,47.6,65.0,,,29.98,,,,,,,,,,,,,
In home  (w/display),Temp & Humidity Sensor,2020/12/08 3:40 PM,66.7,51.0,48.0,65.5,,,29.98,,,,,,,,,,,,,
In home  (w/display),Temp & Humidity Sensor,2020/12/08 3:45 PM,66.5,51.0,47.8,65.2,,,29.98,,,,,,,,,,,,,
In home  (w/display),Temp & Humidity Sensor,2020/12/08 3:50 PM,66.3,51.0,47.6,65.0,,,29.98,,,,,,,,,,,,,
In home  (w/display),Temp & Humidity Sensor,2020/12/08 3:55 PM,66.3,51.0,47.6,65.0,,,29.98,,,,,,,,,,,,,
In home  (w/display),Temp & Humidity Sensor,2020/12/08 4:00 PM,66.7,51.0,48.0,65.5,,,29.98,,,,,,,,,,,,,
In home  (w/display),Temp & Humidity Sensor,2020/12/08 4:05 PM,66.5,51.0,47.8,65.2,,,29.99,,,,,,,,,,,,,
In home  (w/display),Temp & Humidity Sensor,2020/12/08 4:10 PM,66.3,51.0,47.6,65.0,,,29.99,,,,,,,,,,,,,
In home  (w/display),Temp & Humidity Sensor,2020/12/08 4:15 PM,66.3,51.0,47.6,65.0,,,29.99,,,,,,,,,,,,,
In home  (w/display),Temp & Humidity Sensor,2020/12/08 4:20 PM,66.3,51.0,47.6,65.0,,,29.99,,,,,,,,,,,,,
In home  (w/display),Temp & Humidity Sensor,2020/12/08 4:25 PM,66.3,51.0,47.6,65.0,,,29.99,,,,,,,,,,,,,
In home  (w/display),Temp & Humidity Sensor,2020/12/08 4:30 PM,66.3,51.0,47.6,65.0,,,30.0,,,,,,,,,,,,,
In home  (w/display),Temp & Humidity Sensor,2020/12/08 4:35 PM,66.0,52.0,47.9,64.7,,,30.0,,,,,,,,,,,,,
In home  (w/display),Temp & Humidity Sensor,2020/12/08 4:40 PM,66.2,51.0,47.5,64.9,,,30.0,,,,,,,,,,,,,
In home  (w/display),Temp & Humidity Sensor,2020/12/08 4:45 PM,66.3,51.0,47.6,65.0,,,30.0,,,,,,,,,,,,,
In home  (w/display),Temp & Humidity Sensor,2020/12/08 4:50 PM,66.2,51.0,47.5,64.9,,,30.0,,,,,,,,,,,,,
In home  (w/display),Temp & Humidity Sensor,2020/12/08 4:55 PM,66.0,52.0,47.9,64.7,,,30.0,,,,,,,,,,,,,
In home  (w/display),Temp & Humidity Sensor,2020/12/08 5:00 PM,65.8,52.0,47.7,64.5,,,30.0,,,,,,,,,,,,,
In home  (w/display),Temp & Humidity Sensor,2020/12/08 5:05 PM,66.2,51.0,47.5,64.9,,,30.0,,,,,,,,,,,,,
In home  (w/display),Temp & Humidity Sensor,2020/12/08 5:10 PM,66.3,51.0,47.6,65.0,,,30.0,,,,,,,,,,,,,
In home  (w/display),Temp & Humidity Sensor,2020/12/08 5:15 PM,66.2,51.0,47.5,64.9,,,30.0,,,,,,,,,,,,,
In home  (w/display),Temp & Humidity Sensor,2020/12/08 5:20 PM,66.0,52.0,47.9,64.7,,,30.0,,,,,,,,,,,,,
In home  (w/display),Temp & Humidity Sensor,2020/12/08 5:25 PM,66.0,53.0,48.4,64.8,,,30.0,,,,,,,,,,,,,
In home  (w/display),Temp & Humidity Sensor,2020/12/08 5:30 PM,66.2,52.0,48.0,65.0,,,30.0,,,,,,,,,,,,,
In home  (w/display),Temp & Humidity Sensor,2020/12/08 5:35 PM,66.3,52.0,48.1,65.1,,,30.0,,,,,,,,,,,,,
In home  (w/display),Temp & Humidity Sensor,2020/12/08 5:40 PM,66.3,52.0,48.1,65.1,,,30.01,,,,,,,,,,,,,
In home  (w/display),Temp & Humidity Sensor,2020/12/08 5:45 PM,66.2,52.0,48.0,65.0,,,30.01,,,,,,,,,,,,,
In home  (w/display),Temp & Humidity Sensor,2020/12/08 5:50 PM,66.0,53.0,48.4,64.8,,,30.0,,,,,,,,,,,,,
In home  (w/display),Temp & Humidity Sensor,2020/12/08 5:55 PM,66.2,52.0,48.0,65.0,,,30.01,,,,,,,,,,,,,
In home  (w/display),Temp & Humidity Sensor,2020/12/08 6:00 PM,66.3,52.0,48.1,65.1,,,30.01,,,,,,,,,,,,,
In home  (w/display),Temp & Humidity Sensor,2020/12/08 6:05 PM,66.3,52.0,48.1,65.1,,,30.01,,,,,,,,,,,,,
In home  (w/display),Temp & Humidity Sensor,2020/12/08 6:10 PM,66.3,52.0,48.1,65.1,,,30.02,,,,,,,,,,,,,
In home  (w/display),Temp & Humidity Sensor,2020/12/08 6:15 PM,66.2,52.0,48.0,65.0,,,30.01,,,,,,,,,,,,,
In home  (w/display),Temp & Humidity Sensor,2020/12/08 6:20 PM,66.2,52.0,48.0,65.0,,,30.01,,,,,,,,,,,,,
In home  (w/display),Temp & Humidity Sensor,2020/12/08 6:25 PM,66.3,52.0,48.1,65.1,,,30.02,,,,,,,,,,,,,
In home  (w/display),Temp & Humidity Sensor,2020/12/08 6:30 PM,66.3,52.0,48.1,65.1,,,30.02,,,,,,,,,,,,,
In home  (w/display),Temp & Humidity Sensor,2020/12/08 6:35 PM,66.2,52.0,48.0,65.0,,,30.02,,,,,,,,,,,,,
In home  (w/display),Temp & Humidity Sensor,2020/12/08 6:40 PM,66.2,52.0,48.0,65.0,,,30.03,,,,,,,,,,,,,
In home  (w/display),Temp & Humidity Sensor,2020/12/08 6:45 PM,66.3,52.0,48.1,65.1,,,30.03,,,,,,,,,,,,,
In home  (w/display),Temp & Humidity Sensor,2020/12/08 6:50 PM,66.7,52.0,48.5,65.5,,,30.03,,,,,,,,,,,,,
In home  (w/display),Temp & Humidity Sensor,2020/12/08 6:55 PM,67.1,52.0,48.9,66.0,,,30.04,,,,,,,,,,,,,
In home  (w/display),Temp & Humidity Sensor,2020/12/08 7:00 PM,67.2,52.0,49.0,66.1,,,30.04,,,,,,,,,,,,,
In home  (w/display),Temp & Humidity Sensor,2020/12/08 7:05 PM,67.1,52.0,48.9,66.0,,,30.04,,,,,,,,,,,,,
In home  (w/display),Temp & Humidity Sensor,2020/12/08 7:10 PM,66.9,52.0,48.7,65.7,,,30.05,,,,,,,,,,,,,
In home  (w/display),Temp & Humidity Sensor,2020/12/08 7:15 PM,66.9,52.0,48.7,65.7,,,30.05,,,,,,,,,,,,,
In home  (w/display),Temp & Humidity Sensor,2020/12/08 7:20 PM,67.1,52.0,48.9,66.0,,,30.05,,,,,,,,,,,,,
In home  (w/display),Temp & Humidity Sensor,2020/12/08 7:25 PM,67.2,52.0,49.0,66.1,,,30.06,,,,,,,,,,,,,
In home  (w/display),Temp & Humidity Sensor,2020/12/08 7:30 PM,67.2,52.0,49.0,66.1,,,30.06,,,,,,,,,,,,,
In home  (w/display),Temp & Humidity Sensor,2020/12/08 7:35 PM,67.1,52.0,48.9,66.0,,,30.06,,,,,,,,,,,,,
In home  (w/display),Temp & Humidity Sensor,2020/12/08 7:40 PM,67.2,52.0,49.0,66.1,,,30.06,,,,,,,,,,,,,
In home  (w/display),Temp & Humidity Sensor,2020/12/08 7:45 PM,67.4,52.0,49.2,66.3,,,30.06,,,,,,,,,,,,,
In home  (w/display),Temp & Humidity Sensor,2020/12/08 7:50 PM,67.2,52.0,49.0,66.1,,,30.06,,,,,,,,,,,,,
In home  (w/display),Temp & Humidity Sensor,2020/12/08 7:55 PM,67.1,51.0,48.4,65.9,,,30.06,,,,,,,,,,,,,
In home  (w/display),Temp & Humidity Sensor,2020/12/08 8:00 PM,67.2,52.0,49.0,66.1,,,30.06,,,,,,,,,,,,,
In home  (w/display),Temp & Humidity Sensor,2020/12/08 8:05 PM,67.4,53.0,49.7,66.3,,,30.06,,,,,,,,,,,,,
In home  (w/display),Temp & Humidity Sensor,2020/12/08 8:10 PM,67.4,53.0,49.7,66.3,,,30.06,,,,,,,,,,,,,
In home  (w/display),Temp & Humidity Sensor,2020/12/08 8:15 PM,67.2,53.0,49.5,66.1,,,30.06,,,,,,,,,,,,,
In home  (w/display),Temp & Humidity Sensor,2020/12/08 8:20 PM,67.2,53.0,49.5,66.1,,,30.06,,,,,,,,,,,,,
In home  (w/display),Temp & Humidity Sensor,2020/12/08 8:25 PM,67.6,53.0,49.9,66.6,,,30.06,,,,,,,,,,,,,
In home  (w/display),Temp & Humidity Sensor,2020/12/08 8:30 PM,67.6,54.0,50.4,66.6,,,30.06,,,,,,,,,,,,,
In home  (w/display),Temp & Humidity Sensor,2020/12/08 8:35 PM,67.4,53.0,49.7,66.3,,,30.06,,,,,,,,,,,,,
In home  (w/display),Temp & Humidity Sensor,2020/12/08 8:40 PM,67.4,53.0,49.7,66.3,,,30.05,,,,,,,,,,,,,
In home  (w/display),Temp & Humidity Sensor,2020/12/08 8:45 PM,67.6,53.0,49.9,66.6,,,30.05,,,,,,,,,,,,,
In home  (w/display),Temp & Humidity Sensor,2020/12/08 8:50 PM,67.6,53.0,49.9,66.6,,,30.04,,,,,,,,,,,,,
In home  (w/display),Temp & Humidity Sensor,2020/12/08 8:55 PM,67.6,53.0,49.9,66.6,,,30.05,,,,,,,,,,,,,
In home  (w/display),Temp & Humidity Sensor,2020/12/08 9:00 PM,67.6,53.0,49.9,66.6,,,30.05,,,,,,,,,,,,,
In home  (w/display),Temp & Humidity Sensor,2020/12/08 9:05 PM,67.6,53.0,49.9,66.6,,,30.05,,,,,,,,,,,,,
In home  (w/display),Temp & Humidity Sensor,2020/12/08 9:10 PM,67.8,53.0,50.0,66.8,,,30.05,,,,,,,,,,,,,
In home  (w/display),Temp & Humidity Sensor,2020/12/08 9:15 PM,67.4,52.0,49.2,66.3,,,30.05,,,,,,,,,,,,,
In home  (w/display),Temp & Humidity Sensor,2020/12/08 9:20 PM,67.4,53.0,49.7,66.3,,,30.05,,,,,,,,,,,,,
In home  (w/display),Temp & Humidity Sensor,2020/12/08 9:25 PM,67.6,53.0,49.9,66.6,,,30.06,,,,,,,,,,,,,
In home  (w/display),Temp & Humidity Sensor,2020/12/08 9:30 PM,67.6,52.0,49.3,66.5,,,30.06,,,,,,,,,,,,,
In home  (w/display),Temp & Humidity Sensor,2020/12/08 9:35 PM,67.4,52.0,49.2,66.3,,,30.07,,,,,,,,,,,,,
In home  (w/display),Temp & Humidity Sensor,2020/12/08 9:40 PM,67.4,52.0,49.2,66.3,,,30.07,,,,,,,,,,,,,
In home  (w/display),Temp & Humidity Sensor,2020/12/08 9:45 PM,67.6,52.0,49.3,66.5,,,30.07,,,,,,,,,,,,,
In home  (w/display),Temp & Humidity Sensor,2020/12/08 9:50 PM,67.6,52.0,49.3,66.5,,,30.06,,,,,,,,,,,,,
In home  (w/display),Temp & Humidity Sensor,2020/12/08 9:55 PM,67.6,52.0,49.3,66.5,,,30.06,,,,,,,,,,,,,
In home  (w/display),Temp & Humidity Sensor,2020/12/08 10:00 PM,67.4,52.0,49.2,66.3,,,30.06,,,,,,,,,,,,,
In home  (w/display),Temp & Humidity Sensor,2020/12/08 10:05 PM,67.6,52.0,49.3,66.5,,,30.07,,,,,,,,,,,,,
In home  (w/display),Temp & Humidity Sensor,2020/12/08 10:10 PM,67.6,52.0,49.3,66.5,,,30.07,,,,,,,,,,,,,
In home  (w/display),Temp & Humidity Sensor,2020/12/08 10:15 PM,67.2,52.0,49.0,66.1,,,30.07,,,,,,,,,,,,,
In home  (w/display),Temp & Humidity Sensor,2020/12/08 10:20 PM,67.2,52.0,49.0,66.1,,,30.07,,,,,,,,,,,,,
In home  (w/display),Temp & Humidity Sensor,2020/12/08 10:25 PM,67.1,52.0,48.9,66.0,,,30.07,,,,,,,,,,,,,
In home  (w/display),Temp & Humidity Sensor,2020/12/08 10:30 PM,66.7,52.0,48.5,65.5,,,30.07,,,,,,,,,,,,,
In home  (w/display),Temp & Humidity Sensor,2020/12/08 10:35 PM,66.7,52.0,48.5,65.5,,,30.06,,,,,,,,,,,,,
In home  (w/display),Temp & Humidity Sensor,2020/12/08 10:40 PM,66.3,52.0,48.1,65.1,,,30.07,,,,,,,,,,,,,
In home  (w/display),Temp & Humidity Sensor,2020/12/08 10:45 PM,66.3,52.0,48.1,65.1,,,30.07,,,,,,,,,,,,,
In home  (w/display),Temp & Humidity Sensor,2020/12/08 10:50 PM,66.0,53.0,48.4,64.8,,,30.07,,,,,,,,,,,,,
In home  (w/display),Temp & Humidity Sensor,2020/12/08 10:55 PM,66.0,53.0,48.4,64.8,,,30.07,,,,,,,,,,,,,
In home  (w/display),Temp & Humidity Sensor,2020/12/08 11:00 PM,65.8,53.0,48.2,64.6,,,30.06,,,,,,,,,,,,,
In home  (w/display),Temp & Humidity Sensor,2020/12/08 11:05 PM,65.6,53.0,48.0,64.4,,,30.06,,,,,,,,,,,,,
In home  (w/display),Temp & Humidity Sensor,2020/12/08 11:10 PM,65.4,53.0,47.8,64.1,,,30.06,,,,,,,,,,,,,
In home  (w/display),Temp & Humidity Sensor,2020/12/08 11:15 PM,65.4,53.0,47.8,64.1,,,30.06,,,,,,,,,,,,,
In home  (w/display),Temp & Humidity Sensor,2020/12/08 11:20 PM,65.3,53.0,47.7,64.0,,,30.06,,,,,,,,,,,,,
In home  (w/display),Temp & Humidity Sensor,2020/12/08 11:25 PM,65.3,53.0,47.7,64.0,,,30.06,,,,,,,,,,,,,
In home  (w/display),Temp & Humidity Sensor,2020/12/08 11:30 PM,65.1,53.0,47.5,63.8,,,30.06,,,,,,,,,,,,,
In home  (w/display),Temp & Humidity Sensor,2020/12/08 11:35 PM,64.9,53.0,47.4,63.6,,,30.06,,,,,,,,,,,,,
In home  (w/display),Temp & Humidity Sensor,2020/12/08 11:40 PM,64.9,53.0,47.4,63.6,,,30.06,,,,,,,,,,,,,
In home  (w/display),Temp & Humidity Sensor,2020/12/08 11:45 PM,64.9,53.0,47.4,63.6,,,30.06,,,,,,,,,,,,,
In home  (w/display),Temp & Humidity Sensor,2020/12/08 11:50 PM,64.5,53.0,47.0,63.1,,,30.07,,,,,,,,,,,,,
In home  (w/display),Temp & Humidity Sensor,2020/12/08 11:55 PM,64.5,53.0,47.0,63.1,,,30.07,,,,,,,,,,,,,
In home  (w/display),Temp & Humidity Sensor,2020/12/09 12:00 AM,64.5,53.0,47.0,63.1,,,30.06,,,,,,,,,,,,,
In home  (w/display),Temp & Humidity Sensor,2020/12/09 12:05 AM,64.4,53.0,46.9,63.0,,,30.07,,,,,,,,,,,,,
In home  (w/display),Temp & Humidity Sensor,2020/12/09 12:10 AM,64.4,53.0,46.9,63.0,,,30.07,,,,,,,,,,,,,
In home  (w/display),Temp & Humidity Sensor,2020/12/09 12:15 AM,64.2,53.0,46.7,62.8,,,30.07,,,,,,,,,,,,,
In home  (w/display),Temp & Humidity Sensor,2020/12/09 12:20 AM,64.2,53.0,46.7,62.8,,,30.07,,,,,,,,,,,,,
In home  (w/display),Temp & Humidity Sensor,2020/12/09 12:25 AM,64.0,53.0,46.5,62.6,,,30.07,,,,,,,,,,,,,
In home  (w/display),Temp & Humidity Sensor,2020/12/09 12:30 AM,64.0,53.0,46.5,62.6,,,30.08,,,,,,,,,,,,,
In home  (w/display),Temp & Humidity Sensor,2020/12/09 12:35 AM,64.0,53.0,46.5,62.6,,,30.08,,,,,,,,,,,,,
In home  (w/display),Temp & Humidity Sensor,2020/12/09 12:40 AM,63.8,53.0,46.3,62.4,,,30.08,,,,,,,,,,,,,
In home  (w/display),Temp & Humidity Sensor,2020/12/09 12:45 AM,63.6,53.0,46.2,62.2,,,30.07,,,,,,,,,,,,,
In home  (w/display),Temp & Humidity Sensor,2020/12/09 12:50 AM,63.6,53.0,46.2,62.2,,,30.07,,,,,,,,,,,,,
In home  (w/display),Temp & Humidity Sensor,2020/12/09 12:55 AM,63.6,53.0,46.2,62.2,,,30.06,,,,,,,,,,,,,
In home  (w/display),Temp & Humidity Sensor,2020/12/09 1:00 AM,63.6,53.0,46.2,62.2,,,30.06,,,,,,,,,,,,,
In home  (w/display),Temp & Humidity Sensor,2020/12/09 1:05 AM,63.6,53.0,46.2,62.2,,,30.06,,,,,,,,,,,,,
In home  (w/display),Temp & Humidity Sensor,2020/12/09 1:10 AM,63.5,53.0,46.1,62.0,,,30.06,,,,,,,,,,,,,
In home  (w/display),Temp & Humidity Sensor,2020/12/09 1:15 AM,63.5,53.0,46.1,62.0,,,30.05,,,,,,,,,,,,,
In home  (w/display),Temp & Humidity Sensor,2020/12/09 1:20 AM,63.3,53.0,45.9,61.8,,,30.05,,,,,,,,,,,,,
In home  (w/display),Temp & Humidity Sensor,2020/12/09 1:25 AM,63.1,53.0,45.7,61.6,,,30.06,,,,,,,,,,,,,
In home  (w/display),Temp & Humidity Sensor,2020/12/09 1:30 AM,63.1,53.0,45.7,61.6,,,30.06,,,,,,,,,,,,,
In home  (w/display),Temp & Humidity Sensor,2020/12/09 1:35 AM,63.1,53.0,45.7,61.6,,,30.06,,,,,,,,,,,,,
In home  (w/display),Temp & Humidity Sensor,2020/12/09 1:40 AM,63.1,53.0,45.7,61.6,,,30.06,,,,,,,,,,,,,
In home  (w/display),Temp & Humidity Sensor,2020/12/09 1:45 AM,63.1,53.0,45.7,61.6,,,30.06,,,,,,,,,,,,,
In home  (w/display),Temp & Humidity Sensor,2020/12/09 1:50 AM,62.9,53.0,45.5,61.4,,,30.06,,,,,,,,,,,,,
In home  (w/display),Temp & Humidity Sensor,2020/12/09 1:55 AM,62.7,53.0,45.3,61.2,,,30.06,,,,,,,,,,,,,
In home  (w/display),Temp & Humidity Sensor,2020/12/09 2:00 AM,62.7,53.0,45.3,61.2,,,30.07,,,,,,,,,,,,,
In home  (w/display),Temp & Humidity Sensor,2020/12/09 2:05 AM,62.7,53.0,45.3,61.2,,,30.06,,,,,,,,,,,,,
In home  (w/display),Temp & Humidity Sensor,2020/12/09 2:10 AM,62.7,53.0,45.3,61.2,,,30.06,,,,,,,,,,,,,
In home  (w/display),Temp & Humidity Sensor,2020/12/09 2:15 AM,62.6,53.0,45.2,61.1,,,30.06,,,,,,,,,,,,,
In home  (w/display),Temp & Humidity Sensor,2020/12/09 2:20 AM,62.6,53.0,45.2,61.1,,,30.06,,,,,,,,,,,,,
In home  (w/display),Temp & Humidity Sensor,2020/12/09 2:25 AM,62.4,53.0,45.0,60.8,,,30.07,,,,,,,,,,,,,
In home  (w/display),Temp & Humidity Sensor,2020/12/09 2:30 AM,62.4,53.0,45.0,60.8,,,30.07,,,,,,,,,,,,,
In home  (w/display),Temp & Humidity Sensor,2020/12/09 2:35 AM,62.4,53.0,45.0,60.8,,,30.07,,,,,,,,,,,,,
In home  (w/display),Temp & Humidity Sensor,2020/12/09 2:40 AM,62.4,53.0,45.0,60.8,,,30.07,,,,,,,,,,,,,
In home  (w/display),Temp & Humidity Sensor,2020/12/09 2:45 AM,62.2,53.0,44.9,60.6,,,30.07,,,,,,,,,,,,,
In home  (w/display),Temp & Humidity Sensor,2020/12/09 2:50 AM,62.2,53.0,44.9,60.6,,,30.07,,,,,,,,,,,,,
In home  (w/display),Temp & Humidity Sensor,2020/12/09 2:55 AM,62.2,53.0,44.9,60.6,,,30.07,,,,,,,,,,,,,
In home  (w/display),Temp & Humidity Sensor,2020/12/09 3:00 AM,62.2,53.0,44.9,60.6,,,30.07,,,,,,,,,,,,,
In home  (w/display),Temp & Humidity Sensor,2020/12/09 3:05 AM,62.0,53.0,44.7,60.4,,,30.07,,,,,,,,,,,,,
In home  (w/display),Temp & Humidity Sensor,2020/12/09 3:10 AM,61.8,53.0,44.5,60.2,,,30.07,,,,,,,,,,,,,
In home  (w/display),Temp & Humidity Sensor,2020/12/09 3:15 AM,61.8,53.0,44.5,60.2,,,30.07,,,,,,,,,,,,,
In home  (w/display),Temp & Humidity Sensor,2020/12/09 3:20 AM,61.8,53.0,44.5,60.2,,,30.07,,,,,,,,,,,,,
In home  (w/display),Temp & Humidity Sensor,2020/12/09 3:25 AM,61.8,53.0,44.5,60.2,,,30.07,,,,,,,,,,,,,
In home  (w/display),Temp & Humidity Sensor,2020/12/09 3:30 AM,61.7,53.0,44.4,60.1,,,30.07,,,,,,,,,,,,,
In home  (w/display),Temp & Humidity Sensor,2020/12/09 3:35 AM,61.7,53.0,44.4,60.1,,,30.07,,,,,,,,,,,,,
In home  (w/display),Temp & Humidity Sensor,2020/12/09 3:40 AM,61.7,53.0,44.4,60.1,,,30.08,,,,,,,,,,,,,
In home  (w/display),Temp & Humidity Sensor,2020/12/09 3:45 AM,61.7,53.0,44.4,60.1,,,30.08,,,,,,,,,,,,,
In home  (w/display),Temp & Humidity Sensor,2020/12/09 3:50 AM,61.7,53.0,44.4,60.1,,,30.07,,,,,,,,,,,,,
In home  (w/display),Temp & Humidity Sensor,2020/12/09 3:55 AM,61.7,53.0,44.4,60.1,,,30.07,,,,,,,,,,,,,
In home  (w/display),Temp & Humidity Sensor,2020/12/09 4:00 AM,61.5,53.0,44.2,59.8,,,30.06,,,,,,,,,,,,,
In home  (w/display),Temp & Humidity Sensor,2020/12/09 4:05 AM,61.5,53.0,44.2,59.8,,,30.06,,,,,,,,,,,,,
In home  (w/display),Temp & Humidity Sensor,2020/12/09 4:10 AM,61.7,53.0,44.4,60.1,,,30.05,,,,,,,,,,,,,
In home  (w/display),Temp & Humidity Sensor,2020/12/09 4:15 AM,61.8,53.0,44.5,60.2,,,30.05,,,,,,,,,,,,,
In home  (w/display),Temp & Humidity Sensor,2020/12/09 4:20 AM,62.2,53.0,44.9,60.6,,,30.05,,,,,,,,,,,,,
In home  (w/display),Temp & Humidity Sensor,2020/12/09 4:25 AM,62.4,53.0,45.0,60.8,,,30.05,,,,,,,,,,,,,
In home  (w/display),Temp & Humidity Sensor,2020/12/09 4:30 AM,62.7,53.0,45.3,61.2,,,30.05,,,,,,,,,,,,,
In home  (w/display),Temp & Humidity Sensor,2020/12/09 4:35 AM,62.7,53.0,45.3,61.2,,,30.05,,,,,,,,,,,,,
In home  (w/display),Temp & Humidity Sensor,2020/12/09 4:40 AM,62.9,54.0,46.0,61.4,,,30.05,,,,,,,,,,,,,
In home  (w/display),Temp & Humidity Sensor,2020/12/09 4:45 AM,62.9,54.0,46.0,61.4,,,30.05,,,,,,,,,,,,,
In home  (w/display),Temp & Humidity Sensor,2020/12/09 4:50 AM,63.1,53.0,45.7,61.6,,,30.05,,,,,,,,,,,,,
In home  (w/display),Temp & Humidity Sensor,2020/12/09 4:55 AM,63.3,53.0,45.9,61.8,,,30.05,,,,,,,,,,,,,
In home  (w/display),Temp & Humidity Sensor,2020/12/09 5:00 AM,63.5,52.0,45.6,62.0,,,30.04,,,,,,,,,,,,,
In home  (w/display),Temp & Humidity Sensor,2020/12/09 5:05 AM,63.6,52.0,45.6,62.1,,,30.04,,,,,,,,,,,,,
In home  (w/display),Temp & Humidity Sensor,2020/12/09 5:10 AM,63.6,53.0,46.2,62.2,,,30.05,,,,,,,,,,,,,
In home  (w/display),Temp & Humidity Sensor,2020/12/09 5:15 AM,64.0,53.0,46.5,62.6,,,30.05,,,,,,,,,,,,,
In home  (w/display),Temp & Humidity Sensor,2020/12/09 5:20 AM,64.0,53.0,46.5,62.6,,,30.05,,,,,,,,,,,,,
In home  (w/display),Temp & Humidity Sensor,2020/12/09 5:25 AM,64.2,53.0,46.7,62.8,,,30.04,,,,,,,,,,,,,
In home  (w/display),Temp & Humidity Sensor,2020/12/09 5:30 AM,64.2,53.0,46.7,62.8,,,30.05,,,,,,,,,,,,,
In home  (w/display),Temp & Humidity Sensor,2020/12/09 5:35 AM,64.2,53.0,46.7,62.8,,,30.05,,,,,,,,,,,,,
In home  (w/display),Temp & Humidity Sensor,2020/12/09 5:40 AM,64.2,53.0,46.7,62.8,,,30.05,,,,,,,,,,,,,
In home  (w/display),Temp & Humidity Sensor,2020/12/09 5:45 AM,64.2,53.0,46.7,62.8,,,30.05,,,,,,,,,,,,,
In home  (w/display),Temp & Humidity Sensor,2020/12/09 5:50 AM,64.2,53.0,46.7,62.8,,,30.05,,,,,,,,,,,,,
In home  (w/display),Temp & Humidity Sensor,2020/12/09 5:55 AM,64.2,53.0,46.7,62.8,,,30.04,,,,,,,,,,,,,
In home  (w/display),Temp & Humidity Sensor,2020/12/09 6:00 AM,64.4,53.0,46.9,63.0,,,30.05,,,,,,,,,,,,,
In home  (w/display),Temp & Humidity Sensor,2020/12/09 6:05 AM,64.5,53.0,47.0,63.1,,,30.05,,,,,,,,,,,,,
In home  (w/display),Temp & Humidity Sensor,2020/12/09 6:10 AM,64.7,53.0,47.2,63.4,,,30.05,,,,,,,,,,,,,
In home  (w/display),Temp & Humidity Sensor,2020/12/09 6:15 AM,64.9,53.0,47.4,63.6,,,30.05,,,,,,,,,,,,,
In home  (w/display),Temp & Humidity Sensor,2020/12/09 6:20 AM,64.9,53.0,47.4,63.6,,,30.05,,,,,,,,,,,,,
In home  (w/display),Temp & Humidity Sensor,2020/12/09 6:25 AM,65.1,53.0,47.5,63.8,,,30.05,,,,,,,,,,,,,
In home  (w/display),Temp & Humidity Sensor,2020/12/09 6:30 AM,65.3,53.0,47.7,64.0,,,30.05,,,,,,,,,,,,,
In home  (w/display),Temp & Humidity Sensor,2020/12/09 6:35 AM,65.4,53.0,47.8,64.1,,,30.05,,,,,,,,,,,,,
In home  (w/display),Temp & Humidity Sensor,2020/12/09 6:40 AM,65.6,53.0,48.0,64.4,,,30.05,,,,,,,,,,,,,
In home  (w/display),Temp & Humidity Sensor,2020/12/09 6:45 AM,66.0,53.0,48.4,64.8,,,30.06,,,,,,,,,,,,,
In home  (w/display),Temp & Humidity Sensor,2020/12/09 6:50 AM,66.0,53.0,48.4,64.8,,,30.05,,,,,,,,,,,,,
In home  (w/display),Temp & Humidity Sensor,2020/12/09 6:55 AM,66.2,51.0,47.5,64.9,,,30.05,,,,,,,,,,,,,
In home  (w/display),Temp & Humidity Sensor,2020/12/09 7:00 AM,66.2,52.0,48.0,65.0,,,30.05,,,,,,,,,,,,,
In home  (w/display),Temp & Humidity Sensor,2020/12/09 7:05 AM,66.5,52.0,48.3,65.3,,,30.06,,,,,,,,,,,,,
In home  (w/display),Temp & Humidity Sensor,2020/12/09 7:10 AM,66.7,52.0,48.5,65.5,,,30.06,,,,,,,,,,,,,
In home  (w/display),Temp & Humidity Sensor,2020/12/09 7:15 AM,67.2,52.0,49.0,66.1,,,30.06,,,,,,,,,,,,,
In home  (w/display),Temp & Humidity Sensor,2020/12/09 7:25 AM,67.2,52.0,49.0,66.1,,,30.05,,,,,,,,,,,,,
In home  (w/display),Temp & Humidity Sensor,2020/12/09 7:30 AM,66.9,52.0,48.7,65.7,,,30.05,,,,,,,,,,,,,
In home  (w/display),Temp & Humidity Sensor,2020/12/09 7:35 AM,66.7,52.0,48.5,65.5,,,30.05,,,,,,,,,,,,,
In home  (w/display),Temp & Humidity Sensor,2020/12/09 7:40 AM,66.7,52.0,48.5,65.5,,,30.05,,,,,,,,,,,,,
In home  (w/display),Temp & Humidity Sensor,2020/12/09 7:45 AM,66.9,52.0,48.7,65.7,,,30.05,,,,,,,,,,,,,
In home  (w/display),Temp & Humidity Sensor,2020/12/09 7:50 AM,67.1,52.0,48.9,66.0,,,30.05,,,,,,,,,,,,,
In home  (w/display),Temp & Humidity Sensor,2020/12/09 7:55 AM,67.1,52.0,48.9,66.0,,,30.05,,,,,,,,,,,,,
In home  (w/display),Temp & Humidity Sensor,2020/12/09 8:00 AM,67.1,52.0,48.9,66.0,,,30.06,,,,,,,,,,,,,
In home  (w/display),Temp & Humidity Sensor,2020/12/09 8:05 AM,67.1,52.0,48.9,66.0,,,30.06,,,,,,,,,,,,,
In home  (w/display),Temp & Humidity Sensor,2020/12/09 8:10 AM,66.7,52.0,48.5,65.5,,,30.06,,,,,,,,,,,,,
In home  (w/display),Temp & Humidity Sensor,2020/12/09 8:15 AM,66.5,52.0,48.3,65.3,,,30.06,,,,,,,,,,,,,
In home  (w/display),Temp & Humidity Sensor,2020/12/09 8:20 AM,66.3,52.0,48.1,65.1,,,30.06,,,,,,,,,,,,,
In home  (w/display),Temp & Humidity Sensor,2020/12/09 8:25 AM,66.5,52.0,48.3,65.3,,,30.06,,,,,,,,,,,,,
In home  (w/display),Temp & Humidity Sensor,2020/12/09 8:30 AM,66.7,52.0,48.5,65.5,,,30.06,,,,,,,,,,,,,
In home  (w/display),Temp & Humidity Sensor,2020/12/09 8:35 AM,66.9,52.0,48.7,65.7,,,30.06,,,,,,,,,,,,,
In home  (w/display),Temp & Humidity Sensor,2020/12/09 8:40 AM,66.7,52.0,48.5,65.5,,,30.06,,,,,,,,,,,,,
In home  (w/display),Temp & Humidity Sensor,2020/12/09 8:45 AM,66.5,52.0,48.3,65.3,,,30.05,,,,,,,,,,,,,
In home  (w/display),Temp & Humidity Sensor,2020/12/09 8:50 AM,66.7,52.0,48.5,65.5,,,30.05,,,,,,,,,,,,,
In home  (w/display),Temp & Humidity Sensor,2020/12/09 8:55 AM,66.9,52.0,48.7,65.7,,,30.05,,,,,,,,,,,,,
In home  (w/display),Temp & Humidity Sensor,2020/12/09 9:00 AM,67.2,52.0,49.0,66.1,,,30.05,,,,,,,,,,,,,
In home  (w/display),Temp & Humidity Sensor,2020/12/09 9:05 AM,67.2,52.0,49.0,66.1,,,30.05,,,,,,,,,,,,,
In home  (w/display),Temp & Humidity Sensor,2020/12/09 9:10 AM,67.1,52.0,48.9,66.0,,,30.06,,,,,,,,,,,,,
In home  (w/display),Temp & Humidity Sensor,2020/12/09 9:15 AM,66.9,52.0,48.7,65.7,,,30.05,,,,,,,,,,,,,
In home  (w/display),Temp & Humidity Sensor,2020/12/09 9:20 AM,67.1,53.0,49.4,66.0,,,30.05,,,,,,,,,,,,,
In home  (w/display),Temp & Humidity Sensor,2020/12/09 9:25 AM,67.2,53.0,49.5,66.1,,,30.05,,,,,,,,,,,,,
In home  (w/display),Temp & Humidity Sensor,2020/12/09 9:30 AM,67.1,53.0,49.4,66.0,,,30.05,,,,,,,,,,,,,
In home  (w/display),Temp & Humidity Sensor,2020/12/09 9:35 AM,66.7,53.0,49.0,65.6,,,30.05,,,,,,,,,,,,,
In home  (w/display),Temp & Humidity Sensor,2020/12/09 9:40 AM,66.7,53.0,49.0,65.6,,,30.05,,,,,,,,,,,,,
In home  (w/display),Temp & Humidity Sensor,2020/12/09 9:45 AM,67.1,53.0,49.4,66.0,,,30.06,,,,,,,,,,,,,
In home  (w/display),Temp & Humidity Sensor,2020/12/09 9:50 AM,67.1,53.0,49.4,66.0,,,30.06,,,,,,,,,,,,,
In home  (w/display),Temp & Humidity Sensor,2020/12/09 9:55 AM,66.7,53.0,49.0,65.6,,,30.06,,,,,,,,,,,,,
In home  (w/display),Temp & Humidity Sensor,2020/12/09 10:00 AM,66.7,53.0,49.0,65.6,,,30.06,,,,,,,,,,,,,
In home  (w/display),Temp & Humidity Sensor,2020/12/09 10:05 AM,66.7,53.0,49.0,65.6,,,30.06,,,,,,,,,,,,,
In home  (w/display),Temp & Humidity Sensor,2020/12/09 10:10 AM,66.9,53.0,49.2,65.8,,,30.06,,,,,,,,,,,,,
In home  (w/display),Temp & Humidity Sensor,2020/12/09 10:15 AM,66.7,53.0,49.0,65.6,,,30.05,,,,,,,,,,,,,
In home  (w/display),Temp & Humidity Sensor,2020/12/09 10:20 AM,66.5,53.0,48.8,65.3,,,30.05,,,,,,,,,,,,,
In home  (w/display),Temp & Humidity Sensor,2020/12/09 10:25 AM,66.7,53.0,49.0,65.6,,,30.05,,,,,,,,,,,,,
In home  (w/display),Temp & Humidity Sensor,2020/12/09 10:30 AM,66.9,53.0,49.2,65.8,,,30.05,,,,,,,,,,,,,
In home  (w/display),Temp & Humidity Sensor,2020/12/09 10:35 AM,66.7,53.0,49.0,65.6,,,30.04,,,,,,,,,,,,,
In home  (w/display),Temp & Humidity Sensor,2020/12/09 10:40 AM,66.5,53.0,48.8,65.3,,,30.04,,,,,,,,,,,,,
In home  (w/display),Temp & Humidity Sensor,2020/12/09 10:45 AM,66.5,53.0,48.8,65.3,,,30.04,,,,,,,,,,,,,
In home  (w/display),Temp & Humidity Sensor,2020/12/09 10:50 AM,66.7,53.0,49.0,65.6,,,30.04,,,,,,,,,,,,,
In home  (w/display),Temp & Humidity Sensor,2020/12/09 10:55 AM,66.5,53.0,48.8,65.3,,,30.04,,,,,,,,,,,,,
In home  (w/display),Temp & Humidity Sensor,2020/12/09 11:00 AM,66.3,53.0,48.6,65.1,,,30.05,,,,,,,,,,,,,
In home  (w/display),Temp & Humidity Sensor,2020/12/09 11:05 AM,66.3,53.0,48.6,65.1,,,30.04,,,,,,,,,,,,,
In home  (w/display),Temp & Humidity Sensor,2020/12/09 11:10 AM,66.7,53.0,49.0,65.6,,,30.04,,,,,,,,,,,,,
In home  (w/display),Temp & Humidity Sensor,2020/12/09 11:15 AM,66.5,53.0,48.8,65.3,,,30.04,,,,,,,,,,,,,
In home  (w/display),Temp & Humidity Sensor,2020/12/09 11:20 AM,66.3,53.0,48.6,65.1,,,30.04,,,,,,,,,,,,,
In home  (w/display),Temp & Humidity Sensor,2020/12/09 11:25 AM,66.3,53.0,48.6,65.1,,,30.04,,,,,,,,,,,,,
In home  (w/display),Temp & Humidity Sensor,2020/12/09 11:30 AM,66.3,53.0,48.6,65.1,,,30.03,,,,,,,,,,,,,
In home  (w/display),Temp & Humidity Sensor,2020/12/09 11:35 AM,66.7,53.0,49.0,65.6,,,30.03,,,,,,,,,,,,,
In home  (w/display),Temp & Humidity Sensor,2020/12/09 11:40 AM,66.5,53.0,48.8,65.3,,,30.03,,,,,,,,,,,,,
In home  (w/display),Temp & Humidity Sensor,2020/12/09 11:45 AM,66.3,53.0,48.6,65.1,,,30.03,,,,,,,,,,,,,
In home  (w/display),Temp & Humidity Sensor,2020/12/09 11:50 AM,66.2,53.0,48.6,65.0,,,30.02,,,,,,,,,,,,,
In home  (w/display),Temp & Humidity Sensor,2020/12/09 11:55 AM,66.3,53.0,48.6,65.1,,,30.02,,,,,,,,,,,,,
In home  (w/display),Temp & Humidity Sensor,2020/12/09 12:00 PM,66.7,53.0,49.0,65.6,,,30.02,,,,,,,,,,,,,
In home  (w/display),Temp & Humidity Sensor,2020/12/09 12:05 PM,66.5,53.0,48.8,65.3,,,30.01,,,,,,,,,,,,,
In home  (w/display),Temp & Humidity Sensor,2020/12/09 12:10 PM,66.3,53.0,48.6,65.1,,,30.0,,,,,,,,,,,,,
In home  (w/display),Temp & Humidity Sensor,2020/12/09 12:15 PM,66.2,53.0,48.6,65.0,,,30.0,,,,,,,,,,,,,
In home  (w/display),Temp & Humidity Sensor,2020/12/09 12:20 PM,66.5,53.0,48.8,65.3,,,29.99,,,,,,,,,,,,,
In home  (w/display),Temp & Humidity Sensor,2020/12/09 12:25 PM,66.7,53.0,49.0,65.6,,,29.99,,,,,,,,,,,,,
In home  (w/display),Temp & Humidity Sensor,2020/12/09 12:30 PM,66.7,53.0,49.0,65.6,,,29.99,,,,,,,,,,,,,
In home  (w/display),Temp & Humidity Sensor,2020/12/09 12:35 PM,66.3,53.0,48.6,65.1,,,29.99,,,,,,,,,,,,,
In home  (w/display),Temp & Humidity Sensor,2020/12/09 12:40 PM,66.3,53.0,48.6,65.1,,,29.99,,,,,,,,,,,,,
In home  (w/display),Temp & Humidity Sensor,2020/12/09 12:45 PM,66.3,53.0,48.6,65.1,,,29.99,,,,,,,,,,,,,
In home  (w/display),Temp & Humidity Sensor,2020/12/09 12:50 PM,66.7,53.0,49.0,65.6,,,29.99,,,,,,,,,,,,,
In home  (w/display),Temp & Humidity Sensor,2020/12/09 12:55 PM,66.5,53.0,48.8,65.3,,,29.98,,,,,,,,,,,,,
In home  (w/display),Temp & Humidity Sensor,2020/12/09 1:00 PM,66.3,53.0,48.6,65.1,,,29.98,,,,,,,,,,,,,
In home  (w/display),Temp & Humidity Sensor,2020/12/09 1:05 PM,66.3,53.0,48.6,65.1,,,29.97,,,,,,,,,,,,,
In home  (w/display),Temp & Humidity Sensor,2020/12/09 1:10 PM,66.3,53.0,48.6,65.1,,,29.97,,,,,,,,,,,,,
In home  (w/display),Temp & Humidity Sensor,2020/12/09 1:15 PM,66.7,53.0,49.0,65.6,,,29.96,,,,,,,,,,,,,
In home  (w/display),Temp & Humidity Sensor,2020/12/09 1:20 PM,66.7,53.0,49.0,65.6,,,29.96,,,,,,,,,,,,,
In home  (w/display),Temp & Humidity Sensor,2020/12/09 1:25 PM,66.3,53.0,48.6,65.1,,,29.95,,,,,,,,,,,,,
In home  (w/display),Temp & Humidity Sensor,2020/12/09 1:30 PM,66.3,53.0,48.6,65.1,,,29.95,,,,,,,,,,,,,
In home  (w/display),Temp & Humidity Sensor,2020/12/09 1:35 PM,66.3,53.0,48.6,65.1,,,29.94,,,,,,,,,,,,,
In home  (w/display),Temp & Humidity Sensor,2020/12/09 1:40 PM,66.7,53.0,49.0,65.6,,,29.94,,,,,,,,,,,,,
In home  (w/display),Temp & Humidity Sensor,2020/12/09 1:45 PM,66.5,53.0,48.8,65.3,,,29.94,,,,,,,,,,,,,
In home  (w/display),Temp & Humidity Sensor,2020/12/09 1:50 PM,66.3,53.0,48.6,65.1,,,29.94,,,,,,,,,,,,,
In home  (w/display),Temp & Humidity Sensor,2020/12/09 1:55 PM,66.3,53.0,48.6,65.1,,,29.94,,,,,,,,,,,,,
In home  (w/display),Temp & Humidity Sensor,2020/12/09 2:00 PM,66.3,53.0,48.6,65.1,,,29.93,,,,,,,,,,,,,
In home  (w/display),Temp & Humidity Sensor,2020/12/09 2:05 PM,66.7,53.0,49.0,65.6,,,29.93,,,,,,,,,,,,,
In home  (w/display),Temp & Humidity Sensor,2020/12/09 2:10 PM,66.7,53.0,49.0,65.6,,,29.93,,,,,,,,,,,,,
In home  (w/display),Temp & Humidity Sensor,2020/12/09 2:15 PM,66.3,53.0,48.6,65.1,,,29.93,,,,,,,,,,,,,
In home  (w/display),Temp & Humidity Sensor,2020/12/09 2:20 PM,66.3,53.0,48.6,65.1,,,29.93,,,,,,,,,,,,,
In home  (w/display),Temp & Humidity Sensor,2020/12/09 2:25 PM,66.2,53.0,48.6,65.0,,,29.93,,,,,,,,,,,,,
In home  (w/display),Temp & Humidity Sensor,2020/12/09 2:30 PM,66.3,53.0,48.6,65.1,,,29.93,,,,,,,,,,,,,
In home  (w/display),Temp & Humidity Sensor,2020/12/09 2:35 PM,66.5,53.0,48.8,65.3,,,29.94,,,,,,,,,,,,,
In home  (w/display),Temp & Humidity Sensor,2020/12/09 2:40 PM,66.5,53.0,48.8,65.3,,,29.93,,,,,,,,,,,,,
In home  (w/display),Temp & Humidity Sensor,2020/12/09 2:45 PM,66.3,53.0,48.6,65.1,,,29.93,,,,,,,,,,,,,
In home  (w/display),Temp & Humidity Sensor,2020/12/09 2:50 PM,66.3,53.0,48.6,65.1,,,29.93,,,,,,,,,,,,,
In home  (w/display),Temp & Humidity Sensor,2020/12/09 2:55 PM,66.0,54.0,48.9,64.8,,,29.93,,,,,,,,,,,,,
In home  (w/display),Temp & Humidity Sensor,2020/12/09 3:00 PM,66.2,53.0,48.6,65.0,,,29.93,,,,,,,,,,,,,
In home  (w/display),Temp & Humidity Sensor,2020/12/09 3:05 PM,66.3,53.0,48.6,65.1,,,29.93,,,,,,,,,,,,,
In home  (w/display),Temp & Humidity Sensor,2020/12/09 3:10 PM,66.5,53.0,48.8,65.3,,,29.93,,,,,,,,,,,,,
In home  (w/display),Temp & Humidity Sensor,2020/12/09 3:15 PM,66.3,53.0,48.6,65.1,,,29.93,,,,,,,,,,,,,
In home  (w/display),Temp & Humidity Sensor,2020/12/09 3:20 PM,66.3,53.0,48.6,65.1,,,29.92,,,,,,,,,,,,,
In home  (w/display),Temp & Humidity Sensor,2020/12/09 3:25 PM,66.0,54.0,48.9,64.8,,,29.92,,,,,,,,,,,,,
In home  (w/display),Temp & Humidity Sensor,2020/12/09 3:30 PM,66.0,54.0,48.9,64.8,,,29.92,,,,,,,,,,,,,
In home  (w/display),Temp & Humidity Sensor,2020/12/09 3:40 PM,66.3,53.0,48.6,65.1,,,29.92,,,,,,,,,,,,,
In home  (w/display),Temp & Humidity Sensor,2020/12/09 3:45 PM,66.3,53.0,48.6,65.1,,,29.92,,,,,,,,,,,,,
In home  (w/display),Temp & Humidity Sensor,2020/12/09 3:50 PM,66.3,53.0,48.6,65.1,,,29.92,,,,,,,,,,,,,
In home  (w/display),Temp & Humidity Sensor,2020/12/09 3:55 PM,66.2,53.0,48.6,65.0,,,29.92,,,,,,,,,,,,,
In home  (w/display),Temp & Humidity Sensor,2020/12/09 4:00 PM,66.0,54.0,48.9,64.8,,,29.92,,,,,,,,,,,,,
In home  (w/display),Temp & Humidity Sensor,2020/12/09 4:05 PM,66.0,54.0,48.9,64.8,,,29.92,,,,,,,,,,,,,
In home  (w/display),Temp & Humidity Sensor,2020/12/09 4:10 PM,65.8,54.0,48.7,64.6,,,29.92,,,,,,,,,,,,,
In home  (w/display),Temp & Humidity Sensor,2020/12/09 4:15 PM,65.8,55.0,49.2,64.7,,,29.92,,,,,,,,,,,,,
In home  (w/display),Temp & Humidity Sensor,2020/12/09 4:20 PM,66.2,54.0,49.1,65.1,,,29.92,,,,,,,,,,,,,
In home  (w/display),Temp & Humidity Sensor,2020/12/09 4:25 PM,66.3,53.0,48.6,65.1,,,29.92,,,,,,,,,,,,,
In home  (w/display),Temp & Humidity Sensor,2020/12/09 4:30 PM,66.2,54.0,49.1,65.1,,,29.92,,,,,,,,,,,,,
In home  (w/display),Temp & Humidity Sensor,2020/12/09 4:35 PM,66.0,55.0,49.4,64.9,,,29.92,,,,,,,,,,,,,
In home  (w/display),Temp & Humidity Sensor,2020/12/09 4:40 PM,66.0,55.0,49.4,64.9,,,29.92,,,,,,,,,,,,,
In home  (w/display),Temp & Humidity Sensor,2020/12/09 4:45 PM,66.0,55.0,49.4,64.9,,,29.92,,,,,,,,,,,,,
In home  (w/display),Temp & Humidity Sensor,2020/12/09 4:50 PM,65.8,55.0,49.2,64.7,,,29.92,,,,,,,,,,,,,
In home  (w/display),Temp & Humidity Sensor,2020/12/09 4:55 PM,65.8,55.0,49.2,64.7,,,29.92,,,,,,,,,,,,,
In home  (w/display),Temp & Humidity Sensor,2020/12/09 5:00 PM,65.8,55.0,49.2,64.7,,,29.92,,,,,,,,,,,,,
In home  (w/display),Temp & Humidity Sensor,2020/12/09 5:05 PM,66.0,55.0,49.4,64.9,,,29.92,,,,,,,,,,,,,
In home  (w/display),Temp & Humidity Sensor,2020/12/09 5:10 PM,66.0,55.0,49.4,64.9,,,29.92,,,,,,,,,,,,,
In home  (w/display),Temp & Humidity Sensor,2020/12/09 5:15 PM,66.0,55.0,49.4,64.9,,,29.93,,,,,,,,,,,,,
In home  (w/display),Temp & Humidity Sensor,2020/12/09 5:20 PM,65.8,55.0,49.2,64.7,,,29.93,,,,,,,,,,,,,
In home  (w/display),Temp & Humidity Sensor,2020/12/09 5:25 PM,66.0,55.0,49.4,64.9,,,29.92,,,,,,,,,,,,,
In home  (w/display),Temp & Humidity Sensor,2020/12/09 5:30 PM,65.8,55.0,49.2,64.7,,,29.92,,,,,,,,,,,,,
In home  (w/display),Temp & Humidity Sensor,2020/12/09 5:35 PM,65.8,55.0,49.2,64.7,,,29.92,,,,,,,,,,,,,
In home  (w/display),Temp & Humidity Sensor,2020/12/09 5:40 PM,65.8,55.0,49.2,64.7,,,29.93,,,,,,,,,,,,,
In home  (w/display),Temp & Humidity Sensor,2020/12/09 5:45 PM,65.8,55.0,49.2,64.7,,,29.93,,,,,,,,,,,,,
In home  (w/display),Temp & Humidity Sensor,2020/12/09 5:50 PM,66.0,55.0,49.4,64.9,,,29.93,,,,,,,,,,,,,
In home  (w/display),Temp & Humidity Sensor,2020/12/09 5:55 PM,66.2,54.0,49.1,65.1,,,29.93,,,,,,,,,,,,,
In home  (w/display),Temp & Humidity Sensor,2020/12/09 6:00 PM,66.0,55.0,49.4,64.9,,,29.93,,,,,,,,,,,,,
In home  (w/display),Temp & Humidity Sensor,2020/12/09 6:05 PM,66.0,55.0,49.4,64.9,,,29.93,,,,,,,,,,,,,
In home  (w/display),Temp & Humidity Sensor,2020/12/09 6:10 PM,66.0,55.0,49.4,64.9,,,29.94,,,,,,,,,,,,,
In home  (w/display),Temp & Humidity Sensor,2020/12/09 6:15 PM,65.8,55.0,49.2,64.7,,,29.93,,,,,,,,,,,,,
In home  (w/display),Temp & Humidity Sensor,2020/12/09 6:20 PM,65.8,55.0,49.2,64.7,,,29.93,,,,,,,,,,,,,
In home  (w/display),Temp & Humidity Sensor,2020/12/09 6:25 PM,65.8,55.0,49.2,64.7,,,29.93,,,,,,,,,,,,,
In home  (w/display),Temp & Humidity Sensor,2020/12/09 6:30 PM,65.8,55.0,49.2,64.7,,,29.93,,,,,,,,,,,,,
In home  (w/display),Temp & Humidity Sensor,2020/12/09 6:35 PM,65.8,55.0,49.2,64.7,,,29.93,,,,,,,,,,,,,
In home  (w/display),Temp & Humidity Sensor,2020/12/09 6:40 PM,66.0,55.0,49.4,64.9,,,29.93,,,,,,,,,,,,,
In home  (w/display),Temp & Humidity Sensor,2020/12/09 6:45 PM,66.2,54.0,49.1,65.1,,,29.93,,,,,,,,,,,,,
In home  (w/display),Temp & Humidity Sensor,2020/12/09 6:50 PM,66.5,54.0,49.3,65.4,,,29.94,,,,,,,,,,,,,
In home  (w/display),Temp & Humidity Sensor,2020/12/09 6:55 PM,67.1,54.0,49.9,66.0,,,29.94,,,,,,,,,,,,,
In home  (w/display),Temp & Humidity Sensor,2020/12/09 7:00 PM,67.2,54.0,50.0,66.2,,,29.94,,,,,,,,,,,,,
In home  (w/display),Temp & Humidity Sensor,2020/12/09 7:05 PM,67.1,53.0,49.4,66.0,,,29.94,,,,,,,,,,,,,
In home  (w/display),Temp & Humidity Sensor,2020/12/09 7:10 PM,67.1,53.0,49.4,66.0,,,29.94,,,,,,,,,,,,,
In home  (w/display),Temp & Humidity Sensor,2020/12/09 7:15 PM,67.1,53.0,49.4,66.0,,,29.95,,,,,,,,,,,,,
In home  (w/display),Temp & Humidity Sensor,2020/12/09 7:20 PM,67.2,53.0,49.5,66.1,,,29.95,,,,,,,,,,,,,
In home  (w/display),Temp & Humidity Sensor,2020/12/09 7:25 PM,67.2,53.0,49.5,66.1,,,29.95,,,,,,,,,,,,,
In home  (w/display),Temp & Humidity Sensor,2020/12/09 7:30 PM,67.1,53.0,49.4,66.0,,,29.96,,,,,,,,,,,,,
In home  (w/display),Temp & Humidity Sensor,2020/12/09 7:35 PM,67.1,53.0,49.4,66.0,,,29.96,,,,,,,,,,,,,
In home  (w/display),Temp & Humidity Sensor,2020/12/09 7:40 PM,67.2,54.0,50.0,66.2,,,29.96,,,,,,,,,,,,,
In home  (w/display),Temp & Humidity Sensor,2020/12/09 7:45 PM,67.2,54.0,50.0,66.2,,,29.96,,,,,,,,,,,,,
In home  (w/display),Temp & Humidity Sensor,2020/12/09 7:50 PM,67.2,54.0,50.0,66.2,,,29.96,,,,,,,,,,,,,
In home  (w/display),Temp & Humidity Sensor,2020/12/09 7:55 PM,67.2,54.0,50.0,66.2,,,29.96,,,,,,,,,,,,,
In home  (w/display),Temp & Humidity Sensor,2020/12/09 8:00 PM,67.4,54.0,50.2,66.4,,,29.96,,,,,,,,,,,,,
In home  (w/display),Temp & Humidity Sensor,2020/12/09 8:05 PM,67.2,54.0,50.0,66.2,,,29.97,,,,,,,,,,,,,
In home  (w/display),Temp & Humidity Sensor,2020/12/09 8:10 PM,67.2,54.0,50.0,66.2,,,29.97,,,,,,,,,,,,,
In home  (w/display),Temp & Humidity Sensor,2020/12/09 8:15 PM,67.2,54.0,50.0,66.2,,,29.97,,,,,,,,,,,,,
In home  (w/display),Temp & Humidity Sensor,2020/12/09 8:20 PM,67.4,54.0,50.2,66.4,,,29.97,,,,,,,,,,,,,
In home  (w/display),Temp & Humidity Sensor,2020/12/09 8:25 PM,67.6,54.0,50.4,66.6,,,29.97,,,,,,,,,,,,,
In home  (w/display),Temp & Humidity Sensor,2020/12/09 8:30 PM,67.6,54.0,50.4,66.6,,,29.97,,,,,,,,,,,,,
In home  (w/display),Temp & Humidity Sensor,2020/12/09 8:35 PM,67.4,54.0,50.2,66.4,,,29.97,,,,,,,,,,,,,
In home  (w/display),Temp & Humidity Sensor,2020/12/09 8:40 PM,67.6,54.0,50.4,66.6,,,29.97,,,,,,,,,,,,,
In home  (w/display),Temp & Humidity Sensor,2020/12/09 8:45 PM,67.6,54.0,50.4,66.6,,,29.98,,,,,,,,,,,,,
In home  (w/display),Temp & Humidity Sensor,2020/12/09 8:50 PM,67.6,54.0,50.4,66.6,,,29.98,,,,,,,,,,,,,
In home  (w/display),Temp & Humidity Sensor,2020/12/09 8:55 PM,67.6,54.0,50.4,66.6,,,29.98,,,,,,,,,,,,,
In home  (w/display),Temp & Humidity Sensor,2020/12/09 9:00 PM,67.6,54.0,50.4,66.6,,,29.99,,,,,,,,,,,,,
In home  (w/display),Temp & Humidity Sensor,2020/12/09 9:05 PM,67.8,54.0,50.5,66.8,,,29.98,,,,,,,,,,,,,
In home  (w/display),Temp & Humidity Sensor,2020/12/09 9:10 PM,67.8,54.0,50.5,66.8,,,29.99,,,,,,,,,,,,,
In home  (w/display),Temp & Humidity Sensor,2020/12/09 9:15 PM,67.8,54.0,50.5,66.8,,,29.99,,,,,,,,,,,,,
In home  (w/display),Temp & Humidity Sensor,2020/12/09 9:20 PM,67.6,54.0,50.4,66.6,,,29.99,,,,,,,,,,,,,
In home  (w/display),Temp & Humidity Sensor,2020/12/09 9:25 PM,67.8,54.0,50.5,66.8,,,29.99,,,,,,,,,,,,,
In home  (w/display),Temp & Humidity Sensor,2020/12/09 9:30 PM,67.8,54.0,50.5,66.8,,,29.99,,,,,,,,,,,,,
In home  (w/display),Temp & Humidity Sensor,2020/12/09 9:35 PM,67.8,54.0,50.5,66.8,,,29.99,,,,,,,,,,,,,
In home  (w/display),Temp & Humidity Sensor,2020/12/09 9:40 PM,67.8,54.0,50.5,66.8,,,30.0,,,,,,,,,,,,,
In home  (w/display),Temp & Humidity Sensor,2020/12/09 9:45 PM,67.8,54.0,50.5,66.8,,,30.0,,,,,,,,,,,,,
In home  (w/display),Temp & Humidity Sensor,2020/12/09 9:50 PM,67.8,54.0,50.5,66.8,,,30.0,,,,,,,,,,,,,
In home  (w/display),Temp & Humidity Sensor,2020/12/09 9:55 PM,67.8,54.0,50.5,66.8,,,30.0,,,,,,,,,,,,,
In home  (w/display),Temp & Humidity Sensor,2020/12/09 10:00 PM,67.6,54.0,50.4,66.6,,,30.0,,,,,,,,,,,,,
In home  (w/display),Temp & Humidity Sensor,2020/12/09 10:05 PM,67.6,53.0,49.9,66.6,,,30.0,,,,,,,,,,,,,
In home  (w/display),Temp & Humidity Sensor,2020/12/09 10:10 PM,67.6,53.0,49.9,66.6,,,30.0,,,,,,,,,,,,,
In home  (w/display),Temp & Humidity Sensor,2020/12/09 10:15 PM,67.4,53.0,49.7,66.3,,,30.0,,,,,,,,,,,,,
In home  (w/display),Temp & Humidity Sensor,2020/12/09 10:20 PM,67.2,53.0,49.5,66.1,,,30.0,,,,,,,,,,,,,
In home  (w/display),Temp & Humidity Sensor,2020/12/09 10:25 PM,67.2,53.0,49.5,66.1,,,30.0,,,,,,,,,,,,,
In home  (w/display),Temp & Humidity Sensor,2020/12/09 10:30 PM,67.2,53.0,49.5,66.1,,,30.01,,,,,,,,,,,,,
In home  (w/display),Temp & Humidity Sensor,2020/12/09 10:35 PM,67.1,53.0,49.4,66.0,,,30.01,,,,,,,,,,,,,
In home  (w/display),Temp & Humidity Sensor,2020/12/09 10:40 PM,66.9,53.0,49.2,65.8,,,30.01,,,,,,,,,,,,,
In home  (w/display),Temp & Humidity Sensor,2020/12/09 10:45 PM,66.7,53.0,49.0,65.6,,,30.01,,,,,,,,,,,,,
In home  (w/display),Temp & Humidity Sensor,2020/12/09 10:50 PM,66.5,53.0,48.8,65.3,,,30.02,,,,,,,,,,,,,
In home  (w/display),Temp & Humidity Sensor,2020/12/09 10:55 PM,66.3,53.0,48.6,65.1,,,30.02,,,,,,,,,,,,,
In home  (w/display),Temp & Humidity Sensor,2020/12/09 11:00 PM,66.3,53.0,48.6,65.1,,,30.02,,,,,,,,,,,,,
In home  (w/display),Temp & Humidity Sensor,2020/12/09 11:05 PM,66.2,53.0,48.6,65.0,,,30.02,,,,,,,,,,,,,
In home  (w/display),Temp & Humidity Sensor,2020/12/09 11:10 PM,66.0,54.0,48.9,64.8,,,30.02,,,,,,,,,,,,,
In home  (w/display),Temp & Humidity Sensor,2020/12/09 11:15 PM,66.0,54.0,48.9,64.8,,,30.02,,,,,,,,,,,,,
In home  (w/display),Temp & Humidity Sensor,2020/12/09 11:20 PM,65.8,54.0,48.7,64.6,,,30.02,,,,,,,,,,,,,
In home  (w/display),Temp & Humidity Sensor,2020/12/09 11:25 PM,65.8,54.0,48.7,64.6,,,30.02,,,,,,,,,,,,,
In home  (w/display),Temp & Humidity Sensor,2020/12/09 11:30 PM,65.6,54.0,48.5,64.4,,,30.02,,,,,,,,,,,,,
In home  (w/display),Temp & Humidity Sensor,2020/12/09 11:35 PM,65.4,54.0,48.3,64.2,,,30.02,,,,,,,,,,,,,
In home  (w/display),Temp & Humidity Sensor,2020/12/09 11:40 PM,65.4,54.0,48.3,64.2,,,30.02,,,,,,,,,,,,,
In home  (w/display),Temp & Humidity Sensor,2020/12/09 11:45 PM,65.3,54.0,48.2,64.1,,,30.02,,,,,,,,,,,,,
In home  (w/display),Temp & Humidity Sensor,2020/12/09 11:50 PM,65.3,54.0,48.2,64.1,,,30.02,,,,,,,,,,,,,
In home  (w/display),Temp & Humidity Sensor,2020/12/09 11:55 PM,65.3,54.0,48.2,64.1,,,30.02,,,,,,,,,,,,,
In home  (w/display),Temp & Humidity Sensor,2020/12/10 12:00 AM,65.1,54.0,48.0,63.8,,,30.02,,,,,,,,,,,,,
In home  (w/display),Temp & Humidity Sensor,2020/12/10 12:05 AM,65.1,54.0,48.0,63.8,,,30.02,,,,,,,,,,,,,
In home  (w/display),Temp & Humidity Sensor,2020/12/10 12:10 AM,64.9,54.0,47.9,63.6,,,30.02,,,,,,,,,,,,,
In home  (w/display),Temp & Humidity Sensor,2020/12/10 12:15 AM,64.9,54.0,47.9,63.6,,,30.02,,,,,,,,,,,,,
In home  (w/display),Temp & Humidity Sensor,2020/12/10 12:20 AM,64.7,54.0,47.7,63.4,,,30.02,,,,,,,,,,,,,
In home  (w/display),Temp & Humidity Sensor,2020/12/10 12:25 AM,64.7,54.0,47.7,63.4,,,30.03,,,,,,,,,,,,,
In home  (w/display),Temp & Humidity Sensor,2020/12/10 12:30 AM,64.5,54.0,47.5,63.2,,,30.03,,,,,,,,,,,,,
In home  (w/display),Temp & Humidity Sensor,2020/12/10 12:35 AM,64.5,54.0,47.5,63.2,,,30.02,,,,,,,,,,,,,
In home  (w/display),Temp & Humidity Sensor,2020/12/10 12:40 AM,64.5,55.0,48.0,63.2,,,30.03,,,,,,,,,,,,,
In home  (w/display),Temp & Humidity Sensor,2020/12/10 12:45 AM,64.4,54.0,47.4,63.1,,,30.03,,,,,,,,,,,,,
In home  (w/display),Temp & Humidity Sensor,2020/12/10 12:50 AM,64.4,54.0,47.4,63.1,,,30.03,,,,,,,,,,,,,
In home  (w/display),Temp & Humidity Sensor,2020/12/10 12:55 AM,64.2,54.0,47.2,62.9,,,30.03,,,,,,,,,,,,,
In home  (w/display),Temp & Humidity Sensor,2020/12/10 1:00 AM,64.2,54.0,47.2,62.9,,,30.02,,,,,,,,,,,,,
In home  (w/display),Temp & Humidity Sensor,2020/12/10 1:05 AM,64.2,54.0,47.2,62.9,,,30.02,,,,,,,,,,,,,
In home  (w/display),Temp & Humidity Sensor,2020/12/10 1:10 AM,64.2,54.0,47.2,62.9,,,30.03,,,,,,,,,,,,,
In home  (w/display),Temp & Humidity Sensor,2020/12/10 1:15 AM,64.0,54.0,47.0,62.6,,,30.03,,,,,,,,,,,,,
In home  (w/display),Temp & Humidity Sensor,2020/12/10 1:20 AM,64.0,54.0,47.0,62.6,,,30.03,,,,,,,,,,,,,
In home  (w/display),Temp & Humidity Sensor,2020/12/10 1:25 AM,64.0,54.0,47.0,62.6,,,30.03,,,,,,,,,,,,,
In home  (w/display),Temp & Humidity Sensor,2020/12/10 1:30 AM,63.8,55.0,47.3,62.5,,,30.03,,,,,,,,,,,,,
In home  (w/display),Temp & Humidity Sensor,2020/12/10 1:35 AM,63.8,55.0,47.3,62.5,,,30.03,,,,,,,,,,,,,
In home  (w/display),Temp & Humidity Sensor,2020/12/10 1:40 AM,63.6,54.0,46.6,62.2,,,30.03,,,,,,,,,,,,,
In home  (w/display),Temp & Humidity Sensor,2020/12/10 1:45 AM,63.6,55.0,47.1,62.2,,,30.03,,,,,,,,,,,,,
In home  (w/display),Temp & Humidity Sensor,2020/12/10 1:50 AM,63.6,54.0,46.6,62.2,,,30.03,,,,,,,,,,,,,
In home  (w/display),Temp & Humidity Sensor,2020/12/10 1:55 AM,63.6,54.0,46.6,62.2,,,30.03,,,,,,,,,,,,,
In home  (w/display),Temp & Humidity Sensor,2020/12/10 2:00 AM,63.5,54.0,46.6,62.1,,,30.04,,,,,,,,,,,,,
In home  (w/display),Temp & Humidity Sensor,2020/12/10 2:05 AM,63.5,54.0,46.6,62.1,,,30.04,,,,,,,,,,,,,
In home  (w/display),Temp & Humidity Sensor,2020/12/10 2:10 AM,63.5,55.0,47.0,62.1,,,30.05,,,,,,,,,,,,,
In home  (w/display),Temp & Humidity Sensor,2020/12/10 2:15 AM,63.5,55.0,47.0,62.1,,,30.05,,,,,,,,,,,,,
In home  (w/display),Temp & Humidity Sensor,2020/12/10 2:20 AM,63.3,55.0,46.9,61.9,,,30.05,,,,,,,,,,,,,
In home  (w/display),Temp & Humidity Sensor,2020/12/10 2:25 AM,63.3,55.0,46.9,61.9,,,30.05,,,,,,,,,,,,,
In home  (w/display),Temp & Humidity Sensor,2020/12/10 2:30 AM,63.3,55.0,46.9,61.9,,,30.06,,,,,,,,,,,,,
In home  (w/display),Temp & Humidity Sensor,2020/12/10 2:35 AM,63.1,55.0,46.7,61.7,,,30.06,,,,,,,,,,,,,
In home  (w/display),Temp & Humidity Sensor,2020/12/10 2:40 AM,63.1,55.0,46.7,61.7,,,30.06,,,,,,,,,,,,,
In home  (w/display),Temp & Humidity Sensor,2020/12/10 2:45 AM,63.1,55.0,46.7,61.7,,,30.06,,,,,,,,,,,,,
In home  (w/display),Temp & Humidity Sensor,2020/12/10 2:50 AM,63.1,55.0,46.7,61.7,,,30.06,,,,,,,,,,,,,
In home  (w/display),Temp & Humidity Sensor,2020/12/10 2:55 AM,62.9,55.0,46.5,61.5,,,30.06,,,,,,,,,,,,,
In home  (w/display),Temp & Humidity Sensor,2020/12/10 3:00 AM,62.9,55.0,46.5,61.5,,,30.06,,,,,,,,,,,,,
In home  (w/display),Temp & Humidity Sensor,2020/12/10 3:05 AM,62.7,55.0,46.3,61.3,,,30.06,,,,,,,,,,,,,
In home  (w/display),Temp & Humidity Sensor,2020/12/10 3:10 AM,62.7,55.0,46.3,61.3,,,30.06,,,,,,,,,,,,,
In home  (w/display),Temp & Humidity Sensor,2020/12/10 3:15 AM,62.7,55.0,46.3,61.3,,,30.06,,,,,,,,,,,,,
In home  (w/display),Temp & Humidity Sensor,2020/12/10 3:20 AM,62.7,55.0,46.3,61.3,,,30.06,,,,,,,,,,,,,
In home  (w/display),Temp & Humidity Sensor,2020/12/10 3:25 AM,62.7,55.0,46.3,61.3,,,30.06,,,,,,,,,,,,,
In home  (w/display),Temp & Humidity Sensor,2020/12/10 3:30 AM,62.6,55.0,46.2,61.1,,,30.06,,,,,,,,,,,,,
In home  (w/display),Temp & Humidity Sensor,2020/12/10 3:35 AM,62.6,55.0,46.2,61.1,,,30.06,,,,,,,,,,,,,
In home  (w/display),Temp & Humidity Sensor,2020/12/10 3:40 AM,62.4,55.0,46.0,60.9,,,30.06,,,,,,,,,,,,,
In home  (w/display),Temp & Humidity Sensor,2020/12/10 3:45 AM,62.4,55.0,46.0,60.9,,,30.06,,,,,,,,,,,,,
In home  (w/display),Temp & Humidity Sensor,2020/12/10 3:50 AM,62.4,55.0,46.0,60.9,,,30.06,,,,,,,,,,,,,
In home  (w/display),Temp & Humidity Sensor,2020/12/10 3:55 AM,62.4,55.0,46.0,60.9,,,30.07,,,,,,,,,,,,,
In home  (w/display),Temp & Humidity Sensor,2020/12/10 4:00 AM,62.2,55.0,45.8,60.7,,,30.07,,,,,,,,,,,,,
In home  (w/display),Temp & Humidity Sensor,2020/12/10 4:05 AM,62.4,55.0,46.0,60.9,,,30.07,,,,,,,,,,,,,
In home  (w/display),Temp & Humidity Sensor,2020/12/10 4:10 AM,62.2,55.0,45.8,60.7,,,30.07,,,,,,,,,,,,,
In home  (w/display),Temp & Humidity Sensor,2020/12/10 4:15 AM,62.2,55.0,45.8,60.7,,,30.07,,,,,,,,,,,,,
In home  (w/display),Temp & Humidity Sensor,2020/12/10 4:20 AM,62.2,55.0,45.8,60.7,,,30.07,,,,,,,,,,,,,
In home  (w/display),Temp & Humidity Sensor,2020/12/10 4:25 AM,62.6,55.0,46.2,61.1,,,30.07,,,,,,,,,,,,,
In home  (w/display),Temp & Humidity Sensor,2020/12/10 4:30 AM,62.7,55.0,46.3,61.3,,,30.08,,,,,,,,,,,,,
In home  (w/display),Temp & Humidity Sensor,2020/12/10 4:35 AM,63.1,55.0,46.7,61.7,,,30.07,,,,,,,,,,,,,
In home  (w/display),Temp & Humidity Sensor,2020/12/10 4:40 AM,63.6,54.0,46.6,62.2,,,30.07,,,,,,,,,,,,,
In home  (w/display),Temp & Humidity Sensor,2020/12/10 4:45 AM,64.0,54.0,47.0,62.6,,,30.07,,,,,,,,,,,,,
In home  (w/display),Temp & Humidity Sensor,2020/12/10 4:50 AM,64.0,54.0,47.0,62.6,,,30.08,,,,,,,,,,,,,
In home  (w/display),Temp & Humidity Sensor,2020/12/10 4:55 AM,64.0,54.0,47.0,62.6,,,30.08,,,,,,,,,,,,,
In home  (w/display),Temp & Humidity Sensor,2020/12/10 5:00 AM,64.2,54.0,47.2,62.9,,,30.08,,,,,,,,,,,,,
In home  (w/display),Temp & Humidity Sensor,2020/12/10 5:05 AM,64.5,54.0,47.5,63.2,,,30.09,,,,,,,,,,,,,
In home  (w/display),Temp & Humidity Sensor,2020/12/10 5:10 AM,64.7,54.0,47.7,63.4,,,30.09,,,,,,,,,,,,,
In home  (w/display),Temp & Humidity Sensor,2020/12/10 5:15 AM,64.9,54.0,47.9,63.6,,,30.09,,,,,,,,,,,,,
In home  (w/display),Temp & Humidity Sensor,2020/12/10 5:20 AM,65.3,54.0,48.2,64.1,,,30.09,,,,,,,,,,,,,
In home  (w/display),Temp & Humidity Sensor,2020/12/10 5:25 AM,65.3,54.0,48.2,64.1,,,30.09,,,,,,,,,,,,,
In home  (w/display),Temp & Humidity Sensor,2020/12/10 5:30 AM,65.4,54.0,48.3,64.2,,,30.1,,,,,,,,,,,,,
In home  (w/display),Temp & Humidity Sensor,2020/12/10 5:35 AM,65.4,54.0,48.3,64.2,,,30.1,,,,,,,,,,,,,
In home  (w/display),Temp & Humidity Sensor,2020/12/10 5:40 AM,65.6,54.0,48.5,64.4,,,30.11,,,,,,,,,,,,,
In home  (w/display),Temp & Humidity Sensor,2020/12/10 5:45 AM,65.6,54.0,48.5,64.4,,,30.11,,,,,,,,,,,,,
In home  (w/display),Temp & Humidity Sensor,2020/12/10 5:50 AM,65.6,54.0,48.5,64.4,,,30.11,,,,,,,,,,,,,
In home  (w/display),Temp & Humidity Sensor,2020/12/10 5:55 AM,65.6,54.0,48.5,64.4,,,30.11,,,,,,,,,,,,,
In home  (w/display),Temp & Humidity Sensor,2020/12/10 6:00 AM,65.6,54.0,48.5,64.4,,,30.11,,,,,,,,,,,,,
In home  (w/display),Temp & Humidity Sensor,2020/12/10 6:05 AM,65.8,54.0,48.7,64.6,,,30.12,,,,,,,,,,,,,
In home  (w/display),Temp & Humidity Sensor,2020/12/10 6:10 AM,65.8,54.0,48.7,64.6,,,30.12,,,,,,,,,,,,,
In home  (w/display),Temp & Humidity Sensor,2020/12/10 6:15 AM,66.0,54.0,48.9,64.8,,,30.12,,,,,,,,,,,,,
In home  (w/display),Temp & Humidity Sensor,2020/12/10 6:20 AM,66.2,53.0,48.6,65.0,,,30.12,,,,,,,,,,,,,
In home  (w/display),Temp & Humidity Sensor,2020/12/10 6:25 AM,66.3,53.0,48.6,65.1,,,30.12,,,,,,,,,,,,,
In home  (w/display),Temp & Humidity Sensor,2020/12/10 6:30 AM,66.5,53.0,48.8,65.3,,,30.12,,,,,,,,,,,,,
In home  (w/display),Temp & Humidity Sensor,2020/12/10 6:35 AM,66.5,53.0,48.8,65.3,,,30.13,,,,,,,,,,,,,
In home  (w/display),Temp & Humidity Sensor,2020/12/10 6:40 AM,66.5,53.0,48.8,65.3,,,30.13,,,,,,,,,,,,,
In home  (w/display),Temp & Humidity Sensor,2020/12/10 6:45 AM,66.3,53.0,48.6,65.1,,,30.13,,,,,,,,,,,,,
In home  (w/display),Temp & Humidity Sensor,2020/12/10 6:50 AM,66.3,53.0,48.6,65.1,,,30.13,,,,,,,,,,,,,
In home  (w/display),Temp & Humidity Sensor,2020/12/10 6:55 AM,66.5,53.0,48.8,65.3,,,30.13,,,,,,,,,,,,,
In home  (w/display),Temp & Humidity Sensor,2020/12/10 7:00 AM,66.7,53.0,49.0,65.6,,,30.13,,,,,,,,,,,,,
In home  (w/display),Temp & Humidity Sensor,2020/12/10 7:05 AM,66.7,53.0,49.0,65.6,,,30.13,,,,,,,,,,,,,
In home  (w/display),Temp & Humidity Sensor,2020/12/10 7:10 AM,66.7,52.0,48.5,65.5,,,30.14,,,,,,,,,,,,,
In home  (w/display),Temp & Humidity Sensor,2020/12/10 7:15 AM,66.5,53.0,48.8,65.3,,,30.14,,,,,,,,,,,,,
In home  (w/display),Temp & Humidity Sensor,2020/12/10 7:20 AM,66.7,53.0,49.0,65.6,,,30.14,,,,,,,,,,,,,
In home  (w/display),Temp & Humidity Sensor,2020/12/10 7:25 AM,66.9,53.0,49.2,65.8,,,30.14,,,,,,,,,,,,,
In home  (w/display),Temp & Humidity Sensor,2020/12/10 7:30 AM,67.2,53.0,49.5,66.1,,,30.15,,,,,,,,,,,,,
In home  (w/display),Temp & Humidity Sensor,2020/12/10 7:35 AM,67.4,53.0,49.7,66.3,,,30.15,,,,,,,,,,,,,
In home  (w/display),Temp & Humidity Sensor,2020/12/10 7:40 AM,67.6,53.0,49.9,66.6,,,30.15,,,,,,,,,,,,,
In home  (w/display),Temp & Humidity Sensor,2020/12/10 7:45 AM,67.6,52.0,49.3,66.5,,,30.15,,,,,,,,,,,,,
In home  (w/display),Temp & Humidity Sensor,2020/12/10 7:50 AM,67.8,52.0,49.5,66.7,,,30.15,,,,,,,,,,,,,
In home  (w/display),Temp & Humidity Sensor,2020/12/10 7:55 AM,67.8,52.0,49.5,66.7,,,30.15,,,,,,,,,,,,,
In home  (w/display),Temp & Humidity Sensor,2020/12/10 8:00 AM,67.8,52.0,49.5,66.7,,,30.15,,,,,,,,,,,,,
In home  (w/display),Temp & Humidity Sensor,2020/12/10 8:05 AM,67.6,52.0,49.3,66.5,,,30.15,,,,,,,,,,,,,
In home  (w/display),Temp & Humidity Sensor,2020/12/10 8:10 AM,67.4,52.0,49.2,66.3,,,30.16,,,,,,,,,,,,,
In home  (w/display),Temp & Humidity Sensor,2020/12/10 8:15 AM,67.2,52.0,49.0,66.1,,,30.16,,,,,,,,,,,,,
In home  (w/display),Temp & Humidity Sensor,2020/12/10 8:20 AM,67.1,53.0,49.4,66.0,,,30.16,,,,,,,,,,,,,
In home  (w/display),Temp & Humidity Sensor,2020/12/10 8:25 AM,66.7,52.0,48.5,65.5,,,30.16,,,,,,,,,,,,,
In home  (w/display),Temp & Humidity Sensor,2020/12/10 8:30 AM,66.7,53.0,49.0,65.6,,,30.16,,,,,,,,,,,,,
In home  (w/display),Temp & Humidity Sensor,2020/12/10 8:35 AM,66.7,53.0,49.0,65.6,,,30.16,,,,,,,,,,,,,
In home  (w/display),Temp & Humidity Sensor,2020/12/10 8:40 AM,66.5,53.0,48.8,65.3,,,30.16,,,,,,,,,,,,,
In home  (w/display),Temp & Humidity Sensor,2020/12/10 8:45 AM,66.7,52.0,48.5,65.5,,,30.17,,,,,,,,,,,,,
In home  (w/display),Temp & Humidity Sensor,2020/12/10 8:50 AM,66.7,53.0,49.0,65.6,,,30.17,,,,,,,,,,,,,
In home  (w/display),Temp & Humidity Sensor,2020/12/10 8:55 AM,66.7,53.0,49.0,65.6,,,30.17,,,,,,,,,,,,,
In home  (w/display),Temp & Humidity Sensor,2020/12/10 9:00 AM,66.7,53.0,49.0,65.6,,,30.18,,,,,,,,,,,,,
In home  (w/display),Temp & Humidity Sensor,2020/12/10 9:05 AM,66.3,53.0,48.6,65.1,,,30.17,,,,,,,,,,,,,
In home  (w/display),Temp & Humidity Sensor,2020/12/10 9:10 AM,66.5,53.0,48.8,65.3,,,30.17,,,,,,,,,,,,,
In home  (w/display),Temp & Humidity Sensor,2020/12/10 9:15 AM,66.7,53.0,49.0,65.6,,,30.18,,,,,,,,,,,,,
In home  (w/display),Temp & Humidity Sensor,2020/12/10 9:20 AM,66.7,53.0,49.0,65.6,,,30.18,,,,,,,,,,,,,
In home  (w/display),Temp & Humidity Sensor,2020/12/10 9:25 AM,66.7,53.0,49.0,65.6,,,30.18,,,,,,,,,,,,,
In home  (w/display),Temp & Humidity Sensor,2020/12/10 9:30 AM,66.5,53.0,48.8,65.3,,,30.18,,,,,,,,,,,,,
In home  (w/display),Temp & Humidity Sensor,2020/12/10 9:35 AM,66.7,53.0,49.0,65.6,,,30.18,,,,,,,,,,,,,
In home  (w/display),Temp & Humidity Sensor,2020/12/10 9:40 AM,66.7,53.0,49.0,65.6,,,30.18,,,,,,,,,,,,,
In home  (w/display),Temp & Humidity Sensor,2020/12/10 9:45 AM,66.7,53.0,49.0,65.6,,,30.18,,,,,,,,,,,,,
In home  (w/display),Temp & Humidity Sensor,2020/12/10 9:50 AM,66.5,53.0,48.8,65.3,,,30.19,,,,,,,,,,,,,
In home  (w/display),Temp & Humidity Sensor,2020/12/10 9:55 AM,66.3,53.0,48.6,65.1,,,30.19,,,,,,,,,,,,,
In home  (w/display),Temp & Humidity Sensor,2020/12/10 10:00 AM,66.7,53.0,49.0,65.6,,,30.19,,,,,,,,,,,,,
In home  (w/display),Temp & Humidity Sensor,2020/12/10 10:05 AM,66.7,53.0,49.0,65.6,,,30.19,,,,,,,,,,,,,
In home  (w/display),Temp & Humidity Sensor,2020/12/10 10:10 AM,66.7,53.0,49.0,65.6,,,30.19,,,,,,,,,,,,,
In home  (w/display),Temp & Humidity Sensor,2020/12/10 10:15 AM,66.3,53.0,48.6,65.1,,,30.19,,,,,,,,,,,,,
In home  (w/display),Temp & Humidity Sensor,2020/12/10 10:20 AM,66.3,53.0,48.6,65.1,,,30.19,,,,,,,,,,,,,
In home  (w/display),Temp & Humidity Sensor,2020/12/10 10:25 AM,66.5,53.0,48.8,65.3,,,30.19,,,,,,,,,,,,,
In home  (w/display),Temp & Humidity Sensor,2020/12/10 10:30 AM,66.7,53.0,49.0,65.6,,,30.19,,,,,,,,,,,,,
In home  (w/display),Temp & Humidity Sensor,2020/12/10 10:35 AM,66.7,53.0,49.0,65.6,,,30.19,,,,,,,,,,,,,
In home  (w/display),Temp & Humidity Sensor,2020/12/10 10:40 AM,66.3,53.0,48.6,65.1,,,30.19,,,,,,,,,,,,,
In home  (w/display),Temp & Humidity Sensor,2020/12/10 10:45 AM,66.3,53.0,48.6,65.1,,,30.19,,,,,,,,,,,,,
In home  (w/display),Temp & Humidity Sensor,2020/12/10 10:50 AM,66.7,53.0,49.0,65.6,,,30.2,,,,,,,,,,,,,
In home  (w/display),Temp & Humidity Sensor,2020/12/10 10:55 AM,66.7,53.0,49.0,65.6,,,30.19,,,,,,,,,,,,,
In home  (w/display),Temp & Humidity Sensor,2020/12/10 11:00 AM,66.5,53.0,48.8,65.3,,,30.19,,,,,,,,,,,,,
In home  (w/display),Temp & Humidity Sensor,2020/12/10 11:05 AM,66.3,53.0,48.6,65.1,,,30.19,,,,,,,,,,,,,
In home  (w/display),Temp & Humidity Sensor,2020/12/10 11:10 AM,66.3,53.0,48.6,65.1,,,30.19,,,,,,,,,,,,,
In home  (w/display),Temp & Humidity Sensor,2020/12/10 11:15 AM,66.7,53.0,49.0,65.6,,,30.19,,,,,,,,,,,,,
In home  (w/display),Temp & Humidity Sensor,2020/12/10 11:20 AM,66.7,53.0,49.0,65.6,,,30.19,,,,,,,,,,,,,
In home  (w/display),Temp & Humidity Sensor,2020/12/10 11:25 AM,66.5,53.0,48.8,65.3,,,30.19,,,,,,,,,,,,,
In home  (w/display),Temp & Humidity Sensor,2020/12/10 11:30 AM,66.3,53.0,48.6,65.1,,,30.18,,,,,,,,,,,,,
In home  (w/display),Temp & Humidity Sensor,2020/12/10 11:35 AM,66.3,53.0,48.6,65.1,,,30.18,,,,,,,,,,,,,
In home  (w/display),Temp & Humidity Sensor,2020/12/10 11:40 AM,66.7,53.0,49.0,65.6,,,30.18,,,,,,,,,,,,,
In home  (w/display),Temp & Humidity Sensor,2020/12/10 11:45 AM,66.7,53.0,49.0,65.6,,,30.18,,,,,,,,,,,,,
In home  (w/display),Temp & Humidity Sensor,2020/12/10 11:50 AM,66.5,53.0,48.8,65.3,,,30.18,,,,,,,,,,,,,
In home  (w/display),Temp & Humidity Sensor,2020/12/10 11:55 AM,66.3,53.0,48.6,65.1,,,30.18,,,,,,,,,,,,,
In home  (w/display),Temp & Humidity Sensor,2020/12/10 12:00 PM,66.2,53.0,48.6,65.0,,,30.18,,,,,,,,,,,,,
In home  (w/display),Temp & Humidity Sensor,2020/12/10 12:05 PM,66.3,53.0,48.6,65.1,,,30.18,,,,,,,,,,,,,
In home  (w/display),Temp & Humidity Sensor,2020/12/10 12:10 PM,66.7,53.0,49.0,65.6,,,30.18,,,,,,,,,,,,,
In home  (w/display),Temp & Humidity Sensor,2020/12/10 12:15 PM,66.7,53.0,49.0,65.6,,,30.18,,,,,,,,,,,,,
In home  (w/display),Temp & Humidity Sensor,2020/12/10 12:20 PM,66.5,53.0,48.8,65.3,,,30.17,,,,,,,,,,,,,
In home  (w/display),Temp & Humidity Sensor,2020/12/10 12:25 PM,66.3,53.0,48.6,65.1,,,30.17,,,,,,,,,,,,,
In home  (w/display),Temp & Humidity Sensor,2020/12/10 12:30 PM,66.3,53.0,48.6,65.1,,,30.17,,,,,,,,,,,,,
In home  (w/display),Temp & Humidity Sensor,2020/12/10 12:35 PM,66.3,53.0,48.6,65.1,,,30.17,,,,,,,,,,,,,
In home  (w/display),Temp & Humidity Sensor,2020/12/10 12:40 PM,66.7,53.0,49.0,65.6,,,30.17,,,,,,,,,,,,,
In home  (w/display),Temp & Humidity Sensor,2020/12/10 12:45 PM,66.7,53.0,49.0,65.6,,,30.17,,,,,,,,,,,,,
In home  (w/display),Temp & Humidity Sensor,2020/12/10 12:50 PM,66.7,53.0,49.0,65.6,,,30.16,,,,,,,,,,,,,
In home  (w/display),Temp & Humidity Sensor,2020/12/10 12:55 PM,66.5,53.0,48.8,65.3,,,30.16,,,,,,,,,,,,,
In home  (w/display),Temp & Humidity Sensor,2020/12/10 1:00 PM,66.3,53.0,48.6,65.1,,,30.16,,,,,,,,,,,,,
In home  (w/display),Temp & Humidity Sensor,2020/12/10 1:05 PM,66.3,53.0,48.6,65.1,,,30.16,,,,,,,,,,,,,
In home  (w/display),Temp & Humidity Sensor,2020/12/10 1:10 PM,66.5,54.0,49.3,65.4,,,30.16,,,,,,,,,,,,,
In home  (w/display),Temp & Humidity Sensor,2020/12/10 1:15 PM,66.7,54.0,49.5,65.6,,,30.15,,,,,,,,,,,,,
In home  (w/display),Temp & Humidity Sensor,2020/12/10 1:20 PM,66.7,54.0,49.5,65.6,,,30.15,,,,,,,,,,,,,
In home  (w/display),Temp & Humidity Sensor,2020/12/10 1:25 PM,66.7,53.0,49.0,65.6,,,30.15,,,,,,,,,,,,,
In home  (w/display),Temp & Humidity Sensor,2020/12/10 1:30 PM,66.5,54.0,49.3,65.4,,,30.15,,,,,,,,,,,,,
In home  (w/display),Temp & Humidity Sensor,2020/12/10 1:35 PM,66.3,54.0,49.1,65.2,,,30.15,,,,,,,,,,,,,
In home  (w/display),Temp & Humidity Sensor,2020/12/10 1:40 PM,66.3,54.0,49.1,65.2,,,30.15,,,,,,,,,,,,,
In home  (w/display),Temp & Humidity Sensor,2020/12/10 1:45 PM,66.3,54.0,49.1,65.2,,,30.15,,,,,,,,,,,,,
In home  (w/display),Temp & Humidity Sensor,2020/12/10 1:50 PM,66.7,54.0,49.5,65.6,,,30.15,,,,,,,,,,,,,
In home  (w/display),Temp & Humidity Sensor,2020/12/10 1:55 PM,66.9,54.0,49.7,65.8,,,30.14,,,,,,,,,,,,,
In home  (w/display),Temp & Humidity Sensor,2020/12/10 2:00 PM,66.7,54.0,49.5,65.6,,,30.14,,,,,,,,,,,,,
In home  (w/display),Temp & Humidity Sensor,2020/12/10 2:05 PM,66.7,54.0,49.5,65.6,,,30.14,,,,,,,,,,,,,
In home  (w/display),Temp & Humidity Sensor,2020/12/10 2:10 PM,66.7,54.0,49.5,65.6,,,30.15,,,,,,,,,,,,,
In home  (w/display),Temp & Humidity Sensor,2020/12/10 2:15 PM,66.7,54.0,49.5,65.6,,,30.15,,,,,,,,,,,,,
In home  (w/display),Temp & Humidity Sensor,2020/12/10 2:20 PM,66.5,54.0,49.3,65.4,,,30.15,,,,,,,,,,,,,
In home  (w/display),Temp & Humidity Sensor,2020/12/10 2:25 PM,66.5,54.0,49.3,65.4,,,30.15,,,,,,,,,,,,,
In home  (w/display),Temp & Humidity Sensor,2020/12/10 2:30 PM,66.5,54.0,49.3,65.4,,,30.15,,,,,,,,,,,,,
In home  (w/display),Temp & Humidity Sensor,2020/12/10 2:35 PM,66.5,54.0,49.3,65.4,,,30.15,,,,,,,,,,,,,
In home  (w/display),Temp & Humidity Sensor,2020/12/10 2:40 PM,66.5,54.0,49.3,65.4,,,30.15,,,,,,,,,,,,,
In home  (w/display),Temp & Humidity Sensor,2020/12/10 2:45 PM,66.5,54.0,49.3,65.4,,,30.15,,,,,,,,,,,,,
In home  (w/display),Temp & Humidity Sensor,2020/12/10 2:50 PM,66.5,54.0,49.3,65.4,,,30.15,,,,,,,,,,,,,
In home  (w/display),Temp & Humidity Sensor,2020/12/10 2:55 PM,66.5,54.0,49.3,65.4,,,30.15,,,,,,,,,,,,,
In home  (w/display),Temp & Humidity Sensor,2020/12/10 3:00 PM,66.3,54.0,49.1,65.2,,,30.15,,,,,,,,,,,,,
In home  (w/display),Temp & Humidity Sensor,2020/12/10 3:05 PM,66.3,54.0,49.1,65.2,,,30.15,,,,,,,,,,,,,
In home  (w/display),Temp & Humidity Sensor,2020/12/10 3:10 PM,66.3,54.0,49.1,65.2,,,30.15,,,,,,,,,,,,,
In home  (w/display),Temp & Humidity Sensor,2020/12/10 3:15 PM,66.3,54.0,49.1,65.2,,,30.15,,,,,,,,,,,,,
In home  (w/display),Temp & Humidity Sensor,2020/12/10 3:20 PM,66.2,54.0,49.1,65.1,,,30.15,,,,,,,,,,,,,
In home  (w/display),Temp & Humidity Sensor,2020/12/10 3:25 PM,66.3,54.0,49.1,65.2,,,30.15,,,,,,,,,,,,,
In home  (w/display),Temp & Humidity Sensor,2020/12/10 3:30 PM,66.3,54.0,49.1,65.2,,,30.15,,,,,,,,,,,,,
In home  (w/display),Temp & Humidity Sensor,2020/12/10 3:35 PM,66.3,54.0,49.1,65.2,,,30.15,,,,,,,,,,,,,
In home  (w/display),Temp & Humidity Sensor,2020/12/10 3:40 PM,66.3,54.0,49.1,65.2,,,30.15,,,,,,,,,,,,,
In home  (w/display),Temp & Humidity Sensor,2020/12/10 3:45 PM,66.3,54.0,49.1,65.2,,,30.15,,,,,,,,,,,,,
In home  (w/display),Temp & Humidity Sensor,2020/12/10 3:50 PM,66.3,54.0,49.1,65.2,,,30.16,,,,,,,,,,,,,
In home  (w/display),Temp & Humidity Sensor,2020/12/10 3:55 PM,66.2,54.0,49.1,65.1,,,30.16,,,,,,,,,,,,,
In home  (w/display),Temp & Humidity Sensor,2020/12/10 4:00 PM,66.2,54.0,49.1,65.1,,,30.16,,,,,,,,,,,,,
In home  (w/display),Temp & Humidity Sensor,2020/12/10 4:05 PM,66.2,54.0,49.1,65.1,,,30.16,,,,,,,,,,,,,
In home  (w/display),Temp & Humidity Sensor,2020/12/10 4:10 PM,66.0,55.0,49.4,64.9,,,30.17,,,,,,,,,,,,,
In home  (w/display),Temp & Humidity Sensor,2020/12/10 4:15 PM,66.0,55.0,49.4,64.9,,,30.17,,,,,,,,,,,,,
In home  (w/display),Temp & Humidity Sensor,2020/12/10 4:20 PM,66.0,55.0,49.4,64.9,,,30.17,,,,,,,,,,,,,
In home  (w/display),Temp & Humidity Sensor,2020/12/10 4:25 PM,66.0,55.0,49.4,64.9,,,30.17,,,,,,,,,,,,,
In home  (w/display),Temp & Humidity Sensor,2020/12/10 4:30 PM,66.0,55.0,49.4,64.9,,,30.17,,,,,,,,,,,,,
In home  (w/display),Temp & Humidity Sensor,2020/12/10 4:35 PM,66.0,55.0,49.4,64.9,,,30.18,,,,,,,,,,,,,
In home  (w/display),Temp & Humidity Sensor,2020/12/10 4:40 PM,66.2,54.0,49.1,65.1,,,30.17,,,,,,,,,,,,,
In home  (w/display),Temp & Humidity Sensor,2020/12/10 4:45 PM,66.3,54.0,49.1,65.2,,,30.18,,,,,,,,,,,,,
In home  (w/display),Temp & Humidity Sensor,2020/12/10 4:50 PM,66.3,54.0,49.1,65.2,,,30.18,,,,,,,,,,,,,
In home  (w/display),Temp & Humidity Sensor,2020/12/10 4:55 PM,66.3,54.0,49.1,65.2,,,30.18,,,,,,,,,,,,,
In home  (w/display),Temp & Humidity Sensor,2020/12/10 5:00 PM,66.2,54.0,49.1,65.1,,,30.18,,,,,,,,,,,,,
In home  (w/display),Temp & Humidity Sensor,2020/12/10 5:05 PM,66.0,55.0,49.4,64.9,,,30.18,,,,,,,,,,,,,
In home  (w/display),Temp & Humidity Sensor,2020/12/10 5:10 PM,66.0,55.0,49.4,64.9,,,30.18,,,,,,,,,,,,,
In home  (w/display),Temp & Humidity Sensor,2020/12/10 5:15 PM,66.0,55.0,49.4,64.9,,,30.18,,,,,,,,,,,,,
In home  (w/display),Temp & Humidity Sensor,2020/12/10 5:20 PM,66.0,55.0,49.4,64.9,,,30.19,,,,,,,,,,,,,
In home  (w/display),Temp & Humidity Sensor,2020/12/10 5:25 PM,66.0,55.0,49.4,64.9,,,30.19,,,,,,,,,,,,,
In home  (w/display),Temp & Humidity Sensor,2020/12/10 5:30 PM,66.0,55.0,49.4,64.9,,,30.19,,,,,,,,,,,,,
In home  (w/display),Temp & Humidity Sensor,2020/12/10 5:35 PM,65.8,55.0,49.2,64.7,,,30.19,,,,,,,,,,,,,
In home  (w/display),Temp & Humidity Sensor,2020/12/10 5:40 PM,65.8,56.0,49.7,64.7,,,30.19,,,,,,,,,,,,,
In home  (w/display),Temp & Humidity Sensor,2020/12/10 5:45 PM,65.8,56.0,49.7,64.7,,,30.2,,,,,,,,,,,,,
In home  (w/display),Temp & Humidity Sensor,2020/12/10 5:50 PM,65.8,56.0,49.7,64.7,,,30.2,,,,,,,,,,,,,
In home  (w/display),Temp & Humidity Sensor,2020/12/10 5:55 PM,65.8,56.0,49.7,64.7,,,30.2,,,,,,,,,,,,,
In home  (w/display),Temp & Humidity Sensor,2020/12/10 6:00 PM,65.8,56.0,49.7,64.7,,,30.2,,,,,,,,,,,,,
In home  (w/display),Temp & Humidity Sensor,2020/12/10 6:05 PM,66.0,56.0,49.8,64.9,,,30.2,,,,,,,,,,,,,
In home  (w/display),Temp & Humidity Sensor,2020/12/10 6:10 PM,66.0,56.0,49.8,64.9,,,30.2,,,,,,,,,,,,,
In home  (w/display),Temp & Humidity Sensor,2020/12/10 6:15 PM,66.0,56.0,49.8,64.9,,,30.21,,,,,,,,,,,,,
In home  (w/display),Temp & Humidity Sensor,2020/12/10 6:20 PM,66.0,56.0,49.8,64.9,,,30.21,,,,,,,,,,,,,
In home  (w/display),Temp & Humidity Sensor,2020/12/10 6:25 PM,66.0,56.0,49.8,64.9,,,30.21,,,,,,,,,,,,,
In home  (w/display),Temp & Humidity Sensor,2020/12/10 6:30 PM,66.0,56.0,49.8,64.9,,,30.21,,,,,,,,,,,,,
In home  (w/display),Temp & Humidity Sensor,2020/12/10 6:35 PM,65.8,56.0,49.7,64.7,,,30.22,,,,,,,,,,,,,
In home  (w/display),Temp & Humidity Sensor,2020/12/10 6:40 PM,65.8,56.0,49.7,64.7,,,30.22,,,,,,,,,,,,,
In home  (w/display),Temp & Humidity Sensor,2020/12/10 6:45 PM,66.0,56.0,49.8,64.9,,,30.22,,,,,,,,,,,,,
In home  (w/display),Temp & Humidity Sensor,2020/12/10 6:50 PM,66.3,55.0,49.6,65.2,,,30.22,,,,,,,,,,,,,
In home  (w/display),Temp & Humidity Sensor,2020/12/10 6:55 PM,66.7,55.0,50.0,65.7,,,30.22,,,,,,,,,,,,,
In home  (w/display),Temp & Humidity Sensor,2020/12/10 7:00 PM,66.7,55.0,50.0,65.7,,,30.22,,,,,,,,,,,,,
In home  (w/display),Temp & Humidity Sensor,2020/12/10 7:05 PM,66.7,55.0,50.0,65.7,,,30.22,,,,,,,,,,,,,
In home  (w/display),Temp & Humidity Sensor,2020/12/10 7:10 PM,66.5,55.0,49.8,65.4,,,30.22,,,,,,,,,,,,,
In home  (w/display),Temp & Humidity Sensor,2020/12/10 7:15 PM,66.3,55.0,49.6,65.2,,,30.22,,,,,,,,,,,,,
In home  (w/display),Temp & Humidity Sensor,2020/12/10 7:20 PM,66.7,55.0,50.0,65.7,,,30.22,,,,,,,,,,,,,
In home  (w/display),Temp & Humidity Sensor,2020/12/10 7:25 PM,66.9,55.0,50.2,65.9,,,30.23,,,,,,,,,,,,,
In home  (w/display),Temp & Humidity Sensor,2020/12/10 7:30 PM,66.7,54.0,49.5,65.6,,,30.23,,,,,,,,,,,,,
In home  (w/display),Temp & Humidity Sensor,2020/12/10 7:35 PM,66.7,55.0,50.0,65.7,,,30.23,,,,,,,,,,,,,
In home  (w/display),Temp & Humidity Sensor,2020/12/10 7:40 PM,66.9,55.0,50.2,65.9,,,30.23,,,,,,,,,,,,,
In home  (w/display),Temp & Humidity Sensor,2020/12/10 7:45 PM,67.1,54.0,49.9,66.0,,,30.23,,,,,,,,,,,,,
In home  (w/display),Temp & Humidity Sensor,2020/12/10 7:50 PM,67.1,55.0,50.4,66.1,,,30.23,,,,,,,,,,,,,
In home  (w/display),Temp & Humidity Sensor,2020/12/10 7:55 PM,66.7,55.0,50.0,65.7,,,30.23,,,,,,,,,,,,,
In home  (w/display),Temp & Humidity Sensor,2020/12/10 8:00 PM,66.7,55.0,50.0,65.7,,,30.23,,,,,,,,,,,,,
In home  (w/display),Temp & Humidity Sensor,2020/12/10 8:05 PM,66.7,55.0,50.0,65.7,,,30.23,,,,,,,,,,,,,
In home  (w/display),Temp & Humidity Sensor,2020/12/10 8:10 PM,66.9,55.0,50.2,65.9,,,30.23,,,,,,,,,,,,,
In home  (w/display),Temp & Humidity Sensor,2020/12/10 8:15 PM,66.9,55.0,50.2,65.9,,,30.23,,,,,,,,,,,,,
In home  (w/display),Temp & Humidity Sensor,2020/12/10 8:20 PM,66.7,55.0,50.0,65.7,,,30.23,,,,,,,,,,,,,
In home  (w/display),Temp & Humidity Sensor,2020/12/10 8:25 PM,66.7,55.0,50.0,65.7,,,30.23,,,,,,,,,,,,,
In home  (w/display),Temp & Humidity Sensor,2020/12/10 8:30 PM,66.7,55.0,50.0,65.7,,,30.23,,,,,,,,,,,,,
In home  (w/display),Temp & Humidity Sensor,2020/12/10 8:35 PM,67.1,55.0,50.4,66.1,,,30.23,,,,,,,,,,,,,
In home  (w/display),Temp & Humidity Sensor,2020/12/10 8:40 PM,67.1,55.0,50.4,66.1,,,30.23,,,,,,,,,,,,,
In home  (w/display),Temp & Humidity Sensor,2020/12/10 8:45 PM,67.1,55.0,50.4,66.1,,,30.23,,,,,,,,,,,,,
In home  (w/display),Temp & Humidity Sensor,2020/12/10 8:50 PM,67.1,55.0,50.4,66.1,,,30.23,,,,,,,,,,,,,
In home  (w/display),Temp & Humidity Sensor,2020/12/10 8:55 PM,67.1,55.0,50.4,66.1,,,30.23,,,,,,,,,,,,,
In home  (w/display),Temp & Humidity Sensor,2020/12/10 9:00 PM,67.2,55.0,50.5,66.2,,,30.23,,,,,,,,,,,,,
In home  (w/display),Temp & Humidity Sensor,2020/12/10 9:05 PM,67.2,55.0,50.5,66.2,,,30.23,,,,,,,,,,,,,
In home  (w/display),Temp & Humidity Sensor,2020/12/10 9:10 PM,67.1,55.0,50.4,66.1,,,30.23,,,,,,,,,,,,,
In home  (w/display),Temp & Humidity Sensor,2020/12/10 9:15 PM,67.1,55.0,50.4,66.1,,,30.23,,,,,,,,,,,,,
In home  (w/display),Temp & Humidity Sensor,2020/12/10 9:20 PM,67.1,55.0,50.4,66.1,,,30.24,,,,,,,,,,,,,
In home  (w/display),Temp & Humidity Sensor,2020/12/10 9:25 PM,67.4,55.0,50.7,66.4,,,30.24,,,,,,,,,,,,,
In home  (w/display),Temp & Humidity Sensor,2020/12/10 9:30 PM,67.4,55.0,50.7,66.4,,,30.24,,,,,,,,,,,,,
In home  (w/display),Temp & Humidity Sensor,2020/12/10 9:35 PM,67.4,55.0,50.7,66.4,,,30.24,,,,,,,,,,,,,
In home  (w/display),Temp & Humidity Sensor,2020/12/10 9:40 PM,67.2,55.0,50.5,66.2,,,30.24,,,,,,,,,,,,,
In home  (w/display),Temp & Humidity Sensor,2020/12/10 9:45 PM,67.2,55.0,50.5,66.2,,,30.24,,,,,,,,,,,,,
In home  (w/display),Temp & Humidity Sensor,2020/12/10 9:50 PM,67.4,55.0,50.7,66.4,,,30.24,,,,,,,,,,,,,
In home  (w/display),Temp & Humidity Sensor,2020/12/10 9:55 PM,67.4,54.0,50.2,66.4,,,30.24,,,,,,,,,,,,,
In home  (w/display),Temp & Humidity Sensor,2020/12/10 10:00 PM,67.2,54.0,50.0,66.2,,,30.24,,,,,,,,,,,,,
In home  (w/display),Temp & Humidity Sensor,2020/12/10 10:05 PM,67.2,54.0,50.0,66.2,,,30.23,,,,,,,,,,,,,
In home  (w/display),Temp & Humidity Sensor,2020/12/10 10:10 PM,67.1,54.0,49.9,66.0,,,30.23,,,,,,,,,,,,,
In home  (w/display),Temp & Humidity Sensor,2020/12/10 10:15 PM,66.9,54.0,49.7,65.8,,,30.23,,,,,,,,,,,,,
In home  (w/display),Temp & Humidity Sensor,2020/12/10 10:20 PM,66.7,55.0,50.0,65.7,,,30.23,,,,,,,,,,,,,
In home  (w/display),Temp & Humidity Sensor,2020/12/10 10:25 PM,66.7,55.0,50.0,65.7,,,30.23,,,,,,,,,,,,,
In home  (w/display),Temp & Humidity Sensor,2020/12/10 10:30 PM,66.5,55.0,49.8,65.4,,,30.24,,,,,,,,,,,,,
In home  (w/display),Temp & Humidity Sensor,2020/12/10 10:35 PM,66.3,55.0,49.6,65.2,,,30.24,,,,,,,,,,,,,
In home  (w/display),Temp & Humidity Sensor,2020/12/10 10:40 PM,66.3,55.0,49.6,65.2,,,30.24,,,,,,,,,,,,,
In home  (w/display),Temp & Humidity Sensor,2020/12/10 10:45 PM,66.3,55.0,49.6,65.2,,,30.24,,,,,,,,,,,,,
In home  (w/display),Temp & Humidity Sensor,2020/12/10 10:50 PM,66.2,55.0,49.5,65.1,,,30.24,,,,,,,,,,,,,
In home  (w/display),Temp & Humidity Sensor,2020/12/10 10:55 PM,66.0,56.0,49.8,64.9,,,30.24,,,,,,,,,,,,,
In home  (w/display),Temp & Humidity Sensor,2020/12/10 11:00 PM,66.0,56.0,49.8,64.9,,,30.24,,,,,,,,,,,,,
In home  (w/display),Temp & Humidity Sensor,2020/12/10 11:05 PM,66.0,56.0,49.8,64.9,,,30.24,,,,,,,,,,,,,
In home  (w/display),Temp & Humidity Sensor,2020/12/10 11:10 PM,65.8,56.0,49.7,64.7,,,30.24,,,,,,,,,,,,,
In home  (w/display),Temp & Humidity Sensor,2020/12/10 11:15 PM,65.8,56.0,49.7,64.7,,,30.24,,,,,,,,,,,,,
In home  (w/display),Temp & Humidity Sensor,2020/12/10 11:20 PM,65.8,56.0,49.7,64.7,,,30.24,,,,,,,,,,,,,
In home  (w/display),Temp & Humidity Sensor,2020/12/10 11:25 PM,65.6,56.0,49.5,64.5,,,30.24,,,,,,,,,,,,,
In home  (w/display),Temp & Humidity Sensor,2020/12/10 11:30 PM,65.6,56.0,49.5,64.5,,,30.24,,,,,,,,,,,,,
In home  (w/display),Temp & Humidity Sensor,2020/12/10 11:35 PM,65.4,56.0,49.3,64.3,,,30.24,,,,,,,,,,,,,
In home  (w/display),Temp & Humidity Sensor,2020/12/10 11:40 PM,65.4,56.0,49.3,64.3,,,30.24,,,,,,,,,,,,,
In home  (w/display),Temp & Humidity Sensor,2020/12/10 11:45 PM,65.4,56.0,49.3,64.3,,,30.24,,,,,,,,,,,,,
In home  (w/display),Temp & Humidity Sensor,2020/12/10 11:50 PM,65.4,56.0,49.3,64.3,,,30.24,,,,,,,,,,,,,
In home  (w/display),Temp & Humidity Sensor,2020/12/10 11:55 PM,65.3,56.0,49.2,64.2,,,30.24,,,,,,,,,,,,,
In home  (w/display),Temp & Humidity Sensor,2020/12/11 12:00 AM,65.3,56.0,49.2,64.2,,,30.24,,,,,,,,,,,,,
In home  (w/display),Temp & Humidity Sensor,2020/12/11 12:05 AM,65.3,56.0,49.2,64.2,,,30.24,,,,,,,,,,,,,
In home  (w/display),Temp & Humidity Sensor,2020/12/11 12:10 AM,65.3,56.0,49.2,64.2,,,30.24,,,,,,,,,,,,,
In home  (w/display),Temp & Humidity Sensor,2020/12/11 12:15 AM,65.1,56.0,49.0,63.9,,,30.25,,,,,,,,,,,,,
In home  (w/display),Temp & Humidity Sensor,2020/12/11 12:20 AM,65.1,56.0,49.0,63.9,,,30.25,,,,,,,,,,,,,
In home  (w/display),Temp & Humidity Sensor,2020/12/11 12:25 AM,64.9,56.0,48.8,63.7,,,30.24,,,,,,,,,,,,,
In home  (w/display),Temp & Humidity Sensor,2020/12/11 12:30 AM,64.9,56.0,48.8,63.7,,,30.25,,,,,,,,,,,,,
In home  (w/display),Temp & Humidity Sensor,2020/12/11 12:35 AM,64.9,56.0,48.8,63.7,,,30.24,,,,,,,,,,,,,
In home  (w/display),Temp & Humidity Sensor,2020/12/11 12:40 AM,64.9,56.0,48.8,63.7,,,30.24,,,,,,,,,,,,,
In home  (w/display),Temp & Humidity Sensor,2020/12/11 12:45 AM,64.9,56.0,48.8,63.7,,,30.24,,,,,,,,,,,,,
In home  (w/display),Temp & Humidity Sensor,2020/12/11 12:50 AM,64.7,56.0,48.6,63.5,,,30.24,,,,,,,,,,,,,
In home  (w/display),Temp & Humidity Sensor,2020/12/11 12:55 AM,64.7,56.0,48.6,63.5,,,30.24,,,,,,,,,,,,,
In home  (w/display),Temp & Humidity Sensor,2020/12/11 1:00 AM,64.5,56.0,48.4,63.3,,,30.23,,,,,,,,,,,,,
In home  (w/display),Temp & Humidity Sensor,2020/12/11 1:05 AM,64.5,56.0,48.4,63.3,,,30.23,,,,,,,,,,,,,
In home  (w/display),Temp & Humidity Sensor,2020/12/11 1:10 AM,64.5,56.0,48.4,63.3,,,30.23,,,,,,,,,,,,,
In home  (w/display),Temp & Humidity Sensor,2020/12/11 1:15 AM,64.5,56.0,48.4,63.3,,,30.23,,,,,,,,,,,,,
In home  (w/display),Temp & Humidity Sensor,2020/12/11 1:20 AM,64.5,56.0,48.4,63.3,,,30.23,,,,,,,,,,,,,
In home  (w/display),Temp & Humidity Sensor,2020/12/11 1:25 AM,64.4,56.0,48.4,63.2,,,30.23,,,,,,,,,,,,,
In home  (w/display),Temp & Humidity Sensor,2020/12/11 1:30 AM,64.4,56.0,48.4,63.2,,,30.23,,,,,,,,,,,,,
In home  (w/display),Temp & Humidity Sensor,2020/12/11 1:35 AM,64.2,56.0,48.2,63.0,,,30.23,,,,,,,,,,,,,
In home  (w/display),Temp & Humidity Sensor,2020/12/11 1:40 AM,64.4,56.0,48.4,63.2,,,30.22,,,,,,,,,,,,,
In home  (w/display),Temp & Humidity Sensor,2020/12/11 1:45 AM,64.2,56.0,48.2,63.0,,,30.23,,,,,,,,,,,,,
In home  (w/display),Temp & Humidity Sensor,2020/12/11 1:50 AM,64.2,56.0,48.2,63.0,,,30.23,,,,,,,,,,,,,
In home  (w/display),Temp & Humidity Sensor,2020/12/11 1:55 AM,64.2,56.0,48.2,63.0,,,30.23,,,,,,,,,,,,,
In home  (w/display),Temp & Humidity Sensor,2020/12/11 2:00 AM,64.2,56.0,48.2,63.0,,,30.23,,,,,,,,,,,,,
In home  (w/display),Temp & Humidity Sensor,2020/12/11 2:05 AM,64.2,56.0,48.2,63.0,,,30.23,,,,,,,,,,,,,
In home  (w/display),Temp & Humidity Sensor,2020/12/11 2:10 AM,64.0,56.0,48.0,62.7,,,30.23,,,,,,,,,,,,,
In home  (w/display),Temp & Humidity Sensor,2020/12/11 2:15 AM,64.0,56.0,48.0,62.7,,,30.23,,,,,,,,,,,,,
In home  (w/display),Temp & Humidity Sensor,2020/12/11 2:20 AM,64.0,56.0,48.0,62.7,,,30.23,,,,,,,,,,,,,
In home  (w/display),Temp & Humidity Sensor,2020/12/11 2:25 AM,64.0,56.0,48.0,62.7,,,30.23,,,,,,,,,,,,,
In home  (w/display),Temp & Humidity Sensor,2020/12/11 2:30 AM,63.8,56.0,47.8,62.5,,,30.23,,,,,,,,,,,,,
In home  (w/display),Temp & Humidity Sensor,2020/12/11 2:35 AM,63.8,56.0,47.8,62.5,,,30.23,,,,,,,,,,,,,
In home  (w/display),Temp & Humidity Sensor,2020/12/11 2:40 AM,63.8,56.0,47.8,62.5,,,30.23,,,,,,,,,,,,,
In home  (w/display),Temp & Humidity Sensor,2020/12/11 2:45 AM,63.6,56.0,47.6,62.3,,,30.23,,,,,,,,,,,,,
In home  (w/display),Temp & Humidity Sensor,2020/12/11 2:50 AM,63.6,56.0,47.6,62.3,,,30.23,,,,,,,,,,,,,
In home  (w/display),Temp & Humidity Sensor,2020/12/11 2:55 AM,63.6,56.0,47.6,62.3,,,30.23,,,,,,,,,,,,,
In home  (w/display),Temp & Humidity Sensor,2020/12/11 3:00 AM,63.6,56.0,47.6,62.3,,,30.23,,,,,,,,,,,,,
In home  (w/display),Temp & Humidity Sensor,2020/12/11 3:05 AM,63.6,56.0,47.6,62.3,,,30.23,,,,,,,,,,,,,
In home  (w/display),Temp & Humidity Sensor,2020/12/11 3:10 AM,63.5,56.0,47.5,62.2,,,30.23,,,,,,,,,,,,,
In home  (w/display),Temp & Humidity Sensor,2020/12/11 3:15 AM,63.6,56.0,47.6,62.3,,,30.23,,,,,,,,,,,,,
In home  (w/display),Temp & Humidity Sensor,2020/12/11 3:20 AM,63.5,56.0,47.5,62.2,,,30.24,,,,,,,,,,,,,
In home  (w/display),Temp & Humidity Sensor,2020/12/11 3:25 AM,63.5,56.0,47.5,62.2,,,30.24,,,,,,,,,,,,,
In home  (w/display),Temp & Humidity Sensor,2020/12/11 3:30 AM,63.5,56.0,47.5,62.2,,,30.24,,,,,,,,,,,,,
In home  (w/display),Temp & Humidity Sensor,2020/12/11 3:35 AM,63.5,56.0,47.5,62.2,,,30.23,,,,,,,,,,,,,
In home  (w/display),Temp & Humidity Sensor,2020/12/11 3:40 AM,63.5,56.0,47.5,62.2,,,30.23,,,,,,,,,,,,,
In home  (w/display),Temp & Humidity Sensor,2020/12/11 3:45 AM,63.3,57.0,47.8,62.0,,,30.23,,,,,,,,,,,,,
In home  (w/display),Temp & Humidity Sensor,2020/12/11 3:50 AM,63.3,57.0,47.8,62.0,,,30.23,,,,,,,,,,,,,
In home  (w/display),Temp & Humidity Sensor,2020/12/11 3:55 AM,63.1,57.0,47.6,61.8,,,30.23,,,,,,,,,,,,,
In home  (w/display),Temp & Humidity Sensor,2020/12/11 4:00 AM,63.1,57.0,47.6,61.8,,,30.24,,,,,,,,,,,,,
In home  (w/display),Temp & Humidity Sensor,2020/12/11 4:05 AM,63.1,57.0,47.6,61.8,,,30.24,,,,,,,,,,,,,
In home  (w/display),Temp & Humidity Sensor,2020/12/11 4:10 AM,63.1,57.0,47.6,61.8,,,30.24,,,,,,,,,,,,,
In home  (w/display),Temp & Humidity Sensor,2020/12/11 4:15 AM,63.1,57.0,47.6,61.8,,,30.24,,,,,,,,,,,,,
In home  (w/display),Temp & Humidity Sensor,2020/12/11 4:20 AM,63.1,57.0,47.6,61.8,,,30.24,,,,,,,,,,,,,
In home  (w/display),Temp & Humidity Sensor,2020/12/11 4:25 AM,62.7,57.0,47.2,61.3,,,30.24,,,,,,,,,,,,,
In home  (w/display),Temp & Humidity Sensor,2020/12/11 4:30 AM,62.9,57.0,47.4,61.6,,,30.24,,,,,,,,,,,,,
In home  (w/display),Temp & Humidity Sensor,2020/12/11 4:35 AM,62.9,57.0,47.4,61.6,,,30.24,,,,,,,,,,,,,
In home  (w/display),Temp & Humidity Sensor,2020/12/11 4:40 AM,62.7,57.0,47.2,61.3,,,30.24,,,,,,,,,,,,,
In home  (w/display),Temp & Humidity Sensor,2020/12/11 4:45 AM,62.9,57.0,47.4,61.6,,,30.24,,,,,,,,,,,,,
In home  (w/display),Temp & Humidity Sensor,2020/12/11 4:50 AM,63.1,57.0,47.6,61.8,,,30.24,,,,,,,,,,,,,
In home  (w/display),Temp & Humidity Sensor,2020/12/11 4:55 AM,63.6,56.0,47.6,62.3,,,30.23,,,,,,,,,,,,,
In home  (w/display),Temp & Humidity Sensor,2020/12/11 5:00 AM,64.0,56.0,48.0,62.7,,,30.24,,,,,,,,,,,,,
In home  (w/display),Temp & Humidity Sensor,2020/12/11 5:05 AM,64.4,56.0,48.4,63.2,,,30.24,,,,,,,,,,,,,
In home  (w/display),Temp & Humidity Sensor,2020/12/11 5:10 AM,64.7,56.0,48.6,63.5,,,30.24,,,,,,,,,,,,,
In home  (w/display),Temp & Humidity Sensor,2020/12/11 5:15 AM,64.9,56.0,48.8,63.7,,,30.24,,,,,,,,,,,,,
In home  (w/display),Temp & Humidity Sensor,2020/12/11 5:20 AM,65.3,55.0,48.7,64.1,,,30.24,,,,,,,,,,,,,
In home  (w/display),Temp & Humidity Sensor,2020/12/11 5:25 AM,65.3,55.0,48.7,64.1,,,30.24,,,,,,,,,,,,,
In home  (w/display),Temp & Humidity Sensor,2020/12/11 5:30 AM,65.4,55.0,48.8,64.2,,,30.24,,,,,,,,,,,,,
In home  (w/display),Temp & Humidity Sensor,2020/12/11 5:35 AM,65.4,55.0,48.8,64.2,,,30.24,,,,,,,,,,,,,
In home  (w/display),Temp & Humidity Sensor,2020/12/11 5:40 AM,65.4,55.0,48.8,64.2,,,30.24,,,,,,,,,,,,,
In home  (w/display),Temp & Humidity Sensor,2020/12/11 5:45 AM,65.4,55.0,48.8,64.2,,,30.24,,,,,,,,,,,,,
In home  (w/display),Temp & Humidity Sensor,2020/12/11 5:50 AM,65.4,55.0,48.8,64.2,,,30.25,,,,,,,,,,,,,
In home  (w/display),Temp & Humidity Sensor,2020/12/11 5:55 AM,65.6,55.0,49.0,64.4,,,30.24,,,,,,,,,,,,,
In home  (w/display),Temp & Humidity Sensor,2020/12/11 6:00 AM,66.0,55.0,49.4,64.9,,,30.24,,,,,,,,,,,,,
In home  (w/display),Temp & Humidity Sensor,2020/12/11 6:05 AM,66.3,54.0,49.1,65.2,,,30.24,,,,,,,,,,,,,
In home  (w/display),Temp & Humidity Sensor,2020/12/11 6:10 AM,66.3,54.0,49.1,65.2,,,30.24,,,,,,,,,,,,,
In home  (w/display),Temp & Humidity Sensor,2020/12/11 6:15 AM,66.3,54.0,49.1,65.2,,,30.24,,,,,,,,,,,,,
In home  (w/display),Temp & Humidity Sensor,2020/12/11 6:20 AM,66.2,54.0,49.1,65.1,,,30.24,,,,,,,,,,,,,
In home  (w/display),Temp & Humidity Sensor,2020/12/11 6:25 AM,66.3,54.0,49.1,65.2,,,30.24,,,,,,,,,,,,,
In home  (w/display),Temp & Humidity Sensor,2020/12/11 6:30 AM,66.5,54.0,49.3,65.4,,,30.24,,,,,,,,,,,,,
In home  (w/display),Temp & Humidity Sensor,2020/12/11 6:35 AM,66.7,54.0,49.5,65.6,,,30.24,,,,,,,,,,,,,
In home  (w/display),Temp & Humidity Sensor,2020/12/11 6:40 AM,66.7,54.0,49.5,65.6,,,30.24,,,,,,,,,,,,,
In home  (w/display),Temp & Humidity Sensor,2020/12/11 6:45 AM,66.9,54.0,49.7,65.8,,,30.24,,,,,,,,,,,,,
In home  (w/display),Temp & Humidity Sensor,2020/12/11 6:50 AM,66.9,54.0,49.7,65.8,,,30.25,,,,,,,,,,,,,
In home  (w/display),Temp & Humidity Sensor,2020/12/11 6:55 AM,66.9,54.0,49.7,65.8,,,30.25,,,,,,,,,,,,,
In home  (w/display),Temp & Humidity Sensor,2020/12/11 7:00 AM,66.7,54.0,49.5,65.6,,,30.25,,,,,,,,,,,,,
In home  (w/display),Temp & Humidity Sensor,2020/12/11 7:05 AM,66.5,54.0,49.3,65.4,,,30.25,,,,,,,,,,,,,
In home  (w/display),Temp & Humidity Sensor,2020/12/11 7:10 AM,66.7,54.0,49.5,65.6,,,30.25,,,,,,,,,,,,,
In home  (w/display),Temp & Humidity Sensor,2020/12/11 7:15 AM,66.7,54.0,49.5,65.6,,,30.25,,,,,,,,,,,,,
In home  (w/display),Temp & Humidity Sensor,2020/12/11 7:20 AM,67.1,54.0,49.9,66.0,,,30.25,,,,,,,,,,,,,
In home  (w/display),Temp & Humidity Sensor,2020/12/11 7:25 AM,67.2,54.0,50.0,66.2,,,30.25,,,,,,,,,,,,,
In home  (w/display),Temp & Humidity Sensor,2020/12/11 7:30 AM,67.2,54.0,50.0,66.2,,,30.25,,,,,,,,,,,,,
In home  (w/display),Temp & Humidity Sensor,2020/12/11 7:35 AM,67.2,54.0,50.0,66.2,,,30.26,,,,,,,,,,,,,
In home  (w/display),Temp & Humidity Sensor,2020/12/11 7:40 AM,67.2,54.0,50.0,66.2,,,30.26,,,,,,,,,,,,,
In home  (w/display),Temp & Humidity Sensor,2020/12/11 7:45 AM,67.4,54.0,50.2,66.4,,,30.26,,,,,,,,,,,,,
In home  (w/display),Temp & Humidity Sensor,2020/12/11 7:50 AM,67.6,54.0,50.4,66.6,,,30.26,,,,,,,,,,,,,
In home  (w/display),Temp & Humidity Sensor,2020/12/11 7:55 AM,67.2,53.0,49.5,66.1,,,30.26,,,,,,,,,,,,,
In home  (w/display),Temp & Humidity Sensor,2020/12/11 8:00 AM,67.2,54.0,50.0,66.2,,,30.26,,,,,,,,,,,,,
In home  (w/display),Temp & Humidity Sensor,2020/12/11 8:05 AM,67.2,54.0,50.0,66.2,,,30.26,,,,,,,,,,,,,
In home  (w/display),Temp & Humidity Sensor,2020/12/11 8:10 AM,67.2,54.0,50.0,66.2,,,30.27,,,,,,,,,,,,,
In home  (w/display),Temp & Humidity Sensor,2020/12/11 8:15 AM,67.1,54.0,49.9,66.0,,,30.27,,,,,,,,,,,,,
In home  (w/display),Temp & Humidity Sensor,2020/12/11 8:20 AM,66.9,54.0,49.7,65.8,,,30.27,,,,,,,,,,,,,
In home  (w/display),Temp & Humidity Sensor,2020/12/11 8:25 AM,66.7,54.0,49.5,65.6,,,30.27,,,,,,,,,,,,,
In home  (w/display),Temp & Humidity Sensor,2020/12/11 8:30 AM,66.5,54.0,49.3,65.4,,,30.27,,,,,,,,,,,,,
In home  (w/display),Temp & Humidity Sensor,2020/12/11 8:35 AM,66.5,54.0,49.3,65.4,,,30.27,,,,,,,,,,,,,
In home  (w/display),Temp & Humidity Sensor,2020/12/11 8:40 AM,66.2,54.0,49.1,65.1,,,30.27,,,,,,,,,,,,,
In home  (w/display),Temp & Humidity Sensor,2020/12/11 8:45 AM,66.3,54.0,49.1,65.2,,,30.27,,,,,,,,,,,,,
In home  (w/display),Temp & Humidity Sensor,2020/12/11 8:50 AM,66.3,54.0,49.1,65.2,,,30.28,,,,,,,,,,,,,
In home  (w/display),Temp & Humidity Sensor,2020/12/11 8:55 AM,66.3,54.0,49.1,65.2,,,30.28,,,,,,,,,,,,,
In home  (w/display),Temp & Humidity Sensor,2020/12/11 9:00 AM,66.3,54.0,49.1,65.2,,,30.28,,,,,,,,,,,,,
In home  (w/display),Temp & Humidity Sensor,2020/12/11 9:05 AM,66.0,55.0,49.4,64.9,,,30.28,,,,,,,,,,,,,
In home  (w/display),Temp & Humidity Sensor,2020/12/11 9:10 AM,66.0,55.0,49.4,64.9,,,30.28,,,,,,,,,,,,,
In home  (w/display),Temp & Humidity Sensor,2020/12/11 9:15 AM,66.2,54.0,49.1,65.1,,,30.28,,,,,,,,,,,,,
In home  (w/display),Temp & Humidity Sensor,2020/12/11 9:20 AM,66.3,54.0,49.1,65.2,,,30.28,,,,,,,,,,,,,
In home  (w/display),Temp & Humidity Sensor,2020/12/11 9:25 AM,66.2,54.0,49.1,65.1,,,30.28,,,,,,,,,,,,,
In home  (w/display),Temp & Humidity Sensor,2020/12/11 9:30 AM,66.0,55.0,49.4,64.9,,,30.28,,,,,,,,,,,,,
In home  (w/display),Temp & Humidity Sensor,2020/12/11 9:35 AM,66.0,55.0,49.4,64.9,,,30.28,,,,,,,,,,,,,
In home  (w/display),Temp & Humidity Sensor,2020/12/11 9:40 AM,66.0,55.0,49.4,64.9,,,30.28,,,,,,,,,,,,,
In home  (w/display),Temp & Humidity Sensor,2020/12/11 9:45 AM,66.2,54.0,49.1,65.1,,,30.28,,,,,,,,,,,,,
In home  (w/display),Temp & Humidity Sensor,2020/12/11 9:50 AM,66.0,55.0,49.4,64.9,,,30.28,,,,,,,,,,,,,
In home  (w/display),Temp & Humidity Sensor,2020/12/11 9:55 AM,66.0,55.0,49.4,64.9,,,30.28,,,,,,,,,,,,,
In home  (w/display),Temp & Humidity Sensor,2020/12/11 10:00 AM,65.8,55.0,49.2,64.7,,,30.28,,,,,,,,,,,,,
In home  (w/display),Temp & Humidity Sensor,2020/12/11 10:05 AM,66.3,54.0,49.1,65.2,,,30.28,,,,,,,,,,,,,
In home  (w/display),Temp & Humidity Sensor,2020/12/11 10:10 AM,66.2,54.0,49.1,65.1,,,30.28,,,,,,,,,,,,,
In home  (w/display),Temp & Humidity Sensor,2020/12/11 10:15 AM,66.2,54.0,49.1,65.1,,,30.28,,,,,,,,,,,,,
In home  (w/display),Temp & Humidity Sensor,2020/12/11 10:20 AM,66.0,55.0,49.4,64.9,,,30.27,,,,,,,,,,,,,
In home  (w/display),Temp & Humidity Sensor,2020/12/11 10:25 AM,66.2,54.0,49.1,65.1,,,30.27,,,,,,,,,,,,,
In home  (w/display),Temp & Humidity Sensor,2020/12/11 10:30 AM,66.3,54.0,49.1,65.2,,,30.27,,,,,,,,,,,,,
In home  (w/display),Temp & Humidity Sensor,2020/12/11 10:35 AM,66.3,54.0,49.1,65.2,,,30.27,,,,,,,,,,,,,
In home  (w/display),Temp & Humidity Sensor,2020/12/11 10:40 AM,66.3,54.0,49.1,65.2,,,30.27,,,,,,,,,,,,,
In home  (w/display),Temp & Humidity Sensor,2020/12/11 10:45 AM,66.0,55.0,49.4,64.9,,,30.27,,,,,,,,,,,,,
In home  (w/display),Temp & Humidity Sensor,2020/12/11 10:50 AM,66.0,55.0,49.4,64.9,,,30.27,,,,,,,,,,,,,
In home  (w/display),Temp & Humidity Sensor,2020/12/11 10:55 AM,66.3,54.0,49.1,65.2,,,30.27,,,,,,,,,,,,,
In home  (w/display),Temp & Humidity Sensor,2020/12/11 11:00 AM,66.3,54.0,49.1,65.2,,,30.26,,,,,,,,,,,,,
In home  (w/display),Temp & Humidity Sensor,2020/12/11 11:05 AM,66.2,54.0,49.1,65.1,,,30.26,,,,,,,,,,,,,
In home  (w/display),Temp & Humidity Sensor,2020/12/11 11:10 AM,66.0,55.0,49.4,64.9,,,30.26,,,,,,,,,,,,,
In home  (w/display),Temp & Humidity Sensor,2020/12/11 11:15 AM,66.0,55.0,49.4,64.9,,,30.26,,,,,,,,,,,,,
In home  (w/display),Temp & Humidity Sensor,2020/12/11 11:20 AM,66.3,54.0,49.1,65.2,,,30.25,,,,,,,,,,,,,
In home  (w/display),Temp & Humidity Sensor,2020/12/11 11:25 AM,66.3,54.0,49.1,65.2,,,30.25,,,,,,,,,,,,,
In home  (w/display),Temp & Humidity Sensor,2020/12/11 11:30 AM,66.3,54.0,49.1,65.2,,,30.25,,,,,,,,,,,,,
In home  (w/display),Temp & Humidity Sensor,2020/12/11 11:35 AM,66.2,54.0,49.1,65.1,,,30.24,,,,,,,,,,,,,
In home  (w/display),Temp & Humidity Sensor,2020/12/11 11:40 AM,66.0,55.0,49.4,64.9,,,30.24,,,,,,,,,,,,,
In home  (w/display),Temp & Humidity Sensor,2020/12/11 11:45 AM,66.0,55.0,49.4,64.9,,,30.24,,,,,,,,,,,,,
In home  (w/display),Temp & Humidity Sensor,2020/12/11 11:50 AM,66.3,54.0,49.1,65.2,,,30.23,,,,,,,,,,,,,
In home  (w/display),Temp & Humidity Sensor,2020/12/11 11:55 AM,66.3,54.0,49.1,65.2,,,30.23,,,,,,,,,,,,,
In home  (w/display),Temp & Humidity Sensor,2020/12/11 12:00 PM,66.3,54.0,49.1,65.2,,,30.22,,,,,,,,,,,,,
In home  (w/display),Temp & Humidity Sensor,2020/12/11 12:05 PM,66.2,54.0,49.1,65.1,,,30.22,,,,,,,,,,,,,
In home  (w/display),Temp & Humidity Sensor,2020/12/11 12:10 PM,66.0,55.0,49.4,64.9,,,30.22,,,,,,,,,,,,,
In home  (w/display),Temp & Humidity Sensor,2020/12/11 12:15 PM,66.0,55.0,49.4,64.9,,,30.21,,,,,,,,,,,,,
In home  (w/display),Temp & Humidity Sensor,2020/12/11 12:20 PM,66.0,55.0,49.4,64.9,,,30.21,,,,,,,,,,,,,
In home  (w/display),Temp & Humidity Sensor,2020/12/11 12:25 PM,65.8,55.0,49.2,64.7,,,30.2,,,,,,,,,,,,,
In home  (w/display),Temp & Humidity Sensor,2020/12/11 12:30 PM,65.8,55.0,49.2,64.7,,,30.2,,,,,,,,,,,,,
In home  (w/display),Temp & Humidity Sensor,2020/12/11 12:35 PM,65.8,55.0,49.2,64.7,,,30.2,,,,,,,,,,,,,
In home  (w/display),Temp & Humidity Sensor,2020/12/11 12:40 PM,65.8,55.0,49.2,64.7,,,30.2,,,,,,,,,,,,,
In home  (w/display),Temp & Humidity Sensor,2020/12/11 12:45 PM,65.8,56.0,49.7,64.7,,,30.19,,,,,,,,,,,,,
In home  (w/display),Temp & Humidity Sensor,2020/12/11 12:50 PM,66.0,55.0,49.4,64.9,,,30.19,,,,,,,,,,,,,
In home  (w/display),Temp & Humidity Sensor,2020/12/11 12:55 PM,66.0,55.0,49.4,64.9,,,30.19,,,,,,,,,,,,,
In home  (w/display),Temp & Humidity Sensor,2020/12/11 1:00 PM,66.0,55.0,49.4,64.9,,,30.19,,,,,,,,,,,,,
In home  (w/display),Temp & Humidity Sensor,2020/12/11 1:05 PM,65.8,55.0,49.2,64.7,,,30.19,,,,,,,,,,,,,
In home  (w/display),Temp & Humidity Sensor,2020/12/11 1:10 PM,65.8,55.0,49.2,64.7,,,30.18,,,,,,,,,,,,,
In home  (w/display),Temp & Humidity Sensor,2020/12/11 1:15 PM,65.8,55.0,49.2,64.7,,,30.18,,,,,,,,,,,,,
In home  (w/display),Temp & Humidity Sensor,2020/12/11 1:20 PM,65.8,56.0,49.7,64.7,,,30.18,,,,,,,,,,,,,
In home  (w/display),Temp & Humidity Sensor,2020/12/11 1:25 PM,65.6,56.0,49.5,64.5,,,30.17,,,,,,,,,,,,,
In home  (w/display),Temp & Humidity Sensor,2020/12/11 1:30 PM,65.6,56.0,49.5,64.5,,,30.17,,,,,,,,,,,,,
In home  (w/display),Temp & Humidity Sensor,2020/12/11 1:35 PM,65.6,56.0,49.5,64.5,,,30.16,,,,,,,,,,,,,
In home  (w/display),Temp & Humidity Sensor,2020/12/11 1:40 PM,65.4,56.0,49.3,64.3,,,30.16,,,,,,,,,,,,,
In home  (w/display),Temp & Humidity Sensor,2020/12/11 1:45 PM,65.4,56.0,49.3,64.3,,,30.16,,,,,,,,,,,,,
In home  (w/display),Temp & Humidity Sensor,2020/12/11 1:50 PM,65.4,56.0,49.3,64.3,,,30.16,,,,,,,,,,,,,
In home  (w/display),Temp & Humidity Sensor,2020/12/11 1:55 PM,65.4,56.0,49.3,64.3,,,30.16,,,,,,,,,,,,,
In home  (w/display),Temp & Humidity Sensor,2020/12/11 2:00 PM,65.4,56.0,49.3,64.3,,,30.16,,,,,,,,,,,,,
In home  (w/display),Temp & Humidity Sensor,2020/12/11 2:05 PM,65.4,56.0,49.3,64.3,,,30.16,,,,,,,,,,,,,
In home  (w/display),Temp & Humidity Sensor,2020/12/11 2:10 PM,65.8,56.0,49.7,64.7,,,30.16,,,,,,,,,,,,,
In home  (w/display),Temp & Humidity Sensor,2020/12/11 2:15 PM,66.0,56.0,49.8,64.9,,,30.16,,,,,,,,,,,,,
In home  (w/display),Temp & Humidity Sensor,2020/12/11 2:20 PM,66.0,56.0,49.8,64.9,,,30.16,,,,,,,,,,,,,
In home  (w/display),Temp & Humidity Sensor,2020/12/11 2:25 PM,65.8,56.0,49.7,64.7,,,30.15,,,,,,,,,,,,,
In home  (w/display),Temp & Humidity Sensor,2020/12/11 2:30 PM,65.8,56.0,49.7,64.7,,,30.15,,,,,,,,,,,,,
In home  (w/display),Temp & Humidity Sensor,2020/12/11 2:35 PM,65.8,56.0,49.7,64.7,,,30.15,,,,,,,,,,,,,
In home  (w/display),Temp & Humidity Sensor,2020/12/11 2:40 PM,65.8,56.0,49.7,64.7,,,30.15,,,,,,,,,,,,,
In home  (w/display),Temp & Humidity Sensor,2020/12/11 2:45 PM,65.6,56.0,49.5,64.5,,,30.15,,,,,,,,,,,,,
In home  (w/display),Temp & Humidity Sensor,2020/12/11 2:50 PM,65.6,56.0,49.5,64.5,,,30.15,,,,,,,,,,,,,
In home  (w/display),Temp & Humidity Sensor,2020/12/11 2:55 PM,65.8,56.0,49.7,64.7,,,30.15,,,,,,,,,,,,,
In home  (w/display),Temp & Humidity Sensor,2020/12/11 3:00 PM,65.8,56.0,49.7,64.7,,,30.15,,,,,,,,,,,,,
In home  (w/display),Temp & Humidity Sensor,2020/12/11 3:05 PM,65.8,56.0,49.7,64.7,,,30.15,,,,,,,,,,,,,
In home  (w/display),Temp & Humidity Sensor,2020/12/11 3:10 PM,65.8,56.0,49.7,64.7,,,30.15,,,,,,,,,,,,,
In home  (w/display),Temp & Humidity Sensor,2020/12/11 3:15 PM,65.8,56.0,49.7,64.7,,,30.15,,,,,,,,,,,,,
In home  (w/display),Temp & Humidity Sensor,2020/12/11 3:20 PM,65.8,56.0,49.7,64.7,,,30.15,,,,,,,,,,,,,
In home  (w/display),Temp & Humidity Sensor,2020/12/11 3:25 PM,65.8,56.0,49.7,64.7,,,30.15,,,,,,,,,,,,,
In home  (w/display),Temp & Humidity Sensor,2020/12/11 3:30 PM,65.8,56.0,49.7,64.7,,,30.15,,,,,,,,,,,,,
In home  (w/display),Temp & Humidity Sensor,2020/12/11 3:35 PM,65.8,56.0,49.7,64.7,,,30.15,,,,,,,,,,,,,
In home  (w/display),Temp & Humidity Sensor,2020/12/11 3:40 PM,65.8,56.0,49.7,64.7,,,30.15,,,,,,,,,,,,,
In home  (w/display),Temp & Humidity Sensor,2020/12/11 3:45 PM,65.8,56.0,49.7,64.7,,,30.15,,,,,,,,,,,,,
In home  (w/display),Temp & Humidity Sensor,2020/12/11 3:50 PM,65.8,56.0,49.7,64.7,,,30.15,,,,,,,,,,,,,
In home  (w/display),Temp & Humidity Sensor,2020/12/11 3:55 PM,65.8,56.0,49.7,64.7,,,30.15,,,,,,,,,,,,,
In home  (w/display),Temp & Humidity Sensor,2020/12/11 4:00 PM,65.8,56.0,49.7,64.7,,,30.15,,,,,,,,,,,,,
In home  (w/display),Temp & Humidity Sensor,2020/12/11 4:05 PM,65.6,56.0,49.5,64.5,,,30.15,,,,,,,,,,,,,
In home  (w/display),Temp & Humidity Sensor,2020/12/11 4:10 PM,65.6,56.0,49.5,64.5,,,30.16,,,,,,,,,,,,,
In home  (w/display),Temp & Humidity Sensor,2020/12/11 4:15 PM,65.6,56.0,49.5,64.5,,,30.16,,,,,,,,,,,,,
In home  (w/display),Temp & Humidity Sensor,2020/12/11 4:20 PM,65.6,56.0,49.5,64.5,,,30.16,,,,,,,,,,,,,
In home  (w/display),Temp & Humidity Sensor,2020/12/11 4:25 PM,65.4,56.0,49.3,64.3,,,30.16,,,,,,,,,,,,,
In home  (w/display),Temp & Humidity Sensor,2020/12/11 4:35 PM,65.4,56.0,49.3,64.3,,,30.16,,,,,,,,,,,,,
In home  (w/display),Temp & Humidity Sensor,2020/12/11 4:40 PM,65.4,56.0,49.3,64.3,,,30.16,,,,,,,,,,,,,
In home  (w/display),Temp & Humidity Sensor,2020/12/11 4:45 PM,65.4,56.0,49.3,64.3,,,30.16,,,,,,,,,,,,,
In home  (w/display),Temp & Humidity Sensor,2020/12/11 4:50 PM,65.4,56.0,49.3,64.3,,,30.16,,,,,,,,,,,,,
In home  (w/display),Temp & Humidity Sensor,2020/12/11 4:55 PM,65.4,56.0,49.3,64.3,,,30.16,,,,,,,,,,,,,
In home  (w/display),Temp & Humidity Sensor,2020/12/11 5:00 PM,65.4,56.0,49.3,64.3,,,30.16,,,,,,,,,,,,,
In home  (w/display),Temp & Humidity Sensor,2020/12/11 5:05 PM,65.4,56.0,49.3,64.3,,,30.16,,,,,,,,,,,,,
In home  (w/display),Temp & Humidity Sensor,2020/12/11 5:10 PM,65.4,56.0,49.3,64.3,,,30.16,,,,,,,,,,,,,
In home  (w/display),Temp & Humidity Sensor,2020/12/11 5:15 PM,65.4,57.0,49.8,64.3,,,30.16,,,,,,,,,,,,,
In home  (w/display),Temp & Humidity Sensor,2020/12/11 5:20 PM,65.4,57.0,49.8,64.3,,,30.16,,,,,,,,,,,,,
In home  (w/display),Temp & Humidity Sensor,2020/12/11 5:25 PM,65.4,57.0,49.8,64.3,,,30.17,,,,,,,,,,,,,
In home  (w/display),Temp & Humidity Sensor,2020/12/11 5:30 PM,65.4,57.0,49.8,64.3,,,30.16,,,,,,,,,,,,,
In home  (w/display),Temp & Humidity Sensor,2020/12/11 5:35 PM,65.4,57.0,49.8,64.3,,,30.16,,,,,,,,,,,,,
In home  (w/display),Temp & Humidity Sensor,2020/12/11 5:40 PM,65.4,57.0,49.8,64.3,,,30.16,,,,,,,,,,,,,
In home  (w/display),Temp & Humidity Sensor,2020/12/11 5:45 PM,65.3,57.0,49.7,64.2,,,30.16,,,,,,,,,,,,,
In home  (w/display),Temp & Humidity Sensor,2020/12/11 5:50 PM,65.4,57.0,49.8,64.3,,,30.16,,,,,,,,,,,,,
In home  (w/display),Temp & Humidity Sensor,2020/12/11 5:55 PM,65.4,57.0,49.8,64.3,,,30.16,,,,,,,,,,,,,
In home  (w/display),Temp & Humidity Sensor,2020/12/11 6:00 PM,65.4,57.0,49.8,64.3,,,30.16,,,,,,,,,,,,,
In home  (w/display),Temp & Humidity Sensor,2020/12/11 6:05 PM,65.4,57.0,49.8,64.3,,,30.16,,,,,,,,,,,,,
In home  (w/display),Temp & Humidity Sensor,2020/12/11 6:10 PM,65.4,57.0,49.8,64.3,,,30.16,,,,,,,,,,,,,
In home  (w/display),Temp & Humidity Sensor,2020/12/11 6:15 PM,65.4,57.0,49.8,64.3,,,30.16,,,,,,,,,,,,,
In home  (w/display),Temp & Humidity Sensor,2020/12/11 6:20 PM,65.6,57.0,49.9,64.5,,,30.16,,,,,,,,,,,,,
In home  (w/display),Temp & Humidity Sensor,2020/12/11 6:25 PM,65.6,57.0,49.9,64.5,,,30.16,,,,,,,,,,,,,
In home  (w/display),Temp & Humidity Sensor,2020/12/11 6:30 PM,65.6,57.0,49.9,64.5,,,30.16,,,,,,,,,,,,,
In home  (w/display),Temp & Humidity Sensor,2020/12/11 6:35 PM,65.6,57.0,49.9,64.5,,,30.16,,,,,,,,,,,,,
In home  (w/display),Temp & Humidity Sensor,2020/12/11 6:40 PM,65.8,57.0,50.1,64.8,,,30.16,,,,,,,,,,,,,
In home  (w/display),Temp & Humidity Sensor,2020/12/11 6:45 PM,65.8,57.0,50.1,64.8,,,30.17,,,,,,,,,,,,,
In home  (w/display),Temp & Humidity Sensor,2020/12/11 6:50 PM,66.0,57.0,50.3,65.0,,,30.16,,,,,,,,,,,,,
In home  (w/display),Temp & Humidity Sensor,2020/12/11 6:55 PM,66.7,56.0,50.5,65.7,,,30.16,,,,,,,,,,,,,
In home  (w/display),Temp & Humidity Sensor,2020/12/11 7:00 PM,66.7,56.0,50.5,65.7,,,30.17,,,,,,,,,,,,,
In home  (w/display),Temp & Humidity Sensor,2020/12/11 7:05 PM,66.7,56.0,50.5,65.7,,,30.17,,,,,,,,,,,,,
In home  (w/display),Temp & Humidity Sensor,2020/12/11 7:10 PM,66.7,56.0,50.5,65.7,,,30.17,,,,,,,,,,,,,
In home  (w/display),Temp & Humidity Sensor,2020/12/11 7:15 PM,66.5,56.0,50.3,65.5,,,30.17,,,,,,,,,,,,,
In home  (w/display),Temp & Humidity Sensor,2020/12/11 7:20 PM,66.7,56.0,50.5,65.7,,,30.18,,,,,,,,,,,,,
In home  (w/display),Temp & Humidity Sensor,2020/12/11 7:25 PM,66.9,56.0,50.7,65.9,,,30.17,,,,,,,,,,,,,
In home  (w/display),Temp & Humidity Sensor,2020/12/11 7:30 PM,67.1,55.0,50.4,66.1,,,30.17,,,,,,,,,,,,,
In home  (w/display),Temp & Humidity Sensor,2020/12/11 7:35 PM,66.9,55.0,50.2,65.9,,,30.17,,,,,,,,,,,,,
In home  (w/display),Temp & Humidity Sensor,2020/12/11 7:40 PM,66.7,55.0,50.0,65.7,,,30.18,,,,,,,,,,,,,
In home  (w/display),Temp & Humidity Sensor,2020/12/11 7:45 PM,66.7,55.0,50.0,65.7,,,30.17,,,,,,,,,,,,,
In home  (w/display),Temp & Humidity Sensor,2020/12/11 7:50 PM,66.7,55.0,50.0,65.7,,,30.17,,,,,,,,,,,,,
In home  (w/display),Temp & Humidity Sensor,2020/12/11 7:55 PM,66.9,55.0,50.2,65.9,,,30.17,,,,,,,,,,,,,
In home  (w/display),Temp & Humidity Sensor,2020/12/11 8:00 PM,67.1,56.0,50.9,66.1,,,30.17,,,,,,,,,,,,,
In home  (w/display),Temp & Humidity Sensor,2020/12/11 8:05 PM,66.9,56.0,50.7,65.9,,,30.18,,,,,,,,,,,,,
In home  (w/display),Temp & Humidity Sensor,2020/12/11 8:10 PM,66.9,56.0,50.7,65.9,,,30.18,,,,,,,,,,,,,
In home  (w/display),Temp & Humidity Sensor,2020/12/11 8:15 PM,66.9,56.0,50.7,65.9,,,30.18,,,,,,,,,,,,,
In home  (w/display),Temp & Humidity Sensor,2020/12/11 8:20 PM,66.7,56.0,50.5,65.7,,,30.18,,,,,,,,,,,,,
In home  (w/display),Temp & Humidity Sensor,2020/12/11 8:25 PM,67.1,56.0,50.9,66.1,,,30.18,,,,,,,,,,,,,
In home  (w/display),Temp & Humidity Sensor,2020/12/11 8:30 PM,67.1,56.0,50.9,66.1,,,30.18,,,,,,,,,,,,,
In home  (w/display),Temp & Humidity Sensor,2020/12/11 8:35 PM,67.1,56.0,50.9,66.1,,,30.18,,,,,,,,,,,,,
In home  (w/display),Temp & Humidity Sensor,2020/12/11 8:40 PM,67.1,56.0,50.9,66.1,,,30.18,,,,,,,,,,,,,
In home  (w/display),Temp & Humidity Sensor,2020/12/11 8:45 PM,66.9,56.0,50.7,65.9,,,30.18,,,,,,,,,,,,,
In home  (w/display),Temp & Humidity Sensor,2020/12/11 8:50 PM,66.9,56.0,50.7,65.9,,,30.18,,,,,,,,,,,,,
In home  (w/display),Temp & Humidity Sensor,2020/12/11 8:55 PM,66.9,56.0,50.7,65.9,,,30.18,,,,,,,,,,,,,
In home  (w/display),Temp & Humidity Sensor,2020/12/11 9:00 PM,67.1,56.0,50.9,66.1,,,30.18,,,,,,,,,,,,,
In home  (w/display),Temp & Humidity Sensor,2020/12/11 9:05 PM,67.2,56.0,51.0,66.3,,,30.18,,,,,,,,,,,,,
In home  (w/display),Temp & Humidity Sensor,2020/12/11 9:10 PM,67.2,56.0,51.0,66.3,,,30.18,,,,,,,,,,,,,
In home  (w/display),Temp & Humidity Sensor,2020/12/11 9:15 PM,67.1,56.0,50.9,66.1,,,30.18,,,,,,,,,,,,,
In home  (w/display),Temp & Humidity Sensor,2020/12/11 9:20 PM,67.1,56.0,50.9,66.1,,,30.18,,,,,,,,,,,,,
In home  (w/display),Temp & Humidity Sensor,2020/12/11 9:25 PM,67.1,56.0,50.9,66.1,,,30.18,,,,,,,,,,,,,
In home  (w/display),Temp & Humidity Sensor,2020/12/11 9:30 PM,67.1,56.0,50.9,66.1,,,30.18,,,,,,,,,,,,,
In home  (w/display),Temp & Humidity Sensor,2020/12/11 9:35 PM,67.2,56.0,51.0,66.3,,,30.18,,,,,,,,,,,,,
In home  (w/display),Temp & Humidity Sensor,2020/12/11 9:40 PM,67.2,56.0,51.0,66.3,,,30.18,,,,,,,,,,,,,
In home  (w/display),Temp & Humidity Sensor,2020/12/11 9:45 PM,67.2,56.0,51.0,66.3,,,30.18,,,,,,,,,,,,,
In home  (w/display),Temp & Humidity Sensor,2020/12/11 9:50 PM,67.1,56.0,50.9,66.1,,,30.18,,,,,,,,,,,,,
In home  (w/display),Temp & Humidity Sensor,2020/12/11 9:55 PM,67.1,56.0,50.9,66.1,,,30.17,,,,,,,,,,,,,
In home  (w/display),Temp & Humidity Sensor,2020/12/11 10:00 PM,67.1,56.0,50.9,66.1,,,30.18,,,,,,,,,,,,,
In home  (w/display),Temp & Humidity Sensor,2020/12/11 10:05 PM,67.2,56.0,51.0,66.3,,,30.18,,,,,,,,,,,,,
In home  (w/display),Temp & Humidity Sensor,2020/12/11 10:10 PM,67.1,56.0,50.9,66.1,,,30.17,,,,,,,,,,,,,
In home  (w/display),Temp & Humidity Sensor,2020/12/11 10:15 PM,67.1,56.0,50.9,66.1,,,30.17,,,,,,,,,,,,,
In home  (w/display),Temp & Humidity Sensor,2020/12/11 10:20 PM,67.1,56.0,50.9,66.1,,,30.17,,,,,,,,,,,,,
In home  (w/display),Temp & Humidity Sensor,2020/12/11 10:25 PM,67.1,56.0,50.9,66.1,,,30.17,,,,,,,,,,,,,
In home  (w/display),Temp & Humidity Sensor,2020/12/11 10:30 PM,67.1,56.0,50.9,66.1,,,30.17,,,,,,,,,,,,,
In home  (w/display),Temp & Humidity Sensor,2020/12/11 10:35 PM,67.1,56.0,50.9,66.1,,,30.17,,,,,,,,,,,,,
In home  (w/display),Temp & Humidity Sensor,2020/12/11 10:40 PM,66.9,56.0,50.7,65.9,,,30.17,,,,,,,,,,,,,
In home  (w/display),Temp & Humidity Sensor,2020/12/11 10:45 PM,66.9,56.0,50.7,65.9,,,30.17,,,,,,,,,,,,,
In home  (w/display),Temp & Humidity Sensor,2020/12/11 10:50 PM,66.9,56.0,50.7,65.9,,,30.17,,,,,,,,,,,,,
In home  (w/display),Temp & Humidity Sensor,2020/12/11 10:55 PM,66.7,56.0,50.5,65.7,,,30.16,,,,,,,,,,,,,
In home  (w/display),Temp & Humidity Sensor,2020/12/11 11:00 PM,66.7,56.0,50.5,65.7,,,30.16,,,,,,,,,,,,,
In home  (w/display),Temp & Humidity Sensor,2020/12/11 11:05 PM,66.7,56.0,50.5,65.7,,,30.16,,,,,,,,,,,,,
In home  (w/display),Temp & Humidity Sensor,2020/12/11 11:10 PM,66.7,55.0,50.0,65.7,,,30.16,,,,,,,,,,,,,
In home  (w/display),Temp & Humidity Sensor,2020/12/11 11:15 PM,66.7,55.0,50.0,65.7,,,30.16,,,,,,,,,,,,,
In home  (w/display),Temp & Humidity Sensor,2020/12/11 11:20 PM,66.7,55.0,50.0,65.7,,,30.15,,,,,,,,,,,,,
In home  (w/display),Temp & Humidity Sensor,2020/12/11 11:25 PM,66.5,55.0,49.8,65.4,,,30.15,,,,,,,,,,,,,
In home  (w/display),Temp & Humidity Sensor,2020/12/11 11:30 PM,66.5,55.0,49.8,65.4,,,30.15,,,,,,,,,,,,,
In home  (w/display),Temp & Humidity Sensor,2020/12/11 11:35 PM,66.3,55.0,49.6,65.2,,,30.15,,,,,,,,,,,,,
In home  (w/display),Temp & Humidity Sensor,2020/12/11 11:40 PM,66.3,55.0,49.6,65.2,,,30.15,,,,,,,,,,,,,
In home  (w/display),Temp & Humidity Sensor,2020/12/11 11:45 PM,66.3,55.0,49.6,65.2,,,30.15,,,,,,,,,,,,,
In home  (w/display),Temp & Humidity Sensor,2020/12/11 11:50 PM,66.2,55.0,49.5,65.1,,,30.15,,,,,,,,,,,,,
In home  (w/display),Temp & Humidity Sensor,2020/12/11 11:55 PM,66.0,56.0,49.8,64.9,,,30.15,,,,,,,,,,,,,
In home  (w/display),Temp & Humidity Sensor,2020/12/12 12:00 AM,66.0,56.0,49.8,64.9,,,30.15,,,,,,,,,,,,,
In home  (w/display),Temp & Humidity Sensor,2020/12/12 12:05 AM,65.8,56.0,49.7,64.7,,,30.15,,,,,,,,,,,,,
In home  (w/display),Temp & Humidity Sensor,2020/12/12 12:10 AM,65.8,56.0,49.7,64.7,,,30.15,,,,,,,,,,,,,
In home  (w/display),Temp & Humidity Sensor,2020/12/12 12:15 AM,65.8,56.0,49.7,64.7,,,30.16,,,,,,,,,,,,,
In home  (w/display),Temp & Humidity Sensor,2020/12/12 12:20 AM,65.6,57.0,49.9,64.5,,,30.16,,,,,,,,,,,,,
In home  (w/display),Temp & Humidity Sensor,2020/12/12 12:25 AM,65.4,57.0,49.8,64.3,,,30.16,,,,,,,,,,,,,
In home  (w/display),Temp & Humidity Sensor,2020/12/12 12:30 AM,65.4,57.0,49.8,64.3,,,30.16,,,,,,,,,,,,,
In home  (w/display),Temp & Humidity Sensor,2020/12/12 12:35 AM,65.4,57.0,49.8,64.3,,,30.16,,,,,,,,,,,,,
In home  (w/display),Temp & Humidity Sensor,2020/12/12 12:40 AM,65.3,57.0,49.7,64.2,,,30.15,,,,,,,,,,,,,
In home  (w/display),Temp & Humidity Sensor,2020/12/12 12:45 AM,65.3,57.0,49.7,64.2,,,30.15,,,,,,,,,,,,,
In home  (w/display),Temp & Humidity Sensor,2020/12/12 12:50 AM,65.3,57.0,49.7,64.2,,,30.15,,,,,,,,,,,,,
In home  (w/display),Temp & Humidity Sensor,2020/12/12 12:55 AM,65.3,57.0,49.7,64.2,,,30.15,,,,,,,,,,,,,
In home  (w/display),Temp & Humidity Sensor,2020/12/12 1:00 AM,65.1,57.0,49.5,64.0,,,30.15,,,,,,,,,,,,,
In home  (w/display),Temp & Humidity Sensor,2020/12/12 1:05 AM,65.1,57.0,49.5,64.0,,,30.15,,,,,,,,,,,,,
In home  (w/display),Temp & Humidity Sensor,2020/12/12 1:10 AM,64.9,57.0,49.3,63.8,,,30.15,,,,,,,,,,,,,
In home  (w/display),Temp & Humidity Sensor,2020/12/12 1:15 AM,64.9,57.0,49.3,63.8,,,30.15,,,,,,,,,,,,,
In home  (w/display),Temp & Humidity Sensor,2020/12/12 1:20 AM,64.9,57.0,49.3,63.8,,,30.15,,,,,,,,,,,,,
In home  (w/display),Temp & Humidity Sensor,2020/12/12 1:25 AM,64.9,57.0,49.3,63.8,,,30.15,,,,,,,,,,,,,
In home  (w/display),Temp & Humidity Sensor,2020/12/12 1:30 AM,64.7,57.0,49.1,63.5,,,30.15,,,,,,,,,,,,,
In home  (w/display),Temp & Humidity Sensor,2020/12/12 1:35 AM,64.7,57.0,49.1,63.5,,,30.15,,,,,,,,,,,,,
In home  (w/display),Temp & Humidity Sensor,2020/12/12 1:40 AM,64.5,57.0,48.9,63.3,,,30.15,,,,,,,,,,,,,
In home  (w/display),Temp & Humidity Sensor,2020/12/12 1:45 AM,64.5,57.0,48.9,63.3,,,30.16,,,,,,,,,,,,,
In home  (w/display),Temp & Humidity Sensor,2020/12/12 1:50 AM,64.5,57.0,48.9,63.3,,,30.15,,,,,,,,,,,,,
In home  (w/display),Temp & Humidity Sensor,2020/12/12 1:55 AM,64.5,57.0,48.9,63.3,,,30.15,,,,,,,,,,,,,
In home  (w/display),Temp & Humidity Sensor,2020/12/12 2:00 AM,64.5,57.0,48.9,63.3,,,30.15,,,,,,,,,,,,,
In home  (w/display),Temp & Humidity Sensor,2020/12/12 2:05 AM,64.4,57.0,48.8,63.2,,,30.15,,,,,,,,,,,,,
In home  (w/display),Temp & Humidity Sensor,2020/12/12 2:10 AM,64.2,57.0,48.6,63.0,,,30.15,,,,,,,,,,,,,
In home  (w/display),Temp & Humidity Sensor,2020/12/12 2:15 AM,64.4,57.0,48.8,63.2,,,30.15,,,,,,,,,,,,,
In home  (w/display),Temp & Humidity Sensor,2020/12/12 2:20 AM,64.2,57.0,48.6,63.0,,,30.15,,,,,,,,,,,,,
In home  (w/display),Temp & Humidity Sensor,2020/12/12 2:25 AM,64.2,57.0,48.6,63.0,,,30.15,,,,,,,,,,,,,
In home  (w/display),Temp & Humidity Sensor,2020/12/12 2:30 AM,64.2,57.0,48.6,63.0,,,30.16,,,,,,,,,,,,,
In home  (w/display),Temp & Humidity Sensor,2020/12/12 2:35 AM,64.2,57.0,48.6,63.0,,,30.16,,,,,,,,,,,,,
In home  (w/display),Temp & Humidity Sensor,2020/12/12 2:40 AM,64.0,57.0,48.5,62.8,,,30.16,,,,,,,,,,,,,
In home  (w/display),Temp & Humidity Sensor,2020/12/12 2:45 AM,64.2,57.0,48.6,63.0,,,30.16,,,,,,,,,,,,,
In home  (w/display),Temp & Humidity Sensor,2020/12/12 2:50 AM,64.0,57.0,48.5,62.8,,,30.16,,,,,,,,,,,,,
In home  (w/display),Temp & Humidity Sensor,2020/12/12 3:00 AM,64.0,57.0,48.5,62.8,,,30.16,,,,,,,,,,,,,
In home  (w/display),Temp & Humidity Sensor,2020/12/12 3:05 AM,64.0,57.0,48.5,62.8,,,30.17,,,,,,,,,,,,,
In home  (w/display),Temp & Humidity Sensor,2020/12/12 3:10 AM,64.0,57.0,48.5,62.8,,,30.16,,,,,,,,,,,,,
In home  (w/display),Temp & Humidity Sensor,2020/12/12 3:15 AM,63.8,57.0,48.3,62.6,,,30.16,,,,,,,,,,,,,
In home  (w/display),Temp & Humidity Sensor,2020/12/12 3:20 AM,63.8,57.0,48.3,62.6,,,30.16,,,,,,,,,,,,,
In home  (w/display),Temp & Humidity Sensor,2020/12/12 3:25 AM,63.6,57.0,48.1,62.3,,,30.16,,,,,,,,,,,,,
In home  (w/display),Temp & Humidity Sensor,2020/12/12 3:30 AM,63.6,57.0,48.1,62.3,,,30.17,,,,,,,,,,,,,
In home  (w/display),Temp & Humidity Sensor,2020/12/12 3:35 AM,63.6,57.0,48.1,62.3,,,30.16,,,,,,,,,,,,,
In home  (w/display),Temp & Humidity Sensor,2020/12/12 3:40 AM,63.6,57.0,48.1,62.3,,,30.16,,,,,,,,,,,,,
In home  (w/display),Temp & Humidity Sensor,2020/12/12 3:45 AM,63.6,57.0,48.1,62.3,,,30.17,,,,,,,,,,,,,
In home  (w/display),Temp & Humidity Sensor,2020/12/12 3:50 AM,63.6,57.0,48.1,62.3,,,30.17,,,,,,,,,,,,,
In home  (w/display),Temp & Humidity Sensor,2020/12/12 3:55 AM,63.6,57.0,48.1,62.3,,,30.16,,,,,,,,,,,,,
In home  (w/display),Temp & Humidity Sensor,2020/12/12 4:00 AM,63.6,58.0,48.5,62.4,,,30.17,,,,,,,,,,,,,
In home  (w/display),Temp & Humidity Sensor,2020/12/12 4:05 AM,63.5,58.0,48.5,62.3,,,30.17,,,,,,,,,,,,,
In home  (w/display),Temp & Humidity Sensor,2020/12/12 4:10 AM,63.5,57.0,48.0,62.2,,,30.16,,,,,,,,,,,,,
In home  (w/display),Temp & Humidity Sensor,2020/12/12 4:15 AM,63.5,57.0,48.0,62.2,,,30.16,,,,,,,,,,,,,
In home  (w/display),Temp & Humidity Sensor,2020/12/12 4:20 AM,63.5,57.0,48.0,62.2,,,30.16,,,,,,,,,,,,,
In home  (w/display),Temp & Humidity Sensor,2020/12/12 4:25 AM,63.5,57.0,48.0,62.2,,,30.16,,,,,,,,,,,,,
In home  (w/display),Temp & Humidity Sensor,2020/12/12 4:30 AM,63.5,57.0,48.0,62.2,,,30.16,,,,,,,,,,,,,
In home  (w/display),Temp & Humidity Sensor,2020/12/12 4:35 AM,63.3,58.0,48.3,62.1,,,30.16,,,,,,,,,,,,,
In home  (w/display),Temp & Humidity Sensor,2020/12/12 4:40 AM,63.3,58.0,48.3,62.1,,,30.16,,,,,,,,,,,,,
In home  (w/display),Temp & Humidity Sensor,2020/12/12 4:45 AM,63.3,58.0,48.3,62.1,,,30.16,,,,,,,,,,,,,
In home  (w/display),Temp & Humidity Sensor,2020/12/12 4:50 AM,63.3,58.0,48.3,62.1,,,30.16,,,,,,,,,,,,,
In home  (w/display),Temp & Humidity Sensor,2020/12/12 4:55 AM,63.3,58.0,48.3,62.1,,,30.17,,,,,,,,,,,,,
In home  (w/display),Temp & Humidity Sensor,2020/12/12 5:00 AM,63.5,57.0,48.0,62.2,,,30.17,,,,,,,,,,,,,
In home  (w/display),Temp & Humidity Sensor,2020/12/12 5:05 AM,64.0,57.0,48.5,62.8,,,30.17,,,,,,,,,,,,,
In home  (w/display),Temp & Humidity Sensor,2020/12/12 5:10 AM,64.4,57.0,48.8,63.2,,,30.16,,,,,,,,,,,,,
In home  (w/display),Temp & Humidity Sensor,2020/12/12 5:15 AM,64.9,57.0,49.3,63.8,,,30.17,,,,,,,,,,,,,
In home  (w/display),Temp & Humidity Sensor,2020/12/12 5:20 AM,65.3,57.0,49.7,64.2,,,30.17,,,,,,,,,,,,,
In home  (w/display),Temp & Humidity Sensor,2020/12/12 5:25 AM,65.4,57.0,49.8,64.3,,,30.17,,,,,,,,,,,,,
In home  (w/display),Temp & Humidity Sensor,2020/12/12 5:30 AM,65.8,56.0,49.7,64.7,,,30.17,,,,,,,,,,,,,
In home  (w/display),Temp & Humidity Sensor,2020/12/12 5:35 AM,66.2,55.0,49.5,65.1,,,30.17,,,,,,,,,,,,,
In home  (w/display),Temp & Humidity Sensor,2020/12/12 5:40 AM,66.5,55.0,49.8,65.4,,,30.17,,,,,,,,,,,,,
In home  (w/display),Temp & Humidity Sensor,2020/12/12 5:45 AM,66.3,55.0,49.6,65.2,,,30.17,,,,,,,,,,,,,
In home  (w/display),Temp & Humidity Sensor,2020/12/12 5:50 AM,66.3,55.0,49.6,65.2,,,30.17,,,,,,,,,,,,,
In home  (w/display),Temp & Humidity Sensor,2020/12/12 5:55 AM,66.3,55.0,49.6,65.2,,,30.17,,,,,,,,,,,,,
In home  (w/display),Temp & Humidity Sensor,2020/12/12 6:00 AM,66.5,55.0,49.8,65.4,,,30.17,,,,,,,,,,,,,
In home  (w/display),Temp & Humidity Sensor,2020/12/12 6:05 AM,66.9,55.0,50.2,65.9,,,30.16,,,,,,,,,,,,,
In home  (w/display),Temp & Humidity Sensor,2020/12/12 6:10 AM,66.9,55.0,50.2,65.9,,,30.16,,,,,,,,,,,,,
In home  (w/display),Temp & Humidity Sensor,2020/12/12 6:15 AM,66.7,55.0,50.0,65.7,,,30.17,,,,,,,,,,,,,
In home  (w/display),Temp & Humidity Sensor,2020/12/12 6:20 AM,66.9,55.0,50.2,65.9,,,30.17,,,,,,,,,,,,,
In home  (w/display),Temp & Humidity Sensor,2020/12/12 6:25 AM,67.2,55.0,50.5,66.2,,,30.17,,,,,,,,,,,,,
In home  (w/display),Temp & Humidity Sensor,2020/12/12 6:30 AM,67.2,55.0,50.5,66.2,,,30.17,,,,,,,,,,,,,
In home  (w/display),Temp & Humidity Sensor,2020/12/12 6:35 AM,66.9,55.0,50.2,65.9,,,30.17,,,,,,,,,,,,,
In home  (w/display),Temp & Humidity Sensor,2020/12/12 6:40 AM,66.9,55.0,50.2,65.9,,,30.17,,,,,,,,,,,,,
In home  (w/display),Temp & Humidity Sensor,2020/12/12 6:45 AM,67.2,55.0,50.5,66.2,,,30.17,,,,,,,,,,,,,
In home  (w/display),Temp & Humidity Sensor,2020/12/12 6:50 AM,67.4,55.0,50.7,66.4,,,30.17,,,,,,,,,,,,,
In home  (w/display),Temp & Humidity Sensor,2020/12/12 6:55 AM,67.2,55.0,50.5,66.2,,,30.17,,,,,,,,,,,,,
In home  (w/display),Temp & Humidity Sensor,2020/12/12 7:00 AM,67.1,55.0,50.4,66.1,,,30.17,,,,,,,,,,,,,
In home  (w/display),Temp & Humidity Sensor,2020/12/12 7:05 AM,67.2,55.0,50.5,66.2,,,30.17,,,,,,,,,,,,,
In home  (w/display),Temp & Humidity Sensor,2020/12/12 7:10 AM,67.4,55.0,50.7,66.4,,,30.16,,,,,,,,,,,,,
In home  (w/display),Temp & Humidity Sensor,2020/12/12 7:15 AM,67.2,55.0,50.5,66.2,,,30.17,,,,,,,,,,,,,
In home  (w/display),Temp & Humidity Sensor,2020/12/12 7:20 AM,67.1,55.0,50.4,66.1,,,30.17,,,,,,,,,,,,,
In home  (w/display),Temp & Humidity Sensor,2020/12/12 7:25 AM,67.2,55.0,50.5,66.2,,,30.17,,,,,,,,,,,,,
In home  (w/display),Temp & Humidity Sensor,2020/12/12 7:30 AM,67.2,55.0,50.5,66.2,,,30.17,,,,,,,,,,,,,
In home  (w/display),Temp & Humidity Sensor,2020/12/12 7:35 AM,67.2,55.0,50.5,66.2,,,30.17,,,,,,,,,,,,,
In home  (w/display),Temp & Humidity Sensor,2020/12/12 7:40 AM,67.2,55.0,50.5,66.2,,,30.17,,,,,,,,,,,,,
In home  (w/display),Temp & Humidity Sensor,2020/12/12 7:45 AM,67.2,55.0,50.5,66.2,,,30.17,,,,,,,,,,,,,
In home  (w/display),Temp & Humidity Sensor,2020/12/12 7:50 AM,67.6,55.0,50.8,66.6,,,30.17,,,,,,,,,,,,,
In home  (w/display),Temp & Humidity Sensor,2020/12/12 7:55 AM,67.6,55.0,50.8,66.6,,,30.17,,,,,,,,,,,,,
In home  (w/display),Temp & Humidity Sensor,2020/12/12 8:00 AM,67.4,55.0,50.7,66.4,,,30.17,,,,,,,,,,,,,
In home  (w/display),Temp & Humidity Sensor,2020/12/12 8:05 AM,67.6,55.0,50.8,66.6,,,30.17,,,,,,,,,,,,,
In home  (w/display),Temp & Humidity Sensor,2020/12/12 8:10 AM,67.2,55.0,50.5,66.2,,,30.17,,,,,,,,,,,,,
In home  (w/display),Temp & Humidity Sensor,2020/12/12 8:15 AM,67.2,55.0,50.5,66.2,,,30.17,,,,,,,,,,,,,
In home  (w/display),Temp & Humidity Sensor,2020/12/12 8:20 AM,67.1,55.0,50.4,66.1,,,30.17,,,,,,,,,,,,,
In home  (w/display),Temp & Humidity Sensor,2020/12/12 8:25 AM,67.1,55.0,50.4,66.1,,,30.17,,,,,,,,,,,,,
In home  (w/display),Temp & Humidity Sensor,2020/12/12 8:30 AM,66.7,55.0,50.0,65.7,,,30.16,,,,,,,,,,,,,
In home  (w/display),Temp & Humidity Sensor,2020/12/12 8:35 AM,66.7,55.0,50.0,65.7,,,30.16,,,,,,,,,,,,,
In home  (w/display),Temp & Humidity Sensor,2020/12/12 8:40 AM,66.7,55.0,50.0,65.7,,,30.16,,,,,,,,,,,,,
In home  (w/display),Temp & Humidity Sensor,2020/12/12 8:45 AM,66.5,55.0,49.8,65.4,,,30.16,,,,,,,,,,,,,
In home  (w/display),Temp & Humidity Sensor,2020/12/12 8:50 AM,66.3,55.0,49.6,65.2,,,30.16,,,,,,,,,,,,,
In home  (w/display),Temp & Humidity Sensor,2020/12/12 8:55 AM,66.3,55.0,49.6,65.2,,,30.16,,,,,,,,,,,,,
In home  (w/display),Temp & Humidity Sensor,2020/12/12 9:00 AM,66.3,56.0,50.1,65.3,,,30.15,,,,,,,,,,,,,
In home  (w/display),Temp & Humidity Sensor,2020/12/12 9:05 AM,66.2,56.0,50.0,65.2,,,30.15,,,,,,,,,,,,,
In home  (w/display),Temp & Humidity Sensor,2020/12/12 9:10 AM,66.2,56.0,50.0,65.2,,,30.15,,,,,,,,,,,,,
In home  (w/display),Temp & Humidity Sensor,2020/12/12 9:15 AM,66.0,57.0,50.3,65.0,,,30.15,,,,,,,,,,,,,
In home  (w/display),Temp & Humidity Sensor,2020/12/12 9:20 AM,66.0,57.0,50.3,65.0,,,30.15,,,,,,,,,,,,,
In home  (w/display),Temp & Humidity Sensor,2020/12/12 9:25 AM,66.0,57.0,50.3,65.0,,,30.14,,,,,,,,,,,,,
In home  (w/display),Temp & Humidity Sensor,2020/12/12 9:30 AM,66.0,57.0,50.3,65.0,,,30.14,,,,,,,,,,,,,
In home  (w/display),Temp & Humidity Sensor,2020/12/12 9:35 AM,65.8,57.0,50.1,64.8,,,30.15,,,,,,,,,,,,,
In home  (w/display),Temp & Humidity Sensor,2020/12/12 9:40 AM,66.0,57.0,50.3,65.0,,,30.15,,,,,,,,,,,,,
In home  (w/display),Temp & Humidity Sensor,2020/12/12 9:45 AM,66.0,57.0,50.3,65.0,,,30.15,,,,,,,,,,,,,
In home  (w/display),Temp & Humidity Sensor,2020/12/12 9:50 AM,66.0,57.0,50.3,65.0,,,30.14,,,,,,,,,,,,,
In home  (w/display),Temp & Humidity Sensor,2020/12/12 9:55 AM,66.0,57.0,50.3,65.0,,,30.14,,,,,,,,,,,,,
In home  (w/display),Temp & Humidity Sensor,2020/12/12 10:00 AM,66.0,57.0,50.3,65.0,,,30.14,,,,,,,,,,,,,
In home  (w/display),Temp & Humidity Sensor,2020/12/12 10:05 AM,65.8,57.0,50.1,64.8,,,30.15,,,,,,,,,,,,,
In home  (w/display),Temp & Humidity Sensor,2020/12/12 10:10 AM,66.0,57.0,50.3,65.0,,,30.15,,,,,,,,,,,,,
In home  (w/display),Temp & Humidity Sensor,2020/12/12 10:15 AM,65.8,57.0,50.1,64.8,,,30.15,,,,,,,,,,,,,
In home  (w/display),Temp & Humidity Sensor,2020/12/12 10:20 AM,65.8,57.0,50.1,64.8,,,30.15,,,,,,,,,,,,,
In home  (w/display),Temp & Humidity Sensor,2020/12/12 10:25 AM,65.8,57.0,50.1,64.8,,,30.15,,,,,,,,,,,,,
In home  (w/display),Temp & Humidity Sensor,2020/12/12 10:30 AM,65.8,57.0,50.1,64.8,,,30.15,,,,,,,,,,,,,
In home  (w/display),Temp & Humidity Sensor,2020/12/12 10:35 AM,65.8,57.0,50.1,64.8,,,30.15,,,,,,,,,,,,,
In home  (w/display),Temp & Humidity Sensor,2020/12/12 10:40 AM,65.6,57.0,49.9,64.5,,,30.14,,,,,,,,,,,,,
In home  (w/display),Temp & Humidity Sensor,2020/12/12 10:45 AM,65.6,57.0,49.9,64.5,,,30.14,,,,,,,,,,,,,
In home  (w/display),Temp & Humidity Sensor,2020/12/12 10:50 AM,65.8,57.0,50.1,64.8,,,30.14,,,,,,,,,,,,,
In home  (w/display),Temp & Humidity Sensor,2020/12/12 10:55 AM,65.6,58.0,50.4,64.6,,,30.14,,,,,,,,,,,,,
In home  (w/display),Temp & Humidity Sensor,2020/12/12 11:00 AM,65.6,57.0,49.9,64.5,,,30.14,,,,,,,,,,,,,
In home  (w/display),Temp & Humidity Sensor,2020/12/12 11:05 AM,66.0,57.0,50.3,65.0,,,30.14,,,,,,,,,,,,,
In home  (w/display),Temp & Humidity Sensor,2020/12/12 11:10 AM,66.0,57.0,50.3,65.0,,,30.14,,,,,,,,,,,,,
In home  (w/display),Temp & Humidity Sensor,2020/12/12 11:15 AM,66.0,57.0,50.3,65.0,,,30.13,,,,,,,,,,,,,
In home  (w/display),Temp & Humidity Sensor,2020/12/12 11:20 AM,66.0,57.0,50.3,65.0,,,30.13,,,,,,,,,,,,,
In home  (w/display),Temp & Humidity Sensor,2020/12/12 11:25 AM,66.0,57.0,50.3,65.0,,,30.13,,,,,,,,,,,,,
In home  (w/display),Temp & Humidity Sensor,2020/12/12 11:30 AM,66.0,57.0,50.3,65.0,,,30.12,,,,,,,,,,,,,
In home  (w/display),Temp & Humidity Sensor,2020/12/12 11:35 AM,66.0,57.0,50.3,65.0,,,30.12,,,,,,,,,,,,,
In home  (w/display),Temp & Humidity Sensor,2020/12/12 11:40 AM,66.0,57.0,50.3,65.0,,,30.12,,,,,,,,,,,,,
In home  (w/display),Temp & Humidity Sensor,2020/12/12 11:45 AM,66.0,58.0,50.8,65.0,,,30.12,,,,,,,,,,,,,
In home  (w/display),Temp & Humidity Sensor,2020/12/12 11:50 AM,66.0,58.0,50.8,65.0,,,30.11,,,,,,,,,,,,,
In home  (w/display),Temp & Humidity Sensor,2020/12/12 11:55 AM,66.2,57.0,50.5,65.2,,,30.11,,,,,,,,,,,,,
In home  (w/display),Temp & Humidity Sensor,2020/12/12 12:00 PM,66.2,57.0,50.5,65.2,,,30.11,,,,,,,,,,,,,
In home  (w/display),Temp & Humidity Sensor,2020/12/12 12:05 PM,66.2,57.0,50.5,65.2,,,30.11,,,,,,,,,,,,,
In home  (w/display),Temp & Humidity Sensor,2020/12/12 12:10 PM,66.2,57.0,50.5,65.2,,,30.11,,,,,,,,,,,,,
In home  (w/display),Temp & Humidity Sensor,2020/12/12 12:15 PM,66.0,58.0,50.8,65.0,,,30.11,,,,,,,,,,,,,
In home  (w/display),Temp & Humidity Sensor,2020/12/12 12:20 PM,66.2,57.0,50.5,65.2,,,30.1,,,,,,,,,,,,,
In home  (w/display),Temp & Humidity Sensor,2020/12/12 12:25 PM,66.3,57.0,50.6,65.3,,,30.11,,,,,,,,,,,,,
In home  (w/display),Temp & Humidity Sensor,2020/12/12 12:30 PM,66.7,57.0,51.0,65.7,,,30.11,,,,,,,,,,,,,
In home  (w/display),Temp & Humidity Sensor,2020/12/12 12:35 PM,66.7,57.0,51.0,65.7,,,30.1,,,,,,,,,,,,,
In home  (w/display),Temp & Humidity Sensor,2020/12/12 12:40 PM,66.7,57.0,51.0,65.7,,,30.1,,,,,,,,,,,,,
In home  (w/display),Temp & Humidity Sensor,2020/12/12 12:45 PM,66.7,57.0,51.0,65.7,,,30.1,,,,,,,,,,,,,
In home  (w/display),Temp & Humidity Sensor,2020/12/12 12:50 PM,66.7,57.0,51.0,65.7,,,30.1,,,,,,,,,,,,,
In home  (w/display),Temp & Humidity Sensor,2020/12/12 12:55 PM,66.7,57.0,51.0,65.7,,,30.1,,,,,,,,,,,,,
In home  (w/display),Temp & Humidity Sensor,2020/12/12 1:00 PM,66.7,57.0,51.0,65.7,,,30.1,,,,,,,,,,,,,
In home  (w/display),Temp & Humidity Sensor,2020/12/12 1:05 PM,66.7,57.0,51.0,65.7,,,30.1,,,,,,,,,,,,,
In home  (w/display),Temp & Humidity Sensor,2020/12/12 1:10 PM,66.7,57.0,51.0,65.7,,,30.09,,,,,,,,,,,,,
In home  (w/display),Temp & Humidity Sensor,2020/12/12 1:15 PM,66.5,57.0,50.8,65.5,,,30.09,,,,,,,,,,,,,
In home  (w/display),Temp & Humidity Sensor,2020/12/12 1:20 PM,66.5,57.0,50.8,65.5,,,30.09,,,,,,,,,,,,,
In home  (w/display),Temp & Humidity Sensor,2020/12/12 1:25 PM,66.3,57.0,50.6,65.3,,,30.09,,,,,,,,,,,,,
In home  (w/display),Temp & Humidity Sensor,2020/12/12 1:30 PM,66.3,57.0,50.6,65.3,,,30.09,,,,,,,,,,,,,
In home  (w/display),Temp & Humidity Sensor,2020/12/12 1:35 PM,66.3,57.0,50.6,65.3,,,30.08,,,,,,,,,,,,,
In home  (w/display),Temp & Humidity Sensor,2020/12/12 1:40 PM,66.3,57.0,50.6,65.3,,,30.08,,,,,,,,,,,,,
In home  (w/display),Temp & Humidity Sensor,2020/12/12 1:45 PM,66.3,57.0,50.6,65.3,,,30.08,,,,,,,,,,,,,
In home  (w/display),Temp & Humidity Sensor,2020/12/12 1:50 PM,66.3,57.0,50.6,65.3,,,30.08,,,,,,,,,,,,,
In home  (w/display),Temp & Humidity Sensor,2020/12/12 1:55 PM,66.3,57.0,50.6,65.3,,,30.08,,,,,,,,,,,,,
In home  (w/display),Temp & Humidity Sensor,2020/12/12 2:00 PM,66.3,57.0,50.6,65.3,,,30.08,,,,,,,,,,,,,
In home  (w/display),Temp & Humidity Sensor,2020/12/12 2:05 PM,66.3,57.0,50.6,65.3,,,30.07,,,,,,,,,,,,,
In home  (w/display),Temp & Humidity Sensor,2020/12/12 2:10 PM,66.3,57.0,50.6,65.3,,,30.07,,,,,,,,,,,,,
In home  (w/display),Temp & Humidity Sensor,2020/12/12 2:15 PM,66.5,57.0,50.8,65.5,,,30.07,,,,,,,,,,,,,
In home  (w/display),Temp & Humidity Sensor,2020/12/12 2:20 PM,66.3,57.0,50.6,65.3,,,30.07,,,,,,,,,,,,,
In home  (w/display),Temp & Humidity Sensor,2020/12/12 2:25 PM,66.3,57.0,50.6,65.3,,,30.07,,,,,,,,,,,,,
In home  (w/display),Temp & Humidity Sensor,2020/12/12 2:30 PM,66.5,57.0,50.8,65.5,,,30.07,,,,,,,,,,,,,
In home  (w/display),Temp & Humidity Sensor,2020/12/12 2:35 PM,66.5,57.0,50.8,65.5,,,30.07,,,,,,,,,,,,,
In home  (w/display),Temp & Humidity Sensor,2020/12/12 2:40 PM,66.5,57.0,50.8,65.5,,,30.07,,,,,,,,,,,,,
In home  (w/display),Temp & Humidity Sensor,2020/12/12 2:45 PM,66.5,57.0,50.8,65.5,,,30.07,,,,,,,,,,,,,
In home  (w/display),Temp & Humidity Sensor,2020/12/12 2:50 PM,66.5,57.0,50.8,65.5,,,30.07,,,,,,,,,,,,,
In home  (w/display),Temp & Humidity Sensor,2020/12/12 2:55 PM,66.5,57.0,50.8,65.5,,,30.07,,,,,,,,,,,,,
In home  (w/display),Temp & Humidity Sensor,2020/12/12 3:00 PM,66.5,57.0,50.8,65.5,,,30.07,,,,,,,,,,,,,
In home  (w/display),Temp & Humidity Sensor,2020/12/12 3:05 PM,66.5,57.0,50.8,65.5,,,30.07,,,,,,,,,,,,,
In home  (w/display),Temp & Humidity Sensor,2020/12/12 3:10 PM,66.5,57.0,50.8,65.5,,,30.07,,,,,,,,,,,,,
In home  (w/display),Temp & Humidity Sensor,2020/12/12 3:15 PM,66.5,57.0,50.8,65.5,,,30.07,,,,,,,,,,,,,
In home  (w/display),Temp & Humidity Sensor,2020/12/12 3:20 PM,66.5,57.0,50.8,65.5,,,30.07,,,,,,,,,,,,,
In home  (w/display),Temp & Humidity Sensor,2020/12/12 3:25 PM,66.5,57.0,50.8,65.5,,,30.07,,,,,,,,,,,,,
In home  (w/display),Temp & Humidity Sensor,2020/12/12 3:30 PM,66.7,57.0,51.0,65.7,,,30.07,,,,,,,,,,,,,
In home  (w/display),Temp & Humidity Sensor,2020/12/12 3:35 PM,66.7,57.0,51.0,65.7,,,30.06,,,,,,,,,,,,,
In home  (w/display),Temp & Humidity Sensor,2020/12/12 3:40 PM,66.7,57.0,51.0,65.7,,,30.06,,,,,,,,,,,,,
In home  (w/display),Temp & Humidity Sensor,2020/12/12 3:45 PM,66.7,57.0,51.0,65.7,,,30.06,,,,,,,,,,,,,
In home  (w/display),Temp & Humidity Sensor,2020/12/12 3:50 PM,66.5,57.0,50.8,65.5,,,30.06,,,,,,,,,,,,,
In home  (w/display),Temp & Humidity Sensor,2020/12/12 3:55 PM,66.5,57.0,50.8,65.5,,,30.06,,,,,,,,,,,,,
In home  (w/display),Temp & Humidity Sensor,2020/12/12 4:00 PM,66.5,57.0,50.8,65.5,,,30.07,,,,,,,,,,,,,
In home  (w/display),Temp & Humidity Sensor,2020/12/12 4:05 PM,66.5,57.0,50.8,65.5,,,30.07,,,,,,,,,,,,,
In home  (w/display),Temp & Humidity Sensor,2020/12/12 4:10 PM,66.5,57.0,50.8,65.5,,,30.06,,,,,,,,,,,,,
In home  (w/display),Temp & Humidity Sensor,2020/12/12 4:15 PM,66.5,57.0,50.8,65.5,,,30.06,,,,,,,,,,,,,
In home  (w/display),Temp & Humidity Sensor,2020/12/12 4:20 PM,66.5,57.0,50.8,65.5,,,30.07,,,,,,,,,,,,,
In home  (w/display),Temp & Humidity Sensor,2020/12/12 4:25 PM,66.5,57.0,50.8,65.5,,,30.06,,,,,,,,,,,,,
In home  (w/display),Temp & Humidity Sensor,2020/12/12 4:30 PM,66.5,57.0,50.8,65.5,,,30.06,,,,,,,,,,,,,
In home  (w/display),Temp & Humidity Sensor,2020/12/12 4:35 PM,66.5,57.0,50.8,65.5,,,30.06,,,,,,,,,,,,,
In home  (w/display),Temp & Humidity Sensor,2020/12/12 4:40 PM,66.5,57.0,50.8,65.5,,,30.06,,,,,,,,,,,,,
In home  (w/display),Temp & Humidity Sensor,2020/12/12 4:45 PM,66.5,57.0,50.8,65.5,,,30.07,,,,,,,,,,,,,
In home  (w/display),Temp & Humidity Sensor,2020/12/12 4:50 PM,66.5,57.0,50.8,65.5,,,30.06,,,,,,,,,,,,,
In home  (w/display),Temp & Humidity Sensor,2020/12/12 4:55 PM,66.5,57.0,50.8,65.5,,,30.06,,,,,,,,,,,,,
In home  (w/display),Temp & Humidity Sensor,2020/12/12 5:00 PM,66.7,57.0,51.0,65.7,,,30.06,,,,,,,,,,,,,
In home  (w/display),Temp & Humidity Sensor,2020/12/12 5:05 PM,66.5,58.0,51.3,65.6,,,30.06,,,,,,,,,,,,,
In home  (w/display),Temp & Humidity Sensor,2020/12/12 5:10 PM,66.5,58.0,51.3,65.6,,,30.06,,,,,,,,,,,,,
In home  (w/display),Temp & Humidity Sensor,2020/12/12 5:15 PM,66.7,58.0,51.4,65.8,,,30.06,,,,,,,,,,,,,
In home  (w/display),Temp & Humidity Sensor,2020/12/12 5:20 PM,66.7,58.0,51.4,65.8,,,30.06,,,,,,,,,,,,,
In home  (w/display),Temp & Humidity Sensor,2020/12/12 5:25 PM,66.7,58.0,51.4,65.8,,,30.06,,,,,,,,,,,,,
In home  (w/display),Temp & Humidity Sensor,2020/12/12 5:30 PM,66.7,58.0,51.4,65.8,,,30.06,,,,,,,,,,,,,
In home  (w/display),Temp & Humidity Sensor,2020/12/12 5:35 PM,66.7,58.0,51.4,65.8,,,30.06,,,,,,,,,,,,,
In home  (w/display),Temp & Humidity Sensor,2020/12/12 5:40 PM,66.7,58.0,51.4,65.8,,,30.06,,,,,,,,,,,,,
In home  (w/display),Temp & Humidity Sensor,2020/12/12 5:45 PM,66.7,58.0,51.4,65.8,,,30.06,,,,,,,,,,,,,
In home  (w/display),Temp & Humidity Sensor,2020/12/12 5:50 PM,66.7,58.0,51.4,65.8,,,30.06,,,,,,,,,,,,,
In home  (w/display),Temp & Humidity Sensor,2020/12/12 5:55 PM,66.7,58.0,51.4,65.8,,,30.06,,,,,,,,,,,,,
In home  (w/display),Temp & Humidity Sensor,2020/12/12 6:00 PM,66.7,58.0,51.4,65.8,,,30.06,,,,,,,,,,,,,
In home  (w/display),Temp & Humidity Sensor,2020/12/12 6:05 PM,66.7,58.0,51.4,65.8,,,30.06,,,,,,,,,,,,,
In home  (w/display),Temp & Humidity Sensor,2020/12/12 6:10 PM,66.7,58.0,51.4,65.8,,,30.06,,,,,,,,,,,,,
In home  (w/display),Temp & Humidity Sensor,2020/12/12 6:15 PM,66.5,58.0,51.3,65.6,,,30.06,,,,,,,,,,,,,
In home  (w/display),Temp & Humidity Sensor,2020/12/12 6:20 PM,66.7,58.0,51.4,65.8,,,30.06,,,,,,,,,,,,,
In home  (w/display),Temp & Humidity Sensor,2020/12/12 6:25 PM,66.7,58.0,51.4,65.8,,,30.06,,,,,,,,,,,,,
In home  (w/display),Temp & Humidity Sensor,2020/12/12 6:30 PM,66.5,58.0,51.3,65.6,,,30.06,,,,,,,,,,,,,
In home  (w/display),Temp & Humidity Sensor,2020/12/12 6:35 PM,66.5,58.0,51.3,65.6,,,30.06,,,,,,,,,,,,,
In home  (w/display),Temp & Humidity Sensor,2020/12/12 6:40 PM,66.7,58.0,51.4,65.8,,,30.06,,,,,,,,,,,,,
In home  (w/display),Temp & Humidity Sensor,2020/12/12 6:45 PM,66.7,58.0,51.4,65.8,,,30.06,,,,,,,,,,,,,
In home  (w/display),Temp & Humidity Sensor,2020/12/12 6:50 PM,66.7,58.0,51.4,65.8,,,30.05,,,,,,,,,,,,,
In home  (w/display),Temp & Humidity Sensor,2020/12/12 6:55 PM,66.9,58.0,51.6,66.0,,,30.05,,,,,,,,,,,,,
In home  (w/display),Temp & Humidity Sensor,2020/12/12 7:00 PM,67.1,58.0,51.8,66.2,,,30.06,,,,,,,,,,,,,
In home  (w/display),Temp & Humidity Sensor,2020/12/12 7:05 PM,67.1,58.0,51.8,66.2,,,30.06,,,,,,,,,,,,,
In home  (w/display),Temp & Humidity Sensor,2020/12/12 7:10 PM,67.1,58.0,51.8,66.2,,,30.06,,,,,,,,,,,,,
In home  (w/display),Temp & Humidity Sensor,2020/12/12 7:15 PM,67.1,58.0,51.8,66.2,,,30.06,,,,,,,,,,,,,
In home  (w/display),Temp & Humidity Sensor,2020/12/12 7:20 PM,67.1,58.0,51.8,66.2,,,30.06,,,,,,,,,,,,,
In home  (w/display),Temp & Humidity Sensor,2020/12/12 7:25 PM,67.1,58.0,51.8,66.2,,,30.06,,,,,,,,,,,,,
In home  (w/display),Temp & Humidity Sensor,2020/12/12 7:30 PM,67.1,58.0,51.8,66.2,,,30.06,,,,,,,,,,,,,
In home  (w/display),Temp & Humidity Sensor,2020/12/12 7:35 PM,67.1,58.0,51.8,66.2,,,30.06,,,,,,,,,,,,,
In home  (w/display),Temp & Humidity Sensor,2020/12/12 7:40 PM,67.1,58.0,51.8,66.2,,,30.06,,,,,,,,,,,,,
In home  (w/display),Temp & Humidity Sensor,2020/12/12 7:45 PM,67.1,58.0,51.8,66.2,,,30.06,,,,,,,,,,,,,
In home  (w/display),Temp & Humidity Sensor,2020/12/12 7:50 PM,66.9,58.0,51.6,66.0,,,30.06,,,,,,,,,,,,,
In home  (w/display),Temp & Humidity Sensor,2020/12/12 7:55 PM,66.9,58.0,51.6,66.0,,,30.06,,,,,,,,,,,,,
In home  (w/display),Temp & Humidity Sensor,2020/12/12 8:00 PM,66.9,58.0,51.6,66.0,,,30.06,,,,,,,,,,,,,
In home  (w/display),Temp & Humidity Sensor,2020/12/12 8:05 PM,66.9,58.0,51.6,66.0,,,30.06,,,,,,,,,,,,,
In home  (w/display),Temp & Humidity Sensor,2020/12/12 8:10 PM,66.9,58.0,51.6,66.0,,,30.06,,,,,,,,,,,,,
In home  (w/display),Temp & Humidity Sensor,2020/12/12 8:15 PM,66.9,58.0,51.6,66.0,,,30.06,,,,,,,,,,,,,
In home  (w/display),Temp & Humidity Sensor,2020/12/12 8:20 PM,67.2,58.0,51.9,66.3,,,30.06,,,,,,,,,,,,,
In home  (w/display),Temp & Humidity Sensor,2020/12/12 8:25 PM,67.2,59.0,52.4,66.4,,,30.06,,,,,,,,,,,,,
In home  (w/display),Temp & Humidity Sensor,2020/12/12 8:30 PM,67.2,59.0,52.4,66.4,,,30.07,,,,,,,,,,,,,
In home  (w/display),Temp & Humidity Sensor,2020/12/12 8:35 PM,67.2,59.0,52.4,66.4,,,30.07,,,,,,,,,,,,,
In home  (w/display),Temp & Humidity Sensor,2020/12/12 8:40 PM,67.2,59.0,52.4,66.4,,,30.06,,,,,,,,,,,,,
In home  (w/display),Temp & Humidity Sensor,2020/12/12 8:45 PM,67.1,59.0,52.3,66.3,,,30.06,,,,,,,,,,,,,
In home  (w/display),Temp & Humidity Sensor,2020/12/12 8:50 PM,67.1,59.0,52.3,66.3,,,30.06,,,,,,,,,,,,,
In home  (w/display),Temp & Humidity Sensor,2020/12/12 8:55 PM,67.1,59.0,52.3,66.3,,,30.06,,,,,,,,,,,,,
In home  (w/display),Temp & Humidity Sensor,2020/12/12 9:00 PM,67.1,59.0,52.3,66.3,,,30.06,,,,,,,,,,,,,
In home  (w/display),Temp & Humidity Sensor,2020/12/12 9:05 PM,67.1,59.0,52.3,66.3,,,30.07,,,,,,,,,,,,,
In home  (w/display),Temp & Humidity Sensor,2020/12/12 9:10 PM,67.1,59.0,52.3,66.3,,,30.06,,,,,,,,,,,,,
In home  (w/display),Temp & Humidity Sensor,2020/12/12 9:15 PM,67.1,59.0,52.3,66.3,,,30.06,,,,,,,,,,,,,
In home  (w/display),Temp & Humidity Sensor,2020/12/12 9:20 PM,67.1,59.0,52.3,66.3,,,30.07,,,,,,,,,,,,,
In home  (w/display),Temp & Humidity Sensor,2020/12/12 9:25 PM,67.1,59.0,52.3,66.3,,,30.07,,,,,,,,,,,,,
In home  (w/display),Temp & Humidity Sensor,2020/12/12 9:30 PM,67.1,59.0,52.3,66.3,,,30.06,,,,,,,,,,,,,
In home  (w/display),Temp & Humidity Sensor,2020/12/12 9:35 PM,67.1,59.0,52.3,66.3,,,30.07,,,,,,,,,,,,,
In home  (w/display),Temp & Humidity Sensor,2020/12/12 9:40 PM,67.1,59.0,52.3,66.3,,,30.07,,,,,,,,,,,,,
In home  (w/display),Temp & Humidity Sensor,2020/12/12 9:45 PM,67.2,59.0,52.4,66.4,,,30.07,,,,,,,,,,,,,
In home  (w/display),Temp & Humidity Sensor,2020/12/12 9:50 PM,67.2,59.0,52.4,66.4,,,30.07,,,,,,,,,,,,,
In home  (w/display),Temp & Humidity Sensor,2020/12/12 10:00 PM,67.2,59.0,52.4,66.4,,,30.07,,,,,,,,,,,,,
In home  (w/display),Temp & Humidity Sensor,2020/12/12 10:05 PM,67.2,59.0,52.4,66.4,,,30.07,,,,,,,,,,,,,
In home  (w/display),Temp & Humidity Sensor,2020/12/12 10:10 PM,67.2,59.0,52.4,66.4,,,30.08,,,,,,,,,,,,,
In home  (w/display),Temp & Humidity Sensor,2020/12/12 10:15 PM,67.2,59.0,52.4,66.4,,,30.08,,,,,,,,,,,,,
In home  (w/display),Temp & Humidity Sensor,2020/12/12 10:20 PM,67.2,59.0,52.4,66.4,,,30.08,,,,,,,,,,,,,
In home  (w/display),Temp & Humidity Sensor,2020/12/12 10:25 PM,67.2,59.0,52.4,66.4,,,30.08,,,,,,,,,,,,,
In home  (w/display),Temp & Humidity Sensor,2020/12/12 10:30 PM,67.2,58.0,51.9,66.3,,,30.08,,,,,,,,,,,,,
In home  (w/display),Temp & Humidity Sensor,2020/12/12 10:35 PM,67.2,58.0,51.9,66.3,,,30.07,,,,,,,,,,,,,
In home  (w/display),Temp & Humidity Sensor,2020/12/12 10:40 PM,67.2,58.0,51.9,66.3,,,30.07,,,,,,,,,,,,,
In home  (w/display),Temp & Humidity Sensor,2020/12/12 10:45 PM,67.2,58.0,51.9,66.3,,,30.07,,,,,,,,,,,,,
In home  (w/display),Temp & Humidity Sensor,2020/12/12 10:50 PM,67.2,58.0,51.9,66.3,,,30.06,,,,,,,,,,,,,
In home  (w/display),Temp & Humidity Sensor,2020/12/12 10:55 PM,67.2,58.0,51.9,66.3,,,30.06,,,,,,,,,,,,,
In home  (w/display),Temp & Humidity Sensor,2020/12/12 11:00 PM,67.2,58.0,51.9,66.3,,,30.06,,,,,,,,,,,,,
In home  (w/display),Temp & Humidity Sensor,2020/12/12 11:05 PM,67.1,58.0,51.8,66.2,,,30.07,,,,,,,,,,,,,
In home  (w/display),Temp & Humidity Sensor,2020/12/12 11:10 PM,67.1,58.0,51.8,66.2,,,30.06,,,,,,,,,,,,,
In home  (w/display),Temp & Humidity Sensor,2020/12/12 11:15 PM,66.9,58.0,51.6,66.0,,,30.06,,,,,,,,,,,,,
In home  (w/display),Temp & Humidity Sensor,2020/12/12 11:20 PM,66.7,58.0,51.4,65.8,,,30.07,,,,,,,,,,,,,
In home  (w/display),Temp & Humidity Sensor,2020/12/12 11:25 PM,66.7,58.0,51.4,65.8,,,30.07,,,,,,,,,,,,,
In home  (w/display),Temp & Humidity Sensor,2020/12/12 11:30 PM,66.7,58.0,51.4,65.8,,,30.07,,,,,,,,,,,,,
In home  (w/display),Temp & Humidity Sensor,2020/12/12 11:35 PM,66.5,58.0,51.3,65.6,,,30.07,,,,,,,,,,,,,
In home  (w/display),Temp & Humidity Sensor,2020/12/12 11:40 PM,66.3,58.0,51.1,65.4,,,30.07,,,,,,,,,,,,,
In home  (w/display),Temp & Humidity Sensor,2020/12/12 11:45 PM,66.3,58.0,51.1,65.4,,,30.07,,,,,,,,,,,,,
In home  (w/display),Temp & Humidity Sensor,2020/12/12 11:50 PM,66.3,58.0,51.1,65.4,,,30.07,,,,,,,,,,,,,
In home  (w/display),Temp & Humidity Sensor,2020/12/12 11:55 PM,66.3,59.0,51.5,65.4,,,30.07,,,,,,,,,,,,,
In home  (w/display),Temp & Humidity Sensor,2020/12/13 12:00 AM,66.3,59.0,51.5,65.4,,,30.07,,,,,,,,,,,,,
In home  (w/display),Temp & Humidity Sensor,2020/12/13 12:05 AM,66.2,59.0,51.4,65.3,,,30.07,,,,,,,,,,,,,
In home  (w/display),Temp & Humidity Sensor,2020/12/13 12:10 AM,66.2,59.0,51.4,65.3,,,30.07,,,,,,,,,,,,,
In home  (w/display),Temp & Humidity Sensor,2020/12/13 12:15 AM,66.0,60.0,51.7,65.1,,,30.07,,,,,,,,,,,,,
In home  (w/display),Temp & Humidity Sensor,2020/12/13 12:20 AM,66.0,60.0,51.7,65.1,,,30.07,,,,,,,,,,,,,
In home  (w/display),Temp & Humidity Sensor,2020/12/13 12:25 AM,66.0,60.0,51.7,65.1,,,30.07,,,,,,,,,,,,,
In home  (w/display),Temp & Humidity Sensor,2020/12/13 12:35 AM,66.0,60.0,51.7,65.1,,,30.06,,,,,,,,,,,,,
In home  (w/display),Temp & Humidity Sensor,2020/12/13 12:40 AM,65.8,60.0,51.5,64.9,,,30.07,,,,,,,,,,,,,
In home  (w/display),Temp & Humidity Sensor,2020/12/13 12:45 AM,66.0,60.0,51.7,65.1,,,30.07,,,,,,,,,,,,,
In home  (w/display),Temp & Humidity Sensor,2020/12/13 12:50 AM,65.8,60.0,51.5,64.9,,,30.06,,,,,,,,,,,,,
In home  (w/display),Temp & Humidity Sensor,2020/12/13 12:55 AM,65.8,60.0,51.5,64.9,,,30.06,,,,,,,,,,,,,
In home  (w/display),Temp & Humidity Sensor,2020/12/13 1:00 AM,65.8,60.0,51.5,64.9,,,30.06,,,,,,,,,,,,,
In home  (w/display),Temp & Humidity Sensor,2020/12/13 1:05 AM,65.8,60.0,51.5,64.9,,,30.06,,,,,,,,,,,,,
In home  (w/display),Temp & Humidity Sensor,2020/12/13 1:10 AM,65.8,60.0,51.5,64.9,,,30.06,,,,,,,,,,,,,
In home  (w/display),Temp & Humidity Sensor,2020/12/13 1:15 AM,65.6,60.0,51.3,64.7,,,30.06,,,,,,,,,,,,,
In home  (w/display),Temp & Humidity Sensor,2020/12/13 1:20 AM,65.8,60.0,51.5,64.9,,,30.06,,,,,,,,,,,,,
In home  (w/display),Temp & Humidity Sensor,2020/12/13 1:25 AM,65.6,60.0,51.3,64.7,,,30.06,,,,,,,,,,,,,
In home  (w/display),Temp & Humidity Sensor,2020/12/13 1:30 AM,65.6,60.0,51.3,64.7,,,30.06,,,,,,,,,,,,,
In home  (w/display),Temp & Humidity Sensor,2020/12/13 1:35 AM,65.6,60.0,51.3,64.7,,,30.06,,,,,,,,,,,,,
In home  (w/display),Temp & Humidity Sensor,2020/12/13 1:40 AM,65.6,60.0,51.3,64.7,,,30.06,,,,,,,,,,,,,
In home  (w/display),Temp & Humidity Sensor,2020/12/13 1:45 AM,65.4,60.0,51.1,64.5,,,30.06,,,,,,,,,,,,,
In home  (w/display),Temp & Humidity Sensor,2020/12/13 1:50 AM,65.4,60.0,51.1,64.5,,,30.06,,,,,,,,,,,,,
In home  (w/display),Temp & Humidity Sensor,2020/12/13 1:55 AM,65.4,60.0,51.1,64.5,,,30.06,,,,,,,,,,,,,
In home  (w/display),Temp & Humidity Sensor,2020/12/13 2:00 AM,65.4,60.0,51.1,64.5,,,30.06,,,,,,,,,,,,,
In home  (w/display),Temp & Humidity Sensor,2020/12/13 2:05 AM,65.4,60.0,51.1,64.5,,,30.06,,,,,,,,,,,,,
In home  (w/display),Temp & Humidity Sensor,2020/12/13 2:10 AM,65.4,60.0,51.1,64.5,,,30.06,,,,,,,,,,,,,
In home  (w/display),Temp & Humidity Sensor,2020/12/13 2:15 AM,65.4,60.0,51.1,64.5,,,30.06,,,,,,,,,,,,,
In home  (w/display),Temp & Humidity Sensor,2020/12/13 2:20 AM,65.4,60.0,51.1,64.5,,,30.07,,,,,,,,,,,,,
In home  (w/display),Temp & Humidity Sensor,2020/12/13 2:25 AM,65.4,60.0,51.1,64.5,,,30.06,,,,,,,,,,,,,
In home  (w/display),Temp & Humidity Sensor,2020/12/13 2:30 AM,65.4,60.0,51.1,64.5,,,30.06,,,,,,,,,,,,,
In home  (w/display),Temp & Humidity Sensor,2020/12/13 2:35 AM,65.3,60.0,51.1,64.3,,,30.07,,,,,,,,,,,,,
In home  (w/display),Temp & Humidity Sensor,2020/12/13 2:40 AM,65.3,60.0,51.1,64.3,,,30.07,,,,,,,,,,,,,
In home  (w/display),Temp & Humidity Sensor,2020/12/13 2:45 AM,65.3,60.0,51.1,64.3,,,30.07,,,,,,,,,,,,,
In home  (w/display),Temp & Humidity Sensor,2020/12/13 2:50 AM,65.3,60.0,51.1,64.3,,,30.07,,,,,,,,,,,,,
In home  (w/display),Temp & Humidity Sensor,2020/12/13 2:55 AM,65.3,60.0,51.1,64.3,,,30.08,,,,,,,,,,,,,
In home  (w/display),Temp & Humidity Sensor,2020/12/13 3:00 AM,65.3,60.0,51.1,64.3,,,30.08,,,,,,,,,,,,,
In home  (w/display),Temp & Humidity Sensor,2020/12/13 3:05 AM,65.3,60.0,51.1,64.3,,,30.07,,,,,,,,,,,,,
In home  (w/display),Temp & Humidity Sensor,2020/12/13 3:10 AM,65.3,60.0,51.1,64.3,,,30.07,,,,,,,,,,,,,
In home  (w/display),Temp & Humidity Sensor,2020/12/13 3:15 AM,65.1,60.0,50.9,64.1,,,30.08,,,,,,,,,,,,,
In home  (w/display),Temp & Humidity Sensor,2020/12/13 3:20 AM,65.3,60.0,51.1,64.3,,,30.08,,,,,,,,,,,,,
In home  (w/display),Temp & Humidity Sensor,2020/12/13 3:25 AM,65.3,60.0,51.1,64.3,,,30.08,,,,,,,,,,,,,
In home  (w/display),Temp & Humidity Sensor,2020/12/13 3:30 AM,65.3,60.0,51.1,64.3,,,30.08,,,,,,,,,,,,,
In home  (w/display),Temp & Humidity Sensor,2020/12/13 3:35 AM,65.1,60.0,50.9,64.1,,,30.08,,,,,,,,,,,,,
In home  (w/display),Temp & Humidity Sensor,2020/12/13 3:40 AM,65.1,60.0,50.9,64.1,,,30.08,,,,,,,,,,,,,
In home  (w/display),Temp & Humidity Sensor,2020/12/13 3:45 AM,65.1,60.0,50.9,64.1,,,30.07,,,,,,,,,,,,,
In home  (w/display),Temp & Humidity Sensor,2020/12/13 3:50 AM,65.1,60.0,50.9,64.1,,,30.07,,,,,,,,,,,,,
In home  (w/display),Temp & Humidity Sensor,2020/12/13 3:55 AM,65.1,60.0,50.9,64.1,,,30.07,,,,,,,,,,,,,
In home  (w/display),Temp & Humidity Sensor,2020/12/13 4:00 AM,64.9,61.0,51.1,64.0,,,30.07,,,,,,,,,,,,,
In home  (w/display),Temp & Humidity Sensor,2020/12/13 4:05 AM,64.9,60.0,50.7,63.9,,,30.07,,,,,,,,,,,,,
In home  (w/display),Temp & Humidity Sensor,2020/12/13 4:10 AM,64.9,60.0,50.7,63.9,,,30.07,,,,,,,,,,,,,
In home  (w/display),Temp & Humidity Sensor,2020/12/13 4:15 AM,64.9,60.0,50.7,63.9,,,30.07,,,,,,,,,,,,,
In home  (w/display),Temp & Humidity Sensor,2020/12/13 4:20 AM,64.9,60.0,50.7,63.9,,,30.07,,,,,,,,,,,,,
In home  (w/display),Temp & Humidity Sensor,2020/12/13 4:25 AM,64.9,61.0,51.1,64.0,,,30.07,,,,,,,,,,,,,
In home  (w/display),Temp & Humidity Sensor,2020/12/13 4:30 AM,64.9,60.0,50.7,63.9,,,30.06,,,,,,,,,,,,,
In home  (w/display),Temp & Humidity Sensor,2020/12/13 4:35 AM,64.9,61.0,51.1,64.0,,,30.07,,,,,,,,,,,,,
In home  (w/display),Temp & Humidity Sensor,2020/12/13 4:40 AM,64.9,61.0,51.1,64.0,,,30.07,,,,,,,,,,,,,
In home  (w/display),Temp & Humidity Sensor,2020/12/13 4:45 AM,64.9,61.0,51.1,64.0,,,30.07,,,,,,,,,,,,,
In home  (w/display),Temp & Humidity Sensor,2020/12/13 4:50 AM,64.9,61.0,51.1,64.0,,,30.07,,,,,,,,,,,,,
In home  (w/display),Temp & Humidity Sensor,2020/12/13 4:55 AM,64.9,61.0,51.1,64.0,,,30.08,,,,,,,,,,,,,
In home  (w/display),Temp & Humidity Sensor,2020/12/13 5:00 AM,64.9,61.0,51.1,64.0,,,30.07,,,,,,,,,,,,,
In home  (w/display),Temp & Humidity Sensor,2020/12/13 5:05 AM,64.7,61.0,50.9,63.7,,,30.07,,,,,,,,,,,,,
In home  (w/display),Temp & Humidity Sensor,2020/12/13 5:10 AM,64.7,61.0,50.9,63.7,,,30.08,,,,,,,,,,,,,
In home  (w/display),Temp & Humidity Sensor,2020/12/13 5:15 AM,64.7,61.0,50.9,63.7,,,30.08,,,,,,,,,,,,,
In home  (w/display),Temp & Humidity Sensor,2020/12/13 5:20 AM,64.7,61.0,50.9,63.7,,,30.08,,,,,,,,,,,,,
In home  (w/display),Temp & Humidity Sensor,2020/12/13 5:25 AM,64.7,61.0,50.9,63.7,,,30.08,,,,,,,,,,,,,
In home  (w/display),Temp & Humidity Sensor,2020/12/13 5:30 AM,64.7,61.0,50.9,63.7,,,30.08,,,,,,,,,,,,,
In home  (w/display),Temp & Humidity Sensor,2020/12/13 5:35 AM,64.7,61.0,50.9,63.7,,,30.08,,,,,,,,,,,,,
In home  (w/display),Temp & Humidity Sensor,2020/12/13 5:40 AM,64.5,61.0,50.7,63.5,,,30.08,,,,,,,,,,,,,
In home  (w/display),Temp & Humidity Sensor,2020/12/13 5:45 AM,64.7,61.0,50.9,63.7,,,30.08,,,,,,,,,,,,,
In home  (w/display),Temp & Humidity Sensor,2020/12/13 5:50 AM,65.3,61.0,51.5,64.4,,,30.08,,,,,,,,,,,,,
In home  (w/display),Temp & Humidity Sensor,2020/12/13 5:55 AM,66.0,60.0,51.7,65.1,,,30.07,,,,,,,,,,,,,
In home  (w/display),Temp & Humidity Sensor,2020/12/13 6:00 AM,66.5,59.0,51.7,65.6,,,30.07,,,,,,,,,,,,,
In home  (w/display),Temp & Humidity Sensor,2020/12/13 6:05 AM,66.5,59.0,51.7,65.6,,,30.07,,,,,,,,,,,,,
In home  (w/display),Temp & Humidity Sensor,2020/12/13 6:10 AM,66.3,59.0,51.5,65.4,,,30.08,,,,,,,,,,,,,
In home  (w/display),Temp & Humidity Sensor,2020/12/13 6:15 AM,66.2,59.0,51.4,65.3,,,30.08,,,,,,,,,,,,,
In home  (w/display),Temp & Humidity Sensor,2020/12/13 6:20 AM,66.7,59.0,51.9,65.8,,,30.08,,,,,,,,,,,,,
In home  (w/display),Temp & Humidity Sensor,2020/12/13 6:25 AM,67.1,59.0,52.3,66.3,,,30.08,,,,,,,,,,,,,
In home  (w/display),Temp & Humidity Sensor,2020/12/13 6:30 AM,67.1,59.0,52.3,66.3,,,30.09,,,,,,,,,,,,,
In home  (w/display),Temp & Humidity Sensor,2020/12/13 6:35 AM,66.9,59.0,52.1,66.1,,,30.09,,,,,,,,,,,,,
In home  (w/display),Temp & Humidity Sensor,2020/12/13 6:40 AM,66.7,59.0,51.9,65.8,,,30.09,,,,,,,,,,,,,
In home  (w/display),Temp & Humidity Sensor,2020/12/13 6:45 AM,66.7,59.0,51.9,65.8,,,30.09,,,,,,,,,,,,,
In home  (w/display),Temp & Humidity Sensor,2020/12/13 6:50 AM,67.1,58.0,51.8,66.2,,,30.09,,,,,,,,,,,,,
In home  (w/display),Temp & Humidity Sensor,2020/12/13 6:55 AM,67.2,58.0,51.9,66.3,,,30.09,,,,,,,,,,,,,
In home  (w/display),Temp & Humidity Sensor,2020/12/13 7:00 AM,67.2,58.0,51.9,66.3,,,30.1,,,,,,,,,,,,,
In home  (w/display),Temp & Humidity Sensor,2020/12/13 7:05 AM,67.1,58.0,51.8,66.2,,,30.1,,,,,,,,,,,,,
In home  (w/display),Temp & Humidity Sensor,2020/12/13 7:10 AM,67.1,58.0,51.8,66.2,,,30.09,,,,,,,,,,,,,
In home  (w/display),Temp & Humidity Sensor,2020/12/13 7:15 AM,67.4,58.0,52.1,66.6,,,30.1,,,,,,,,,,,,,
In home  (w/display),Temp & Humidity Sensor,2020/12/13 7:20 AM,67.6,58.0,52.3,66.8,,,30.1,,,,,,,,,,,,,
In home  (w/display),Temp & Humidity Sensor,2020/12/13 7:25 AM,67.6,58.0,52.3,66.8,,,30.1,,,,,,,,,,,,,
In home  (w/display),Temp & Humidity Sensor,2020/12/13 7:30 AM,67.4,58.0,52.1,66.6,,,30.1,,,,,,,,,,,,,
In home  (w/display),Temp & Humidity Sensor,2020/12/13 7:35 AM,67.2,58.0,51.9,66.3,,,30.1,,,,,,,,,,,,,
In home  (w/display),Temp & Humidity Sensor,2020/12/13 7:40 AM,67.2,58.0,51.9,66.3,,,30.1,,,,,,,,,,,,,
In home  (w/display),Temp & Humidity Sensor,2020/12/13 7:45 AM,67.1,58.0,51.8,66.2,,,30.1,,,,,,,,,,,,,
In home  (w/display),Temp & Humidity Sensor,2020/12/13 7:50 AM,67.4,58.0,52.1,66.6,,,30.1,,,,,,,,,,,,,
In home  (w/display),Temp & Humidity Sensor,2020/12/13 7:55 AM,67.6,58.0,52.3,66.8,,,30.1,,,,,,,,,,,,,
In home  (w/display),Temp & Humidity Sensor,2020/12/13 8:00 AM,67.4,58.0,52.1,66.6,,,30.1,,,,,,,,,,,,,
In home  (w/display),Temp & Humidity Sensor,2020/12/13 8:05 AM,67.2,58.0,51.9,66.3,,,30.1,,,,,,,,,,,,,
In home  (w/display),Temp & Humidity Sensor,2020/12/13 8:10 AM,67.2,58.0,51.9,66.3,,,30.11,,,,,,,,,,,,,
In home  (w/display),Temp & Humidity Sensor,2020/12/13 8:15 AM,67.1,58.0,51.8,66.2,,,30.11,,,,,,,,,,,,,
In home  (w/display),Temp & Humidity Sensor,2020/12/13 8:20 AM,67.1,58.0,51.8,66.2,,,30.12,,,,,,,,,,,,,
In home  (w/display),Temp & Humidity Sensor,2020/12/13 8:25 AM,67.1,58.0,51.8,66.2,,,30.11,,,,,,,,,,,,,
In home  (w/display),Temp & Humidity Sensor,2020/12/13 8:30 AM,67.1,58.0,51.8,66.2,,,30.11,,,,,,,,,,,,,
In home  (w/display),Temp & Humidity Sensor,2020/12/13 8:35 AM,66.9,59.0,52.1,66.1,,,30.11,,,,,,,,,,,,,
In home  (w/display),Temp & Humidity Sensor,2020/12/13 8:40 AM,66.9,59.0,52.1,66.1,,,30.11,,,,,,,,,,,,,
In home  (w/display),Temp & Humidity Sensor,2020/12/13 8:45 AM,66.9,59.0,52.1,66.1,,,30.11,,,,,,,,,,,,,
In home  (w/display),Temp & Humidity Sensor,2020/12/13 8:50 AM,67.1,59.0,52.3,66.3,,,30.11,,,,,,,,,,,,,
In home  (w/display),Temp & Humidity Sensor,2020/12/13 8:55 AM,66.9,59.0,52.1,66.1,,,30.11,,,,,,,,,,,,,
In home  (w/display),Temp & Humidity Sensor,2020/12/13 9:00 AM,66.9,59.0,52.1,66.1,,,30.11,,,,,,,,,,,,,
In home  (w/display),Temp & Humidity Sensor,2020/12/13 9:05 AM,66.9,59.0,52.1,66.1,,,30.11,,,,,,,,,,,,,
In home  (w/display),Temp & Humidity Sensor,2020/12/13 9:10 AM,66.9,59.0,52.1,66.1,,,30.11,,,,,,,,,,,,,
In home  (w/display),Temp & Humidity Sensor,2020/12/13 9:15 AM,66.9,59.0,52.1,66.1,,,30.12,,,,,,,,,,,,,
In home  (w/display),Temp & Humidity Sensor,2020/12/13 9:20 AM,66.9,59.0,52.1,66.1,,,30.12,,,,,,,,,,,,,
In home  (w/display),Temp & Humidity Sensor,2020/12/13 9:25 AM,66.9,59.0,52.1,66.1,,,30.12,,,,,,,,,,,,,
In home  (w/display),Temp & Humidity Sensor,2020/12/13 9:30 AM,66.9,59.0,52.1,66.1,,,30.12,,,,,,,,,,,,,
In home  (w/display),Temp & Humidity Sensor,2020/12/13 9:35 AM,66.7,59.0,51.9,65.8,,,30.12,,,,,,,,,,,,,
In home  (w/display),Temp & Humidity Sensor,2020/12/13 9:40 AM,66.7,59.0,51.9,65.8,,,30.11,,,,,,,,,,,,,
In home  (w/display),Temp & Humidity Sensor,2020/12/13 9:45 AM,66.9,59.0,52.1,66.1,,,30.11,,,,,,,,,,,,,
In home  (w/display),Temp & Humidity Sensor,2020/12/13 9:50 AM,66.7,59.0,51.9,65.8,,,30.11,,,,,,,,,,,,,
In home  (w/display),Temp & Humidity Sensor,2020/12/13 9:55 AM,66.9,59.0,52.1,66.1,,,30.11,,,,,,,,,,,,,
In home  (w/display),Temp & Humidity Sensor,2020/12/13 10:00 AM,66.7,59.0,51.9,65.8,,,30.11,,,,,,,,,,,,,
In home  (w/display),Temp & Humidity Sensor,2020/12/13 10:05 AM,66.9,59.0,52.1,66.1,,,30.11,,,,,,,,,,,,,
In home  (w/display),Temp & Humidity Sensor,2020/12/13 10:10 AM,66.7,60.0,52.4,65.9,,,30.11,,,,,,,,,,,,,
In home  (w/display),Temp & Humidity Sensor,2020/12/13 10:15 AM,66.7,60.0,52.4,65.9,,,30.11,,,,,,,,,,,,,
In home  (w/display),Temp & Humidity Sensor,2020/12/13 10:20 AM,66.7,60.0,52.4,65.9,,,30.1,,,,,,,,,,,,,
In home  (w/display),Temp & Humidity Sensor,2020/12/13 10:25 AM,67.1,60.0,52.7,66.3,,,30.1,,,,,,,,,,,,,
In home  (w/display),Temp & Humidity Sensor,2020/12/13 10:30 AM,67.1,60.0,52.7,66.3,,,30.11,,,,,,,,,,,,,
In home  (w/display),Temp & Humidity Sensor,2020/12/13 10:35 AM,67.1,60.0,52.7,66.3,,,30.11,,,,,,,,,,,,,
In home  (w/display),Temp & Humidity Sensor,2020/12/13 10:40 AM,67.1,60.0,52.7,66.3,,,30.11,,,,,,,,,,,,,
In home  (w/display),Temp & Humidity Sensor,2020/12/13 10:45 AM,67.1,60.0,52.7,66.3,,,30.11,,,,,,,,,,,,,
In home  (w/display),Temp & Humidity Sensor,2020/12/13 10:50 AM,67.1,60.0,52.7,66.3,,,30.11,,,,,,,,,,,,,
In home  (w/display),Temp & Humidity Sensor,2020/12/13 10:55 AM,66.9,60.0,52.6,66.1,,,30.1,,,,,,,,,,,,,
In home  (w/display),Temp & Humidity Sensor,2020/12/13 11:00 AM,67.1,60.0,52.7,66.3,,,30.1,,,,,,,,,,,,,
In home  (w/display),Temp & Humidity Sensor,2020/12/13 11:05 AM,66.9,60.0,52.6,66.1,,,30.1,,,,,,,,,,,,,
In home  (w/display),Temp & Humidity Sensor,2020/12/13 11:10 AM,67.1,60.0,52.7,66.3,,,30.1,,,,,,,,,,,,,
In home  (w/display),Temp & Humidity Sensor,2020/12/13 11:15 AM,67.1,60.0,52.7,66.3,,,30.1,,,,,,,,,,,,,
In home  (w/display),Temp & Humidity Sensor,2020/12/13 11:20 AM,67.1,60.0,52.7,66.3,,,30.1,,,,,,,,,,,,,
In home  (w/display),Temp & Humidity Sensor,2020/12/13 11:25 AM,67.1,60.0,52.7,66.3,,,30.09,,,,,,,,,,,,,
In home  (w/display),Temp & Humidity Sensor,2020/12/13 11:30 AM,67.1,60.0,52.7,66.3,,,30.09,,,,,,,,,,,,,
In home  (w/display),Temp & Humidity Sensor,2020/12/13 11:35 AM,67.1,61.0,53.2,66.4,,,30.09,,,,,,,,,,,,,
In home  (w/display),Temp & Humidity Sensor,2020/12/13 11:40 AM,67.1,61.0,53.2,66.4,,,30.09,,,,,,,,,,,,,
In home  (w/display),Temp & Humidity Sensor,2020/12/13 11:45 AM,67.1,62.0,53.6,66.4,,,30.09,,,,,,,,,,,,,
In home  (w/display),Temp & Humidity Sensor,2020/12/13 11:50 AM,67.1,62.0,53.6,66.4,,,30.08,,,,,,,,,,,,,
In home  (w/display),Temp & Humidity Sensor,2020/12/13 11:55 AM,67.1,62.0,53.6,66.4,,,30.08,,,,,,,,,,,,,
In home  (w/display),Temp & Humidity Sensor,2020/12/13 12:00 PM,66.9,63.0,53.9,66.3,,,30.08,,,,,,,,,,,,,
In home  (w/display),Temp & Humidity Sensor,2020/12/13 12:05 PM,67.1,63.0,54.1,66.5,,,30.08,,,,,,,,,,,,,
In home  (w/display),Temp & Humidity Sensor,2020/12/13 12:10 PM,66.9,63.0,53.9,66.3,,,30.08,,,,,,,,,,,,,
In home  (w/display),Temp & Humidity Sensor,2020/12/13 12:15 PM,67.1,63.0,54.1,66.5,,,30.07,,,,,,,,,,,,,
In home  (w/display),Temp & Humidity Sensor,2020/12/13 12:20 PM,67.1,63.0,54.1,66.5,,,30.07,,,,,,,,,,,,,
In home  (w/display),Temp & Humidity Sensor,2020/12/13 12:25 PM,67.1,63.0,54.1,66.5,,,30.07,,,,,,,,,,,,,
In home  (w/display),Temp & Humidity Sensor,2020/12/13 12:30 PM,67.1,63.0,54.1,66.5,,,30.07,,,,,,,,,,,,,
In home  (w/display),Temp & Humidity Sensor,2020/12/13 12:35 PM,67.1,63.0,54.1,66.5,,,30.07,,,,,,,,,,,,,
In home  (w/display),Temp & Humidity Sensor,2020/12/13 12:40 PM,67.1,63.0,54.1,66.5,,,30.07,,,,,,,,,,,,,
In home  (w/display),Temp & Humidity Sensor,2020/12/13 12:45 PM,67.1,63.0,54.1,66.5,,,30.06,,,,,,,,,,,,,
In home  (w/display),Temp & Humidity Sensor,2020/12/13 12:50 PM,67.1,63.0,54.1,66.5,,,30.06,,,,,,,,,,,,,
In home  (w/display),Temp & Humidity Sensor,2020/12/13 12:55 PM,67.1,63.0,54.1,66.5,,,30.06,,,,,,,,,,,,,
In home  (w/display),Temp & Humidity Sensor,2020/12/13 1:00 PM,67.1,63.0,54.1,66.5,,,30.06,,,,,,,,,,,,,
In home  (w/display),Temp & Humidity Sensor,2020/12/13 1:05 PM,67.1,63.0,54.1,66.5,,,30.06,,,,,,,,,,,,,
In home  (w/display),Temp & Humidity Sensor,2020/12/13 1:10 PM,67.2,63.0,54.2,66.6,,,30.05,,,,,,,,,,,,,
In home  (w/display),Temp & Humidity Sensor,2020/12/13 1:15 PM,67.2,63.0,54.2,66.6,,,30.05,,,,,,,,,,,,,
In home  (w/display),Temp & Humidity Sensor,2020/12/13 1:20 PM,67.2,63.0,54.2,66.6,,,30.05,,,,,,,,,,,,,
In home  (w/display),Temp & Humidity Sensor,2020/12/13 1:25 PM,67.2,63.0,54.2,66.6,,,30.05,,,,,,,,,,,,,
In home  (w/display),Temp & Humidity Sensor,2020/12/13 1:30 PM,67.2,63.0,54.2,66.6,,,30.05,,,,,,,,,,,,,
In home  (w/display),Temp & Humidity Sensor,2020/12/13 1:35 PM,67.2,63.0,54.2,66.6,,,30.05,,,,,,,,,,,,,
In home  (w/display),Temp & Humidity Sensor,2020/12/13 1:40 PM,67.2,63.0,54.2,66.6,,,30.04,,,,,,,,,,,,,
In home  (w/display),Temp & Humidity Sensor,2020/12/13 1:45 PM,67.4,63.0,54.4,66.8,,,30.04,,,,,,,,,,,,,
In home  (w/display),Temp & Humidity Sensor,2020/12/13 1:50 PM,67.4,63.0,54.4,66.8,,,30.04,,,,,,,,,,,,,
In home  (w/display),Temp & Humidity Sensor,2020/12/13 1:55 PM,67.4,63.0,54.4,66.8,,,30.04,,,,,,,,,,,,,
In home  (w/display),Temp & Humidity Sensor,2020/12/13 2:00 PM,67.6,63.0,54.5,67.0,,,30.04,,,,,,,,,,,,,
In home  (w/display),Temp & Humidity Sensor,2020/12/13 2:05 PM,67.6,64.0,55.0,67.1,,,30.04,,,,,,,,,,,,,
In home  (w/display),Temp & Humidity Sensor,2020/12/13 2:10 PM,67.6,64.0,55.0,67.1,,,30.04,,,,,,,,,,,,,
In home  (w/display),Temp & Humidity Sensor,2020/12/13 2:15 PM,67.6,64.0,55.0,67.1,,,30.04,,,,,,,,,,,,,
In home  (w/display),Temp & Humidity Sensor,2020/12/13 2:20 PM,67.6,64.0,55.0,67.1,,,30.03,,,,,,,,,,,,,
In home  (w/display),Temp & Humidity Sensor,2020/12/13 2:25 PM,67.6,64.0,55.0,67.1,,,30.04,,,,,,,,,,,,,
In home  (w/display),Temp & Humidity Sensor,2020/12/13 2:30 PM,67.6,64.0,55.0,67.1,,,30.04,,,,,,,,,,,,,
In home  (w/display),Temp & Humidity Sensor,2020/12/13 2:35 PM,67.6,63.0,54.5,67.0,,,30.03,,,,,,,,,,,,,
In home  (w/display),Temp & Humidity Sensor,2020/12/13 2:40 PM,67.6,63.0,54.5,67.0,,,30.04,,,,,,,,,,,,,
In home  (w/display),Temp & Humidity Sensor,2020/12/13 2:45 PM,67.6,63.0,54.5,67.0,,,30.04,,,,,,,,,,,,,
In home  (w/display),Temp & Humidity Sensor,2020/12/13 2:50 PM,67.6,63.0,54.5,67.0,,,30.03,,,,,,,,,,,,,
In home  (w/display),Temp & Humidity Sensor,2020/12/13 2:55 PM,67.6,63.0,54.5,67.0,,,30.03,,,,,,,,,,,,,
In home  (w/display),Temp & Humidity Sensor,2020/12/13 3:00 PM,67.6,63.0,54.5,67.0,,,30.03,,,,,,,,,,,,,
In home  (w/display),Temp & Humidity Sensor,2020/12/13 3:05 PM,67.6,63.0,54.5,67.0,,,30.03,,,,,,,,,,,,,
In home  (w/display),Temp & Humidity Sensor,2020/12/13 3:10 PM,67.6,63.0,54.5,67.0,,,30.04,,,,,,,,,,,,,
In home  (w/display),Temp & Humidity Sensor,2020/12/13 3:15 PM,67.6,63.0,54.5,67.0,,,30.03,,,,,,,,,,,,,
In home  (w/display),Temp & Humidity Sensor,2020/12/13 3:20 PM,67.6,63.0,54.5,67.0,,,30.03,,,,,,,,,,,,,
In home  (w/display),Temp & Humidity Sensor,2020/12/13 3:25 PM,67.6,63.0,54.5,67.0,,,30.03,,,,,,,,,,,,,
In home  (w/display),Temp & Humidity Sensor,2020/12/13 3:30 PM,67.4,63.0,54.4,66.8,,,30.03,,,,,,,,,,,,,
In home  (w/display),Temp & Humidity Sensor,2020/12/13 3:35 PM,67.4,63.0,54.4,66.8,,,30.03,,,,,,,,,,,,,
In home  (w/display),Temp & Humidity Sensor,2020/12/13 3:40 PM,67.6,63.0,54.5,67.0,,,30.03,,,,,,,,,,,,,
In home  (w/display),Temp & Humidity Sensor,2020/12/13 3:45 PM,67.4,63.0,54.4,66.8,,,30.03,,,,,,,,,,,,,
In home  (w/display),Temp & Humidity Sensor,2020/12/13 3:50 PM,67.4,63.0,54.4,66.8,,,30.03,,,,,,,,,,,,,
In home  (w/display),Temp & Humidity Sensor,2020/12/13 3:55 PM,67.4,63.0,54.4,66.8,,,30.03,,,,,,,,,,,,,
In home  (w/display),Temp & Humidity Sensor,2020/12/13 4:00 PM,67.4,63.0,54.4,66.8,,,30.03,,,,,,,,,,,,,
In home  (w/display),Temp & Humidity Sensor,2020/12/13 4:05 PM,67.2,63.0,54.2,66.6,,,30.03,,,,,,,,,,,,,
In home  (w/display),Temp & Humidity Sensor,2020/12/13 4:10 PM,67.2,63.0,54.2,66.6,,,30.03,,,,,,,,,,,,,
In home  (w/display),Temp & Humidity Sensor,2020/12/13 4:15 PM,67.4,61.0,53.5,66.7,,,30.03,,,,,,,,,,,,,
In home  (w/display),Temp & Humidity Sensor,2020/12/13 4:20 PM,67.6,59.0,52.8,66.8,,,30.03,,,,,,,,,,,,,
In home  (w/display),Temp & Humidity Sensor,2020/12/13 4:25 PM,67.8,59.0,52.9,67.1,,,30.03,,,,,,,,,,,,,
In home  (w/display),Temp & Humidity Sensor,2020/12/13 4:30 PM,68.0,58.0,52.7,67.2,,,30.03,,,,,,,,,,,,,
In home  (w/display),Temp & Humidity Sensor,2020/12/13 4:35 PM,68.1,58.0,52.8,67.3,,,30.04,,,,,,,,,,,,,
In home  (w/display),Temp & Humidity Sensor,2020/12/13 4:40 PM,68.1,57.0,52.3,67.3,,,30.03,,,,,,,,,,,,,
In home  (w/display),Temp & Humidity Sensor,2020/12/13 4:45 PM,68.3,57.0,52.5,67.5,,,30.03,,,,,,,,,,,,,
In home  (w/display),Temp & Humidity Sensor,2020/12/13 4:50 PM,68.5,56.0,52.2,67.7,,,30.03,,,,,,,,,,,,,
In home  (w/display),Temp & Humidity Sensor,2020/12/13 4:55 PM,68.5,56.0,52.2,67.7,,,30.03,,,,,,,,,,,,,
In home  (w/display),Temp & Humidity Sensor,2020/12/13 5:00 PM,68.5,55.0,51.7,67.6,,,30.03,,,,,,,,,,,,,
In home  (w/display),Temp & Humidity Sensor,2020/12/13 5:05 PM,68.5,55.0,51.7,67.6,,,30.03,,,,,,,,,,,,,
In home  (w/display),Temp & Humidity Sensor,2020/12/13 5:10 PM,68.7,55.0,51.9,67.9,,,30.03,,,,,,,,,,,,,
In home  (w/display),Temp & Humidity Sensor,2020/12/13 5:15 PM,68.7,55.0,51.9,67.9,,,30.04,,,,,,,,,,,,,
In home  (w/display),Temp & Humidity Sensor,2020/12/13 5:20 PM,68.7,55.0,51.9,67.9,,,30.04,,,,,,,,,,,,,
In home  (w/display),Temp & Humidity Sensor,2020/12/13 5:25 PM,68.9,54.0,51.6,68.0,,,30.03,,,,,,,,,,,,,
In home  (w/display),Temp & Humidity Sensor,2020/12/13 5:30 PM,68.9,54.0,51.6,68.0,,,30.03,,,,,,,,,,,,,
In home  (w/display),Temp & Humidity Sensor,2020/12/13 5:35 PM,68.9,54.0,51.6,68.0,,,30.03,,,,,,,,,,,,,
In home  (w/display),Temp & Humidity Sensor,2020/12/13 5:40 PM,69.0,54.0,51.7,68.1,,,30.03,,,,,,,,,,,,,
In home  (w/display),Temp & Humidity Sensor,2020/12/13 5:45 PM,69.0,54.0,51.7,68.1,,,30.03,,,,,,,,,,,,,
In home  (w/display),Temp & Humidity Sensor,2020/12/13 5:50 PM,69.0,54.0,51.7,68.1,,,30.03,,,,,,,,,,,,,
In home  (w/display),Temp & Humidity Sensor,2020/12/13 5:55 PM,69.0,54.0,51.7,68.1,,,30.04,,,,,,,,,,,,,
In home  (w/display),Temp & Humidity Sensor,2020/12/13 6:00 PM,69.2,53.0,51.3,68.3,,,30.04,,,,,,,,,,,,,
In home  (w/display),Temp & Humidity Sensor,2020/12/13 6:05 PM,69.0,53.0,51.1,68.1,,,30.04,,,,,,,,,,,,,
In home  (w/display),Temp & Humidity Sensor,2020/12/13 6:10 PM,69.0,53.0,51.1,68.1,,,30.04,,,,,,,,,,,,,
In home  (w/display),Temp & Humidity Sensor,2020/12/13 6:15 PM,69.0,54.0,51.7,68.1,,,30.04,,,,,,,,,,,,,
In home  (w/display),Temp & Humidity Sensor,2020/12/13 6:20 PM,68.9,54.0,51.6,68.0,,,30.04,,,,,,,,,,,,,
In home  (w/display),Temp & Humidity Sensor,2020/12/13 6:25 PM,68.7,55.0,51.9,67.9,,,30.04,,,,,,,,,,,,,
In home  (w/display),Temp & Humidity Sensor,2020/12/13 6:30 PM,68.5,55.0,51.7,67.6,,,30.05,,,,,,,,,,,,,
In home  (w/display),Temp & Humidity Sensor,2020/12/13 6:35 PM,68.5,56.0,52.2,67.7,,,30.04,,,,,,,,,,,,,
In home  (w/display),Temp & Humidity Sensor,2020/12/13 6:40 PM,68.3,56.0,52.0,67.5,,,30.04,,,,,,,,,,,,,
In home  (w/display),Temp & Humidity Sensor,2020/12/13 6:45 PM,68.3,57.0,52.5,67.5,,,30.04,,,,,,,,,,,,,
In home  (w/display),Temp & Humidity Sensor,2020/12/13 6:50 PM,68.1,57.0,52.3,67.3,,,30.04,,,,,,,,,,,,,
In home  (w/display),Temp & Humidity Sensor,2020/12/13 6:55 PM,68.1,57.0,52.3,67.3,,,30.04,,,,,,,,,,,,,
In home  (w/display),Temp & Humidity Sensor,2020/12/13 7:00 PM,68.1,57.0,52.3,67.3,,,30.04,,,,,,,,,,,,,
In home  (w/display),Temp & Humidity Sensor,2020/12/13 7:05 PM,68.1,58.0,52.8,67.3,,,30.03,,,,,,,,,,,,,
In home  (w/display),Temp & Humidity Sensor,2020/12/13 7:10 PM,68.1,58.0,52.8,67.3,,,30.04,,,,,,,,,,,,,
In home  (w/display),Temp & Humidity Sensor,2020/12/13 7:15 PM,68.0,58.0,52.7,67.2,,,30.04,,,,,,,,,,,,,
In home  (w/display),Temp & Humidity Sensor,2020/12/13 7:20 PM,67.8,58.0,52.5,67.0,,,30.03,,,,,,,,,,,,,
In home  (w/display),Temp & Humidity Sensor,2020/12/13 7:25 PM,68.0,58.0,52.7,67.2,,,30.03,,,,,,,,,,,,,
In home  (w/display),Temp & Humidity Sensor,2020/12/13 7:30 PM,67.8,58.0,52.5,67.0,,,30.03,,,,,,,,,,,,,
In home  (w/display),Temp & Humidity Sensor,2020/12/13 7:35 PM,67.8,59.0,52.9,67.1,,,30.03,,,,,,,,,,,,,
In home  (w/display),Temp & Humidity Sensor,2020/12/13 7:40 PM,67.8,59.0,52.9,67.1,,,30.02,,,,,,,,,,,,,
In home  (w/display),Temp & Humidity Sensor,2020/12/13 7:45 PM,67.8,59.0,52.9,67.1,,,30.03,,,,,,,,,,,,,
In home  (w/display),Temp & Humidity Sensor,2020/12/13 7:50 PM,67.8,59.0,52.9,67.1,,,30.03,,,,,,,,,,,,,
In home  (w/display),Temp & Humidity Sensor,2020/12/13 7:55 PM,67.8,59.0,52.9,67.1,,,30.02,,,,,,,,,,,,,
In home  (w/display),Temp & Humidity Sensor,2020/12/13 8:00 PM,67.8,60.0,53.4,67.1,,,30.03,,,,,,,,,,,,,
In home  (w/display),Temp & Humidity Sensor,2020/12/13 8:05 PM,67.8,60.0,53.4,67.1,,,30.03,,,,,,,,,,,,,
In home  (w/display),Temp & Humidity Sensor,2020/12/13 8:10 PM,67.8,60.0,53.4,67.1,,,30.03,,,,,,,,,,,,,
In home  (w/display),Temp & Humidity Sensor,2020/12/13 8:15 PM,67.8,60.0,53.4,67.1,,,30.03,,,,,,,,,,,,,
In home  (w/display),Temp & Humidity Sensor,2020/12/13 8:20 PM,68.0,60.0,53.6,67.3,,,30.03,,,,,,,,,,,,,
In home  (w/display),Temp & Humidity Sensor,2020/12/13 8:25 PM,68.0,60.0,53.6,67.3,,,30.02,,,,,,,,,,,,,
In home  (w/display),Temp & Humidity Sensor,2020/12/13 8:30 PM,68.1,60.0,53.7,67.4,,,30.03,,,,,,,,,,,,,
In home  (w/display),Temp & Humidity Sensor,2020/12/13 8:35 PM,68.1,60.0,53.7,67.4,,,30.02,,,,,,,,,,,,,
In home  (w/display),Temp & Humidity Sensor,2020/12/13 8:40 PM,68.1,60.0,53.7,67.4,,,30.03,,,,,,,,,,,,,
In home  (w/display),Temp & Humidity Sensor,2020/12/13 8:45 PM,68.1,60.0,53.7,67.4,,,30.02,,,,,,,,,,,,,
In home  (w/display),Temp & Humidity Sensor,2020/12/13 8:50 PM,68.1,60.0,53.7,67.4,,,30.03,,,,,,,,,,,,,
In home  (w/display),Temp & Humidity Sensor,2020/12/13 8:55 PM,68.1,60.0,53.7,67.4,,,30.03,,,,,,,,,,,,,
In home  (w/display),Temp & Humidity Sensor,2020/12/13 9:00 PM,68.1,60.0,53.7,67.4,,,30.03,,,,,,,,,,,,,
In home  (w/display),Temp & Humidity Sensor,2020/12/13 9:05 PM,68.1,60.0,53.7,67.4,,,30.03,,,,,,,,,,,,,
In home  (w/display),Temp & Humidity Sensor,2020/12/13 9:10 PM,68.1,60.0,53.7,67.4,,,30.02,,,,,,,,,,,,,
In home  (w/display),Temp & Humidity Sensor,2020/12/13 9:15 PM,68.1,60.0,53.7,67.4,,,30.02,,,,,,,,,,,,,
In home  (w/display),Temp & Humidity Sensor,2020/12/13 9:20 PM,68.1,60.0,53.7,67.4,,,30.02,,,,,,,,,,,,,
In home  (w/display),Temp & Humidity Sensor,2020/12/13 9:25 PM,68.1,60.0,53.7,67.4,,,30.02,,,,,,,,,,,,,
In home  (w/display),Temp & Humidity Sensor,2020/12/13 9:30 PM,68.1,60.0,53.7,67.4,,,30.02,,,,,,,,,,,,,
In home  (w/display),Temp & Humidity Sensor,2020/12/13 9:35 PM,68.1,60.0,53.7,67.4,,,30.02,,,,,,,,,,,,,
In home  (w/display),Temp & Humidity Sensor,2020/12/13 9:40 PM,68.1,60.0,53.7,67.4,,,30.01,,,,,,,,,,,,,
In home  (w/display),Temp & Humidity Sensor,2020/12/13 9:45 PM,68.1,60.0,53.7,67.4,,,30.01,,,,,,,,,,,,,
In home  (w/display),Temp & Humidity Sensor,2020/12/13 9:50 PM,68.1,60.0,53.7,67.4,,,30.01,,,,,,,,,,,,,
In home  (w/display),Temp & Humidity Sensor,2020/12/13 9:55 PM,68.1,60.0,53.7,67.4,,,30.0,,,,,,,,,,,,,
In home  (w/display),Temp & Humidity Sensor,2020/12/13 10:00 PM,68.0,60.0,53.6,67.3,,,30.01,,,,,,,,,,,,,
In home  (w/display),Temp & Humidity Sensor,2020/12/13 10:05 PM,68.0,59.0,53.1,67.3,,,30.0,,,,,,,,,,,,,
In home  (w/display),Temp & Humidity Sensor,2020/12/13 10:10 PM,68.0,59.0,53.1,67.3,,,30.0,,,,,,,,,,,,,
In home  (w/display),Temp & Humidity Sensor,2020/12/13 10:15 PM,67.8,59.0,52.9,67.1,,,30.0,,,,,,,,,,,,,
In home  (w/display),Temp & Humidity Sensor,2020/12/13 10:20 PM,67.8,59.0,52.9,67.1,,,30.0,,,,,,,,,,,,,
In home  (w/display),Temp & Humidity Sensor,2020/12/13 10:25 PM,67.8,59.0,52.9,67.1,,,30.01,,,,,,,,,,,,,
In home  (w/display),Temp & Humidity Sensor,2020/12/13 10:30 PM,67.6,59.0,52.8,66.8,,,30.0,,,,,,,,,,,,,
In home  (w/display),Temp & Humidity Sensor,2020/12/13 10:35 PM,67.6,59.0,52.8,66.8,,,30.01,,,,,,,,,,,,,
In home  (w/display),Temp & Humidity Sensor,2020/12/13 10:40 PM,67.4,59.0,52.6,66.6,,,30.0,,,,,,,,,,,,,
In home  (w/display),Temp & Humidity Sensor,2020/12/13 10:45 PM,67.2,59.0,52.4,66.4,,,30.0,,,,,,,,,,,,,
In home  (w/display),Temp & Humidity Sensor,2020/12/13 10:50 PM,67.2,59.0,52.4,66.4,,,30.0,,,,,,,,,,,,,
In home  (w/display),Temp & Humidity Sensor,2020/12/13 10:55 PM,67.2,60.0,52.8,66.4,,,30.01,,,,,,,,,,,,,
In home  (w/display),Temp & Humidity Sensor,2020/12/13 11:00 PM,67.2,60.0,52.8,66.4,,,30.01,,,,,,,,,,,,,
In home  (w/display),Temp & Humidity Sensor,2020/12/13 11:05 PM,67.1,59.0,52.3,66.3,,,30.01,,,,,,,,,,,,,
In home  (w/display),Temp & Humidity Sensor,2020/12/13 11:10 PM,67.1,60.0,52.7,66.3,,,30.0,,,,,,,,,,,,,
In home  (w/display),Temp & Humidity Sensor,2020/12/13 11:15 PM,67.1,59.0,52.3,66.3,,,30.0,,,,,,,,,,,,,
In home  (w/display),Temp & Humidity Sensor,2020/12/13 11:20 PM,66.9,60.0,52.6,66.1,,,30.0,,,,,,,,,,,,,
In home  (w/display),Temp & Humidity Sensor,2020/12/13 11:25 PM,66.9,60.0,52.6,66.1,,,30.0,,,,,,,,,,,,,
In home  (w/display),Temp & Humidity Sensor,2020/12/13 11:30 PM,66.9,60.0,52.6,66.1,,,30.01,,,,,,,,,,,,,
In home  (w/display),Temp & Humidity Sensor,2020/12/13 11:35 PM,66.7,60.0,52.4,65.9,,,30.0,,,,,,,,,,,,,
In home  (w/display),Temp & Humidity Sensor,2020/12/13 11:40 PM,66.7,60.0,52.4,65.9,,,30.0,,,,,,,,,,,,,
In home  (w/display),Temp & Humidity Sensor,2020/12/13 11:45 PM,66.7,60.0,52.4,65.9,,,29.99,,,,,,,,,,,,,
In home  (w/display),Temp & Humidity Sensor,2020/12/13 11:50 PM,66.5,60.0,52.2,65.7,,,29.99,,,,,,,,,,,,,
In home  (w/display),Temp & Humidity Sensor,2020/12/13 11:55 PM,66.5,60.0,52.2,65.7,,,29.99,,,,,,,,,,,,,
In home  (w/display),Temp & Humidity Sensor,2020/12/14 12:00 AM,66.3,60.0,52.0,65.4,,,29.99,,,,,,,,,,,,,
In home  (w/display),Temp & Humidity Sensor,2020/12/14 12:05 AM,66.3,60.0,52.0,65.4,,,29.99,,,,,,,,,,,,,
In home  (w/display),Temp & Humidity Sensor,2020/12/14 12:10 AM,66.3,60.0,52.0,65.4,,,29.98,,,,,,,,,,,,,
In home  (w/display),Temp & Humidity Sensor,2020/12/14 12:15 AM,66.3,60.0,52.0,65.4,,,29.98,,,,,,,,,,,,,
In home  (w/display),Temp & Humidity Sensor,2020/12/14 12:20 AM,66.3,60.0,52.0,65.4,,,29.98,,,,,,,,,,,,,
In home  (w/display),Temp & Humidity Sensor,2020/12/14 12:25 AM,66.3,60.0,52.0,65.4,,,29.98,,,,,,,,,,,,,
In home  (w/display),Temp & Humidity Sensor,2020/12/14 12:30 AM,66.2,60.0,51.9,65.3,,,29.97,,,,,,,,,,,,,
In home  (w/display),Temp & Humidity Sensor,2020/12/14 12:35 AM,66.2,60.0,51.9,65.3,,,29.97,,,,,,,,,,,,,
In home  (w/display),Temp & Humidity Sensor,2020/12/14 12:40 AM,66.2,60.0,51.9,65.3,,,29.97,,,,,,,,,,,,,
In home  (w/display),Temp & Humidity Sensor,2020/12/14 12:45 AM,66.0,61.0,52.2,65.2,,,29.96,,,,,,,,,,,,,
In home  (w/display),Temp & Humidity Sensor,2020/12/14 12:50 AM,66.0,61.0,52.2,65.2,,,29.96,,,,,,,,,,,,,
In home  (w/display),Temp & Humidity Sensor,2020/12/14 12:55 AM,66.0,61.0,52.2,65.2,,,29.97,,,,,,,,,,,,,
In home  (w/display),Temp & Humidity Sensor,2020/12/14 1:00 AM,66.0,61.0,52.2,65.2,,,29.97,,,,,,,,,,,,,
In home  (w/display),Temp & Humidity Sensor,2020/12/14 1:05 AM,66.0,61.0,52.2,65.2,,,29.97,,,,,,,,,,,,,
In home  (w/display),Temp & Humidity Sensor,2020/12/14 1:10 AM,66.0,61.0,52.2,65.2,,,29.96,,,,,,,,,,,,,
In home  (w/display),Temp & Humidity Sensor,2020/12/14 1:15 AM,65.8,61.0,52.0,64.9,,,29.96,,,,,,,,,,,,,
In home  (w/display),Temp & Humidity Sensor,2020/12/14 1:20 AM,65.8,61.0,52.0,64.9,,,29.96,,,,,,,,,,,,,
In home  (w/display),Temp & Humidity Sensor,2020/12/14 1:25 AM,65.8,61.0,52.0,64.9,,,29.96,,,,,,,,,,,,,
In home  (w/display),Temp & Humidity Sensor,2020/12/14 1:30 AM,65.8,61.0,52.0,64.9,,,29.96,,,,,,,,,,,,,
In home  (w/display),Temp & Humidity Sensor,2020/12/14 1:35 AM,65.8,61.0,52.0,64.9,,,29.96,,,,,,,,,,,,,
In home  (w/display),Temp & Humidity Sensor,2020/12/14 1:40 AM,65.8,61.0,52.0,64.9,,,29.96,,,,,,,,,,,,,
In home  (w/display),Temp & Humidity Sensor,2020/12/14 1:45 AM,65.8,61.0,52.0,64.9,,,29.95,,,,,,,,,,,,,
In home  (w/display),Temp & Humidity Sensor,2020/12/14 1:50 AM,65.6,61.0,51.8,64.7,,,29.95,,,,,,,,,,,,,
In home  (w/display),Temp & Humidity Sensor,2020/12/14 1:55 AM,65.6,61.0,51.8,64.7,,,29.96,,,,,,,,,,,,,
In home  (w/display),Temp & Humidity Sensor,2020/12/14 2:00 AM,65.6,61.0,51.8,64.7,,,29.95,,,,,,,,,,,,,
In home  (w/display),Temp & Humidity Sensor,2020/12/14 2:05 AM,65.6,61.0,51.8,64.7,,,29.95,,,,,,,,,,,,,
In home  (w/display),Temp & Humidity Sensor,2020/12/14 2:10 AM,65.4,61.0,51.6,64.5,,,29.95,,,,,,,,,,,,,
In home  (w/display),Temp & Humidity Sensor,2020/12/14 2:15 AM,65.4,61.0,51.6,64.5,,,29.94,,,,,,,,,,,,,
In home  (w/display),Temp & Humidity Sensor,2020/12/14 2:20 AM,65.4,61.0,51.6,64.5,,,29.94,,,,,,,,,,,,,
In home  (w/display),Temp & Humidity Sensor,2020/12/14 2:25 AM,65.4,61.0,51.6,64.5,,,29.95,,,,,,,,,,,,,
In home  (w/display),Temp & Humidity Sensor,2020/12/14 2:30 AM,65.4,61.0,51.6,64.5,,,29.94,,,,,,,,,,,,,
In home  (w/display),Temp & Humidity Sensor,2020/12/14 2:35 AM,65.4,61.0,51.6,64.5,,,29.94,,,,,,,,,,,,,
In home  (w/display),Temp & Humidity Sensor,2020/12/14 2:40 AM,65.4,61.0,51.6,64.5,,,29.93,,,,,,,,,,,,,
In home  (w/display),Temp & Humidity Sensor,2020/12/14 2:45 AM,65.3,61.0,51.5,64.4,,,29.91,,,,,,,,,,,,,
In home  (w/display),Temp & Humidity Sensor,2020/12/14 2:50 AM,65.3,61.0,51.5,64.4,,,29.91,,,,,,,,,,,,,
In home  (w/display),Temp & Humidity Sensor,2020/12/14 2:55 AM,65.3,61.0,51.5,64.4,,,29.9,,,,,,,,,,,,,
In home  (w/display),Temp & Humidity Sensor,2020/12/14 3:00 AM,65.3,61.0,51.5,64.4,,,29.9,,,,,,,,,,,,,
In home  (w/display),Temp & Humidity Sensor,2020/12/14 3:05 AM,65.3,62.0,51.9,64.4,,,29.91,,,,,,,,,,,,,
In home  (w/display),Temp & Humidity Sensor,2020/12/14 3:10 AM,65.3,61.0,51.5,64.4,,,29.9,,,,,,,,,,,,,
In home  (w/display),Temp & Humidity Sensor,2020/12/14 3:15 AM,65.3,61.0,51.5,64.4,,,29.89,,,,,,,,,,,,,
In home  (w/display),Temp & Humidity Sensor,2020/12/14 3:20 AM,65.3,61.0,51.5,64.4,,,29.89,,,,,,,,,,,,,
In home  (w/display),Temp & Humidity Sensor,2020/12/14 3:25 AM,65.3,61.0,51.5,64.4,,,29.89,,,,,,,,,,,,,
In home  (w/display),Temp & Humidity Sensor,2020/12/14 3:30 AM,65.3,61.0,51.5,64.4,,,29.89,,,,,,,,,,,,,
In home  (w/display),Temp & Humidity Sensor,2020/12/14 3:35 AM,65.3,61.0,51.5,64.4,,,29.88,,,,,,,,,,,,,
In home  (w/display),Temp & Humidity Sensor,2020/12/14 3:40 AM,65.1,61.0,51.3,64.2,,,29.88,,,,,,,,,,,,,
In home  (w/display),Temp & Humidity Sensor,2020/12/14 3:45 AM,65.1,61.0,51.3,64.2,,,29.88,,,,,,,,,,,,,
In home  (w/display),Temp & Humidity Sensor,2020/12/14 3:50 AM,65.1,62.0,51.8,64.2,,,29.87,,,,,,,,,,,,,
In home  (w/display),Temp & Humidity Sensor,2020/12/14 3:55 AM,64.9,61.0,51.1,64.0,,,29.87,,,,,,,,,,,,,
In home  (w/display),Temp & Humidity Sensor,2020/12/14 4:00 AM,65.1,61.0,51.3,64.2,,,29.86,,,,,,,,,,,,,
In home  (w/display),Temp & Humidity Sensor,2020/12/14 4:05 AM,64.9,61.0,51.1,64.0,,,29.86,,,,,,,,,,,,,
In home  (w/display),Temp & Humidity Sensor,2020/12/14 4:10 AM,65.1,61.0,51.3,64.2,,,29.86,,,,,,,,,,,,,
In home  (w/display),Temp & Humidity Sensor,2020/12/14 4:15 AM,64.9,61.0,51.1,64.0,,,29.86,,,,,,,,,,,,,
In home  (w/display),Temp & Humidity Sensor,2020/12/14 4:20 AM,64.9,61.0,51.1,64.0,,,29.85,,,,,,,,,,,,,
In home  (w/display),Temp & Humidity Sensor,2020/12/14 4:25 AM,64.9,62.0,51.6,64.0,,,29.85,,,,,,,,,,,,,
In home  (w/display),Temp & Humidity Sensor,2020/12/14 4:30 AM,64.9,62.0,51.6,64.0,,,29.87,,,,,,,,,,,,,
In home  (w/display),Temp & Humidity Sensor,2020/12/14 4:35 AM,64.9,62.0,51.6,64.0,,,29.86,,,,,,,,,,,,,
In home  (w/display),Temp & Humidity Sensor,2020/12/14 4:40 AM,64.9,62.0,51.6,64.0,,,29.86,,,,,,,,,,,,,
In home  (w/display),Temp & Humidity Sensor,2020/12/14 4:45 AM,64.9,62.0,51.6,64.0,,,29.86,,,,,,,,,,,,,
In home  (w/display),Temp & Humidity Sensor,2020/12/14 4:50 AM,64.9,62.0,51.6,64.0,,,29.86,,,,,,,,,,,,,
In home  (w/display),Temp & Humidity Sensor,2020/12/14 4:55 AM,64.9,62.0,51.6,64.0,,,29.86,,,,,,,,,,,,,
In home  (w/display),Temp & Humidity Sensor,2020/12/14 5:00 AM,64.9,62.0,51.6,64.0,,,29.86,,,,,,,,,,,,,
In home  (w/display),Temp & Humidity Sensor,2020/12/14 5:05 AM,64.9,62.0,51.6,64.0,,,29.86,,,,,,,,,,,,,
In home  (w/display),Temp & Humidity Sensor,2020/12/14 5:10 AM,64.7,62.0,51.4,63.8,,,29.86,,,,,,,,,,,,,
In home  (w/display),Temp & Humidity Sensor,2020/12/14 5:15 AM,64.7,62.0,51.4,63.8,,,29.85,,,,,,,,,,,,,
In home  (w/display),Temp & Humidity Sensor,2020/12/14 5:20 AM,64.7,62.0,51.4,63.8,,,29.85,,,,,,,,,,,,,
In home  (w/display),Temp & Humidity Sensor,2020/12/14 5:25 AM,64.7,62.0,51.4,63.8,,,29.85,,,,,,,,,,,,,
In home  (w/display),Temp & Humidity Sensor,2020/12/14 5:30 AM,64.7,62.0,51.4,63.8,,,29.85,,,,,,,,,,,,,
In home  (w/display),Temp & Humidity Sensor,2020/12/14 5:35 AM,64.7,62.0,51.4,63.8,,,29.84,,,,,,,,,,,,,
In home  (w/display),Temp & Humidity Sensor,2020/12/14 5:40 AM,64.7,62.0,51.4,63.8,,,29.84,,,,,,,,,,,,,
In home  (w/display),Temp & Humidity Sensor,2020/12/14 5:45 AM,64.7,62.0,51.4,63.8,,,29.84,,,,,,,,,,,,,
In home  (w/display),Temp & Humidity Sensor,2020/12/14 5:50 AM,64.9,62.0,51.6,64.0,,,29.83,,,,,,,,,,,,,
In home  (w/display),Temp & Humidity Sensor,2020/12/14 5:55 AM,65.4,62.0,52.0,64.6,,,29.83,,,,,,,,,,,,,
In home  (w/display),Temp & Humidity Sensor,2020/12/14 6:00 AM,66.3,60.0,52.0,65.4,,,29.83,,,,,,,,,,,,,
In home  (w/display),Temp & Humidity Sensor,2020/12/14 6:05 AM,66.7,60.0,52.4,65.9,,,29.82,,,,,,,,,,,,,
In home  (w/display),Temp & Humidity Sensor,2020/12/14 6:10 AM,66.7,60.0,52.4,65.9,,,29.82,,,,,,,,,,,,,
In home  (w/display),Temp & Humidity Sensor,2020/12/14 6:15 AM,66.5,60.0,52.2,65.7,,,29.83,,,,,,,,,,,,,
In home  (w/display),Temp & Humidity Sensor,2020/12/14 6:20 AM,66.3,60.0,52.0,65.4,,,29.83,,,,,,,,,,,,,
In home  (w/display),Temp & Humidity Sensor,2020/12/14 6:25 AM,66.5,60.0,52.2,65.7,,,29.82,,,,,,,,,,,,,
In home  (w/display),Temp & Humidity Sensor,2020/12/14 6:30 AM,67.1,60.0,52.7,66.3,,,29.82,,,,,,,,,,,,,
In home  (w/display),Temp & Humidity Sensor,2020/12/14 6:35 AM,66.7,60.0,52.4,65.9,,,29.81,,,,,,,,,,,,,
In home  (w/display),Temp & Humidity Sensor,2020/12/14 6:40 AM,66.7,60.0,52.4,65.9,,,29.81,,,,,,,,,,,,,
In home  (w/display),Temp & Humidity Sensor,2020/12/14 6:45 AM,66.5,60.0,52.2,65.7,,,29.8,,,,,,,,,,,,,
In home  (w/display),Temp & Humidity Sensor,2020/12/14 6:50 AM,66.9,60.0,52.6,66.1,,,29.8,,,,,,,,,,,,,
In home  (w/display),Temp & Humidity Sensor,2020/12/14 6:55 AM,67.1,60.0,52.7,66.3,,,29.8,,,,,,,,,,,,,
In home  (w/display),Temp & Humidity Sensor,2020/12/14 7:00 AM,67.1,60.0,52.7,66.3,,,29.79,,,,,,,,,,,,,
In home  (w/display),Temp & Humidity Sensor,2020/12/14 7:05 AM,66.7,59.0,51.9,65.8,,,29.78,,,,,,,,,,,,,
In home  (w/display),Temp & Humidity Sensor,2020/12/14 7:10 AM,66.7,58.0,51.4,65.8,,,29.77,,,,,,,,,,,,,
In home  (w/display),Temp & Humidity Sensor,2020/12/14 7:15 AM,67.1,59.0,52.3,66.3,,,29.76,,,,,,,,,,,,,
In home  (w/display),Temp & Humidity Sensor,2020/12/14 7:20 AM,67.6,58.0,52.3,66.8,,,29.76,,,,,,,,,,,,,
In home  (w/display),Temp & Humidity Sensor,2020/12/14 7:25 AM,67.6,57.0,51.8,66.7,,,29.75,,,,,,,,,,,,,
In home  (w/display),Temp & Humidity Sensor,2020/12/14 7:30 AM,67.8,57.0,52.0,67.0,,,29.76,,,,,,,,,,,,,
In home  (w/display),Temp & Humidity Sensor,2020/12/14 7:35 AM,67.8,56.0,51.5,66.9,,,29.75,,,,,,,,,,,,,
In home  (w/display),Temp & Humidity Sensor,2020/12/14 7:40 AM,67.8,55.0,51.0,66.9,,,29.75,,,,,,,,,,,,,
In home  (w/display),Temp & Humidity Sensor,2020/12/14 7:45 AM,67.8,55.0,51.0,66.9,,,29.76,,,,,,,,,,,,,
In home  (w/display),Temp & Humidity Sensor,2020/12/14 7:50 AM,68.0,55.0,51.2,67.1,,,29.75,,,,,,,,,,,,,
In home  (w/display),Temp & Humidity Sensor,2020/12/14 7:55 AM,68.0,55.0,51.2,67.1,,,29.74,,,,,,,,,,,,,
In home  (w/display),Temp & Humidity Sensor,2020/12/14 8:00 AM,68.0,54.0,50.7,67.0,,,29.74,,,,,,,,,,,,,
In home  (w/display),Temp & Humidity Sensor,2020/12/14 8:05 AM,68.0,54.0,50.7,67.0,,,29.73,,,,,,,,,,,,,
In home  (w/display),Temp & Humidity Sensor,2020/12/14 8:10 AM,68.0,54.0,50.7,67.0,,,29.74,,,,,,,,,,,,,
In home  (w/display),Temp & Humidity Sensor,2020/12/14 8:15 AM,68.1,54.0,50.8,67.1,,,29.73,,,,,,,,,,,,,
In home  (w/display),Temp & Humidity Sensor,2020/12/14 8:20 AM,68.1,54.0,50.8,67.1,,,29.73,,,,,,,,,,,,,
In home  (w/display),Temp & Humidity Sensor,2020/12/14 8:25 AM,68.1,54.0,50.8,67.1,,,29.73,,,,,,,,,,,,,
In home  (w/display),Temp & Humidity Sensor,2020/12/14 8:30 AM,68.1,53.0,50.3,67.1,,,29.74,,,,,,,,,,,,,
In home  (w/display),Temp & Humidity Sensor,2020/12/14 8:35 AM,68.1,53.0,50.3,67.1,,,29.72,,,,,,,,,,,,,
In home  (w/display),Temp & Humidity Sensor,2020/12/14 8:40 AM,68.1,53.0,50.3,67.1,,,29.72,,,,,,,,,,,,,
In home  (w/display),Temp & Humidity Sensor,2020/12/14 8:45 AM,68.3,53.0,50.5,67.3,,,29.73,,,,,,,,,,,,,
In home  (w/display),Temp & Humidity Sensor,2020/12/14 8:50 AM,68.3,54.0,51.0,67.4,,,29.74,,,,,,,,,,,,,
In home  (w/display),Temp & Humidity Sensor,2020/12/14 8:55 AM,68.3,54.0,51.0,67.4,,,29.74,,,,,,,,,,,,,
In home  (w/display),Temp & Humidity Sensor,2020/12/14 9:00 AM,68.1,54.0,50.8,67.1,,,29.74,,,,,,,,,,,,,
In home  (w/display),Temp & Humidity Sensor,2020/12/14 9:05 AM,68.0,54.0,50.7,67.0,,,29.74,,,,,,,,,,,,,
In home  (w/display),Temp & Humidity Sensor,2020/12/14 9:10 AM,67.8,55.0,51.0,66.9,,,29.74,,,,,,,,,,,,,
In home  (w/display),Temp & Humidity Sensor,2020/12/14 9:15 AM,67.8,55.0,51.0,66.9,,,29.74,,,,,,,,,,,,,
In home  (w/display),Temp & Humidity Sensor,2020/12/14 9:20 AM,67.8,56.0,51.5,66.9,,,29.74,,,,,,,,,,,,,
In home  (w/display),Temp & Humidity Sensor,2020/12/14 9:25 AM,67.6,56.0,51.3,66.7,,,29.75,,,,,,,,,,,,,
In home  (w/display),Temp & Humidity Sensor,2020/12/14 9:30 AM,67.6,56.0,51.3,66.7,,,29.75,,,,,,,,,,,,,
In home  (w/display),Temp & Humidity Sensor,2020/12/14 9:35 AM,67.6,57.0,51.8,66.7,,,29.75,,,,,,,,,,,,,
In home  (w/display),Temp & Humidity Sensor,2020/12/14 9:40 AM,67.6,57.0,51.8,66.7,,,29.75,,,,,,,,,,,,,
In home  (w/display),Temp & Humidity Sensor,2020/12/14 9:45 AM,67.6,57.0,51.8,66.7,,,29.74,,,,,,,,,,,,,
In home  (w/display),Temp & Humidity Sensor,2020/12/14 9:50 AM,67.4,57.0,51.6,66.5,,,29.74,,,,,,,,,,,,,
In home  (w/display),Temp & Humidity Sensor,2020/12/14 9:55 AM,67.4,58.0,52.1,66.6,,,29.75,,,,,,,,,,,,,
In home  (w/display),Temp & Humidity Sensor,2020/12/14 10:00 AM,67.4,58.0,52.1,66.6,,,29.75,,,,,,,,,,,,,
In home  (w/display),Temp & Humidity Sensor,2020/12/14 10:05 AM,67.4,58.0,52.1,66.6,,,29.76,,,,,,,,,,,,,
In home  (w/display),Temp & Humidity Sensor,2020/12/14 10:10 AM,67.4,58.0,52.1,66.6,,,29.78,,,,,,,,,,,,,
In home  (w/display),Temp & Humidity Sensor,2020/12/14 10:15 AM,67.4,58.0,52.1,66.6,,,29.78,,,,,,,,,,,,,
In home  (w/display),Temp & Humidity Sensor,2020/12/14 10:20 AM,67.4,58.0,52.1,66.6,,,29.78,,,,,,,,,,,,,
In home  (w/display),Temp & Humidity Sensor,2020/12/14 10:25 AM,67.4,58.0,52.1,66.6,,,29.8,,,,,,,,,,,,,
In home  (w/display),Temp & Humidity Sensor,2020/12/14 10:30 AM,67.4,58.0,52.1,66.6,,,29.8,,,,,,,,,,,,,
In home  (w/display),Temp & Humidity Sensor,2020/12/14 10:35 AM,67.4,58.0,52.1,66.6,,,29.8,,,,,,,,,,,,,
In home  (w/display),Temp & Humidity Sensor,2020/12/14 10:40 AM,67.2,58.0,51.9,66.3,,,29.8,,,,,,,,,,,,,
In home  (w/display),Temp & Humidity Sensor,2020/12/14 10:45 AM,67.4,59.0,52.6,66.6,,,29.8,,,,,,,,,,,,,
In home  (w/display),Temp & Humidity Sensor,2020/12/14 10:50 AM,67.4,59.0,52.6,66.6,,,29.81,,,,,,,,,,,,,
In home  (w/display),Temp & Humidity Sensor,2020/12/14 10:55 AM,67.4,59.0,52.6,66.6,,,29.79,,,,,,,,,,,,,
In home  (w/display),Temp & Humidity Sensor,2020/12/14 11:00 AM,67.4,59.0,52.6,66.6,,,29.79,,,,,,,,,,,,,
In home  (w/display),Temp & Humidity Sensor,2020/12/14 11:05 AM,67.4,58.0,52.1,66.6,,,29.78,,,,,,,,,,,,,
In home  (w/display),Temp & Humidity Sensor,2020/12/14 11:10 AM,67.4,58.0,52.1,66.6,,,29.77,,,,,,,,,,,,,
In home  (w/display),Temp & Humidity Sensor,2020/12/14 11:15 AM,67.2,58.0,51.9,66.3,,,29.77,,,,,,,,,,,,,
In home  (w/display),Temp & Humidity Sensor,2020/12/14 11:20 AM,67.2,58.0,51.9,66.3,,,29.78,,,,,,,,,,,,,
In home  (w/display),Temp & Humidity Sensor,2020/12/14 11:25 AM,67.2,58.0,51.9,66.3,,,29.81,,,,,,,,,,,,,
In home  (w/display),Temp & Humidity Sensor,2020/12/14 11:30 AM,67.2,58.0,51.9,66.3,,,29.81,,,,,,,,,,,,,
In home  (w/display),Temp & Humidity Sensor,2020/12/14 11:35 AM,67.1,58.0,51.8,66.2,,,29.82,,,,,,,,,,,,,
In home  (w/display),Temp & Humidity Sensor,2020/12/14 11:40 AM,67.1,59.0,52.3,66.3,,,29.81,,,,,,,,,,,,,
In home  (w/display),Temp & Humidity Sensor,2020/12/14 11:45 AM,67.1,59.0,52.3,66.3,,,29.82,,,,,,,,,,,,,
In home  (w/display),Temp & Humidity Sensor,2020/12/14 11:50 AM,67.1,59.0,52.3,66.3,,,29.82,,,,,,,,,,,,,
In home  (w/display),Temp & Humidity Sensor,2020/12/14 11:55 AM,67.1,59.0,52.3,66.3,,,29.84,,,,,,,,,,,,,
In home  (w/display),Temp & Humidity Sensor,2020/12/14 12:00 PM,67.1,59.0,52.3,66.3,,,29.83,,,,,,,,,,,,,
In home  (w/display),Temp & Humidity Sensor,2020/12/14 12:05 PM,66.9,59.0,52.1,66.1,,,29.84,,,,,,,,,,,,,
In home  (w/display),Temp & Humidity Sensor,2020/12/14 12:10 PM,66.9,59.0,52.1,66.1,,,29.85,,,,,,,,,,,,,
In home  (w/display),Temp & Humidity Sensor,2020/12/14 12:15 PM,66.7,59.0,51.9,65.8,,,29.86,,,,,,,,,,,,,
In home  (w/display),Temp & Humidity Sensor,2020/12/14 12:20 PM,66.7,59.0,51.9,65.8,,,29.86,,,,,,,,,,,,,
In home  (w/display),Temp & Humidity Sensor,2020/12/14 12:25 PM,66.7,59.0,51.9,65.8,,,29.86,,,,,,,,,,,,,
In home  (w/display),Temp & Humidity Sensor,2020/12/14 12:30 PM,66.7,59.0,51.9,65.8,,,29.87,,,,,,,,,,,,,
In home  (w/display),Temp & Humidity Sensor,2020/12/14 12:35 PM,66.7,59.0,51.9,65.8,,,29.87,,,,,,,,,,,,,
In home  (w/display),Temp & Humidity Sensor,2020/12/14 12:40 PM,66.7,59.0,51.9,65.8,,,29.87,,,,,,,,,,,,,
In home  (w/display),Temp & Humidity Sensor,2020/12/14 12:45 PM,66.7,59.0,51.9,65.8,,,29.88,,,,,,,,,,,,,
In home  (w/display),Temp & Humidity Sensor,2020/12/14 12:50 PM,66.7,59.0,51.9,65.8,,,29.87,,,,,,,,,,,,,
In home  (w/display),Temp & Humidity Sensor,2020/12/14 12:55 PM,66.7,59.0,51.9,65.8,,,29.87,,,,,,,,,,,,,
In home  (w/display),Temp & Humidity Sensor,2020/12/14 1:00 PM,66.7,59.0,51.9,65.8,,,29.88,,,,,,,,,,,,,
In home  (w/display),Temp & Humidity Sensor,2020/12/14 1:05 PM,66.7,59.0,51.9,65.8,,,29.87,,,,,,,,,,,,,
In home  (w/display),Temp & Humidity Sensor,2020/12/14 1:10 PM,66.7,59.0,51.9,65.8,,,29.89,,,,,,,,,,,,,
In home  (w/display),Temp & Humidity Sensor,2020/12/14 1:15 PM,66.5,59.0,51.7,65.6,,,29.88,,,,,,,,,,,,,
In home  (w/display),Temp & Humidity Sensor,2020/12/14 1:20 PM,66.5,59.0,51.7,65.6,,,29.89,,,,,,,,,,,,,
In home  (w/display),Temp & Humidity Sensor,2020/12/14 1:25 PM,66.5,59.0,51.7,65.6,,,29.89,,,,,,,,,,,,,
In home  (w/display),Temp & Humidity Sensor,2020/12/14 1:30 PM,66.5,59.0,51.7,65.6,,,29.89,,,,,,,,,,,,,
In home  (w/display),Temp & Humidity Sensor,2020/12/14 1:35 PM,66.5,59.0,51.7,65.6,,,29.89,,,,,,,,,,,,,
In home  (w/display),Temp & Humidity Sensor,2020/12/14 1:40 PM,66.3,59.0,51.5,65.4,,,29.89,,,,,,,,,,,,,
In home  (w/display),Temp & Humidity Sensor,2020/12/14 1:45 PM,66.3,59.0,51.5,65.4,,,29.89,,,,,,,,,,,,,
In home  (w/display),Temp & Humidity Sensor,2020/12/14 1:50 PM,66.3,59.0,51.5,65.4,,,29.89,,,,,,,,,,,,,
In home  (w/display),Temp & Humidity Sensor,2020/12/14 1:55 PM,66.3,59.0,51.5,65.4,,,29.89,,,,,,,,,,,,,
In home  (w/display),Temp & Humidity Sensor,2020/12/14 2:00 PM,66.3,59.0,51.5,65.4,,,29.89,,,,,,,,,,,,,
In home  (w/display),Temp & Humidity Sensor,2020/12/14 2:05 PM,66.3,59.0,51.5,65.4,,,29.89,,,,,,,,,,,,,
In home  (w/display),Temp & Humidity Sensor,2020/12/14 2:10 PM,66.3,59.0,51.5,65.4,,,29.89,,,,,,,,,,,,,
In home  (w/display),Temp & Humidity Sensor,2020/12/14 2:15 PM,66.3,59.0,51.5,65.4,,,29.9,,,,,,,,,,,,,
In home  (w/display),Temp & Humidity Sensor,2020/12/14 2:20 PM,66.3,59.0,51.5,65.4,,,29.9,,,,,,,,,,,,,
In home  (w/display),Temp & Humidity Sensor,2020/12/14 2:25 PM,66.3,59.0,51.5,65.4,,,29.9,,,,,,,,,,,,,
In home  (w/display),Temp & Humidity Sensor,2020/12/14 2:30 PM,66.2,59.0,51.4,65.3,,,29.9,,,,,,,,,,,,,
In home  (w/display),Temp & Humidity Sensor,2020/12/14 2:35 PM,66.2,59.0,51.4,65.3,,,29.91,,,,,,,,,,,,,
In home  (w/display),Temp & Humidity Sensor,2020/12/14 2:40 PM,66.2,59.0,51.4,65.3,,,29.91,,,,,,,,,,,,,
In home  (w/display),Temp & Humidity Sensor,2020/12/14 2:45 PM,66.0,60.0,51.7,65.1,,,29.91,,,,,,,,,,,,,
In home  (w/display),Temp & Humidity Sensor,2020/12/14 2:50 PM,66.0,60.0,51.7,65.1,,,29.91,,,,,,,,,,,,,
In home  (w/display),Temp & Humidity Sensor,2020/12/14 2:55 PM,66.0,60.0,51.7,65.1,,,29.92,,,,,,,,,,,,,
In home  (w/display),Temp & Humidity Sensor,2020/12/14 3:00 PM,66.0,60.0,51.7,65.1,,,29.92,,,,,,,,,,,,,
In home  (w/display),Temp & Humidity Sensor,2020/12/14 3:05 PM,66.0,60.0,51.7,65.1,,,29.93,,,,,,,,,,,,,
In home  (w/display),Temp & Humidity Sensor,2020/12/14 3:10 PM,66.0,60.0,51.7,65.1,,,29.93,,,,,,,,,,,,,
In home  (w/display),Temp & Humidity Sensor,2020/12/14 3:15 PM,66.0,60.0,51.7,65.1,,,29.94,,,,,,,,,,,,,
In home  (w/display),Temp & Humidity Sensor,2020/12/14 3:20 PM,65.8,60.0,51.5,64.9,,,29.94,,,,,,,,,,,,,
In home  (w/display),Temp & Humidity Sensor,2020/12/14 3:25 PM,65.8,60.0,51.5,64.9,,,29.94,,,,,,,,,,,,,
In home  (w/display),Temp & Humidity Sensor,2020/12/14 3:30 PM,65.8,60.0,51.5,64.9,,,29.93,,,,,,,,,,,,,
In home  (w/display),Temp & Humidity Sensor,2020/12/14 3:35 PM,65.8,60.0,51.5,64.9,,,29.94,,,,,,,,,,,,,
In home  (w/display),Temp & Humidity Sensor,2020/12/14 3:40 PM,65.8,60.0,51.5,64.9,,,29.94,,,,,,,,,,,,,
In home  (w/display),Temp & Humidity Sensor,2020/12/14 3:45 PM,65.6,60.0,51.3,64.7,,,29.96,,,,,,,,,,,,,
In home  (w/display),Temp & Humidity Sensor,2020/12/14 3:50 PM,65.8,60.0,51.5,64.9,,,29.96,,,,,,,,,,,,,
In home  (w/display),Temp & Humidity Sensor,2020/12/14 3:55 PM,65.8,60.0,51.5,64.9,,,29.97,,,,,,,,,,,,,
In home  (w/display),Temp & Humidity Sensor,2020/12/14 4:00 PM,65.6,60.0,51.3,64.7,,,29.97,,,,,,,,,,,,,
In home  (w/display),Temp & Humidity Sensor,2020/12/14 4:05 PM,65.6,60.0,51.3,64.7,,,29.97,,,,,,,,,,,,,
In home  (w/display),Temp & Humidity Sensor,2020/12/14 4:10 PM,65.6,60.0,51.3,64.7,,,29.97,,,,,,,,,,,,,
In home  (w/display),Temp & Humidity Sensor,2020/12/14 4:15 PM,65.6,60.0,51.3,64.7,,,29.97,,,,,,,,,,,,,
In home  (w/display),Temp & Humidity Sensor,2020/12/14 4:20 PM,65.6,60.0,51.3,64.7,,,29.98,,,,,,,,,,,,,
In home  (w/display),Temp & Humidity Sensor,2020/12/14 4:25 PM,65.4,60.0,51.1,64.5,,,29.98,,,,,,,,,,,,,
In home  (w/display),Temp & Humidity Sensor,2020/12/14 4:30 PM,65.4,60.0,51.1,64.5,,,29.98,,,,,,,,,,,,,
In home  (w/display),Temp & Humidity Sensor,2020/12/14 4:35 PM,65.4,60.0,51.1,64.5,,,29.99,,,,,,,,,,,,,
In home  (w/display),Temp & Humidity Sensor,2020/12/14 4:40 PM,65.4,60.0,51.1,64.5,,,29.99,,,,,,,,,,,,,
In home  (w/display),Temp & Humidity Sensor,2020/12/14 4:45 PM,65.6,60.0,51.3,64.7,,,29.99,,,,,,,,,,,,,
In home  (w/display),Temp & Humidity Sensor,2020/12/14 4:50 PM,65.8,60.0,51.5,64.9,,,29.99,,,,,,,,,,,,,
In home  (w/display),Temp & Humidity Sensor,2020/12/14 4:55 PM,65.8,60.0,51.5,64.9,,,29.99,,,,,,,,,,,,,
In home  (w/display),Temp & Humidity Sensor,2020/12/14 5:00 PM,65.8,60.0,51.5,64.9,,,30.0,,,,,,,,,,,,,
In home  (w/display),Temp & Humidity Sensor,2020/12/14 5:05 PM,65.8,60.0,51.5,64.9,,,30.0,,,,,,,,,,,,,
In home  (w/display),Temp & Humidity Sensor,2020/12/14 5:10 PM,65.8,60.0,51.5,64.9,,,30.0,,,,,,,,,,,,,
In home  (w/display),Temp & Humidity Sensor,2020/12/14 5:15 PM,65.8,60.0,51.5,64.9,,,30.0,,,,,,,,,,,,,
In home  (w/display),Temp & Humidity Sensor,2020/12/14 5:20 PM,65.8,60.0,51.5,64.9,,,30.0,,,,,,,,,,,,,
In home  (w/display),Temp & Humidity Sensor,2020/12/14 5:25 PM,65.6,60.0,51.3,64.7,,,30.0,,,,,,,,,,,,,
In home  (w/display),Temp & Humidity Sensor,2020/12/14 5:30 PM,65.6,60.0,51.3,64.7,,,30.0,,,,,,,,,,,,,
In home  (w/display),Temp & Humidity Sensor,2020/12/14 5:35 PM,65.6,60.0,51.3,64.7,,,30.0,,,,,,,,,,,,,
In home  (w/display),Temp & Humidity Sensor,2020/12/14 5:40 PM,65.6,60.0,51.3,64.7,,,30.01,,,,,,,,,,,,,
In home  (w/display),Temp & Humidity Sensor,2020/12/14 5:45 PM,65.4,60.0,51.1,64.5,,,30.01,,,,,,,,,,,,,
In home  (w/display),Temp & Humidity Sensor,2020/12/14 5:50 PM,65.6,60.0,51.3,64.7,,,30.02,,,,,,,,,,,,,
In home  (w/display),Temp & Humidity Sensor,2020/12/14 5:55 PM,65.6,60.0,51.3,64.7,,,30.02,,,,,,,,,,,,,
In home  (w/display),Temp & Humidity Sensor,2020/12/14 6:00 PM,65.6,60.0,51.3,64.7,,,30.02,,,,,,,,,,,,,
In home  (w/display),Temp & Humidity Sensor,2020/12/14 6:05 PM,65.6,60.0,51.3,64.7,,,30.02,,,,,,,,,,,,,
In home  (w/display),Temp & Humidity Sensor,2020/12/14 6:10 PM,65.8,60.0,51.5,64.9,,,30.02,,,,,,,,,,,,,
In home  (w/display),Temp & Humidity Sensor,2020/12/14 6:15 PM,65.8,60.0,51.5,64.9,,,30.03,,,,,,,,,,,,,
In home  (w/display),Temp & Humidity Sensor,2020/12/14 6:20 PM,65.6,60.0,51.3,64.7,,,30.03,,,,,,,,,,,,,
In home  (w/display),Temp & Humidity Sensor,2020/12/14 6:25 PM,65.8,60.0,51.5,64.9,,,30.04,,,,,,,,,,,,,
In home  (w/display),Temp & Humidity Sensor,2020/12/14 6:30 PM,65.8,60.0,51.5,64.9,,,30.05,,,,,,,,,,,,,
In home  (w/display),Temp & Humidity Sensor,2020/12/14 6:35 PM,65.8,60.0,51.5,64.9,,,30.05,,,,,,,,,,,,,
In home  (w/display),Temp & Humidity Sensor,2020/12/14 6:40 PM,65.8,60.0,51.5,64.9,,,30.05,,,,,,,,,,,,,
In home  (w/display),Temp & Humidity Sensor,2020/12/14 6:45 PM,65.8,60.0,51.5,64.9,,,30.06,,,,,,,,,,,,,
In home  (w/display),Temp & Humidity Sensor,2020/12/14 6:50 PM,66.3,58.0,51.1,65.4,,,30.06,,,,,,,,,,,,,
In home  (w/display),Temp & Humidity Sensor,2020/12/14 6:55 PM,66.7,58.0,51.4,65.8,,,30.07,,,,,,,,,,,,,
In home  (w/display),Temp & Humidity Sensor,2020/12/14 7:00 PM,66.9,58.0,51.6,66.0,,,30.06,,,,,,,,,,,,,
In home  (w/display),Temp & Humidity Sensor,2020/12/14 7:05 PM,66.9,57.0,51.2,66.0,,,30.07,,,,,,,,,,,,,
In home  (w/display),Temp & Humidity Sensor,2020/12/14 7:10 PM,67.1,56.0,50.9,66.1,,,30.07,,,,,,,,,,,,,
In home  (w/display),Temp & Humidity Sensor,2020/12/14 7:15 PM,67.1,55.0,50.4,66.1,,,30.08,,,,,,,,,,,,,
In home  (w/display),Temp & Humidity Sensor,2020/12/14 7:20 PM,67.2,55.0,50.5,66.2,,,30.08,,,,,,,,,,,,,
In home  (w/display),Temp & Humidity Sensor,2020/12/14 7:25 PM,67.2,55.0,50.5,66.2,,,30.08,,,,,,,,,,,,,
In home  (w/display),Temp & Humidity Sensor,2020/12/14 7:30 PM,67.1,55.0,50.4,66.1,,,30.09,,,,,,,,,,,,,
In home  (w/display),Temp & Humidity Sensor,2020/12/14 7:35 PM,67.1,56.0,50.9,66.1,,,30.1,,,,,,,,,,,,,
In home  (w/display),Temp & Humidity Sensor,2020/12/14 7:50 PM,66.9,56.0,50.7,65.9,,,30.1,,,,,,,,,,,,,
In home  (w/display),Temp & Humidity Sensor,2020/12/14 7:55 PM,66.7,56.0,50.5,65.7,,,30.1,,,,,,,,,,,,,
In home  (w/display),Temp & Humidity Sensor,2020/12/14 8:00 PM,66.9,57.0,51.2,66.0,,,30.1,,,,,,,,,,,,,
In home  (w/display),Temp & Humidity Sensor,2020/12/14 8:05 PM,67.1,57.0,51.3,66.2,,,30.1,,,,,,,,,,,,,
In home  (w/display),Temp & Humidity Sensor,2020/12/14 8:10 PM,67.1,57.0,51.3,66.2,,,30.11,,,,,,,,,,,,,
In home  (w/display),Temp & Humidity Sensor,2020/12/14 8:15 PM,67.1,58.0,51.8,66.2,,,30.11,,,,,,,,,,,,,
In home  (w/display),Temp & Humidity Sensor,2020/12/14 8:20 PM,66.9,58.0,51.6,66.0,,,30.11,,,,,,,,,,,,,
In home  (w/display),Temp & Humidity Sensor,2020/12/14 8:25 PM,66.9,58.0,51.6,66.0,,,30.12,,,,,,,,,,,,,
In home  (w/display),Temp & Humidity Sensor,2020/12/14 8:30 PM,67.1,58.0,51.8,66.2,,,30.12,,,,,,,,,,,,,
In home  (w/display),Temp & Humidity Sensor,2020/12/14 8:35 PM,67.1,58.0,51.8,66.2,,,30.12,,,,,,,,,,,,,
In home  (w/display),Temp & Humidity Sensor,2020/12/14 8:40 PM,67.1,58.0,51.8,66.2,,,30.12,,,,,,,,,,,,,
In home  (w/display),Temp & Humidity Sensor,2020/12/14 8:45 PM,66.9,58.0,51.6,66.0,,,30.12,,,,,,,,,,,,,
In home  (w/display),Temp & Humidity Sensor,2020/12/14 8:50 PM,66.9,58.0,51.6,66.0,,,30.12,,,,,,,,,,,,,
In home  (w/display),Temp & Humidity Sensor,2020/12/14 8:55 PM,67.1,58.0,51.8,66.2,,,30.12,,,,,,,,,,,,,
In home  (w/display),Temp & Humidity Sensor,2020/12/14 9:00 PM,67.1,58.0,51.8,66.2,,,30.13,,,,,,,,,,,,,
In home  (w/display),Temp & Humidity Sensor,2020/12/14 9:05 PM,67.1,58.0,51.8,66.2,,,30.13,,,,,,,,,,,,,
In home  (w/display),Temp & Humidity Sensor,2020/12/14 9:10 PM,67.1,58.0,51.8,66.2,,,30.13,,,,,,,,,,,,,
In home  (w/display),Temp & Humidity Sensor,2020/12/14 9:15 PM,67.1,58.0,51.8,66.2,,,30.14,,,,,,,,,,,,,
In home  (w/display),Temp & Humidity Sensor,2020/12/14 9:20 PM,67.1,58.0,51.8,66.2,,,30.14,,,,,,,,,,,,,
In home  (w/display),Temp & Humidity Sensor,2020/12/14 9:25 PM,67.1,58.0,51.8,66.2,,,30.14,,,,,,,,,,,,,
In home  (w/display),Temp & Humidity Sensor,2020/12/14 9:30 PM,67.1,58.0,51.8,66.2,,,30.14,,,,,,,,,,,,,
In home  (w/display),Temp & Humidity Sensor,2020/12/14 9:35 PM,67.1,58.0,51.8,66.2,,,30.14,,,,,,,,,,,,,
In home  (w/display),Temp & Humidity Sensor,2020/12/14 9:40 PM,67.1,58.0,51.8,66.2,,,30.15,,,,,,,,,,,,,
In home  (w/display),Temp & Humidity Sensor,2020/12/14 9:45 PM,67.1,58.0,51.8,66.2,,,30.15,,,,,,,,,,,,,
In home  (w/display),Temp & Humidity Sensor,2020/12/14 9:50 PM,67.1,58.0,51.8,66.2,,,30.15,,,,,,,,,,,,,
In home  (w/display),Temp & Humidity Sensor,2020/12/14 9:55 PM,67.1,58.0,51.8,66.2,,,30.16,,,,,,,,,,,,,
In home  (w/display),Temp & Humidity Sensor,2020/12/14 10:00 PM,67.1,58.0,51.8,66.2,,,30.16,,,,,,,,,,,,,
In home  (w/display),Temp & Humidity Sensor,2020/12/14 10:05 PM,67.1,58.0,51.8,66.2,,,30.16,,,,,,,,,,,,,
In home  (w/display),Temp & Humidity Sensor,2020/12/14 10:10 PM,67.1,58.0,51.8,66.2,,,30.17,,,,,,,,,,,,,
In home  (w/display),Temp & Humidity Sensor,2020/12/14 10:15 PM,67.1,58.0,51.8,66.2,,,30.17,,,,,,,,,,,,,
In home  (w/display),Temp & Humidity Sensor,2020/12/14 10:20 PM,67.1,58.0,51.8,66.2,,,30.17,,,,,,,,,,,,,
In home  (w/display),Temp & Humidity Sensor,2020/12/14 10:25 PM,66.7,57.0,51.0,65.7,,,30.18,,,,,,,,,,,,,
In home  (w/display),Temp & Humidity Sensor,2020/12/14 10:30 PM,66.9,57.0,51.2,66.0,,,30.18,,,,,,,,,,,,,
In home  (w/display),Temp & Humidity Sensor,2020/12/14 10:35 PM,66.7,57.0,51.0,65.7,,,30.18,,,,,,,,,,,,,
In home  (w/display),Temp & Humidity Sensor,2020/12/14 10:40 PM,66.5,57.0,50.8,65.5,,,30.18,,,,,,,,,,,,,
In home  (w/display),Temp & Humidity Sensor,2020/12/14 10:45 PM,66.5,57.0,50.8,65.5,,,30.19,,,,,,,,,,,,,
In home  (w/display),Temp & Humidity Sensor,2020/12/14 10:50 PM,66.3,57.0,50.6,65.3,,,30.19,,,,,,,,,,,,,
In home  (w/display),Temp & Humidity Sensor,2020/12/14 10:55 PM,66.3,57.0,50.6,65.3,,,30.2,,,,,,,,,,,,,
In home  (w/display),Temp & Humidity Sensor,2020/12/14 11:00 PM,66.2,57.0,50.5,65.2,,,30.2,,,,,,,,,,,,,
In home  (w/display),Temp & Humidity Sensor,2020/12/14 11:05 PM,66.0,58.0,50.8,65.0,,,30.2,,,,,,,,,,,,,
In home  (w/display),Temp & Humidity Sensor,2020/12/14 11:10 PM,66.0,58.0,50.8,65.0,,,30.2,,,,,,,,,,,,,
In home  (w/display),Temp & Humidity Sensor,2020/12/14 11:15 PM,65.8,58.0,50.6,64.8,,,30.2,,,,,,,,,,,,,
In home  (w/display),Temp & Humidity Sensor,2020/12/14 11:20 PM,65.6,58.0,50.4,64.6,,,30.2,,,,,,,,,,,,,
In home  (w/display),Temp & Humidity Sensor,2020/12/14 11:25 PM,65.6,58.0,50.4,64.6,,,30.2,,,,,,,,,,,,,
In home  (w/display),Temp & Humidity Sensor,2020/12/14 11:30 PM,65.4,58.0,50.2,64.4,,,30.2,,,,,,,,,,,,,
In home  (w/display),Temp & Humidity Sensor,2020/12/14 11:35 PM,65.4,58.0,50.2,64.4,,,30.2,,,,,,,,,,,,,
In home  (w/display),Temp & Humidity Sensor,2020/12/14 11:40 PM,65.3,58.0,50.1,64.3,,,30.2,,,,,,,,,,,,,
In home  (w/display),Temp & Humidity Sensor,2020/12/14 11:45 PM,65.3,58.0,50.1,64.3,,,30.2,,,,,,,,,,,,,
In home  (w/display),Temp & Humidity Sensor,2020/12/14 11:50 PM,65.3,58.0,50.1,64.3,,,30.2,,,,,,,,,,,,,
In home  (w/display),Temp & Humidity Sensor,2020/12/14 11:55 PM,65.1,58.0,50.0,64.0,,,30.2,,,,,,,,,,,,,
In home  (w/display),Temp & Humidity Sensor,2020/12/15 12:00 AM,65.1,58.0,50.0,64.0,,,30.2,,,,,,,,,,,,,
In home  (w/display),Temp & Humidity Sensor,2020/12/15 12:05 AM,64.9,58.0,49.8,63.8,,,30.2,,,,,,,,,,,,,
In home  (w/display),Temp & Humidity Sensor,2020/12/15 12:10 AM,64.9,58.0,49.8,63.8,,,30.2,,,,,,,,,,,,,
In home  (w/display),Temp & Humidity Sensor,2020/12/15 12:15 AM,64.9,59.0,50.2,63.9,,,30.2,,,,,,,,,,,,,
In home  (w/display),Temp & Humidity Sensor,2020/12/15 12:20 AM,64.9,58.0,49.8,63.8,,,30.2,,,,,,,,,,,,,
In home  (w/display),Temp & Humidity Sensor,2020/12/15 12:25 AM,64.7,58.0,49.6,63.6,,,30.19,,,,,,,,,,,,,
In home  (w/display),Temp & Humidity Sensor,2020/12/15 12:30 AM,64.5,58.0,49.4,63.4,,,30.19,,,,,,,,,,,,,
In home  (w/display),Temp & Humidity Sensor,2020/12/15 12:35 AM,64.5,58.0,49.4,63.4,,,30.19,,,,,,,,,,,,,
In home  (w/display),Temp & Humidity Sensor,2020/12/15 12:40 AM,64.5,58.0,49.4,63.4,,,30.19,,,,,,,,,,,,,
In home  (w/display),Temp & Humidity Sensor,2020/12/15 12:45 AM,64.5,58.0,49.4,63.4,,,30.19,,,,,,,,,,,,,
In home  (w/display),Temp & Humidity Sensor,2020/12/15 12:50 AM,64.4,58.0,49.3,63.3,,,30.19,,,,,,,,,,,,,
In home  (w/display),Temp & Humidity Sensor,2020/12/15 12:55 AM,64.4,59.0,49.8,63.3,,,30.19,,,,,,,,,,,,,
In home  (w/display),Temp & Humidity Sensor,2020/12/15 1:00 AM,64.2,58.0,49.1,63.0,,,30.19,,,,,,,,,,,,,
In home  (w/display),Temp & Humidity Sensor,2020/12/15 1:05 AM,64.2,59.0,49.6,63.1,,,30.19,,,,,,,,,,,,,
In home  (w/display),Temp & Humidity Sensor,2020/12/15 1:10 AM,64.2,59.0,49.6,63.1,,,30.19,,,,,,,,,,,,,
In home  (w/display),Temp & Humidity Sensor,2020/12/15 1:15 AM,64.2,59.0,49.6,63.1,,,30.19,,,,,,,,,,,,,
In home  (w/display),Temp & Humidity Sensor,2020/12/15 1:20 AM,64.0,59.0,49.4,62.9,,,30.2,,,,,,,,,,,,,
In home  (w/display),Temp & Humidity Sensor,2020/12/15 1:25 AM,64.0,59.0,49.4,62.9,,,30.2,,,,,,,,,,,,,
In home  (w/display),Temp & Humidity Sensor,2020/12/15 2:25 AM,63.5,59.0,48.9,62.3,,,30.21,,,,,,,,,,,,,
In home  (w/display),Temp & Humidity Sensor,2020/12/15 2:30 AM,63.5,59.0,48.9,62.3,,,30.21,,,,,,,,,,,,,
In home  (w/display),Temp & Humidity Sensor,2020/12/15 2:35 AM,63.5,59.0,48.9,62.3,,,30.21,,,,,,,,,,,,,
In home  (w/display),Temp & Humidity Sensor,2020/12/15 2:40 AM,63.5,59.0,48.9,62.3,,,30.21,,,,,,,,,,,,,
In home  (w/display),Temp & Humidity Sensor,2020/12/15 2:45 AM,63.3,59.0,48.7,62.1,,,30.21,,,,,,,,,,,,,
In home  (w/display),Temp & Humidity Sensor,2020/12/15 2:50 AM,63.3,59.0,48.7,62.1,,,30.22,,,,,,,,,,,,,
In home  (w/display),Temp & Humidity Sensor,2020/12/15 2:55 AM,63.1,59.0,48.5,61.9,,,30.22,,,,,,,,,,,,,
In home  (w/display),Temp & Humidity Sensor,2020/12/15 3:00 AM,63.1,59.0,48.5,61.9,,,30.22,,,,,,,,,,,,,
In home  (w/display),Temp & Humidity Sensor,2020/12/15 3:05 AM,63.1,59.0,48.5,61.9,,,30.23,,,,,,,,,,,,,
In home  (w/display),Temp & Humidity Sensor,2020/12/15 3:10 AM,63.1,59.0,48.5,61.9,,,30.23,,,,,,,,,,,,,
In home  (w/display),Temp & Humidity Sensor,2020/12/15 3:15 AM,62.9,59.0,48.3,61.7,,,30.23,,,,,,,,,,,,,
In home  (w/display),Temp & Humidity Sensor,2020/12/15 3:20 AM,62.9,59.0,48.3,61.7,,,30.23,,,,,,,,,,,,,
In home  (w/display),Temp & Humidity Sensor,2020/12/15 3:25 AM,62.9,59.0,48.3,61.7,,,30.23,,,,,,,,,,,,,
In home  (w/display),Temp & Humidity Sensor,2020/12/15 3:30 AM,62.9,59.0,48.3,61.7,,,30.23,,,,,,,,,,,,,
In home  (w/display),Temp & Humidity Sensor,2020/12/15 3:35 AM,62.7,59.0,48.2,61.4,,,30.23,,,,,,,,,,,,,
In home  (w/display),Temp & Humidity Sensor,2020/12/15 3:40 AM,62.7,59.0,48.2,61.4,,,30.23,,,,,,,,,,,,,
In home  (w/display),Temp & Humidity Sensor,2020/12/15 3:45 AM,62.7,59.0,48.2,61.4,,,30.24,,,,,,,,,,,,,
In home  (w/display),Temp & Humidity Sensor,2020/12/15 3:50 AM,62.7,59.0,48.2,61.4,,,30.24,,,,,,,,,,,,,
In home  (w/display),Temp & Humidity Sensor,2020/12/15 3:55 AM,62.6,59.0,48.1,61.3,,,30.24,,,,,,,,,,,,,
In home  (w/display),Temp & Humidity Sensor,2020/12/15 4:00 AM,62.6,59.0,48.1,61.3,,,30.24,,,,,,,,,,,,,
In home  (w/display),Temp & Humidity Sensor,2020/12/15 4:05 AM,62.4,59.0,47.9,61.1,,,30.24,,,,,,,,,,,,,
In home  (w/display),Temp & Humidity Sensor,2020/12/15 4:10 AM,62.4,59.0,47.9,61.1,,,30.24,,,,,,,,,,,,,
In home  (w/display),Temp & Humidity Sensor,2020/12/15 4:15 AM,62.4,59.0,47.9,61.1,,,30.24,,,,,,,,,,,,,
In home  (w/display),Temp & Humidity Sensor,2020/12/15 4:20 AM,62.4,59.0,47.9,61.1,,,30.24,,,,,,,,,,,,,
In home  (w/display),Temp & Humidity Sensor,2020/12/15 4:25 AM,62.4,59.0,47.9,61.1,,,30.25,,,,,,,,,,,,,
In home  (w/display),Temp & Humidity Sensor,2020/12/15 4:30 AM,62.4,59.0,47.9,61.1,,,30.25,,,,,,,,,,,,,
In home  (w/display),Temp & Humidity Sensor,2020/12/15 4:35 AM,62.2,59.0,47.7,60.9,,,30.24,,,,,,,,,,,,,
In home  (w/display),Temp & Humidity Sensor,2020/12/15 4:40 AM,62.2,59.0,47.7,60.9,,,30.24,,,,,,,,,,,,,
In home  (w/display),Temp & Humidity Sensor,2020/12/15 4:45 AM,62.2,59.0,47.7,60.9,,,30.25,,,,,,,,,,,,,
In home  (w/display),Temp & Humidity Sensor,2020/12/15 4:50 AM,62.2,59.0,47.7,60.9,,,30.25,,,,,,,,,,,,,
In home  (w/display),Temp & Humidity Sensor,2020/12/15 4:55 AM,62.2,59.0,47.7,60.9,,,30.26,,,,,,,,,,,,,
In home  (w/display),Temp & Humidity Sensor,2020/12/15 5:00 AM,62.4,59.0,47.9,61.1,,,30.26,,,,,,,,,,,,,
In home  (w/display),Temp & Humidity Sensor,2020/12/15 5:05 AM,62.7,59.0,48.2,61.4,,,30.26,,,,,,,,,,,,,
In home  (w/display),Temp & Humidity Sensor,2020/12/15 5:10 AM,63.1,59.0,48.5,61.9,,,30.26,,,,,,,,,,,,,
In home  (w/display),Temp & Humidity Sensor,2020/12/15 5:15 AM,63.5,58.0,48.5,62.3,,,30.27,,,,,,,,,,,,,
In home  (w/display),Temp & Humidity Sensor,2020/12/15 5:20 AM,63.6,58.0,48.5,62.4,,,30.27,,,,,,,,,,,,,
In home  (w/display),Temp & Humidity Sensor,2020/12/15 5:25 AM,63.8,58.0,48.7,62.6,,,30.27,,,,,,,,,,,,,
In home  (w/display),Temp & Humidity Sensor,2020/12/15 5:30 AM,64.0,58.0,48.9,62.8,,,30.27,,,,,,,,,,,,,
In home  (w/display),Temp & Humidity Sensor,2020/12/15 5:35 AM,64.2,58.0,49.1,63.0,,,30.27,,,,,,,,,,,,,
In home  (w/display),Temp & Humidity Sensor,2020/12/15 5:40 AM,64.2,57.0,48.6,63.0,,,30.27,,,,,,,,,,,,,
In home  (w/display),Temp & Humidity Sensor,2020/12/15 5:45 AM,64.2,57.0,48.6,63.0,,,30.27,,,,,,,,,,,,,
In home  (w/display),Temp & Humidity Sensor,2020/12/15 5:50 AM,64.4,57.0,48.8,63.2,,,30.28,,,,,,,,,,,,,
In home  (w/display),Temp & Humidity Sensor,2020/12/15 5:55 AM,64.4,57.0,48.8,63.2,,,30.28,,,,,,,,,,,,,
In home  (w/display),Temp & Humidity Sensor,2020/12/15 6:00 AM,64.4,57.0,48.8,63.2,,,30.28,,,,,,,,,,,,,
In home  (w/display),Temp & Humidity Sensor,2020/12/15 6:05 AM,64.5,57.0,48.9,63.3,,,30.28,,,,,,,,,,,,,
In home  (w/display),Temp & Humidity Sensor,2020/12/15 6:10 AM,64.7,57.0,49.1,63.5,,,30.28,,,,,,,,,,,,,
In home  (w/display),Temp & Humidity Sensor,2020/12/15 6:15 AM,65.1,57.0,49.5,64.0,,,30.28,,,,,,,,,,,,,
In home  (w/display),Temp & Humidity Sensor,2020/12/15 6:20 AM,65.3,57.0,49.7,64.2,,,30.28,,,,,,,,,,,,,
In home  (w/display),Temp & Humidity Sensor,2020/12/15 6:25 AM,65.4,57.0,49.8,64.3,,,30.28,,,,,,,,,,,,,
In home  (w/display),Temp & Humidity Sensor,2020/12/15 6:30 AM,65.4,57.0,49.8,64.3,,,30.28,,,,,,,,,,,,,
In home  (w/display),Temp & Humidity Sensor,2020/12/15 6:35 AM,65.6,57.0,49.9,64.5,,,30.28,,,,,,,,,,,,,
In home  (w/display),Temp & Humidity Sensor,2020/12/15 6:40 AM,65.6,56.0,49.5,64.5,,,30.29,,,,,,,,,,,,,
In home  (w/display),Temp & Humidity Sensor,2020/12/15 6:45 AM,65.8,56.0,49.7,64.7,,,30.29,,,,,,,,,,,,,
In home  (w/display),Temp & Humidity Sensor,2020/12/15 6:50 AM,65.8,56.0,49.7,64.7,,,30.3,,,,,,,,,,,,,
In home  (w/display),Temp & Humidity Sensor,2020/12/15 6:55 AM,66.0,56.0,49.8,64.9,,,30.3,,,,,,,,,,,,,
In home  (w/display),Temp & Humidity Sensor,2020/12/15 7:00 AM,66.0,56.0,49.8,64.9,,,30.3,,,,,,,,,,,,,
In home  (w/display),Temp & Humidity Sensor,2020/12/15 7:05 AM,66.0,56.0,49.8,64.9,,,30.3,,,,,,,,,,,,,
In home  (w/display),Temp & Humidity Sensor,2020/12/15 7:10 AM,66.3,55.0,49.6,65.2,,,30.3,,,,,,,,,,,,,
In home  (w/display),Temp & Humidity Sensor,2020/12/15 7:15 AM,66.5,55.0,49.8,65.4,,,30.3,,,,,,,,,,,,,
In home  (w/display),Temp & Humidity Sensor,2020/12/15 7:20 AM,66.7,55.0,50.0,65.7,,,30.3,,,,,,,,,,,,,
In home  (w/display),Temp & Humidity Sensor,2020/12/15 7:25 AM,66.7,55.0,50.0,65.7,,,30.3,,,,,,,,,,,,,
In home  (w/display),Temp & Humidity Sensor,2020/12/15 7:30 AM,66.5,55.0,49.8,65.4,,,30.31,,,,,,,,,,,,,
In home  (w/display),Temp & Humidity Sensor,2020/12/15 7:35 AM,66.7,55.0,50.0,65.7,,,30.31,,,,,,,,,,,,,
In home  (w/display),Temp & Humidity Sensor,2020/12/15 7:40 AM,66.9,55.0,50.2,65.9,,,30.32,,,,,,,,,,,,,
In home  (w/display),Temp & Humidity Sensor,2020/12/15 7:45 AM,67.1,55.0,50.4,66.1,,,30.32,,,,,,,,,,,,,
In home  (w/display),Temp & Humidity Sensor,2020/12/15 7:50 AM,67.2,55.0,50.5,66.2,,,30.32,,,,,,,,,,,,,
In home  (w/display),Temp & Humidity Sensor,2020/12/15 7:55 AM,67.1,55.0,50.4,66.1,,,30.33,,,,,,,,,,,,,
In home  (w/display),Temp & Humidity Sensor,2020/12/15 8:00 AM,67.2,55.0,50.5,66.2,,,30.33,,,,,,,,,,,,,
In home  (w/display),Temp & Humidity Sensor,2020/12/15 8:05 AM,67.2,55.0,50.5,66.2,,,30.33,,,,,,,,,,,,,
In home  (w/display),Temp & Humidity Sensor,2020/12/15 8:10 AM,66.9,55.0,50.2,65.9,,,30.33,,,,,,,,,,,,,
In home  (w/display),Temp & Humidity Sensor,2020/12/15 8:15 AM,66.7,55.0,50.0,65.7,,,30.33,,,,,,,,,,,,,
In home  (w/display),Temp & Humidity Sensor,2020/12/15 8:20 AM,66.5,55.0,49.8,65.4,,,30.33,,,,,,,,,,,,,
In home  (w/display),Temp & Humidity Sensor,2020/12/15 8:25 AM,66.5,55.0,49.8,65.4,,,30.33,,,,,,,,,,,,,
In home  (w/display),Temp & Humidity Sensor,2020/12/15 8:30 AM,66.5,55.0,49.8,65.4,,,30.33,,,,,,,,,,,,,
In home  (w/display),Temp & Humidity Sensor,2020/12/15 8:35 AM,66.3,55.0,49.6,65.2,,,30.34,,,,,,,,,,,,,
In home  (w/display),Temp & Humidity Sensor,2020/12/15 8:40 AM,66.3,55.0,49.6,65.2,,,30.34,,,,,,,,,,,,,
In home  (w/display),Temp & Humidity Sensor,2020/12/15 8:45 AM,66.3,56.0,50.1,65.3,,,30.34,,,,,,,,,,,,,
In home  (w/display),Temp & Humidity Sensor,2020/12/15 8:50 AM,66.7,56.0,50.5,65.7,,,30.34,,,,,,,,,,,,,
In home  (w/display),Temp & Humidity Sensor,2020/12/15 8:55 AM,66.7,56.0,50.5,65.7,,,30.34,,,,,,,,,,,,,
In home  (w/display),Temp & Humidity Sensor,2020/12/15 9:00 AM,66.5,56.0,50.3,65.5,,,30.34,,,,,,,,,,,,,
In home  (w/display),Temp & Humidity Sensor,2020/12/15 9:05 AM,66.7,56.0,50.5,65.7,,,30.34,,,,,,,,,,,,,
In home  (w/display),Temp & Humidity Sensor,2020/12/15 9:10 AM,66.9,56.0,50.7,65.9,,,30.34,,,,,,,,,,,,,
In home  (w/display),Temp & Humidity Sensor,2020/12/15 9:15 AM,66.9,56.0,50.7,65.9,,,30.35,,,,,,,,,,,,,
In home  (w/display),Temp & Humidity Sensor,2020/12/15 9:20 AM,66.7,56.0,50.5,65.7,,,30.34,,,,,,,,,,,,,
In home  (w/display),Temp & Humidity Sensor,2020/12/15 9:25 AM,66.7,56.0,50.5,65.7,,,30.34,,,,,,,,,,,,,
In home  (w/display),Temp & Humidity Sensor,2020/12/15 9:30 AM,66.7,56.0,50.5,65.7,,,30.34,,,,,,,,,,,,,
In home  (w/display),Temp & Humidity Sensor,2020/12/15 9:35 AM,67.1,56.0,50.9,66.1,,,30.34,,,,,,,,,,,,,
In home  (w/display),Temp & Humidity Sensor,2020/12/15 9:40 AM,66.9,55.0,50.2,65.9,,,30.34,,,,,,,,,,,,,
In home  (w/display),Temp & Humidity Sensor,2020/12/15 9:45 AM,66.7,55.0,50.0,65.7,,,30.34,,,,,,,,,,,,,
In home  (w/display),Temp & Humidity Sensor,2020/12/15 9:50 AM,66.7,55.0,50.0,65.7,,,30.35,,,,,,,,,,,,,
In home  (w/display),Temp & Humidity Sensor,2020/12/15 9:55 AM,66.7,55.0,50.0,65.7,,,30.35,,,,,,,,,,,,,
In home  (w/display),Temp & Humidity Sensor,2020/12/15 10:00 AM,66.9,55.0,50.2,65.9,,,30.35,,,,,,,,,,,,,
In home  (w/display),Temp & Humidity Sensor,2020/12/15 10:05 AM,66.7,55.0,50.0,65.7,,,30.35,,,,,,,,,,,,,
In home  (w/display),Temp & Humidity Sensor,2020/12/15 10:10 AM,66.7,55.0,50.0,65.7,,,30.35,,,,,,,,,,,,,
In home  (w/display),Temp & Humidity Sensor,2020/12/15 10:15 AM,66.7,55.0,50.0,65.7,,,30.36,,,,,,,,,,,,,
In home  (w/display),Temp & Humidity Sensor,2020/12/15 10:20 AM,66.7,55.0,50.0,65.7,,,30.35,,,,,,,,,,,,,
In home  (w/display),Temp & Humidity Sensor,2020/12/15 10:25 AM,66.7,55.0,50.0,65.7,,,30.35,,,,,,,,,,,,,
In home  (w/display),Temp & Humidity Sensor,2020/12/15 10:30 AM,66.5,55.0,49.8,65.4,,,30.35,,,,,,,,,,,,,
In home  (w/display),Temp & Humidity Sensor,2020/12/15 10:35 AM,66.7,55.0,50.0,65.7,,,30.35,,,,,,,,,,,,,
In home  (w/display),Temp & Humidity Sensor,2020/12/15 10:40 AM,66.7,55.0,50.0,65.7,,,30.35,,,,,,,,,,,,,
In home  (w/display),Temp & Humidity Sensor,2020/12/15 10:45 AM,66.7,55.0,50.0,65.7,,,30.35,,,,,,,,,,,,,
In home  (w/display),Temp & Humidity Sensor,2020/12/15 10:50 AM,66.5,55.0,49.8,65.4,,,30.35,,,,,,,,,,,,,
In home  (w/display),Temp & Humidity Sensor,2020/12/15 10:55 AM,66.7,55.0,50.0,65.7,,,30.35,,,,,,,,,,,,,
In home  (w/display),Temp & Humidity Sensor,2020/12/15 11:00 AM,66.7,55.0,50.0,65.7,,,30.34,,,,,,,,,,,,,
In home  (w/display),Temp & Humidity Sensor,2020/12/15 11:05 AM,66.7,55.0,50.0,65.7,,,30.35,,,,,,,,,,,,,
In home  (w/display),Temp & Humidity Sensor,2020/12/15 11:10 AM,66.3,55.0,49.6,65.2,,,30.35,,,,,,,,,,,,,
In home  (w/display),Temp & Humidity Sensor,2020/12/15 11:15 AM,66.5,55.0,49.8,65.4,,,30.35,,,,,,,,,,,,,
In home  (w/display),Temp & Humidity Sensor,2020/12/15 11:20 AM,66.7,55.0,50.0,65.7,,,30.34,,,,,,,,,,,,,
In home  (w/display),Temp & Humidity Sensor,2020/12/15 11:25 AM,66.9,55.0,50.2,65.9,,,30.34,,,,,,,,,,,,,
In home  (w/display),Temp & Humidity Sensor,2020/12/15 11:30 AM,66.7,55.0,50.0,65.7,,,30.33,,,,,,,,,,,,,
In home  (w/display),Temp & Humidity Sensor,2020/12/15 11:35 AM,66.5,55.0,49.8,65.4,,,30.34,,,,,,,,,,,,,
In home  (w/display),Temp & Humidity Sensor,2020/12/15 11:40 AM,66.3,55.0,49.6,65.2,,,30.33,,,,,,,,,,,,,
In home  (w/display),Temp & Humidity Sensor,2020/12/15 11:45 AM,66.7,55.0,50.0,65.7,,,30.33,,,,,,,,,,,,,
In home  (w/display),Temp & Humidity Sensor,2020/12/15 11:50 AM,66.9,55.0,50.2,65.9,,,30.33,,,,,,,,,,,,,
In home  (w/display),Temp & Humidity Sensor,2020/12/15 11:55 AM,66.7,55.0,50.0,65.7,,,30.32,,,,,,,,,,,,,
In home  (w/display),Temp & Humidity Sensor,2020/12/15 12:00 PM,66.5,55.0,49.8,65.4,,,30.32,,,,,,,,,,,,,
In home  (w/display),Temp & Humidity Sensor,2020/12/15 12:05 PM,66.3,55.0,49.6,65.2,,,30.32,,,,,,,,,,,,,
In home  (w/display),Temp & Humidity Sensor,2020/12/15 12:10 PM,66.7,55.0,50.0,65.7,,,30.32,,,,,,,,,,,,,
In home  (w/display),Temp & Humidity Sensor,2020/12/15 12:15 PM,66.7,55.0,50.0,65.7,,,30.32,,,,,,,,,,,,,
In home  (w/display),Temp & Humidity Sensor,2020/12/15 12:20 PM,66.7,55.0,50.0,65.7,,,30.31,,,,,,,,,,,,,
In home  (w/display),Temp & Humidity Sensor,2020/12/15 12:25 PM,66.5,55.0,49.8,65.4,,,30.31,,,,,,,,,,,,,
In home  (w/display),Temp & Humidity Sensor,2020/12/15 12:30 PM,66.3,55.0,49.6,65.2,,,30.31,,,,,,,,,,,,,
In home  (w/display),Temp & Humidity Sensor,2020/12/15 12:35 PM,66.5,55.0,49.8,65.4,,,30.31,,,,,,,,,,,,,
In home  (w/display),Temp & Humidity Sensor,2020/12/15 12:40 PM,66.7,55.0,50.0,65.7,,,30.31,,,,,,,,,,,,,
In home  (w/display),Temp & Humidity Sensor,2020/12/15 12:45 PM,66.7,55.0,50.0,65.7,,,30.31,,,,,,,,,,,,,
In home  (w/display),Temp & Humidity Sensor,2020/12/15 12:50 PM,66.3,55.0,49.6,65.2,,,30.31,,,,,,,,,,,,,
In home  (w/display),Temp & Humidity Sensor,2020/12/15 12:55 PM,66.3,55.0,49.6,65.2,,,30.31,,,,,,,,,,,,,
In home  (w/display),Temp & Humidity Sensor,2020/12/15 1:00 PM,66.5,55.0,49.8,65.4,,,30.31,,,,,,,,,,,,,
In home  (w/display),Temp & Humidity Sensor,2020/12/15 1:05 PM,66.7,55.0,50.0,65.7,,,30.31,,,,,,,,,,,,,
In home  (w/display),Temp & Humidity Sensor,2020/12/15 1:10 PM,66.7,55.0,50.0,65.7,,,30.3,,,,,,,,,,,,,
In home  (w/display),Temp & Humidity Sensor,2020/12/15 1:15 PM,66.5,55.0,49.8,65.4,,,30.3,,,,,,,,,,,,,
In home  (w/display),Temp & Humidity Sensor,2020/12/15 1:20 PM,66.3,55.0,49.6,65.2,,,30.29,,,,,,,,,,,,,
In home  (w/display),Temp & Humidity Sensor,2020/12/15 1:25 PM,66.3,55.0,49.6,65.2,,,30.29,,,,,,,,,,,,,
In home  (w/display),Temp & Humidity Sensor,2020/12/15 1:30 PM,66.7,55.0,50.0,65.7,,,30.29,,,,,,,,,,,,,
In home  (w/display),Temp & Humidity Sensor,2020/12/15 1:35 PM,66.7,55.0,50.0,65.7,,,30.3,,,,,,,,,,,,,
In home  (w/display),Temp & Humidity Sensor,2020/12/15 1:40 PM,66.5,55.0,49.8,65.4,,,30.29,,,,,,,,,,,,,
In home  (w/display),Temp & Humidity Sensor,2020/12/15 1:45 PM,66.3,55.0,49.6,65.2,,,30.29,,,,,,,,,,,,,
In home  (w/display),Temp & Humidity Sensor,2020/12/15 1:50 PM,66.3,55.0,49.6,65.2,,,30.29,,,,,,,,,,,,,
In home  (w/display),Temp & Humidity Sensor,2020/12/15 1:55 PM,66.5,55.0,49.8,65.4,,,30.29,,,,,,,,,,,,,
In home  (w/display),Temp & Humidity Sensor,2020/12/15 2:00 PM,66.7,55.0,50.0,65.7,,,30.29,,,,,,,,,,,,,
In home  (w/display),Temp & Humidity Sensor,2020/12/15 2:05 PM,66.3,55.0,49.6,65.2,,,30.29,,,,,,,,,,,,,
In home  (w/display),Temp & Humidity Sensor,2020/12/15 2:10 PM,66.3,55.0,49.6,65.2,,,30.29,,,,,,,,,,,,,
In home  (w/display),Temp & Humidity Sensor,2020/12/15 2:15 PM,66.3,55.0,49.6,65.2,,,30.29,,,,,,,,,,,,,
In home  (w/display),Temp & Humidity Sensor,2020/12/15 2:20 PM,66.2,55.0,49.5,65.1,,,30.28,,,,,,,,,,,,,
In home  (w/display),Temp & Humidity Sensor,2020/12/15 2:25 PM,66.5,55.0,49.8,65.4,,,30.28,,,,,,,,,,,,,
In home  (w/display),Temp & Humidity Sensor,2020/12/15 2:30 PM,66.3,55.0,49.6,65.2,,,30.27,,,,,,,,,,,,,
In home  (w/display),Temp & Humidity Sensor,2020/12/15 2:35 PM,66.3,55.0,49.6,65.2,,,30.27,,,,,,,,,,,,,
In home  (w/display),Temp & Humidity Sensor,2020/12/15 2:40 PM,66.2,56.0,50.0,65.2,,,30.27,,,,,,,,,,,,,
In home  (w/display),Temp & Humidity Sensor,2020/12/15 2:45 PM,66.2,56.0,50.0,65.2,,,30.27,,,,,,,,,,,,,
In home  (w/display),Temp & Humidity Sensor,2020/12/15 2:50 PM,66.3,56.0,50.1,65.3,,,30.27,,,,,,,,,,,,,
In home  (w/display),Temp & Humidity Sensor,2020/12/15 2:55 PM,66.3,56.0,50.1,65.3,,,30.27,,,,,,,,,,,,,
In home  (w/display),Temp & Humidity Sensor,2020/12/15 3:00 PM,66.3,56.0,50.1,65.3,,,30.27,,,,,,,,,,,,,
In home  (w/display),Temp & Humidity Sensor,2020/12/15 3:05 PM,66.3,56.0,50.1,65.3,,,30.27,,,,,,,,,,,,,
In home  (w/display),Temp & Humidity Sensor,2020/12/15 3:10 PM,66.3,56.0,50.1,65.3,,,30.26,,,,,,,,,,,,,
In home  (w/display),Temp & Humidity Sensor,2020/12/15 3:15 PM,66.3,56.0,50.1,65.3,,,30.26,,,,,,,,,,,,,
In home  (w/display),Temp & Humidity Sensor,2020/12/15 3:20 PM,66.5,56.0,50.3,65.5,,,30.26,,,,,,,,,,,,,
In home  (w/display),Temp & Humidity Sensor,2020/12/15 3:25 PM,66.3,56.0,50.1,65.3,,,30.25,,,,,,,,,,,,,
In home  (w/display),Temp & Humidity Sensor,2020/12/15 3:30 PM,66.3,56.0,50.1,65.3,,,30.25,,,,,,,,,,,,,
In home  (w/display),Temp & Humidity Sensor,2020/12/15 3:35 PM,66.2,56.0,50.0,65.2,,,30.25,,,,,,,,,,,,,
In home  (w/display),Temp & Humidity Sensor,2020/12/15 3:40 PM,66.0,57.0,50.3,65.0,,,30.25,,,,,,,,,,,,,
In home  (w/display),Temp & Humidity Sensor,2020/12/15 3:45 PM,66.0,57.0,50.3,65.0,,,30.25,,,,,,,,,,,,,
In home  (w/display),Temp & Humidity Sensor,2020/12/15 3:50 PM,66.2,56.0,50.0,65.2,,,30.25,,,,,,,,,,,,,
In home  (w/display),Temp & Humidity Sensor,2020/12/15 3:55 PM,66.2,56.0,50.0,65.2,,,30.25,,,,,,,,,,,,,
In home  (w/display),Temp & Humidity Sensor,2020/12/15 4:00 PM,66.0,57.0,50.3,65.0,,,30.25,,,,,,,,,,,,,
In home  (w/display),Temp & Humidity Sensor,2020/12/15 4:05 PM,66.0,57.0,50.3,65.0,,,30.25,,,,,,,,,,,,,
In home  (w/display),Temp & Humidity Sensor,2020/12/15 4:10 PM,65.8,57.0,50.1,64.8,,,30.25,,,,,,,,,,,,,
In home  (w/display),Temp & Humidity Sensor,2020/12/15 4:15 PM,65.8,57.0,50.1,64.8,,,30.25,,,,,,,,,,,,,
In home  (w/display),Temp & Humidity Sensor,2020/12/15 4:20 PM,65.8,57.0,50.1,64.8,,,30.25,,,,,,,,,,,,,
In home  (w/display),Temp & Humidity Sensor,2020/12/15 4:25 PM,66.0,57.0,50.3,65.0,,,30.26,,,,,,,,,,,,,
In home  (w/display),Temp & Humidity Sensor,2020/12/15 4:30 PM,66.0,57.0,50.3,65.0,,,30.25,,,,,,,,,,,,,
In home  (w/display),Temp & Humidity Sensor,2020/12/15 4:35 PM,65.8,57.0,50.1,64.8,,,30.25,,,,,,,,,,,,,
In home  (w/display),Temp & Humidity Sensor,2020/12/15 4:40 PM,65.8,57.0,50.1,64.8,,,30.25,,,,,,,,,,,,,
In home  (w/display),Temp & Humidity Sensor,2020/12/15 4:45 PM,65.6,57.0,49.9,64.5,,,30.26,,,,,,,,,,,,,
In home  (w/display),Temp & Humidity Sensor,2020/12/15 4:50 PM,65.4,57.0,49.8,64.3,,,30.26,,,,,,,,,,,,,
In home  (w/display),Temp & Humidity Sensor,2020/12/15 4:55 PM,65.8,57.0,50.1,64.8,,,30.26,,,,,,,,,,,,,
In home  (w/display),Temp & Humidity Sensor,2020/12/15 5:00 PM,65.8,56.0,49.7,64.7,,,30.26,,,,,,,,,,,,,
In home  (w/display),Temp & Humidity Sensor,2020/12/15 5:05 PM,65.6,57.0,49.9,64.5,,,30.26,,,,,,,,,,,,,
In home  (w/display),Temp & Humidity Sensor,2020/12/15 5:10 PM,65.4,57.0,49.8,64.3,,,30.26,,,,,,,,,,,,,
In home  (w/display),Temp & Humidity Sensor,2020/12/15 5:15 PM,65.4,57.0,49.8,64.3,,,30.27,,,,,,,,,,,,,
In home  (w/display),Temp & Humidity Sensor,2020/12/15 5:20 PM,65.4,57.0,49.8,64.3,,,30.26,,,,,,,,,,,,,
In home  (w/display),Temp & Humidity Sensor,2020/12/15 5:25 PM,65.4,57.0,49.8,64.3,,,30.26,,,,,,,,,,,,,
In home  (w/display),Temp & Humidity Sensor,2020/12/15 5:30 PM,65.6,56.0,49.5,64.5,,,30.26,,,,,,,,,,,,,
In home  (w/display),Temp & Humidity Sensor,2020/12/15 5:35 PM,65.4,56.0,49.3,64.3,,,30.26,,,,,,,,,,,,,
In home  (w/display),Temp & Humidity Sensor,2020/12/15 5:40 PM,65.4,56.0,49.3,64.3,,,30.26,,,,,,,,,,,,,
In home  (w/display),Temp & Humidity Sensor,2020/12/15 5:45 PM,65.4,56.0,49.3,64.3,,,30.27,,,,,,,,,,,,,
In home  (w/display),Temp & Humidity Sensor,2020/12/15 5:50 PM,65.4,56.0,49.3,64.3,,,30.27,,,,,,,,,,,,,
In home  (w/display),Temp & Humidity Sensor,2020/12/15 5:55 PM,65.6,56.0,49.5,64.5,,,30.27,,,,,,,,,,,,,
In home  (w/display),Temp & Humidity Sensor,2020/12/15 6:00 PM,65.6,56.0,49.5,64.5,,,30.27,,,,,,,,,,,,,
In home  (w/display),Temp & Humidity Sensor,2020/12/15 6:05 PM,65.4,56.0,49.3,64.3,,,30.27,,,,,,,,,,,,,
In home  (w/display),Temp & Humidity Sensor,2020/12/15 6:10 PM,65.4,56.0,49.3,64.3,,,30.28,,,,,,,,,,,,,
In home  (w/display),Temp & Humidity Sensor,2020/12/15 6:15 PM,65.6,56.0,49.5,64.5,,,30.27,,,,,,,,,,,,,
In home  (w/display),Temp & Humidity Sensor,2020/12/15 6:20 PM,65.8,56.0,49.7,64.7,,,30.27,,,,,,,,,,,,,
In home  (w/display),Temp & Humidity Sensor,2020/12/15 6:25 PM,65.6,56.0,49.5,64.5,,,30.27,,,,,,,,,,,,,
In home  (w/display),Temp & Humidity Sensor,2020/12/15 6:30 PM,65.4,56.0,49.3,64.3,,,30.27,,,,,,,,,,,,,
In home  (w/display),Temp & Humidity Sensor,2020/12/15 6:35 PM,65.4,56.0,49.3,64.3,,,30.26,,,,,,,,,,,,,
In home  (w/display),Temp & Humidity Sensor,2020/12/15 6:40 PM,65.8,56.0,49.7,64.7,,,30.26,,,,,,,,,,,,,
In home  (w/display),Temp & Humidity Sensor,2020/12/15 6:45 PM,66.3,55.0,49.6,65.2,,,30.27,,,,,,,,,,,,,
In home  (w/display),Temp & Humidity Sensor,2020/12/15 6:50 PM,66.5,55.0,49.8,65.4,,,30.27,,,,,,,,,,,,,
In home  (w/display),Temp & Humidity Sensor,2020/12/15 6:55 PM,66.7,55.0,50.0,65.7,,,30.28,,,,,,,,,,,,,
In home  (w/display),Temp & Humidity Sensor,2020/12/15 7:00 PM,66.7,55.0,50.0,65.7,,,30.28,,,,,,,,,,,,,
In home  (w/display),Temp & Humidity Sensor,2020/12/15 7:05 PM,66.5,55.0,49.8,65.4,,,30.29,,,,,,,,,,,,,
In home  (w/display),Temp & Humidity Sensor,2020/12/15 7:10 PM,66.7,55.0,50.0,65.7,,,30.29,,,,,,,,,,,,,
In home  (w/display),Temp & Humidity Sensor,2020/12/15 7:15 PM,66.9,55.0,50.2,65.9,,,30.28,,,,,,,,,,,,,
In home  (w/display),Temp & Humidity Sensor,2020/12/15 7:20 PM,67.1,55.0,50.4,66.1,,,30.28,,,,,,,,,,,,,
In home  (w/display),Temp & Humidity Sensor,2020/12/15 7:25 PM,67.1,55.0,50.4,66.1,,,30.28,,,,,,,,,,,,,
In home  (w/display),Temp & Humidity Sensor,2020/12/15 7:30 PM,67.1,55.0,50.4,66.1,,,30.28,,,,,,,,,,,,,
In home  (w/display),Temp & Humidity Sensor,2020/12/15 7:35 PM,66.9,55.0,50.2,65.9,,,30.28,,,,,,,,,,,,,
In home  (w/display),Temp & Humidity Sensor,2020/12/15 7:40 PM,67.1,55.0,50.4,66.1,,,30.28,,,,,,,,,,,,,
In home  (w/display),Temp & Humidity Sensor,2020/12/15 7:45 PM,67.2,55.0,50.5,66.2,,,30.28,,,,,,,,,,,,,
In home  (w/display),Temp & Humidity Sensor,2020/12/15 7:50 PM,67.2,55.0,50.5,66.2,,,30.27,,,,,,,,,,,,,
In home  (w/display),Temp & Humidity Sensor,2020/12/15 7:55 PM,67.1,55.0,50.4,66.1,,,30.26,,,,,,,,,,,,,
In home  (w/display),Temp & Humidity Sensor,2020/12/15 8:00 PM,67.4,55.0,50.7,66.4,,,30.26,,,,,,,,,,,,,
In home  (w/display),Temp & Humidity Sensor,2020/12/15 8:05 PM,67.6,55.0,50.8,66.6,,,30.25,,,,,,,,,,,,,
In home  (w/display),Temp & Humidity Sensor,2020/12/15 8:10 PM,67.6,55.0,50.8,66.6,,,30.26,,,,,,,,,,,,,
In home  (w/display),Temp & Humidity Sensor,2020/12/15 8:15 PM,67.4,55.0,50.7,66.4,,,30.26,,,,,,,,,,,,,
In home  (w/display),Temp & Humidity Sensor,2020/12/15 8:20 PM,67.6,55.0,50.8,66.6,,,30.26,,,,,,,,,,,,,
In home  (w/display),Temp & Humidity Sensor,2020/12/15 8:25 PM,67.6,55.0,50.8,66.6,,,30.26,,,,,,,,,,,,,
In home  (w/display),Temp & Humidity Sensor,2020/12/15 8:30 PM,67.6,55.0,50.8,66.6,,,30.27,,,,,,,,,,,,,
In home  (w/display),Temp & Humidity Sensor,2020/12/15 8:35 PM,67.6,55.0,50.8,66.6,,,30.27,,,,,,,,,,,,,
In home  (w/display),Temp & Humidity Sensor,2020/12/15 8:40 PM,67.6,55.0,50.8,66.6,,,30.28,,,,,,,,,,,,,
In home  (w/display),Temp & Humidity Sensor,2020/12/15 8:45 PM,67.8,55.0,51.0,66.9,,,30.28,,,,,,,,,,,,,
In home  (w/display),Temp & Humidity Sensor,2020/12/15 8:50 PM,67.8,55.0,51.0,66.9,,,30.28,,,,,,,,,,,,,
In home  (w/display),Temp & Humidity Sensor,2020/12/15 8:55 PM,67.6,55.0,50.8,66.6,,,30.26,,,,,,,,,,,,,
In home  (w/display),Temp & Humidity Sensor,2020/12/15 9:00 PM,67.8,55.0,51.0,66.9,,,30.26,,,,,,,,,,,,,
In home  (w/display),Temp & Humidity Sensor,2020/12/15 9:05 PM,67.8,55.0,51.0,66.9,,,30.26,,,,,,,,,,,,,
In home  (w/display),Temp & Humidity Sensor,2020/12/15 9:10 PM,67.8,55.0,51.0,66.9,,,30.26,,,,,,,,,,,,,
In home  (w/display),Temp & Humidity Sensor,2020/12/15 9:15 PM,67.8,54.0,50.5,66.8,,,30.25,,,,,,,,,,,,,
In home  (w/display),Temp & Humidity Sensor,2020/12/15 9:20 PM,67.8,54.0,50.5,66.8,,,30.26,,,,,,,,,,,,,
In home  (w/display),Temp & Humidity Sensor,2020/12/15 9:25 PM,68.0,55.0,51.2,67.1,,,30.25,,,,,,,,,,,,,
In home  (w/display),Temp & Humidity Sensor,2020/12/15 9:30 PM,67.8,54.0,50.5,66.8,,,30.25,,,,,,,,,,,,,
In home  (w/display),Temp & Humidity Sensor,2020/12/15 9:35 PM,67.8,54.0,50.5,66.8,,,30.25,,,,,,,,,,,,,
In home  (w/display),Temp & Humidity Sensor,2020/12/15 9:40 PM,67.8,54.0,50.5,66.8,,,30.25,,,,,,,,,,,,,
In home  (w/display),Temp & Humidity Sensor,2020/12/15 9:45 PM,68.0,54.0,50.7,67.0,,,30.25,,,,,,,,,,,,,
In home  (w/display),Temp & Humidity Sensor,2020/12/15 9:50 PM,67.8,54.0,50.5,66.8,,,30.25,,,,,,,,,,,,,
In home  (w/display),Temp & Humidity Sensor,2020/12/15 9:55 PM,67.6,54.0,50.4,66.6,,,30.26,,,,,,,,,,,,,
In home  (w/display),Temp & Humidity Sensor,2020/12/15 10:00 PM,67.6,54.0,50.4,66.6,,,30.26,,,,,,,,,,,,,
In home  (w/display),Temp & Humidity Sensor,2020/12/15 10:05 PM,67.8,54.0,50.5,66.8,,,30.26,,,,,,,,,,,,,
In home  (w/display),Temp & Humidity Sensor,2020/12/15 10:10 PM,67.6,54.0,50.4,66.6,,,30.25,,,,,,,,,,,,,
In home  (w/display),Temp & Humidity Sensor,2020/12/15 10:15 PM,67.4,54.0,50.2,66.4,,,30.25,,,,,,,,,,,,,
In home  (w/display),Temp & Humidity Sensor,2020/12/15 10:20 PM,67.2,54.0,50.0,66.2,,,30.24,,,,,,,,,,,,,
In home  (w/display),Temp & Humidity Sensor,2020/12/15 10:25 PM,67.1,54.0,49.9,66.0,,,30.24,,,,,,,,,,,,,
In home  (w/display),Temp & Humidity Sensor,2020/12/15 10:30 PM,66.9,54.0,49.7,65.8,,,30.25,,,,,,,,,,,,,
In home  (w/display),Temp & Humidity Sensor,2020/12/15 10:35 PM,66.7,55.0,50.0,65.7,,,30.25,,,,,,,,,,,,,
In home  (w/display),Temp & Humidity Sensor,2020/12/15 10:40 PM,66.5,54.0,49.3,65.4,,,30.26,,,,,,,,,,,,,
In home  (w/display),Temp & Humidity Sensor,2020/12/15 10:45 PM,66.3,54.0,49.1,65.2,,,30.24,,,,,,,,,,,,,
In home  (w/display),Temp & Humidity Sensor,2020/12/15 10:50 PM,66.3,54.0,49.1,65.2,,,30.24,,,,,,,,,,,,,
In home  (w/display),Temp & Humidity Sensor,2020/12/15 10:55 PM,66.0,55.0,49.4,64.9,,,30.25,,,,,,,,,,,,,
In home  (w/display),Temp & Humidity Sensor,2020/12/15 11:00 PM,66.0,56.0,49.8,64.9,,,30.25,,,,,,,,,,,,,
In home  (w/display),Temp & Humidity Sensor,2020/12/15 11:05 PM,65.8,55.0,49.2,64.7,,,30.25,,,,,,,,,,,,,
In home  (w/display),Temp & Humidity Sensor,2020/12/15 11:10 PM,65.8,55.0,49.2,64.7,,,30.26,,,,,,,,,,,,,
In home  (w/display),Temp & Humidity Sensor,2020/12/15 11:15 PM,65.6,55.0,49.0,64.4,,,30.25,,,,,,,,,,,,,
In home  (w/display),Temp & Humidity Sensor,2020/12/15 11:20 PM,65.4,56.0,49.3,64.3,,,30.26,,,,,,,,,,,,,
In home  (w/display),Temp & Humidity Sensor,2020/12/15 11:25 PM,65.4,56.0,49.3,64.3,,,30.26,,,,,,,,,,,,,
In home  (w/display),Temp & Humidity Sensor,2020/12/15 11:30 PM,65.4,56.0,49.3,64.3,,,30.25,,,,,,,,,,,,,
In home  (w/display),Temp & Humidity Sensor,2020/12/15 11:35 PM,65.3,56.0,49.2,64.2,,,30.25,,,,,,,,,,,,,
In home  (w/display),Temp & Humidity Sensor,2020/12/15 11:40 PM,65.3,56.0,49.2,64.2,,,30.25,,,,,,,,,,,,,
In home  (w/display),Temp & Humidity Sensor,2020/12/15 11:45 PM,65.3,56.0,49.2,64.2,,,30.24,,,,,,,,,,,,,
In home  (w/display),Temp & Humidity Sensor,2020/12/15 11:50 PM,65.1,56.0,49.0,63.9,,,30.25,,,,,,,,,,,,,
In home  (w/display),Temp & Humidity Sensor,2020/12/15 11:55 PM,64.9,56.0,48.8,63.7,,,30.24,,,,,,,,,,,,,
In home  (w/display),Temp & Humidity Sensor,2020/12/16 12:00 AM,64.9,56.0,48.8,63.7,,,30.24,,,,,,,,,,,,,
In home  (w/display),Temp & Humidity Sensor,2020/12/16 12:05 AM,64.9,56.0,48.8,63.7,,,30.23,,,,,,,,,,,,,
In home  (w/display),Temp & Humidity Sensor,2020/12/16 12:10 AM,64.5,56.0,48.4,63.3,,,30.23,,,,,,,,,,,,,
In home  (w/display),Temp & Humidity Sensor,2020/12/16 12:20 AM,64.5,56.0,48.4,63.3,,,30.24,,,,,,,,,,,,,
In home  (w/display),Temp & Humidity Sensor,2020/12/16 12:25 AM,64.5,56.0,48.4,63.3,,,30.25,,,,,,,,,,,,,
In home  (w/display),Temp & Humidity Sensor,2020/12/16 12:30 AM,64.5,56.0,48.4,63.3,,,30.25,,,,,,,,,,,,,
In home  (w/display),Temp & Humidity Sensor,2020/12/16 12:35 AM,64.4,56.0,48.4,63.2,,,30.25,,,,,,,,,,,,,
In home  (w/display),Temp & Humidity Sensor,2020/12/16 12:40 AM,64.4,56.0,48.4,63.2,,,30.24,,,,,,,,,,,,,
In home  (w/display),Temp & Humidity Sensor,2020/12/16 12:45 AM,64.2,56.0,48.2,63.0,,,30.23,,,,,,,,,,,,,
In home  (w/display),Temp & Humidity Sensor,2020/12/16 12:50 AM,64.2,56.0,48.2,63.0,,,30.24,,,,,,,,,,,,,
In home  (w/display),Temp & Humidity Sensor,2020/12/16 12:55 AM,64.2,56.0,48.2,63.0,,,30.24,,,,,,,,,,,,,
In home  (w/display),Temp & Humidity Sensor,2020/12/16 1:00 AM,64.2,56.0,48.2,63.0,,,30.24,,,,,,,,,,,,,
In home  (w/display),Temp & Humidity Sensor,2020/12/16 1:05 AM,64.0,56.0,48.0,62.7,,,30.24,,,,,,,,,,,,,
In home  (w/display),Temp & Humidity Sensor,2020/12/16 1:10 AM,64.0,56.0,48.0,62.7,,,30.23,,,,,,,,,,,,,
In home  (w/display),Temp & Humidity Sensor,2020/12/16 1:15 AM,64.0,56.0,48.0,62.7,,,30.21,,,,,,,,,,,,,
In home  (w/display),Temp & Humidity Sensor,2020/12/16 1:20 AM,64.0,56.0,48.0,62.7,,,30.22,,,,,,,,,,,,,
In home  (w/display),Temp & Humidity Sensor,2020/12/16 1:25 AM,63.8,56.0,47.8,62.5,,,30.22,,,,,,,,,,,,,
In home  (w/display),Temp & Humidity Sensor,2020/12/16 1:30 AM,63.8,56.0,47.8,62.5,,,30.21,,,,,,,,,,,,,
In home  (w/display),Temp & Humidity Sensor,2020/12/16 1:35 AM,63.6,56.0,47.6,62.3,,,30.21,,,,,,,,,,,,,
In home  (w/display),Temp & Humidity Sensor,2020/12/16 1:40 AM,63.6,56.0,47.6,62.3,,,30.21,,,,,,,,,,,,,
In home  (w/display),Temp & Humidity Sensor,2020/12/16 1:45 AM,63.6,56.0,47.6,62.3,,,30.2,,,,,,,,,,,,,
In home  (w/display),Temp & Humidity Sensor,2020/12/16 1:50 AM,63.6,56.0,47.6,62.3,,,30.2,,,,,,,,,,,,,
In home  (w/display),Temp & Humidity Sensor,2020/12/16 1:55 AM,63.6,56.0,47.6,62.3,,,30.2,,,,,,,,,,,,,
In home  (w/display),Temp & Humidity Sensor,2020/12/16 2:00 AM,63.5,56.0,47.5,62.2,,,30.2,,,,,,,,,,,,,
In home  (w/display),Temp & Humidity Sensor,2020/12/16 2:05 AM,63.5,56.0,47.5,62.2,,,30.2,,,,,,,,,,,,,
In home  (w/display),Temp & Humidity Sensor,2020/12/16 2:10 AM,63.5,56.0,47.5,62.2,,,30.21,,,,,,,,,,,,,
In home  (w/display),Temp & Humidity Sensor,2020/12/16 2:15 AM,63.5,56.0,47.5,62.2,,,30.21,,,,,,,,,,,,,
In home  (w/display),Temp & Humidity Sensor,2020/12/16 2:20 AM,63.5,56.0,47.5,62.2,,,30.21,,,,,,,,,,,,,
In home  (w/display),Temp & Humidity Sensor,2020/12/16 2:25 AM,63.3,57.0,47.8,62.0,,,30.21,,,,,,,,,,,,,
In home  (w/display),Temp & Humidity Sensor,2020/12/16 2:30 AM,63.3,57.0,47.8,62.0,,,30.21,,,,,,,,,,,,,
In home  (w/display),Temp & Humidity Sensor,2020/12/16 2:35 AM,63.3,57.0,47.8,62.0,,,30.22,,,,,,,,,,,,,
In home  (w/display),Temp & Humidity Sensor,2020/12/16 2:40 AM,63.1,57.0,47.6,61.8,,,30.23,,,,,,,,,,,,,
In home  (w/display),Temp & Humidity Sensor,2020/12/16 2:50 AM,63.1,57.0,47.6,61.8,,,30.23,,,,,,,,,,,,,
In home  (w/display),Temp & Humidity Sensor,2020/12/16 2:55 AM,63.1,57.0,47.6,61.8,,,30.21,,,,,,,,,,,,,
In home  (w/display),Temp & Humidity Sensor,2020/12/16 3:00 AM,63.1,57.0,47.6,61.8,,,30.22,,,,,,,,,,,,,
In home  (w/display),Temp & Humidity Sensor,2020/12/16 3:05 AM,63.1,57.0,47.6,61.8,,,30.21,,,,,,,,,,,,,
In home  (w/display),Temp & Humidity Sensor,2020/12/16 3:10 AM,62.9,57.0,47.4,61.6,,,30.21,,,,,,,,,,,,,
In home  (w/display),Temp & Humidity Sensor,2020/12/16 3:15 AM,63.1,57.0,47.6,61.8,,,30.22,,,,,,,,,,,,,
In home  (w/display),Temp & Humidity Sensor,2020/12/16 3:20 AM,62.9,57.0,47.4,61.6,,,30.22,,,,,,,,,,,,,
In home  (w/display),Temp & Humidity Sensor,2020/12/16 3:25 AM,62.9,57.0,47.4,61.6,,,30.2,,,,,,,,,,,,,
In home  (w/display),Temp & Humidity Sensor,2020/12/16 3:30 AM,62.7,57.0,47.2,61.3,,,30.21,,,,,,,,,,,,,
In home  (w/display),Temp & Humidity Sensor,2020/12/16 3:35 AM,62.7,57.0,47.2,61.3,,,30.2,,,,,,,,,,,,,
In home  (w/display),Temp & Humidity Sensor,2020/12/16 3:40 AM,62.7,57.0,47.2,61.3,,,30.19,,,,,,,,,,,,,
In home  (w/display),Temp & Humidity Sensor,2020/12/16 3:45 AM,62.7,57.0,47.2,61.3,,,30.19,,,,,,,,,,,,,
In home  (w/display),Temp & Humidity Sensor,2020/12/16 3:50 AM,62.7,57.0,47.2,61.3,,,30.19,,,,,,,,,,,,,
In home  (w/display),Temp & Humidity Sensor,2020/12/16 3:55 AM,62.7,57.0,47.2,61.3,,,30.18,,,,,,,,,,,,,
In home  (w/display),Temp & Humidity Sensor,2020/12/16 4:00 AM,62.7,57.0,47.2,61.3,,,30.17,,,,,,,,,,,,,
In home  (w/display),Temp & Humidity Sensor,2020/12/16 4:05 AM,62.6,57.0,47.1,61.2,,,30.17,,,,,,,,,,,,,
In home  (w/display),Temp & Humidity Sensor,2020/12/16 4:10 AM,62.7,57.0,47.2,61.3,,,30.17,,,,,,,,,,,,,
In home  (w/display),Temp & Humidity Sensor,2020/12/16 4:15 AM,62.7,57.0,47.2,61.3,,,30.17,,,,,,,,,,,,,
In home  (w/display),Temp & Humidity Sensor,2020/12/16 4:20 AM,62.6,57.0,47.1,61.2,,,30.16,,,,,,,,,,,,,
In home  (w/display),Temp & Humidity Sensor,2020/12/16 4:25 AM,62.6,57.0,47.1,61.2,,,30.17,,,,,,,,,,,,,
In home  (w/display),Temp & Humidity Sensor,2020/12/16 4:30 AM,62.6,57.0,47.1,61.2,,,30.18,,,,,,,,,,,,,
In home  (w/display),Temp & Humidity Sensor,2020/12/16 4:35 AM,62.6,57.0,47.1,61.2,,,30.17,,,,,,,,,,,,,
In home  (w/display),Temp & Humidity Sensor,2020/12/16 4:40 AM,62.6,57.0,47.1,61.2,,,30.17,,,,,,,,,,,,,
In home  (w/display),Temp & Humidity Sensor,2020/12/16 4:45 AM,62.7,57.0,47.2,61.3,,,30.17,,,,,,,,,,,,,
In home  (w/display),Temp & Humidity Sensor,2020/12/16 4:50 AM,63.3,57.0,47.8,62.0,,,30.17,,,,,,,,,,,,,
In home  (w/display),Temp & Humidity Sensor,2020/12/16 4:55 AM,63.6,56.0,47.6,62.3,,,30.17,,,,,,,,,,,,,
In home  (w/display),Temp & Humidity Sensor,2020/12/16 5:00 AM,64.0,56.0,48.0,62.7,,,30.16,,,,,,,,,,,,,
In home  (w/display),Temp & Humidity Sensor,2020/12/16 5:05 AM,64.4,56.0,48.4,63.2,,,30.15,,,,,,,,,,,,,
In home  (w/display),Temp & Humidity Sensor,2020/12/16 5:10 AM,64.5,56.0,48.4,63.3,,,30.16,,,,,,,,,,,,,
In home  (w/display),Temp & Humidity Sensor,2020/12/16 5:15 AM,65.1,56.0,49.0,63.9,,,30.15,,,,,,,,,,,,,
In home  (w/display),Temp & Humidity Sensor,2020/12/16 5:20 AM,65.4,56.0,49.3,64.3,,,30.15,,,,,,,,,,,,,
In home  (w/display),Temp & Humidity Sensor,2020/12/16 5:25 AM,65.6,55.0,49.0,64.4,,,30.15,,,,,,,,,,,,,
In home  (w/display),Temp & Humidity Sensor,2020/12/16 5:30 AM,65.8,55.0,49.2,64.7,,,30.15,,,,,,,,,,,,,
In home  (w/display),Temp & Humidity Sensor,2020/12/16 5:35 AM,66.0,55.0,49.4,64.9,,,30.15,,,,,,,,,,,,,
In home  (w/display),Temp & Humidity Sensor,2020/12/16 5:40 AM,66.0,55.0,49.4,64.9,,,30.15,,,,,,,,,,,,,
In home  (w/display),Temp & Humidity Sensor,2020/12/16 5:45 AM,66.0,55.0,49.4,64.9,,,30.14,,,,,,,,,,,,,
In home  (w/display),Temp & Humidity Sensor,2020/12/16 5:50 AM,66.2,54.0,49.1,65.1,,,30.14,,,,,,,,,,,,,
In home  (w/display),Temp & Humidity Sensor,2020/12/16 5:55 AM,66.3,54.0,49.1,65.2,,,30.14,,,,,,,,,,,,,
In home  (w/display),Temp & Humidity Sensor,2020/12/16 6:00 AM,66.7,54.0,49.5,65.6,,,30.13,,,,,,,,,,,,,
In home  (w/display),Temp & Humidity Sensor,2020/12/16 6:05 AM,66.7,54.0,49.5,65.6,,,30.13,,,,,,,,,,,,,
In home  (w/display),Temp & Humidity Sensor,2020/12/16 6:10 AM,66.9,54.0,49.7,65.8,,,30.12,,,,,,,,,,,,,
In home  (w/display),Temp & Humidity Sensor,2020/12/16 6:15 AM,66.7,54.0,49.5,65.6,,,30.12,,,,,,,,,,,,,
In home  (w/display),Temp & Humidity Sensor,2020/12/16 6:20 AM,66.5,54.0,49.3,65.4,,,30.12,,,,,,,,,,,,,
In home  (w/display),Temp & Humidity Sensor,2020/12/16 6:25 AM,66.7,54.0,49.5,65.6,,,30.11,,,,,,,,,,,,,
In home  (w/display),Temp & Humidity Sensor,2020/12/16 6:30 AM,66.7,54.0,49.5,65.6,,,30.11,,,,,,,,,,,,,
In home  (w/display),Temp & Humidity Sensor,2020/12/16 6:35 AM,67.1,54.0,49.9,66.0,,,30.1,,,,,,,,,,,,,
In home  (w/display),Temp & Humidity Sensor,2020/12/16 6:40 AM,67.2,54.0,50.0,66.2,,,30.11,,,,,,,,,,,,,
In home  (w/display),Temp & Humidity Sensor,2020/12/16 6:45 AM,67.4,54.0,50.2,66.4,,,30.11,,,,,,,,,,,,,
In home  (w/display),Temp & Humidity Sensor,2020/12/16 6:50 AM,67.4,54.0,50.2,66.4,,,30.11,,,,,,,,,,,,,
In home  (w/display),Temp & Humidity Sensor,2020/12/16 6:55 AM,67.2,54.0,50.0,66.2,,,30.11,,,,,,,,,,,,,
In home  (w/display),Temp & Humidity Sensor,2020/12/16 7:00 AM,67.2,54.0,50.0,66.2,,,30.11,,,,,,,,,,,,,
In home  (w/display),Temp & Humidity Sensor,2020/12/16 7:05 AM,67.1,54.0,49.9,66.0,,,30.11,,,,,,,,,,,,,
In home  (w/display),Temp & Humidity Sensor,2020/12/16 7:10 AM,67.2,54.0,50.0,66.2,,,30.11,,,,,,,,,,,,,
In home  (w/display),Temp & Humidity Sensor,2020/12/16 7:15 AM,67.4,54.0,50.2,66.4,,,30.12,,,,,,,,,,,,,
In home  (w/display),Temp & Humidity Sensor,2020/12/16 7:20 AM,67.6,54.0,50.4,66.6,,,30.12,,,,,,,,,,,,,
In home  (w/display),Temp & Humidity Sensor,2020/12/16 7:25 AM,67.6,54.0,50.4,66.6,,,30.13,,,,,,,,,,,,,
In home  (w/display),Temp & Humidity Sensor,2020/12/16 7:30 AM,67.4,54.0,50.2,66.4,,,30.12,,,,,,,,,,,,,
In home  (w/display),Temp & Humidity Sensor,2020/12/16 7:35 AM,67.6,54.0,50.4,66.6,,,30.11,,,,,,,,,,,,,
In home  (w/display),Temp & Humidity Sensor,2020/12/16 7:40 AM,67.6,54.0,50.4,66.6,,,30.11,,,,,,,,,,,,,
In home  (w/display),Temp & Humidity Sensor,2020/12/16 7:45 AM,67.8,54.0,50.5,66.8,,,30.11,,,,,,,,,,,,,
In home  (w/display),Temp & Humidity Sensor,2020/12/16 7:50 AM,67.8,54.0,50.5,66.8,,,30.11,,,,,,,,,,,,,
In home  (w/display),Temp & Humidity Sensor,2020/12/16 7:55 AM,67.6,54.0,50.4,66.6,,,30.1,,,,,,,,,,,,,
In home  (w/display),Temp & Humidity Sensor,2020/12/16 8:00 AM,67.6,54.0,50.4,66.6,,,30.11,,,,,,,,,,,,,
In home  (w/display),Temp & Humidity Sensor,2020/12/16 8:05 AM,67.6,54.0,50.4,66.6,,,30.11,,,,,,,,,,,,,
In home  (w/display),Temp & Humidity Sensor,2020/12/16 8:10 AM,67.4,54.0,50.2,66.4,,,30.11,,,,,,,,,,,,,
In home  (w/display),Temp & Humidity Sensor,2020/12/16 8:15 AM,67.2,54.0,50.0,66.2,,,30.11,,,,,,,,,,,,,
In home  (w/display),Temp & Humidity Sensor,2020/12/16 8:20 AM,67.1,54.0,49.9,66.0,,,30.1,,,,,,,,,,,,,
In home  (w/display),Temp & Humidity Sensor,2020/12/16 8:25 AM,67.1,54.0,49.9,66.0,,,30.1,,,,,,,,,,,,,
In home  (w/display),Temp & Humidity Sensor,2020/12/16 8:30 AM,66.7,54.0,49.5,65.6,,,30.09,,,,,,,,,,,,,
In home  (w/display),Temp & Humidity Sensor,2020/12/16 8:35 AM,66.7,54.0,49.5,65.6,,,30.08,,,,,,,,,,,,,
In home  (w/display),Temp & Humidity Sensor,2020/12/16 8:40 AM,66.3,54.0,49.1,65.2,,,30.07,,,,,,,,,,,,,
In home  (w/display),Temp & Humidity Sensor,2020/12/16 8:45 AM,66.7,54.0,49.5,65.6,,,30.07,,,,,,,,,,,,,
In home  (w/display),Temp & Humidity Sensor,2020/12/16 8:50 AM,66.7,54.0,49.5,65.6,,,30.06,,,,,,,,,,,,,
In home  (w/display),Temp & Humidity Sensor,2020/12/16 8:55 AM,66.5,54.0,49.3,65.4,,,30.05,,,,,,,,,,,,,
In home  (w/display),Temp & Humidity Sensor,2020/12/16 9:00 AM,66.3,54.0,49.1,65.2,,,30.05,,,,,,,,,,,,,
In home  (w/display),Temp & Humidity Sensor,2020/12/16 9:05 AM,66.3,54.0,49.1,65.2,,,30.05,,,,,,,,,,,,,
In home  (w/display),Temp & Humidity Sensor,2020/12/16 9:10 AM,66.3,54.0,49.1,65.2,,,30.05,,,,,,,,,,,,,
In home  (w/display),Temp & Humidity Sensor,2020/12/16 9:15 AM,66.3,54.0,49.1,65.2,,,30.05,,,,,,,,,,,,,
In home  (w/display),Temp & Humidity Sensor,2020/12/16 9:20 AM,66.2,54.0,49.1,65.1,,,30.06,,,,,,,,,,,,,
In home  (w/display),Temp & Humidity Sensor,2020/12/16 9:25 AM,66.0,55.0,49.4,64.9,,,30.07,,,,,,,,,,,,,
In home  (w/display),Temp & Humidity Sensor,2020/12/16 9:30 AM,66.0,55.0,49.4,64.9,,,30.08,,,,,,,,,,,,,
In home  (w/display),Temp & Humidity Sensor,2020/12/16 9:35 AM,66.0,55.0,49.4,64.9,,,30.08,,,,,,,,,,,,,
In home  (w/display),Temp & Humidity Sensor,2020/12/16 9:40 AM,66.3,54.0,49.1,65.2,,,30.07,,,,,,,,,,,,,
In home  (w/display),Temp & Humidity Sensor,2020/12/16 9:45 AM,66.2,54.0,49.1,65.1,,,30.08,,,,,,,,,,,,,
In home  (w/display),Temp & Humidity Sensor,2020/12/16 9:50 AM,66.0,55.0,49.4,64.9,,,30.07,,,,,,,,,,,,,
In home  (w/display),Temp & Humidity Sensor,2020/12/16 9:55 AM,66.0,55.0,49.4,64.9,,,30.06,,,,,,,,,,,,,
In home  (w/display),Temp & Humidity Sensor,2020/12/16 10:00 AM,66.3,54.0,49.1,65.2,,,30.04,,,,,,,,,,,,,
In home  (w/display),Temp & Humidity Sensor,2020/12/16 10:05 AM,66.3,54.0,49.1,65.2,,,30.03,,,,,,,,,,,,,
In home  (w/display),Temp & Humidity Sensor,2020/12/16 10:10 AM,66.2,54.0,49.1,65.1,,,30.04,,,,,,,,,,,,,
In home  (w/display),Temp & Humidity Sensor,2020/12/16 10:15 AM,66.0,55.0,49.4,64.9,,,30.03,,,,,,,,,,,,,
In home  (w/display),Temp & Humidity Sensor,2020/12/16 10:20 AM,66.0,55.0,49.4,64.9,,,30.02,,,,,,,,,,,,,
In home  (w/display),Temp & Humidity Sensor,2020/12/16 10:25 AM,66.2,54.0,49.1,65.1,,,30.01,,,,,,,,,,,,,
In home  (w/display),Temp & Humidity Sensor,2020/12/16 10:30 AM,66.2,54.0,49.1,65.1,,,30.0,,,,,,,,,,,,,
In home  (w/display),Temp & Humidity Sensor,2020/12/16 10:35 AM,66.0,55.0,49.4,64.9,,,30.0,,,,,,,,,,,,,
In home  (w/display),Temp & Humidity Sensor,2020/12/16 10:40 AM,66.0,55.0,49.4,64.9,,,29.99,,,,,,,,,,,,,
In home  (w/display),Temp & Humidity Sensor,2020/12/16 10:45 AM,66.0,55.0,49.4,64.9,,,29.98,,,,,,,,,,,,,
In home  (w/display),Temp & Humidity Sensor,2020/12/16 10:50 AM,66.3,54.0,49.1,65.2,,,29.99,,,,,,,,,,,,,
In home  (w/display),Temp & Humidity Sensor,2020/12/16 10:55 AM,66.3,54.0,49.1,65.2,,,29.99,,,,,,,,,,,,,
In home  (w/display),Temp & Humidity Sensor,2020/12/16 11:00 AM,66.0,55.0,49.4,64.9,,,29.98,,,,,,,,,,,,,
In home  (w/display),Temp & Humidity Sensor,2020/12/16 11:05 AM,66.0,55.0,49.4,64.9,,,29.97,,,,,,,,,,,,,
In home  (w/display),Temp & Humidity Sensor,2020/12/16 11:10 AM,66.2,54.0,49.1,65.1,,,29.95,,,,,,,,,,,,,
In home  (w/display),Temp & Humidity Sensor,2020/12/16 11:15 AM,66.0,55.0,49.4,64.9,,,29.95,,,,,,,,,,,,,
In home  (w/display),Temp & Humidity Sensor,2020/12/16 11:20 AM,66.0,55.0,49.4,64.9,,,29.95,,,,,,,,,,,,,
In home  (w/display),Temp & Humidity Sensor,2020/12/16 11:25 AM,65.8,55.0,49.2,64.7,,,29.94,,,,,,,,,,,,,
In home  (w/display),Temp & Humidity Sensor,2020/12/16 11:30 AM,65.8,55.0,49.2,64.7,,,29.95,,,,,,,,,,,,,
In home  (w/display),Temp & Humidity Sensor,2020/12/16 11:35 AM,66.0,55.0,49.4,64.9,,,29.95,,,,,,,,,,,,,
In home  (w/display),Temp & Humidity Sensor,2020/12/16 11:40 AM,66.0,55.0,49.4,64.9,,,29.94,,,,,,,,,,,,,
In home  (w/display),Temp & Humidity Sensor,2020/12/16 11:45 AM,65.8,55.0,49.2,64.7,,,29.94,,,,,,,,,,,,,
In home  (w/display),Temp & Humidity Sensor,2020/12/16 11:50 AM,65.8,55.0,49.2,64.7,,,29.94,,,,,,,,,,,,,
In home  (w/display),Temp & Humidity Sensor,2020/12/16 11:55 AM,65.8,55.0,49.2,64.7,,,29.94,,,,,,,,,,,,,
In home  (w/display),Temp & Humidity Sensor,2020/12/16 12:00 PM,66.0,55.0,49.4,64.9,,,29.94,,,,,,,,,,,,,
In home  (w/display),Temp & Humidity Sensor,2020/12/16 12:05 PM,66.0,55.0,49.4,64.9,,,29.93,,,,,,,,,,,,,
In home  (w/display),Temp & Humidity Sensor,2020/12/16 12:10 PM,65.8,55.0,49.2,64.7,,,29.95,,,,,,,,,,,,,
In home  (w/display),Temp & Humidity Sensor,2020/12/16 12:15 PM,65.6,55.0,49.0,64.4,,,29.94,,,,,,,,,,,,,
In home  (w/display),Temp & Humidity Sensor,2020/12/16 12:20 PM,65.8,55.0,49.2,64.7,,,29.93,,,,,,,,,,,,,
In home  (w/display),Temp & Humidity Sensor,2020/12/16 12:25 PM,66.0,55.0,49.4,64.9,,,29.95,,,,,,,,,,,,,
In home  (w/display),Temp & Humidity Sensor,2020/12/16 12:30 PM,66.0,55.0,49.4,64.9,,,29.95,,,,,,,,,,,,,
In home  (w/display),Temp & Humidity Sensor,2020/12/16 12:35 PM,66.0,55.0,49.4,64.9,,,29.96,,,,,,,,,,,,,
In home  (w/display),Temp & Humidity Sensor,2020/12/16 12:40 PM,65.8,55.0,49.2,64.7,,,29.97,,,,,,,,,,,,,
In home  (w/display),Temp & Humidity Sensor,2020/12/16 12:45 PM,65.8,55.0,49.2,64.7,,,29.96,,,,,,,,,,,,,
In home  (w/display),Temp & Humidity Sensor,2020/12/16 12:50 PM,66.0,55.0,49.4,64.9,,,29.96,,,,,,,,,,,,,
In home  (w/display),Temp & Humidity Sensor,2020/12/16 12:55 PM,66.0,55.0,49.4,64.9,,,29.98,,,,,,,,,,,,,
In home  (w/display),Temp & Humidity Sensor,2020/12/16 1:00 PM,65.8,55.0,49.2,64.7,,,29.97,,,,,,,,,,,,,
In home  (w/display),Temp & Humidity Sensor,2020/12/16 1:10 PM,66.0,55.0,49.4,64.9,,,29.96,,,,,,,,,,,,,
In home  (w/display),Temp & Humidity Sensor,2020/12/16 1:15 PM,65.8,55.0,49.2,64.7,,,29.93,,,,,,,,,,,,,
In home  (w/display),Temp & Humidity Sensor,2020/12/16 1:20 PM,65.8,55.0,49.2,64.7,,,29.95,,,,,,,,,,,,,
In home  (w/display),Temp & Humidity Sensor,2020/12/16 1:25 PM,65.8,55.0,49.2,64.7,,,29.94,,,,,,,,,,,,,
In home  (w/display),Temp & Humidity Sensor,2020/12/16 1:30 PM,66.0,55.0,49.4,64.9,,,29.95,,,,,,,,,,,,,
In home  (w/display),Temp & Humidity Sensor,2020/12/16 1:35 PM,66.0,55.0,49.4,64.9,,,29.94,,,,,,,,,,,,,
In home  (w/display),Temp & Humidity Sensor,2020/12/16 1:40 PM,65.8,55.0,49.2,64.7,,,29.94,,,,,,,,,,,,,
In home  (w/display),Temp & Humidity Sensor,2020/12/16 1:45 PM,65.8,55.0,49.2,64.7,,,29.94,,,,,,,,,,,,,
In home  (w/display),Temp & Humidity Sensor,2020/12/16 1:50 PM,66.0,55.0,49.4,64.9,,,29.93,,,,,,,,,,,,,
In home  (w/display),Temp & Humidity Sensor,2020/12/16 1:55 PM,66.0,55.0,49.4,64.9,,,29.93,,,,,,,,,,,,,
In home  (w/display),Temp & Humidity Sensor,2020/12/16 2:00 PM,66.0,55.0,49.4,64.9,,,29.92,,,,,,,,,,,,,
In home  (w/display),Temp & Humidity Sensor,2020/12/16 2:05 PM,65.8,55.0,49.2,64.7,,,29.92,,,,,,,,,,,,,
In home  (w/display),Temp & Humidity Sensor,2020/12/16 2:10 PM,66.0,55.0,49.4,64.9,,,29.92,,,,,,,,,,,,,
In home  (w/display),Temp & Humidity Sensor,2020/12/16 2:15 PM,66.0,55.0,49.4,64.9,,,29.91,,,,,,,,,,,,,
In home  (w/display),Temp & Humidity Sensor,2020/12/16 2:20 PM,66.0,55.0,49.4,64.9,,,29.91,,,,,,,,,,,,,
In home  (w/display),Temp & Humidity Sensor,2020/12/16 2:25 PM,65.8,55.0,49.2,64.7,,,29.9,,,,,,,,,,,,,
In home  (w/display),Temp & Humidity Sensor,2020/12/16 2:30 PM,66.0,55.0,49.4,64.9,,,29.9,,,,,,,,,,,,,
In home  (w/display),Temp & Humidity Sensor,2020/12/16 2:35 PM,66.0,55.0,49.4,64.9,,,29.9,,,,,,,,,,,,,
In home  (w/display),Temp & Humidity Sensor,2020/12/16 2:40 PM,66.0,55.0,49.4,64.9,,,29.88,,,,,,,,,,,,,
In home  (w/display),Temp & Humidity Sensor,2020/12/16 2:45 PM,65.8,55.0,49.2,64.7,,,29.88,,,,,,,,,,,,,
In home  (w/display),Temp & Humidity Sensor,2020/12/16 2:50 PM,65.8,55.0,49.2,64.7,,,29.87,,,,,,,,,,,,,
In home  (w/display),Temp & Humidity Sensor,2020/12/16 2:55 PM,65.8,55.0,49.2,64.7,,,29.86,,,,,,,,,,,,,
In home  (w/display),Temp & Humidity Sensor,2020/12/16 3:00 PM,65.8,55.0,49.2,64.7,,,29.86,,,,,,,,,,,,,
In home  (w/display),Temp & Humidity Sensor,2020/12/16 3:05 PM,65.6,55.0,49.0,64.4,,,29.86,,,,,,,,,,,,,
In home  (w/display),Temp & Humidity Sensor,2020/12/16 3:10 PM,65.8,55.0,49.2,64.7,,,29.85,,,,,,,,,,,,,
In home  (w/display),Temp & Humidity Sensor,2020/12/16 3:15 PM,66.0,55.0,49.4,64.9,,,29.85,,,,,,,,,,,,,
In home  (w/display),Temp & Humidity Sensor,2020/12/16 3:20 PM,66.0,55.0,49.4,64.9,,,29.86,,,,,,,,,,,,,
In home  (w/display),Temp & Humidity Sensor,2020/12/16 3:25 PM,65.8,55.0,49.2,64.7,,,29.84,,,,,,,,,,,,,
In home  (w/display),Temp & Humidity Sensor,2020/12/16 3:30 PM,65.8,55.0,49.2,64.7,,,29.85,,,,,,,,,,,,,
In home  (w/display),Temp & Humidity Sensor,2020/12/16 3:35 PM,65.8,55.0,49.2,64.7,,,29.85,,,,,,,,,,,,,
In home  (w/display),Temp & Humidity Sensor,2020/12/16 3:40 PM,66.0,55.0,49.4,64.9,,,29.85,,,,,,,,,,,,,
In home  (w/display),Temp & Humidity Sensor,2020/12/16 3:45 PM,65.8,55.0,49.2,64.7,,,29.85,,,,,,,,,,,,,
In home  (w/display),Temp & Humidity Sensor,2020/12/16 3:50 PM,65.8,55.0,49.2,64.7,,,29.85,,,,,,,,,,,,,
In home  (w/display),Temp & Humidity Sensor,2020/12/16 3:55 PM,65.8,55.0,49.2,64.7,,,29.86,,,,,,,,,,,,,
In home  (w/display),Temp & Humidity Sensor,2020/12/16 4:00 PM,66.0,55.0,49.4,64.9,,,29.85,,,,,,,,,,,,,
In home  (w/display),Temp & Humidity Sensor,2020/12/16 4:05 PM,65.8,55.0,49.2,64.7,,,29.86,,,,,,,,,,,,,
In home  (w/display),Temp & Humidity Sensor,2020/12/16 4:10 PM,65.8,55.0,49.2,64.7,,,29.86,,,,,,,,,,,,,
In home  (w/display),Temp & Humidity Sensor,2020/12/16 4:15 PM,65.8,55.0,49.2,64.7,,,29.86,,,,,,,,,,,,,
In home  (w/display),Temp & Humidity Sensor,2020/12/16 4:20 PM,66.0,55.0,49.4,64.9,,,29.85,,,,,,,,,,,,,
In home  (w/display),Temp & Humidity Sensor,2020/12/16 4:25 PM,65.8,55.0,49.2,64.7,,,29.86,,,,,,,,,,,,,
In home  (w/display),Temp & Humidity Sensor,2020/12/16 4:30 PM,65.8,55.0,49.2,64.7,,,29.85,,,,,,,,,,,,,
In home  (w/display),Temp & Humidity Sensor,2020/12/16 4:35 PM,65.8,55.0,49.2,64.7,,,29.85,,,,,,,,,,,,,
In home  (w/display),Temp & Humidity Sensor,2020/12/16 4:40 PM,66.0,55.0,49.4,64.9,,,29.85,,,,,,,,,,,,,
In home  (w/display),Temp & Humidity Sensor,2020/12/16 4:45 PM,65.8,55.0,49.2,64.7,,,29.84,,,,,,,,,,,,,
In home  (w/display),Temp & Humidity Sensor,2020/12/16 4:50 PM,65.8,55.0,49.2,64.7,,,29.85,,,,,,,,,,,,,
In home  (w/display),Temp & Humidity Sensor,2020/12/16 4:55 PM,65.8,55.0,49.2,64.7,,,29.85,,,,,,,,,,,,,
In home  (w/display),Temp & Humidity Sensor,2020/12/16 5:00 PM,66.0,55.0,49.4,64.9,,,29.86,,,,,,,,,,,,,
In home  (w/display),Temp & Humidity Sensor,2020/12/16 5:05 PM,65.8,55.0,49.2,64.7,,,29.87,,,,,,,,,,,,,
In home  (w/display),Temp & Humidity Sensor,2020/12/16 5:10 PM,65.8,55.0,49.2,64.7,,,29.87,,,,,,,,,,,,,
In home  (w/display),Temp & Humidity Sensor,2020/12/16 5:15 PM,65.8,55.0,49.2,64.7,,,29.85,,,,,,,,,,,,,
In home  (w/display),Temp & Humidity Sensor,2020/12/16 5:20 PM,66.0,55.0,49.4,64.9,,,29.85,,,,,,,,,,,,,
In home  (w/display),Temp & Humidity Sensor,2020/12/16 5:25 PM,66.0,55.0,49.4,64.9,,,29.84,,,,,,,,,,,,,
In home  (w/display),Temp & Humidity Sensor,2020/12/16 5:30 PM,66.0,55.0,49.4,64.9,,,29.84,,,,,,,,,,,,,
In home  (w/display),Temp & Humidity Sensor,2020/12/16 5:35 PM,66.0,55.0,49.4,64.9,,,29.84,,,,,,,,,,,,,
In home  (w/display),Temp & Humidity Sensor,2020/12/16 5:40 PM,66.0,55.0,49.4,64.9,,,29.85,,,,,,,,,,,,,
In home  (w/display),Temp & Humidity Sensor,2020/12/16 5:45 PM,66.2,54.0,49.1,65.1,,,29.85,,,,,,,,,,,,,
In home  (w/display),Temp & Humidity Sensor,2020/12/16 5:50 PM,66.2,54.0,49.1,65.1,,,29.87,,,,,,,,,,,,,
In home  (w/display),Temp & Humidity Sensor,2020/12/16 5:55 PM,66.0,55.0,49.4,64.9,,,29.88,,,,,,,,,,,,,
In home  (w/display),Temp & Humidity Sensor,2020/12/16 6:00 PM,66.3,54.0,49.1,65.2,,,29.87,,,,,,,,,,,,,
In home  (w/display),Temp & Humidity Sensor,2020/12/16 6:05 PM,66.3,54.0,49.1,65.2,,,29.87,,,,,,,,,,,,,
In home  (w/display),Temp & Humidity Sensor,2020/12/16 6:10 PM,66.3,54.0,49.1,65.2,,,29.87,,,,,,,,,,,,,
In home  (w/display),Temp & Humidity Sensor,2020/12/16 6:15 PM,66.3,53.0,48.6,65.1,,,29.87,,,,,,,,,,,,,
In home  (w/display),Temp & Humidity Sensor,2020/12/16 6:20 PM,66.5,53.0,48.8,65.3,,,29.87,,,,,,,,,,,,,
In home  (w/display),Temp & Humidity Sensor,2020/12/16 6:25 PM,66.7,53.0,49.0,65.6,,,29.87,,,,,,,,,,,,,
In home  (w/display),Temp & Humidity Sensor,2020/12/16 6:30 PM,66.3,53.0,48.6,65.1,,,29.87,,,,,,,,,,,,,
In home  (w/display),Temp & Humidity Sensor,2020/12/16 6:35 PM,66.3,53.0,48.6,65.1,,,29.87,,,,,,,,,,,,,
In home  (w/display),Temp & Humidity Sensor,2020/12/16 6:40 PM,66.7,53.0,49.0,65.6,,,29.88,,,,,,,,,,,,,
In home  (w/display),Temp & Humidity Sensor,2020/12/16 6:45 PM,66.7,53.0,49.0,65.6,,,29.88,,,,,,,,,,,,,
In home  (w/display),Temp & Humidity Sensor,2020/12/16 6:50 PM,66.7,53.0,49.0,65.6,,,29.88,,,,,,,,,,,,,
In home  (w/display),Temp & Humidity Sensor,2020/12/16 6:55 PM,67.1,53.0,49.4,66.0,,,29.88,,,,,,,,,,,,,
In home  (w/display),Temp & Humidity Sensor,2020/12/16 7:00 PM,67.2,53.0,49.5,66.1,,,29.88,,,,,,,,,,,,,
In home  (w/display),Temp & Humidity Sensor,2020/12/16 7:05 PM,67.6,53.0,49.9,66.6,,,29.88,,,,,,,,,,,,,
In home  (w/display),Temp & Humidity Sensor,2020/12/16 7:10 PM,67.4,53.0,49.7,66.3,,,29.87,,,,,,,,,,,,,
In home  (w/display),Temp & Humidity Sensor,2020/12/16 7:15 PM,67.4,53.0,49.7,66.3,,,29.88,,,,,,,,,,,,,
In home  (w/display),Temp & Humidity Sensor,2020/12/16 7:20 PM,67.6,53.0,49.9,66.6,,,29.88,,,,,,,,,,,,,
In home  (w/display),Temp & Humidity Sensor,2020/12/16 7:25 PM,67.8,53.0,50.0,66.8,,,29.88,,,,,,,,,,,,,
In home  (w/display),Temp & Humidity Sensor,2020/12/16 7:30 PM,67.8,53.0,50.0,66.8,,,29.9,,,,,,,,,,,,,
In home  (w/display),Temp & Humidity Sensor,2020/12/16 7:35 PM,67.6,53.0,49.9,66.6,,,29.9,,,,,,,,,,,,,
In home  (w/display),Temp & Humidity Sensor,2020/12/16 7:40 PM,67.6,53.0,49.9,66.6,,,29.9,,,,,,,,,,,,,
In home  (w/display),Temp & Humidity Sensor,2020/12/16 7:45 PM,67.8,53.0,50.0,66.8,,,29.9,,,,,,,,,,,,,
In home  (w/display),Temp & Humidity Sensor,2020/12/16 7:50 PM,67.8,53.0,50.0,66.8,,,29.9,,,,,,,,,,,,,
In home  (w/display),Temp & Humidity Sensor,2020/12/16 7:55 PM,67.8,53.0,50.0,66.8,,,29.9,,,,,,,,,,,,,
In home  (w/display),Temp & Humidity Sensor,2020/12/16 8:00 PM,67.8,53.0,50.0,66.8,,,29.91,,,,,,,,,,,,,
In home  (w/display),Temp & Humidity Sensor,2020/12/16 8:05 PM,68.0,53.0,50.2,67.0,,,29.9,,,,,,,,,,,,,
In home  (w/display),Temp & Humidity Sensor,2020/12/16 8:10 PM,68.1,53.0,50.3,67.1,,,29.89,,,,,,,,,,,,,
In home  (w/display),Temp & Humidity Sensor,2020/12/16 8:15 PM,68.0,53.0,50.2,67.0,,,29.88,,,,,,,,,,,,,
In home  (w/display),Temp & Humidity Sensor,2020/12/16 8:20 PM,67.8,53.0,50.0,66.8,,,29.88,,,,,,,,,,,,,
In home  (w/display),Temp & Humidity Sensor,2020/12/16 8:25 PM,68.1,53.0,50.3,67.1,,,29.87,,,,,,,,,,,,,
In home  (w/display),Temp & Humidity Sensor,2020/12/16 8:30 PM,68.3,53.0,50.5,67.3,,,29.87,,,,,,,,,,,,,
In home  (w/display),Temp & Humidity Sensor,2020/12/16 8:35 PM,68.1,53.0,50.3,67.1,,,29.87,,,,,,,,,,,,,
In home  (w/display),Temp & Humidity Sensor,2020/12/16 8:40 PM,68.0,53.0,50.2,67.0,,,29.87,,,,,,,,,,,,,
In home  (w/display),Temp & Humidity Sensor,2020/12/16 8:45 PM,67.8,53.0,50.0,66.8,,,29.87,,,,,,,,,,,,,
In home  (w/display),Temp & Humidity Sensor,2020/12/16 8:50 PM,68.1,53.0,50.3,67.1,,,29.88,,,,,,,,,,,,,
In home  (w/display),Temp & Humidity Sensor,2020/12/16 8:55 PM,68.1,53.0,50.3,67.1,,,29.88,,,,,,,,,,,,,
In home  (w/display),Temp & Humidity Sensor,2020/12/16 9:00 PM,68.1,53.0,50.3,67.1,,,29.88,,,,,,,,,,,,,
In home  (w/display),Temp & Humidity Sensor,2020/12/16 9:05 PM,68.0,53.0,50.2,67.0,,,29.88,,,,,,,,,,,,,
In home  (w/display),Temp & Humidity Sensor,2020/12/16 9:10 PM,68.0,53.0,50.2,67.0,,,29.88,,,,,,,,,,,,,
In home  (w/display),Temp & Humidity Sensor,2020/12/16 9:15 PM,68.1,53.0,50.3,67.1,,,29.88,,,,,,,,,,,,,
In home  (w/display),Temp & Humidity Sensor,2020/12/16 9:20 PM,68.1,53.0,50.3,67.1,,,29.88,,,,,,,,,,,,,
In home  (w/display),Temp & Humidity Sensor,2020/12/16 9:25 PM,68.0,53.0,50.2,67.0,,,29.88,,,,,,,,,,,,,
In home  (w/display),Temp & Humidity Sensor,2020/12/16 9:30 PM,67.8,53.0,50.0,66.8,,,29.88,,,,,,,,,,,,,
In home  (w/display),Temp & Humidity Sensor,2020/12/16 9:35 PM,68.0,53.0,50.2,67.0,,,29.88,,,,,,,,,,,,,
In home  (w/display),Temp & Humidity Sensor,2020/12/16 9:40 PM,68.1,53.0,50.3,67.1,,,29.88,,,,,,,,,,,,,
In home  (w/display),Temp & Humidity Sensor,2020/12/16 9:45 PM,68.0,53.0,50.2,67.0,,,29.88,,,,,,,,,,,,,
In home  (w/display),Temp & Humidity Sensor,2020/12/16 9:50 PM,67.8,53.0,50.0,66.8,,,29.88,,,,,,,,,,,,,
In home  (w/display),Temp & Humidity Sensor,2020/12/16 9:55 PM,68.1,53.0,50.3,67.1,,,29.88,,,,,,,,,,,,,
In home  (w/display),Temp & Humidity Sensor,2020/12/16 10:00 PM,68.3,53.0,50.5,67.3,,,29.88,,,,,,,,,,,,,
In home  (w/display),Temp & Humidity Sensor,2020/12/16 10:05 PM,68.1,53.0,50.3,67.1,,,29.89,,,,,,,,,,,,,
In home  (w/display),Temp & Humidity Sensor,2020/12/16 10:10 PM,68.0,53.0,50.2,67.0,,,29.89,,,,,,,,,,,,,
In home  (w/display),Temp & Humidity Sensor,2020/12/16 10:15 PM,67.8,53.0,50.0,66.8,,,29.89,,,,,,,,,,,,,
In home  (w/display),Temp & Humidity Sensor,2020/12/16 10:20 PM,67.8,53.0,50.0,66.8,,,29.89,,,,,,,,,,,,,
In home  (w/display),Temp & Humidity Sensor,2020/12/16 10:25 PM,67.6,53.0,49.9,66.6,,,29.9,,,,,,,,,,,,,
In home  (w/display),Temp & Humidity Sensor,2020/12/16 10:30 PM,67.2,53.0,49.5,66.1,,,29.9,,,,,,,,,,,,,
In home  (w/display),Temp & Humidity Sensor,2020/12/16 10:35 PM,67.2,53.0,49.5,66.1,,,29.9,,,,,,,,,,,,,
In home  (w/display),Temp & Humidity Sensor,2020/12/16 10:40 PM,67.1,53.0,49.4,66.0,,,29.89,,,,,,,,,,,,,
In home  (w/display),Temp & Humidity Sensor,2020/12/16 10:45 PM,66.7,53.0,49.0,65.6,,,29.89,,,,,,,,,,,,,
In home  (w/display),Temp & Humidity Sensor,2020/12/16 10:50 PM,66.7,53.0,49.0,65.6,,,29.89,,,,,,,,,,,,,
In home  (w/display),Temp & Humidity Sensor,2020/12/16 10:55 PM,66.5,53.0,48.8,65.3,,,29.89,,,,,,,,,,,,,
In home  (w/display),Temp & Humidity Sensor,2020/12/16 11:00 PM,66.3,53.0,48.6,65.1,,,29.89,,,,,,,,,,,,,
In home  (w/display),Temp & Humidity Sensor,2020/12/16 11:05 PM,66.3,53.0,48.6,65.1,,,29.9,,,,,,,,,,,,,
In home  (w/display),Temp & Humidity Sensor,2020/12/16 11:10 PM,66.2,53.0,48.6,65.0,,,29.9,,,,,,,,,,,,,
In home  (w/display),Temp & Humidity Sensor,2020/12/16 11:15 PM,66.0,54.0,48.9,64.8,,,29.9,,,,,,,,,,,,,
In home  (w/display),Temp & Humidity Sensor,2020/12/16 11:20 PM,66.0,54.0,48.9,64.8,,,29.9,,,,,,,,,,,,,
In home  (w/display),Temp & Humidity Sensor,2020/12/16 11:25 PM,65.8,54.0,48.7,64.6,,,29.9,,,,,,,,,,,,,
In home  (w/display),Temp & Humidity Sensor,2020/12/16 11:30 PM,65.8,54.0,48.7,64.6,,,29.9,,,,,,,,,,,,,
In home  (w/display),Temp & Humidity Sensor,2020/12/16 11:35 PM,65.6,54.0,48.5,64.4,,,29.9,,,,,,,,,,,,,
In home  (w/display),Temp & Humidity Sensor,2020/12/16 11:40 PM,65.6,54.0,48.5,64.4,,,29.9,,,,,,,,,,,,,
In home  (w/display),Temp & Humidity Sensor,2020/12/16 11:45 PM,65.4,54.0,48.3,64.2,,,29.9,,,,,,,,,,,,,
In home  (w/display),Temp & Humidity Sensor,2020/12/16 11:50 PM,65.4,54.0,48.3,64.2,,,29.9,,,,,,,,,,,,,
In home  (w/display),Temp & Humidity Sensor,2020/12/16 11:55 PM,65.3,54.0,48.2,64.1,,,29.9,,,,,,,,,,,,,
In home  (w/display),Temp & Humidity Sensor,2020/12/17 12:00 AM,65.3,54.0,48.2,64.1,,,29.9,,,,,,,,,,,,,
In home  (w/display),Temp & Humidity Sensor,2020/12/17 12:05 AM,65.3,54.0,48.2,64.1,,,29.9,,,,,,,,,,,,,
In home  (w/display),Temp & Humidity Sensor,2020/12/17 12:10 AM,65.1,54.0,48.0,63.8,,,29.9,,,,,,,,,,,,,
In home  (w/display),Temp & Humidity Sensor,2020/12/17 12:15 AM,65.1,54.0,48.0,63.8,,,29.9,,,,,,,,,,,,,
In home  (w/display),Temp & Humidity Sensor,2020/12/17 12:20 AM,64.9,55.0,48.3,63.7,,,29.9,,,,,,,,,,,,,
In home  (w/display),Temp & Humidity Sensor,2020/12/17 12:25 AM,64.9,55.0,48.3,63.7,,,29.9,,,,,,,,,,,,,
In home  (w/display),Temp & Humidity Sensor,2020/12/17 12:30 AM,64.9,55.0,48.3,63.7,,,29.9,,,,,,,,,,,,,
In home  (w/display),Temp & Humidity Sensor,2020/12/17 12:35 AM,64.9,55.0,48.3,63.7,,,29.9,,,,,,,,,,,,,
In home  (w/display),Temp & Humidity Sensor,2020/12/17 12:40 AM,64.7,55.0,48.2,63.5,,,29.9,,,,,,,,,,,,,
In home  (w/display),Temp & Humidity Sensor,2020/12/17 12:45 AM,64.5,55.0,48.0,63.2,,,29.9,,,,,,,,,,,,,
In home  (w/display),Temp & Humidity Sensor,2020/12/17 12:50 AM,64.5,55.0,48.0,63.2,,,29.9,,,,,,,,,,,,,
In home  (w/display),Temp & Humidity Sensor,2020/12/17 12:55 AM,64.5,55.0,48.0,63.2,,,29.9,,,,,,,,,,,,,
In home  (w/display),Temp & Humidity Sensor,2020/12/17 1:00 AM,64.4,55.0,47.9,63.1,,,29.9,,,,,,,,,,,,,
In home  (w/display),Temp & Humidity Sensor,2020/12/17 1:05 AM,64.4,55.0,47.9,63.1,,,29.9,,,,,,,,,,,,,
In home  (w/display),Temp & Humidity Sensor,2020/12/17 1:10 AM,64.4,55.0,47.9,63.1,,,29.9,,,,,,,,,,,,,
In home  (w/display),Temp & Humidity Sensor,2020/12/17 1:15 AM,64.2,55.0,47.7,62.9,,,29.9,,,,,,,,,,,,,
In home  (w/display),Temp & Humidity Sensor,2020/12/17 1:20 AM,64.2,55.0,47.7,62.9,,,29.9,,,,,,,,,,,,,
In home  (w/display),Temp & Humidity Sensor,2020/12/17 1:25 AM,64.2,55.0,47.7,62.9,,,29.9,,,,,,,,,,,,,
In home  (w/display),Temp & Humidity Sensor,2020/12/17 1:30 AM,64.0,55.0,47.5,62.7,,,29.9,,,,,,,,,,,,,
In home  (w/display),Temp & Humidity Sensor,2020/12/17 1:35 AM,64.0,55.0,47.5,62.7,,,29.9,,,,,,,,,,,,,
In home  (w/display),Temp & Humidity Sensor,2020/12/17 1:40 AM,64.0,55.0,47.5,62.7,,,29.9,,,,,,,,,,,,,
In home  (w/display),Temp & Humidity Sensor,2020/12/17 1:45 AM,64.0,55.0,47.5,62.7,,,29.9,,,,,,,,,,,,,
In home  (w/display),Temp & Humidity Sensor,2020/12/17 1:50 AM,63.8,55.0,47.3,62.5,,,29.9,,,,,,,,,,,,,
In home  (w/display),Temp & Humidity Sensor,2020/12/17 1:55 AM,63.8,55.0,47.3,62.5,,,29.9,,,,,,,,,,,,,
In home  (w/display),Temp & Humidity Sensor,2020/12/17 2:00 AM,63.8,55.0,47.3,62.5,,,29.9,,,,,,,,,,,,,
In home  (w/display),Temp & Humidity Sensor,2020/12/17 2:05 AM,63.6,55.0,47.1,62.2,,,29.9,,,,,,,,,,,,,
In home  (w/display),Temp & Humidity Sensor,2020/12/17 2:10 AM,63.6,55.0,47.1,62.2,,,29.9,,,,,,,,,,,,,
In home  (w/display),Temp & Humidity Sensor,2020/12/17 2:15 AM,63.6,55.0,47.1,62.2,,,29.91,,,,,,,,,,,,,
In home  (w/display),Temp & Humidity Sensor,2020/12/17 2:20 AM,63.6,55.0,47.1,62.2,,,29.91,,,,,,,,,,,,,
In home  (w/display),Temp & Humidity Sensor,2020/12/17 2:25 AM,63.5,55.0,47.0,62.1,,,29.9,,,,,,,,,,,,,
In home  (w/display),Temp & Humidity Sensor,2020/12/17 2:30 AM,63.5,55.0,47.0,62.1,,,29.91,,,,,,,,,,,,,
In home  (w/display),Temp & Humidity Sensor,2020/12/17 2:35 AM,63.5,55.0,47.0,62.1,,,29.91,,,,,,,,,,,,,
In home  (w/display),Temp & Humidity Sensor,2020/12/17 2:40 AM,63.5,55.0,47.0,62.1,,,29.91,,,,,,,,,,,,,
In home  (w/display),Temp & Humidity Sensor,2020/12/17 2:45 AM,63.5,55.0,47.0,62.1,,,29.91,,,,,,,,,,,,,
In home  (w/display),Temp & Humidity Sensor,2020/12/17 2:50 AM,63.5,55.0,47.0,62.1,,,29.91,,,,,,,,,,,,,
In home  (w/display),Temp & Humidity Sensor,2020/12/17 2:55 AM,63.3,56.0,47.3,62.0,,,29.91,,,,,,,,,,,,,
In home  (w/display),Temp & Humidity Sensor,2020/12/17 3:00 AM,63.3,56.0,47.3,62.0,,,29.92,,,,,,,,,,,,,
In home  (w/display),Temp & Humidity Sensor,2020/12/17 3:05 AM,63.1,56.0,47.1,61.7,,,29.92,,,,,,,,,,,,,
In home  (w/display),Temp & Humidity Sensor,2020/12/17 3:10 AM,63.1,56.0,47.1,61.7,,,29.92,,,,,,,,,,,,,
In home  (w/display),Temp & Humidity Sensor,2020/12/17 3:15 AM,63.1,56.0,47.1,61.7,,,29.92,,,,,,,,,,,,,
In home  (w/display),Temp & Humidity Sensor,2020/12/17 3:20 AM,63.1,56.0,47.1,61.7,,,29.91,,,,,,,,,,,,,
In home  (w/display),Temp & Humidity Sensor,2020/12/17 3:25 AM,63.1,56.0,47.1,61.7,,,29.91,,,,,,,,,,,,,
In home  (w/display),Temp & Humidity Sensor,2020/12/17 3:30 AM,62.9,56.0,47.0,61.5,,,29.91,,,,,,,,,,,,,
In home  (w/display),Temp & Humidity Sensor,2020/12/17 3:35 AM,62.9,56.0,47.0,61.5,,,29.91,,,,,,,,,,,,,
In home  (w/display),Temp & Humidity Sensor,2020/12/17 3:40 AM,62.9,56.0,47.0,61.5,,,29.91,,,,,,,,,,,,,
In home  (w/display),Temp & Humidity Sensor,2020/12/17 3:45 AM,62.7,56.0,46.8,61.3,,,29.92,,,,,,,,,,,,,
In home  (w/display),Temp & Humidity Sensor,2020/12/17 3:50 AM,62.7,56.0,46.8,61.3,,,29.92,,,,,,,,,,,,,
In home  (w/display),Temp & Humidity Sensor,2020/12/17 3:55 AM,62.7,56.0,46.8,61.3,,,29.93,,,,,,,,,,,,,
In home  (w/display),Temp & Humidity Sensor,2020/12/17 4:00 AM,62.7,56.0,46.8,61.3,,,29.93,,,,,,,,,,,,,
In home  (w/display),Temp & Humidity Sensor,2020/12/17 4:05 AM,62.7,56.0,46.8,61.3,,,29.93,,,,,,,,,,,,,
In home  (w/display),Temp & Humidity Sensor,2020/12/17 4:10 AM,62.7,56.0,46.8,61.3,,,29.93,,,,,,,,,,,,,
In home  (w/display),Temp & Humidity Sensor,2020/12/17 4:15 AM,62.6,56.0,46.7,61.2,,,29.93,,,,,,,,,,,,,
In home  (w/display),Temp & Humidity Sensor,2020/12/17 4:20 AM,62.6,56.0,46.7,61.2,,,29.93,,,,,,,,,,,,,
In home  (w/display),Temp & Humidity Sensor,2020/12/17 4:25 AM,62.6,56.0,46.7,61.2,,,29.93,,,,,,,,,,,,,
In home  (w/display),Temp & Humidity Sensor,2020/12/17 4:30 AM,62.4,56.0,46.5,61.0,,,29.93,,,,,,,,,,,,,
In home  (w/display),Temp & Humidity Sensor,2020/12/17 4:35 AM,62.4,56.0,46.5,61.0,,,29.93,,,,,,,,,,,,,
In home  (w/display),Temp & Humidity Sensor,2020/12/17 4:40 AM,62.7,56.0,46.8,61.3,,,29.94,,,,,,,,,,,,,
In home  (w/display),Temp & Humidity Sensor,2020/12/17 4:45 AM,63.1,56.0,47.1,61.7,,,29.94,,,,,,,,,,,,,
In home  (w/display),Temp & Humidity Sensor,2020/12/17 4:50 AM,63.6,55.0,47.1,62.2,,,29.94,,,,,,,,,,,,,
In home  (w/display),Temp & Humidity Sensor,2020/12/17 4:55 AM,64.0,55.0,47.5,62.7,,,29.94,,,,,,,,,,,,,
In home  (w/display),Temp & Humidity Sensor,2020/12/17 5:00 AM,64.2,55.0,47.7,62.9,,,29.95,,,,,,,,,,,,,
In home  (w/display),Temp & Humidity Sensor,2020/12/17 5:05 AM,64.5,55.0,48.0,63.2,,,29.95,,,,,,,,,,,,,
In home  (w/display),Temp & Humidity Sensor,2020/12/17 5:10 AM,64.9,55.0,48.3,63.7,,,29.95,,,,,,,,,,,,,
In home  (w/display),Temp & Humidity Sensor,2020/12/17 5:15 AM,65.1,55.0,48.5,63.9,,,29.95,,,,,,,,,,,,,
In home  (w/display),Temp & Humidity Sensor,2020/12/17 5:20 AM,65.3,54.0,48.2,64.1,,,29.95,,,,,,,,,,,,,
In home  (w/display),Temp & Humidity Sensor,2020/12/17 5:25 AM,65.3,54.0,48.2,64.1,,,29.95,,,,,,,,,,,,,
In home  (w/display),Temp & Humidity Sensor,2020/12/17 5:30 AM,65.4,54.0,48.3,64.2,,,29.96,,,,,,,,,,,,,
In home  (w/display),Temp & Humidity Sensor,2020/12/17 5:35 AM,65.4,55.0,48.8,64.2,,,29.96,,,,,,,,,,,,,
In home  (w/display),Temp & Humidity Sensor,2020/12/17 5:40 AM,65.8,55.0,49.2,64.7,,,29.96,,,,,,,,,,,,,
In home  (w/display),Temp & Humidity Sensor,2020/12/17 5:45 AM,66.2,54.0,49.1,65.1,,,29.97,,,,,,,,,,,,,
In home  (w/display),Temp & Humidity Sensor,2020/12/17 5:50 AM,66.5,54.0,49.3,65.4,,,29.97,,,,,,,,,,,,,
In home  (w/display),Temp & Humidity Sensor,2020/12/17 5:55 AM,66.9,54.0,49.7,65.8,,,29.97,,,,,,,,,,,,,
In home  (w/display),Temp & Humidity Sensor,2020/12/17 6:00 AM,67.1,54.0,49.9,66.0,,,29.97,,,,,,,,,,,,,
In home  (w/display),Temp & Humidity Sensor,2020/12/17 6:05 AM,67.1,53.0,49.4,66.0,,,29.97,,,,,,,,,,,,,
In home  (w/display),Temp & Humidity Sensor,2020/12/17 6:10 AM,67.1,53.0,49.4,66.0,,,29.97,,,,,,,,,,,,,
In home  (w/display),Temp & Humidity Sensor,2020/12/17 6:15 AM,66.7,53.0,49.0,65.6,,,29.97,,,,,,,,,,,,,
In home  (w/display),Temp & Humidity Sensor,2020/12/17 6:20 AM,66.9,54.0,49.7,65.8,,,29.98,,,,,,,,,,,,,
In home  (w/display),Temp & Humidity Sensor,2020/12/17 6:25 AM,67.1,54.0,49.9,66.0,,,29.98,,,,,,,,,,,,,
In home  (w/display),Temp & Humidity Sensor,2020/12/17 6:30 AM,67.2,54.0,50.0,66.2,,,29.98,,,,,,,,,,,,,
In home  (w/display),Temp & Humidity Sensor,2020/12/17 6:35 AM,67.6,54.0,50.4,66.6,,,29.98,,,,,,,,,,,,,
In home  (w/display),Temp & Humidity Sensor,2020/12/17 6:40 AM,67.4,53.0,49.7,66.3,,,29.99,,,,,,,,,,,,,
In home  (w/display),Temp & Humidity Sensor,2020/12/17 6:45 AM,67.2,54.0,50.0,66.2,,,29.99,,,,,,,,,,,,,
In home  (w/display),Temp & Humidity Sensor,2020/12/17 6:50 AM,67.2,53.0,49.5,66.1,,,29.99,,,,,,,,,,,,,
In home  (w/display),Temp & Humidity Sensor,2020/12/17 6:55 AM,67.4,54.0,50.2,66.4,,,30.0,,,,,,,,,,,,,
In home  (w/display),Temp & Humidity Sensor,2020/12/17 7:00 AM,67.6,54.0,50.4,66.6,,,30.0,,,,,,,,,,,,,
In home  (w/display),Temp & Humidity Sensor,2020/12/17 7:05 AM,67.8,53.0,50.0,66.8,,,30.0,,,,,,,,,,,,,
In home  (w/display),Temp & Humidity Sensor,2020/12/17 7:10 AM,67.8,53.0,50.0,66.8,,,30.0,,,,,,,,,,,,,
In home  (w/display),Temp & Humidity Sensor,2020/12/17 7:15 AM,67.6,53.0,49.9,66.6,,,30.0,,,,,,,,,,,,,
In home  (w/display),Temp & Humidity Sensor,2020/12/17 7:20 AM,67.6,53.0,49.9,66.6,,,30.0,,,,,,,,,,,,,
In home  (w/display),Temp & Humidity Sensor,2020/12/17 7:25 AM,67.8,53.0,50.0,66.8,,,30.01,,,,,,,,,,,,,
In home  (w/display),Temp & Humidity Sensor,2020/12/17 7:30 AM,68.1,53.0,50.3,67.1,,,30.01,,,,,,,,,,,,,
In home  (w/display),Temp & Humidity Sensor,2020/12/17 7:35 AM,68.0,53.0,50.2,67.0,,,30.01,,,,,,,,,,,,,
In home  (w/display),Temp & Humidity Sensor,2020/12/17 7:40 AM,67.8,53.0,50.0,66.8,,,30.01,,,,,,,,,,,,,
In home  (w/display),Temp & Humidity Sensor,2020/12/17 7:45 AM,67.8,53.0,50.0,66.8,,,30.02,,,,,,,,,,,,,
In home  (w/display),Temp & Humidity Sensor,2020/12/17 7:50 AM,67.8,53.0,50.0,66.8,,,30.02,,,,,,,,,,,,,
In home  (w/display),Temp & Humidity Sensor,2020/12/17 7:55 AM,68.1,53.0,50.3,67.1,,,30.02,,,,,,,,,,,,,
In home  (w/display),Temp & Humidity Sensor,2020/12/17 8:00 AM,68.1,53.0,50.3,67.1,,,30.02,,,,,,,,,,,,,
In home  (w/display),Temp & Humidity Sensor,2020/12/17 8:05 AM,68.0,53.0,50.2,67.0,,,30.02,,,,,,,,,,,,,
In home  (w/display),Temp & Humidity Sensor,2020/12/17 8:10 AM,67.6,53.0,49.9,66.6,,,30.03,,,,,,,,,,,,,
In home  (w/display),Temp & Humidity Sensor,2020/12/17 8:15 AM,67.4,53.0,49.7,66.3,,,30.03,,,,,,,,,,,,,
In home  (w/display),Temp & Humidity Sensor,2020/12/17 8:20 AM,67.2,53.0,49.5,66.1,,,30.03,,,,,,,,,,,,,
In home  (w/display),Temp & Humidity Sensor,2020/12/17 8:25 AM,67.2,53.0,49.5,66.1,,,30.04,,,,,,,,,,,,,
In home  (w/display),Temp & Humidity Sensor,2020/12/17 8:30 AM,67.1,53.0,49.4,66.0,,,30.04,,,,,,,,,,,,,
In home  (w/display),Temp & Humidity Sensor,2020/12/17 8:35 AM,66.9,53.0,49.2,65.8,,,30.04,,,,,,,,,,,,,
In home  (w/display),Temp & Humidity Sensor,2020/12/17 8:40 AM,66.7,53.0,49.0,65.6,,,30.04,,,,,,,,,,,,,
In home  (w/display),Temp & Humidity Sensor,2020/12/17 8:45 AM,66.7,53.0,49.0,65.6,,,30.04,,,,,,,,,,,,,
In home  (w/display),Temp & Humidity Sensor,2020/12/17 8:50 AM,66.9,53.0,49.2,65.8,,,30.04,,,,,,,,,,,,,
In home  (w/display),Temp & Humidity Sensor,2020/12/17 8:55 AM,66.7,53.0,49.0,65.6,,,30.05,,,,,,,,,,,,,
In home  (w/display),Temp & Humidity Sensor,2020/12/17 9:00 AM,66.7,53.0,49.0,65.6,,,30.05,,,,,,,,,,,,,
In home  (w/display),Temp & Humidity Sensor,2020/12/17 9:05 AM,66.7,53.0,49.0,65.6,,,30.05,,,,,,,,,,,,,
In home  (w/display),Temp & Humidity Sensor,2020/12/17 9:10 AM,66.5,53.0,48.8,65.3,,,30.05,,,,,,,,,,,,,
In home  (w/display),Temp & Humidity Sensor,2020/12/17 9:15 AM,66.3,53.0,48.6,65.1,,,30.05,,,,,,,,,,,,,
In home  (w/display),Temp & Humidity Sensor,2020/12/17 9:20 AM,66.3,53.0,48.6,65.1,,,30.06,,,,,,,,,,,,,
In home  (w/display),Temp & Humidity Sensor,2020/12/17 9:25 AM,66.2,53.0,48.6,65.0,,,30.05,,,,,,,,,,,,,
In home  (w/display),Temp & Humidity Sensor,2020/12/17 9:30 AM,66.3,54.0,49.1,65.2,,,30.06,,,,,,,,,,,,,
In home  (w/display),Temp & Humidity Sensor,2020/12/17 9:35 AM,66.3,54.0,49.1,65.2,,,30.06,,,,,,,,,,,,,
In home  (w/display),Temp & Humidity Sensor,2020/12/17 9:40 AM,66.2,54.0,49.1,65.1,,,30.06,,,,,,,,,,,,,
In home  (w/display),Temp & Humidity Sensor,2020/12/17 9:45 AM,66.2,54.0,49.1,65.1,,,30.06,,,,,,,,,,,,,
In home  (w/display),Temp & Humidity Sensor,2020/12/17 9:50 AM,66.2,53.0,48.6,65.0,,,30.07,,,,,,,,,,,,,
In home  (w/display),Temp & Humidity Sensor,2020/12/17 9:55 AM,66.3,54.0,49.1,65.2,,,30.07,,,,,,,,,,,,,
In home  (w/display),Temp & Humidity Sensor,2020/12/17 10:00 AM,66.3,54.0,49.1,65.2,,,30.07,,,,,,,,,,,,,
In home  (w/display),Temp & Humidity Sensor,2020/12/17 10:05 AM,66.3,53.0,48.6,65.1,,,30.07,,,,,,,,,,,,,
In home  (w/display),Temp & Humidity Sensor,2020/12/17 10:10 AM,66.2,53.0,48.6,65.0,,,30.07,,,,,,,,,,,,,
In home  (w/display),Temp & Humidity Sensor,2020/12/17 10:15 AM,66.0,54.0,48.9,64.8,,,30.07,,,,,,,,,,,,,
In home  (w/display),Temp & Humidity Sensor,2020/12/17 10:20 AM,66.3,54.0,49.1,65.2,,,30.07,,,,,,,,,,,,,
In home  (w/display),Temp & Humidity Sensor,2020/12/17 10:25 AM,66.3,53.0,48.6,65.1,,,30.07,,,,,,,,,,,,,
In home  (w/display),Temp & Humidity Sensor,2020/12/17 10:30 AM,66.3,53.0,48.6,65.1,,,30.07,,,,,,,,,,,,,
In home  (w/display),Temp & Humidity Sensor,2020/12/17 10:35 AM,66.2,53.0,48.6,65.0,,,30.07,,,,,,,,,,,,,
In home  (w/display),Temp & Humidity Sensor,2020/12/17 10:40 AM,66.2,53.0,48.6,65.0,,,30.07,,,,,,,,,,,,,
In home  (w/display),Temp & Humidity Sensor,2020/12/17 10:45 AM,66.3,53.0,48.6,65.1,,,30.07,,,,,,,,,,,,,
In home  (w/display),Temp & Humidity Sensor,2020/12/17 10:50 AM,66.3,53.0,48.6,65.1,,,30.07,,,,,,,,,,,,,
In home  (w/display),Temp & Humidity Sensor,2020/12/17 10:55 AM,66.2,53.0,48.6,65.0,,,30.07,,,,,,,,,,,,,
In home  (w/display),Temp & Humidity Sensor,2020/12/17 11:00 AM,66.0,54.0,48.9,64.8,,,30.07,,,,,,,,,,,,,
In home  (w/display),Temp & Humidity Sensor,2020/12/17 11:05 AM,66.0,54.0,48.9,64.8,,,30.07,,,,,,,,,,,,,
In home  (w/display),Temp & Humidity Sensor,2020/12/17 11:10 AM,66.0,54.0,48.9,64.8,,,30.07,,,,,,,,,,,,,
In home  (w/display),Temp & Humidity Sensor,2020/12/17 11:15 AM,66.0,54.0,48.9,64.8,,,30.06,,,,,,,,,,,,,
In home  (w/display),Temp & Humidity Sensor,2020/12/17 11:20 AM,66.0,54.0,48.9,64.8,,,30.06,,,,,,,,,,,,,
In home  (w/display),Temp & Humidity Sensor,2020/12/17 11:25 AM,66.0,54.0,48.9,64.8,,,30.06,,,,,,,,,,,,,
In home  (w/display),Temp & Humidity Sensor,2020/12/17 11:30 AM,66.2,53.0,48.6,65.0,,,30.06,,,,,,,,,,,,,
In home  (w/display),Temp & Humidity Sensor,2020/12/17 11:35 AM,66.0,54.0,48.9,64.8,,,30.05,,,,,,,,,,,,,
In home  (w/display),Temp & Humidity Sensor,2020/12/17 11:40 AM,66.0,54.0,48.9,64.8,,,30.06,,,,,,,,,,,,,
In home  (w/display),Temp & Humidity Sensor,2020/12/17 11:45 AM,66.0,54.0,48.9,64.8,,,30.05,,,,,,,,,,,,,
In home  (w/display),Temp & Humidity Sensor,2020/12/17 11:50 AM,66.3,53.0,48.6,65.1,,,30.05,,,,,,,,,,,,,
In home  (w/display),Temp & Humidity Sensor,2020/12/17 11:55 AM,66.3,53.0,48.6,65.1,,,30.05,,,,,,,,,,,,,
In home  (w/display),Temp & Humidity Sensor,2020/12/17 12:00 PM,66.2,53.0,48.6,65.0,,,30.05,,,,,,,,,,,,,
In home  (w/display),Temp & Humidity Sensor,2020/12/17 12:05 PM,66.0,54.0,48.9,64.8,,,30.05,,,,,,,,,,,,,
In home  (w/display),Temp & Humidity Sensor,2020/12/17 12:10 PM,66.0,54.0,48.9,64.8,,,30.04,,,,,,,,,,,,,
In home  (w/display),Temp & Humidity Sensor,2020/12/17 12:15 PM,66.3,53.0,48.6,65.1,,,30.04,,,,,,,,,,,,,
In home  (w/display),Temp & Humidity Sensor,2020/12/17 12:20 PM,66.2,53.0,48.6,65.0,,,30.04,,,,,,,,,,,,,
In home  (w/display),Temp & Humidity Sensor,2020/12/17 12:25 PM,66.0,54.0,48.9,64.8,,,30.04,,,,,,,,,,,,,
In home  (w/display),Temp & Humidity Sensor,2020/12/17 12:30 PM,66.0,54.0,48.9,64.8,,,30.04,,,,,,,,,,,,,
In home  (w/display),Temp & Humidity Sensor,2020/12/17 12:35 PM,66.0,54.0,48.9,64.8,,,30.03,,,,,,,,,,,,,
In home  (w/display),Temp & Humidity Sensor,2020/12/17 12:40 PM,66.2,53.0,48.6,65.0,,,30.04,,,,,,,,,,,,,
In home  (w/display),Temp & Humidity Sensor,2020/12/17 12:45 PM,66.2,53.0,48.6,65.0,,,30.04,,,,,,,,,,,,,
In home  (w/display),Temp & Humidity Sensor,2020/12/17 12:50 PM,66.2,53.0,48.6,65.0,,,30.03,,,,,,,,,,,,,
In home  (w/display),Temp & Humidity Sensor,2020/12/17 12:55 PM,66.0,54.0,48.9,64.8,,,30.03,,,,,,,,,,,,,
In home  (w/display),Temp & Humidity Sensor,2020/12/17 1:00 PM,66.2,53.0,48.6,65.0,,,30.03,,,,,,,,,,,,,
In home  (w/display),Temp & Humidity Sensor,2020/12/17 1:05 PM,66.3,53.0,48.6,65.1,,,30.03,,,,,,,,,,,,,
In home  (w/display),Temp & Humidity Sensor,2020/12/17 1:10 PM,66.2,53.0,48.6,65.0,,,30.03,,,,,,,,,,,,,
In home  (w/display),Temp & Humidity Sensor,2020/12/17 1:15 PM,66.0,54.0,48.9,64.8,,,30.03,,,,,,,,,,,,,
In home  (w/display),Temp & Humidity Sensor,2020/12/17 1:20 PM,66.0,54.0,48.9,64.8,,,30.03,,,,,,,,,,,,,
In home  (w/display),Temp & Humidity Sensor,2020/12/17 1:25 PM,66.2,54.0,49.1,65.1,,,30.02,,,,,,,,,,,,,
In home  (w/display),Temp & Humidity Sensor,2020/12/17 1:30 PM,66.5,53.0,48.8,65.3,,,30.02,,,,,,,,,,,,,
In home  (w/display),Temp & Humidity Sensor,2020/12/17 1:35 PM,66.3,53.0,48.6,65.1,,,30.03,,,,,,,,,,,,,
In home  (w/display),Temp & Humidity Sensor,2020/12/17 1:40 PM,66.3,53.0,48.6,65.1,,,30.02,,,,,,,,,,,,,
In home  (w/display),Temp & Humidity Sensor,2020/12/17 1:45 PM,66.3,54.0,49.1,65.2,,,30.02,,,,,,,,,,,,,
In home  (w/display),Temp & Humidity Sensor,2020/12/17 1:50 PM,66.7,54.0,49.5,65.6,,,30.03,,,,,,,,,,,,,
In home  (w/display),Temp & Humidity Sensor,2020/12/17 1:55 PM,66.7,54.0,49.5,65.6,,,30.03,,,,,,,,,,,,,
In home  (w/display),Temp & Humidity Sensor,2020/12/17 2:00 PM,66.7,54.0,49.5,65.6,,,30.02,,,,,,,,,,,,,
In home  (w/display),Temp & Humidity Sensor,2020/12/17 2:05 PM,66.5,54.0,49.3,65.4,,,30.02,,,,,,,,,,,,,
In home  (w/display),Temp & Humidity Sensor,2020/12/17 2:10 PM,66.5,54.0,49.3,65.4,,,30.02,,,,,,,,,,,,,
In home  (w/display),Temp & Humidity Sensor,2020/12/17 2:15 PM,66.7,54.0,49.5,65.6,,,30.03,,,,,,,,,,,,,
In home  (w/display),Temp & Humidity Sensor,2020/12/17 2:20 PM,66.9,54.0,49.7,65.8,,,30.03,,,,,,,,,,,,,
In home  (w/display),Temp & Humidity Sensor,2020/12/17 2:25 PM,66.7,54.0,49.5,65.6,,,30.03,,,,,,,,,,,,,
In home  (w/display),Temp & Humidity Sensor,2020/12/17 2:30 PM,66.7,54.0,49.5,65.6,,,30.03,,,,,,,,,,,,,
In home  (w/display),Temp & Humidity Sensor,2020/12/17 2:35 PM,66.7,54.0,49.5,65.6,,,30.03,,,,,,,,,,,,,
In home  (w/display),Temp & Humidity Sensor,2020/12/17 2:40 PM,66.9,54.0,49.7,65.8,,,30.03,,,,,,,,,,,,,
In home  (w/display),Temp & Humidity Sensor,2020/12/17 2:45 PM,66.9,54.0,49.7,65.8,,,30.03,,,,,,,,,,,,,
In home  (w/display),Temp & Humidity Sensor,2020/12/17 2:50 PM,66.9,54.0,49.7,65.8,,,30.03,,,,,,,,,,,,,
In home  (w/display),Temp & Humidity Sensor,2020/12/17 2:55 PM,66.7,54.0,49.5,65.6,,,30.03,,,,,,,,,,,,,
In home  (w/display),Temp & Humidity Sensor,2020/12/17 3:00 PM,66.5,54.0,49.3,65.4,,,30.03,,,,,,,,,,,,,
In home  (w/display),Temp & Humidity Sensor,2020/12/17 3:05 PM,66.7,54.0,49.5,65.6,,,30.03,,,,,,,,,,,,,
In home  (w/display),Temp & Humidity Sensor,2020/12/17 3:10 PM,66.7,54.0,49.5,65.6,,,30.03,,,,,,,,,,,,,
In home  (w/display),Temp & Humidity Sensor,2020/12/17 3:15 PM,66.9,54.0,49.7,65.8,,,30.03,,,,,,,,,,,,,
In home  (w/display),Temp & Humidity Sensor,2020/12/17 3:20 PM,66.7,54.0,49.5,65.6,,,30.03,,,,,,,,,,,,,
In home  (w/display),Temp & Humidity Sensor,2020/12/17 3:25 PM,66.7,54.0,49.5,65.6,,,30.03,,,,,,,,,,,,,
In home  (w/display),Temp & Humidity Sensor,2020/12/17 3:30 PM,66.7,54.0,49.5,65.6,,,30.03,,,,,,,,,,,,,
In home  (w/display),Temp & Humidity Sensor,2020/12/17 3:35 PM,66.5,54.0,49.3,65.4,,,30.03,,,,,,,,,,,,,
In home  (w/display),Temp & Humidity Sensor,2020/12/17 3:40 PM,66.7,54.0,49.5,65.6,,,30.03,,,,,,,,,,,,,
In home  (w/display),Temp & Humidity Sensor,2020/12/17 3:45 PM,66.7,54.0,49.5,65.6,,,30.03,,,,,,,,,,,,,
In home  (w/display),Temp & Humidity Sensor,2020/12/17 3:50 PM,66.7,54.0,49.5,65.6,,,30.04,,,,,,,,,,,,,
In home  (w/display),Temp & Humidity Sensor,2020/12/17 3:55 PM,66.7,54.0,49.5,65.6,,,30.04,,,,,,,,,,,,,
In home  (w/display),Temp & Humidity Sensor,2020/12/17 4:00 PM,66.3,54.0,49.1,65.2,,,30.04,,,,,,,,,,,,,
In home  (w/display),Temp & Humidity Sensor,2020/12/17 4:05 PM,66.3,54.0,49.1,65.2,,,30.04,,,,,,,,,,,,,
In home  (w/display),Temp & Humidity Sensor,2020/12/17 4:10 PM,66.3,54.0,49.1,65.2,,,30.04,,,,,,,,,,,,,
In home  (w/display),Temp & Humidity Sensor,2020/12/17 4:15 PM,66.3,54.0,49.1,65.2,,,30.04,,,,,,,,,,,,,
In home  (w/display),Temp & Humidity Sensor,2020/12/17 4:20 PM,66.3,54.0,49.1,65.2,,,30.04,,,,,,,,,,,,,
In home  (w/display),Temp & Humidity Sensor,2020/12/17 4:25 PM,66.5,54.0,49.3,65.4,,,30.04,,,,,,,,,,,,,
In home  (w/display),Temp & Humidity Sensor,2020/12/17 4:30 PM,66.5,54.0,49.3,65.4,,,30.04,,,,,,,,,,,,,
In home  (w/display),Temp & Humidity Sensor,2020/12/17 4:35 PM,66.3,54.0,49.1,65.2,,,30.05,,,,,,,,,,,,,
In home  (w/display),Temp & Humidity Sensor,2020/12/17 4:40 PM,66.3,54.0,49.1,65.2,,,30.05,,,,,,,,,,,,,
In home  (w/display),Temp & Humidity Sensor,2020/12/17 4:45 PM,66.3,54.0,49.1,65.2,,,30.05,,,,,,,,,,,,,
In home  (w/display),Temp & Humidity Sensor,2020/12/17 4:50 PM,66.3,54.0,49.1,65.2,,,30.05,,,,,,,,,,,,,
In home  (w/display),Temp & Humidity Sensor,2020/12/17 4:55 PM,66.3,54.0,49.1,65.2,,,30.05,,,,,,,,,,,,,
In home  (w/display),Temp & Humidity Sensor,2020/12/17 5:00 PM,66.3,54.0,49.1,65.2,,,30.06,,,,,,,,,,,,,
In home  (w/display),Temp & Humidity Sensor,2020/12/17 5:05 PM,66.5,54.0,49.3,65.4,,,30.06,,,,,,,,,,,,,
In home  (w/display),Temp & Humidity Sensor,2020/12/17 5:10 PM,66.3,54.0,49.1,65.2,,,30.06,,,,,,,,,,,,,
In home  (w/display),Temp & Humidity Sensor,2020/12/17 5:15 PM,66.3,54.0,49.1,65.2,,,30.07,,,,,,,,,,,,,
In home  (w/display),Temp & Humidity Sensor,2020/12/17 5:20 PM,66.3,55.0,49.6,65.2,,,30.07,,,,,,,,,,,,,
In home  (w/display),Temp & Humidity Sensor,2020/12/17 5:25 PM,66.3,55.0,49.6,65.2,,,30.07,,,,,,,,,,,,,
In home  (w/display),Temp & Humidity Sensor,2020/12/17 5:30 PM,66.2,55.0,49.5,65.1,,,30.07,,,,,,,,,,,,,
In home  (w/display),Temp & Humidity Sensor,2020/12/17 5:35 PM,66.3,54.0,49.1,65.2,,,30.07,,,,,,,,,,,,,
In home  (w/display),Temp & Humidity Sensor,2020/12/17 5:40 PM,66.3,54.0,49.1,65.2,,,30.07,,,,,,,,,,,,,
In home  (w/display),Temp & Humidity Sensor,2020/12/17 5:45 PM,66.3,54.0,49.1,65.2,,,30.07,,,,,,,,,,,,,
In home  (w/display),Temp & Humidity Sensor,2020/12/17 5:50 PM,66.3,54.0,49.1,65.2,,,30.08,,,,,,,,,,,,,
In home  (w/display),Temp & Humidity Sensor,2020/12/17 5:55 PM,66.2,54.0,49.1,65.1,,,30.08,,,,,,,,,,,,,
In home  (w/display),Temp & Humidity Sensor,2020/12/17 6:00 PM,66.0,56.0,49.8,64.9,,,30.08,,,,,,,,,,,,,
In home  (w/display),Temp & Humidity Sensor,2020/12/17 6:05 PM,66.0,56.0,49.8,64.9,,,30.08,,,,,,,,,,,,,
In home  (w/display),Temp & Humidity Sensor,2020/12/17 6:10 PM,66.0,56.0,49.8,64.9,,,30.08,,,,,,,,,,,,,
In home  (w/display),Temp & Humidity Sensor,2020/12/17 6:15 PM,66.2,55.0,49.5,65.1,,,30.08,,,,,,,,,,,,,
In home  (w/display),Temp & Humidity Sensor,2020/12/17 6:20 PM,66.3,55.0,49.6,65.2,,,30.08,,,,,,,,,,,,,
In home  (w/display),Temp & Humidity Sensor,2020/12/17 6:25 PM,66.3,55.0,49.6,65.2,,,30.09,,,,,,,,,,,,,
In home  (w/display),Temp & Humidity Sensor,2020/12/17 6:30 PM,66.2,55.0,49.5,65.1,,,30.09,,,,,,,,,,,,,
In home  (w/display),Temp & Humidity Sensor,2020/12/17 6:35 PM,66.0,56.0,49.8,64.9,,,30.09,,,,,,,,,,,,,
In home  (w/display),Temp & Humidity Sensor,2020/12/17 6:40 PM,66.0,56.0,49.8,64.9,,,30.09,,,,,,,,,,,,,
In home  (w/display),Temp & Humidity Sensor,2020/12/17 6:45 PM,66.3,55.0,49.6,65.2,,,30.09,,,,,,,,,,,,,
In home  (w/display),Temp & Humidity Sensor,2020/12/17 6:50 PM,66.7,55.0,50.0,65.7,,,30.09,,,,,,,,,,,,,
In home  (w/display),Temp & Humidity Sensor,2020/12/17 6:55 PM,67.2,55.0,50.5,66.2,,,30.1,,,,,,,,,,,,,
In home  (w/display),Temp & Humidity Sensor,2020/12/17 7:00 PM,67.4,55.0,50.7,66.4,,,30.1,,,,,,,,,,,,,
In home  (w/display),Temp & Humidity Sensor,2020/12/17 7:05 PM,67.2,55.0,50.5,66.2,,,30.1,,,,,,,,,,,,,
In home  (w/display),Temp & Humidity Sensor,2020/12/17 7:10 PM,67.2,55.0,50.5,66.2,,,30.11,,,,,,,,,,,,,
In home  (w/display),Temp & Humidity Sensor,2020/12/17 7:15 PM,67.4,55.0,50.7,66.4,,,30.1,,,,,,,,,,,,,
In home  (w/display),Temp & Humidity Sensor,2020/12/17 7:20 PM,67.6,55.0,50.8,66.6,,,30.11,,,,,,,,,,,,,
In home  (w/display),Temp & Humidity Sensor,2020/12/17 7:25 PM,67.4,54.0,50.2,66.4,,,30.11,,,,,,,,,,,,,
In home  (w/display),Temp & Humidity Sensor,2020/12/17 7:30 PM,67.4,55.0,50.7,66.4,,,30.11,,,,,,,,,,,,,
In home  (w/display),Temp & Humidity Sensor,2020/12/17 7:35 PM,67.6,54.0,50.4,66.6,,,30.11,,,,,,,,,,,,,
In home  (w/display),Temp & Humidity Sensor,2020/12/17 7:40 PM,67.8,54.0,50.5,66.8,,,30.11,,,,,,,,,,,,,
In home  (w/display),Temp & Humidity Sensor,2020/12/17 7:45 PM,67.6,54.0,50.4,66.6,,,30.11,,,,,,,,,,,,,
In home  (w/display),Temp & Humidity Sensor,2020/12/17 7:50 PM,67.6,54.0,50.4,66.6,,,30.11,,,,,,,,,,,,,
In home  (w/display),Temp & Humidity Sensor,2020/12/17 7:55 PM,67.4,55.0,50.7,66.4,,,30.11,,,,,,,,,,,,,
In home  (w/display),Temp & Humidity Sensor,2020/12/17 8:00 PM,67.6,55.0,50.8,66.6,,,30.11,,,,,,,,,,,,,
In home  (w/display),Temp & Humidity Sensor,2020/12/17 8:05 PM,67.8,55.0,51.0,66.9,,,30.12,,,,,,,,,,,,,
In home  (w/display),Temp & Humidity Sensor,2020/12/17 8:10 PM,67.6,55.0,50.8,66.6,,,30.12,,,,,,,,,,,,,
In home  (w/display),Temp & Humidity Sensor,2020/12/17 8:15 PM,67.6,55.0,50.8,66.6,,,30.12,,,,,,,,,,,,,
In home  (w/display),Temp & Humidity Sensor,2020/12/17 8:20 PM,67.8,55.0,51.0,66.9,,,30.12,,,,,,,,,,,,,
In home  (w/display),Temp & Humidity Sensor,2020/12/17 8:25 PM,68.0,55.0,51.2,67.1,,,30.12,,,,,,,,,,,,,
In home  (w/display),Temp & Humidity Sensor,2020/12/17 8:30 PM,68.0,55.0,51.2,67.1,,,30.12,,,,,,,,,,,,,
In home  (w/display),Temp & Humidity Sensor,2020/12/17 8:35 PM,67.8,55.0,51.0,66.9,,,30.13,,,,,,,,,,,,,
In home  (w/display),Temp & Humidity Sensor,2020/12/17 8:40 PM,67.8,55.0,51.0,66.9,,,30.13,,,,,,,,,,,,,
In home  (w/display),Temp & Humidity Sensor,2020/12/17 8:45 PM,68.0,55.0,51.2,67.1,,,30.13,,,,,,,,,,,,,
In home  (w/display),Temp & Humidity Sensor,2020/12/17 8:50 PM,68.1,55.0,51.3,67.2,,,30.13,,,,,,,,,,,,,
In home  (w/display),Temp & Humidity Sensor,2020/12/17 8:55 PM,67.8,55.0,51.0,66.9,,,30.13,,,,,,,,,,,,,
In home  (w/display),Temp & Humidity Sensor,2020/12/17 9:00 PM,68.0,55.0,51.2,67.1,,,30.13,,,,,,,,,,,,,
In home  (w/display),Temp & Humidity Sensor,2020/12/17 9:05 PM,68.1,55.0,51.3,67.2,,,30.13,,,,,,,,,,,,,
In home  (w/display),Temp & Humidity Sensor,2020/12/17 9:10 PM,68.1,55.0,51.3,67.2,,,30.14,,,,,,,,,,,,,
In home  (w/display),Temp & Humidity Sensor,2020/12/17 9:15 PM,68.1,55.0,51.3,67.2,,,30.14,,,,,,,,,,,,,
In home  (w/display),Temp & Humidity Sensor,2020/12/17 9:20 PM,68.0,54.0,50.7,67.0,,,30.14,,,,,,,,,,,,,
In home  (w/display),Temp & Humidity Sensor,2020/12/17 9:25 PM,68.1,55.0,51.3,67.2,,,30.14,,,,,,,,,,,,,
In home  (w/display),Temp & Humidity Sensor,2020/12/17 9:30 PM,68.1,54.0,50.8,67.1,,,30.14,,,,,,,,,,,,,
In home  (w/display),Temp & Humidity Sensor,2020/12/17 9:35 PM,68.1,54.0,50.8,67.1,,,30.14,,,,,,,,,,,,,
In home  (w/display),Temp & Humidity Sensor,2020/12/17 9:40 PM,68.1,54.0,50.8,67.1,,,30.14,,,,,,,,,,,,,
In home  (w/display),Temp & Humidity Sensor,2020/12/17 9:45 PM,68.0,54.0,50.7,67.0,,,30.15,,,,,,,,,,,,,
In home  (w/display),Temp & Humidity Sensor,2020/12/17 9:50 PM,68.0,54.0,50.7,67.0,,,30.15,,,,,,,,,,,,,
In home  (w/display),Temp & Humidity Sensor,2020/12/17 9:55 PM,68.1,54.0,50.8,67.1,,,30.15,,,,,,,,,,,,,
In home  (w/display),Temp & Humidity Sensor,2020/12/17 10:00 PM,68.1,54.0,50.8,67.1,,,30.15,,,,,,,,,,,,,
In home  (w/display),Temp & Humidity Sensor,2020/12/17 10:05 PM,68.0,54.0,50.7,67.0,,,30.15,,,,,,,,,,,,,
In home  (w/display),Temp & Humidity Sensor,2020/12/17 10:10 PM,67.8,54.0,50.5,66.8,,,30.15,,,,,,,,,,,,,
In home  (w/display),Temp & Humidity Sensor,2020/12/17 10:15 PM,67.8,54.0,50.5,66.8,,,30.15,,,,,,,,,,,,,
In home  (w/display),Temp & Humidity Sensor,2020/12/17 10:20 PM,67.8,54.0,50.5,66.8,,,30.15,,,,,,,,,,,,,
In home  (w/display),Temp & Humidity Sensor,2020/12/17 10:25 PM,67.6,54.0,50.4,66.6,,,30.15,,,,,,,,,,,,,
In home  (w/display),Temp & Humidity Sensor,2020/12/17 10:30 PM,67.6,54.0,50.4,66.6,,,30.16,,,,,,,,,,,,,
In home  (w/display),Temp & Humidity Sensor,2020/12/17 10:35 PM,67.2,54.0,50.0,66.2,,,30.16,,,,,,,,,,,,,
In home  (w/display),Temp & Humidity Sensor,2020/12/17 10:40 PM,67.2,54.0,50.0,66.2,,,30.16,,,,,,,,,,,,,
In home  (w/display),Temp & Humidity Sensor,2020/12/17 10:45 PM,67.2,54.0,50.0,66.2,,,30.16,,,,,,,,,,,,,
In home  (w/display),Temp & Humidity Sensor,2020/12/17 10:50 PM,67.1,54.0,49.9,66.0,,,30.16,,,,,,,,,,,,,
In home  (w/display),Temp & Humidity Sensor,2020/12/17 10:55 PM,67.1,54.0,49.9,66.0,,,30.16,,,,,,,,,,,,,
In home  (w/display),Temp & Humidity Sensor,2020/12/17 11:00 PM,66.7,54.0,49.5,65.6,,,30.16,,,,,,,,,,,,,
In home  (w/display),Temp & Humidity Sensor,2020/12/17 11:05 PM,66.7,54.0,49.5,65.6,,,30.16,,,,,,,,,,,,,
In home  (w/display),Temp & Humidity Sensor,2020/12/17 11:10 PM,66.7,54.0,49.5,65.6,,,30.16,,,,,,,,,,,,,
In home  (w/display),Temp & Humidity Sensor,2020/12/17 11:15 PM,66.5,54.0,49.3,65.4,,,30.17,,,,,,,,,,,,,
In home  (w/display),Temp & Humidity Sensor,2020/12/17 11:20 PM,66.3,54.0,49.1,65.2,,,30.17,,,,,,,,,,,,,
In home  (w/display),Temp & Humidity Sensor,2020/12/17 11:25 PM,66.3,54.0,49.1,65.2,,,30.16,,,,,,,,,,,,,
In home  (w/display),Temp & Humidity Sensor,2020/12/17 11:30 PM,66.2,54.0,49.1,65.1,,,30.17,,,,,,,,,,,,,
In home  (w/display),Temp & Humidity Sensor,2020/12/17 11:35 PM,66.2,54.0,49.1,65.1,,,30.17,,,,,,,,,,,,,
In home  (w/display),Temp & Humidity Sensor,2020/12/17 11:40 PM,66.0,55.0,49.4,64.9,,,30.17,,,,,,,,,,,,,
In home  (w/display),Temp & Humidity Sensor,2020/12/17 11:45 PM,66.0,55.0,49.4,64.9,,,30.17,,,,,,,,,,,,,
In home  (w/display),Temp & Humidity Sensor,2020/12/17 11:50 PM,66.0,55.0,49.4,64.9,,,30.17,,,,,,,,,,,,,
In home  (w/display),Temp & Humidity Sensor,2020/12/17 11:55 PM,65.8,55.0,49.2,64.7,,,30.17,,,,,,,,,,,,,
In home  (w/display),Temp & Humidity Sensor,2020/12/18 12:00 AM,65.8,55.0,49.2,64.7,,,30.17,,,,,,,,,,,,,
In home  (w/display),Temp & Humidity Sensor,2020/12/18 12:05 AM,65.6,55.0,49.0,64.4,,,30.18,,,,,,,,,,,,,
In home  (w/display),Temp & Humidity Sensor,2020/12/18 12:10 AM,65.6,55.0,49.0,64.4,,,30.17,,,,,,,,,,,,,
In home  (w/display),Temp & Humidity Sensor,2020/12/18 12:15 AM,65.6,55.0,49.0,64.4,,,30.17,,,,,,,,,,,,,
In home  (w/display),Temp & Humidity Sensor,2020/12/18 12:20 AM,65.4,55.0,48.8,64.2,,,30.18,,,,,,,,,,,,,
In home  (w/display),Temp & Humidity Sensor,2020/12/18 12:25 AM,65.4,55.0,48.8,64.2,,,30.18,,,,,,,,,,,,,
In home  (w/display),Temp & Humidity Sensor,2020/12/18 12:30 AM,65.4,55.0,48.8,64.2,,,30.17,,,,,,,,,,,,,
In home  (w/display),Temp & Humidity Sensor,2020/12/18 12:35 AM,65.4,56.0,49.3,64.3,,,30.18,,,,,,,,,,,,,
In home  (w/display),Temp & Humidity Sensor,2020/12/18 12:40 AM,65.3,56.0,49.2,64.2,,,30.18,,,,,,,,,,,,,
In home  (w/display),Temp & Humidity Sensor,2020/12/18 12:45 AM,65.3,56.0,49.2,64.2,,,30.18,,,,,,,,,,,,,
In home  (w/display),Temp & Humidity Sensor,2020/12/18 12:50 AM,65.3,56.0,49.2,64.2,,,30.18,,,,,,,,,,,,,
In home  (w/display),Temp & Humidity Sensor,2020/12/18 12:55 AM,65.3,56.0,49.2,64.2,,,30.18,,,,,,,,,,,,,
In home  (w/display),Temp & Humidity Sensor,2020/12/18 1:00 AM,65.1,56.0,49.0,63.9,,,30.18,,,,,,,,,,,,,
In home  (w/display),Temp & Humidity Sensor,2020/12/18 1:05 AM,65.1,56.0,49.0,63.9,,,30.18,,,,,,,,,,,,,
In home  (w/display),Temp & Humidity Sensor,2020/12/18 1:10 AM,64.9,56.0,48.8,63.7,,,30.18,,,,,,,,,,,,,
In home  (w/display),Temp & Humidity Sensor,2020/12/18 1:15 AM,64.9,56.0,48.8,63.7,,,30.18,,,,,,,,,,,,,
In home  (w/display),Temp & Humidity Sensor,2020/12/18 1:20 AM,64.9,56.0,48.8,63.7,,,30.19,,,,,,,,,,,,,
In home  (w/display),Temp & Humidity Sensor,2020/12/18 1:25 AM,64.9,56.0,48.8,63.7,,,30.19,,,,,,,,,,,,,
In home  (w/display),Temp & Humidity Sensor,2020/12/18 1:30 AM,64.7,56.0,48.6,63.5,,,30.19,,,,,,,,,,,,,
In home  (w/display),Temp & Humidity Sensor,2020/12/18 1:35 AM,64.7,56.0,48.6,63.5,,,30.19,,,,,,,,,,,,,
In home  (w/display),Temp & Humidity Sensor,2020/12/18 1:40 AM,64.7,56.0,48.6,63.5,,,30.19,,,,,,,,,,,,,
In home  (w/display),Temp & Humidity Sensor,2020/12/18 1:45 AM,64.7,56.0,48.6,63.5,,,30.19,,,,,,,,,,,,,
In home  (w/display),Temp & Humidity Sensor,2020/12/18 1:50 AM,64.5,56.0,48.4,63.3,,,30.19,,,,,,,,,,,,,
In home  (w/display),Temp & Humidity Sensor,2020/12/18 1:55 AM,64.5,56.0,48.4,63.3,,,30.2,,,,,,,,,,,,,
In home  (w/display),Temp & Humidity Sensor,2020/12/18 2:00 AM,64.5,56.0,48.4,63.3,,,30.2,,,,,,,,,,,,,
In home  (w/display),Temp & Humidity Sensor,2020/12/18 2:05 AM,64.5,56.0,48.4,63.3,,,30.2,,,,,,,,,,,,,
In home  (w/display),Temp & Humidity Sensor,2020/12/18 2:10 AM,64.4,56.0,48.4,63.2,,,30.2,,,,,,,,,,,,,
In home  (w/display),Temp & Humidity Sensor,2020/12/18 2:15 AM,64.4,56.0,48.4,63.2,,,30.21,,,,,,,,,,,,,
In home  (w/display),Temp & Humidity Sensor,2020/12/18 2:20 AM,64.4,56.0,48.4,63.2,,,30.21,,,,,,,,,,,,,
In home  (w/display),Temp & Humidity Sensor,2020/12/18 2:25 AM,64.2,56.0,48.2,63.0,,,30.21,,,,,,,,,,,,,
In home  (w/display),Temp & Humidity Sensor,2020/12/18 2:30 AM,64.2,56.0,48.2,63.0,,,30.21,,,,,,,,,,,,,
In home  (w/display),Temp & Humidity Sensor,2020/12/18 2:35 AM,64.2,56.0,48.2,63.0,,,30.22,,,,,,,,,,,,,
In home  (w/display),Temp & Humidity Sensor,2020/12/18 2:40 AM,64.2,56.0,48.2,63.0,,,30.22,,,,,,,,,,,,,
In home  (w/display),Temp & Humidity Sensor,2020/12/18 2:45 AM,64.2,56.0,48.2,63.0,,,30.22,,,,,,,,,,,,,
In home  (w/display),Temp & Humidity Sensor,2020/12/18 2:50 AM,64.2,56.0,48.2,63.0,,,30.22,,,,,,,,,,,,,
In home  (w/display),Temp & Humidity Sensor,2020/12/18 2:55 AM,64.0,56.0,48.0,62.7,,,30.22,,,,,,,,,,,,,
In home  (w/display),Temp & Humidity Sensor,2020/12/18 3:00 AM,64.0,56.0,48.0,62.7,,,30.22,,,,,,,,,,,,,
In home  (w/display),Temp & Humidity Sensor,2020/12/18 3:05 AM,64.0,56.0,48.0,62.7,,,30.22,,,,,,,,,,,,,
In home  (w/display),Temp & Humidity Sensor,2020/12/18 3:10 AM,63.8,56.0,47.8,62.5,,,30.23,,,,,,,,,,,,,
In home  (w/display),Temp & Humidity Sensor,2020/12/18 3:15 AM,64.0,56.0,48.0,62.7,,,30.23,,,,,,,,,,,,,
In home  (w/display),Temp & Humidity Sensor,2020/12/18 3:20 AM,64.0,56.0,48.0,62.7,,,30.23,,,,,,,,,,,,,
In home  (w/display),Temp & Humidity Sensor,2020/12/18 3:25 AM,63.8,56.0,47.8,62.5,,,30.24,,,,,,,,,,,,,
In home  (w/display),Temp & Humidity Sensor,2020/12/18 3:30 AM,63.8,56.0,47.8,62.5,,,30.24,,,,,,,,,,,,,
In home  (w/display),Temp & Humidity Sensor,2020/12/18 3:35 AM,63.6,56.0,47.6,62.3,,,30.24,,,,,,,,,,,,,
In home  (w/display),Temp & Humidity Sensor,2020/12/18 3:40 AM,63.6,56.0,47.6,62.3,,,30.24,,,,,,,,,,,,,
In home  (w/display),Temp & Humidity Sensor,2020/12/18 3:45 AM,63.6,56.0,47.6,62.3,,,30.24,,,,,,,,,,,,,
In home  (w/display),Temp & Humidity Sensor,2020/12/18 3:50 AM,63.6,56.0,47.6,62.3,,,30.24,,,,,,,,,,,,,
In home  (w/display),Temp & Humidity Sensor,2020/12/18 3:55 AM,63.6,56.0,47.6,62.3,,,30.24,,,,,,,,,,,,,
In home  (w/display),Temp & Humidity Sensor,2020/12/18 4:00 AM,63.6,56.0,47.6,62.3,,,30.24,,,,,,,,,,,,,
In home  (w/display),Temp & Humidity Sensor,2020/12/18 4:05 AM,63.6,56.0,47.6,62.3,,,30.24,,,,,,,,,,,,,
In home  (w/display),Temp & Humidity Sensor,2020/12/18 4:10 AM,63.5,56.0,47.5,62.2,,,30.24,,,,,,,,,,,,,
In home  (w/display),Temp & Humidity Sensor,2020/12/18 4:15 AM,63.5,56.0,47.5,62.2,,,30.24,,,,,,,,,,,,,
In home  (w/display),Temp & Humidity Sensor,2020/12/18 4:20 AM,63.5,56.0,47.5,62.2,,,30.25,,,,,,,,,,,,,
In home  (w/display),Temp & Humidity Sensor,2020/12/18 4:25 AM,63.5,56.0,47.5,62.2,,,30.24,,,,,,,,,,,,,
In home  (w/display),Temp & Humidity Sensor,2020/12/18 4:30 AM,63.5,56.0,47.5,62.2,,,30.24,,,,,,,,,,,,,
In home  (w/display),Temp & Humidity Sensor,2020/12/18 4:35 AM,63.5,56.0,47.5,62.2,,,30.24,,,,,,,,,,,,,
In home  (w/display),Temp & Humidity Sensor,2020/12/18 4:40 AM,63.5,56.0,47.5,62.2,,,30.24,,,,,,,,,,,,,
In home  (w/display),Temp & Humidity Sensor,2020/12/18 4:45 AM,63.3,57.0,47.8,62.0,,,30.25,,,,,,,,,,,,,
In home  (w/display),Temp & Humidity Sensor,2020/12/18 4:50 AM,63.3,57.0,47.8,62.0,,,30.25,,,,,,,,,,,,,
In home  (w/display),Temp & Humidity Sensor,2020/12/18 4:55 AM,63.5,56.0,47.5,62.2,,,30.25,,,,,,,,,,,,,
In home  (w/display),Temp & Humidity Sensor,2020/12/18 5:00 AM,63.8,56.0,47.8,62.5,,,30.25,,,,,,,,,,,,,
In home  (w/display),Temp & Humidity Sensor,2020/12/18 5:05 AM,64.2,56.0,48.2,63.0,,,30.25,,,,,,,,,,,,,
In home  (w/display),Temp & Humidity Sensor,2020/12/18 5:10 AM,64.5,55.0,48.0,63.2,,,30.25,,,,,,,,,,,,,
In home  (w/display),Temp & Humidity Sensor,2020/12/18 5:15 AM,64.9,55.0,48.3,63.7,,,30.26,,,,,,,,,,,,,
In home  (w/display),Temp & Humidity Sensor,2020/12/18 5:20 AM,65.4,55.0,48.8,64.2,,,30.26,,,,,,,,,,,,,
In home  (w/display),Temp & Humidity Sensor,2020/12/18 5:25 AM,65.8,55.0,49.2,64.7,,,30.26,,,,,,,,,,,,,
In home  (w/display),Temp & Humidity Sensor,2020/12/18 5:30 AM,66.0,55.0,49.4,64.9,,,30.27,,,,,,,,,,,,,
In home  (w/display),Temp & Humidity Sensor,2020/12/18 5:35 AM,66.2,54.0,49.1,65.1,,,30.27,,,,,,,,,,,,,
In home  (w/display),Temp & Humidity Sensor,2020/12/18 5:40 AM,66.3,54.0,49.1,65.2,,,30.28,,,,,,,,,,,,,
In home  (w/display),Temp & Humidity Sensor,2020/12/18 5:45 AM,66.5,54.0,49.3,65.4,,,30.28,,,,,,,,,,,,,
In home  (w/display),Temp & Humidity Sensor,2020/12/18 5:50 AM,66.7,54.0,49.5,65.6,,,30.28,,,,,,,,,,,,,
In home  (w/display),Temp & Humidity Sensor,2020/12/18 5:55 AM,66.3,54.0,49.1,65.2,,,30.29,,,,,,,,,,,,,
In home  (w/display),Temp & Humidity Sensor,2020/12/18 6:00 AM,66.3,54.0,49.1,65.2,,,30.29,,,,,,,,,,,,,
In home  (w/display),Temp & Humidity Sensor,2020/12/18 6:05 AM,66.3,54.0,49.1,65.2,,,30.29,,,,,,,,,,,,,
In home  (w/display),Temp & Humidity Sensor,2020/12/18 6:10 AM,66.7,54.0,49.5,65.6,,,30.29,,,,,,,,,,,,,
In home  (w/display),Temp & Humidity Sensor,2020/12/18 6:15 AM,67.1,54.0,49.9,66.0,,,30.3,,,,,,,,,,,,,
In home  (w/display),Temp & Humidity Sensor,2020/12/18 6:20 AM,67.1,54.0,49.9,66.0,,,30.3,,,,,,,,,,,,,
In home  (w/display),Temp & Humidity Sensor,2020/12/18 6:25 AM,66.9,54.0,49.7,65.8,,,30.3,,,,,,,,,,,,,
In home  (w/display),Temp & Humidity Sensor,2020/12/18 6:30 AM,66.9,54.0,49.7,65.8,,,30.3,,,,,,,,,,,,,
In home  (w/display),Temp & Humidity Sensor,2020/12/18 6:35 AM,67.1,54.0,49.9,66.0,,,30.31,,,,,,,,,,,,,
In home  (w/display),Temp & Humidity Sensor,2020/12/18 6:40 AM,67.2,54.0,50.0,66.2,,,30.31,,,,,,,,,,,,,
In home  (w/display),Temp & Humidity Sensor,2020/12/18 6:45 AM,67.4,54.0,50.2,66.4,,,30.31,,,,,,,,,,,,,
In home  (w/display),Temp & Humidity Sensor,2020/12/18 6:50 AM,67.2,54.0,50.0,66.2,,,30.31,,,,,,,,,,,,,
In home  (w/display),Temp & Humidity Sensor,2020/12/18 6:55 AM,67.1,54.0,49.9,66.0,,,30.31,,,,,,,,,,,,,
In home  (w/display),Temp & Humidity Sensor,2020/12/18 7:00 AM,67.2,54.0,50.0,66.2,,,30.31,,,,,,,,,,,,,
In home  (w/display),Temp & Humidity Sensor,2020/12/18 7:05 AM,67.2,54.0,50.0,66.2,,,30.32,,,,,,,,,,,,,
In home  (w/display),Temp & Humidity Sensor,2020/12/18 7:10 AM,67.4,54.0,50.2,66.4,,,30.32,,,,,,,,,,,,,
In home  (w/display),Temp & Humidity Sensor,2020/12/18 7:15 AM,67.2,54.0,50.0,66.2,,,30.32,,,,,,,,,,,,,
In home  (w/display),Temp & Humidity Sensor,2020/12/18 7:20 AM,67.2,54.0,50.0,66.2,,,30.32,,,,,,,,,,,,,
In home  (w/display),Temp & Humidity Sensor,2020/12/18 7:25 AM,67.2,54.0,50.0,66.2,,,30.32,,,,,,,,,,,,,
In home  (w/display),Temp & Humidity Sensor,2020/12/18 7:30 AM,67.4,54.0,50.2,66.4,,,30.32,,,,,,,,,,,,,
In home  (w/display),Temp & Humidity Sensor,2020/12/18 7:35 AM,67.4,54.0,50.2,66.4,,,30.32,,,,,,,,,,,,,
In home  (w/display),Temp & Humidity Sensor,2020/12/18 7:40 AM,67.2,54.0,50.0,66.2,,,30.33,,,,,,,,,,,,,
In home  (w/display),Temp & Humidity Sensor,2020/12/18 7:45 AM,67.4,54.0,50.2,66.4,,,30.33,,,,,,,,,,,,,
In home  (w/display),Temp & Humidity Sensor,2020/12/18 7:50 AM,67.6,54.0,50.4,66.6,,,30.33,,,,,,,,,,,,,
In home  (w/display),Temp & Humidity Sensor,2020/12/18 7:55 AM,67.6,54.0,50.4,66.6,,,30.33,,,,,,,,,,,,,
In home  (w/display),Temp & Humidity Sensor,2020/12/18 8:00 AM,67.4,54.0,50.2,66.4,,,30.33,,,,,,,,,,,,,
In home  (w/display),Temp & Humidity Sensor,2020/12/18 8:05 AM,67.4,54.0,50.2,66.4,,,30.33,,,,,,,,,,,,,
In home  (w/display),Temp & Humidity Sensor,2020/12/18 8:10 AM,67.2,54.0,50.0,66.2,,,30.33,,,,,,,,,,,,,
In home  (w/display),Temp & Humidity Sensor,2020/12/18 8:15 AM,67.2,54.0,50.0,66.2,,,30.33,,,,,,,,,,,,,
In home  (w/display),Temp & Humidity Sensor,2020/12/18 8:20 AM,67.1,54.0,49.9,66.0,,,30.34,,,,,,,,,,,,,
In home  (w/display),Temp & Humidity Sensor,2020/12/18 8:25 AM,66.9,54.0,49.7,65.8,,,30.34,,,,,,,,,,,,,
In home  (w/display),Temp & Humidity Sensor,2020/12/18 8:30 AM,66.7,54.0,49.5,65.6,,,30.34,,,,,,,,,,,,,
In home  (w/display),Temp & Humidity Sensor,2020/12/18 8:35 AM,66.7,54.0,49.5,65.6,,,30.34,,,,,,,,,,,,,
In home  (w/display),Temp & Humidity Sensor,2020/12/18 8:40 AM,66.5,54.0,49.3,65.4,,,30.34,,,,,,,,,,,,,
In home  (w/display),Temp & Humidity Sensor,2020/12/18 8:45 AM,66.3,54.0,49.1,65.2,,,30.35,,,,,,,,,,,,,
In home  (w/display),Temp & Humidity Sensor,2020/12/18 8:50 AM,66.3,54.0,49.1,65.2,,,30.35,,,,,,,,,,,,,
In home  (w/display),Temp & Humidity Sensor,2020/12/18 8:55 AM,66.2,54.0,49.1,65.1,,,30.35,,,,,,,,,,,,,
In home  (w/display),Temp & Humidity Sensor,2020/12/18 9:00 AM,66.0,55.0,49.4,64.9,,,30.35,,,,,,,,,,,,,
In home  (w/display),Temp & Humidity Sensor,2020/12/18 9:05 AM,66.0,55.0,49.4,64.9,,,30.36,,,,,,,,,,,,,
In home  (w/display),Temp & Humidity Sensor,2020/12/18 9:10 AM,66.0,55.0,49.4,64.9,,,30.36,,,,,,,,,,,,,
In home  (w/display),Temp & Humidity Sensor,2020/12/18 9:15 AM,65.8,55.0,49.2,64.7,,,30.36,,,,,,,,,,,,,
In home  (w/display),Temp & Humidity Sensor,2020/12/18 9:20 AM,65.8,55.0,49.2,64.7,,,30.36,,,,,,,,,,,,,
In home  (w/display),Temp & Humidity Sensor,2020/12/18 9:25 AM,65.8,55.0,49.2,64.7,,,30.36,,,,,,,,,,,,,
In home  (w/display),Temp & Humidity Sensor,2020/12/18 9:30 AM,65.8,55.0,49.2,64.7,,,30.36,,,,,,,,,,,,,
In home  (w/display),Temp & Humidity Sensor,2020/12/18 9:35 AM,66.0,55.0,49.4,64.9,,,30.36,,,,,,,,,,,,,
In home  (w/display),Temp & Humidity Sensor,2020/12/18 9:40 AM,66.0,55.0,49.4,64.9,,,30.37,,,,,,,,,,,,,
In home  (w/display),Temp & Humidity Sensor,2020/12/18 9:45 AM,66.0,55.0,49.4,64.9,,,30.37,,,,,,,,,,,,,
In home  (w/display),Temp & Humidity Sensor,2020/12/18 9:50 AM,65.8,55.0,49.2,64.7,,,30.37,,,,,,,,,,,,,
In home  (w/display),Temp & Humidity Sensor,2020/12/18 9:55 AM,65.8,55.0,49.2,64.7,,,30.37,,,,,,,,,,,,,
In home  (w/display),Temp & Humidity Sensor,2020/12/18 10:00 AM,66.0,55.0,49.4,64.9,,,30.37,,,,,,,,,,,,,
In home  (w/display),Temp & Humidity Sensor,2020/12/18 10:05 AM,66.0,55.0,49.4,64.9,,,30.37,,,,,,,,,,,,,
In home  (w/display),Temp & Humidity Sensor,2020/12/18 10:10 AM,66.0,55.0,49.4,64.9,,,30.37,,,,,,,,,,,,,
In home  (w/display),Temp & Humidity Sensor,2020/12/18 10:15 AM,65.8,55.0,49.2,64.7,,,30.38,,,,,,,,,,,,,
In home  (w/display),Temp & Humidity Sensor,2020/12/18 10:20 AM,65.8,55.0,49.2,64.7,,,30.38,,,,,,,,,,,,,
In home  (w/display),Temp & Humidity Sensor,2020/12/18 10:25 AM,66.0,55.0,49.4,64.9,,,30.38,,,,,,,,,,,,,
In home  (w/display),Temp & Humidity Sensor,2020/12/18 10:30 AM,66.0,55.0,49.4,64.9,,,30.38,,,,,,,,,,,,,
In home  (w/display),Temp & Humidity Sensor,2020/12/18 10:35 AM,66.0,55.0,49.4,64.9,,,30.39,,,,,,,,,,,,,
In home  (w/display),Temp & Humidity Sensor,2020/12/18 10:40 AM,65.8,55.0,49.2,64.7,,,30.39,,,,,,,,,,,,,
In home  (w/display),Temp & Humidity Sensor,2020/12/18 10:45 AM,65.8,55.0,49.2,64.7,,,30.38,,,,,,,,,,,,,
In home  (w/display),Temp & Humidity Sensor,2020/12/18 10:50 AM,65.8,55.0,49.2,64.7,,,30.39,,,,,,,,,,,,,
In home  (w/display),Temp & Humidity Sensor,2020/12/18 10:55 AM,66.0,55.0,49.4,64.9,,,30.39,,,,,,,,,,,,,
In home  (w/display),Temp & Humidity Sensor,2020/12/18 11:00 AM,65.8,55.0,49.2,64.7,,,30.39,,,,,,,,,,,,,
In home  (w/display),Temp & Humidity Sensor,2020/12/18 11:05 AM,65.6,55.0,49.0,64.4,,,30.39,,,,,,,,,,,,,
In home  (w/display),Temp & Humidity Sensor,2020/12/18 11:10 AM,65.6,55.0,49.0,64.4,,,30.39,,,,,,,,,,,,,
In home  (w/display),Temp & Humidity Sensor,2020/12/18 11:15 AM,65.8,55.0,49.2,64.7,,,30.39,,,,,,,,,,,,,
In home  (w/display),Temp & Humidity Sensor,2020/12/18 11:20 AM,65.8,55.0,49.2,64.7,,,30.39,,,,,,,,,,,,,
In home  (w/display),Temp & Humidity Sensor,2020/12/18 11:25 AM,65.6,55.0,49.0,64.4,,,30.39,,,,,,,,,,,,,
In home  (w/display),Temp & Humidity Sensor,2020/12/18 11:30 AM,65.6,55.0,49.0,64.4,,,30.39,,,,,,,,,,,,,
In home  (w/display),Temp & Humidity Sensor,2020/12/18 11:35 AM,65.4,55.0,48.8,64.2,,,30.39,,,,,,,,,,,,,
In home  (w/display),Temp & Humidity Sensor,2020/12/18 11:40 AM,65.4,56.0,49.3,64.3,,,30.38,,,,,,,,,,,,,
In home  (w/display),Temp & Humidity Sensor,2020/12/18 11:45 AM,65.4,56.0,49.3,64.3,,,30.38,,,,,,,,,,,,,
In home  (w/display),Temp & Humidity Sensor,2020/12/18 11:50 AM,65.4,56.0,49.3,64.3,,,30.38,,,,,,,,,,,,,
In home  (w/display),Temp & Humidity Sensor,2020/12/18 11:55 AM,65.6,56.0,49.5,64.5,,,30.38,,,,,,,,,,,,,
In home  (w/display),Temp & Humidity Sensor,2020/12/18 12:00 PM,65.4,56.0,49.3,64.3,,,30.38,,,,,,,,,,,,,
In home  (w/display),Temp & Humidity Sensor,2020/12/18 12:05 PM,65.4,56.0,49.3,64.3,,,30.38,,,,,,,,,,,,,
In home  (w/display),Temp & Humidity Sensor,2020/12/18 12:10 PM,65.4,56.0,49.3,64.3,,,30.38,,,,,,,,,,,,,
In home  (w/display),Temp & Humidity Sensor,2020/12/18 12:15 PM,65.4,56.0,49.3,64.3,,,30.38,,,,,,,,,,,,,
In home  (w/display),Temp & Humidity Sensor,2020/12/18 12:20 PM,65.6,56.0,49.5,64.5,,,30.38,,,,,,,,,,,,,
In home  (w/display),Temp & Humidity Sensor,2020/12/18 12:25 PM,65.6,56.0,49.5,64.5,,,30.37,,,,,,,,,,,,,
In home  (w/display),Temp & Humidity Sensor,2020/12/18 12:30 PM,65.6,56.0,49.5,64.5,,,30.37,,,,,,,,,,,,,
In home  (w/display),Temp & Humidity Sensor,2020/12/18 12:35 PM,65.4,56.0,49.3,64.3,,,30.37,,,,,,,,,,,,,
In home  (w/display),Temp & Humidity Sensor,2020/12/18 12:40 PM,65.4,56.0,49.3,64.3,,,30.37,,,,,,,,,,,,,
In home  (w/display),Temp & Humidity Sensor,2020/12/18 12:45 PM,65.8,56.0,49.7,64.7,,,30.37,,,,,,,,,,,,,
In home  (w/display),Temp & Humidity Sensor,2020/12/18 12:50 PM,65.8,56.0,49.7,64.7,,,30.37,,,,,,,,,,,,,
In home  (w/display),Temp & Humidity Sensor,2020/12/18 12:55 PM,65.8,56.0,49.7,64.7,,,30.37,,,,,,,,,,,,,
In home  (w/display),Temp & Humidity Sensor,2020/12/18 1:00 PM,65.6,56.0,49.5,64.5,,,30.37,,,,,,,,,,,,,
In home  (w/display),Temp & Humidity Sensor,2020/12/18 1:05 PM,65.4,56.0,49.3,64.3,,,30.36,,,,,,,,,,,,,
In home  (w/display),Temp & Humidity Sensor,2020/12/18 1:10 PM,65.6,56.0,49.5,64.5,,,30.37,,,,,,,,,,,,,
In home  (w/display),Temp & Humidity Sensor,2020/12/18 1:15 PM,65.8,56.0,49.7,64.7,,,30.37,,,,,,,,,,,,,
In home  (w/display),Temp & Humidity Sensor,2020/12/18 1:20 PM,65.8,56.0,49.7,64.7,,,30.37,,,,,,,,,,,,,
In home  (w/display),Temp & Humidity Sensor,2020/12/18 1:25 PM,65.6,56.0,49.5,64.5,,,30.37,,,,,,,,,,,,,
In home  (w/display),Temp & Humidity Sensor,2020/12/18 1:30 PM,65.4,56.0,49.3,64.3,,,30.37,,,,,,,,,,,,,
In home  (w/display),Temp & Humidity Sensor,2020/12/18 1:35 PM,65.4,56.0,49.3,64.3,,,30.36,,,,,,,,,,,,,
In home  (w/display),Temp & Humidity Sensor,2020/12/18 1:40 PM,65.8,56.0,49.7,64.7,,,30.36,,,,,,,,,,,,,
In home  (w/display),Temp & Humidity Sensor,2020/12/18 1:45 PM,65.8,56.0,49.7,64.7,,,30.36,,,,,,,,,,,,,
In home  (w/display),Temp & Humidity Sensor,2020/12/18 1:50 PM,65.8,56.0,49.7,64.7,,,30.36,,,,,,,,,,,,,
In home  (w/display),Temp & Humidity Sensor,2020/12/18 1:55 PM,65.6,56.0,49.5,64.5,,,30.36,,,,,,,,,,,,,
In home  (w/display),Temp & Humidity Sensor,2020/12/18 2:00 PM,65.4,56.0,49.3,64.3,,,30.37,,,,,,,,,,,,,
In home  (w/display),Temp & Humidity Sensor,2020/12/18 2:05 PM,65.6,56.0,49.5,64.5,,,30.36,,,,,,,,,,,,,
In home  (w/display),Temp & Humidity Sensor,2020/12/18 2:10 PM,65.8,56.0,49.7,64.7,,,30.36,,,,,,,,,,,,,
In home  (w/display),Temp & Humidity Sensor,2020/12/18 2:15 PM,65.8,56.0,49.7,64.7,,,30.36,,,,,,,,,,,,,
In home  (w/display),Temp & Humidity Sensor,2020/12/18 2:20 PM,65.8,56.0,49.7,64.7,,,30.37,,,,,,,,,,,,,
In home  (w/display),Temp & Humidity Sensor,2020/12/18 2:25 PM,65.6,56.0,49.5,64.5,,,30.36,,,,,,,,,,,,,
In home  (w/display),Temp & Humidity Sensor,2020/12/18 2:30 PM,65.4,56.0,49.3,64.3,,,30.36,,,,,,,,,,,,,
In home  (w/display),Temp & Humidity Sensor,2020/12/18 2:35 PM,65.8,56.0,49.7,64.7,,,30.37,,,,,,,,,,,,,
In home  (w/display),Temp & Humidity Sensor,2020/12/18 2:40 PM,65.8,56.0,49.7,64.7,,,30.37,,,,,,,,,,,,,
In home  (w/display),Temp & Humidity Sensor,2020/12/18 2:45 PM,65.8,56.0,49.7,64.7,,,30.37,,,,,,,,,,,,,
In home  (w/display),Temp & Humidity Sensor,2020/12/18 2:50 PM,65.6,56.0,49.5,64.5,,,30.37,,,,,,,,,,,,,
In home  (w/display),Temp & Humidity Sensor,2020/12/18 2:55 PM,65.4,56.0,49.3,64.3,,,30.37,,,,,,,,,,,,,
In home  (w/display),Temp & Humidity Sensor,2020/12/18 3:00 PM,65.8,56.0,49.7,64.7,,,30.37,,,,,,,,,,,,,
In home  (w/display),Temp & Humidity Sensor,2020/12/18 3:05 PM,66.0,56.0,49.8,64.9,,,30.38,,,,,,,,,,,,,
In home  (w/display),Temp & Humidity Sensor,2020/12/18 3:10 PM,66.0,56.0,49.8,64.9,,,30.38,,,,,,,,,,,,,
In home  (w/display),Temp & Humidity Sensor,2020/12/18 3:15 PM,65.8,56.0,49.7,64.7,,,30.38,,,,,,,,,,,,,
In home  (w/display),Temp & Humidity Sensor,2020/12/18 3:20 PM,65.8,56.0,49.7,64.7,,,30.38,,,,,,,,,,,,,
In home  (w/display),Temp & Humidity Sensor,2020/12/18 3:25 PM,65.8,56.0,49.7,64.7,,,30.38,,,,,,,,,,,,,
In home  (w/display),Temp & Humidity Sensor,2020/12/18 3:30 PM,66.0,56.0,49.8,64.9,,,30.38,,,,,,,,,,,,,
In home  (w/display),Temp & Humidity Sensor,2020/12/18 3:35 PM,66.0,56.0,49.8,64.9,,,30.38,,,,,,,,,,,,,
In home  (w/display),Temp & Humidity Sensor,2020/12/18 3:40 PM,65.8,56.0,49.7,64.7,,,30.38,,,,,,,,,,,,,
In home  (w/display),Temp & Humidity Sensor,2020/12/18 3:45 PM,65.8,56.0,49.7,64.7,,,30.38,,,,,,,,,,,,,
In home  (w/display),Temp & Humidity Sensor,2020/12/18 3:50 PM,66.0,56.0,49.8,64.9,,,30.39,,,,,,,,,,,,,
In home  (w/display),Temp & Humidity Sensor,2020/12/18 3:55 PM,66.2,55.0,49.5,65.1,,,30.39,,,,,,,,,,,,,
In home  (w/display),Temp & Humidity Sensor,2020/12/18 4:00 PM,66.0,56.0,49.8,64.9,,,30.39,,,,,,,,,,,,,
In home  (w/display),Temp & Humidity Sensor,2020/12/18 4:05 PM,66.0,56.0,49.8,64.9,,,30.39,,,,,,,,,,,,,
In home  (w/display),Temp & Humidity Sensor,2020/12/18 4:10 PM,66.0,56.0,49.8,64.9,,,30.39,,,,,,,,,,,,,
In home  (w/display),Temp & Humidity Sensor,2020/12/18 4:15 PM,66.0,56.0,49.8,64.9,,,30.39,,,,,,,,,,,,,
In home  (w/display),Temp & Humidity Sensor,2020/12/18 4:20 PM,66.2,55.0,49.5,65.1,,,30.4,,,,,,,,,,,,,
In home  (w/display),Temp & Humidity Sensor,2020/12/18 4:25 PM,66.0,55.0,49.4,64.9,,,30.4,,,,,,,,,,,,,
In home  (w/display),Temp & Humidity Sensor,2020/12/18 4:30 PM,66.0,55.0,49.4,64.9,,,30.4,,,,,,,,,,,,,
In home  (w/display),Temp & Humidity Sensor,2020/12/18 4:35 PM,65.8,55.0,49.2,64.7,,,30.41,,,,,,,,,,,,,
In home  (w/display),Temp & Humidity Sensor,2020/12/18 4:40 PM,65.8,55.0,49.2,64.7,,,30.41,,,,,,,,,,,,,
In home  (w/display),Temp & Humidity Sensor,2020/12/18 4:45 PM,66.0,55.0,49.4,64.9,,,30.41,,,,,,,,,,,,,
In home  (w/display),Temp & Humidity Sensor,2020/12/18 4:50 PM,66.0,55.0,49.4,64.9,,,30.41,,,,,,,,,,,,,
In home  (w/display),Temp & Humidity Sensor,2020/12/18 4:55 PM,65.8,55.0,49.2,64.7,,,30.41,,,,,,,,,,,,,
In home  (w/display),Temp & Humidity Sensor,2020/12/18 5:00 PM,65.8,55.0,49.2,64.7,,,30.41,,,,,,,,,,,,,
In home  (w/display),Temp & Humidity Sensor,2020/12/18 5:05 PM,66.0,55.0,49.4,64.9,,,30.41,,,,,,,,,,,,,
In home  (w/display),Temp & Humidity Sensor,2020/12/18 5:10 PM,66.2,54.0,49.1,65.1,,,30.41,,,,,,,,,,,,,
In home  (w/display),Temp & Humidity Sensor,2020/12/18 5:15 PM,66.2,54.0,49.1,65.1,,,30.41,,,,,,,,,,,,,
In home  (w/display),Temp & Humidity Sensor,2020/12/18 5:20 PM,66.0,55.0,49.4,64.9,,,30.41,,,,,,,,,,,,,
In home  (w/display),Temp & Humidity Sensor,2020/12/18 5:25 PM,66.0,55.0,49.4,64.9,,,30.41,,,,,,,,,,,,,
In home  (w/display),Temp & Humidity Sensor,2020/12/18 5:30 PM,66.0,55.0,49.4,64.9,,,30.41,,,,,,,,,,,,,
In home  (w/display),Temp & Humidity Sensor,2020/12/18 5:35 PM,66.3,54.0,49.1,65.2,,,30.41,,,,,,,,,,,,,
In home  (w/display),Temp & Humidity Sensor,2020/12/18 5:40 PM,66.3,54.0,49.1,65.2,,,30.4,,,,,,,,,,,,,
In home  (w/display),Temp & Humidity Sensor,2020/12/18 5:45 PM,66.2,54.0,49.1,65.1,,,30.4,,,,,,,,,,,,,
In home  (w/display),Temp & Humidity Sensor,2020/12/18 5:50 PM,66.0,55.0,49.4,64.9,,,30.41,,,,,,,,,,,,,
In home  (w/display),Temp & Humidity Sensor,2020/12/18 5:55 PM,66.0,55.0,49.4,64.9,,,30.41,,,,,,,,,,,,,
In home  (w/display),Temp & Humidity Sensor,2020/12/18 6:00 PM,66.2,54.0,49.1,65.1,,,30.41,,,,,,,,,,,,,
In home  (w/display),Temp & Humidity Sensor,2020/12/18 6:05 PM,66.2,54.0,49.1,65.1,,,30.41,,,,,,,,,,,,,
In home  (w/display),Temp & Humidity Sensor,2020/12/18 6:10 PM,66.2,54.0,49.1,65.1,,,30.41,,,,,,,,,,,,,
In home  (w/display),Temp & Humidity Sensor,2020/12/18 6:15 PM,66.0,55.0,49.4,64.9,,,30.42,,,,,,,,,,,,,
In home  (w/display),Temp & Humidity Sensor,2020/12/18 6:20 PM,66.0,55.0,49.4,64.9,,,30.42,,,,,,,,,,,,,
In home  (w/display),Temp & Humidity Sensor,2020/12/18 6:25 PM,66.0,55.0,49.4,64.9,,,30.42,,,,,,,,,,,,,
In home  (w/display),Temp & Humidity Sensor,2020/12/18 6:30 PM,66.0,55.0,49.4,64.9,,,30.41,,,,,,,,,,,,,
In home  (w/display),Temp & Humidity Sensor,2020/12/18 6:35 PM,66.0,55.0,49.4,64.9,,,30.41,,,,,,,,,,,,,
In home  (w/display),Temp & Humidity Sensor,2020/12/18 6:40 PM,65.8,55.0,49.2,64.7,,,30.41,,,,,,,,,,,,,
In home  (w/display),Temp & Humidity Sensor,2020/12/18 6:45 PM,66.0,55.0,49.4,64.9,,,30.42,,,,,,,,,,,,,
In home  (w/display),Temp & Humidity Sensor,2020/12/18 6:50 PM,66.2,54.0,49.1,65.1,,,30.42,,,,,,,,,,,,,
In home  (w/display),Temp & Humidity Sensor,2020/12/18 6:55 PM,66.3,54.0,49.1,65.2,,,30.42,,,,,,,,,,,,,
In home  (w/display),Temp & Humidity Sensor,2020/12/18 7:00 PM,66.5,54.0,49.3,65.4,,,30.43,,,,,,,,,,,,,
In home  (w/display),Temp & Humidity Sensor,2020/12/18 7:05 PM,66.9,54.0,49.7,65.8,,,30.42,,,,,,,,,,,,,
In home  (w/display),Temp & Humidity Sensor,2020/12/18 7:10 PM,67.1,54.0,49.9,66.0,,,30.42,,,,,,,,,,,,,
In home  (w/display),Temp & Humidity Sensor,2020/12/18 7:15 PM,66.9,54.0,49.7,65.8,,,30.42,,,,,,,,,,,,,
In home  (w/display),Temp & Humidity Sensor,2020/12/18 7:20 PM,67.1,54.0,49.9,66.0,,,30.42,,,,,,,,,,,,,
In home  (w/display),Temp & Humidity Sensor,2020/12/18 7:25 PM,67.2,54.0,50.0,66.2,,,30.42,,,,,,,,,,,,,
In home  (w/display),Temp & Humidity Sensor,2020/12/18 7:30 PM,67.2,54.0,50.0,66.2,,,30.42,,,,,,,,,,,,,
In home  (w/display),Temp & Humidity Sensor,2020/12/18 7:35 PM,67.2,54.0,50.0,66.2,,,30.42,,,,,,,,,,,,,
In home  (w/display),Temp & Humidity Sensor,2020/12/18 7:40 PM,67.2,55.0,50.5,66.2,,,30.42,,,,,,,,,,,,,
In home  (w/display),Temp & Humidity Sensor,2020/12/18 7:45 PM,67.4,55.0,50.7,66.4,,,30.42,,,,,,,,,,,,,
In home  (w/display),Temp & Humidity Sensor,2020/12/18 7:50 PM,67.6,55.0,50.8,66.6,,,30.42,,,,,,,,,,,,,
In home  (w/display),Temp & Humidity Sensor,2020/12/18 7:55 PM,67.4,55.0,50.7,66.4,,,30.42,,,,,,,,,,,,,
In home  (w/display),Temp & Humidity Sensor,2020/12/18 8:00 PM,67.2,55.0,50.5,66.2,,,30.42,,,,,,,,,,,,,
In home  (w/display),Temp & Humidity Sensor,2020/12/18 8:05 PM,67.2,55.0,50.5,66.2,,,30.42,,,,,,,,,,,,,
In home  (w/display),Temp & Humidity Sensor,2020/12/18 8:10 PM,67.6,55.0,50.8,66.6,,,30.42,,,,,,,,,,,,,
In home  (w/display),Temp & Humidity Sensor,2020/12/18 8:15 PM,67.6,55.0,50.8,66.6,,,30.42,,,,,,,,,,,,,
In home  (w/display),Temp & Humidity Sensor,2020/12/18 8:20 PM,67.4,55.0,50.7,66.4,,,30.42,,,,,,,,,,,,,
In home  (w/display),Temp & Humidity Sensor,2020/12/18 8:25 PM,67.6,55.0,50.8,66.6,,,30.42,,,,,,,,,,,,,
In home  (w/display),Temp & Humidity Sensor,2020/12/18 8:30 PM,67.6,55.0,50.8,66.6,,,30.42,,,,,,,,,,,,,
In home  (w/display),Temp & Humidity Sensor,2020/12/18 8:35 PM,67.6,55.0,50.8,66.6,,,30.42,,,,,,,,,,,,,
In home  (w/display),Temp & Humidity Sensor,2020/12/18 8:40 PM,67.6,55.0,50.8,66.6,,,30.43,,,,,,,,,,,,,
In home  (w/display),Temp & Humidity Sensor,2020/12/18 8:45 PM,67.4,55.0,50.7,66.4,,,30.42,,,,,,,,,,,,,
In home  (w/display),Temp & Humidity Sensor,2020/12/18 8:50 PM,67.8,55.0,51.0,66.9,,,30.43,,,,,,,,,,,,,
In home  (w/display),Temp & Humidity Sensor,2020/12/18 8:55 PM,67.8,55.0,51.0,66.9,,,30.42,,,,,,,,,,,,,
In home  (w/display),Temp & Humidity Sensor,2020/12/18 9:00 PM,67.8,55.0,51.0,66.9,,,30.42,,,,,,,,,,,,,
In home  (w/display),Temp & Humidity Sensor,2020/12/18 9:05 PM,67.8,55.0,51.0,66.9,,,30.42,,,,,,,,,,,,,
In home  (w/display),Temp & Humidity Sensor,2020/12/18 9:10 PM,68.0,55.0,51.2,67.1,,,30.42,,,,,,,,,,,,,
In home  (w/display),Temp & Humidity Sensor,2020/12/18 9:15 PM,68.1,55.0,51.3,67.2,,,30.42,,,,,,,,,,,,,
In home  (w/display),Temp & Humidity Sensor,2020/12/18 9:20 PM,68.0,55.0,51.2,67.1,,,30.42,,,,,,,,,,,,,
In home  (w/display),Temp & Humidity Sensor,2020/12/18 9:25 PM,68.0,55.0,51.2,67.1,,,30.42,,,,,,,,,,,,,
In home  (w/display),Temp & Humidity Sensor,2020/12/18 9:30 PM,68.1,55.0,51.3,67.2,,,30.42,,,,,,,,,,,,,
In home  (w/display),Temp & Humidity Sensor,2020/12/18 9:35 PM,68.1,55.0,51.3,67.2,,,30.43,,,,,,,,,,,,,
In home  (w/display),Temp & Humidity Sensor,2020/12/18 9:40 PM,68.1,55.0,51.3,67.2,,,30.43,,,,,,,,,,,,,
In home  (w/display),Temp & Humidity Sensor,2020/12/18 9:45 PM,68.1,55.0,51.3,67.2,,,30.42,,,,,,,,,,,,,
In home  (w/display),Temp & Humidity Sensor,2020/12/18 9:50 PM,68.1,55.0,51.3,67.2,,,30.43,,,,,,,,,,,,,
In home  (w/display),Temp & Humidity Sensor,2020/12/18 9:55 PM,68.1,55.0,51.3,67.2,,,30.43,,,,,,,,,,,,,
In home  (w/display),Temp & Humidity Sensor,2020/12/18 10:00 PM,68.1,55.0,51.3,67.2,,,30.43,,,,,,,,,,,,,
In home  (w/display),Temp & Humidity Sensor,2020/12/18 10:05 PM,68.1,55.0,51.3,67.2,,,30.42,,,,,,,,,,,,,
In home  (w/display),Temp & Humidity Sensor,2020/12/18 10:10 PM,68.0,55.0,51.2,67.1,,,30.44,,,,,,,,,,,,,
In home  (w/display),Temp & Humidity Sensor,2020/12/18 10:15 PM,67.8,55.0,51.0,66.9,,,30.44,,,,,,,,,,,,,
In home  (w/display),Temp & Humidity Sensor,2020/12/18 10:20 PM,67.6,55.0,50.8,66.6,,,30.43,,,,,,,,,,,,,
In home  (w/display),Temp & Humidity Sensor,2020/12/18 10:25 PM,67.6,55.0,50.8,66.6,,,30.44,,,,,,,,,,,,,
In home  (w/display),Temp & Humidity Sensor,2020/12/18 10:30 PM,67.6,55.0,50.8,66.6,,,30.44,,,,,,,,,,,,,
In home  (w/display),Temp & Humidity Sensor,2020/12/18 10:35 PM,67.4,55.0,50.7,66.4,,,30.44,,,,,,,,,,,,,
In home  (w/display),Temp & Humidity Sensor,2020/12/18 10:40 PM,67.2,55.0,50.5,66.2,,,30.44,,,,,,,,,,,,,
In home  (w/display),Temp & Humidity Sensor,2020/12/18 10:45 PM,67.2,55.0,50.5,66.2,,,30.44,,,,,,,,,,,,,
In home  (w/display),Temp & Humidity Sensor,2020/12/18 10:50 PM,67.2,55.0,50.5,66.2,,,30.43,,,,,,,,,,,,,
In home  (w/display),Temp & Humidity Sensor,2020/12/18 10:55 PM,67.1,55.0,50.4,66.1,,,30.44,,,,,,,,,,,,,
In home  (w/display),Temp & Humidity Sensor,2020/12/18 11:00 PM,66.9,55.0,50.2,65.9,,,30.44,,,,,,,,,,,,,
In home  (w/display),Temp & Humidity Sensor,2020/12/18 11:05 PM,66.7,55.0,50.0,65.7,,,30.44,,,,,,,,,,,,,
In home  (w/display),Temp & Humidity Sensor,2020/12/18 11:10 PM,66.7,55.0,50.0,65.7,,,30.44,,,,,,,,,,,,,
In home  (w/display),Temp & Humidity Sensor,2020/12/18 11:15 PM,66.3,55.0,49.6,65.2,,,30.44,,,,,,,,,,,,,
In home  (w/display),Temp & Humidity Sensor,2020/12/18 11:20 PM,66.3,55.0,49.6,65.2,,,30.44,,,,,,,,,,,,,
In home  (w/display),Temp & Humidity Sensor,2020/12/18 11:25 PM,66.2,55.0,49.5,65.1,,,30.44,,,,,,,,,,,,,
In home  (w/display),Temp & Humidity Sensor,2020/12/18 11:30 PM,66.0,56.0,49.8,64.9,,,30.45,,,,,,,,,,,,,
In home  (w/display),Temp & Humidity Sensor,2020/12/18 11:35 PM,66.0,56.0,49.8,64.9,,,30.44,,,,,,,,,,,,,
In home  (w/display),Temp & Humidity Sensor,2020/12/18 11:40 PM,65.8,56.0,49.7,64.7,,,30.44,,,,,,,,,,,,,
In home  (w/display),Temp & Humidity Sensor,2020/12/18 11:45 PM,65.8,56.0,49.7,64.7,,,30.44,,,,,,,,,,,,,
In home  (w/display),Temp & Humidity Sensor,2020/12/18 11:50 PM,65.6,56.0,49.5,64.5,,,30.44,,,,,,,,,,,,,
In home  (w/display),Temp & Humidity Sensor,2020/12/18 11:55 PM,65.4,56.0,49.3,64.3,,,30.44,,,,,,,,,,,,,
In home  (w/display),Temp & Humidity Sensor,2020/12/19 12:00 AM,65.4,56.0,49.3,64.3,,,30.44,,,,,,,,,,,,,
In home  (w/display),Temp & Humidity Sensor,2020/12/19 12:05 AM,65.3,56.0,49.2,64.2,,,30.44,,,,,,,,,,,,,
In home  (w/display),Temp & Humidity Sensor,2020/12/19 12:10 AM,65.3,56.0,49.2,64.2,,,30.44,,,,,,,,,,,,,
In home  (w/display),Temp & Humidity Sensor,2020/12/19 12:15 AM,65.3,56.0,49.2,64.2,,,30.44,,,,,,,,,,,,,
In home  (w/display),Temp & Humidity Sensor,2020/12/19 12:20 AM,65.1,56.0,49.0,63.9,,,30.44,,,,,,,,,,,,,
In home  (w/display),Temp & Humidity Sensor,2020/12/19 12:25 AM,64.9,56.0,48.8,63.7,,,30.44,,,,,,,,,,,,,
In home  (w/display),Temp & Humidity Sensor,2020/12/19 12:30 AM,64.9,56.0,48.8,63.7,,,30.44,,,,,,,,,,,,,
In home  (w/display),Temp & Humidity Sensor,2020/12/19 12:35 AM,64.9,56.0,48.8,63.7,,,30.44,,,,,,,,,,,,,
In home  (w/display),Temp & Humidity Sensor,2020/12/19 12:40 AM,64.7,56.0,48.6,63.5,,,30.44,,,,,,,,,,,,,
In home  (w/display),Temp & Humidity Sensor,2020/12/19 12:45 AM,64.5,56.0,48.4,63.3,,,30.44,,,,,,,,,,,,,
In home  (w/display),Temp & Humidity Sensor,2020/12/19 12:50 AM,64.5,56.0,48.4,63.3,,,30.44,,,,,,,,,,,,,
In home  (w/display),Temp & Humidity Sensor,2020/12/19 12:55 AM,64.5,56.0,48.4,63.3,,,30.44,,,,,,,,,,,,,
In home  (w/display),Temp & Humidity Sensor,2020/12/19 1:00 AM,64.4,56.0,48.4,63.2,,,30.43,,,,,,,,,,,,,
In home  (w/display),Temp & Humidity Sensor,2020/12/19 1:05 AM,64.2,56.0,48.2,63.0,,,30.43,,,,,,,,,,,,,
In home  (w/display),Temp & Humidity Sensor,2020/12/19 1:10 AM,64.2,56.0,48.2,63.0,,,30.43,,,,,,,,,,,,,
In home  (w/display),Temp & Humidity Sensor,2020/12/19 1:15 AM,64.2,56.0,48.2,63.0,,,30.43,,,,,,,,,,,,,
In home  (w/display),Temp & Humidity Sensor,2020/12/19 1:20 AM,64.0,56.0,48.0,62.7,,,30.43,,,,,,,,,,,,,
In home  (w/display),Temp & Humidity Sensor,2020/12/19 1:25 AM,64.0,56.0,48.0,62.7,,,30.43,,,,,,,,,,,,,
In home  (w/display),Temp & Humidity Sensor,2020/12/19 1:30 AM,64.0,56.0,48.0,62.7,,,30.43,,,,,,,,,,,,,
In home  (w/display),Temp & Humidity Sensor,2020/12/19 1:35 AM,63.8,56.0,47.8,62.5,,,30.42,,,,,,,,,,,,,
In home  (w/display),Temp & Humidity Sensor,2020/12/19 1:40 AM,63.8,56.0,47.8,62.5,,,30.43,,,,,,,,,,,,,
In home  (w/display),Temp & Humidity Sensor,2020/12/19 1:45 AM,63.6,56.0,47.6,62.3,,,30.42,,,,,,,,,,,,,
In home  (w/display),Temp & Humidity Sensor,2020/12/19 1:50 AM,63.6,56.0,47.6,62.3,,,30.43,,,,,,,,,,,,,
In home  (w/display),Temp & Humidity Sensor,2020/12/19 1:55 AM,63.6,56.0,47.6,62.3,,,30.43,,,,,,,,,,,,,
In home  (w/display),Temp & Humidity Sensor,2020/12/19 2:00 AM,63.5,56.0,47.5,62.2,,,30.43,,,,,,,,,,,,,
In home  (w/display),Temp & Humidity Sensor,2020/12/19 2:05 AM,63.5,56.0,47.5,62.2,,,30.44,,,,,,,,,,,,,
In home  (w/display),Temp & Humidity Sensor,2020/12/19 2:10 AM,63.5,56.0,47.5,62.2,,,30.44,,,,,,,,,,,,,
In home  (w/display),Temp & Humidity Sensor,2020/12/19 2:15 AM,63.3,57.0,47.8,62.0,,,30.44,,,,,,,,,,,,,
In home  (w/display),Temp & Humidity Sensor,2020/12/19 2:20 AM,63.3,57.0,47.8,62.0,,,30.44,,,,,,,,,,,,,
In home  (w/display),Temp & Humidity Sensor,2020/12/19 2:25 AM,63.3,57.0,47.8,62.0,,,30.44,,,,,,,,,,,,,
In home  (w/display),Temp & Humidity Sensor,2020/12/19 2:30 AM,63.1,57.0,47.6,61.8,,,30.44,,,,,,,,,,,,,
In home  (w/display),Temp & Humidity Sensor,2020/12/19 2:35 AM,63.1,57.0,47.6,61.8,,,30.44,,,,,,,,,,,,,
In home  (w/display),Temp & Humidity Sensor,2020/12/19 2:40 AM,63.1,57.0,47.6,61.8,,,30.44,,,,,,,,,,,,,
In home  (w/display),Temp & Humidity Sensor,2020/12/19 2:45 AM,62.9,57.0,47.4,61.6,,,30.45,,,,,,,,,,,,,
In home  (w/display),Temp & Humidity Sensor,2020/12/19 2:50 AM,62.9,57.0,47.4,61.6,,,30.45,,,,,,,,,,,,,
In home  (w/display),Temp & Humidity Sensor,2020/12/19 2:55 AM,62.7,57.0,47.2,61.3,,,30.45,,,,,,,,,,,,,
In home  (w/display),Temp & Humidity Sensor,2020/12/19 3:00 AM,62.7,57.0,47.2,61.3,,,30.45,,,,,,,,,,,,,
In home  (w/display),Temp & Humidity Sensor,2020/12/19 3:05 AM,62.7,57.0,47.2,61.3,,,30.45,,,,,,,,,,,,,
In home  (w/display),Temp & Humidity Sensor,2020/12/19 3:10 AM,62.7,57.0,47.2,61.3,,,30.45,,,,,,,,,,,,,
In home  (w/display),Temp & Humidity Sensor,2020/12/19 3:15 AM,62.6,57.0,47.1,61.2,,,30.45,,,,,,,,,,,,,
In home  (w/display),Temp & Humidity Sensor,2020/12/19 3:20 AM,62.6,56.0,46.7,61.2,,,30.45,,,,,,,,,,,,,
In home  (w/display),Temp & Humidity Sensor,2020/12/19 3:25 AM,62.4,56.0,46.5,61.0,,,30.45,,,,,,,,,,,,,
In home  (w/display),Temp & Humidity Sensor,2020/12/19 3:30 AM,62.4,56.0,46.5,61.0,,,30.45,,,,,,,,,,,,,
In home  (w/display),Temp & Humidity Sensor,2020/12/19 3:35 AM,62.4,56.0,46.5,61.0,,,30.45,,,,,,,,,,,,,
In home  (w/display),Temp & Humidity Sensor,2020/12/19 3:40 AM,62.2,56.0,46.3,60.8,,,30.45,,,,,,,,,,,,,
In home  (w/display),Temp & Humidity Sensor,2020/12/19 3:45 AM,62.2,56.0,46.3,60.8,,,30.45,,,,,,,,,,,,,
In home  (w/display),Temp & Humidity Sensor,2020/12/19 3:50 AM,62.2,56.0,46.3,60.8,,,30.45,,,,,,,,,,,,,
In home  (w/display),Temp & Humidity Sensor,2020/12/19 3:55 AM,62.2,56.0,46.3,60.8,,,30.45,,,,,,,,,,,,,
In home  (w/display),Temp & Humidity Sensor,2020/12/19 4:00 AM,62.2,56.0,46.3,60.8,,,30.46,,,,,,,,,,,,,
In home  (w/display),Temp & Humidity Sensor,2020/12/19 4:05 AM,62.0,56.0,46.1,60.5,,,30.46,,,,,,,,,,,,,
In home  (w/display),Temp & Humidity Sensor,2020/12/19 4:10 AM,61.8,56.0,45.9,60.3,,,30.45,,,,,,,,,,,,,
In home  (w/display),Temp & Humidity Sensor,2020/12/19 4:15 AM,61.8,56.0,45.9,60.3,,,30.45,,,,,,,,,,,,,
In home  (w/display),Temp & Humidity Sensor,2020/12/19 4:20 AM,61.8,56.0,45.9,60.3,,,30.45,,,,,,,,,,,,,
In home  (w/display),Temp & Humidity Sensor,2020/12/19 4:25 AM,62.2,56.0,46.3,60.8,,,30.45,,,,,,,,,,,,,
In home  (w/display),Temp & Humidity Sensor,2020/12/19 4:30 AM,62.4,56.0,46.5,61.0,,,30.44,,,,,,,,,,,,,
In home  (w/display),Temp & Humidity Sensor,2020/12/19 4:35 AM,62.7,56.0,46.8,61.3,,,30.44,,,,,,,,,,,,,
In home  (w/display),Temp & Humidity Sensor,2020/12/19 4:40 AM,62.9,56.0,47.0,61.5,,,30.45,,,,,,,,,,,,,
In home  (w/display),Temp & Humidity Sensor,2020/12/19 4:45 AM,62.9,56.0,47.0,61.5,,,30.44,,,,,,,,,,,,,
In home  (w/display),Temp & Humidity Sensor,2020/12/19 4:50 AM,63.1,56.0,47.1,61.7,,,30.44,,,,,,,,,,,,,
In home  (w/display),Temp & Humidity Sensor,2020/12/19 4:55 AM,63.5,55.0,47.0,62.1,,,30.44,,,,,,,,,,,,,
In home  (w/display),Temp & Humidity Sensor,2020/12/19 5:00 AM,63.5,55.0,47.0,62.1,,,30.44,,,,,,,,,,,,,
In home  (w/display),Temp & Humidity Sensor,2020/12/19 5:05 AM,63.6,55.0,47.1,62.2,,,30.44,,,,,,,,,,,,,
In home  (w/display),Temp & Humidity Sensor,2020/12/19 5:10 AM,64.0,55.0,47.5,62.7,,,30.44,,,,,,,,,,,,,
In home  (w/display),Temp & Humidity Sensor,2020/12/19 5:15 AM,64.0,55.0,47.5,62.7,,,30.44,,,,,,,,,,,,,
In home  (w/display),Temp & Humidity Sensor,2020/12/19 5:20 AM,64.0,55.0,47.5,62.7,,,30.45,,,,,,,,,,,,,
In home  (w/display),Temp & Humidity Sensor,2020/12/19 5:25 AM,64.2,55.0,47.7,62.9,,,30.45,,,,,,,,,,,,,
In home  (w/display),Temp & Humidity Sensor,2020/12/19 5:30 AM,64.2,55.0,47.7,62.9,,,30.45,,,,,,,,,,,,,
In home  (w/display),Temp & Humidity Sensor,2020/12/19 5:35 AM,64.2,55.0,47.7,62.9,,,30.45,,,,,,,,,,,,,
In home  (w/display),Temp & Humidity Sensor,2020/12/19 5:40 AM,64.2,55.0,47.7,62.9,,,30.45,,,,,,,,,,,,,
In home  (w/display),Temp & Humidity Sensor,2020/12/19 5:45 AM,64.2,55.0,47.7,62.9,,,30.45,,,,,,,,,,,,,
In home  (w/display),Temp & Humidity Sensor,2020/12/19 5:50 AM,64.2,54.0,47.2,62.9,,,30.45,,,,,,,,,,,,,
In home  (w/display),Temp & Humidity Sensor,2020/12/19 5:55 AM,64.2,55.0,47.7,62.9,,,30.45,,,,,,,,,,,,,
In home  (w/display),Temp & Humidity Sensor,2020/12/19 6:05 AM,64.5,55.0,48.0,63.2,,,30.45,,,,,,,,,,,,,
In home  (w/display),Temp & Humidity Sensor,2020/12/19 6:10 AM,64.5,55.0,48.0,63.2,,,30.45,,,,,,,,,,,,,
In home  (w/display),Temp & Humidity Sensor,2020/12/19 6:15 AM,64.9,54.0,47.9,63.6,,,30.45,,,,,,,,,,,,,
In home  (w/display),Temp & Humidity Sensor,2020/12/19 6:20 AM,64.9,54.0,47.9,63.6,,,30.45,,,,,,,,,,,,,
In home  (w/display),Temp & Humidity Sensor,2020/12/19 6:25 AM,65.1,54.0,48.0,63.8,,,30.45,,,,,,,,,,,,,
In home  (w/display),Temp & Humidity Sensor,2020/12/19 6:30 AM,65.3,54.0,48.2,64.1,,,30.45,,,,,,,,,,,,,
In home  (w/display),Temp & Humidity Sensor,2020/12/19 6:35 AM,65.4,54.0,48.3,64.2,,,30.45,,,,,,,,,,,,,
In home  (w/display),Temp & Humidity Sensor,2020/12/19 6:40 AM,65.4,54.0,48.3,64.2,,,30.44,,,,,,,,,,,,,
In home  (w/display),Temp & Humidity Sensor,2020/12/19 6:45 AM,65.6,54.0,48.5,64.4,,,30.45,,,,,,,,,,,,,
In home  (w/display),Temp & Humidity Sensor,2020/12/19 6:50 AM,65.8,54.0,48.7,64.6,,,30.45,,,,,,,,,,,,,
In home  (w/display),Temp & Humidity Sensor,2020/12/19 6:55 AM,66.0,54.0,48.9,64.8,,,30.45,,,,,,,,,,,,,
In home  (w/display),Temp & Humidity Sensor,2020/12/19 7:00 AM,66.0,54.0,48.9,64.8,,,30.45,,,,,,,,,,,,,
In home  (w/display),Temp & Humidity Sensor,2020/12/19 7:05 AM,66.2,53.0,48.6,65.0,,,30.45,,,,,,,,,,,,,
In home  (w/display),Temp & Humidity Sensor,2020/12/19 7:10 AM,66.5,53.0,48.8,65.3,,,30.46,,,,,,,,,,,,,
In home  (w/display),Temp & Humidity Sensor,2020/12/19 7:15 AM,66.7,53.0,49.0,65.6,,,30.46,,,,,,,,,,,,,
In home  (w/display),Temp & Humidity Sensor,2020/12/19 7:20 AM,67.1,53.0,49.4,66.0,,,30.46,,,,,,,,,,,,,
In home  (w/display),Temp & Humidity Sensor,2020/12/19 7:25 AM,67.2,53.0,49.5,66.1,,,30.46,,,,,,,,,,,,,
In home  (w/display),Temp & Humidity Sensor,2020/12/19 7:30 AM,67.1,53.0,49.4,66.0,,,30.46,,,,,,,,,,,,,
In home  (w/display),Temp & Humidity Sensor,2020/12/19 7:35 AM,66.7,53.0,49.0,65.6,,,30.46,,,,,,,,,,,,,
In home  (w/display),Temp & Humidity Sensor,2020/12/19 7:40 AM,66.7,53.0,49.0,65.6,,,30.46,,,,,,,,,,,,,
In home  (w/display),Temp & Humidity Sensor,2020/12/19 7:45 AM,66.7,53.0,49.0,65.6,,,30.46,,,,,,,,,,,,,
In home  (w/display),Temp & Humidity Sensor,2020/12/19 7:50 AM,66.7,53.0,49.0,65.6,,,30.46,,,,,,,,,,,,,
In home  (w/display),Temp & Humidity Sensor,2020/12/19 7:55 AM,66.7,53.0,49.0,65.6,,,30.46,,,,,,,,,,,,,
In home  (w/display),Temp & Humidity Sensor,2020/12/19 8:00 AM,66.9,53.0,49.2,65.8,,,30.46,,,,,,,,,,,,,
In home  (w/display),Temp & Humidity Sensor,2020/12/19 8:05 AM,66.7,53.0,49.0,65.6,,,30.46,,,,,,,,,,,,,
In home  (w/display),Temp & Humidity Sensor,2020/12/19 8:10 AM,66.5,53.0,48.8,65.3,,,30.45,,,,,,,,,,,,,
In home  (w/display),Temp & Humidity Sensor,2020/12/19 8:15 AM,66.3,53.0,48.6,65.1,,,30.46,,,,,,,,,,,,,
In home  (w/display),Temp & Humidity Sensor,2020/12/19 8:20 AM,66.3,53.0,48.6,65.1,,,30.45,,,,,,,,,,,,,
In home  (w/display),Temp & Humidity Sensor,2020/12/19 8:25 AM,66.3,53.0,48.6,65.1,,,30.45,,,,,,,,,,,,,
In home  (w/display),Temp & Humidity Sensor,2020/12/19 8:30 AM,66.3,53.0,48.6,65.1,,,30.45,,,,,,,,,,,,,
In home  (w/display),Temp & Humidity Sensor,2020/12/19 8:35 AM,66.5,53.0,48.8,65.3,,,30.46,,,,,,,,,,,,,
In home  (w/display),Temp & Humidity Sensor,2020/12/19 8:40 AM,66.7,53.0,49.0,65.6,,,30.46,,,,,,,,,,,,,
In home  (w/display),Temp & Humidity Sensor,2020/12/19 8:45 AM,66.5,53.0,48.8,65.3,,,30.46,,,,,,,,,,,,,
In home  (w/display),Temp & Humidity Sensor,2020/12/19 8:50 AM,66.3,53.0,48.6,65.1,,,30.46,,,,,,,,,,,,,
In home  (w/display),Temp & Humidity Sensor,2020/12/19 8:55 AM,66.3,53.0,48.6,65.1,,,30.46,,,,,,,,,,,,,
In home  (w/display),Temp & Humidity Sensor,2020/12/19 9:00 AM,66.5,53.0,48.8,65.3,,,30.46,,,,,,,,,,,,,
In home  (w/display),Temp & Humidity Sensor,2020/12/19 9:05 AM,66.7,53.0,49.0,65.6,,,30.46,,,,,,,,,,,,,
In home  (w/display),Temp & Humidity Sensor,2020/12/19 9:10 AM,66.9,53.0,49.2,65.8,,,30.47,,,,,,,,,,,,,
In home  (w/display),Temp & Humidity Sensor,2020/12/19 9:15 AM,66.9,53.0,49.2,65.8,,,30.46,,,,,,,,,,,,,
In home  (w/display),Temp & Humidity Sensor,2020/12/19 9:20 AM,66.7,53.0,49.0,65.6,,,30.47,,,,,,,,,,,,,
In home  (w/display),Temp & Humidity Sensor,2020/12/19 9:25 AM,66.7,53.0,49.0,65.6,,,30.46,,,,,,,,,,,,,
In home  (w/display),Temp & Humidity Sensor,2020/12/19 9:30 AM,66.7,53.0,49.0,65.6,,,30.46,,,,,,,,,,,,,
In home  (w/display),Temp & Humidity Sensor,2020/12/19 9:35 AM,66.9,53.0,49.2,65.8,,,30.47,,,,,,,,,,,,,
In home  (w/display),Temp & Humidity Sensor,2020/12/19 9:40 AM,66.9,53.0,49.2,65.8,,,30.47,,,,,,,,,,,,,
In home  (w/display),Temp & Humidity Sensor,2020/12/19 9:45 AM,66.9,53.0,49.2,65.8,,,30.47,,,,,,,,,,,,,
In home  (w/display),Temp & Humidity Sensor,2020/12/19 9:50 AM,66.7,53.0,49.0,65.6,,,30.47,,,,,,,,,,,,,
In home  (w/display),Temp & Humidity Sensor,2020/12/19 9:55 AM,66.7,53.0,49.0,65.6,,,30.47,,,,,,,,,,,,,
In home  (w/display),Temp & Humidity Sensor,2020/12/19 10:00 AM,66.9,53.0,49.2,65.8,,,30.47,,,,,,,,,,,,,
In home  (w/display),Temp & Humidity Sensor,2020/12/19 10:05 AM,67.1,53.0,49.4,66.0,,,30.47,,,,,,,,,,,,,
In home  (w/display),Temp & Humidity Sensor,2020/12/19 10:10 AM,67.1,53.0,49.4,66.0,,,30.47,,,,,,,,,,,,,
In home  (w/display),Temp & Humidity Sensor,2020/12/19 10:15 AM,66.9,53.0,49.2,65.8,,,30.47,,,,,,,,,,,,,
In home  (w/display),Temp & Humidity Sensor,2020/12/19 10:20 AM,66.9,53.0,49.2,65.8,,,30.47,,,,,,,,,,,,,
In home  (w/display),Temp & Humidity Sensor,2020/12/19 10:25 AM,67.1,53.0,49.4,66.0,,,30.46,,,,,,,,,,,,,
In home  (w/display),Temp & Humidity Sensor,2020/12/19 10:30 AM,67.2,53.0,49.5,66.1,,,30.46,,,,,,,,,,,,,
In home  (w/display),Temp & Humidity Sensor,2020/12/19 10:35 AM,67.1,53.0,49.4,66.0,,,30.46,,,,,,,,,,,,,
In home  (w/display),Temp & Humidity Sensor,2020/12/19 10:40 AM,67.1,53.0,49.4,66.0,,,30.46,,,,,,,,,,,,,
In home  (w/display),Temp & Humidity Sensor,2020/12/19 10:45 AM,67.2,53.0,49.5,66.1,,,30.46,,,,,,,,,,,,,
In home  (w/display),Temp & Humidity Sensor,2020/12/19 10:50 AM,67.4,53.0,49.7,66.3,,,30.46,,,,,,,,,,,,,
In home  (w/display),Temp & Humidity Sensor,2020/12/19 10:55 AM,67.2,53.0,49.5,66.1,,,30.46,,,,,,,,,,,,,
In home  (w/display),Temp & Humidity Sensor,2020/12/19 11:00 AM,67.2,53.0,49.5,66.1,,,30.45,,,,,,,,,,,,,
In home  (w/display),Temp & Humidity Sensor,2020/12/19 11:05 AM,67.2,53.0,49.5,66.1,,,30.45,,,,,,,,,,,,,
In home  (w/display),Temp & Humidity Sensor,2020/12/19 11:10 AM,67.4,53.0,49.7,66.3,,,30.45,,,,,,,,,,,,,
In home  (w/display),Temp & Humidity Sensor,2020/12/19 11:15 AM,67.6,53.0,49.9,66.6,,,30.45,,,,,,,,,,,,,
In home  (w/display),Temp & Humidity Sensor,2020/12/19 11:20 AM,67.4,53.0,49.7,66.3,,,30.44,,,,,,,,,,,,,
In home  (w/display),Temp & Humidity Sensor,2020/12/19 11:25 AM,67.2,53.0,49.5,66.1,,,30.44,,,,,,,,,,,,,
In home  (w/display),Temp & Humidity Sensor,2020/12/19 11:30 AM,67.2,53.0,49.5,66.1,,,30.44,,,,,,,,,,,,,
In home  (w/display),Temp & Humidity Sensor,2020/12/19 11:35 AM,67.2,53.0,49.5,66.1,,,30.44,,,,,,,,,,,,,
In home  (w/display),Temp & Humidity Sensor,2020/12/19 11:40 AM,67.2,53.0,49.5,66.1,,,30.43,,,,,,,,,,,,,
In home  (w/display),Temp & Humidity Sensor,2020/12/19 11:45 AM,67.1,53.0,49.4,66.0,,,30.43,,,,,,,,,,,,,
In home  (w/display),Temp & Humidity Sensor,2020/12/19 11:50 AM,67.1,53.0,49.4,66.0,,,30.42,,,,,,,,,,,,,
In home  (w/display),Temp & Humidity Sensor,2020/12/19 11:55 AM,67.1,53.0,49.4,66.0,,,30.42,,,,,,,,,,,,,
In home  (w/display),Temp & Humidity Sensor,2020/12/19 12:00 PM,67.2,53.0,49.5,66.1,,,30.42,,,,,,,,,,,,,
In home  (w/display),Temp & Humidity Sensor,2020/12/19 12:05 PM,67.1,53.0,49.4,66.0,,,30.42,,,,,,,,,,,,,
In home  (w/display),Temp & Humidity Sensor,2020/12/19 12:10 PM,67.1,53.0,49.4,66.0,,,30.42,,,,,,,,,,,,,
In home  (w/display),Temp & Humidity Sensor,2020/12/19 12:15 PM,67.1,53.0,49.4,66.0,,,30.41,,,,,,,,,,,,,
In home  (w/display),Temp & Humidity Sensor,2020/12/19 12:20 PM,67.2,53.0,49.5,66.1,,,30.41,,,,,,,,,,,,,
In home  (w/display),Temp & Humidity Sensor,2020/12/19 12:25 PM,67.2,53.0,49.5,66.1,,,30.41,,,,,,,,,,,,,
In home  (w/display),Temp & Humidity Sensor,2020/12/19 12:30 PM,66.9,53.0,49.2,65.8,,,30.41,,,,,,,,,,,,,
In home  (w/display),Temp & Humidity Sensor,2020/12/19 12:35 PM,66.9,53.0,49.2,65.8,,,30.41,,,,,,,,,,,,,
In home  (w/display),Temp & Humidity Sensor,2020/12/19 12:40 PM,67.1,53.0,49.4,66.0,,,30.41,,,,,,,,,,,,,
In home  (w/display),Temp & Humidity Sensor,2020/12/19 12:45 PM,67.1,53.0,49.4,66.0,,,30.41,,,,,,,,,,,,,
In home  (w/display),Temp & Humidity Sensor,2020/12/19 12:50 PM,66.9,53.0,49.2,65.8,,,30.4,,,,,,,,,,,,,
In home  (w/display),Temp & Humidity Sensor,2020/12/19 12:55 PM,66.7,53.0,49.0,65.6,,,30.4,,,,,,,,,,,,,
In home  (w/display),Temp & Humidity Sensor,2020/12/19 1:00 PM,66.9,53.0,49.2,65.8,,,30.39,,,,,,,,,,,,,
In home  (w/display),Temp & Humidity Sensor,2020/12/19 1:05 PM,67.1,53.0,49.4,66.0,,,30.39,,,,,,,,,,,,,
In home  (w/display),Temp & Humidity Sensor,2020/12/19 1:10 PM,66.9,53.0,49.2,65.8,,,30.39,,,,,,,,,,,,,
In home  (w/display),Temp & Humidity Sensor,2020/12/19 1:15 PM,66.7,53.0,49.0,65.6,,,30.39,,,,,,,,,,,,,
In home  (w/display),Temp & Humidity Sensor,2020/12/19 1:20 PM,66.7,53.0,49.0,65.6,,,30.39,,,,,,,,,,,,,
In home  (w/display),Temp & Humidity Sensor,2020/12/19 1:25 PM,66.7,53.0,49.0,65.6,,,30.38,,,,,,,,,,,,,
In home  (w/display),Temp & Humidity Sensor,2020/12/19 1:30 PM,67.1,53.0,49.4,66.0,,,30.37,,,,,,,,,,,,,
In home  (w/display),Temp & Humidity Sensor,2020/12/19 1:35 PM,66.9,53.0,49.2,65.8,,,30.37,,,,,,,,,,,,,
In home  (w/display),Temp & Humidity Sensor,2020/12/19 1:40 PM,66.7,53.0,49.0,65.6,,,30.37,,,,,,,,,,,,,
In home  (w/display),Temp & Humidity Sensor,2020/12/19 1:45 PM,66.7,53.0,49.0,65.6,,,30.37,,,,,,,,,,,,,
In home  (w/display),Temp & Humidity Sensor,2020/12/19 1:50 PM,66.7,53.0,49.0,65.6,,,30.37,,,,,,,,,,,,,
In home  (w/display),Temp & Humidity Sensor,2020/12/19 1:55 PM,66.9,53.0,49.2,65.8,,,30.37,,,,,,,,,,,,,
In home  (w/display),Temp & Humidity Sensor,2020/12/19 2:00 PM,66.7,53.0,49.0,65.6,,,30.37,,,,,,,,,,,,,
In home  (w/display),Temp & Humidity Sensor,2020/12/19 2:05 PM,66.7,53.0,49.0,65.6,,,30.37,,,,,,,,,,,,,
In home  (w/display),Temp & Humidity Sensor,2020/12/19 2:10 PM,66.5,53.0,48.8,65.3,,,30.36,,,,,,,,,,,,,
In home  (w/display),Temp & Humidity Sensor,2020/12/19 2:15 PM,66.7,53.0,49.0,65.6,,,30.36,,,,,,,,,,,,,
In home  (w/display),Temp & Humidity Sensor,2020/12/19 2:20 PM,66.9,53.0,49.2,65.8,,,30.36,,,,,,,,,,,,,
In home  (w/display),Temp & Humidity Sensor,2020/12/19 2:25 PM,66.7,53.0,49.0,65.6,,,30.35,,,,,,,,,,,,,
In home  (w/display),Temp & Humidity Sensor,2020/12/19 2:30 PM,66.7,53.0,49.0,65.6,,,30.35,,,,,,,,,,,,,
In home  (w/display),Temp & Humidity Sensor,2020/12/19 2:35 PM,66.5,53.0,48.8,65.3,,,30.35,,,,,,,,,,,,,
In home  (w/display),Temp & Humidity Sensor,2020/12/19 2:40 PM,66.7,53.0,49.0,65.6,,,30.35,,,,,,,,,,,,,
In home  (w/display),Temp & Humidity Sensor,2020/12/19 2:45 PM,66.9,53.0,49.2,65.8,,,30.34,,,,,,,,,,,,,
In home  (w/display),Temp & Humidity Sensor,2020/12/19 2:50 PM,66.7,53.0,49.0,65.6,,,30.35,,,,,,,,,,,,,
In home  (w/display),Temp & Humidity Sensor,2020/12/19 2:55 PM,66.7,53.0,49.0,65.6,,,30.35,,,,,,,,,,,,,
In home  (w/display),Temp & Humidity Sensor,2020/12/19 3:00 PM,66.5,53.0,48.8,65.3,,,30.35,,,,,,,,,,,,,
In home  (w/display),Temp & Humidity Sensor,2020/12/19 3:05 PM,66.5,53.0,48.8,65.3,,,30.35,,,,,,,,,,,,,
In home  (w/display),Temp & Humidity Sensor,2020/12/19 3:10 PM,66.7,53.0,49.0,65.6,,,30.34,,,,,,,,,,,,,
In home  (w/display),Temp & Humidity Sensor,2020/12/19 3:15 PM,66.9,53.0,49.2,65.8,,,30.35,,,,,,,,,,,,,
In home  (w/display),Temp & Humidity Sensor,2020/12/19 3:20 PM,66.7,53.0,49.0,65.6,,,30.34,,,,,,,,,,,,,
In home  (w/display),Temp & Humidity Sensor,2020/12/19 3:25 PM,66.5,53.0,48.8,65.3,,,30.34,,,,,,,,,,,,,
In home  (w/display),Temp & Humidity Sensor,2020/12/19 3:30 PM,66.3,53.0,48.6,65.1,,,30.34,,,,,,,,,,,,,
In home  (w/display),Temp & Humidity Sensor,2020/12/19 3:35 PM,66.5,53.0,48.8,65.3,,,30.34,,,,,,,,,,,,,
In home  (w/display),Temp & Humidity Sensor,2020/12/19 3:40 PM,66.5,53.0,48.8,65.3,,,30.34,,,,,,,,,,,,,
In home  (w/display),Temp & Humidity Sensor,2020/12/19 3:45 PM,66.5,53.0,48.8,65.3,,,30.34,,,,,,,,,,,,,
In home  (w/display),Temp & Humidity Sensor,2020/12/19 3:50 PM,66.3,53.0,48.6,65.1,,,30.34,,,,,,,,,,,,,
In home  (w/display),Temp & Humidity Sensor,2020/12/19 3:55 PM,66.3,53.0,48.6,65.1,,,30.35,,,,,,,,,,,,,
In home  (w/display),Temp & Humidity Sensor,2020/12/19 4:00 PM,66.2,53.0,48.6,65.0,,,30.35,,,,,,,,,,,,,
In home  (w/display),Temp & Humidity Sensor,2020/12/19 4:05 PM,66.2,53.0,48.6,65.0,,,30.35,,,,,,,,,,,,,
In home  (w/display),Temp & Humidity Sensor,2020/12/19 4:10 PM,66.3,53.0,48.6,65.1,,,30.34,,,,,,,,,,,,,
In home  (w/display),Temp & Humidity Sensor,2020/12/19 4:15 PM,66.3,53.0,48.6,65.1,,,30.34,,,,,,,,,,,,,
In home  (w/display),Temp & Humidity Sensor,2020/12/19 4:20 PM,66.2,53.0,48.6,65.0,,,30.34,,,,,,,,,,,,,
In home  (w/display),Temp & Humidity Sensor,2020/12/19 4:25 PM,66.0,54.0,48.9,64.8,,,30.34,,,,,,,,,,,,,
In home  (w/display),Temp & Humidity Sensor,2020/12/19 4:30 PM,66.0,54.0,48.9,64.8,,,30.34,,,,,,,,,,,,,
In home  (w/display),Temp & Humidity Sensor,2020/12/19 4:35 PM,66.0,54.0,48.9,64.8,,,30.34,,,,,,,,,,,,,
In home  (w/display),Temp & Humidity Sensor,2020/12/19 4:40 PM,66.2,53.0,48.6,65.0,,,30.34,,,,,,,,,,,,,
In home  (w/display),Temp & Humidity Sensor,2020/12/19 4:45 PM,66.2,53.0,48.6,65.0,,,30.34,,,,,,,,,,,,,
In home  (w/display),Temp & Humidity Sensor,2020/12/19 4:50 PM,66.0,54.0,48.9,64.8,,,30.34,,,,,,,,,,,,,
In home  (w/display),Temp & Humidity Sensor,2020/12/19 4:55 PM,66.0,54.0,48.9,64.8,,,30.34,,,,,,,,,,,,,
In home  (w/display),Temp & Humidity Sensor,2020/12/19 5:00 PM,66.0,54.0,48.9,64.8,,,30.34,,,,,,,,,,,,,
In home  (w/display),Temp & Humidity Sensor,2020/12/19 5:05 PM,66.0,54.0,48.9,64.8,,,30.33,,,,,,,,,,,,,
In home  (w/display),Temp & Humidity Sensor,2020/12/19 5:10 PM,66.2,53.0,48.6,65.0,,,30.33,,,,,,,,,,,,,
In home  (w/display),Temp & Humidity Sensor,2020/12/19 5:20 PM,66.2,53.0,48.6,65.0,,,30.33,,,,,,,,,,,,,
In home  (w/display),Temp & Humidity Sensor,2020/12/19 5:25 PM,66.0,54.0,48.9,64.8,,,30.33,,,,,,,,,,,,,
In home  (w/display),Temp & Humidity Sensor,2020/12/19 5:30 PM,66.0,54.0,48.9,64.8,,,30.33,,,,,,,,,,,,,
In home  (w/display),Temp & Humidity Sensor,2020/12/19 5:35 PM,66.0,54.0,48.9,64.8,,,30.32,,,,,,,,,,,,,
In home  (w/display),Temp & Humidity Sensor,2020/12/19 5:40 PM,66.2,53.0,48.6,65.0,,,30.33,,,,,,,,,,,,,
In home  (w/display),Temp & Humidity Sensor,2020/12/19 5:45 PM,66.3,53.0,48.6,65.1,,,30.32,,,,,,,,,,,,,
In home  (w/display),Temp & Humidity Sensor,2020/12/19 5:50 PM,66.3,53.0,48.6,65.1,,,30.32,,,,,,,,,,,,,
In home  (w/display),Temp & Humidity Sensor,2020/12/19 5:55 PM,66.2,53.0,48.6,65.0,,,30.32,,,,,,,,,,,,,
In home  (w/display),Temp & Humidity Sensor,2020/12/19 6:00 PM,66.2,53.0,48.6,65.0,,,30.32,,,,,,,,,,,,,
In home  (w/display),Temp & Humidity Sensor,2020/12/19 6:05 PM,66.0,54.0,48.9,64.8,,,30.32,,,,,,,,,,,,,
In home  (w/display),Temp & Humidity Sensor,2020/12/19 6:10 PM,66.2,53.0,48.6,65.0,,,30.31,,,,,,,,,,,,,
In home  (w/display),Temp & Humidity Sensor,2020/12/19 6:15 PM,66.3,53.0,48.6,65.1,,,30.32,,,,,,,,,,,,,
In home  (w/display),Temp & Humidity Sensor,2020/12/19 6:20 PM,66.2,53.0,48.6,65.0,,,30.32,,,,,,,,,,,,,
In home  (w/display),Temp & Humidity Sensor,2020/12/19 6:25 PM,66.2,53.0,48.6,65.0,,,30.32,,,,,,,,,,,,,
In home  (w/display),Temp & Humidity Sensor,2020/12/19 6:30 PM,66.2,53.0,48.6,65.0,,,30.32,,,,,,,,,,,,,
In home  (w/display),Temp & Humidity Sensor,2020/12/19 6:35 PM,66.2,53.0,48.6,65.0,,,30.31,,,,,,,,,,,,,
In home  (w/display),Temp & Humidity Sensor,2020/12/19 6:40 PM,66.3,53.0,48.6,65.1,,,30.32,,,,,,,,,,,,,
In home  (w/display),Temp & Humidity Sensor,2020/12/19 6:45 PM,66.9,53.0,49.2,65.8,,,30.32,,,,,,,,,,,,,
In home  (w/display),Temp & Humidity Sensor,2020/12/19 6:50 PM,67.2,53.0,49.5,66.1,,,30.31,,,,,,,,,,,,,
In home  (w/display),Temp & Humidity Sensor,2020/12/19 6:55 PM,67.4,53.0,49.7,66.3,,,30.32,,,,,,,,,,,,,
In home  (w/display),Temp & Humidity Sensor,2020/12/19 7:00 PM,67.2,53.0,49.5,66.1,,,30.32,,,,,,,,,,,,,
In home  (w/display),Temp & Humidity Sensor,2020/12/19 7:05 PM,67.2,53.0,49.5,66.1,,,30.31,,,,,,,,,,,,,
In home  (w/display),Temp & Humidity Sensor,2020/12/19 7:10 PM,67.2,53.0,49.5,66.1,,,30.32,,,,,,,,,,,,,
In home  (w/display),Temp & Humidity Sensor,2020/12/19 7:15 PM,67.6,53.0,49.9,66.6,,,30.32,,,,,,,,,,,,,
In home  (w/display),Temp & Humidity Sensor,2020/12/19 7:20 PM,67.6,53.0,49.9,66.6,,,30.32,,,,,,,,,,,,,
In home  (w/display),Temp & Humidity Sensor,2020/12/19 7:25 PM,67.4,53.0,49.7,66.3,,,30.32,,,,,,,,,,,,,
In home  (w/display),Temp & Humidity Sensor,2020/12/19 7:30 PM,67.2,53.0,49.5,66.1,,,30.32,,,,,,,,,,,,,
In home  (w/display),Temp & Humidity Sensor,2020/12/19 7:35 PM,67.4,53.0,49.7,66.3,,,30.32,,,,,,,,,,,,,
In home  (w/display),Temp & Humidity Sensor,2020/12/19 7:40 PM,67.6,53.0,49.9,66.6,,,30.32,,,,,,,,,,,,,
In home  (w/display),Temp & Humidity Sensor,2020/12/19 7:45 PM,67.6,53.0,49.9,66.6,,,30.32,,,,,,,,,,,,,
In home  (w/display),Temp & Humidity Sensor,2020/12/19 7:50 PM,67.4,53.0,49.7,66.3,,,30.32,,,,,,,,,,,,,
In home  (w/display),Temp & Humidity Sensor,2020/12/19 7:55 PM,67.6,53.0,49.9,66.6,,,30.33,,,,,,,,,,,,,
In home  (w/display),Temp & Humidity Sensor,2020/12/19 8:00 PM,67.8,54.0,50.5,66.8,,,30.33,,,,,,,,,,,,,
In home  (w/display),Temp & Humidity Sensor,2020/12/19 8:05 PM,67.8,54.0,50.5,66.8,,,30.33,,,,,,,,,,,,,
In home  (w/display),Temp & Humidity Sensor,2020/12/19 8:10 PM,67.8,54.0,50.5,66.8,,,30.32,,,,,,,,,,,,,
In home  (w/display),Temp & Humidity Sensor,2020/12/19 8:15 PM,67.8,54.0,50.5,66.8,,,30.32,,,,,,,,,,,,,
In home  (w/display),Temp & Humidity Sensor,2020/12/19 8:20 PM,67.8,54.0,50.5,66.8,,,30.32,,,,,,,,,,,,,
In home  (w/display),Temp & Humidity Sensor,2020/12/19 8:25 PM,68.1,54.0,50.8,67.1,,,30.32,,,,,,,,,,,,,
In home  (w/display),Temp & Humidity Sensor,2020/12/19 8:30 PM,68.1,54.0,50.8,67.1,,,30.31,,,,,,,,,,,,,
In home  (w/display),Temp & Humidity Sensor,2020/12/19 8:35 PM,68.0,54.0,50.7,67.0,,,30.31,,,,,,,,,,,,,
In home  (w/display),Temp & Humidity Sensor,2020/12/19 8:40 PM,68.1,54.0,50.8,67.1,,,30.31,,,,,,,,,,,,,
In home  (w/display),Temp & Humidity Sensor,2020/12/19 8:45 PM,68.1,54.0,50.8,67.1,,,30.31,,,,,,,,,,,,,
In home  (w/display),Temp & Humidity Sensor,2020/12/19 8:50 PM,68.1,54.0,50.8,67.1,,,30.31,,,,,,,,,,,,,
In home  (w/display),Temp & Humidity Sensor,2020/12/19 8:55 PM,68.1,54.0,50.8,67.1,,,30.31,,,,,,,,,,,,,
In home  (w/display),Temp & Humidity Sensor,2020/12/19 9:00 PM,68.3,54.0,51.0,67.4,,,30.31,,,,,,,,,,,,,
In home  (w/display),Temp & Humidity Sensor,2020/12/19 9:05 PM,68.5,54.0,51.2,67.6,,,30.3,,,,,,,,,,,,,
In home  (w/display),Temp & Humidity Sensor,2020/12/19 9:10 PM,68.3,54.0,51.0,67.4,,,30.3,,,,,,,,,,,,,
In home  (w/display),Temp & Humidity Sensor,2020/12/19 9:15 PM,68.1,54.0,50.8,67.1,,,30.3,,,,,,,,,,,,,
In home  (w/display),Temp & Humidity Sensor,2020/12/19 9:20 PM,68.1,54.0,50.8,67.1,,,30.3,,,,,,,,,,,,,
In home  (w/display),Temp & Humidity Sensor,2020/12/19 9:25 PM,68.3,54.0,51.0,67.4,,,30.3,,,,,,,,,,,,,
In home  (w/display),Temp & Humidity Sensor,2020/12/19 9:30 PM,68.5,54.0,51.2,67.6,,,30.29,,,,,,,,,,,,,
In home  (w/display),Temp & Humidity Sensor,2020/12/19 9:35 PM,68.1,53.0,50.3,67.1,,,30.29,,,,,,,,,,,,,
In home  (w/display),Temp & Humidity Sensor,2020/12/19 9:40 PM,68.1,53.0,50.3,67.1,,,30.29,,,,,,,,,,,,,
In home  (w/display),Temp & Humidity Sensor,2020/12/19 9:45 PM,68.1,53.0,50.3,67.1,,,30.29,,,,,,,,,,,,,
In home  (w/display),Temp & Humidity Sensor,2020/12/19 9:50 PM,68.3,53.0,50.5,67.3,,,30.29,,,,,,,,,,,,,
In home  (w/display),Temp & Humidity Sensor,2020/12/19 9:55 PM,68.1,53.0,50.3,67.1,,,30.3,,,,,,,,,,,,,
In home  (w/display),Temp & Humidity Sensor,2020/12/19 10:00 PM,68.1,53.0,50.3,67.1,,,30.3,,,,,,,,,,,,,
In home  (w/display),Temp & Humidity Sensor,2020/12/19 10:05 PM,68.0,53.0,50.2,67.0,,,30.3,,,,,,,,,,,,,
In home  (w/display),Temp & Humidity Sensor,2020/12/19 10:10 PM,68.0,53.0,50.2,67.0,,,30.3,,,,,,,,,,,,,
In home  (w/display),Temp & Humidity Sensor,2020/12/19 10:15 PM,67.8,53.0,50.0,66.8,,,30.28,,,,,,,,,,,,,
In home  (w/display),Temp & Humidity Sensor,2020/12/19 10:20 PM,67.8,53.0,50.0,66.8,,,30.29,,,,,,,,,,,,,
In home  (w/display),Temp & Humidity Sensor,2020/12/19 10:25 PM,67.4,53.0,49.7,66.3,,,30.29,,,,,,,,,,,,,
In home  (w/display),Temp & Humidity Sensor,2020/12/19 10:30 PM,67.2,53.0,49.5,66.1,,,30.29,,,,,,,,,,,,,
In home  (w/display),Temp & Humidity Sensor,2020/12/19 10:35 PM,67.2,53.0,49.5,66.1,,,30.28,,,,,,,,,,,,,
In home  (w/display),Temp & Humidity Sensor,2020/12/19 10:40 PM,67.1,53.0,49.4,66.0,,,30.28,,,,,,,,,,,,,
In home  (w/display),Temp & Humidity Sensor,2020/12/19 10:45 PM,66.9,53.0,49.2,65.8,,,30.29,,,,,,,,,,,,,
In home  (w/display),Temp & Humidity Sensor,2020/12/19 10:50 PM,66.7,53.0,49.0,65.6,,,30.28,,,,,,,,,,,,,
In home  (w/display),Temp & Humidity Sensor,2020/12/19 10:55 PM,66.5,53.0,48.8,65.3,,,30.29,,,,,,,,,,,,,
In home  (w/display),Temp & Humidity Sensor,2020/12/19 11:00 PM,66.3,53.0,48.6,65.1,,,30.29,,,,,,,,,,,,,
In home  (w/display),Temp & Humidity Sensor,2020/12/19 11:05 PM,66.3,53.0,48.6,65.1,,,30.29,,,,,,,,,,,,,
In home  (w/display),Temp & Humidity Sensor,2020/12/19 11:10 PM,66.2,53.0,48.6,65.0,,,30.29,,,,,,,,,,,,,
In home  (w/display),Temp & Humidity Sensor,2020/12/19 11:15 PM,66.0,54.0,48.9,64.8,,,30.28,,,,,,,,,,,,,
In home  (w/display),Temp & Humidity Sensor,2020/12/19 11:20 PM,66.0,54.0,48.9,64.8,,,30.28,,,,,,,,,,,,,
In home  (w/display),Temp & Humidity Sensor,2020/12/19 11:25 PM,65.8,54.0,48.7,64.6,,,30.29,,,,,,,,,,,,,
In home  (w/display),Temp & Humidity Sensor,2020/12/19 11:30 PM,65.8,54.0,48.7,64.6,,,30.29,,,,,,,,,,,,,
In home  (w/display),Temp & Humidity Sensor,2020/12/19 11:35 PM,65.6,54.0,48.5,64.4,,,30.28,,,,,,,,,,,,,
In home  (w/display),Temp & Humidity Sensor,2020/12/19 11:40 PM,65.6,54.0,48.5,64.4,,,30.29,,,,,,,,,,,,,
In home  (w/display),Temp & Humidity Sensor,2020/12/19 11:45 PM,65.4,54.0,48.3,64.2,,,30.28,,,,,,,,,,,,,
In home  (w/display),Temp & Humidity Sensor,2020/12/19 11:50 PM,65.4,54.0,48.3,64.2,,,30.28,,,,,,,,,,,,,
In home  (w/display),Temp & Humidity Sensor,2020/12/19 11:55 PM,65.3,54.0,48.2,64.1,,,30.28,,,,,,,,,,,,,
In home  (w/display),Temp & Humidity Sensor,2020/12/20 12:00 AM,65.3,54.0,48.2,64.1,,,30.27,,,,,,,,,,,,,
In home  (w/display),Temp & Humidity Sensor,2020/12/20 12:05 AM,65.3,54.0,48.2,64.1,,,30.28,,,,,,,,,,,,,
In home  (w/display),Temp & Humidity Sensor,2020/12/20 12:10 AM,65.1,54.0,48.0,63.8,,,30.28,,,,,,,,,,,,,
In home  (w/display),Temp & Humidity Sensor,2020/12/20 12:15 AM,65.1,54.0,48.0,63.8,,,30.28,,,,,,,,,,,,,
In home  (w/display),Temp & Humidity Sensor,2020/12/20 12:20 AM,64.9,54.0,47.9,63.6,,,30.28,,,,,,,,,,,,,
In home  (w/display),Temp & Humidity Sensor,2020/12/20 12:25 AM,64.9,54.0,47.9,63.6,,,30.27,,,,,,,,,,,,,
In home  (w/display),Temp & Humidity Sensor,2020/12/20 12:30 AM,64.9,54.0,47.9,63.6,,,30.26,,,,,,,,,,,,,
In home  (w/display),Temp & Humidity Sensor,2020/12/20 12:35 AM,64.7,54.0,47.7,63.4,,,30.26,,,,,,,,,,,,,
In home  (w/display),Temp & Humidity Sensor,2020/12/20 12:40 AM,64.5,54.0,47.5,63.2,,,30.25,,,,,,,,,,,,,
In home  (w/display),Temp & Humidity Sensor,2020/12/20 12:45 AM,64.5,54.0,47.5,63.2,,,30.25,,,,,,,,,,,,,
In home  (w/display),Temp & Humidity Sensor,2020/12/20 12:50 AM,64.5,54.0,47.5,63.2,,,30.25,,,,,,,,,,,,,
In home  (w/display),Temp & Humidity Sensor,2020/12/20 12:55 AM,64.5,54.0,47.5,63.2,,,30.25,,,,,,,,,,,,,
In home  (w/display),Temp & Humidity Sensor,2020/12/20 1:00 AM,64.5,54.0,47.5,63.2,,,30.24,,,,,,,,,,,,,
In home  (w/display),Temp & Humidity Sensor,2020/12/20 1:05 AM,64.4,54.0,47.4,63.1,,,30.24,,,,,,,,,,,,,
In home  (w/display),Temp & Humidity Sensor,2020/12/20 1:10 AM,64.4,54.0,47.4,63.1,,,30.24,,,,,,,,,,,,,
In home  (w/display),Temp & Humidity Sensor,2020/12/20 1:15 AM,64.2,54.0,47.2,62.9,,,30.25,,,,,,,,,,,,,
In home  (w/display),Temp & Humidity Sensor,2020/12/20 1:20 AM,64.2,54.0,47.2,62.9,,,30.25,,,,,,,,,,,,,
In home  (w/display),Temp & Humidity Sensor,2020/12/20 1:25 AM,64.2,54.0,47.2,62.9,,,30.25,,,,,,,,,,,,,
In home  (w/display),Temp & Humidity Sensor,2020/12/20 1:30 AM,64.2,54.0,47.2,62.9,,,30.25,,,,,,,,,,,,,
In home  (w/display),Temp & Humidity Sensor,2020/12/20 1:35 AM,64.0,54.0,47.0,62.6,,,30.25,,,,,,,,,,,,,
In home  (w/display),Temp & Humidity Sensor,2020/12/20 1:40 AM,64.0,54.0,47.0,62.6,,,30.25,,,,,,,,,,,,,
In home  (w/display),Temp & Humidity Sensor,2020/12/20 1:45 AM,64.0,54.0,47.0,62.6,,,30.24,,,,,,,,,,,,,
In home  (w/display),Temp & Humidity Sensor,2020/12/20 1:50 AM,64.0,54.0,47.0,62.6,,,30.25,,,,,,,,,,,,,
In home  (w/display),Temp & Humidity Sensor,2020/12/20 1:55 AM,64.0,54.0,47.0,62.6,,,30.24,,,,,,,,,,,,,
In home  (w/display),Temp & Humidity Sensor,2020/12/20 2:00 AM,63.6,54.0,46.6,62.2,,,30.24,,,,,,,,,,,,,
In home  (w/display),Temp & Humidity Sensor,2020/12/20 2:05 AM,63.6,54.0,46.6,62.2,,,30.24,,,,,,,,,,,,,
In home  (w/display),Temp & Humidity Sensor,2020/12/20 2:10 AM,63.6,54.0,46.6,62.2,,,30.24,,,,,,,,,,,,,
In home  (w/display),Temp & Humidity Sensor,2020/12/20 2:15 AM,63.6,54.0,46.6,62.2,,,30.23,,,,,,,,,,,,,
In home  (w/display),Temp & Humidity Sensor,2020/12/20 2:20 AM,63.6,54.0,46.6,62.2,,,30.24,,,,,,,,,,,,,
In home  (w/display),Temp & Humidity Sensor,2020/12/20 2:25 AM,63.6,54.0,46.6,62.2,,,30.23,,,,,,,,,,,,,
In home  (w/display),Temp & Humidity Sensor,2020/12/20 2:30 AM,63.5,54.0,46.6,62.1,,,30.23,,,,,,,,,,,,,
In home  (w/display),Temp & Humidity Sensor,2020/12/20 2:35 AM,63.5,54.0,46.6,62.1,,,30.23,,,,,,,,,,,,,
In home  (w/display),Temp & Humidity Sensor,2020/12/20 2:40 AM,63.5,54.0,46.6,62.1,,,30.23,,,,,,,,,,,,,
In home  (w/display),Temp & Humidity Sensor,2020/12/20 2:45 AM,63.5,54.0,46.6,62.1,,,30.23,,,,,,,,,,,,,
In home  (w/display),Temp & Humidity Sensor,2020/12/20 2:50 AM,63.3,55.0,46.9,61.9,,,30.23,,,,,,,,,,,,,
In home  (w/display),Temp & Humidity Sensor,2020/12/20 2:55 AM,63.1,55.0,46.7,61.7,,,30.22,,,,,,,,,,,,,
In home  (w/display),Temp & Humidity Sensor,2020/12/20 3:00 AM,63.1,55.0,46.7,61.7,,,30.22,,,,,,,,,,,,,
In home  (w/display),Temp & Humidity Sensor,2020/12/20 3:05 AM,63.1,55.0,46.7,61.7,,,30.22,,,,,,,,,,,,,
In home  (w/display),Temp & Humidity Sensor,2020/12/20 3:10 AM,63.1,55.0,46.7,61.7,,,30.21,,,,,,,,,,,,,
In home  (w/display),Temp & Humidity Sensor,2020/12/20 3:15 AM,63.1,55.0,46.7,61.7,,,30.21,,,,,,,,,,,,,
In home  (w/display),Temp & Humidity Sensor,2020/12/20 3:20 AM,62.9,55.0,46.5,61.5,,,30.22,,,,,,,,,,,,,
In home  (w/display),Temp & Humidity Sensor,2020/12/20 3:25 AM,62.9,55.0,46.5,61.5,,,30.22,,,,,,,,,,,,,
In home  (w/display),Temp & Humidity Sensor,2020/12/20 3:30 AM,62.9,55.0,46.5,61.5,,,30.21,,,,,,,,,,,,,
In home  (w/display),Temp & Humidity Sensor,2020/12/20 3:35 AM,62.7,55.0,46.3,61.3,,,30.21,,,,,,,,,,,,,
In home  (w/display),Temp & Humidity Sensor,2020/12/20 3:40 AM,62.7,55.0,46.3,61.3,,,30.21,,,,,,,,,,,,,
In home  (w/display),Temp & Humidity Sensor,2020/12/20 3:45 AM,62.7,55.0,46.3,61.3,,,30.2,,,,,,,,,,,,,
In home  (w/display),Temp & Humidity Sensor,2020/12/20 3:50 AM,62.7,55.0,46.3,61.3,,,30.2,,,,,,,,,,,,,
In home  (w/display),Temp & Humidity Sensor,2020/12/20 3:55 AM,62.7,55.0,46.3,61.3,,,30.21,,,,,,,,,,,,,
In home  (w/display),Temp & Humidity Sensor,2020/12/20 4:00 AM,62.6,55.0,46.2,61.1,,,30.2,,,,,,,,,,,,,
In home  (w/display),Temp & Humidity Sensor,2020/12/20 4:05 AM,62.6,55.0,46.2,61.1,,,30.2,,,,,,,,,,,,,
In home  (w/display),Temp & Humidity Sensor,2020/12/20 4:10 AM,62.4,55.0,46.0,60.9,,,30.2,,,,,,,,,,,,,
In home  (w/display),Temp & Humidity Sensor,2020/12/20 4:15 AM,62.4,55.0,46.0,60.9,,,30.19,,,,,,,,,,,,,
In home  (w/display),Temp & Humidity Sensor,2020/12/20 4:20 AM,62.4,55.0,46.0,60.9,,,30.19,,,,,,,,,,,,,
In home  (w/display),Temp & Humidity Sensor,2020/12/20 4:25 AM,62.7,55.0,46.3,61.3,,,30.19,,,,,,,,,,,,,
In home  (w/display),Temp & Humidity Sensor,2020/12/20 4:30 AM,63.1,55.0,46.7,61.7,,,30.19,,,,,,,,,,,,,
In home  (w/display),Temp & Humidity Sensor,2020/12/20 4:35 AM,63.5,54.0,46.6,62.1,,,30.18,,,,,,,,,,,,,
In home  (w/display),Temp & Humidity Sensor,2020/12/20 4:40 AM,63.6,54.0,46.6,62.2,,,30.18,,,,,,,,,,,,,
In home  (w/display),Temp & Humidity Sensor,2020/12/20 4:45 AM,64.0,54.0,47.0,62.6,,,30.17,,,,,,,,,,,,,
In home  (w/display),Temp & Humidity Sensor,2020/12/20 4:50 AM,64.4,54.0,47.4,63.1,,,30.17,,,,,,,,,,,,,
In home  (w/display),Temp & Humidity Sensor,2020/12/20 4:55 AM,64.5,54.0,47.5,63.2,,,30.17,,,,,,,,,,,,,
In home  (w/display),Temp & Humidity Sensor,2020/12/20 5:00 AM,64.5,54.0,47.5,63.2,,,30.17,,,,,,,,,,,,,
In home  (w/display),Temp & Humidity Sensor,2020/12/20 5:05 AM,64.5,54.0,47.5,63.2,,,30.17,,,,,,,,,,,,,
In home  (w/display),Temp & Humidity Sensor,2020/12/20 5:10 AM,64.9,54.0,47.9,63.6,,,30.18,,,,,,,,,,,,,
In home  (w/display),Temp & Humidity Sensor,2020/12/20 5:15 AM,65.1,54.0,48.0,63.8,,,30.18,,,,,,,,,,,,,
In home  (w/display),Temp & Humidity Sensor,2020/12/20 5:20 AM,65.4,54.0,48.3,64.2,,,30.17,,,,,,,,,,,,,
In home  (w/display),Temp & Humidity Sensor,2020/12/20 5:25 AM,65.6,54.0,48.5,64.4,,,30.17,,,,,,,,,,,,,
In home  (w/display),Temp & Humidity Sensor,2020/12/20 5:30 AM,65.8,54.0,48.7,64.6,,,30.17,,,,,,,,,,,,,
In home  (w/display),Temp & Humidity Sensor,2020/12/20 5:35 AM,66.0,54.0,48.9,64.8,,,30.17,,,,,,,,,,,,,
In home  (w/display),Temp & Humidity Sensor,2020/12/20 5:40 AM,66.3,53.0,48.6,65.1,,,30.16,,,,,,,,,,,,,
In home  (w/display),Temp & Humidity Sensor,2020/12/20 5:45 AM,66.3,53.0,48.6,65.1,,,30.16,,,,,,,,,,,,,
In home  (w/display),Temp & Humidity Sensor,2020/12/20 5:50 AM,66.5,53.0,48.8,65.3,,,30.16,,,,,,,,,,,,,
In home  (w/display),Temp & Humidity Sensor,2020/12/20 5:55 AM,66.7,53.0,49.0,65.6,,,30.16,,,,,,,,,,,,,
In home  (w/display),Temp & Humidity Sensor,2020/12/20 6:00 AM,66.7,53.0,49.0,65.6,,,30.17,,,,,,,,,,,,,
In home  (w/display),Temp & Humidity Sensor,2020/12/20 6:05 AM,66.7,53.0,49.0,65.6,,,30.19,,,,,,,,,,,,,
In home  (w/display),Temp & Humidity Sensor,2020/12/20 6:10 AM,66.7,52.0,48.5,65.5,,,30.19,,,,,,,,,,,,,
In home  (w/display),Temp & Humidity Sensor,2020/12/20 6:15 AM,66.3,52.0,48.1,65.1,,,30.2,,,,,,,,,,,,,
In home  (w/display),Temp & Humidity Sensor,2020/12/20 6:20 AM,66.3,53.0,48.6,65.1,,,30.2,,,,,,,,,,,,,
In home  (w/display),Temp & Humidity Sensor,2020/12/20 6:25 AM,66.7,53.0,49.0,65.6,,,30.21,,,,,,,,,,,,,
In home  (w/display),Temp & Humidity Sensor,2020/12/20 6:30 AM,66.9,53.0,49.2,65.8,,,30.2,,,,,,,,,,,,,
In home  (w/display),Temp & Humidity Sensor,2020/12/20 6:35 AM,67.1,53.0,49.4,66.0,,,30.2,,,,,,,,,,,,,
In home  (w/display),Temp & Humidity Sensor,2020/12/20 6:40 AM,67.6,53.0,49.9,66.6,,,30.21,,,,,,,,,,,,,
In home  (w/display),Temp & Humidity Sensor,2020/12/20 6:45 AM,67.6,53.0,49.9,66.6,,,30.21,,,,,,,,,,,,,
In home  (w/display),Temp & Humidity Sensor,2020/12/20 6:50 AM,67.6,53.0,49.9,66.6,,,30.2,,,,,,,,,,,,,
In home  (w/display),Temp & Humidity Sensor,2020/12/20 6:55 AM,67.4,53.0,49.7,66.3,,,30.2,,,,,,,,,,,,,
In home  (w/display),Temp & Humidity Sensor,2020/12/20 7:00 AM,67.4,53.0,49.7,66.3,,,30.21,,,,,,,,,,,,,
In home  (w/display),Temp & Humidity Sensor,2020/12/20 7:05 AM,67.6,53.0,49.9,66.6,,,30.21,,,,,,,,,,,,,
In home  (w/display),Temp & Humidity Sensor,2020/12/20 7:10 AM,67.8,53.0,50.0,66.8,,,30.21,,,,,,,,,,,,,
In home  (w/display),Temp & Humidity Sensor,2020/12/20 7:15 AM,67.8,53.0,50.0,66.8,,,30.21,,,,,,,,,,,,,
In home  (w/display),Temp & Humidity Sensor,2020/12/20 7:20 AM,67.6,53.0,49.9,66.6,,,30.21,,,,,,,,,,,,,
In home  (w/display),Temp & Humidity Sensor,2020/12/20 7:25 AM,67.8,53.0,50.0,66.8,,,30.21,,,,,,,,,,,,,
In home  (w/display),Temp & Humidity Sensor,2020/12/20 7:30 AM,68.0,53.0,50.2,67.0,,,30.22,,,,,,,,,,,,,
In home  (w/display),Temp & Humidity Sensor,2020/12/20 7:35 AM,68.0,53.0,50.2,67.0,,,30.21,,,,,,,,,,,,,
In home  (w/display),Temp & Humidity Sensor,2020/12/20 7:40 AM,67.8,53.0,50.0,66.8,,,30.21,,,,,,,,,,,,,
In home  (w/display),Temp & Humidity Sensor,2020/12/20 7:45 AM,67.6,53.0,49.9,66.6,,,30.22,,,,,,,,,,,,,
In home  (w/display),Temp & Humidity Sensor,2020/12/20 7:50 AM,67.8,53.0,50.0,66.8,,,30.21,,,,,,,,,,,,,
In home  (w/display),Temp & Humidity Sensor,2020/12/20 7:55 AM,68.0,53.0,50.2,67.0,,,30.21,,,,,,,,,,,,,
In home  (w/display),Temp & Humidity Sensor,2020/12/20 8:00 AM,67.8,53.0,50.0,66.8,,,30.2,,,,,,,,,,,,,
In home  (w/display),Temp & Humidity Sensor,2020/12/20 8:05 AM,67.6,53.0,49.9,66.6,,,30.2,,,,,,,,,,,,,
In home  (w/display),Temp & Humidity Sensor,2020/12/20 8:10 AM,67.4,53.0,49.7,66.3,,,30.2,,,,,,,,,,,,,
In home  (w/display),Temp & Humidity Sensor,2020/12/20 8:15 AM,67.2,53.0,49.5,66.1,,,30.19,,,,,,,,,,,,,
In home  (w/display),Temp & Humidity Sensor,2020/12/20 8:20 AM,67.2,53.0,49.5,66.1,,,30.19,,,,,,,,,,,,,
In home  (w/display),Temp & Humidity Sensor,2020/12/20 8:25 AM,67.1,53.0,49.4,66.0,,,30.19,,,,,,,,,,,,,
In home  (w/display),Temp & Humidity Sensor,2020/12/20 8:30 AM,66.9,53.0,49.2,65.8,,,30.19,,,,,,,,,,,,,
In home  (w/display),Temp & Humidity Sensor,2020/12/20 8:35 AM,66.7,53.0,49.0,65.6,,,30.19,,,,,,,,,,,,,
In home  (w/display),Temp & Humidity Sensor,2020/12/20 8:40 AM,66.5,53.0,48.8,65.3,,,30.19,,,,,,,,,,,,,
In home  (w/display),Temp & Humidity Sensor,2020/12/20 8:45 AM,66.7,53.0,49.0,65.6,,,30.19,,,,,,,,,,,,,
In home  (w/display),Temp & Humidity Sensor,2020/12/20 8:50 AM,66.7,53.0,49.0,65.6,,,30.2,,,,,,,,,,,,,
In home  (w/display),Temp & Humidity Sensor,2020/12/20 8:55 AM,66.7,53.0,49.0,65.6,,,30.19,,,,,,,,,,,,,
In home  (w/display),Temp & Humidity Sensor,2020/12/20 9:00 AM,66.5,53.0,48.8,65.3,,,30.18,,,,,,,,,,,,,
In home  (w/display),Temp & Humidity Sensor,2020/12/20 9:05 AM,66.3,53.0,48.6,65.1,,,30.19,,,,,,,,,,,,,
In home  (w/display),Temp & Humidity Sensor,2020/12/20 9:10 AM,66.3,53.0,48.6,65.1,,,30.19,,,,,,,,,,,,,
In home  (w/display),Temp & Humidity Sensor,2020/12/20 9:15 AM,66.3,53.0,48.6,65.1,,,30.19,,,,,,,,,,,,,
In home  (w/display),Temp & Humidity Sensor,2020/12/20 9:20 AM,66.3,53.0,48.6,65.1,,,30.19,,,,,,,,,,,,,
In home  (w/display),Temp & Humidity Sensor,2020/12/20 9:25 AM,66.3,54.0,49.1,65.2,,,30.2,,,,,,,,,,,,,
In home  (w/display),Temp & Humidity Sensor,2020/12/20 9:30 AM,66.2,54.0,49.1,65.1,,,30.19,,,,,,,,,,,,,
In home  (w/display),Temp & Humidity Sensor,2020/12/20 9:35 AM,66.0,55.0,49.4,64.9,,,30.19,,,,,,,,,,,,,
In home  (w/display),Temp & Humidity Sensor,2020/12/20 9:40 AM,66.3,54.0,49.1,65.2,,,30.2,,,,,,,,,,,,,
In home  (w/display),Temp & Humidity Sensor,2020/12/20 9:45 AM,66.3,54.0,49.1,65.2,,,30.19,,,,,,,,,,,,,
In home  (w/display),Temp & Humidity Sensor,2020/12/20 9:50 AM,66.3,53.0,48.6,65.1,,,30.18,,,,,,,,,,,,,
In home  (w/display),Temp & Humidity Sensor,2020/12/20 9:55 AM,66.3,53.0,48.6,65.1,,,30.18,,,,,,,,,,,,,
In home  (w/display),Temp & Humidity Sensor,2020/12/20 10:00 AM,66.2,53.0,48.6,65.0,,,30.17,,,,,,,,,,,,,
In home  (w/display),Temp & Humidity Sensor,2020/12/20 10:05 AM,66.3,53.0,48.6,65.1,,,30.17,,,,,,,,,,,,,
In home  (w/display),Temp & Humidity Sensor,2020/12/20 10:10 AM,66.5,53.0,48.8,65.3,,,30.17,,,,,,,,,,,,,
In home  (w/display),Temp & Humidity Sensor,2020/12/20 10:15 AM,66.3,53.0,48.6,65.1,,,30.17,,,,,,,,,,,,,
In home  (w/display),Temp & Humidity Sensor,2020/12/20 10:20 AM,66.3,53.0,48.6,65.1,,,30.17,,,,,,,,,,,,,
In home  (w/display),Temp & Humidity Sensor,2020/12/20 10:25 AM,66.3,53.0,48.6,65.1,,,30.16,,,,,,,,,,,,,
In home  (w/display),Temp & Humidity Sensor,2020/12/20 10:30 AM,66.3,53.0,48.6,65.1,,,30.16,,,,,,,,,,,,,
In home  (w/display),Temp & Humidity Sensor,2020/12/20 10:35 AM,66.5,53.0,48.8,65.3,,,30.16,,,,,,,,,,,,,
In home  (w/display),Temp & Humidity Sensor,2020/12/20 10:40 AM,66.7,53.0,49.0,65.6,,,30.16,,,,,,,,,,,,,
In home  (w/display),Temp & Humidity Sensor,2020/12/20 10:45 AM,66.5,53.0,48.8,65.3,,,30.15,,,,,,,,,,,,,
In home  (w/display),Temp & Humidity Sensor,2020/12/20 10:50 AM,66.3,53.0,48.6,65.1,,,30.15,,,,,,,,,,,,,
In home  (w/display),Temp & Humidity Sensor,2020/12/20 10:55 AM,66.3,53.0,48.6,65.1,,,30.15,,,,,,,,,,,,,
In home  (w/display),Temp & Humidity Sensor,2020/12/20 11:00 AM,66.5,53.0,48.8,65.3,,,30.15,,,,,,,,,,,,,
In home  (w/display),Temp & Humidity Sensor,2020/12/20 11:05 AM,66.7,53.0,49.0,65.6,,,30.14,,,,,,,,,,,,,
In home  (w/display),Temp & Humidity Sensor,2020/12/20 11:10 AM,66.7,53.0,49.0,65.6,,,30.14,,,,,,,,,,,,,
In home  (w/display),Temp & Humidity Sensor,2020/12/20 11:15 AM,66.5,53.0,48.8,65.3,,,30.14,,,,,,,,,,,,,
In home  (w/display),Temp & Humidity Sensor,2020/12/20 11:20 AM,66.3,53.0,48.6,65.1,,,30.13,,,,,,,,,,,,,
In home  (w/display),Temp & Humidity Sensor,2020/12/20 11:25 AM,66.7,53.0,49.0,65.6,,,30.13,,,,,,,,,,,,,
In home  (w/display),Temp & Humidity Sensor,2020/12/20 11:30 AM,66.7,53.0,49.0,65.6,,,30.12,,,,,,,,,,,,,
In home  (w/display),Temp & Humidity Sensor,2020/12/20 11:35 AM,66.7,53.0,49.0,65.6,,,30.12,,,,,,,,,,,,,
In home  (w/display),Temp & Humidity Sensor,2020/12/20 11:40 AM,66.5,53.0,48.8,65.3,,,30.12,,,,,,,,,,,,,
In home  (w/display),Temp & Humidity Sensor,2020/12/20 11:45 AM,66.3,53.0,48.6,65.1,,,30.11,,,,,,,,,,,,,
In home  (w/display),Temp & Humidity Sensor,2020/12/20 11:50 AM,66.5,53.0,48.8,65.3,,,30.1,,,,,,,,,,,,,
In home  (w/display),Temp & Humidity Sensor,2020/12/20 11:55 AM,66.7,53.0,49.0,65.6,,,30.1,,,,,,,,,,,,,
In home  (w/display),Temp & Humidity Sensor,2020/12/20 12:00 PM,66.5,53.0,48.8,65.3,,,30.1,,,,,,,,,,,,,
In home  (w/display),Temp & Humidity Sensor,2020/12/20 12:05 PM,66.3,53.0,48.6,65.1,,,30.09,,,,,,,,,,,,,
In home  (w/display),Temp & Humidity Sensor,2020/12/20 12:10 PM,66.3,53.0,48.6,65.1,,,30.09,,,,,,,,,,,,,
In home  (w/display),Temp & Humidity Sensor,2020/12/20 12:15 PM,66.5,53.0,48.8,65.3,,,30.09,,,,,,,,,,,,,
In home  (w/display),Temp & Humidity Sensor,2020/12/20 12:20 PM,66.5,53.0,48.8,65.3,,,30.08,,,,,,,,,,,,,
In home  (w/display),Temp & Humidity Sensor,2020/12/20 12:25 PM,66.5,53.0,48.8,65.3,,,30.08,,,,,,,,,,,,,
In home  (w/display),Temp & Humidity Sensor,2020/12/20 12:30 PM,66.3,53.0,48.6,65.1,,,30.08,,,,,,,,,,,,,
In home  (w/display),Temp & Humidity Sensor,2020/12/20 12:35 PM,66.2,53.0,48.6,65.0,,,30.07,,,,,,,,,,,,,
In home  (w/display),Temp & Humidity Sensor,2020/12/20 12:40 PM,66.3,53.0,48.6,65.1,,,30.06,,,,,,,,,,,,,
In home  (w/display),Temp & Humidity Sensor,2020/12/20 12:45 PM,66.3,53.0,48.6,65.1,,,30.06,,,,,,,,,,,,,
In home  (w/display),Temp & Humidity Sensor,2020/12/20 12:50 PM,66.3,53.0,48.6,65.1,,,30.06,,,,,,,,,,,,,
In home  (w/display),Temp & Humidity Sensor,2020/12/20 12:55 PM,66.3,53.0,48.6,65.1,,,30.05,,,,,,,,,,,,,
In home  (w/display),Temp & Humidity Sensor,2020/12/20 1:00 PM,66.2,53.0,48.6,65.0,,,30.05,,,,,,,,,,,,,
In home  (w/display),Temp & Humidity Sensor,2020/12/20 1:05 PM,66.3,53.0,48.6,65.1,,,30.05,,,,,,,,,,,,,
In home  (w/display),Temp & Humidity Sensor,2020/12/20 1:10 PM,66.3,53.0,48.6,65.1,,,30.05,,,,,,,,,,,,,
In home  (w/display),Temp & Humidity Sensor,2020/12/20 1:15 PM,66.3,53.0,48.6,65.1,,,30.05,,,,,,,,,,,,,
In home  (w/display),Temp & Humidity Sensor,2020/12/20 1:20 PM,66.3,53.0,48.6,65.1,,,30.05,,,,,,,,,,,,,
In home  (w/display),Temp & Humidity Sensor,2020/12/20 1:25 PM,66.2,53.0,48.6,65.0,,,30.04,,,,,,,,,,,,,
In home  (w/display),Temp & Humidity Sensor,2020/12/20 1:30 PM,66.3,53.0,48.6,65.1,,,30.04,,,,,,,,,,,,,
In home  (w/display),Temp & Humidity Sensor,2020/12/20 1:35 PM,66.5,53.0,48.8,65.3,,,30.04,,,,,,,,,,,,,
In home  (w/display),Temp & Humidity Sensor,2020/12/20 1:40 PM,66.3,53.0,48.6,65.1,,,30.03,,,,,,,,,,,,,
In home  (w/display),Temp & Humidity Sensor,2020/12/20 1:45 PM,66.3,53.0,48.6,65.1,,,30.03,,,,,,,,,,,,,
In home  (w/display),Temp & Humidity Sensor,2020/12/20 1:50 PM,66.2,53.0,48.6,65.0,,,30.03,,,,,,,,,,,,,
In home  (w/display),Temp & Humidity Sensor,2020/12/20 1:55 PM,66.3,54.0,49.1,65.2,,,30.03,,,,,,,,,,,,,
In home  (w/display),Temp & Humidity Sensor,2020/12/20 2:00 PM,66.5,53.0,48.8,65.3,,,30.03,,,,,,,,,,,,,
In home  (w/display),Temp & Humidity Sensor,2020/12/20 2:05 PM,66.3,54.0,49.1,65.2,,,30.03,,,,,,,,,,,,,
In home  (w/display),Temp & Humidity Sensor,2020/12/20 2:10 PM,66.3,54.0,49.1,65.2,,,30.03,,,,,,,,,,,,,
In home  (w/display),Temp & Humidity Sensor,2020/12/20 2:15 PM,66.3,53.0,48.6,65.1,,,30.02,,,,,,,,,,,,,
In home  (w/display),Temp & Humidity Sensor,2020/12/20 2:20 PM,66.3,54.0,49.1,65.2,,,30.02,,,,,,,,,,,,,
In home  (w/display),Temp & Humidity Sensor,2020/12/20 2:25 PM,66.5,53.0,48.8,65.3,,,30.02,,,,,,,,,,,,,
In home  (w/display),Temp & Humidity Sensor,2020/12/20 2:30 PM,66.3,53.0,48.6,65.1,,,30.03,,,,,,,,,,,,,
In home  (w/display),Temp & Humidity Sensor,2020/12/20 2:35 PM,66.3,53.0,48.6,65.1,,,30.03,,,,,,,,,,,,,
In home  (w/display),Temp & Humidity Sensor,2020/12/20 2:40 PM,66.3,53.0,48.6,65.1,,,30.03,,,,,,,,,,,,,
In home  (w/display),Temp & Humidity Sensor,2020/12/20 2:45 PM,66.3,54.0,49.1,65.2,,,30.03,,,,,,,,,,,,,
In home  (w/display),Temp & Humidity Sensor,2020/12/20 2:50 PM,66.5,53.0,48.8,65.3,,,30.03,,,,,,,,,,,,,
In home  (w/display),Temp & Humidity Sensor,2020/12/20 2:55 PM,66.5,54.0,49.3,65.4,,,30.03,,,,,,,,,,,,,
In home  (w/display),Temp & Humidity Sensor,2020/12/20 3:00 PM,66.3,54.0,49.1,65.2,,,30.03,,,,,,,,,,,,,
In home  (w/display),Temp & Humidity Sensor,2020/12/20 3:05 PM,66.3,53.0,48.6,65.1,,,30.03,,,,,,,,,,,,,
In home  (w/display),Temp & Humidity Sensor,2020/12/20 3:10 PM,66.3,53.0,48.6,65.1,,,30.03,,,,,,,,,,,,,
In home  (w/display),Temp & Humidity Sensor,2020/12/20 3:15 PM,66.5,53.0,48.8,65.3,,,30.03,,,,,,,,,,,,,
In home  (w/display),Temp & Humidity Sensor,2020/12/20 3:20 PM,66.5,54.0,49.3,65.4,,,30.03,,,,,,,,,,,,,
In home  (w/display),Temp & Humidity Sensor,2020/12/20 3:25 PM,66.5,54.0,49.3,65.4,,,30.03,,,,,,,,,,,,,
In home  (w/display),Temp & Humidity Sensor,2020/12/20 3:30 PM,66.3,54.0,49.1,65.2,,,30.03,,,,,,,,,,,,,
In home  (w/display),Temp & Humidity Sensor,2020/12/20 3:35 PM,66.3,54.0,49.1,65.2,,,30.03,,,,,,,,,,,,,
In home  (w/display),Temp & Humidity Sensor,2020/12/20 3:40 PM,66.5,54.0,49.3,65.4,,,30.02,,,,,,,,,,,,,
In home  (w/display),Temp & Humidity Sensor,2020/12/20 3:45 PM,66.5,54.0,49.3,65.4,,,30.02,,,,,,,,,,,,,
In home  (w/display),Temp & Humidity Sensor,2020/12/20 3:50 PM,66.3,54.0,49.1,65.2,,,30.02,,,,,,,,,,,,,
In home  (w/display),Temp & Humidity Sensor,2020/12/20 3:55 PM,66.3,53.0,48.6,65.1,,,30.02,,,,,,,,,,,,,
In home  (w/display),Temp & Humidity Sensor,2020/12/20 4:00 PM,66.2,53.0,48.6,65.0,,,30.02,,,,,,,,,,,,,
In home  (w/display),Temp & Humidity Sensor,2020/12/20 4:05 PM,66.3,53.0,48.6,65.1,,,30.02,,,,,,,,,,,,,
In home  (w/display),Temp & Humidity Sensor,2020/12/20 4:10 PM,66.3,53.0,48.6,65.1,,,30.02,,,,,,,,,,,,,
In home  (w/display),Temp & Humidity Sensor,2020/12/20 4:15 PM,66.3,53.0,48.6,65.1,,,30.02,,,,,,,,,,,,,
In home  (w/display),Temp & Humidity Sensor,2020/12/20 4:20 PM,66.3,53.0,48.6,65.1,,,30.02,,,,,,,,,,,,,
In home  (w/display),Temp & Humidity Sensor,2020/12/20 4:25 PM,66.2,53.0,48.6,65.0,,,30.02,,,,,,,,,,,,,
In home  (w/display),Temp & Humidity Sensor,2020/12/20 4:30 PM,66.3,53.0,48.6,65.1,,,30.02,,,,,,,,,,,,,
In home  (w/display),Temp & Humidity Sensor,2020/12/20 4:35 PM,66.5,54.0,49.3,65.4,,,30.02,,,,,,,,,,,,,
In home  (w/display),Temp & Humidity Sensor,2020/12/20 4:40 PM,66.3,54.0,49.1,65.2,,,30.03,,,,,,,,,,,,,
In home  (w/display),Temp & Humidity Sensor,2020/12/20 4:45 PM,66.3,54.0,49.1,65.2,,,30.03,,,,,,,,,,,,,
In home  (w/display),Temp & Humidity Sensor,2020/12/20 4:50 PM,66.3,54.0,49.1,65.2,,,30.03,,,,,,,,,,,,,
In home  (w/display),Temp & Humidity Sensor,2020/12/20 4:55 PM,66.7,54.0,49.5,65.6,,,30.03,,,,,,,,,,,,,
In home  (w/display),Temp & Humidity Sensor,2020/12/20 5:00 PM,66.7,54.0,49.5,65.6,,,30.04,,,,,,,,,,,,,
In home  (w/display),Temp & Humidity Sensor,2020/12/20 5:05 PM,66.5,54.0,49.3,65.4,,,30.04,,,,,,,,,,,,,
In home  (w/display),Temp & Humidity Sensor,2020/12/20 5:10 PM,66.5,54.0,49.3,65.4,,,30.04,,,,,,,,,,,,,
In home  (w/display),Temp & Humidity Sensor,2020/12/20 5:15 PM,66.5,54.0,49.3,65.4,,,30.04,,,,,,,,,,,,,
In home  (w/display),Temp & Humidity Sensor,2020/12/20 5:20 PM,66.7,54.0,49.5,65.6,,,30.04,,,,,,,,,,,,,
In home  (w/display),Temp & Humidity Sensor,2020/12/20 5:25 PM,66.7,54.0,49.5,65.6,,,30.04,,,,,,,,,,,,,
In home  (w/display),Temp & Humidity Sensor,2020/12/20 5:30 PM,66.9,54.0,49.7,65.8,,,30.04,,,,,,,,,,,,,
In home  (w/display),Temp & Humidity Sensor,2020/12/20 5:35 PM,66.7,54.0,49.5,65.6,,,30.04,,,,,,,,,,,,,
In home  (w/display),Temp & Humidity Sensor,2020/12/20 5:40 PM,66.7,54.0,49.5,65.6,,,30.04,,,,,,,,,,,,,
In home  (w/display),Temp & Humidity Sensor,2020/12/20 5:45 PM,66.7,54.0,49.5,65.6,,,30.04,,,,,,,,,,,,,
In home  (w/display),Temp & Humidity Sensor,2020/12/20 5:50 PM,66.7,54.0,49.5,65.6,,,30.04,,,,,,,,,,,,,
In home  (w/display),Temp & Humidity Sensor,2020/12/20 5:55 PM,66.9,54.0,49.7,65.8,,,30.04,,,,,,,,,,,,,
In home  (w/display),Temp & Humidity Sensor,2020/12/20 6:00 PM,66.9,54.0,49.7,65.8,,,30.04,,,,,,,,,,,,,
In home  (w/display),Temp & Humidity Sensor,2020/12/20 6:05 PM,66.9,54.0,49.7,65.8,,,30.04,,,,,,,,,,,,,
In home  (w/display),Temp & Humidity Sensor,2020/12/20 6:10 PM,66.7,54.0,49.5,65.6,,,30.04,,,,,,,,,,,,,
In home  (w/display),Temp & Humidity Sensor,2020/12/20 6:15 PM,66.7,54.0,49.5,65.6,,,30.04,,,,,,,,,,,,,
In home  (w/display),Temp & Humidity Sensor,2020/12/20 6:20 PM,66.7,54.0,49.5,65.6,,,30.04,,,,,,,,,,,,,
In home  (w/display),Temp & Humidity Sensor,2020/12/20 6:25 PM,66.7,54.0,49.5,65.6,,,30.04,,,,,,,,,,,,,
In home  (w/display),Temp & Humidity Sensor,2020/12/20 6:30 PM,67.1,54.0,49.9,66.0,,,30.04,,,,,,,,,,,,,
In home  (w/display),Temp & Humidity Sensor,2020/12/20 6:35 PM,66.9,54.0,49.7,65.8,,,30.04,,,,,,,,,,,,,
In home  (w/display),Temp & Humidity Sensor,2020/12/20 6:40 PM,66.9,54.0,49.7,65.8,,,30.04,,,,,,,,,,,,,
In home  (w/display),Temp & Humidity Sensor,2020/12/20 6:45 PM,66.9,54.0,49.7,65.8,,,30.04,,,,,,,,,,,,,
In home  (w/display),Temp & Humidity Sensor,2020/12/20 6:50 PM,67.1,54.0,49.9,66.0,,,30.04,,,,,,,,,,,,,
In home  (w/display),Temp & Humidity Sensor,2020/12/20 6:55 PM,67.4,54.0,50.2,66.4,,,30.04,,,,,,,,,,,,,
In home  (w/display),Temp & Humidity Sensor,2020/12/20 7:00 PM,67.6,54.0,50.4,66.6,,,30.04,,,,,,,,,,,,,
In home  (w/display),Temp & Humidity Sensor,2020/12/20 7:05 PM,67.4,54.0,50.2,66.4,,,30.04,,,,,,,,,,,,,
In home  (w/display),Temp & Humidity Sensor,2020/12/20 7:10 PM,67.4,54.0,50.2,66.4,,,30.03,,,,,,,,,,,,,
In home  (w/display),Temp & Humidity Sensor,2020/12/20 7:15 PM,67.2,54.0,50.0,66.2,,,30.03,,,,,,,,,,,,,
In home  (w/display),Temp & Humidity Sensor,2020/12/20 7:20 PM,67.6,54.0,50.4,66.6,,,30.04,,,,,,,,,,,,,
In home  (w/display),Temp & Humidity Sensor,2020/12/20 7:25 PM,67.6,54.0,50.4,66.6,,,30.04,,,,,,,,,,,,,
In home  (w/display),Temp & Humidity Sensor,2020/12/20 7:30 PM,67.6,54.0,50.4,66.6,,,30.03,,,,,,,,,,,,,
In home  (w/display),Temp & Humidity Sensor,2020/12/20 7:35 PM,67.6,54.0,50.4,66.6,,,30.03,,,,,,,,,,,,,
In home  (w/display),Temp & Humidity Sensor,2020/12/20 7:40 PM,67.6,54.0,50.4,66.6,,,30.03,,,,,,,,,,,,,
In home  (w/display),Temp & Humidity Sensor,2020/12/20 7:45 PM,67.8,54.0,50.5,66.8,,,30.03,,,,,,,,,,,,,
In home  (w/display),Temp & Humidity Sensor,2020/12/20 7:50 PM,67.6,54.0,50.4,66.6,,,30.03,,,,,,,,,,,,,
In home  (w/display),Temp & Humidity Sensor,2020/12/20 7:55 PM,67.6,55.0,50.8,66.6,,,30.03,,,,,,,,,,,,,
In home  (w/display),Temp & Humidity Sensor,2020/12/20 8:00 PM,67.6,55.0,50.8,66.6,,,30.03,,,,,,,,,,,,,
In home  (w/display),Temp & Humidity Sensor,2020/12/20 8:05 PM,67.8,55.0,51.0,66.9,,,30.03,,,,,,,,,,,,,
In home  (w/display),Temp & Humidity Sensor,2020/12/20 8:10 PM,68.0,55.0,51.2,67.1,,,30.03,,,,,,,,,,,,,
In home  (w/display),Temp & Humidity Sensor,2020/12/20 8:15 PM,67.8,55.0,51.0,66.9,,,30.03,,,,,,,,,,,,,
In home  (w/display),Temp & Humidity Sensor,2020/12/20 8:20 PM,67.8,55.0,51.0,66.9,,,30.02,,,,,,,,,,,,,
In home  (w/display),Temp & Humidity Sensor,2020/12/20 8:25 PM,67.8,55.0,51.0,66.9,,,30.02,,,,,,,,,,,,,
In home  (w/display),Temp & Humidity Sensor,2020/12/20 8:30 PM,68.0,55.0,51.2,67.1,,,30.02,,,,,,,,,,,,,
In home  (w/display),Temp & Humidity Sensor,2020/12/20 8:35 PM,68.0,55.0,51.2,67.1,,,30.02,,,,,,,,,,,,,
In home  (w/display),Temp & Humidity Sensor,2020/12/20 8:40 PM,68.0,55.0,51.2,67.1,,,30.02,,,,,,,,,,,,,
In home  (w/display),Temp & Humidity Sensor,2020/12/20 8:45 PM,68.0,55.0,51.2,67.1,,,30.01,,,,,,,,,,,,,
In home  (w/display),Temp & Humidity Sensor,2020/12/20 8:50 PM,67.8,55.0,51.0,66.9,,,30.01,,,,,,,,,,,,,
In home  (w/display),Temp & Humidity Sensor,2020/12/20 8:55 PM,68.1,55.0,51.3,67.2,,,30.01,,,,,,,,,,,,,
In home  (w/display),Temp & Humidity Sensor,2020/12/20 9:00 PM,68.1,55.0,51.3,67.2,,,30.01,,,,,,,,,,,,,
In home  (w/display),Temp & Humidity Sensor,2020/12/20 9:05 PM,68.1,55.0,51.3,67.2,,,30.0,,,,,,,,,,,,,
In home  (w/display),Temp & Humidity Sensor,2020/12/20 9:10 PM,68.0,55.0,51.2,67.1,,,30.0,,,,,,,,,,,,,
In home  (w/display),Temp & Humidity Sensor,2020/12/20 9:15 PM,68.0,55.0,51.2,67.1,,,30.0,,,,,,,,,,,,,
In home  (w/display),Temp & Humidity Sensor,2020/12/20 9:20 PM,68.1,55.0,51.3,67.2,,,30.0,,,,,,,,,,,,,
In home  (w/display),Temp & Humidity Sensor,2020/12/20 9:25 PM,68.3,55.0,51.5,67.4,,,30.0,,,,,,,,,,,,,
In home  (w/display),Temp & Humidity Sensor,2020/12/20 9:30 PM,68.1,55.0,51.3,67.2,,,30.0,,,,,,,,,,,,,
In home  (w/display),Temp & Humidity Sensor,2020/12/20 9:35 PM,68.1,55.0,51.3,67.2,,,30.0,,,,,,,,,,,,,
In home  (w/display),Temp & Humidity Sensor,2020/12/20 9:40 PM,68.0,55.0,51.2,67.1,,,29.99,,,,,,,,,,,,,
In home  (w/display),Temp & Humidity Sensor,2020/12/20 9:45 PM,68.1,55.0,51.3,67.2,,,29.99,,,,,,,,,,,,,
In home  (w/display),Temp & Humidity Sensor,2020/12/20 9:50 PM,68.1,55.0,51.3,67.2,,,29.99,,,,,,,,,,,,,
In home  (w/display),Temp & Humidity Sensor,2020/12/20 9:55 PM,68.1,55.0,51.3,67.2,,,29.99,,,,,,,,,,,,,
In home  (w/display),Temp & Humidity Sensor,2020/12/20 10:00 PM,68.1,55.0,51.3,67.2,,,30.0,,,,,,,,,,,,,
In home  (w/display),Temp & Humidity Sensor,2020/12/20 10:05 PM,68.1,55.0,51.3,67.2,,,30.0,,,,,,,,,,,,,
In home  (w/display),Temp & Humidity Sensor,2020/12/20 10:10 PM,68.0,55.0,51.2,67.1,,,30.01,,,,,,,,,,,,,
In home  (w/display),Temp & Humidity Sensor,2020/12/20 10:15 PM,67.8,55.0,51.0,66.9,,,30.0,,,,,,,,,,,,,
In home  (w/display),Temp & Humidity Sensor,2020/12/20 10:20 PM,67.8,55.0,51.0,66.9,,,30.0,,,,,,,,,,,,,
In home  (w/display),Temp & Humidity Sensor,2020/12/20 10:25 PM,67.8,55.0,51.0,66.9,,,30.0,,,,,,,,,,,,,
In home  (w/display),Temp & Humidity Sensor,2020/12/20 10:30 PM,67.6,55.0,50.8,66.6,,,30.0,,,,,,,,,,,,,
In home  (w/display),Temp & Humidity Sensor,2020/12/20 10:35 PM,67.6,55.0,50.8,66.6,,,30.0,,,,,,,,,,,,,
In home  (w/display),Temp & Humidity Sensor,2020/12/20 10:40 PM,67.6,55.0,50.8,66.6,,,30.0,,,,,,,,,,,,,
In home  (w/display),Temp & Humidity Sensor,2020/12/20 10:45 PM,67.6,55.0,50.8,66.6,,,30.0,,,,,,,,,,,,,
In home  (w/display),Temp & Humidity Sensor,2020/12/20 10:50 PM,67.6,55.0,50.8,66.6,,,30.0,,,,,,,,,,,,,
In home  (w/display),Temp & Humidity Sensor,2020/12/20 10:55 PM,67.6,55.0,50.8,66.6,,,30.0,,,,,,,,,,,,,
In home  (w/display),Temp & Humidity Sensor,2020/12/20 11:00 PM,67.2,55.0,50.5,66.2,,,30.0,,,,,,,,,,,,,
In home  (w/display),Temp & Humidity Sensor,2020/12/20 11:05 PM,67.2,55.0,50.5,66.2,,,29.99,,,,,,,,,,,,,
In home  (w/display),Temp & Humidity Sensor,2020/12/20 11:10 PM,67.1,55.0,50.4,66.1,,,29.99,,,,,,,,,,,,,
In home  (w/display),Temp & Humidity Sensor,2020/12/20 11:15 PM,67.1,55.0,50.4,66.1,,,29.99,,,,,,,,,,,,,
In home  (w/display),Temp & Humidity Sensor,2020/12/20 11:20 PM,66.9,55.0,50.2,65.9,,,29.98,,,,,,,,,,,,,
In home  (w/display),Temp & Humidity Sensor,2020/12/20 11:25 PM,66.9,55.0,50.2,65.9,,,29.98,,,,,,,,,,,,,
In home  (w/display),Temp & Humidity Sensor,2020/12/20 11:30 PM,66.7,55.0,50.0,65.7,,,29.99,,,,,,,,,,,,,
In home  (w/display),Temp & Humidity Sensor,2020/12/20 11:35 PM,66.5,55.0,49.8,65.4,,,29.98,,,,,,,,,,,,,
In home  (w/display),Temp & Humidity Sensor,2020/12/20 11:40 PM,66.3,55.0,49.6,65.2,,,29.98,,,,,,,,,,,,,
In home  (w/display),Temp & Humidity Sensor,2020/12/20 11:45 PM,66.3,55.0,49.6,65.2,,,29.97,,,,,,,,,,,,,
In home  (w/display),Temp & Humidity Sensor,2020/12/20 11:50 PM,66.3,55.0,49.6,65.2,,,29.97,,,,,,,,,,,,,
In home  (w/display),Temp & Humidity Sensor,2020/12/20 11:55 PM,66.2,55.0,49.5,65.1,,,29.97,,,,,,,,,,,,,
In home  (w/display),Temp & Humidity Sensor,2020/12/21 12:00 AM,66.2,55.0,49.5,65.1,,,29.97,,,,,,,,,,,,,
In home  (w/display),Temp & Humidity Sensor,2020/12/21 12:05 AM,66.0,56.0,49.8,64.9,,,29.97,,,,,,,,,,,,,
In home  (w/display),Temp & Humidity Sensor,2020/12/21 12:10 AM,66.0,56.0,49.8,64.9,,,29.97,,,,,,,,,,,,,
In home  (w/display),Temp & Humidity Sensor,2020/12/21 12:15 AM,65.8,56.0,49.7,64.7,,,29.96,,,,,,,,,,,,,
In home  (w/display),Temp & Humidity Sensor,2020/12/21 12:20 AM,65.8,56.0,49.7,64.7,,,29.96,,,,,,,,,,,,,
In home  (w/display),Temp & Humidity Sensor,2020/12/21 12:25 AM,65.8,56.0,49.7,64.7,,,29.97,,,,,,,,,,,,,
In home  (w/display),Temp & Humidity Sensor,2020/12/21 12:30 AM,65.8,56.0,49.7,64.7,,,29.97,,,,,,,,,,,,,
In home  (w/display),Temp & Humidity Sensor,2020/12/21 12:35 AM,65.6,56.0,49.5,64.5,,,29.96,,,,,,,,,,,,,
In home  (w/display),Temp & Humidity Sensor,2020/12/21 12:40 AM,65.6,56.0,49.5,64.5,,,29.97,,,,,,,,,,,,,
In home  (w/display),Temp & Humidity Sensor,2020/12/21 12:45 AM,65.4,56.0,49.3,64.3,,,29.96,,,,,,,,,,,,,
In home  (w/display),Temp & Humidity Sensor,2020/12/21 12:50 AM,65.4,56.0,49.3,64.3,,,29.96,,,,,,,,,,,,,
In home  (w/display),Temp & Humidity Sensor,2020/12/21 12:55 AM,65.4,56.0,49.3,64.3,,,29.96,,,,,,,,,,,,,
In home  (w/display),Temp & Humidity Sensor,2020/12/21 1:00 AM,65.3,56.0,49.2,64.2,,,29.96,,,,,,,,,,,,,
In home  (w/display),Temp & Humidity Sensor,2020/12/21 1:05 AM,65.3,56.0,49.2,64.2,,,29.95,,,,,,,,,,,,,
In home  (w/display),Temp & Humidity Sensor,2020/12/21 1:10 AM,65.3,56.0,49.2,64.2,,,29.95,,,,,,,,,,,,,
In home  (w/display),Temp & Humidity Sensor,2020/12/21 1:15 AM,65.3,56.0,49.2,64.2,,,29.95,,,,,,,,,,,,,
In home  (w/display),Temp & Humidity Sensor,2020/12/21 1:20 AM,65.1,56.0,49.0,63.9,,,29.95,,,,,,,,,,,,,
In home  (w/display),Temp & Humidity Sensor,2020/12/21 1:25 AM,65.1,56.0,49.0,63.9,,,29.95,,,,,,,,,,,,,
In home  (w/display),Temp & Humidity Sensor,2020/12/21 1:30 AM,65.1,56.0,49.0,63.9,,,29.95,,,,,,,,,,,,,
In home  (w/display),Temp & Humidity Sensor,2020/12/21 1:35 AM,65.1,56.0,49.0,63.9,,,29.96,,,,,,,,,,,,,
In home  (w/display),Temp & Humidity Sensor,2020/12/21 1:40 AM,64.9,56.0,48.8,63.7,,,29.95,,,,,,,,,,,,,
In home  (w/display),Temp & Humidity Sensor,2020/12/21 1:45 AM,64.9,56.0,48.8,63.7,,,29.95,,,,,,,,,,,,,
In home  (w/display),Temp & Humidity Sensor,2020/12/21 1:50 AM,64.9,56.0,48.8,63.7,,,29.95,,,,,,,,,,,,,
In home  (w/display),Temp & Humidity Sensor,2020/12/21 1:55 AM,64.9,56.0,48.8,63.7,,,29.95,,,,,,,,,,,,,
In home  (w/display),Temp & Humidity Sensor,2020/12/21 2:00 AM,64.9,56.0,48.8,63.7,,,29.95,,,,,,,,,,,,,
In home  (w/display),Temp & Humidity Sensor,2020/12/21 2:05 AM,64.9,56.0,48.8,63.7,,,29.95,,,,,,,,,,,,,
In home  (w/display),Temp & Humidity Sensor,2020/12/21 2:10 AM,64.9,56.0,48.8,63.7,,,29.95,,,,,,,,,,,,,
In home  (w/display),Temp & Humidity Sensor,2020/12/21 2:15 AM,64.5,56.0,48.4,63.3,,,29.95,,,,,,,,,,,,,
In home  (w/display),Temp & Humidity Sensor,2020/12/21 2:20 AM,64.5,56.0,48.4,63.3,,,29.95,,,,,,,,,,,,,
In home  (w/display),Temp & Humidity Sensor,2020/12/21 2:25 AM,64.5,56.0,48.4,63.3,,,29.95,,,,,,,,,,,,,
In home  (w/display),Temp & Humidity Sensor,2020/12/21 2:30 AM,64.5,56.0,48.4,63.3,,,29.94,,,,,,,,,,,,,
In home  (w/display),Temp & Humidity Sensor,2020/12/21 2:35 AM,64.5,56.0,48.4,63.3,,,29.95,,,,,,,,,,,,,
In home  (w/display),Temp & Humidity Sensor,2020/12/21 2:40 AM,64.5,56.0,48.4,63.3,,,29.96,,,,,,,,,,,,,
In home  (w/display),Temp & Humidity Sensor,2020/12/21 2:45 AM,64.5,56.0,48.4,63.3,,,29.96,,,,,,,,,,,,,
In home  (w/display),Temp & Humidity Sensor,2020/12/21 2:50 AM,64.5,56.0,48.4,63.3,,,29.96,,,,,,,,,,,,,
In home  (w/display),Temp & Humidity Sensor,2020/12/21 2:55 AM,64.5,56.0,48.4,63.3,,,29.96,,,,,,,,,,,,,
In home  (w/display),Temp & Humidity Sensor,2020/12/21 3:00 AM,64.4,56.0,48.4,63.2,,,29.96,,,,,,,,,,,,,
In home  (w/display),Temp & Humidity Sensor,2020/12/21 3:05 AM,64.4,56.0,48.4,63.2,,,29.96,,,,,,,,,,,,,
In home  (w/display),Temp & Humidity Sensor,2020/12/21 3:10 AM,64.4,56.0,48.4,63.2,,,29.96,,,,,,,,,,,,,
In home  (w/display),Temp & Humidity Sensor,2020/12/21 3:15 AM,64.2,57.0,48.6,63.0,,,29.96,,,,,,,,,,,,,
In home  (w/display),Temp & Humidity Sensor,2020/12/21 3:20 AM,64.2,57.0,48.6,63.0,,,29.96,,,,,,,,,,,,,
In home  (w/display),Temp & Humidity Sensor,2020/12/21 3:25 AM,64.2,57.0,48.6,63.0,,,29.96,,,,,,,,,,,,,
In home  (w/display),Temp & Humidity Sensor,2020/12/21 3:30 AM,64.2,57.0,48.6,63.0,,,29.96,,,,,,,,,,,,,
In home  (w/display),Temp & Humidity Sensor,2020/12/21 3:35 AM,64.2,57.0,48.6,63.0,,,29.96,,,,,,,,,,,,,
In home  (w/display),Temp & Humidity Sensor,2020/12/21 3:40 AM,64.2,56.0,48.2,63.0,,,29.96,,,,,,,,,,,,,
In home  (w/display),Temp & Humidity Sensor,2020/12/21 3:45 AM,64.2,56.0,48.2,63.0,,,29.96,,,,,,,,,,,,,
In home  (w/display),Temp & Humidity Sensor,2020/12/21 3:50 AM,64.2,56.0,48.2,63.0,,,29.97,,,,,,,,,,,,,
In home  (w/display),Temp & Humidity Sensor,2020/12/21 3:55 AM,64.2,56.0,48.2,63.0,,,29.96,,,,,,,,,,,,,
In home  (w/display),Temp & Humidity Sensor,2020/12/21 4:00 AM,64.2,56.0,48.2,63.0,,,29.96,,,,,,,,,,,,,
In home  (w/display),Temp & Humidity Sensor,2020/12/21 4:05 AM,64.2,56.0,48.2,63.0,,,29.96,,,,,,,,,,,,,
In home  (w/display),Temp & Humidity Sensor,2020/12/21 4:10 AM,64.2,56.0,48.2,63.0,,,29.96,,,,,,,,,,,,,
In home  (w/display),Temp & Humidity Sensor,2020/12/21 4:15 AM,64.0,56.0,48.0,62.7,,,29.96,,,,,,,,,,,,,
In home  (w/display),Temp & Humidity Sensor,2020/12/21 4:20 AM,64.0,56.0,48.0,62.7,,,29.95,,,,,,,,,,,,,
In home  (w/display),Temp & Humidity Sensor,2020/12/21 4:25 AM,64.0,56.0,48.0,62.7,,,29.95,,,,,,,,,,,,,
In home  (w/display),Temp & Humidity Sensor,2020/12/21 4:30 AM,64.0,57.0,48.5,62.8,,,29.95,,,,,,,,,,,,,
In home  (w/display),Temp & Humidity Sensor,2020/12/21 4:35 AM,64.0,57.0,48.5,62.8,,,29.95,,,,,,,,,,,,,
In home  (w/display),Temp & Humidity Sensor,2020/12/21 4:40 AM,64.0,57.0,48.5,62.8,,,29.95,,,,,,,,,,,,,
In home  (w/display),Temp & Humidity Sensor,2020/12/21 4:45 AM,64.0,57.0,48.5,62.8,,,29.95,,,,,,,,,,,,,
In home  (w/display),Temp & Humidity Sensor,2020/12/21 4:50 AM,63.8,56.0,47.8,62.5,,,29.95,,,,,,,,,,,,,
In home  (w/display),Temp & Humidity Sensor,2020/12/21 4:55 AM,63.8,56.0,47.8,62.5,,,29.95,,,,,,,,,,,,,
In home  (w/display),Temp & Humidity Sensor,2020/12/21 5:00 AM,63.8,56.0,47.8,62.5,,,29.95,,,,,,,,,,,,,
In home  (w/display),Temp & Humidity Sensor,2020/12/21 5:05 AM,64.0,56.0,48.0,62.7,,,29.95,,,,,,,,,,,,,
In home  (w/display),Temp & Humidity Sensor,2020/12/21 5:10 AM,64.5,56.0,48.4,63.3,,,29.95,,,,,,,,,,,,,
In home  (w/display),Temp & Humidity Sensor,2020/12/21 5:15 AM,64.9,56.0,48.8,63.7,,,29.95,,,,,,,,,,,,,
In home  (w/display),Temp & Humidity Sensor,2020/12/21 5:20 AM,65.4,56.0,49.3,64.3,,,29.95,,,,,,,,,,,,,
In home  (w/display),Temp & Humidity Sensor,2020/12/21 5:25 AM,65.8,56.0,49.7,64.7,,,29.95,,,,,,,,,,,,,
In home  (w/display),Temp & Humidity Sensor,2020/12/21 5:30 AM,66.0,56.0,49.8,64.9,,,29.95,,,,,,,,,,,,,
In home  (w/display),Temp & Humidity Sensor,2020/12/21 5:35 AM,66.3,55.0,49.6,65.2,,,29.96,,,,,,,,,,,,,
In home  (w/display),Temp & Humidity Sensor,2020/12/21 5:40 AM,66.5,55.0,49.8,65.4,,,29.95,,,,,,,,,,,,,
In home  (w/display),Temp & Humidity Sensor,2020/12/21 5:45 AM,66.3,55.0,49.6,65.2,,,29.95,,,,,,,,,,,,,
In home  (w/display),Temp & Humidity Sensor,2020/12/21 5:50 AM,66.3,55.0,49.6,65.2,,,29.96,,,,,,,,,,,,,
In home  (w/display),Temp & Humidity Sensor,2020/12/21 5:55 AM,66.7,55.0,50.0,65.7,,,29.96,,,,,,,,,,,,,
In home  (w/display),Temp & Humidity Sensor,2020/12/21 6:00 AM,66.9,55.0,50.2,65.9,,,29.96,,,,,,,,,,,,,
In home  (w/display),Temp & Humidity Sensor,2020/12/21 6:05 AM,66.7,55.0,50.0,65.7,,,29.96,,,,,,,,,,,,,
In home  (w/display),Temp & Humidity Sensor,2020/12/21 6:10 AM,66.7,55.0,50.0,65.7,,,29.96,,,,,,,,,,,,,
In home  (w/display),Temp & Humidity Sensor,2020/12/21 6:15 AM,67.1,55.0,50.4,66.1,,,29.96,,,,,,,,,,,,,
In home  (w/display),Temp & Humidity Sensor,2020/12/21 6:20 AM,67.2,55.0,50.5,66.2,,,29.96,,,,,,,,,,,,,
In home  (w/display),Temp & Humidity Sensor,2020/12/21 6:25 AM,67.1,55.0,50.4,66.1,,,29.96,,,,,,,,,,,,,
In home  (w/display),Temp & Humidity Sensor,2020/12/21 6:30 AM,67.1,55.0,50.4,66.1,,,29.96,,,,,,,,,,,,,
In home  (w/display),Temp & Humidity Sensor,2020/12/21 6:35 AM,67.2,55.0,50.5,66.2,,,29.96,,,,,,,,,,,,,
In home  (w/display),Temp & Humidity Sensor,2020/12/21 6:40 AM,67.2,55.0,50.5,66.2,,,29.96,,,,,,,,,,,,,
In home  (w/display),Temp & Humidity Sensor,2020/12/21 6:45 AM,67.1,54.0,49.9,66.0,,,29.96,,,,,,,,,,,,,
In home  (w/display),Temp & Humidity Sensor,2020/12/21 6:50 AM,67.2,55.0,50.5,66.2,,,29.96,,,,,,,,,,,,,
In home  (w/display),Temp & Humidity Sensor,2020/12/21 6:55 AM,67.6,54.0,50.4,66.6,,,29.96,,,,,,,,,,,,,
In home  (w/display),Temp & Humidity Sensor,2020/12/21 7:00 AM,67.4,54.0,50.2,66.4,,,29.96,,,,,,,,,,,,,
In home  (w/display),Temp & Humidity Sensor,2020/12/21 7:05 AM,67.2,55.0,50.5,66.2,,,29.96,,,,,,,,,,,,,
In home  (w/display),Temp & Humidity Sensor,2020/12/21 7:10 AM,67.2,55.0,50.5,66.2,,,29.97,,,,,,,,,,,,,
In home  (w/display),Temp & Humidity Sensor,2020/12/21 7:15 AM,67.6,55.0,50.8,66.6,,,29.97,,,,,,,,,,,,,
In home  (w/display),Temp & Humidity Sensor,2020/12/21 7:20 AM,67.6,55.0,50.8,66.6,,,29.97,,,,,,,,,,,,,
In home  (w/display),Temp & Humidity Sensor,2020/12/21 7:25 AM,67.6,55.0,50.8,66.6,,,29.97,,,,,,,,,,,,,
In home  (w/display),Temp & Humidity Sensor,2020/12/21 7:30 AM,67.6,55.0,50.8,66.6,,,29.97,,,,,,,,,,,,,
In home  (w/display),Temp & Humidity Sensor,2020/12/21 7:35 AM,67.6,55.0,50.8,66.6,,,29.97,,,,,,,,,,,,,
In home  (w/display),Temp & Humidity Sensor,2020/12/21 7:40 AM,67.8,55.0,51.0,66.9,,,29.98,,,,,,,,,,,,,
In home  (w/display),Temp & Humidity Sensor,2020/12/21 7:45 AM,67.6,55.0,50.8,66.6,,,29.98,,,,,,,,,,,,,
In home  (w/display),Temp & Humidity Sensor,2020/12/21 7:50 AM,67.6,55.0,50.8,66.6,,,29.97,,,,,,,,,,,,,
In home  (w/display),Temp & Humidity Sensor,2020/12/21 7:55 AM,68.0,55.0,51.2,67.1,,,29.97,,,,,,,,,,,,,
In home  (w/display),Temp & Humidity Sensor,2020/12/21 8:00 AM,68.0,55.0,51.2,67.1,,,29.97,,,,,,,,,,,,,
In home  (w/display),Temp & Humidity Sensor,2020/12/21 8:05 AM,67.8,55.0,51.0,66.9,,,29.97,,,,,,,,,,,,,
In home  (w/display),Temp & Humidity Sensor,2020/12/21 8:10 AM,67.6,55.0,50.8,66.6,,,29.97,,,,,,,,,,,,,
In home  (w/display),Temp & Humidity Sensor,2020/12/21 8:15 AM,67.4,55.0,50.7,66.4,,,29.97,,,,,,,,,,,,,
In home  (w/display),Temp & Humidity Sensor,2020/12/21 8:20 AM,67.2,55.0,50.5,66.2,,,29.97,,,,,,,,,,,,,
In home  (w/display),Temp & Humidity Sensor,2020/12/21 8:25 AM,67.2,55.0,50.5,66.2,,,29.97,,,,,,,,,,,,,
In home  (w/display),Temp & Humidity Sensor,2020/12/21 8:30 AM,67.1,55.0,50.4,66.1,,,29.97,,,,,,,,,,,,,
In home  (w/display),Temp & Humidity Sensor,2020/12/21 8:35 AM,67.1,55.0,50.4,66.1,,,29.97,,,,,,,,,,,,,
In home  (w/display),Temp & Humidity Sensor,2020/12/21 8:40 AM,66.9,55.0,50.2,65.9,,,29.97,,,,,,,,,,,,,
In home  (w/display),Temp & Humidity Sensor,2020/12/21 8:45 AM,66.9,55.0,50.2,65.9,,,29.98,,,,,,,,,,,,,
In home  (w/display),Temp & Humidity Sensor,2020/12/21 8:50 AM,66.7,55.0,50.0,65.7,,,29.98,,,,,,,,,,,,,
In home  (w/display),Temp & Humidity Sensor,2020/12/21 8:55 AM,66.7,55.0,50.0,65.7,,,29.98,,,,,,,,,,,,,
In home  (w/display),Temp & Humidity Sensor,2020/12/21 9:00 AM,66.7,55.0,50.0,65.7,,,29.97,,,,,,,,,,,,,
In home  (w/display),Temp & Humidity Sensor,2020/12/21 9:05 AM,66.7,55.0,50.0,65.7,,,29.98,,,,,,,,,,,,,
In home  (w/display),Temp & Humidity Sensor,2020/12/21 9:10 AM,66.7,55.0,50.0,65.7,,,29.98,,,,,,,,,,,,,
In home  (w/display),Temp & Humidity Sensor,2020/12/21 9:15 AM,66.5,55.0,49.8,65.4,,,29.98,,,,,,,,,,,,,
In home  (w/display),Temp & Humidity Sensor,2020/12/21 9:20 AM,66.5,55.0,49.8,65.4,,,29.98,,,,,,,,,,,,,
In home  (w/display),Temp & Humidity Sensor,2020/12/21 9:25 AM,66.3,55.0,49.6,65.2,,,29.98,,,,,,,,,,,,,
In home  (w/display),Temp & Humidity Sensor,2020/12/21 9:30 AM,66.3,55.0,49.6,65.2,,,29.99,,,,,,,,,,,,,
In home  (w/display),Temp & Humidity Sensor,2020/12/21 9:35 AM,66.3,55.0,49.6,65.2,,,29.99,,,,,,,,,,,,,
In home  (w/display),Temp & Humidity Sensor,2020/12/21 9:40 AM,66.3,55.0,49.6,65.2,,,29.99,,,,,,,,,,,,,
In home  (w/display),Temp & Humidity Sensor,2020/12/21 9:45 AM,66.3,55.0,49.6,65.2,,,30.0,,,,,,,,,,,,,
In home  (w/display),Temp & Humidity Sensor,2020/12/21 9:50 AM,66.2,55.0,49.5,65.1,,,30.0,,,,,,,,,,,,,
In home  (w/display),Temp & Humidity Sensor,2020/12/21 9:55 AM,66.3,55.0,49.6,65.2,,,29.99,,,,,,,,,,,,,
In home  (w/display),Temp & Humidity Sensor,2020/12/21 10:00 AM,66.3,55.0,49.6,65.2,,,29.99,,,,,,,,,,,,,
In home  (w/display),Temp & Humidity Sensor,2020/12/21 10:05 AM,66.3,55.0,49.6,65.2,,,29.99,,,,,,,,,,,,,
In home  (w/display),Temp & Humidity Sensor,2020/12/21 10:10 AM,66.3,55.0,49.6,65.2,,,30.0,,,,,,,,,,,,,
In home  (w/display),Temp & Humidity Sensor,2020/12/21 10:15 AM,66.3,55.0,49.6,65.2,,,30.0,,,,,,,,,,,,,
In home  (w/display),Temp & Humidity Sensor,2020/12/21 10:20 AM,66.3,55.0,49.6,65.2,,,30.0,,,,,,,,,,,,,
In home  (w/display),Temp & Humidity Sensor,2020/12/21 10:25 AM,66.3,55.0,49.6,65.2,,,30.0,,,,,,,,,,,,,
In home  (w/display),Temp & Humidity Sensor,2020/12/21 10:30 AM,66.3,55.0,49.6,65.2,,,30.01,,,,,,,,,,,,,
In home  (w/display),Temp & Humidity Sensor,2020/12/21 10:35 AM,66.2,55.0,49.5,65.1,,,30.01,,,,,,,,,,,,,
In home  (w/display),Temp & Humidity Sensor,2020/12/21 10:40 AM,66.2,55.0,49.5,65.1,,,30.0,,,,,,,,,,,,,
In home  (w/display),Temp & Humidity Sensor,2020/12/21 10:45 AM,66.2,55.0,49.5,65.1,,,30.0,,,,,,,,,,,,,
In home  (w/display),Temp & Humidity Sensor,2020/12/21 10:50 AM,66.0,56.0,49.8,64.9,,,30.0,,,,,,,,,,,,,
In home  (w/display),Temp & Humidity Sensor,2020/12/21 10:55 AM,66.0,56.0,49.8,64.9,,,30.0,,,,,,,,,,,,,
In home  (w/display),Temp & Humidity Sensor,2020/12/21 11:00 AM,66.0,56.0,49.8,64.9,,,30.0,,,,,,,,,,,,,
In home  (w/display),Temp & Humidity Sensor,2020/12/21 11:05 AM,66.0,56.0,49.8,64.9,,,29.99,,,,,,,,,,,,,
In home  (w/display),Temp & Humidity Sensor,2020/12/21 11:10 AM,66.0,56.0,49.8,64.9,,,29.99,,,,,,,,,,,,,
In home  (w/display),Temp & Humidity Sensor,2020/12/21 11:15 AM,66.0,56.0,49.8,64.9,,,29.99,,,,,,,,,,,,,
In home  (w/display),Temp & Humidity Sensor,2020/12/21 11:20 AM,66.0,56.0,49.8,64.9,,,29.99,,,,,,,,,,,,,
In home  (w/display),Temp & Humidity Sensor,2020/12/21 11:25 AM,66.0,56.0,49.8,64.9,,,29.98,,,,,,,,,,,,,
In home  (w/display),Temp & Humidity Sensor,2020/12/21 11:30 AM,66.0,56.0,49.8,64.9,,,29.98,,,,,,,,,,,,,
In home  (w/display),Temp & Humidity Sensor,2020/12/21 11:35 AM,66.0,56.0,49.8,64.9,,,29.98,,,,,,,,,,,,,
In home  (w/display),Temp & Humidity Sensor,2020/12/21 11:40 AM,66.0,56.0,49.8,64.9,,,29.98,,,,,,,,,,,,,
In home  (w/display),Temp & Humidity Sensor,2020/12/21 11:45 AM,66.0,56.0,49.8,64.9,,,29.97,,,,,,,,,,,,,
In home  (w/display),Temp & Humidity Sensor,2020/12/21 11:50 AM,65.8,56.0,49.7,64.7,,,29.97,,,,,,,,,,,,,
In home  (w/display),Temp & Humidity Sensor,2020/12/21 11:55 AM,65.8,56.0,49.7,64.7,,,29.97,,,,,,,,,,,,,
In home  (w/display),Temp & Humidity Sensor,2020/12/21 12:00 PM,65.8,56.0,49.7,64.7,,,29.97,,,,,,,,,,,,,
In home  (w/display),Temp & Humidity Sensor,2020/12/21 12:05 PM,65.6,56.0,49.5,64.5,,,29.97,,,,,,,,,,,,,
In home  (w/display),Temp & Humidity Sensor,2020/12/21 12:10 PM,65.6,56.0,49.5,64.5,,,29.96,,,,,,,,,,,,,
In home  (w/display),Temp & Humidity Sensor,2020/12/21 12:15 PM,65.8,56.0,49.7,64.7,,,29.96,,,,,,,,,,,,,
In home  (w/display),Temp & Humidity Sensor,2020/12/21 12:20 PM,65.8,56.0,49.7,64.7,,,29.96,,,,,,,,,,,,,
In home  (w/display),Temp & Humidity Sensor,2020/12/21 12:25 PM,65.8,56.0,49.7,64.7,,,29.95,,,,,,,,,,,,,
In home  (w/display),Temp & Humidity Sensor,2020/12/21 12:30 PM,65.8,56.0,49.7,64.7,,,29.95,,,,,,,,,,,,,
In home  (w/display),Temp & Humidity Sensor,2020/12/21 12:35 PM,65.8,56.0,49.7,64.7,,,29.95,,,,,,,,,,,,,
In home  (w/display),Temp & Humidity Sensor,2020/12/21 12:40 PM,65.8,56.0,49.7,64.7,,,29.95,,,,,,,,,,,,,
In home  (w/display),Temp & Humidity Sensor,2020/12/21 12:45 PM,66.0,57.0,50.3,65.0,,,29.94,,,,,,,,,,,,,
In home  (w/display),Temp & Humidity Sensor,2020/12/21 12:50 PM,65.8,57.0,50.1,64.8,,,29.94,,,,,,,,,,,,,
In home  (w/display),Temp & Humidity Sensor,2020/12/21 12:55 PM,65.8,57.0,50.1,64.8,,,29.94,,,,,,,,,,,,,
In home  (w/display),Temp & Humidity Sensor,2020/12/21 1:00 PM,65.8,57.0,50.1,64.8,,,29.93,,,,,,,,,,,,,
In home  (w/display),Temp & Humidity Sensor,2020/12/21 1:05 PM,65.8,57.0,50.1,64.8,,,29.93,,,,,,,,,,,,,
In home  (w/display),Temp & Humidity Sensor,2020/12/21 1:10 PM,65.8,56.0,49.7,64.7,,,29.93,,,,,,,,,,,,,
In home  (w/display),Temp & Humidity Sensor,2020/12/21 1:15 PM,65.8,56.0,49.7,64.7,,,29.92,,,,,,,,,,,,,
In home  (w/display),Temp & Humidity Sensor,2020/12/21 1:20 PM,66.0,56.0,49.8,64.9,,,29.92,,,,,,,,,,,,,
In home  (w/display),Temp & Humidity Sensor,2020/12/21 1:25 PM,66.0,56.0,49.8,64.9,,,29.92,,,,,,,,,,,,,
In home  (w/display),Temp & Humidity Sensor,2020/12/21 1:30 PM,66.0,56.0,49.8,64.9,,,29.92,,,,,,,,,,,,,
In home  (w/display),Temp & Humidity Sensor,2020/12/21 1:35 PM,66.0,56.0,49.8,64.9,,,29.91,,,,,,,,,,,,,
In home  (w/display),Temp & Humidity Sensor,2020/12/21 1:40 PM,66.0,56.0,49.8,64.9,,,29.92,,,,,,,,,,,,,
In home  (w/display),Temp & Humidity Sensor,2020/12/21 1:45 PM,66.0,57.0,50.3,65.0,,,29.91,,,,,,,,,,,,,
In home  (w/display),Temp & Humidity Sensor,2020/12/21 1:50 PM,65.8,57.0,50.1,64.8,,,29.92,,,,,,,,,,,,,
In home  (w/display),Temp & Humidity Sensor,2020/12/21 1:55 PM,65.8,57.0,50.1,64.8,,,29.91,,,,,,,,,,,,,
In home  (w/display),Temp & Humidity Sensor,2020/12/21 2:00 PM,65.8,57.0,50.1,64.8,,,29.91,,,,,,,,,,,,,
In home  (w/display),Temp & Humidity Sensor,2020/12/21 2:05 PM,65.8,57.0,50.1,64.8,,,29.9,,,,,,,,,,,,,
In home  (w/display),Temp & Humidity Sensor,2020/12/21 2:10 PM,65.8,57.0,50.1,64.8,,,29.9,,,,,,,,,,,,,
In home  (w/display),Temp & Humidity Sensor,2020/12/21 2:15 PM,65.6,57.0,49.9,64.5,,,29.9,,,,,,,,,,,,,
In home  (w/display),Temp & Humidity Sensor,2020/12/21 2:20 PM,65.8,57.0,50.1,64.8,,,29.9,,,,,,,,,,,,,
In home  (w/display),Temp & Humidity Sensor,2020/12/21 2:25 PM,66.0,57.0,50.3,65.0,,,29.9,,,,,,,,,,,,,
In home  (w/display),Temp & Humidity Sensor,2020/12/21 2:30 PM,66.0,57.0,50.3,65.0,,,29.9,,,,,,,,,,,,,
In home  (w/display),Temp & Humidity Sensor,2020/12/21 2:35 PM,66.0,57.0,50.3,65.0,,,29.9,,,,,,,,,,,,,
In home  (w/display),Temp & Humidity Sensor,2020/12/21 2:40 PM,66.0,57.0,50.3,65.0,,,29.9,,,,,,,,,,,,,
In home  (w/display),Temp & Humidity Sensor,2020/12/21 2:45 PM,66.0,57.0,50.3,65.0,,,29.89,,,,,,,,,,,,,
In home  (w/display),Temp & Humidity Sensor,2020/12/21 2:50 PM,66.0,57.0,50.3,65.0,,,29.89,,,,,,,,,,,,,
In home  (w/display),Temp & Humidity Sensor,2020/12/21 2:55 PM,66.0,57.0,50.3,65.0,,,29.89,,,,,,,,,,,,,
In home  (w/display),Temp & Humidity Sensor,2020/12/21 3:00 PM,65.8,57.0,50.1,64.8,,,29.89,,,,,,,,,,,,,
In home  (w/display),Temp & Humidity Sensor,2020/12/21 3:05 PM,65.8,57.0,50.1,64.8,,,29.89,,,,,,,,,,,,,
In home  (w/display),Temp & Humidity Sensor,2020/12/21 3:10 PM,65.8,57.0,50.1,64.8,,,29.89,,,,,,,,,,,,,
In home  (w/display),Temp & Humidity Sensor,2020/12/21 3:15 PM,65.8,57.0,50.1,64.8,,,29.89,,,,,,,,,,,,,
In home  (w/display),Temp & Humidity Sensor,2020/12/21 3:20 PM,65.8,57.0,50.1,64.8,,,29.89,,,,,,,,,,,,,
In home  (w/display),Temp & Humidity Sensor,2020/12/21 3:25 PM,65.8,57.0,50.1,64.8,,,29.89,,,,,,,,,,,,,
In home  (w/display),Temp & Humidity Sensor,2020/12/21 3:30 PM,66.0,57.0,50.3,65.0,,,29.89,,,,,,,,,,,,,
In home  (w/display),Temp & Humidity Sensor,2020/12/21 3:35 PM,66.0,57.0,50.3,65.0,,,29.89,,,,,,,,,,,,,
In home  (w/display),Temp & Humidity Sensor,2020/12/21 3:40 PM,66.0,57.0,50.3,65.0,,,29.89,,,,,,,,,,,,,
In home  (w/display),Temp & Humidity Sensor,2020/12/21 3:45 PM,65.8,57.0,50.1,64.8,,,29.89,,,,,,,,,,,,,
In home  (w/display),Temp & Humidity Sensor,2020/12/21 3:50 PM,65.8,57.0,50.1,64.8,,,29.88,,,,,,,,,,,,,
In home  (w/display),Temp & Humidity Sensor,2020/12/21 3:55 PM,65.8,57.0,50.1,64.8,,,29.88,,,,,,,,,,,,,
In home  (w/display),Temp & Humidity Sensor,2020/12/21 4:00 PM,65.8,57.0,50.1,64.8,,,29.88,,,,,,,,,,,,,
In home  (w/display),Temp & Humidity Sensor,2020/12/21 4:05 PM,65.6,57.0,49.9,64.5,,,29.89,,,,,,,,,,,,,
In home  (w/display),Temp & Humidity Sensor,2020/12/21 4:10 PM,65.6,57.0,49.9,64.5,,,29.89,,,,,,,,,,,,,
In home  (w/display),Temp & Humidity Sensor,2020/12/21 4:15 PM,65.6,57.0,49.9,64.5,,,29.89,,,,,,,,,,,,,
In home  (w/display),Temp & Humidity Sensor,2020/12/21 4:20 PM,65.4,57.0,49.8,64.3,,,29.89,,,,,,,,,,,,,
In home  (w/display),Temp & Humidity Sensor,2020/12/21 4:25 PM,65.4,57.0,49.8,64.3,,,29.89,,,,,,,,,,,,,
In home  (w/display),Temp & Humidity Sensor,2020/12/21 4:30 PM,65.8,57.0,50.1,64.8,,,29.89,,,,,,,,,,,,,
In home  (w/display),Temp & Humidity Sensor,2020/12/21 4:35 PM,65.8,57.0,50.1,64.8,,,29.89,,,,,,,,,,,,,
In home  (w/display),Temp & Humidity Sensor,2020/12/21 4:40 PM,65.8,57.0,50.1,64.8,,,29.88,,,,,,,,,,,,,
In home  (w/display),Temp & Humidity Sensor,2020/12/21 4:45 PM,65.8,57.0,50.1,64.8,,,29.89,,,,,,,,,,,,,
In home  (w/display),Temp & Humidity Sensor,2020/12/21 4:50 PM,65.8,57.0,50.1,64.8,,,29.89,,,,,,,,,,,,,
In home  (w/display),Temp & Humidity Sensor,2020/12/21 4:55 PM,65.6,57.0,49.9,64.5,,,29.89,,,,,,,,,,,,,
In home  (w/display),Temp & Humidity Sensor,2020/12/21 5:00 PM,65.6,57.0,49.9,64.5,,,29.88,,,,,,,,,,,,,
In home  (w/display),Temp & Humidity Sensor,2020/12/21 5:05 PM,65.6,57.0,49.9,64.5,,,29.89,,,,,,,,,,,,,
In home  (w/display),Temp & Humidity Sensor,2020/12/21 5:10 PM,65.4,57.0,49.8,64.3,,,29.89,,,,,,,,,,,,,
In home  (w/display),Temp & Humidity Sensor,2020/12/21 5:15 PM,65.4,57.0,49.8,64.3,,,29.89,,,,,,,,,,,,,
In home  (w/display),Temp & Humidity Sensor,2020/12/21 5:20 PM,65.4,57.0,49.8,64.3,,,29.89,,,,,,,,,,,,,
In home  (w/display),Temp & Humidity Sensor,2020/12/21 5:25 PM,65.4,57.0,49.8,64.3,,,29.89,,,,,,,,,,,,,
In home  (w/display),Temp & Humidity Sensor,2020/12/21 5:30 PM,65.4,57.0,49.8,64.3,,,29.89,,,,,,,,,,,,,
In home  (w/display),Temp & Humidity Sensor,2020/12/21 5:35 PM,65.8,57.0,50.1,64.8,,,29.89,,,,,,,,,,,,,
In home  (w/display),Temp & Humidity Sensor,2020/12/21 5:40 PM,65.8,57.0,50.1,64.8,,,29.89,,,,,,,,,,,,,
In home  (w/display),Temp & Humidity Sensor,2020/12/21 5:45 PM,65.8,57.0,50.1,64.8,,,29.89,,,,,,,,,,,,,
In home  (w/display),Temp & Humidity Sensor,2020/12/21 5:50 PM,65.8,57.0,50.1,64.8,,,29.89,,,,,,,,,,,,,
In home  (w/display),Temp & Humidity Sensor,2020/12/21 5:55 PM,65.8,57.0,50.1,64.8,,,29.89,,,,,,,,,,,,,
In home  (w/display),Temp & Humidity Sensor,2020/12/21 6:00 PM,65.6,56.0,49.5,64.5,,,29.88,,,,,,,,,,,,,
In home  (w/display),Temp & Humidity Sensor,2020/12/21 6:05 PM,65.6,56.0,49.5,64.5,,,29.88,,,,,,,,,,,,,
In home  (w/display),Temp & Humidity Sensor,2020/12/21 6:10 PM,65.6,56.0,49.5,64.5,,,29.88,,,,,,,,,,,,,
In home  (w/display),Temp & Humidity Sensor,2020/12/21 6:15 PM,65.8,56.0,49.7,64.7,,,29.88,,,,,,,,,,,,,
In home  (w/display),Temp & Humidity Sensor,2020/12/21 6:20 PM,65.8,56.0,49.7,64.7,,,29.89,,,,,,,,,,,,,
In home  (w/display),Temp & Humidity Sensor,2020/12/21 6:25 PM,65.8,56.0,49.7,64.7,,,29.88,,,,,,,,,,,,,
In home  (w/display),Temp & Humidity Sensor,2020/12/21 6:30 PM,65.8,56.0,49.7,64.7,,,29.88,,,,,,,,,,,,,
In home  (w/display),Temp & Humidity Sensor,2020/12/21 6:35 PM,65.6,56.0,49.5,64.5,,,29.87,,,,,,,,,,,,,
In home  (w/display),Temp & Humidity Sensor,2020/12/21 6:40 PM,65.6,56.0,49.5,64.5,,,29.87,,,,,,,,,,,,,
In home  (w/display),Temp & Humidity Sensor,2020/12/21 6:45 PM,65.8,56.0,49.7,64.7,,,29.88,,,,,,,,,,,,,
In home  (w/display),Temp & Humidity Sensor,2020/12/21 6:50 PM,66.2,55.0,49.5,65.1,,,29.88,,,,,,,,,,,,,
In home  (w/display),Temp & Humidity Sensor,2020/12/21 6:55 PM,66.7,55.0,50.0,65.7,,,29.89,,,,,,,,,,,,,
In home  (w/display),Temp & Humidity Sensor,2020/12/21 7:00 PM,66.9,55.0,50.2,65.9,,,29.89,,,,,,,,,,,,,
In home  (w/display),Temp & Humidity Sensor,2020/12/21 7:05 PM,66.7,55.0,50.0,65.7,,,29.89,,,,,,,,,,,,,
In home  (w/display),Temp & Humidity Sensor,2020/12/21 7:10 PM,66.7,55.0,50.0,65.7,,,29.89,,,,,,,,,,,,,
In home  (w/display),Temp & Humidity Sensor,2020/12/21 7:15 PM,66.7,55.0,50.0,65.7,,,29.89,,,,,,,,,,,,,
In home  (w/display),Temp & Humidity Sensor,2020/12/21 7:20 PM,67.1,55.0,50.4,66.1,,,29.89,,,,,,,,,,,,,
In home  (w/display),Temp & Humidity Sensor,2020/12/21 7:25 PM,67.1,55.0,50.4,66.1,,,29.89,,,,,,,,,,,,,
In home  (w/display),Temp & Humidity Sensor,2020/12/21 7:30 PM,67.1,55.0,50.4,66.1,,,29.89,,,,,,,,,,,,,
In home  (w/display),Temp & Humidity Sensor,2020/12/21 7:35 PM,66.9,55.0,50.2,65.9,,,29.89,,,,,,,,,,,,,
In home  (w/display),Temp & Humidity Sensor,2020/12/21 7:40 PM,67.1,55.0,50.4,66.1,,,29.9,,,,,,,,,,,,,
In home  (w/display),Temp & Humidity Sensor,2020/12/21 7:45 PM,67.4,55.0,50.7,66.4,,,29.89,,,,,,,,,,,,,
In home  (w/display),Temp & Humidity Sensor,2020/12/21 7:50 PM,67.2,55.0,50.5,66.2,,,29.89,,,,,,,,,,,,,
In home  (w/display),Temp & Humidity Sensor,2020/12/21 7:55 PM,67.2,55.0,50.5,66.2,,,29.89,,,,,,,,,,,,,
In home  (w/display),Temp & Humidity Sensor,2020/12/21 8:00 PM,67.2,55.0,50.5,66.2,,,29.89,,,,,,,,,,,,,
In home  (w/display),Temp & Humidity Sensor,2020/12/21 8:05 PM,67.4,55.0,50.7,66.4,,,29.89,,,,,,,,,,,,,
In home  (w/display),Temp & Humidity Sensor,2020/12/21 8:10 PM,67.4,55.0,50.7,66.4,,,29.89,,,,,,,,,,,,,
In home  (w/display),Temp & Humidity Sensor,2020/12/21 8:15 PM,67.2,55.0,50.5,66.2,,,29.89,,,,,,,,,,,,,
In home  (w/display),Temp & Humidity Sensor,2020/12/21 8:20 PM,67.2,55.0,50.5,66.2,,,29.9,,,,,,,,,,,,,
In home  (w/display),Temp & Humidity Sensor,2020/12/21 8:25 PM,67.6,55.0,50.8,66.6,,,29.9,,,,,,,,,,,,,
In home  (w/display),Temp & Humidity Sensor,2020/12/21 8:30 PM,67.6,55.0,50.8,66.6,,,29.9,,,,,,,,,,,,,
In home  (w/display),Temp & Humidity Sensor,2020/12/21 8:35 PM,67.6,55.0,50.8,66.6,,,29.9,,,,,,,,,,,,,
In home  (w/display),Temp & Humidity Sensor,2020/12/21 8:40 PM,67.6,55.0,50.8,66.6,,,29.9,,,,,,,,,,,,,
In home  (w/display),Temp & Humidity Sensor,2020/12/21 8:45 PM,67.6,55.0,50.8,66.6,,,29.9,,,,,,,,,,,,,
In home  (w/display),Temp & Humidity Sensor,2020/12/21 8:50 PM,67.8,55.0,51.0,66.9,,,29.9,,,,,,,,,,,,,
In home  (w/display),Temp & Humidity Sensor,2020/12/21 8:55 PM,67.8,55.0,51.0,66.9,,,29.89,,,,,,,,,,,,,
In home  (w/display),Temp & Humidity Sensor,2020/12/21 9:00 PM,67.6,55.0,50.8,66.6,,,29.89,,,,,,,,,,,,,
In home  (w/display),Temp & Humidity Sensor,2020/12/21 9:05 PM,67.6,55.0,50.8,66.6,,,29.9,,,,,,,,,,,,,
In home  (w/display),Temp & Humidity Sensor,2020/12/21 9:10 PM,67.8,55.0,51.0,66.9,,,29.9,,,,,,,,,,,,,
In home  (w/display),Temp & Humidity Sensor,2020/12/21 9:15 PM,67.8,55.0,51.0,66.9,,,29.9,,,,,,,,,,,,,
In home  (w/display),Temp & Humidity Sensor,2020/12/21 9:20 PM,67.8,55.0,51.0,66.9,,,29.9,,,,,,,,,,,,,
In home  (w/display),Temp & Humidity Sensor,2020/12/21 9:25 PM,67.6,55.0,50.8,66.6,,,29.91,,,,,,,,,,,,,
In home  (w/display),Temp & Humidity Sensor,2020/12/21 9:30 PM,67.8,55.0,51.0,66.9,,,29.91,,,,,,,,,,,,,
In home  (w/display),Temp & Humidity Sensor,2020/12/21 9:35 PM,67.8,55.0,51.0,66.9,,,29.9,,,,,,,,,,,,,
In home  (w/display),Temp & Humidity Sensor,2020/12/21 9:40 PM,67.8,55.0,51.0,66.9,,,29.91,,,,,,,,,,,,,
In home  (w/display),Temp & Humidity Sensor,2020/12/21 9:45 PM,67.8,55.0,51.0,66.9,,,29.9,,,,,,,,,,,,,
In home  (w/display),Temp & Humidity Sensor,2020/12/21 9:50 PM,67.8,55.0,51.0,66.9,,,29.9,,,,,,,,,,,,,
In home  (w/display),Temp & Humidity Sensor,2020/12/21 9:55 PM,68.0,55.0,51.2,67.1,,,29.91,,,,,,,,,,,,,
In home  (w/display),Temp & Humidity Sensor,2020/12/21 10:00 PM,68.0,55.0,51.2,67.1,,,29.9,,,,,,,,,,,,,
In home  (w/display),Temp & Humidity Sensor,2020/12/21 10:05 PM,67.8,55.0,51.0,66.9,,,29.9,,,,,,,,,,,,,
In home  (w/display),Temp & Humidity Sensor,2020/12/21 10:10 PM,67.6,55.0,50.8,66.6,,,29.9,,,,,,,,,,,,,
In home  (w/display),Temp & Humidity Sensor,2020/12/21 10:15 PM,67.4,55.0,50.7,66.4,,,29.9,,,,,,,,,,,,,
In home  (w/display),Temp & Humidity Sensor,2020/12/21 10:20 PM,67.2,55.0,50.5,66.2,,,29.91,,,,,,,,,,,,,
In home  (w/display),Temp & Humidity Sensor,2020/12/21 10:25 PM,67.1,55.0,50.4,66.1,,,29.91,,,,,,,,,,,,,
In home  (w/display),Temp & Humidity Sensor,2020/12/21 10:30 PM,67.1,55.0,50.4,66.1,,,29.91,,,,,,,,,,,,,
In home  (w/display),Temp & Humidity Sensor,2020/12/21 10:35 PM,66.9,55.0,50.2,65.9,,,29.91,,,,,,,,,,,,,
In home  (w/display),Temp & Humidity Sensor,2020/12/21 10:40 PM,66.7,55.0,50.0,65.7,,,29.91,,,,,,,,,,,,,
In home  (w/display),Temp & Humidity Sensor,2020/12/21 10:45 PM,66.7,55.0,50.0,65.7,,,29.91,,,,,,,,,,,,,
In home  (w/display),Temp & Humidity Sensor,2020/12/21 10:50 PM,66.5,55.0,49.8,65.4,,,29.91,,,,,,,,,,,,,
In home  (w/display),Temp & Humidity Sensor,2020/12/21 10:55 PM,66.3,55.0,49.6,65.2,,,29.91,,,,,,,,,,,,,
In home  (w/display),Temp & Humidity Sensor,2020/12/21 11:00 PM,66.3,55.0,49.6,65.2,,,29.91,,,,,,,,,,,,,
In home  (w/display),Temp & Humidity Sensor,2020/12/21 11:05 PM,66.3,55.0,49.6,65.2,,,29.91,,,,,,,,,,,,,
In home  (w/display),Temp & Humidity Sensor,2020/12/21 11:10 PM,66.2,55.0,49.5,65.1,,,29.91,,,,,,,,,,,,,
In home  (w/display),Temp & Humidity Sensor,2020/12/21 11:15 PM,66.0,56.0,49.8,64.9,,,29.92,,,,,,,,,,,,,
In home  (w/display),Temp & Humidity Sensor,2020/12/21 11:20 PM,66.0,57.0,50.3,65.0,,,29.92,,,,,,,,,,,,,
In home  (w/display),Temp & Humidity Sensor,2020/12/21 11:25 PM,66.0,57.0,50.3,65.0,,,29.92,,,,,,,,,,,,,
In home  (w/display),Temp & Humidity Sensor,2020/12/21 11:30 PM,66.0,57.0,50.3,65.0,,,29.92,,,,,,,,,,,,,
In home  (w/display),Temp & Humidity Sensor,2020/12/21 11:35 PM,65.8,57.0,50.1,64.8,,,29.92,,,,,,,,,,,,,
In home  (w/display),Temp & Humidity Sensor,2020/12/21 11:40 PM,65.8,57.0,50.1,64.8,,,29.92,,,,,,,,,,,,,
In home  (w/display),Temp & Humidity Sensor,2020/12/21 11:45 PM,65.6,57.0,49.9,64.5,,,29.93,,,,,,,,,,,,,
In home  (w/display),Temp & Humidity Sensor,2020/12/21 11:50 PM,65.8,57.0,50.1,64.8,,,29.93,,,,,,,,,,,,,
In home  (w/display),Temp & Humidity Sensor,2020/12/21 11:55 PM,65.4,57.0,49.8,64.3,,,29.93,,,,,,,,,,,,,
In home  (w/display),Temp & Humidity Sensor,2020/12/22 12:00 AM,65.4,57.0,49.8,64.3,,,29.93,,,,,,,,,,,,,
In home  (w/display),Temp & Humidity Sensor,2020/12/22 12:05 AM,65.4,57.0,49.8,64.3,,,29.94,,,,,,,,,,,,,
In home  (w/display),Temp & Humidity Sensor,2020/12/22 12:10 AM,65.4,57.0,49.8,64.3,,,29.93,,,,,,,,,,,,,
In home  (w/display),Temp & Humidity Sensor,2020/12/22 12:15 AM,65.4,57.0,49.8,64.3,,,29.94,,,,,,,,,,,,,
In home  (w/display),Temp & Humidity Sensor,2020/12/22 12:20 AM,65.3,57.0,49.7,64.2,,,29.94,,,,,,,,,,,,,
In home  (w/display),Temp & Humidity Sensor,2020/12/22 12:25 AM,65.3,57.0,49.7,64.2,,,29.94,,,,,,,,,,,,,
In home  (w/display),Temp & Humidity Sensor,2020/12/22 12:30 AM,65.3,57.0,49.7,64.2,,,29.94,,,,,,,,,,,,,
In home  (w/display),Temp & Humidity Sensor,2020/12/22 12:35 AM,65.3,57.0,49.7,64.2,,,29.94,,,,,,,,,,,,,
In home  (w/display),Temp & Humidity Sensor,2020/12/22 12:40 AM,65.3,57.0,49.7,64.2,,,29.94,,,,,,,,,,,,,
In home  (w/display),Temp & Humidity Sensor,2020/12/22 12:45 AM,65.1,57.0,49.5,64.0,,,29.95,,,,,,,,,,,,,
In home  (w/display),Temp & Humidity Sensor,2020/12/22 12:50 AM,64.9,57.0,49.3,63.8,,,29.95,,,,,,,,,,,,,
In home  (w/display),Temp & Humidity Sensor,2020/12/22 12:55 AM,64.9,57.0,49.3,63.8,,,29.95,,,,,,,,,,,,,
In home  (w/display),Temp & Humidity Sensor,2020/12/22 1:00 AM,64.9,57.0,49.3,63.8,,,29.95,,,,,,,,,,,,,
In home  (w/display),Temp & Humidity Sensor,2020/12/22 1:05 AM,64.9,57.0,49.3,63.8,,,29.95,,,,,,,,,,,,,
In home  (w/display),Temp & Humidity Sensor,2020/12/22 1:10 AM,64.7,57.0,49.1,63.5,,,29.95,,,,,,,,,,,,,
In home  (w/display),Temp & Humidity Sensor,2020/12/22 1:15 AM,64.7,57.0,49.1,63.5,,,29.95,,,,,,,,,,,,,
In home  (w/display),Temp & Humidity Sensor,2020/12/22 1:20 AM,64.7,57.0,49.1,63.5,,,29.96,,,,,,,,,,,,,
In home  (w/display),Temp & Humidity Sensor,2020/12/22 1:25 AM,64.7,57.0,49.1,63.5,,,29.96,,,,,,,,,,,,,
In home  (w/display),Temp & Humidity Sensor,2020/12/22 1:30 AM,64.5,57.0,48.9,63.3,,,29.96,,,,,,,,,,,,,
In home  (w/display),Temp & Humidity Sensor,2020/12/22 1:35 AM,64.5,58.0,49.4,63.4,,,29.96,,,,,,,,,,,,,
In home  (w/display),Temp & Humidity Sensor,2020/12/22 1:40 AM,64.5,58.0,49.4,63.4,,,29.96,,,,,,,,,,,,,
In home  (w/display),Temp & Humidity Sensor,2020/12/22 1:45 AM,64.5,57.0,48.9,63.3,,,29.97,,,,,,,,,,,,,
In home  (w/display),Temp & Humidity Sensor,2020/12/22 1:50 AM,64.5,57.0,48.9,63.3,,,29.97,,,,,,,,,,,,,
In home  (w/display),Temp & Humidity Sensor,2020/12/22 1:55 AM,64.5,58.0,49.4,63.4,,,29.97,,,,,,,,,,,,,
In home  (w/display),Temp & Humidity Sensor,2020/12/22 2:00 AM,64.4,57.0,48.8,63.2,,,29.97,,,,,,,,,,,,,
In home  (w/display),Temp & Humidity Sensor,2020/12/22 2:05 AM,64.4,58.0,49.3,63.3,,,29.97,,,,,,,,,,,,,
In home  (w/display),Temp & Humidity Sensor,2020/12/22 2:10 AM,64.4,58.0,49.3,63.3,,,29.97,,,,,,,,,,,,,
In home  (w/display),Temp & Humidity Sensor,2020/12/22 2:15 AM,64.2,57.0,48.6,63.0,,,29.97,,,,,,,,,,,,,
In home  (w/display),Temp & Humidity Sensor,2020/12/22 2:20 AM,64.2,58.0,49.1,63.0,,,29.97,,,,,,,,,,,,,
In home  (w/display),Temp & Humidity Sensor,2020/12/22 2:25 AM,64.2,58.0,49.1,63.0,,,29.97,,,,,,,,,,,,,
In home  (w/display),Temp & Humidity Sensor,2020/12/22 2:30 AM,64.2,58.0,49.1,63.0,,,29.97,,,,,,,,,,,,,
In home  (w/display),Temp & Humidity Sensor,2020/12/22 2:35 AM,64.2,58.0,49.1,63.0,,,29.97,,,,,,,,,,,,,
In home  (w/display),Temp & Humidity Sensor,2020/12/22 2:40 AM,64.0,58.0,48.9,62.8,,,29.97,,,,,,,,,,,,,
In home  (w/display),Temp & Humidity Sensor,2020/12/22 2:45 AM,64.0,58.0,48.9,62.8,,,29.97,,,,,,,,,,,,,
In home  (w/display),Temp & Humidity Sensor,2020/12/22 2:50 AM,64.0,58.0,48.9,62.8,,,29.97,,,,,,,,,,,,,
In home  (w/display),Temp & Humidity Sensor,2020/12/22 2:55 AM,64.0,58.0,48.9,62.8,,,29.97,,,,,,,,,,,,,
In home  (w/display),Temp & Humidity Sensor,2020/12/22 3:00 AM,64.0,57.0,48.5,62.8,,,29.97,,,,,,,,,,,,,
In home  (w/display),Temp & Humidity Sensor,2020/12/22 3:05 AM,63.8,57.0,48.3,62.6,,,29.97,,,,,,,,,,,,,
In home  (w/display),Temp & Humidity Sensor,2020/12/22 3:10 AM,63.8,57.0,48.3,62.6,,,29.97,,,,,,,,,,,,,
In home  (w/display),Temp & Humidity Sensor,2020/12/22 3:15 AM,63.8,57.0,48.3,62.6,,,29.97,,,,,,,,,,,,,
In home  (w/display),Temp & Humidity Sensor,2020/12/22 3:20 AM,63.6,57.0,48.1,62.3,,,29.97,,,,,,,,,,,,,
In home  (w/display),Temp & Humidity Sensor,2020/12/22 3:25 AM,63.6,57.0,48.1,62.3,,,29.97,,,,,,,,,,,,,
In home  (w/display),Temp & Humidity Sensor,2020/12/22 3:30 AM,63.6,57.0,48.1,62.3,,,29.97,,,,,,,,,,,,,
In home  (w/display),Temp & Humidity Sensor,2020/12/22 3:35 AM,63.6,57.0,48.1,62.3,,,29.97,,,,,,,,,,,,,
In home  (w/display),Temp & Humidity Sensor,2020/12/22 3:40 AM,63.6,57.0,48.1,62.3,,,29.97,,,,,,,,,,,,,
In home  (w/display),Temp & Humidity Sensor,2020/12/22 3:45 AM,63.5,57.0,48.0,62.2,,,29.97,,,,,,,,,,,,,
In home  (w/display),Temp & Humidity Sensor,2020/12/22 3:50 AM,63.5,57.0,48.0,62.2,,,29.97,,,,,,,,,,,,,
In home  (w/display),Temp & Humidity Sensor,2020/12/22 3:55 AM,63.5,57.0,48.0,62.2,,,29.97,,,,,,,,,,,,,
In home  (w/display),Temp & Humidity Sensor,2020/12/22 4:00 AM,63.5,57.0,48.0,62.2,,,29.97,,,,,,,,,,,,,
In home  (w/display),Temp & Humidity Sensor,2020/12/22 4:05 AM,63.5,58.0,48.5,62.3,,,29.97,,,,,,,,,,,,,
In home  (w/display),Temp & Humidity Sensor,2020/12/22 4:10 AM,63.5,58.0,48.5,62.3,,,29.97,,,,,,,,,,,,,
In home  (w/display),Temp & Humidity Sensor,2020/12/22 4:15 AM,63.5,58.0,48.5,62.3,,,29.97,,,,,,,,,,,,,
In home  (w/display),Temp & Humidity Sensor,2020/12/22 4:20 AM,63.3,58.0,48.3,62.1,,,29.97,,,,,,,,,,,,,
In home  (w/display),Temp & Humidity Sensor,2020/12/22 4:25 AM,63.3,58.0,48.3,62.1,,,29.97,,,,,,,,,,,,,
In home  (w/display),Temp & Humidity Sensor,2020/12/22 4:30 AM,63.3,58.0,48.3,62.1,,,29.97,,,,,,,,,,,,,
In home  (w/display),Temp & Humidity Sensor,2020/12/22 4:35 AM,63.1,58.0,48.1,61.8,,,29.97,,,,,,,,,,,,,
In home  (w/display),Temp & Humidity Sensor,2020/12/22 4:40 AM,63.1,58.0,48.1,61.8,,,29.97,,,,,,,,,,,,,
In home  (w/display),Temp & Humidity Sensor,2020/12/22 4:45 AM,63.1,58.0,48.1,61.8,,,29.97,,,,,,,,,,,,,
In home  (w/display),Temp & Humidity Sensor,2020/12/22 4:50 AM,63.1,58.0,48.1,61.8,,,29.97,,,,,,,,,,,,,
In home  (w/display),Temp & Humidity Sensor,2020/12/22 4:55 AM,63.1,58.0,48.1,61.8,,,29.97,,,,,,,,,,,,,
In home  (w/display),Temp & Humidity Sensor,2020/12/22 5:00 AM,63.5,58.0,48.5,62.3,,,29.97,,,,,,,,,,,,,
In home  (w/display),Temp & Humidity Sensor,2020/12/22 5:05 AM,64.0,57.0,48.5,62.8,,,29.97,,,,,,,,,,,,,
In home  (w/display),Temp & Humidity Sensor,2020/12/22 5:10 AM,64.2,57.0,48.6,63.0,,,29.98,,,,,,,,,,,,,
In home  (w/display),Temp & Humidity Sensor,2020/12/22 5:15 AM,64.7,57.0,49.1,63.5,,,29.98,,,,,,,,,,,,,
In home  (w/display),Temp & Humidity Sensor,2020/12/22 5:20 AM,65.1,57.0,49.5,64.0,,,29.98,,,,,,,,,,,,,
In home  (w/display),Temp & Humidity Sensor,2020/12/22 5:25 AM,65.4,57.0,49.8,64.3,,,29.98,,,,,,,,,,,,,
In home  (w/display),Temp & Humidity Sensor,2020/12/22 5:30 AM,65.8,57.0,50.1,64.8,,,29.98,,,,,,,,,,,,,
In home  (w/display),Temp & Humidity Sensor,2020/12/22 5:35 AM,66.0,56.0,49.8,64.9,,,29.98,,,,,,,,,,,,,
In home  (w/display),Temp & Humidity Sensor,2020/12/22 5:40 AM,66.0,56.0,49.8,64.9,,,29.99,,,,,,,,,,,,,
In home  (w/display),Temp & Humidity Sensor,2020/12/22 5:45 AM,66.2,56.0,50.0,65.2,,,29.99,,,,,,,,,,,,,
In home  (w/display),Temp & Humidity Sensor,2020/12/22 5:50 AM,66.5,55.0,49.8,65.4,,,29.99,,,,,,,,,,,,,
In home  (w/display),Temp & Humidity Sensor,2020/12/22 5:55 AM,66.7,55.0,50.0,65.7,,,29.98,,,,,,,,,,,,,
In home  (w/display),Temp & Humidity Sensor,2020/12/22 6:00 AM,66.7,55.0,50.0,65.7,,,29.99,,,,,,,,,,,,,
In home  (w/display),Temp & Humidity Sensor,2020/12/22 6:05 AM,66.5,55.0,49.8,65.4,,,29.99,,,,,,,,,,,,,
In home  (w/display),Temp & Humidity Sensor,2020/12/22 6:10 AM,66.7,55.0,50.0,65.7,,,30.0,,,,,,,,,,,,,
In home  (w/display),Temp & Humidity Sensor,2020/12/22 6:15 AM,66.7,55.0,50.0,65.7,,,30.0,,,,,,,,,,,,,
In home  (w/display),Temp & Humidity Sensor,2020/12/22 6:20 AM,67.1,55.0,50.4,66.1,,,30.0,,,,,,,,,,,,,
In home  (w/display),Temp & Humidity Sensor,2020/12/22 6:25 AM,67.1,55.0,50.4,66.1,,,30.0,,,,,,,,,,,,,
In home  (w/display),Temp & Humidity Sensor,2020/12/22 6:30 AM,67.1,55.0,50.4,66.1,,,30.01,,,,,,,,,,,,,
In home  (w/display),Temp & Humidity Sensor,2020/12/22 6:35 AM,67.1,55.0,50.4,66.1,,,30.01,,,,,,,,,,,,,
In home  (w/display),Temp & Humidity Sensor,2020/12/22 6:40 AM,67.2,55.0,50.5,66.2,,,30.02,,,,,,,,,,,,,
In home  (w/display),Temp & Humidity Sensor,2020/12/22 6:45 AM,67.6,55.0,50.8,66.6,,,30.02,,,,,,,,,,,,,
In home  (w/display),Temp & Humidity Sensor,2020/12/22 6:50 AM,67.4,55.0,50.7,66.4,,,30.02,,,,,,,,,,,,,
In home  (w/display),Temp & Humidity Sensor,2020/12/22 6:55 AM,67.2,55.0,50.5,66.2,,,30.02,,,,,,,,,,,,,
In home  (w/display),Temp & Humidity Sensor,2020/12/22 7:00 AM,67.2,55.0,50.5,66.2,,,30.02,,,,,,,,,,,,,
In home  (w/display),Temp & Humidity Sensor,2020/12/22 7:05 AM,67.4,55.0,50.7,66.4,,,30.02,,,,,,,,,,,,,
In home  (w/display),Temp & Humidity Sensor,2020/12/22 7:10 AM,67.4,55.0,50.7,66.4,,,30.03,,,,,,,,,,,,,
In home  (w/display),Temp & Humidity Sensor,2020/12/22 7:15 AM,67.4,55.0,50.7,66.4,,,30.03,,,,,,,,,,,,,
In home  (w/display),Temp & Humidity Sensor,2020/12/22 7:20 AM,67.2,55.0,50.5,66.2,,,30.03,,,,,,,,,,,,,
In home  (w/display),Temp & Humidity Sensor,2020/12/22 7:25 AM,67.2,55.0,50.5,66.2,,,30.03,,,,,,,,,,,,,
In home  (w/display),Temp & Humidity Sensor,2020/12/22 7:30 AM,67.6,55.0,50.8,66.6,,,30.03,,,,,,,,,,,,,
In home  (w/display),Temp & Humidity Sensor,2020/12/22 7:35 AM,67.8,54.0,50.5,66.8,,,30.03,,,,,,,,,,,,,
In home  (w/display),Temp & Humidity Sensor,2020/12/22 7:40 AM,67.6,54.0,50.4,66.6,,,30.04,,,,,,,,,,,,,
In home  (w/display),Temp & Humidity Sensor,2020/12/22 7:45 AM,67.6,54.0,50.4,66.6,,,30.04,,,,,,,,,,,,,
In home  (w/display),Temp & Humidity Sensor,2020/12/22 7:50 AM,67.6,54.0,50.4,66.6,,,30.04,,,,,,,,,,,,,
In home  (w/display),Temp & Humidity Sensor,2020/12/22 7:55 AM,67.6,54.0,50.4,66.6,,,30.05,,,,,,,,,,,,,
In home  (w/display),Temp & Humidity Sensor,2020/12/22 8:00 AM,67.8,54.0,50.5,66.8,,,30.05,,,,,,,,,,,,,
In home  (w/display),Temp & Humidity Sensor,2020/12/22 8:05 AM,67.6,54.0,50.4,66.6,,,30.05,,,,,,,,,,,,,
In home  (w/display),Temp & Humidity Sensor,2020/12/22 8:10 AM,67.4,55.0,50.7,66.4,,,30.06,,,,,,,,,,,,,
In home  (w/display),Temp & Humidity Sensor,2020/12/22 8:15 AM,67.2,54.0,50.0,66.2,,,30.06,,,,,,,,,,,,,
In home  (w/display),Temp & Humidity Sensor,2020/12/22 8:20 AM,67.1,54.0,49.9,66.0,,,30.06,,,,,,,,,,,,,
In home  (w/display),Temp & Humidity Sensor,2020/12/22 8:25 AM,66.9,55.0,50.2,65.9,,,30.07,,,,,,,,,,,,,
In home  (w/display),Temp & Humidity Sensor,2020/12/22 8:30 AM,66.7,55.0,50.0,65.7,,,30.07,,,,,,,,,,,,,
In home  (w/display),Temp & Humidity Sensor,2020/12/22 8:35 AM,66.7,55.0,50.0,65.7,,,30.07,,,,,,,,,,,,,
In home  (w/display),Temp & Humidity Sensor,2020/12/22 8:40 AM,66.3,55.0,49.6,65.2,,,30.08,,,,,,,,,,,,,
In home  (w/display),Temp & Humidity Sensor,2020/12/22 8:45 AM,66.5,55.0,49.8,65.4,,,30.08,,,,,,,,,,,,,
In home  (w/display),Temp & Humidity Sensor,2020/12/22 8:50 AM,66.7,55.0,50.0,65.7,,,30.08,,,,,,,,,,,,,
In home  (w/display),Temp & Humidity Sensor,2020/12/22 8:55 AM,66.5,55.0,49.8,65.4,,,30.08,,,,,,,,,,,,,
In home  (w/display),Temp & Humidity Sensor,2020/12/22 9:00 AM,66.3,55.0,49.6,65.2,,,30.09,,,,,,,,,,,,,
In home  (w/display),Temp & Humidity Sensor,2020/12/22 9:05 AM,66.3,55.0,49.6,65.2,,,30.09,,,,,,,,,,,,,
In home  (w/display),Temp & Humidity Sensor,2020/12/22 9:10 AM,66.2,54.0,49.1,65.1,,,30.09,,,,,,,,,,,,,
In home  (w/display),Temp & Humidity Sensor,2020/12/22 9:15 AM,66.2,55.0,49.5,65.1,,,30.1,,,,,,,,,,,,,
In home  (w/display),Temp & Humidity Sensor,2020/12/22 9:20 AM,66.2,54.0,49.1,65.1,,,30.1,,,,,,,,,,,,,
In home  (w/display),Temp & Humidity Sensor,2020/12/22 9:25 AM,66.2,54.0,49.1,65.1,,,30.1,,,,,,,,,,,,,
In home  (w/display),Temp & Humidity Sensor,2020/12/22 9:30 AM,66.0,55.0,49.4,64.9,,,30.11,,,,,,,,,,,,,
In home  (w/display),Temp & Humidity Sensor,2020/12/22 9:35 AM,65.8,55.0,49.2,64.7,,,30.11,,,,,,,,,,,,,
In home  (w/display),Temp & Humidity Sensor,2020/12/22 9:40 AM,65.6,55.0,49.0,64.4,,,30.11,,,,,,,,,,,,,
In home  (w/display),Temp & Humidity Sensor,2020/12/22 9:45 AM,65.4,55.0,48.8,64.2,,,30.11,,,,,,,,,,,,,
In home  (w/display),Temp & Humidity Sensor,2020/12/22 9:50 AM,65.4,55.0,48.8,64.2,,,30.11,,,,,,,,,,,,,
In home  (w/display),Temp & Humidity Sensor,2020/12/22 9:55 AM,65.3,55.0,48.7,64.1,,,30.12,,,,,,,,,,,,,
In home  (w/display),Temp & Humidity Sensor,2020/12/22 10:00 AM,65.3,54.0,48.2,64.1,,,30.12,,,,,,,,,,,,,
In home  (w/display),Temp & Humidity Sensor,2020/12/22 10:05 AM,65.3,54.0,48.2,64.1,,,30.12,,,,,,,,,,,,,
In home  (w/display),Temp & Humidity Sensor,2020/12/22 10:10 AM,65.1,54.0,48.0,63.8,,,30.13,,,,,,,,,,,,,
In home  (w/display),Temp & Humidity Sensor,2020/12/22 10:15 AM,64.9,54.0,47.9,63.6,,,30.12,,,,,,,,,,,,,
In home  (w/display),Temp & Humidity Sensor,2020/12/22 10:20 AM,64.7,54.0,47.7,63.4,,,30.13,,,,,,,,,,,,,
In home  (w/display),Temp & Humidity Sensor,2020/12/22 10:25 AM,64.7,53.0,47.2,63.4,,,30.13,,,,,,,,,,,,,
In home  (w/display),Temp & Humidity Sensor,2020/12/22 10:30 AM,64.5,53.0,47.0,63.1,,,30.13,,,,,,,,,,,,,
In home  (w/display),Temp & Humidity Sensor,2020/12/22 10:35 AM,64.5,53.0,47.0,63.1,,,30.13,,,,,,,,,,,,,
In home  (w/display),Temp & Humidity Sensor,2020/12/22 10:40 AM,64.5,54.0,47.5,63.2,,,30.14,,,,,,,,,,,,,
In home  (w/display),Temp & Humidity Sensor,2020/12/22 10:45 AM,64.4,53.0,46.9,63.0,,,30.13,,,,,,,,,,,,,
In home  (w/display),Temp & Humidity Sensor,2020/12/22 10:50 AM,64.2,53.0,46.7,62.8,,,30.14,,,,,,,,,,,,,
In home  (w/display),Temp & Humidity Sensor,2020/12/22 10:55 AM,64.2,53.0,46.7,62.8,,,30.15,,,,,,,,,,,,,
In home  (w/display),Temp & Humidity Sensor,2020/12/22 11:00 AM,64.0,52.0,46.0,62.5,,,30.15,,,,,,,,,,,,,
In home  (w/display),Temp & Humidity Sensor,2020/12/22 11:05 AM,64.0,52.0,46.0,62.5,,,30.15,,,,,,,,,,,,,
In home  (w/display),Temp & Humidity Sensor,2020/12/22 11:10 AM,64.0,51.0,45.5,62.5,,,30.15,,,,,,,,,,,,,
In home  (w/display),Temp & Humidity Sensor,2020/12/22 11:15 AM,64.0,51.0,45.5,62.5,,,30.15,,,,,,,,,,,,,
In home  (w/display),Temp & Humidity Sensor,2020/12/22 11:20 AM,64.0,50.0,45.0,62.5,,,30.15,,,,,,,,,,,,,
In home  (w/display),Temp & Humidity Sensor,2020/12/22 11:25 AM,64.0,50.0,45.0,62.5,,,30.15,,,,,,,,,,,,,
In home  (w/display),Temp & Humidity Sensor,2020/12/22 11:30 AM,64.0,50.0,45.0,62.5,,,30.14,,,,,,,,,,,,,
In home  (w/display),Temp & Humidity Sensor,2020/12/22 11:35 AM,63.8,50.0,44.8,62.2,,,30.15,,,,,,,,,,,,,
In home  (w/display),Temp & Humidity Sensor,2020/12/22 11:40 AM,63.8,50.0,44.8,62.2,,,30.15,,,,,,,,,,,,,
In home  (w/display),Temp & Humidity Sensor,2020/12/22 11:45 AM,63.6,50.0,44.6,62.0,,,30.15,,,,,,,,,,,,,
In home  (w/display),Temp & Humidity Sensor,2020/12/22 11:50 AM,63.5,50.0,44.5,61.9,,,30.15,,,,,,,,,,,,,
In home  (w/display),Temp & Humidity Sensor,2020/12/22 11:55 AM,63.5,50.0,44.5,61.9,,,30.15,,,,,,,,,,,,,
In home  (w/display),Temp & Humidity Sensor,2020/12/22 12:00 PM,63.5,49.0,44.0,61.9,,,30.15,,,,,,,,,,,,,
In home  (w/display),Temp & Humidity Sensor,2020/12/22 12:05 PM,63.5,49.0,44.0,61.9,,,30.15,,,,,,,,,,,,,
In home  (w/display),Temp & Humidity Sensor,2020/12/22 12:10 PM,64.0,49.0,44.5,62.4,,,30.15,,,,,,,,,,,,,
In home  (w/display),Temp & Humidity Sensor,2020/12/22 12:15 PM,64.5,50.0,45.4,63.0,,,30.15,,,,,,,,,,,,,
In home  (w/display),Temp & Humidity Sensor,2020/12/22 12:20 PM,65.3,50.0,46.2,63.9,,,30.15,,,,,,,,,,,,,
In home  (w/display),Temp & Humidity Sensor,2020/12/22 12:25 PM,65.8,50.0,46.6,64.4,,,30.15,,,,,,,,,,,,,
In home  (w/display),Temp & Humidity Sensor,2020/12/22 12:30 PM,66.3,49.0,46.6,64.9,,,30.16,,,,,,,,,,,,,
In home  (w/display),Temp & Humidity Sensor,2020/12/22 12:35 PM,66.2,49.0,46.5,64.8,,,30.16,,,,,,,,,,,,,
In home  (w/display),Temp & Humidity Sensor,2020/12/22 12:40 PM,65.8,51.0,47.2,64.5,,,30.16,,,,,,,,,,,,,
In home  (w/display),Temp & Humidity Sensor,2020/12/22 12:45 PM,66.0,51.0,47.3,64.7,,,30.16,,,,,,,,,,,,,
In home  (w/display),Temp & Humidity Sensor,2020/12/22 12:50 PM,66.7,50.0,47.5,65.4,,,30.16,,,,,,,,,,,,,
In home  (w/display),Temp & Humidity Sensor,2020/12/22 12:55 PM,66.7,50.0,47.5,65.4,,,30.16,,,,,,,,,,,,,
In home  (w/display),Temp & Humidity Sensor,2020/12/22 1:00 PM,66.3,50.0,47.1,65.0,,,30.16,,,,,,,,,,,,,
In home  (w/display),Temp & Humidity Sensor,2020/12/22 1:05 PM,66.3,50.0,47.1,65.0,,,30.16,,,,,,,,,,,,,
In home  (w/display),Temp & Humidity Sensor,2020/12/22 1:10 PM,66.3,50.0,47.1,65.0,,,30.16,,,,,,,,,,,,,
In home  (w/display),Temp & Humidity Sensor,2020/12/22 1:15 PM,66.9,51.0,48.2,65.7,,,30.17,,,,,,,,,,,,,
In home  (w/display),Temp & Humidity Sensor,2020/12/22 1:20 PM,66.7,51.0,48.0,65.5,,,30.16,,,,,,,,,,,,,
In home  (w/display),Temp & Humidity Sensor,2020/12/22 1:25 PM,66.7,51.0,48.0,65.5,,,30.16,,,,,,,,,,,,,
In home  (w/display),Temp & Humidity Sensor,2020/12/22 1:30 PM,66.9,51.0,48.2,65.7,,,30.16,,,,,,,,,,,,,
In home  (w/display),Temp & Humidity Sensor,2020/12/22 1:35 PM,67.1,51.0,48.4,65.9,,,30.16,,,,,,,,,,,,,
In home  (w/display),Temp & Humidity Sensor,2020/12/22 1:40 PM,67.1,51.0,48.4,65.9,,,30.16,,,,,,,,,,,,,
In home  (w/display),Temp & Humidity Sensor,2020/12/22 1:45 PM,66.9,51.0,48.2,65.7,,,30.16,,,,,,,,,,,,,
In home  (w/display),Temp & Humidity Sensor,2020/12/22 1:50 PM,66.7,51.0,48.0,65.5,,,30.17,,,,,,,,,,,,,
In home  (w/display),Temp & Humidity Sensor,2020/12/22 1:55 PM,66.7,52.0,48.5,65.5,,,30.16,,,,,,,,,,,,,
In home  (w/display),Temp & Humidity Sensor,2020/12/22 2:00 PM,67.1,52.0,48.9,66.0,,,30.16,,,,,,,,,,,,,
In home  (w/display),Temp & Humidity Sensor,2020/12/22 2:05 PM,67.1,52.0,48.9,66.0,,,30.17,,,,,,,,,,,,,
In home  (w/display),Temp & Humidity Sensor,2020/12/22 2:10 PM,67.1,52.0,48.9,66.0,,,30.17,,,,,,,,,,,,,
In home  (w/display),Temp & Humidity Sensor,2020/12/22 2:15 PM,66.7,52.0,48.5,65.5,,,30.17,,,,,,,,,,,,,
In home  (w/display),Temp & Humidity Sensor,2020/12/22 2:20 PM,66.7,52.0,48.5,65.5,,,30.17,,,,,,,,,,,,,
In home  (w/display),Temp & Humidity Sensor,2020/12/22 2:25 PM,66.7,52.0,48.5,65.5,,,30.17,,,,,,,,,,,,,
In home  (w/display),Temp & Humidity Sensor,2020/12/22 2:30 PM,67.1,52.0,48.9,66.0,,,30.17,,,,,,,,,,,,,
In home  (w/display),Temp & Humidity Sensor,2020/12/22 2:35 PM,67.1,52.0,48.9,66.0,,,30.17,,,,,,,,,,,,,
In home  (w/display),Temp & Humidity Sensor,2020/12/22 2:40 PM,66.9,52.0,48.7,65.7,,,30.17,,,,,,,,,,,,,
In home  (w/display),Temp & Humidity Sensor,2020/12/22 2:45 PM,66.7,52.0,48.5,65.5,,,30.18,,,,,,,,,,,,,
In home  (w/display),Temp & Humidity Sensor,2020/12/22 2:50 PM,66.7,52.0,48.5,65.5,,,30.18,,,,,,,,,,,,,
In home  (w/display),Temp & Humidity Sensor,2020/12/22 2:55 PM,66.5,52.0,48.3,65.3,,,30.18,,,,,,,,,,,,,
In home  (w/display),Temp & Humidity Sensor,2020/12/22 3:00 PM,66.5,52.0,48.3,65.3,,,30.19,,,,,,,,,,,,,
In home  (w/display),Temp & Humidity Sensor,2020/12/22 3:05 PM,66.9,52.0,48.7,65.7,,,30.18,,,,,,,,,,,,,
In home  (w/display),Temp & Humidity Sensor,2020/12/22 3:10 PM,66.7,53.0,49.0,65.6,,,30.18,,,,,,,,,,,,,
In home  (w/display),Temp & Humidity Sensor,2020/12/22 3:15 PM,66.7,52.0,48.5,65.5,,,30.19,,,,,,,,,,,,,
In home  (w/display),Temp & Humidity Sensor,2020/12/22 3:20 PM,66.5,52.0,48.3,65.3,,,30.19,,,,,,,,,,,,,
In home  (w/display),Temp & Humidity Sensor,2020/12/22 3:25 PM,66.3,51.0,47.6,65.0,,,30.19,,,,,,,,,,,,,
In home  (w/display),Temp & Humidity Sensor,2020/12/22 3:30 PM,66.5,51.0,47.8,65.2,,,30.19,,,,,,,,,,,,,
In home  (w/display),Temp & Humidity Sensor,2020/12/22 3:35 PM,66.7,52.0,48.5,65.5,,,30.19,,,,,,,,,,,,,
In home  (w/display),Temp & Humidity Sensor,2020/12/22 3:40 PM,66.7,51.0,48.0,65.5,,,30.2,,,,,,,,,,,,,
In home  (w/display),Temp & Humidity Sensor,2020/12/22 3:45 PM,66.7,52.0,48.5,65.5,,,30.2,,,,,,,,,,,,,
In home  (w/display),Temp & Humidity Sensor,2020/12/22 3:50 PM,66.3,51.0,47.6,65.0,,,30.2,,,,,,,,,,,,,
In home  (w/display),Temp & Humidity Sensor,2020/12/22 3:55 PM,66.3,51.0,47.6,65.0,,,30.21,,,,,,,,,,,,,
In home  (w/display),Temp & Humidity Sensor,2020/12/22 4:00 PM,66.2,52.0,48.0,65.0,,,30.21,,,,,,,,,,,,,
In home  (w/display),Temp & Humidity Sensor,2020/12/22 4:05 PM,66.3,52.0,48.1,65.1,,,30.21,,,,,,,,,,,,,
In home  (w/display),Temp & Humidity Sensor,2020/12/22 4:10 PM,66.3,52.0,48.1,65.1,,,30.21,,,,,,,,,,,,,
In home  (w/display),Temp & Humidity Sensor,2020/12/22 4:15 PM,66.3,52.0,48.1,65.1,,,30.21,,,,,,,,,,,,,
In home  (w/display),Temp & Humidity Sensor,2020/12/22 4:20 PM,66.3,52.0,48.1,65.1,,,30.21,,,,,,,,,,,,,
In home  (w/display),Temp & Humidity Sensor,2020/12/22 4:25 PM,66.3,52.0,48.1,65.1,,,30.22,,,,,,,,,,,,,
In home  (w/display),Temp & Humidity Sensor,2020/12/22 4:30 PM,66.2,52.0,48.0,65.0,,,30.22,,,,,,,,,,,,,
In home  (w/display),Temp & Humidity Sensor,2020/12/22 4:35 PM,66.0,53.0,48.4,64.8,,,30.22,,,,,,,,,,,,,
In home  (w/display),Temp & Humidity Sensor,2020/12/22 4:40 PM,66.0,53.0,48.4,64.8,,,30.21,,,,,,,,,,,,,
In home  (w/display),Temp & Humidity Sensor,2020/12/22 4:45 PM,66.0,53.0,48.4,64.8,,,30.22,,,,,,,,,,,,,
In home  (w/display),Temp & Humidity Sensor,2020/12/22 4:50 PM,66.3,52.0,48.1,65.1,,,30.23,,,,,,,,,,,,,
In home  (w/display),Temp & Humidity Sensor,2020/12/22 4:55 PM,66.3,52.0,48.1,65.1,,,30.23,,,,,,,,,,,,,
In home  (w/display),Temp & Humidity Sensor,2020/12/22 5:00 PM,66.2,52.0,48.0,65.0,,,30.23,,,,,,,,,,,,,
In home  (w/display),Temp & Humidity Sensor,2020/12/22 5:05 PM,66.0,53.0,48.4,64.8,,,30.22,,,,,,,,,,,,,
In home  (w/display),Temp & Humidity Sensor,2020/12/22 5:10 PM,66.0,53.0,48.4,64.8,,,30.22,,,,,,,,,,,,,
In home  (w/display),Temp & Humidity Sensor,2020/12/22 5:15 PM,65.8,53.0,48.2,64.6,,,30.23,,,,,,,,,,,,,
In home  (w/display),Temp & Humidity Sensor,2020/12/22 5:20 PM,65.8,53.0,48.2,64.6,,,30.23,,,,,,,,,,,,,
In home  (w/display),Temp & Humidity Sensor,2020/12/22 5:25 PM,66.0,53.0,48.4,64.8,,,30.24,,,,,,,,,,,,,
In home  (w/display),Temp & Humidity Sensor,2020/12/22 5:30 PM,66.0,53.0,48.4,64.8,,,30.23,,,,,,,,,,,,,
In home  (w/display),Temp & Humidity Sensor,2020/12/22 5:35 PM,66.0,53.0,48.4,64.8,,,30.23,,,,,,,,,,,,,
In home  (w/display),Temp & Humidity Sensor,2020/12/22 5:40 PM,65.8,53.0,48.2,64.6,,,30.24,,,,,,,,,,,,,
In home  (w/display),Temp & Humidity Sensor,2020/12/22 5:45 PM,65.8,53.0,48.2,64.6,,,30.25,,,,,,,,,,,,,
In home  (w/display),Temp & Humidity Sensor,2020/12/22 5:50 PM,65.8,54.0,48.7,64.6,,,30.25,,,,,,,,,,,,,
In home  (w/display),Temp & Humidity Sensor,2020/12/22 5:55 PM,65.8,53.0,48.2,64.6,,,30.24,,,,,,,,,,,,,
In home  (w/display),Temp & Humidity Sensor,2020/12/22 6:00 PM,66.0,53.0,48.4,64.8,,,30.24,,,,,,,,,,,,,
In home  (w/display),Temp & Humidity Sensor,2020/12/22 6:05 PM,66.0,54.0,48.9,64.8,,,30.25,,,,,,,,,,,,,
In home  (w/display),Temp & Humidity Sensor,2020/12/22 6:10 PM,66.2,53.0,48.6,65.0,,,30.25,,,,,,,,,,,,,
In home  (w/display),Temp & Humidity Sensor,2020/12/22 6:15 PM,66.0,53.0,48.4,64.8,,,30.26,,,,,,,,,,,,,
In home  (w/display),Temp & Humidity Sensor,2020/12/22 6:20 PM,66.0,53.0,48.4,64.8,,,30.26,,,,,,,,,,,,,
In home  (w/display),Temp & Humidity Sensor,2020/12/22 6:25 PM,66.0,53.0,48.4,64.8,,,30.25,,,,,,,,,,,,,
In home  (w/display),Temp & Humidity Sensor,2020/12/22 6:30 PM,66.0,53.0,48.4,64.8,,,30.26,,,,,,,,,,,,,
In home  (w/display),Temp & Humidity Sensor,2020/12/22 6:35 PM,66.2,53.0,48.6,65.0,,,30.27,,,,,,,,,,,,,
In home  (w/display),Temp & Humidity Sensor,2020/12/22 6:40 PM,66.3,53.0,48.6,65.1,,,30.27,,,,,,,,,,,,,
In home  (w/display),Temp & Humidity Sensor,2020/12/22 6:45 PM,66.3,53.0,48.6,65.1,,,30.27,,,,,,,,,,,,,
In home  (w/display),Temp & Humidity Sensor,2020/12/22 6:50 PM,66.9,53.0,49.2,65.8,,,30.27,,,,,,,,,,,,,
In home  (w/display),Temp & Humidity Sensor,2020/12/22 6:55 PM,67.4,53.0,49.7,66.3,,,30.27,,,,,,,,,,,,,
In home  (w/display),Temp & Humidity Sensor,2020/12/22 7:00 PM,67.6,53.0,49.9,66.6,,,30.28,,,,,,,,,,,,,
In home  (w/display),Temp & Humidity Sensor,2020/12/22 7:05 PM,67.4,53.0,49.7,66.3,,,30.28,,,,,,,,,,,,,
In home  (w/display),Temp & Humidity Sensor,2020/12/22 7:10 PM,67.2,53.0,49.5,66.1,,,30.28,,,,,,,,,,,,,
In home  (w/display),Temp & Humidity Sensor,2020/12/22 7:15 PM,67.6,53.0,49.9,66.6,,,30.29,,,,,,,,,,,,,
In home  (w/display),Temp & Humidity Sensor,2020/12/22 7:20 PM,67.6,53.0,49.9,66.6,,,30.29,,,,,,,,,,,,,
In home  (w/display),Temp & Humidity Sensor,2020/12/22 7:40 PM,67.8,53.0,50.0,66.8,,,30.29,,,,,,,,,,,,,
In home  (w/display),Temp & Humidity Sensor,2020/12/22 7:45 PM,67.8,53.0,50.0,66.8,,,30.3,,,,,,,,,,,,,
In home  (w/display),Temp & Humidity Sensor,2020/12/22 7:50 PM,67.6,53.0,49.9,66.6,,,30.29,,,,,,,,,,,,,
In home  (w/display),Temp & Humidity Sensor,2020/12/22 7:55 PM,67.6,53.0,49.9,66.6,,,30.3,,,,,,,,,,,,,
In home  (w/display),Temp & Humidity Sensor,2020/12/22 8:00 PM,67.8,53.0,50.0,66.8,,,30.3,,,,,,,,,,,,,
In home  (w/display),Temp & Humidity Sensor,2020/12/22 8:05 PM,67.8,53.0,50.0,66.8,,,30.3,,,,,,,,,,,,,
In home  (w/display),Temp & Humidity Sensor,2020/12/22 8:10 PM,67.8,53.0,50.0,66.8,,,30.3,,,,,,,,,,,,,
In home  (w/display),Temp & Humidity Sensor,2020/12/22 8:15 PM,67.8,53.0,50.0,66.8,,,30.31,,,,,,,,,,,,,
In home  (w/display),Temp & Humidity Sensor,2020/12/22 8:20 PM,67.8,53.0,50.0,66.8,,,30.31,,,,,,,,,,,,,
In home  (w/display),Temp & Humidity Sensor,2020/12/22 8:25 PM,67.8,53.0,50.0,66.8,,,30.31,,,,,,,,,,,,,
In home  (w/display),Temp & Humidity Sensor,2020/12/22 8:30 PM,67.8,53.0,50.0,66.8,,,30.31,,,,,,,,,,,,,
In home  (w/display),Temp & Humidity Sensor,2020/12/22 8:35 PM,67.8,53.0,50.0,66.8,,,30.32,,,,,,,,,,,,,
In home  (w/display),Temp & Humidity Sensor,2020/12/22 8:40 PM,68.0,53.0,50.2,67.0,,,30.32,,,,,,,,,,,,,
In home  (w/display),Temp & Humidity Sensor,2020/12/22 8:45 PM,68.0,53.0,50.2,67.0,,,30.32,,,,,,,,,,,,,
In home  (w/display),Temp & Humidity Sensor,2020/12/22 8:50 PM,68.0,53.0,50.2,67.0,,,30.32,,,,,,,,,,,,,
In home  (w/display),Temp & Humidity Sensor,2020/12/22 8:55 PM,67.8,53.0,50.0,66.8,,,30.32,,,,,,,,,,,,,
In home  (w/display),Temp & Humidity Sensor,2020/12/22 9:00 PM,68.0,53.0,50.2,67.0,,,30.32,,,,,,,,,,,,,
In home  (w/display),Temp & Humidity Sensor,2020/12/22 9:05 PM,68.1,53.0,50.3,67.1,,,30.32,,,,,,,,,,,,,
In home  (w/display),Temp & Humidity Sensor,2020/12/22 9:10 PM,68.0,53.0,50.2,67.0,,,30.32,,,,,,,,,,,,,
In home  (w/display),Temp & Humidity Sensor,2020/12/22 9:15 PM,68.0,53.0,50.2,67.0,,,30.33,,,,,,,,,,,,,
In home  (w/display),Temp & Humidity Sensor,2020/12/22 9:20 PM,68.0,53.0,50.2,67.0,,,30.33,,,,,,,,,,,,,
In home  (w/display),Temp & Humidity Sensor,2020/12/22 9:25 PM,68.1,53.0,50.3,67.1,,,30.32,,,,,,,,,,,,,
In home  (w/display),Temp & Humidity Sensor,2020/12/22 9:30 PM,68.1,53.0,50.3,67.1,,,30.33,,,,,,,,,,,,,
In home  (w/display),Temp & Humidity Sensor,2020/12/22 9:35 PM,67.8,53.0,50.0,66.8,,,30.33,,,,,,,,,,,,,
In home  (w/display),Temp & Humidity Sensor,2020/12/22 9:40 PM,68.0,53.0,50.2,67.0,,,30.33,,,,,,,,,,,,,
In home  (w/display),Temp & Humidity Sensor,2020/12/22 9:45 PM,68.1,53.0,50.3,67.1,,,30.33,,,,,,,,,,,,,
In home  (w/display),Temp & Humidity Sensor,2020/12/22 9:50 PM,68.0,53.0,50.2,67.0,,,30.33,,,,,,,,,,,,,
In home  (w/display),Temp & Humidity Sensor,2020/12/22 9:55 PM,67.8,53.0,50.0,66.8,,,30.33,,,,,,,,,,,,,
In home  (w/display),Temp & Humidity Sensor,2020/12/22 10:00 PM,67.8,53.0,50.0,66.8,,,30.34,,,,,,,,,,,,,
In home  (w/display),Temp & Humidity Sensor,2020/12/22 11:10 PM,66.3,53.0,48.6,65.1,,,30.34,,,,,,,,,,,,,
In home  (w/display),Temp & Humidity Sensor,2020/12/22 11:15 PM,66.3,53.0,48.6,65.1,,,30.34,,,,,,,,,,,,,
In home  (w/display),Temp & Humidity Sensor,2020/12/22 11:20 PM,66.3,53.0,48.6,65.1,,,30.34,,,,,,,,,,,,,
In home  (w/display),Temp & Humidity Sensor,2020/12/22 11:25 PM,66.3,53.0,48.6,65.1,,,30.34,,,,,,,,,,,,,
In home  (w/display),Temp & Humidity Sensor,2020/12/22 11:30 PM,66.2,53.0,48.6,65.0,,,30.34,,,,,,,,,,,,,
In home  (w/display),Temp & Humidity Sensor,2020/12/22 11:35 PM,66.0,54.0,48.9,64.8,,,30.34,,,,,,,,,,,,,
In home  (w/display),Temp & Humidity Sensor,2020/12/22 11:40 PM,66.0,54.0,48.9,64.8,,,30.34,,,,,,,,,,,,,
In home  (w/display),Temp & Humidity Sensor,2020/12/22 11:45 PM,66.0,54.0,48.9,64.8,,,30.34,,,,,,,,,,,,,
In home  (w/display),Temp & Humidity Sensor,2020/12/22 11:50 PM,65.8,54.0,48.7,64.6,,,30.35,,,,,,,,,,,,,
In home  (w/display),Temp & Humidity Sensor,2020/12/22 11:55 PM,65.8,54.0,48.7,64.6,,,30.34,,,,,,,,,,,,,
In home  (w/display),Temp & Humidity Sensor,2020/12/23 12:00 AM,65.6,54.0,48.5,64.4,,,30.34,,,,,,,,,,,,,
In home  (w/display),Temp & Humidity Sensor,2020/12/23 12:05 AM,65.4,54.0,48.3,64.2,,,30.34,,,,,,,,,,,,,
In home  (w/display),Temp & Humidity Sensor,2020/12/23 12:10 AM,65.4,54.0,48.3,64.2,,,30.34,,,,,,,,,,,,,
In home  (w/display),Temp & Humidity Sensor,2020/12/23 12:15 AM,65.3,54.0,48.2,64.1,,,30.35,,,,,,,,,,,,,
In home  (w/display),Temp & Humidity Sensor,2020/12/23 12:20 AM,65.3,54.0,48.2,64.1,,,30.34,,,,,,,,,,,,,
In home  (w/display),Temp & Humidity Sensor,2020/12/23 12:25 AM,65.3,54.0,48.2,64.1,,,30.34,,,,,,,,,,,,,
In home  (w/display),Temp & Humidity Sensor,2020/12/23 12:30 AM,64.9,54.0,47.9,63.6,,,30.35,,,,,,,,,,,,,
In home  (w/display),Temp & Humidity Sensor,2020/12/23 12:35 AM,64.9,54.0,47.9,63.6,,,30.34,,,,,,,,,,,,,
In home  (w/display),Temp & Humidity Sensor,2020/12/23 12:40 AM,64.9,54.0,47.9,63.6,,,30.35,,,,,,,,,,,,,
In home  (w/display),Temp & Humidity Sensor,2020/12/23 12:45 AM,64.9,54.0,47.9,63.6,,,30.35,,,,,,,,,,,,,
In home  (w/display),Temp & Humidity Sensor,2020/12/23 12:50 AM,64.7,54.0,47.7,63.4,,,30.36,,,,,,,,,,,,,
In home  (w/display),Temp & Humidity Sensor,2020/12/23 12:55 AM,64.5,54.0,47.5,63.2,,,30.36,,,,,,,,,,,,,
In home  (w/display),Temp & Humidity Sensor,2020/12/23 1:00 AM,64.5,54.0,47.5,63.2,,,30.36,,,,,,,,,,,,,
In home  (w/display),Temp & Humidity Sensor,2020/12/23 1:05 AM,64.4,54.0,47.4,63.1,,,30.36,,,,,,,,,,,,,
In home  (w/display),Temp & Humidity Sensor,2020/12/23 1:10 AM,64.4,54.0,47.4,63.1,,,30.37,,,,,,,,,,,,,
In home  (w/display),Temp & Humidity Sensor,2020/12/23 1:15 AM,64.2,54.0,47.2,62.9,,,30.36,,,,,,,,,,,,,
In home  (w/display),Temp & Humidity Sensor,2020/12/23 1:20 AM,64.2,54.0,47.2,62.9,,,30.37,,,,,,,,,,,,,
In home  (w/display),Temp & Humidity Sensor,2020/12/23 1:25 AM,64.2,54.0,47.2,62.9,,,30.37,,,,,,,,,,,,,
In home  (w/display),Temp & Humidity Sensor,2020/12/23 1:30 AM,64.0,54.0,47.0,62.6,,,30.37,,,,,,,,,,,,,
In home  (w/display),Temp & Humidity Sensor,2020/12/23 1:35 AM,64.0,54.0,47.0,62.6,,,30.38,,,,,,,,,,,,,
In home  (w/display),Temp & Humidity Sensor,2020/12/23 1:40 AM,64.0,54.0,47.0,62.6,,,30.38,,,,,,,,,,,,,
In home  (w/display),Temp & Humidity Sensor,2020/12/23 1:45 AM,64.0,54.0,47.0,62.6,,,30.37,,,,,,,,,,,,,
In home  (w/display),Temp & Humidity Sensor,2020/12/23 1:50 AM,63.8,54.0,46.8,62.4,,,30.37,,,,,,,,,,,,,
In home  (w/display),Temp & Humidity Sensor,2020/12/23 1:55 AM,63.8,54.0,46.8,62.4,,,30.37,,,,,,,,,,,,,
In home  (w/display),Temp & Humidity Sensor,2020/12/23 2:00 AM,63.6,54.0,46.6,62.2,,,30.37,,,,,,,,,,,,,
In home  (w/display),Temp & Humidity Sensor,2020/12/23 2:05 AM,63.6,54.0,46.6,62.2,,,30.37,,,,,,,,,,,,,
In home  (w/display),Temp & Humidity Sensor,2020/12/23 2:10 AM,63.6,54.0,46.6,62.2,,,30.37,,,,,,,,,,,,,
In home  (w/display),Temp & Humidity Sensor,2020/12/23 2:15 AM,63.5,54.0,46.6,62.1,,,30.38,,,,,,,,,,,,,
In home  (w/display),Temp & Humidity Sensor,2020/12/23 2:20 AM,63.5,54.0,46.6,62.1,,,30.38,,,,,,,,,,,,,
In home  (w/display),Temp & Humidity Sensor,2020/12/23 2:25 AM,63.5,54.0,46.6,62.1,,,30.38,,,,,,,,,,,,,
In home  (w/display),Temp & Humidity Sensor,2020/12/23 2:30 AM,63.5,54.0,46.6,62.1,,,30.37,,,,,,,,,,,,,
In home  (w/display),Temp & Humidity Sensor,2020/12/23 2:35 AM,63.3,54.0,46.4,61.9,,,30.37,,,,,,,,,,,,,
In home  (w/display),Temp & Humidity Sensor,2020/12/23 2:40 AM,63.3,54.0,46.4,61.9,,,30.37,,,,,,,,,,,,,
In home  (w/display),Temp & Humidity Sensor,2020/12/23 2:45 AM,63.1,54.0,46.2,61.6,,,30.37,,,,,,,,,,,,,
In home  (w/display),Temp & Humidity Sensor,2020/12/23 2:50 AM,63.1,54.0,46.2,61.6,,,30.38,,,,,,,,,,,,,
In home  (w/display),Temp & Humidity Sensor,2020/12/23 2:55 AM,63.1,54.0,46.2,61.6,,,30.37,,,,,,,,,,,,,
In home  (w/display),Temp & Humidity Sensor,2020/12/23 3:00 AM,63.1,54.0,46.2,61.6,,,30.38,,,,,,,,,,,,,
In home  (w/display),Temp & Humidity Sensor,2020/12/23 3:05 AM,62.9,54.0,46.0,61.4,,,30.37,,,,,,,,,,,,,
In home  (w/display),Temp & Humidity Sensor,2020/12/23 3:10 AM,62.9,54.0,46.0,61.4,,,30.37,,,,,,,,,,,,,
In home  (w/display),Temp & Humidity Sensor,2020/12/23 3:15 AM,62.7,54.0,45.8,61.2,,,30.37,,,,,,,,,,,,,
In home  (w/display),Temp & Humidity Sensor,2020/12/23 3:20 AM,62.7,54.0,45.8,61.2,,,30.37,,,,,,,,,,,,,
In home  (w/display),Temp & Humidity Sensor,2020/12/23 3:25 AM,62.7,54.0,45.8,61.2,,,30.38,,,,,,,,,,,,,
In home  (w/display),Temp & Humidity Sensor,2020/12/23 3:30 AM,62.7,54.0,45.8,61.2,,,30.37,,,,,,,,,,,,,
In home  (w/display),Temp & Humidity Sensor,2020/12/23 3:35 AM,62.4,54.0,45.5,60.9,,,30.37,,,,,,,,,,,,,
In home  (w/display),Temp & Humidity Sensor,2020/12/23 3:40 AM,62.4,54.0,45.5,60.9,,,30.36,,,,,,,,,,,,,
In home  (w/display),Temp & Humidity Sensor,2020/12/23 3:45 AM,62.4,54.0,45.5,60.9,,,30.37,,,,,,,,,,,,,
In home  (w/display),Temp & Humidity Sensor,2020/12/23 3:50 AM,62.4,54.0,45.5,60.9,,,30.36,,,,,,,,,,,,,
In home  (w/display),Temp & Humidity Sensor,2020/12/23 3:55 AM,62.4,54.0,45.5,60.9,,,30.37,,,,,,,,,,,,,
In home  (w/display),Temp & Humidity Sensor,2020/12/23 4:00 AM,62.4,54.0,45.5,60.9,,,30.36,,,,,,,,,,,,,
In home  (w/display),Temp & Humidity Sensor,2020/12/23 4:05 AM,62.2,54.0,45.3,60.7,,,30.37,,,,,,,,,,,,,
In home  (w/display),Temp & Humidity Sensor,2020/12/23 4:10 AM,62.2,54.0,45.3,60.7,,,30.37,,,,,,,,,,,,,
In home  (w/display),Temp & Humidity Sensor,2020/12/23 4:15 AM,62.2,54.0,45.3,60.7,,,30.38,,,,,,,,,,,,,
In home  (w/display),Temp & Humidity Sensor,2020/12/23 4:20 AM,62.2,54.0,45.3,60.7,,,30.38,,,,,,,,,,,,,
In home  (w/display),Temp & Humidity Sensor,2020/12/23 4:25 AM,62.0,54.0,45.2,60.4,,,30.38,,,,,,,,,,,,,
In home  (w/display),Temp & Humidity Sensor,2020/12/23 4:30 AM,62.0,54.0,45.2,60.4,,,30.37,,,,,,,,,,,,,
In home  (w/display),Temp & Humidity Sensor,2020/12/23 4:35 AM,62.2,54.0,45.3,60.7,,,30.37,,,,,,,,,,,,,
In home  (w/display),Temp & Humidity Sensor,2020/12/23 4:40 AM,62.6,54.0,45.7,61.1,,,30.37,,,,,,,,,,,,,
In home  (w/display),Temp & Humidity Sensor,2020/12/23 4:45 AM,62.7,54.0,45.8,61.2,,,30.37,,,,,,,,,,,,,
In home  (w/display),Temp & Humidity Sensor,2020/12/23 4:50 AM,63.1,53.0,45.7,61.6,,,30.37,,,,,,,,,,,,,
In home  (w/display),Temp & Humidity Sensor,2020/12/23 4:55 AM,63.1,54.0,46.2,61.6,,,30.38,,,,,,,,,,,,,
In home  (w/display),Temp & Humidity Sensor,2020/12/23 5:00 AM,63.5,53.0,46.1,62.0,,,30.37,,,,,,,,,,,,,
In home  (w/display),Temp & Humidity Sensor,2020/12/23 5:05 AM,63.6,53.0,46.2,62.2,,,30.37,,,,,,,,,,,,,
In home  (w/display),Temp & Humidity Sensor,2020/12/23 5:10 AM,63.8,53.0,46.3,62.4,,,30.37,,,,,,,,,,,,,
In home  (w/display),Temp & Humidity Sensor,2020/12/23 5:15 AM,64.0,53.0,46.5,62.6,,,30.37,,,,,,,,,,,,,
In home  (w/display),Temp & Humidity Sensor,2020/12/23 5:20 AM,64.0,53.0,46.5,62.6,,,30.38,,,,,,,,,,,,,
In home  (w/display),Temp & Humidity Sensor,2020/12/23 5:25 AM,64.2,53.0,46.7,62.8,,,30.38,,,,,,,,,,,,,
In home  (w/display),Temp & Humidity Sensor,2020/12/23 5:30 AM,64.2,53.0,46.7,62.8,,,30.38,,,,,,,,,,,,,
In home  (w/display),Temp & Humidity Sensor,2020/12/23 5:35 AM,64.2,53.0,46.7,62.8,,,30.38,,,,,,,,,,,,,
In home  (w/display),Temp & Humidity Sensor,2020/12/23 5:40 AM,64.2,53.0,46.7,62.8,,,30.39,,,,,,,,,,,,,
In home  (w/display),Temp & Humidity Sensor,2020/12/23 5:45 AM,64.2,53.0,46.7,62.8,,,30.39,,,,,,,,,,,,,
In home  (w/display),Temp & Humidity Sensor,2020/12/23 5:50 AM,64.4,53.0,46.9,63.0,,,30.39,,,,,,,,,,,,,
In home  (w/display),Temp & Humidity Sensor,2020/12/23 5:55 AM,64.4,54.0,47.4,63.1,,,30.39,,,,,,,,,,,,,
In home  (w/display),Temp & Humidity Sensor,2020/12/23 6:00 AM,64.4,53.0,46.9,63.0,,,30.39,,,,,,,,,,,,,
In home  (w/display),Temp & Humidity Sensor,2020/12/23 6:05 AM,64.5,53.0,47.0,63.1,,,30.39,,,,,,,,,,,,,
In home  (w/display),Temp & Humidity Sensor,2020/12/23 6:10 AM,64.5,53.0,47.0,63.1,,,30.4,,,,,,,,,,,,,
In home  (w/display),Temp & Humidity Sensor,2020/12/23 6:15 AM,64.9,53.0,47.4,63.6,,,30.4,,,,,,,,,,,,,
In home  (w/display),Temp & Humidity Sensor,2020/12/23 6:20 AM,65.1,53.0,47.5,63.8,,,30.41,,,,,,,,,,,,,
In home  (w/display),Temp & Humidity Sensor,2020/12/23 6:25 AM,65.3,53.0,47.7,64.0,,,30.4,,,,,,,,,,,,,
In home  (w/display),Temp & Humidity Sensor,2020/12/23 6:30 AM,65.3,53.0,47.7,64.0,,,30.41,,,,,,,,,,,,,
In home  (w/display),Temp & Humidity Sensor,2020/12/23 6:35 AM,65.3,53.0,47.7,64.0,,,30.41,,,,,,,,,,,,,
In home  (w/display),Temp & Humidity Sensor,2020/12/23 6:40 AM,65.6,53.0,48.0,64.4,,,30.41,,,,,,,,,,,,,
In home  (w/display),Temp & Humidity Sensor,2020/12/23 6:45 AM,65.6,53.0,48.0,64.4,,,30.41,,,,,,,,,,,,,
In home  (w/display),Temp & Humidity Sensor,2020/12/23 6:50 AM,65.8,53.0,48.2,64.6,,,30.41,,,,,,,,,,,,,
In home  (w/display),Temp & Humidity Sensor,2020/12/23 6:55 AM,65.8,53.0,48.2,64.6,,,30.41,,,,,,,,,,,,,
In home  (w/display),Temp & Humidity Sensor,2020/12/23 7:00 AM,66.0,53.0,48.4,64.8,,,30.41,,,,,,,,,,,,,
In home  (w/display),Temp & Humidity Sensor,2020/12/23 7:05 AM,66.0,53.0,48.4,64.8,,,30.42,,,,,,,,,,,,,
In home  (w/display),Temp & Humidity Sensor,2020/12/23 7:10 AM,66.2,52.0,48.0,65.0,,,30.42,,,,,,,,,,,,,
In home  (w/display),Temp & Humidity Sensor,2020/12/23 7:15 AM,66.5,52.0,48.3,65.3,,,30.42,,,,,,,,,,,,,
In home  (w/display),Temp & Humidity Sensor,2020/12/23 7:20 AM,66.9,53.0,49.2,65.8,,,30.42,,,,,,,,,,,,,
In home  (w/display),Temp & Humidity Sensor,2020/12/23 7:25 AM,67.2,53.0,49.5,66.1,,,30.42,,,,,,,,,,,,,
In home  (w/display),Temp & Humidity Sensor,2020/12/23 7:30 AM,67.2,52.0,49.0,66.1,,,30.42,,,,,,,,,,,,,
In home  (w/display),Temp & Humidity Sensor,2020/12/23 7:35 AM,67.1,52.0,48.9,66.0,,,30.43,,,,,,,,,,,,,
In home  (w/display),Temp & Humidity Sensor,2020/12/23 7:40 AM,66.7,52.0,48.5,65.5,,,30.43,,,,,,,,,,,,,
In home  (w/display),Temp & Humidity Sensor,2020/12/23 7:45 AM,66.5,52.0,48.3,65.3,,,30.43,,,,,,,,,,,,,
In home  (w/display),Temp & Humidity Sensor,2020/12/23 7:50 AM,66.5,52.0,48.3,65.3,,,30.43,,,,,,,,,,,,,
In home  (w/display),Temp & Humidity Sensor,2020/12/23 7:55 AM,66.7,52.0,48.5,65.5,,,30.44,,,,,,,,,,,,,
In home  (w/display),Temp & Humidity Sensor,2020/12/23 8:00 AM,66.7,52.0,48.5,65.5,,,30.44,,,,,,,,,,,,,
In home  (w/display),Temp & Humidity Sensor,2020/12/23 8:05 AM,66.5,52.0,48.3,65.3,,,30.44,,,,,,,,,,,,,
In home  (w/display),Temp & Humidity Sensor,2020/12/23 8:10 AM,66.3,52.0,48.1,65.1,,,30.44,,,,,,,,,,,,,
In home  (w/display),Temp & Humidity Sensor,2020/12/23 8:15 AM,66.2,52.0,48.0,65.0,,,30.44,,,,,,,,,,,,,
In home  (w/display),Temp & Humidity Sensor,2020/12/23 8:20 AM,66.0,53.0,48.4,64.8,,,30.44,,,,,,,,,,,,,
In home  (w/display),Temp & Humidity Sensor,2020/12/23 8:25 AM,66.0,53.0,48.4,64.8,,,30.45,,,,,,,,,,,,,
In home  (w/display),Temp & Humidity Sensor,2020/12/23 8:30 AM,66.2,52.0,48.0,65.0,,,30.45,,,,,,,,,,,,,
In home  (w/display),Temp & Humidity Sensor,2020/12/23 8:35 AM,66.3,51.0,47.6,65.0,,,30.45,,,,,,,,,,,,,
In home  (w/display),Temp & Humidity Sensor,2020/12/23 8:40 AM,66.3,51.0,47.6,65.0,,,30.45,,,,,,,,,,,,,
In home  (w/display),Temp & Humidity Sensor,2020/12/23 8:45 AM,66.7,53.0,49.0,65.6,,,30.45,,,,,,,,,,,,,
In home  (w/display),Temp & Humidity Sensor,2020/12/23 8:50 AM,66.3,53.0,48.6,65.1,,,30.45,,,,,,,,,,,,,
In home  (w/display),Temp & Humidity Sensor,2020/12/23 8:55 AM,66.3,53.0,48.6,65.1,,,30.45,,,,,,,,,,,,,
In home  (w/display),Temp & Humidity Sensor,2020/12/23 9:00 AM,66.3,51.0,47.6,65.0,,,30.45,,,,,,,,,,,,,
In home  (w/display),Temp & Humidity Sensor,2020/12/23 9:05 AM,66.3,52.0,48.1,65.1,,,30.45,,,,,,,,,,,,,
In home  (w/display),Temp & Humidity Sensor,2020/12/23 9:10 AM,66.7,52.0,48.5,65.5,,,30.45,,,,,,,,,,,,,
In home  (w/display),Temp & Humidity Sensor,2020/12/23 9:15 AM,66.9,52.0,48.7,65.7,,,30.45,,,,,,,,,,,,,
In home  (w/display),Temp & Humidity Sensor,2020/12/23 9:20 AM,67.1,52.0,48.9,66.0,,,30.45,,,,,,,,,,,,,
In home  (w/display),Temp & Humidity Sensor,2020/12/23 9:25 AM,67.1,52.0,48.9,66.0,,,30.45,,,,,,,,,,,,,
In home  (w/display),Temp & Humidity Sensor,2020/12/23 9:30 AM,66.7,52.0,48.5,65.5,,,30.46,,,,,,,,,,,,,
In home  (w/display),Temp & Humidity Sensor,2020/12/23 9:35 AM,66.9,52.0,48.7,65.7,,,30.45,,,,,,,,,,,,,
In home  (w/display),Temp & Humidity Sensor,2020/12/23 9:40 AM,67.1,52.0,48.9,66.0,,,30.45,,,,,,,,,,,,,
In home  (w/display),Temp & Humidity Sensor,2020/12/23 9:45 AM,67.1,52.0,48.9,66.0,,,30.46,,,,,,,,,,,,,
In home  (w/display),Temp & Humidity Sensor,2020/12/23 9:50 AM,66.7,52.0,48.5,65.5,,,30.46,,,,,,,,,,,,,
In home  (w/display),Temp & Humidity Sensor,2020/12/23 9:55 AM,66.7,52.0,48.5,65.5,,,30.45,,,,,,,,,,,,,
In home  (w/display),Temp & Humidity Sensor,2020/12/23 10:00 AM,67.1,53.0,49.4,66.0,,,30.46,,,,,,,,,,,,,
In home  (w/display),Temp & Humidity Sensor,2020/12/23 10:05 AM,67.2,53.0,49.5,66.1,,,30.46,,,,,,,,,,,,,
In home  (w/display),Temp & Humidity Sensor,2020/12/23 10:10 AM,67.1,52.0,48.9,66.0,,,30.46,,,,,,,,,,,,,
In home  (w/display),Temp & Humidity Sensor,2020/12/23 10:15 AM,66.9,52.0,48.7,65.7,,,30.45,,,,,,,,,,,,,
In home  (w/display),Temp & Humidity Sensor,2020/12/23 10:20 AM,67.1,51.0,48.4,65.9,,,30.46,,,,,,,,,,,,,
In home  (w/display),Temp & Humidity Sensor,2020/12/23 10:25 AM,67.2,52.0,49.0,66.1,,,30.46,,,,,,,,,,,,,
In home  (w/display),Temp & Humidity Sensor,2020/12/23 10:30 AM,67.1,52.0,48.9,66.0,,,30.46,,,,,,,,,,,,,
In home  (w/display),Temp & Humidity Sensor,2020/12/23 10:35 AM,66.7,51.0,48.0,65.5,,,30.46,,,,,,,,,,,,,
In home  (w/display),Temp & Humidity Sensor,2020/12/23 10:40 AM,66.7,52.0,48.5,65.5,,,30.45,,,,,,,,,,,,,
In home  (w/display),Temp & Humidity Sensor,2020/12/23 10:45 AM,67.1,52.0,48.9,66.0,,,30.45,,,,,,,,,,,,,
In home  (w/display),Temp & Humidity Sensor,2020/12/23 10:50 AM,67.2,51.0,48.5,66.0,,,30.45,,,,,,,,,,,,,
In home  (w/display),Temp & Humidity Sensor,2020/12/23 10:55 AM,67.1,51.0,48.4,65.9,,,30.45,,,,,,,,,,,,,
In home  (w/display),Temp & Humidity Sensor,2020/12/23 11:00 AM,66.7,52.0,48.5,65.5,,,30.45,,,,,,,,,,,,,
In home  (w/display),Temp & Humidity Sensor,2020/12/23 11:05 AM,66.9,52.0,48.7,65.7,,,30.44,,,,,,,,,,,,,
In home  (w/display),Temp & Humidity Sensor,2020/12/23 11:10 AM,67.1,52.0,48.9,66.0,,,30.44,,,,,,,,,,,,,
In home  (w/display),Temp & Humidity Sensor,2020/12/23 11:15 AM,67.1,52.0,48.9,66.0,,,30.43,,,,,,,,,,,,,
In home  (w/display),Temp & Humidity Sensor,2020/12/23 11:20 AM,67.1,52.0,48.9,66.0,,,30.43,,,,,,,,,,,,,
In home  (w/display),Temp & Humidity Sensor,2020/12/23 11:25 AM,66.7,52.0,48.5,65.5,,,30.43,,,,,,,,,,,,,
In home  (w/display),Temp & Humidity Sensor,2020/12/23 11:30 AM,66.7,52.0,48.5,65.5,,,30.43,,,,,,,,,,,,,
In home  (w/display),Temp & Humidity Sensor,2020/12/23 11:35 AM,67.1,52.0,48.9,66.0,,,30.42,,,,,,,,,,,,,
In home  (w/display),Temp & Humidity Sensor,2020/12/23 11:40 AM,67.2,52.0,49.0,66.1,,,30.42,,,,,,,,,,,,,
In home  (w/display),Temp & Humidity Sensor,2020/12/23 11:45 AM,67.1,52.0,48.9,66.0,,,30.42,,,,,,,,,,,,,
In home  (w/display),Temp & Humidity Sensor,2020/12/23 11:50 AM,66.7,52.0,48.5,65.5,,,30.42,,,,,,,,,,,,,
In home  (w/display),Temp & Humidity Sensor,2020/12/23 11:55 AM,66.7,52.0,48.5,65.5,,,30.41,,,,,,,,,,,,,
In home  (w/display),Temp & Humidity Sensor,2020/12/23 12:00 PM,67.1,52.0,48.9,66.0,,,30.41,,,,,,,,,,,,,
In home  (w/display),Temp & Humidity Sensor,2020/12/23 12:05 PM,67.1,52.0,48.9,66.0,,,30.41,,,,,,,,,,,,,
In home  (w/display),Temp & Humidity Sensor,2020/12/23 12:10 PM,66.9,52.0,48.7,65.7,,,30.4,,,,,,,,,,,,,
In home  (w/display),Temp & Humidity Sensor,2020/12/23 12:15 PM,66.7,52.0,48.5,65.5,,,30.39,,,,,,,,,,,,,
In home  (w/display),Temp & Humidity Sensor,2020/12/23 12:20 PM,66.7,52.0,48.5,65.5,,,30.39,,,,,,,,,,,,,
In home  (w/display),Temp & Humidity Sensor,2020/12/23 12:25 PM,67.1,52.0,48.9,66.0,,,30.39,,,,,,,,,,,,,
In home  (w/display),Temp & Humidity Sensor,2020/12/23 12:30 PM,67.2,52.0,49.0,66.1,,,30.39,,,,,,,,,,,,,
In home  (w/display),Temp & Humidity Sensor,2020/12/23 12:35 PM,67.1,52.0,48.9,66.0,,,30.39,,,,,,,,,,,,,
In home  (w/display),Temp & Humidity Sensor,2020/12/23 12:40 PM,67.1,52.0,48.9,66.0,,,30.39,,,,,,,,,,,,,
In home  (w/display),Temp & Humidity Sensor,2020/12/23 12:45 PM,66.9,52.0,48.7,65.7,,,30.39,,,,,,,,,,,,,
In home  (w/display),Temp & Humidity Sensor,2020/12/23 12:50 PM,66.7,52.0,48.5,65.5,,,30.39,,,,,,,,,,,,,
In home  (w/display),Temp & Humidity Sensor,2020/12/23 12:55 PM,67.1,52.0,48.9,66.0,,,30.39,,,,,,,,,,,,,
In home  (w/display),Temp & Humidity Sensor,2020/12/23 1:00 PM,67.1,52.0,48.9,66.0,,,30.38,,,,,,,,,,,,,
In home  (w/display),Temp & Humidity Sensor,2020/12/23 1:05 PM,67.1,52.0,48.9,66.0,,,30.38,,,,,,,,,,,,,
In home  (w/display),Temp & Humidity Sensor,2020/12/23 1:10 PM,66.9,52.0,48.7,65.7,,,30.38,,,,,,,,,,,,,
In home  (w/display),Temp & Humidity Sensor,2020/12/23 1:15 PM,66.7,52.0,48.5,65.5,,,30.38,,,,,,,,,,,,,
In home  (w/display),Temp & Humidity Sensor,2020/12/23 1:20 PM,66.9,52.0,48.7,65.7,,,30.38,,,,,,,,,,,,,
In home  (w/display),Temp & Humidity Sensor,2020/12/23 1:25 PM,67.1,52.0,48.9,66.0,,,30.38,,,,,,,,,,,,,
In home  (w/display),Temp & Humidity Sensor,2020/12/23 1:30 PM,67.1,52.0,48.9,66.0,,,30.38,,,,,,,,,,,,,
In home  (w/display),Temp & Humidity Sensor,2020/12/23 1:35 PM,66.9,52.0,48.7,65.7,,,30.37,,,,,,,,,,,,,
In home  (w/display),Temp & Humidity Sensor,2020/12/23 1:40 PM,66.7,52.0,48.5,65.5,,,30.37,,,,,,,,,,,,,
In home  (w/display),Temp & Humidity Sensor,2020/12/23 1:45 PM,67.1,53.0,49.4,66.0,,,30.37,,,,,,,,,,,,,
In home  (w/display),Temp & Humidity Sensor,2020/12/23 1:50 PM,67.2,53.0,49.5,66.1,,,30.37,,,,,,,,,,,,,
In home  (w/display),Temp & Humidity Sensor,2020/12/23 1:55 PM,67.2,53.0,49.5,66.1,,,30.36,,,,,,,,,,,,,
In home  (w/display),Temp & Humidity Sensor,2020/12/23 2:00 PM,67.1,53.0,49.4,66.0,,,30.36,,,,,,,,,,,,,
In home  (w/display),Temp & Humidity Sensor,2020/12/23 2:05 PM,67.1,53.0,49.4,66.0,,,30.36,,,,,,,,,,,,,
In home  (w/display),Temp & Humidity Sensor,2020/12/23 2:10 PM,67.1,53.0,49.4,66.0,,,30.35,,,,,,,,,,,,,
In home  (w/display),Temp & Humidity Sensor,2020/12/23 2:15 PM,67.2,53.0,49.5,66.1,,,30.35,,,,,,,,,,,,,
In home  (w/display),Temp & Humidity Sensor,2020/12/23 2:20 PM,67.2,53.0,49.5,66.1,,,30.34,,,,,,,,,,,,,
In home  (w/display),Temp & Humidity Sensor,2020/12/23 2:25 PM,67.1,53.0,49.4,66.0,,,30.34,,,,,,,,,,,,,
In home  (w/display),Temp & Humidity Sensor,2020/12/23 2:30 PM,67.1,53.0,49.4,66.0,,,30.33,,,,,,,,,,,,,
In home  (w/display),Temp & Humidity Sensor,2020/12/23 2:35 PM,67.1,53.0,49.4,66.0,,,30.32,,,,,,,,,,,,,
In home  (w/display),Temp & Humidity Sensor,2020/12/23 2:40 PM,66.9,53.0,49.2,65.8,,,30.32,,,,,,,,,,,,,
In home  (w/display),Temp & Humidity Sensor,2020/12/23 2:45 PM,66.9,53.0,49.2,65.8,,,30.32,,,,,,,,,,,,,
In home  (w/display),Temp & Humidity Sensor,2020/12/23 2:50 PM,66.7,53.0,49.0,65.6,,,30.32,,,,,,,,,,,,,
In home  (w/display),Temp & Humidity Sensor,2020/12/23 2:55 PM,66.7,53.0,49.0,65.6,,,30.32,,,,,,,,,,,,,
In home  (w/display),Temp & Humidity Sensor,2020/12/23 3:00 PM,66.7,53.0,49.0,65.6,,,30.31,,,,,,,,,,,,,
In home  (w/display),Temp & Humidity Sensor,2020/12/23 3:05 PM,66.7,53.0,49.0,65.6,,,30.31,,,,,,,,,,,,,
In home  (w/display),Temp & Humidity Sensor,2020/12/23 3:10 PM,66.9,53.0,49.2,65.8,,,30.31,,,,,,,,,,,,,
In home  (w/display),Temp & Humidity Sensor,2020/12/23 3:15 PM,66.7,53.0,49.0,65.6,,,30.31,,,,,,,,,,,,,
In home  (w/display),Temp & Humidity Sensor,2020/12/23 3:20 PM,66.7,53.0,49.0,65.6,,,30.31,,,,,,,,,,,,,
In home  (w/display),Temp & Humidity Sensor,2020/12/23 3:25 PM,66.7,53.0,49.0,65.6,,,30.31,,,,,,,,,,,,,
In home  (w/display),Temp & Humidity Sensor,2020/12/23 3:30 PM,66.3,53.0,48.6,65.1,,,30.31,,,,,,,,,,,,,
In home  (w/display),Temp & Humidity Sensor,2020/12/23 3:35 PM,66.3,53.0,48.6,65.1,,,30.31,,,,,,,,,,,,,
In home  (w/display),Temp & Humidity Sensor,2020/12/23 3:40 PM,66.3,53.0,48.6,65.1,,,30.31,,,,,,,,,,,,,
In home  (w/display),Temp & Humidity Sensor,2020/12/23 3:45 PM,66.3,53.0,48.6,65.1,,,30.3,,,,,,,,,,,,,
In home  (w/display),Temp & Humidity Sensor,2020/12/23 3:50 PM,66.2,53.0,48.6,65.0,,,30.3,,,,,,,,,,,,,
In home  (w/display),Temp & Humidity Sensor,2020/12/23 3:55 PM,66.2,53.0,48.6,65.0,,,30.3,,,,,,,,,,,,,
In home  (w/display),Temp & Humidity Sensor,2020/12/23 4:00 PM,66.0,54.0,48.9,64.8,,,30.31,,,,,,,,,,,,,
In home  (w/display),Temp & Humidity Sensor,2020/12/23 4:05 PM,66.0,54.0,48.9,64.8,,,30.31,,,,,,,,,,,,,
In home  (w/display),Temp & Humidity Sensor,2020/12/23 4:10 PM,66.0,54.0,48.9,64.8,,,30.31,,,,,,,,,,,,,
In home  (w/display),Temp & Humidity Sensor,2020/12/23 4:15 PM,66.0,54.0,48.9,64.8,,,30.31,,,,,,,,,,,,,
In home  (w/display),Temp & Humidity Sensor,2020/12/23 4:20 PM,65.8,54.0,48.7,64.6,,,30.31,,,,,,,,,,,,,
In home  (w/display),Temp & Humidity Sensor,2020/12/23 4:25 PM,66.0,54.0,48.9,64.8,,,30.31,,,,,,,,,,,,,
In home  (w/display),Temp & Humidity Sensor,2020/12/23 4:30 PM,66.0,54.0,48.9,64.8,,,30.31,,,,,,,,,,,,,
In home  (w/display),Temp & Humidity Sensor,2020/12/23 4:35 PM,66.0,54.0,48.9,64.8,,,30.31,,,,,,,,,,,,,
In home  (w/display),Temp & Humidity Sensor,2020/12/23 4:40 PM,66.0,54.0,48.9,64.8,,,30.31,,,,,,,,,,,,,
In home  (w/display),Temp & Humidity Sensor,2020/12/23 4:45 PM,65.8,54.0,48.7,64.6,,,30.31,,,,,,,,,,,,,
In home  (w/display),Temp & Humidity Sensor,2020/12/23 4:50 PM,65.8,54.0,48.7,64.6,,,30.31,,,,,,,,,,,,,
In home  (w/display),Temp & Humidity Sensor,2020/12/23 4:55 PM,65.8,54.0,48.7,64.6,,,30.31,,,,,,,,,,,,,
In home  (w/display),Temp & Humidity Sensor,2020/12/23 5:00 PM,65.8,54.0,48.7,64.6,,,30.31,,,,,,,,,,,,,
In home  (w/display),Temp & Humidity Sensor,2020/12/23 5:05 PM,65.8,54.0,48.7,64.6,,,30.31,,,,,,,,,,,,,
In home  (w/display),Temp & Humidity Sensor,2020/12/23 5:10 PM,65.6,54.0,48.5,64.4,,,30.31,,,,,,,,,,,,,
In home  (w/display),Temp & Humidity Sensor,2020/12/23 5:15 PM,65.6,54.0,48.5,64.4,,,30.31,,,,,,,,,,,,,
In home  (w/display),Temp & Humidity Sensor,2020/12/23 5:20 PM,65.6,54.0,48.5,64.4,,,30.31,,,,,,,,,,,,,
In home  (w/display),Temp & Humidity Sensor,2020/12/23 5:25 PM,65.8,54.0,48.7,64.6,,,30.31,,,,,,,,,,,,,
In home  (w/display),Temp & Humidity Sensor,2020/12/23 5:30 PM,65.8,54.0,48.7,64.6,,,30.31,,,,,,,,,,,,,
In home  (w/display),Temp & Humidity Sensor,2020/12/23 5:35 PM,65.8,54.0,48.7,64.6,,,30.32,,,,,,,,,,,,,
In home  (w/display),Temp & Humidity Sensor,2020/12/23 5:40 PM,65.8,54.0,48.7,64.6,,,30.32,,,,,,,,,,,,,
In home  (w/display),Temp & Humidity Sensor,2020/12/23 5:45 PM,65.8,54.0,48.7,64.6,,,30.32,,,,,,,,,,,,,
In home  (w/display),Temp & Humidity Sensor,2020/12/23 5:50 PM,65.8,54.0,48.7,64.6,,,30.32,,,,,,,,,,,,,
In home  (w/display),Temp & Humidity Sensor,2020/12/23 5:55 PM,65.8,54.0,48.7,64.6,,,30.32,,,,,,,,,,,,,
In home  (w/display),Temp & Humidity Sensor,2020/12/23 6:00 PM,66.0,54.0,48.9,64.8,,,30.31,,,,,,,,,,,,,
In home  (w/display),Temp & Humidity Sensor,2020/12/23 6:05 PM,66.0,54.0,48.9,64.8,,,30.31,,,,,,,,,,,,,
In home  (w/display),Temp & Humidity Sensor,2020/12/23 6:10 PM,65.8,54.0,48.7,64.6,,,30.31,,,,,,,,,,,,,
In home  (w/display),Temp & Humidity Sensor,2020/12/23 6:15 PM,65.8,54.0,48.7,64.6,,,30.31,,,,,,,,,,,,,
In home  (w/display),Temp & Humidity Sensor,2020/12/23 6:20 PM,65.8,54.0,48.7,64.6,,,30.31,,,,,,,,,,,,,
In home  (w/display),Temp & Humidity Sensor,2020/12/23 6:25 PM,65.8,54.0,48.7,64.6,,,30.31,,,,,,,,,,,,,
In home  (w/display),Temp & Humidity Sensor,2020/12/23 6:30 PM,65.8,54.0,48.7,64.6,,,30.31,,,,,,,,,,,,,
In home  (w/display),Temp & Humidity Sensor,2020/12/23 6:35 PM,66.0,54.0,48.9,64.8,,,30.31,,,,,,,,,,,,,
In home  (w/display),Temp & Humidity Sensor,2020/12/23 6:40 PM,65.8,54.0,48.7,64.6,,,30.31,,,,,,,,,,,,,
In home  (w/display),Temp & Humidity Sensor,2020/12/23 6:45 PM,66.0,54.0,48.9,64.8,,,30.3,,,,,,,,,,,,,
In home  (w/display),Temp & Humidity Sensor,2020/12/23 6:50 PM,66.5,53.0,48.8,65.3,,,30.3,,,,,,,,,,,,,
In home  (w/display),Temp & Humidity Sensor,2020/12/23 6:55 PM,67.1,53.0,49.4,66.0,,,30.3,,,,,,,,,,,,,
In home  (w/display),Temp & Humidity Sensor,2020/12/23 7:00 PM,67.2,53.0,49.5,66.1,,,30.3,,,,,,,,,,,,,
In home  (w/display),Temp & Humidity Sensor,2020/12/23 7:05 PM,67.1,53.0,49.4,66.0,,,30.3,,,,,,,,,,,,,
In home  (w/display),Temp & Humidity Sensor,2020/12/23 7:10 PM,67.1,53.0,49.4,66.0,,,30.29,,,,,,,,,,,,,
In home  (w/display),Temp & Humidity Sensor,2020/12/23 7:15 PM,67.2,53.0,49.5,66.1,,,30.3,,,,,,,,,,,,,
In home  (w/display),Temp & Humidity Sensor,2020/12/23 7:20 PM,67.4,53.0,49.7,66.3,,,30.3,,,,,,,,,,,,,
In home  (w/display),Temp & Humidity Sensor,2020/12/23 7:25 PM,67.2,53.0,49.5,66.1,,,30.3,,,,,,,,,,,,,
In home  (w/display),Temp & Humidity Sensor,2020/12/23 7:30 PM,67.2,53.0,49.5,66.1,,,30.3,,,,,,,,,,,,,
In home  (w/display),Temp & Humidity Sensor,2020/12/23 7:35 PM,67.6,53.0,49.9,66.6,,,30.3,,,,,,,,,,,,,
In home  (w/display),Temp & Humidity Sensor,2020/12/23 7:40 PM,67.6,53.0,49.9,66.6,,,30.3,,,,,,,,,,,,,
In home  (w/display),Temp & Humidity Sensor,2020/12/23 7:45 PM,67.6,53.0,49.9,66.6,,,30.29,,,,,,,,,,,,,
In home  (w/display),Temp & Humidity Sensor,2020/12/23 7:50 PM,67.2,53.0,49.5,66.1,,,30.29,,,,,,,,,,,,,
In home  (w/display),Temp & Humidity Sensor,2020/12/23 7:55 PM,67.2,53.0,49.5,66.1,,,30.28,,,,,,,,,,,,,
In home  (w/display),Temp & Humidity Sensor,2020/12/23 8:00 PM,67.4,53.0,49.7,66.3,,,30.28,,,,,,,,,,,,,
In home  (w/display),Temp & Humidity Sensor,2020/12/23 8:05 PM,67.6,53.0,49.9,66.6,,,30.27,,,,,,,,,,,,,
In home  (w/display),Temp & Humidity Sensor,2020/12/23 8:10 PM,67.6,53.0,49.9,66.6,,,30.27,,,,,,,,,,,,,
In home  (w/display),Temp & Humidity Sensor,2020/12/23 8:15 PM,67.6,53.0,49.9,66.6,,,30.27,,,,,,,,,,,,,
In home  (w/display),Temp & Humidity Sensor,2020/12/23 8:20 PM,67.4,53.0,49.7,66.3,,,30.27,,,,,,,,,,,,,
In home  (w/display),Temp & Humidity Sensor,2020/12/23 8:25 PM,67.8,53.0,50.0,66.8,,,30.27,,,,,,,,,,,,,
In home  (w/display),Temp & Humidity Sensor,2020/12/23 8:30 PM,67.8,53.0,50.0,66.8,,,30.26,,,,,,,,,,,,,
In home  (w/display),Temp & Humidity Sensor,2020/12/23 8:35 PM,67.8,53.0,50.0,66.8,,,30.26,,,,,,,,,,,,,
In home  (w/display),Temp & Humidity Sensor,2020/12/23 8:40 PM,67.6,53.0,49.9,66.6,,,30.26,,,,,,,,,,,,,
In home  (w/display),Temp & Humidity Sensor,2020/12/23 8:45 PM,67.8,53.0,50.0,66.8,,,30.26,,,,,,,,,,,,,
In home  (w/display),Temp & Humidity Sensor,2020/12/23 8:50 PM,68.1,53.0,50.3,67.1,,,30.26,,,,,,,,,,,,,
In home  (w/display),Temp & Humidity Sensor,2020/12/23 8:55 PM,68.0,53.0,50.2,67.0,,,30.26,,,,,,,,,,,,,
In home  (w/display),Temp & Humidity Sensor,2020/12/23 9:00 PM,67.8,53.0,50.0,66.8,,,30.26,,,,,,,,,,,,,
In home  (w/display),Temp & Humidity Sensor,2020/12/23 9:05 PM,67.8,53.0,50.0,66.8,,,30.25,,,,,,,,,,,,,
In home  (w/display),Temp & Humidity Sensor,2020/12/23 9:10 PM,68.0,53.0,50.2,67.0,,,30.26,,,,,,,,,,,,,
In home  (w/display),Temp & Humidity Sensor,2020/12/23 9:15 PM,68.1,53.0,50.3,67.1,,,30.25,,,,,,,,,,,,,
In home  (w/display),Temp & Humidity Sensor,2020/12/23 9:20 PM,68.1,53.0,50.3,67.1,,,30.25,,,,,,,,,,,,,
In home  (w/display),Temp & Humidity Sensor,2020/12/23 9:25 PM,68.0,53.0,50.2,67.0,,,30.25,,,,,,,,,,,,,
In home  (w/display),Temp & Humidity Sensor,2020/12/23 9:30 PM,67.8,53.0,50.0,66.8,,,30.25,,,,,,,,,,,,,
In home  (w/display),Temp & Humidity Sensor,2020/12/23 9:35 PM,68.0,53.0,50.2,67.0,,,30.25,,,,,,,,,,,,,
In home  (w/display),Temp & Humidity Sensor,2020/12/23 9:40 PM,68.1,53.0,50.3,67.1,,,30.24,,,,,,,,,,,,,
In home  (w/display),Temp & Humidity Sensor,2020/12/23 9:45 PM,68.0,53.0,50.2,67.0,,,30.24,,,,,,,,,,,,,
In home  (w/display),Temp & Humidity Sensor,2020/12/23 9:50 PM,67.8,53.0,50.0,66.8,,,30.24,,,,,,,,,,,,,
In home  (w/display),Temp & Humidity Sensor,2020/12/23 9:55 PM,67.8,53.0,50.0,66.8,,,30.24,,,,,,,,,,,,,
In home  (w/display),Temp & Humidity Sensor,2020/12/23 10:00 PM,67.8,53.0,50.0,66.8,,,30.24,,,,,,,,,,,,,
In home  (w/display),Temp & Humidity Sensor,2020/12/23 10:05 PM,68.0,53.0,50.2,67.0,,,30.23,,,,,,,,,,,,,
In home  (w/display),Temp & Humidity Sensor,2020/12/23 10:10 PM,68.0,53.0,50.2,67.0,,,30.23,,,,,,,,,,,,,
In home  (w/display),Temp & Humidity Sensor,2020/12/23 10:15 PM,67.8,53.0,50.0,66.8,,,30.24,,,,,,,,,,,,,
In home  (w/display),Temp & Humidity Sensor,2020/12/23 10:20 PM,67.8,53.0,50.0,66.8,,,30.24,,,,,,,,,,,,,
In home  (w/display),Temp & Humidity Sensor,2020/12/23 10:25 PM,67.6,53.0,49.9,66.6,,,30.23,,,,,,,,,,,,,
In home  (w/display),Temp & Humidity Sensor,2020/12/23 10:30 PM,67.6,53.0,49.9,66.6,,,30.24,,,,,,,,,,,,,
In home  (w/display),Temp & Humidity Sensor,2020/12/23 10:35 PM,67.6,53.0,49.9,66.6,,,30.24,,,,,,,,,,,,,
In home  (w/display),Temp & Humidity Sensor,2020/12/23 10:40 PM,67.4,53.0,49.7,66.3,,,30.24,,,,,,,,,,,,,
In home  (w/display),Temp & Humidity Sensor,2020/12/23 10:45 PM,67.2,53.0,49.5,66.1,,,30.23,,,,,,,,,,,,,
In home  (w/display),Temp & Humidity Sensor,2020/12/23 10:50 PM,67.2,53.0,49.5,66.1,,,30.23,,,,,,,,,,,,,
In home  (w/display),Temp & Humidity Sensor,2020/12/23 10:55 PM,67.2,53.0,49.5,66.1,,,30.23,,,,,,,,,,,,,
In home  (w/display),Temp & Humidity Sensor,2020/12/23 11:00 PM,67.2,53.0,49.5,66.1,,,30.23,,,,,,,,,,,,,
In home  (w/display),Temp & Humidity Sensor,2020/12/23 11:05 PM,67.2,53.0,49.5,66.1,,,30.23,,,,,,,,,,,,,
In home  (w/display),Temp & Humidity Sensor,2020/12/23 11:10 PM,67.1,53.0,49.4,66.0,,,30.22,,,,,,,,,,,,,
In home  (w/display),Temp & Humidity Sensor,2020/12/23 11:15 PM,67.1,53.0,49.4,66.0,,,30.22,,,,,,,,,,,,,
In home  (w/display),Temp & Humidity Sensor,2020/12/23 11:20 PM,66.9,53.0,49.2,65.8,,,30.22,,,,,,,,,,,,,
In home  (w/display),Temp & Humidity Sensor,2020/12/23 11:25 PM,66.9,53.0,49.2,65.8,,,30.22,,,,,,,,,,,,,
In home  (w/display),Temp & Humidity Sensor,2020/12/23 11:30 PM,66.7,53.0,49.0,65.6,,,30.22,,,,,,,,,,,,,
In home  (w/display),Temp & Humidity Sensor,2020/12/23 11:35 PM,66.7,53.0,49.0,65.6,,,30.22,,,,,,,,,,,,,
In home  (w/display),Temp & Humidity Sensor,2020/12/23 11:40 PM,66.5,53.0,48.8,65.3,,,30.22,,,,,,,,,,,,,
In home  (w/display),Temp & Humidity Sensor,2020/12/23 11:45 PM,66.7,53.0,49.0,65.6,,,30.22,,,,,,,,,,,,,
In home  (w/display),Temp & Humidity Sensor,2020/12/23 11:50 PM,66.5,53.0,48.8,65.3,,,30.22,,,,,,,,,,,,,
In home  (w/display),Temp & Humidity Sensor,2020/12/23 11:55 PM,66.3,53.0,48.6,65.1,,,30.22,,,,,,,,,,,,,
In home  (w/display),Temp & Humidity Sensor,2020/12/24 12:00 AM,66.3,53.0,48.6,65.1,,,30.22,,,,,,,,,,,,,
In home  (w/display),Temp & Humidity Sensor,2020/12/24 12:05 AM,66.3,53.0,48.6,65.1,,,30.21,,,,,,,,,,,,,
In home  (w/display),Temp & Humidity Sensor,2020/12/24 12:10 AM,66.0,54.0,48.9,64.8,,,30.21,,,,,,,,,,,,,
In home  (w/display),Temp & Humidity Sensor,2020/12/24 12:15 AM,66.0,54.0,48.9,64.8,,,30.21,,,,,,,,,,,,,
In home  (w/display),Temp & Humidity Sensor,2020/12/24 12:20 AM,66.0,54.0,48.9,64.8,,,30.21,,,,,,,,,,,,,
In home  (w/display),Temp & Humidity Sensor,2020/12/24 12:25 AM,66.0,54.0,48.9,64.8,,,30.21,,,,,,,,,,,,,
In home  (w/display),Temp & Humidity Sensor,2020/12/24 12:30 AM,65.8,54.0,48.7,64.6,,,30.2,,,,,,,,,,,,,
In home  (w/display),Temp & Humidity Sensor,2020/12/24 12:35 AM,65.8,54.0,48.7,64.6,,,30.2,,,,,,,,,,,,,
In home  (w/display),Temp & Humidity Sensor,2020/12/24 12:40 AM,65.6,54.0,48.5,64.4,,,30.2,,,,,,,,,,,,,
In home  (w/display),Temp & Humidity Sensor,2020/12/24 12:45 AM,65.6,54.0,48.5,64.4,,,30.19,,,,,,,,,,,,,
In home  (w/display),Temp & Humidity Sensor,2020/12/24 12:50 AM,65.4,54.0,48.3,64.2,,,30.19,,,,,,,,,,,,,
In home  (w/display),Temp & Humidity Sensor,2020/12/24 12:55 AM,65.4,54.0,48.3,64.2,,,30.18,,,,,,,,,,,,,
In home  (w/display),Temp & Humidity Sensor,2020/12/24 1:00 AM,65.4,54.0,48.3,64.2,,,30.18,,,,,,,,,,,,,
In home  (w/display),Temp & Humidity Sensor,2020/12/24 1:05 AM,65.4,54.0,48.3,64.2,,,30.17,,,,,,,,,,,,,
In home  (w/display),Temp & Humidity Sensor,2020/12/24 1:10 AM,65.3,54.0,48.2,64.1,,,30.17,,,,,,,,,,,,,
In home  (w/display),Temp & Humidity Sensor,2020/12/24 1:15 AM,65.3,54.0,48.2,64.1,,,30.17,,,,,,,,,,,,,
In home  (w/display),Temp & Humidity Sensor,2020/12/24 1:20 AM,65.3,54.0,48.2,64.1,,,30.17,,,,,,,,,,,,,
In home  (w/display),Temp & Humidity Sensor,2020/12/24 1:25 AM,65.3,54.0,48.2,64.1,,,30.16,,,,,,,,,,,,,
In home  (w/display),Temp & Humidity Sensor,2020/12/24 1:30 AM,65.3,54.0,48.2,64.1,,,30.16,,,,,,,,,,,,,
In home  (w/display),Temp & Humidity Sensor,2020/12/24 1:35 AM,65.3,54.0,48.2,64.1,,,30.16,,,,,,,,,,,,,
In home  (w/display),Temp & Humidity Sensor,2020/12/24 1:40 AM,65.1,54.0,48.0,63.8,,,30.15,,,,,,,,,,,,,
In home  (w/display),Temp & Humidity Sensor,2020/12/24 1:45 AM,65.1,54.0,48.0,63.8,,,30.15,,,,,,,,,,,,,
In home  (w/display),Temp & Humidity Sensor,2020/12/24 1:50 AM,65.1,54.0,48.0,63.8,,,30.15,,,,,,,,,,,,,
In home  (w/display),Temp & Humidity Sensor,2020/12/24 1:55 AM,65.1,54.0,48.0,63.8,,,30.15,,,,,,,,,,,,,
In home  (w/display),Temp & Humidity Sensor,2020/12/24 2:00 AM,64.9,54.0,47.9,63.6,,,30.15,,,,,,,,,,,,,
In home  (w/display),Temp & Humidity Sensor,2020/12/24 2:05 AM,64.9,54.0,47.9,63.6,,,30.14,,,,,,,,,,,,,
In home  (w/display),Temp & Humidity Sensor,2020/12/24 2:10 AM,64.9,54.0,47.9,63.6,,,30.14,,,,,,,,,,,,,
In home  (w/display),Temp & Humidity Sensor,2020/12/24 2:15 AM,64.9,54.0,47.9,63.6,,,30.14,,,,,,,,,,,,,
In home  (w/display),Temp & Humidity Sensor,2020/12/24 2:20 AM,64.9,54.0,47.9,63.6,,,30.14,,,,,,,,,,,,,
In home  (w/display),Temp & Humidity Sensor,2020/12/24 2:25 AM,64.7,55.0,48.2,63.5,,,30.13,,,,,,,,,,,,,
In home  (w/display),Temp & Humidity Sensor,2020/12/24 2:30 AM,64.7,54.0,47.7,63.4,,,30.13,,,,,,,,,,,,,
In home  (w/display),Temp & Humidity Sensor,2020/12/24 2:35 AM,64.7,55.0,48.2,63.5,,,30.13,,,,,,,,,,,,,
In home  (w/display),Temp & Humidity Sensor,2020/12/24 2:40 AM,64.5,55.0,48.0,63.2,,,30.13,,,,,,,,,,,,,
In home  (w/display),Temp & Humidity Sensor,2020/12/24 2:45 AM,64.5,55.0,48.0,63.2,,,30.12,,,,,,,,,,,,,
In home  (w/display),Temp & Humidity Sensor,2020/12/24 2:50 AM,64.5,55.0,48.0,63.2,,,30.12,,,,,,,,,,,,,
In home  (w/display),Temp & Humidity Sensor,2020/12/24 2:55 AM,64.5,55.0,48.0,63.2,,,30.11,,,,,,,,,,,,,
In home  (w/display),Temp & Humidity Sensor,2020/12/24 3:00 AM,64.5,55.0,48.0,63.2,,,30.11,,,,,,,,,,,,,
In home  (w/display),Temp & Humidity Sensor,2020/12/24 3:05 AM,64.5,55.0,48.0,63.2,,,30.11,,,,,,,,,,,,,
In home  (w/display),Temp & Humidity Sensor,2020/12/24 3:10 AM,64.5,55.0,48.0,63.2,,,30.1,,,,,,,,,,,,,
In home  (w/display),Temp & Humidity Sensor,2020/12/24 3:15 AM,64.5,55.0,48.0,63.2,,,30.1,,,,,,,,,,,,,
In home  (w/display),Temp & Humidity Sensor,2020/12/24 3:20 AM,64.5,55.0,48.0,63.2,,,30.09,,,,,,,,,,,,,
In home  (w/display),Temp & Humidity Sensor,2020/12/24 3:25 AM,64.4,55.0,47.9,63.1,,,30.09,,,,,,,,,,,,,
In home  (w/display),Temp & Humidity Sensor,2020/12/24 3:30 AM,64.4,55.0,47.9,63.1,,,30.09,,,,,,,,,,,,,
In home  (w/display),Temp & Humidity Sensor,2020/12/24 3:35 AM,64.4,55.0,47.9,63.1,,,30.09,,,,,,,,,,,,,
In home  (w/display),Temp & Humidity Sensor,2020/12/24 3:40 AM,64.2,55.0,47.7,62.9,,,30.09,,,,,,,,,,,,,
In home  (w/display),Temp & Humidity Sensor,2020/12/24 3:45 AM,64.2,55.0,47.7,62.9,,,30.09,,,,,,,,,,,,,
In home  (w/display),Temp & Humidity Sensor,2020/12/24 3:50 AM,64.2,55.0,47.7,62.9,,,30.08,,,,,,,,,,,,,
In home  (w/display),Temp & Humidity Sensor,2020/12/24 3:55 AM,64.2,55.0,47.7,62.9,,,30.08,,,,,,,,,,,,,
In home  (w/display),Temp & Humidity Sensor,2020/12/24 4:00 AM,64.2,55.0,47.7,62.9,,,30.07,,,,,,,,,,,,,
In home  (w/display),Temp & Humidity Sensor,2020/12/24 4:05 AM,64.2,55.0,47.7,62.9,,,30.07,,,,,,,,,,,,,
In home  (w/display),Temp & Humidity Sensor,2020/12/24 4:15 AM,64.2,55.0,47.7,62.9,,,30.07,,,,,,,,,,,,,
In home  (w/display),Temp & Humidity Sensor,2020/12/24 4:20 AM,64.2,55.0,47.7,62.9,,,30.06,,,,,,,,,,,,,
In home  (w/display),Temp & Humidity Sensor,2020/12/24 4:25 AM,64.2,55.0,47.7,62.9,,,30.06,,,,,,,,,,,,,
In home  (w/display),Temp & Humidity Sensor,2020/12/24 4:30 AM,64.2,55.0,47.7,62.9,,,30.06,,,,,,,,,,,,,
In home  (w/display),Temp & Humidity Sensor,2020/12/24 4:35 AM,64.0,55.0,47.5,62.7,,,30.05,,,,,,,,,,,,,
In home  (w/display),Temp & Humidity Sensor,2020/12/24 4:40 AM,64.0,55.0,47.5,62.7,,,30.06,,,,,,,,,,,,,
In home  (w/display),Temp & Humidity Sensor,2020/12/24 4:45 AM,64.0,55.0,47.5,62.7,,,30.06,,,,,,,,,,,,,
In home  (w/display),Temp & Humidity Sensor,2020/12/24 4:50 AM,64.0,55.0,47.5,62.7,,,30.05,,,,,,,,,,,,,
In home  (w/display),Temp & Humidity Sensor,2020/12/24 4:55 AM,64.0,55.0,47.5,62.7,,,30.05,,,,,,,,,,,,,
In home  (w/display),Temp & Humidity Sensor,2020/12/24 5:00 AM,64.0,55.0,47.5,62.7,,,30.05,,,,,,,,,,,,,
In home  (w/display),Temp & Humidity Sensor,2020/12/24 5:05 AM,64.0,55.0,47.5,62.7,,,30.05,,,,,,,,,,,,,
In home  (w/display),Temp & Humidity Sensor,2020/12/24 5:10 AM,64.0,55.0,47.5,62.7,,,30.05,,,,,,,,,,,,,
In home  (w/display),Temp & Humidity Sensor,2020/12/24 5:15 AM,64.0,55.0,47.5,62.7,,,30.05,,,,,,,,,,,,,
In home  (w/display),Temp & Humidity Sensor,2020/12/24 5:20 AM,64.5,55.0,48.0,63.2,,,30.04,,,,,,,,,,,,,
In home  (w/display),Temp & Humidity Sensor,2020/12/24 5:25 AM,65.1,55.0,48.5,63.9,,,30.04,,,,,,,,,,,,,
In home  (w/display),Temp & Humidity Sensor,2020/12/24 5:30 AM,65.6,55.0,49.0,64.4,,,30.04,,,,,,,,,,,,,
In home  (w/display),Temp & Humidity Sensor,2020/12/24 5:35 AM,66.2,54.0,49.1,65.1,,,30.04,,,,,,,,,,,,,
In home  (w/display),Temp & Humidity Sensor,2020/12/24 5:40 AM,66.5,54.0,49.3,65.4,,,30.03,,,,,,,,,,,,,
In home  (w/display),Temp & Humidity Sensor,2020/12/24 5:45 AM,66.5,54.0,49.3,65.4,,,30.03,,,,,,,,,,,,,
In home  (w/display),Temp & Humidity Sensor,2020/12/24 5:50 AM,66.3,54.0,49.1,65.2,,,30.03,,,,,,,,,,,,,
In home  (w/display),Temp & Humidity Sensor,2020/12/24 5:55 AM,66.7,54.0,49.5,65.6,,,30.03,,,,,,,,,,,,,
In home  (w/display),Temp & Humidity Sensor,2020/12/24 6:00 AM,67.1,54.0,49.9,66.0,,,30.03,,,,,,,,,,,,,
In home  (w/display),Temp & Humidity Sensor,2020/12/24 6:05 AM,67.1,54.0,49.9,66.0,,,30.03,,,,,,,,,,,,,
In home  (w/display),Temp & Humidity Sensor,2020/12/24 6:10 AM,66.9,54.0,49.7,65.8,,,30.03,,,,,,,,,,,,,
In home  (w/display),Temp & Humidity Sensor,2020/12/24 6:15 AM,66.9,54.0,49.7,65.8,,,30.03,,,,,,,,,,,,,
In home  (w/display),Temp & Humidity Sensor,2020/12/24 6:20 AM,67.2,54.0,50.0,66.2,,,30.03,,,,,,,,,,,,,
In home  (w/display),Temp & Humidity Sensor,2020/12/24 6:25 AM,67.4,53.0,49.7,66.3,,,30.04,,,,,,,,,,,,,
In home  (w/display),Temp & Humidity Sensor,2020/12/24 6:30 AM,67.2,54.0,50.0,66.2,,,30.05,,,,,,,,,,,,,
In home  (w/display),Temp & Humidity Sensor,2020/12/24 6:35 AM,67.1,54.0,49.9,66.0,,,30.04,,,,,,,,,,,,,
In home  (w/display),Temp & Humidity Sensor,2020/12/24 6:40 AM,67.2,54.0,50.0,66.2,,,30.04,,,,,,,,,,,,,
In home  (w/display),Temp & Humidity Sensor,2020/12/24 6:45 AM,67.4,54.0,50.2,66.4,,,30.04,,,,,,,,,,,,,
In home  (w/display),Temp & Humidity Sensor,2020/12/24 6:50 AM,67.2,54.0,50.0,66.2,,,30.03,,,,,,,,,,,,,
In home  (w/display),Temp & Humidity Sensor,2020/12/24 6:55 AM,67.1,54.0,49.9,66.0,,,30.04,,,,,,,,,,,,,
In home  (w/display),Temp & Humidity Sensor,2020/12/24 7:00 AM,67.1,54.0,49.9,66.0,,,30.03,,,,,,,,,,,,,
In home  (w/display),Temp & Humidity Sensor,2020/12/24 7:05 AM,67.4,54.0,50.2,66.4,,,30.03,,,,,,,,,,,,,
In home  (w/display),Temp & Humidity Sensor,2020/12/24 7:10 AM,67.4,54.0,50.2,66.4,,,30.03,,,,,,,,,,,,,
In home  (w/display),Temp & Humidity Sensor,2020/12/24 7:15 AM,67.2,54.0,50.0,66.2,,,30.02,,,,,,,,,,,,,
In home  (w/display),Temp & Humidity Sensor,2020/12/24 7:20 AM,67.2,54.0,50.0,66.2,,,30.03,,,,,,,,,,,,,
In home  (w/display),Temp & Humidity Sensor,2020/12/24 7:25 AM,67.6,54.0,50.4,66.6,,,30.03,,,,,,,,,,,,,
In home  (w/display),Temp & Humidity Sensor,2020/12/24 7:30 AM,67.6,54.0,50.4,66.6,,,30.02,,,,,,,,,,,,,
In home  (w/display),Temp & Humidity Sensor,2020/12/24 7:35 AM,67.6,54.0,50.4,66.6,,,30.03,,,,,,,,,,,,,
In home  (w/display),Temp & Humidity Sensor,2020/12/24 7:40 AM,67.2,54.0,50.0,66.2,,,30.02,,,,,,,,,,,,,
In home  (w/display),Temp & Humidity Sensor,2020/12/24 7:45 AM,67.6,54.0,50.4,66.6,,,30.02,,,,,,,,,,,,,
In home  (w/display),Temp & Humidity Sensor,2020/12/24 7:50 AM,67.8,54.0,50.5,66.8,,,30.01,,,,,,,,,,,,,
In home  (w/display),Temp & Humidity Sensor,2020/12/24 7:55 AM,67.6,54.0,50.4,66.6,,,30.01,,,,,,,,,,,,,
In home  (w/display),Temp & Humidity Sensor,2020/12/24 8:00 AM,67.6,54.0,50.4,66.6,,,30.0,,,,,,,,,,,,,
In home  (w/display),Temp & Humidity Sensor,2020/12/24 8:05 AM,67.4,54.0,50.2,66.4,,,30.0,,,,,,,,,,,,,
In home  (w/display),Temp & Humidity Sensor,2020/12/24 8:10 AM,67.2,54.0,50.0,66.2,,,30.0,,,,,,,,,,,,,
In home  (w/display),Temp & Humidity Sensor,2020/12/24 8:15 AM,67.1,54.0,49.9,66.0,,,30.01,,,,,,,,,,,,,
In home  (w/display),Temp & Humidity Sensor,2020/12/24 8:20 AM,67.1,54.0,49.9,66.0,,,30.01,,,,,,,,,,,,,
In home  (w/display),Temp & Humidity Sensor,2020/12/24 8:25 AM,67.1,54.0,49.9,66.0,,,30.0,,,,,,,,,,,,,
In home  (w/display),Temp & Humidity Sensor,2020/12/24 8:30 AM,66.9,54.0,49.7,65.8,,,30.0,,,,,,,,,,,,,
In home  (w/display),Temp & Humidity Sensor,2020/12/24 8:35 AM,66.7,54.0,49.5,65.6,,,29.98,,,,,,,,,,,,,
In home  (w/display),Temp & Humidity Sensor,2020/12/24 8:40 AM,66.7,54.0,49.5,65.6,,,29.98,,,,,,,,,,,,,
In home  (w/display),Temp & Humidity Sensor,2020/12/24 8:45 AM,66.7,54.0,49.5,65.6,,,29.98,,,,,,,,,,,,,
In home  (w/display),Temp & Humidity Sensor,2020/12/24 8:50 AM,66.5,55.0,49.8,65.4,,,29.98,,,,,,,,,,,,,
In home  (w/display),Temp & Humidity Sensor,2020/12/24 8:55 AM,66.5,55.0,49.8,65.4,,,30.0,,,,,,,,,,,,,
In home  (w/display),Temp & Humidity Sensor,2020/12/24 9:00 AM,66.5,55.0,49.8,65.4,,,29.99,,,,,,,,,,,,,
In home  (w/display),Temp & Humidity Sensor,2020/12/24 9:05 AM,66.3,55.0,49.6,65.2,,,29.99,,,,,,,,,,,,,
In home  (w/display),Temp & Humidity Sensor,2020/12/24 9:10 AM,66.3,55.0,49.6,65.2,,,29.99,,,,,,,,,,,,,
In home  (w/display),Temp & Humidity Sensor,2020/12/24 9:15 AM,66.3,55.0,49.6,65.2,,,29.99,,,,,,,,,,,,,
In home  (w/display),Temp & Humidity Sensor,2020/12/24 9:20 AM,66.3,55.0,49.6,65.2,,,29.98,,,,,,,,,,,,,
In home  (w/display),Temp & Humidity Sensor,2020/12/24 9:25 AM,66.3,55.0,49.6,65.2,,,29.98,,,,,,,,,,,,,
In home  (w/display),Temp & Humidity Sensor,2020/12/24 9:30 AM,66.3,55.0,49.6,65.2,,,29.98,,,,,,,,,,,,,
In home  (w/display),Temp & Humidity Sensor,2020/12/24 9:35 AM,66.3,55.0,49.6,65.2,,,29.98,,,,,,,,,,,,,
In home  (w/display),Temp & Humidity Sensor,2020/12/24 9:40 AM,66.2,55.0,49.5,65.1,,,29.97,,,,,,,,,,,,,
In home  (w/display),Temp & Humidity Sensor,2020/12/24 9:45 AM,66.2,55.0,49.5,65.1,,,29.97,,,,,,,,,,,,,
In home  (w/display),Temp & Humidity Sensor,2020/12/24 9:50 AM,66.2,55.0,49.5,65.1,,,29.97,,,,,,,,,,,,,
In home  (w/display),Temp & Humidity Sensor,2020/12/24 9:55 AM,66.2,55.0,49.5,65.1,,,29.97,,,,,,,,,,,,,
In home  (w/display),Temp & Humidity Sensor,2020/12/24 10:00 AM,66.0,56.0,49.8,64.9,,,29.96,,,,,,,,,,,,,
In home  (w/display),Temp & Humidity Sensor,2020/12/24 10:05 AM,66.0,56.0,49.8,64.9,,,29.95,,,,,,,,,,,,,
In home  (w/display),Temp & Humidity Sensor,2020/12/24 10:10 AM,66.0,56.0,49.8,64.9,,,29.95,,,,,,,,,,,,,
In home  (w/display),Temp & Humidity Sensor,2020/12/24 10:15 AM,66.0,56.0,49.8,64.9,,,29.94,,,,,,,,,,,,,
In home  (w/display),Temp & Humidity Sensor,2020/12/24 10:20 AM,66.0,56.0,49.8,64.9,,,29.94,,,,,,,,,,,,,
In home  (w/display),Temp & Humidity Sensor,2020/12/24 10:25 AM,66.0,56.0,49.8,64.9,,,29.94,,,,,,,,,,,,,
In home  (w/display),Temp & Humidity Sensor,2020/12/24 10:30 AM,66.0,56.0,49.8,64.9,,,29.94,,,,,,,,,,,,,
In home  (w/display),Temp & Humidity Sensor,2020/12/24 10:35 AM,66.0,56.0,49.8,64.9,,,29.94,,,,,,,,,,,,,
In home  (w/display),Temp & Humidity Sensor,2020/12/24 10:40 AM,66.0,56.0,49.8,64.9,,,29.94,,,,,,,,,,,,,
In home  (w/display),Temp & Humidity Sensor,2020/12/24 10:45 AM,66.0,56.0,49.8,64.9,,,29.93,,,,,,,,,,,,,
In home  (w/display),Temp & Humidity Sensor,2020/12/24 10:50 AM,66.0,56.0,49.8,64.9,,,29.93,,,,,,,,,,,,,
In home  (w/display),Temp & Humidity Sensor,2020/12/24 10:55 AM,66.0,56.0,49.8,64.9,,,29.92,,,,,,,,,,,,,
In home  (w/display),Temp & Humidity Sensor,2020/12/24 11:00 AM,66.0,56.0,49.8,64.9,,,29.91,,,,,,,,,,,,,
In home  (w/display),Temp & Humidity Sensor,2020/12/24 11:05 AM,66.0,56.0,49.8,64.9,,,29.91,,,,,,,,,,,,,
In home  (w/display),Temp & Humidity Sensor,2020/12/24 11:10 AM,66.0,56.0,49.8,64.9,,,29.91,,,,,,,,,,,,,
In home  (w/display),Temp & Humidity Sensor,2020/12/24 11:15 AM,66.0,56.0,49.8,64.9,,,29.9,,,,,,,,,,,,,
In home  (w/display),Temp & Humidity Sensor,2020/12/24 11:20 AM,65.8,56.0,49.7,64.7,,,29.89,,,,,,,,,,,,,
In home  (w/display),Temp & Humidity Sensor,2020/12/24 11:25 AM,66.0,57.0,50.3,65.0,,,29.88,,,,,,,,,,,,,
In home  (w/display),Temp & Humidity Sensor,2020/12/24 11:30 AM,66.0,57.0,50.3,65.0,,,29.88,,,,,,,,,,,,,
In home  (w/display),Temp & Humidity Sensor,2020/12/24 11:35 AM,66.0,57.0,50.3,65.0,,,29.88,,,,,,,,,,,,,
In home  (w/display),Temp & Humidity Sensor,2020/12/24 11:40 AM,66.0,57.0,50.3,65.0,,,29.87,,,,,,,,,,,,,
In home  (w/display),Temp & Humidity Sensor,2020/12/24 11:45 AM,66.0,58.0,50.8,65.0,,,29.87,,,,,,,,,,,,,
In home  (w/display),Temp & Humidity Sensor,2020/12/24 11:50 AM,66.0,58.0,50.8,65.0,,,29.85,,,,,,,,,,,,,
In home  (w/display),Temp & Humidity Sensor,2020/12/24 11:55 AM,66.2,57.0,50.5,65.2,,,29.85,,,,,,,,,,,,,
In home  (w/display),Temp & Humidity Sensor,2020/12/24 12:00 PM,66.2,57.0,50.5,65.2,,,29.85,,,,,,,,,,,,,
In home  (w/display),Temp & Humidity Sensor,2020/12/24 12:05 PM,66.2,57.0,50.5,65.2,,,29.85,,,,,,,,,,,,,
In home  (w/display),Temp & Humidity Sensor,2020/12/24 12:10 PM,66.2,58.0,51.0,65.2,,,29.84,,,,,,,,,,,,,
In home  (w/display),Temp & Humidity Sensor,2020/12/24 12:15 PM,66.2,58.0,51.0,65.2,,,29.84,,,,,,,,,,,,,
In home  (w/display),Temp & Humidity Sensor,2020/12/24 12:20 PM,66.2,58.0,51.0,65.2,,,29.83,,,,,,,,,,,,,
In home  (w/display),Temp & Humidity Sensor,2020/12/24 12:25 PM,66.2,58.0,51.0,65.2,,,29.83,,,,,,,,,,,,,
In home  (w/display),Temp & Humidity Sensor,2020/12/24 12:30 PM,66.2,58.0,51.0,65.2,,,29.82,,,,,,,,,,,,,
In home  (w/display),Temp & Humidity Sensor,2020/12/24 12:35 PM,66.2,58.0,51.0,65.2,,,29.82,,,,,,,,,,,,,
In home  (w/display),Temp & Humidity Sensor,2020/12/24 12:40 PM,66.2,58.0,51.0,65.2,,,29.82,,,,,,,,,,,,,
In home  (w/display),Temp & Humidity Sensor,2020/12/24 12:45 PM,66.2,59.0,51.4,65.3,,,29.81,,,,,,,,,,,,,
In home  (w/display),Temp & Humidity Sensor,2020/12/24 12:50 PM,66.3,59.0,51.5,65.4,,,29.8,,,,,,,,,,,,,
In home  (w/display),Temp & Humidity Sensor,2020/12/24 12:55 PM,66.3,59.0,51.5,65.4,,,29.8,,,,,,,,,,,,,
In home  (w/display),Temp & Humidity Sensor,2020/12/24 1:00 PM,66.3,59.0,51.5,65.4,,,29.8,,,,,,,,,,,,,
In home  (w/display),Temp & Humidity Sensor,2020/12/24 1:05 PM,66.5,59.0,51.7,65.6,,,29.8,,,,,,,,,,,,,
In home  (w/display),Temp & Humidity Sensor,2020/12/24 1:10 PM,66.5,59.0,51.7,65.6,,,29.8,,,,,,,,,,,,,
In home  (w/display),Temp & Humidity Sensor,2020/12/24 1:15 PM,66.7,60.0,52.4,65.9,,,29.79,,,,,,,,,,,,,
In home  (w/display),Temp & Humidity Sensor,2020/12/24 1:20 PM,66.7,60.0,52.4,65.9,,,29.79,,,,,,,,,,,,,
In home  (w/display),Temp & Humidity Sensor,2020/12/24 1:25 PM,66.7,60.0,52.4,65.9,,,29.79,,,,,,,,,,,,,
In home  (w/display),Temp & Humidity Sensor,2020/12/24 1:30 PM,66.7,60.0,52.4,65.9,,,29.78,,,,,,,,,,,,,
In home  (w/display),Temp & Humidity Sensor,2020/12/24 1:35 PM,66.7,60.0,52.4,65.9,,,29.78,,,,,,,,,,,,,
In home  (w/display),Temp & Humidity Sensor,2020/12/24 1:40 PM,66.9,60.0,52.6,66.1,,,29.78,,,,,,,,,,,,,
In home  (w/display),Temp & Humidity Sensor,2020/12/24 1:45 PM,67.1,60.0,52.7,66.3,,,29.78,,,,,,,,,,,,,
In home  (w/display),Temp & Humidity Sensor,2020/12/24 1:50 PM,67.1,61.0,53.2,66.4,,,29.79,,,,,,,,,,,,,
In home  (w/display),Temp & Humidity Sensor,2020/12/24 1:55 PM,67.1,61.0,53.2,66.4,,,29.79,,,,,,,,,,,,,
In home  (w/display),Temp & Humidity Sensor,2020/12/24 2:00 PM,67.2,61.0,53.3,66.5,,,29.79,,,,,,,,,,,,,
In home  (w/display),Temp & Humidity Sensor,2020/12/24 2:05 PM,67.2,61.0,53.3,66.5,,,29.78,,,,,,,,,,,,,
In home  (w/display),Temp & Humidity Sensor,2020/12/24 2:10 PM,67.2,61.0,53.3,66.5,,,29.78,,,,,,,,,,,,,
In home  (w/display),Temp & Humidity Sensor,2020/12/24 2:15 PM,67.2,61.0,53.3,66.5,,,29.78,,,,,,,,,,,,,
In home  (w/display),Temp & Humidity Sensor,2020/12/24 2:20 PM,67.4,61.0,53.5,66.7,,,29.78,,,,,,,,,,,,,
In home  (w/display),Temp & Humidity Sensor,2020/12/24 2:25 PM,67.6,60.0,53.2,66.9,,,29.77,,,,,,,,,,,,,
In home  (w/display),Temp & Humidity Sensor,2020/12/24 2:30 PM,67.6,60.0,53.2,66.9,,,29.76,,,,,,,,,,,,,
In home  (w/display),Temp & Humidity Sensor,2020/12/24 2:35 PM,67.6,60.0,53.2,66.9,,,29.76,,,,,,,,,,,,,
In home  (w/display),Temp & Humidity Sensor,2020/12/24 2:40 PM,67.6,60.0,53.2,66.9,,,29.75,,,,,,,,,,,,,
In home  (w/display),Temp & Humidity Sensor,2020/12/24 2:45 PM,67.6,60.0,53.2,66.9,,,29.74,,,,,,,,,,,,,
In home  (w/display),Temp & Humidity Sensor,2020/12/24 2:50 PM,67.6,60.0,53.2,66.9,,,29.74,,,,,,,,,,,,,
In home  (w/display),Temp & Humidity Sensor,2020/12/24 2:55 PM,67.6,60.0,53.2,66.9,,,29.74,,,,,,,,,,,,,
In home  (w/display),Temp & Humidity Sensor,2020/12/24 3:00 PM,67.6,60.0,53.2,66.9,,,29.74,,,,,,,,,,,,,
In home  (w/display),Temp & Humidity Sensor,2020/12/24 3:05 PM,67.6,60.0,53.2,66.9,,,29.74,,,,,,,,,,,,,
In home  (w/display),Temp & Humidity Sensor,2020/12/24 3:10 PM,67.6,60.0,53.2,66.9,,,29.74,,,,,,,,,,,,,
In home  (w/display),Temp & Humidity Sensor,2020/12/24 3:15 PM,67.6,60.0,53.2,66.9,,,29.73,,,,,,,,,,,,,
In home  (w/display),Temp & Humidity Sensor,2020/12/24 3:20 PM,67.6,60.0,53.2,66.9,,,29.73,,,,,,,,,,,,,
In home  (w/display),Temp & Humidity Sensor,2020/12/24 3:25 PM,67.6,60.0,53.2,66.9,,,29.73,,,,,,,,,,,,,
In home  (w/display),Temp & Humidity Sensor,2020/12/24 3:30 PM,67.6,60.0,53.2,66.9,,,29.72,,,,,,,,,,,,,
In home  (w/display),Temp & Humidity Sensor,2020/12/24 3:35 PM,67.6,60.0,53.2,66.9,,,29.72,,,,,,,,,,,,,
In home  (w/display),Temp & Humidity Sensor,2020/12/24 3:40 PM,67.8,60.0,53.4,67.1,,,29.71,,,,,,,,,,,,,
In home  (w/display),Temp & Humidity Sensor,2020/12/24 3:45 PM,67.8,60.0,53.4,67.1,,,29.7,,,,,,,,,,,,,
In home  (w/display),Temp & Humidity Sensor,2020/12/24 3:50 PM,67.8,60.0,53.4,67.1,,,29.7,,,,,,,,,,,,,
In home  (w/display),Temp & Humidity Sensor,2020/12/24 3:55 PM,67.8,60.0,53.4,67.1,,,29.7,,,,,,,,,,,,,
In home  (w/display),Temp & Humidity Sensor,2020/12/24 4:00 PM,67.8,60.0,53.4,67.1,,,29.69,,,,,,,,,,,,,
In home  (w/display),Temp & Humidity Sensor,2020/12/24 4:05 PM,68.0,60.0,53.6,67.3,,,29.69,,,,,,,,,,,,,
In home  (w/display),Temp & Humidity Sensor,2020/12/24 4:10 PM,67.8,60.0,53.4,67.1,,,29.69,,,,,,,,,,,,,
In home  (w/display),Temp & Humidity Sensor,2020/12/24 4:15 PM,67.8,60.0,53.4,67.1,,,29.69,,,,,,,,,,,,,
In home  (w/display),Temp & Humidity Sensor,2020/12/24 4:20 PM,67.8,60.0,53.4,67.1,,,29.69,,,,,,,,,,,,,
In home  (w/display),Temp & Humidity Sensor,2020/12/24 4:25 PM,67.8,60.0,53.4,67.1,,,29.69,,,,,,,,,,,,,
In home  (w/display),Temp & Humidity Sensor,2020/12/24 4:30 PM,67.8,60.0,53.4,67.1,,,29.69,,,,,,,,,,,,,
In home  (w/display),Temp & Humidity Sensor,2020/12/24 4:35 PM,67.8,60.0,53.4,67.1,,,29.68,,,,,,,,,,,,,
In home  (w/display),Temp & Humidity Sensor,2020/12/24 4:40 PM,67.8,60.0,53.4,67.1,,,29.68,,,,,,,,,,,,,
In home  (w/display),Temp & Humidity Sensor,2020/12/24 4:45 PM,67.8,60.0,53.4,67.1,,,29.68,,,,,,,,,,,,,
In home  (w/display),Temp & Humidity Sensor,2020/12/24 4:50 PM,67.8,60.0,53.4,67.1,,,29.68,,,,,,,,,,,,,
In home  (w/display),Temp & Humidity Sensor,2020/12/24 4:55 PM,67.8,60.0,53.4,67.1,,,29.67,,,,,,,,,,,,,
In home  (w/display),Temp & Humidity Sensor,2020/12/24 5:00 PM,67.8,59.0,52.9,67.1,,,29.66,,,,,,,,,,,,,
In home  (w/display),Temp & Humidity Sensor,2020/12/24 5:05 PM,68.0,59.0,53.1,67.3,,,29.67,,,,,,,,,,,,,
In home  (w/display),Temp & Humidity Sensor,2020/12/24 5:10 PM,68.1,58.0,52.8,67.3,,,29.66,,,,,,,,,,,,,
In home  (w/display),Temp & Humidity Sensor,2020/12/24 5:15 PM,68.1,58.0,52.8,67.3,,,29.66,,,,,,,,,,,,,
In home  (w/display),Temp & Humidity Sensor,2020/12/24 5:20 PM,68.3,58.0,52.9,67.6,,,29.65,,,,,,,,,,,,,
In home  (w/display),Temp & Humidity Sensor,2020/12/24 5:25 PM,68.3,57.0,52.5,67.5,,,29.65,,,,,,,,,,,,,
In home  (w/display),Temp & Humidity Sensor,2020/12/24 5:30 PM,68.5,57.0,52.7,67.7,,,29.64,,,,,,,,,,,,,
In home  (w/display),Temp & Humidity Sensor,2020/12/24 5:35 PM,68.5,57.0,52.7,67.7,,,29.64,,,,,,,,,,,,,
In home  (w/display),Temp & Humidity Sensor,2020/12/24 5:40 PM,68.7,56.0,52.4,67.9,,,29.64,,,,,,,,,,,,,
In home  (w/display),Temp & Humidity Sensor,2020/12/24 5:45 PM,68.7,56.0,52.4,67.9,,,29.63,,,,,,,,,,,,,
In home  (w/display),Temp & Humidity Sensor,2020/12/24 5:50 PM,68.7,55.0,51.9,67.9,,,29.62,,,,,,,,,,,,,
In home  (w/display),Temp & Humidity Sensor,2020/12/24 5:55 PM,68.9,55.0,52.1,68.1,,,29.62,,,,,,,,,,,,,
In home  (w/display),Temp & Humidity Sensor,2020/12/24 6:00 PM,68.9,55.0,52.1,68.1,,,29.61,,,,,,,,,,,,,
In home  (w/display),Temp & Humidity Sensor,2020/12/24 6:05 PM,68.9,55.0,52.1,68.1,,,29.61,,,,,,,,,,,,,
In home  (w/display),Temp & Humidity Sensor,2020/12/24 6:10 PM,69.0,55.0,52.2,68.2,,,29.6,,,,,,,,,,,,,
In home  (w/display),Temp & Humidity Sensor,2020/12/24 6:15 PM,69.0,54.0,51.7,68.1,,,29.6,,,,,,,,,,,,,
In home  (w/display),Temp & Humidity Sensor,2020/12/24 6:20 PM,69.0,55.0,52.2,68.2,,,29.6,,,,,,,,,,,,,
In home  (w/display),Temp & Humidity Sensor,2020/12/24 6:25 PM,68.9,55.0,52.1,68.1,,,29.6,,,,,,,,,,,,,
In home  (w/display),Temp & Humidity Sensor,2020/12/24 6:30 PM,68.9,56.0,52.5,68.1,,,29.59,,,,,,,,,,,,,
In home  (w/display),Temp & Humidity Sensor,2020/12/24 6:35 PM,68.9,56.0,52.5,68.1,,,29.59,,,,,,,,,,,,,
In home  (w/display),Temp & Humidity Sensor,2020/12/24 6:40 PM,68.7,56.0,52.4,67.9,,,29.59,,,,,,,,,,,,,
In home  (w/display),Temp & Humidity Sensor,2020/12/24 6:45 PM,68.7,56.0,52.4,67.9,,,29.6,,,,,,,,,,,,,
In home  (w/display),Temp & Humidity Sensor,2020/12/24 6:50 PM,68.7,57.0,52.8,67.9,,,29.6,,,,,,,,,,,,,
In home  (w/display),Temp & Humidity Sensor,2020/12/24 6:55 PM,68.5,57.0,52.7,67.7,,,29.59,,,,,,,,,,,,,
In home  (w/display),Temp & Humidity Sensor,2020/12/24 7:00 PM,68.5,57.0,52.7,67.7,,,29.6,,,,,,,,,,,,,
In home  (w/display),Temp & Humidity Sensor,2020/12/24 7:05 PM,68.5,57.0,52.7,67.7,,,29.6,,,,,,,,,,,,,
In home  (w/display),Temp & Humidity Sensor,2020/12/24 7:10 PM,68.5,57.0,52.7,67.7,,,29.6,,,,,,,,,,,,,
In home  (w/display),Temp & Humidity Sensor,2020/12/24 7:15 PM,68.5,57.0,52.7,67.7,,,29.6,,,,,,,,,,,,,
In home  (w/display),Temp & Humidity Sensor,2020/12/24 7:20 PM,68.5,57.0,52.7,67.7,,,29.6,,,,,,,,,,,,,
In home  (w/display),Temp & Humidity Sensor,2020/12/24 7:25 PM,68.5,57.0,52.7,67.7,,,29.59,,,,,,,,,,,,,
In home  (w/display),Temp & Humidity Sensor,2020/12/24 7:30 PM,68.7,57.0,52.8,67.9,,,29.58,,,,,,,,,,,,,
In home  (w/display),Temp & Humidity Sensor,2020/12/24 7:35 PM,68.7,57.0,52.8,67.9,,,29.58,,,,,,,,,,,,,
In home  (w/display),Temp & Humidity Sensor,2020/12/24 7:40 PM,68.7,58.0,53.3,68.0,,,29.59,,,,,,,,,,,,,
In home  (w/display),Temp & Humidity Sensor,2020/12/24 7:45 PM,68.7,58.0,53.3,68.0,,,29.58,,,,,,,,,,,,,
In home  (w/display),Temp & Humidity Sensor,2020/12/24 7:50 PM,68.7,58.0,53.3,68.0,,,29.57,,,,,,,,,,,,,
In home  (w/display),Temp & Humidity Sensor,2020/12/24 7:55 PM,68.7,58.0,53.3,68.0,,,29.57,,,,,,,,,,,,,
In home  (w/display),Temp & Humidity Sensor,2020/12/24 8:00 PM,68.7,58.0,53.3,68.0,,,29.56,,,,,,,,,,,,,
In home  (w/display),Temp & Humidity Sensor,2020/12/24 8:05 PM,68.7,58.0,53.3,68.0,,,29.55,,,,,,,,,,,,,
In home  (w/display),Temp & Humidity Sensor,2020/12/24 8:10 PM,68.7,58.0,53.3,68.0,,,29.55,,,,,,,,,,,,,
In home  (w/display),Temp & Humidity Sensor,2020/12/24 8:15 PM,68.9,58.0,53.5,68.2,,,29.56,,,,,,,,,,,,,
In home  (w/display),Temp & Humidity Sensor,2020/12/24 8:20 PM,68.9,58.0,53.5,68.2,,,29.55,,,,,,,,,,,,,
In home  (w/display),Temp & Humidity Sensor,2020/12/24 8:25 PM,68.9,58.0,53.5,68.2,,,29.55,,,,,,,,,,,,,
In home  (w/display),Temp & Humidity Sensor,2020/12/24 8:30 PM,68.7,58.0,53.3,68.0,,,29.56,,,,,,,,,,,,,
In home  (w/display),Temp & Humidity Sensor,2020/12/24 8:35 PM,68.9,58.0,53.5,68.2,,,29.56,,,,,,,,,,,,,
In home  (w/display),Temp & Humidity Sensor,2020/12/24 8:40 PM,68.9,58.0,53.5,68.2,,,29.56,,,,,,,,,,,,,
In home  (w/display),Temp & Humidity Sensor,2020/12/24 8:45 PM,68.7,58.0,53.3,68.0,,,29.57,,,,,,,,,,,,,
In home  (w/display),Temp & Humidity Sensor,2020/12/24 8:50 PM,68.9,58.0,53.5,68.2,,,29.56,,,,,,,,,,,,,
In home  (w/display),Temp & Humidity Sensor,2020/12/24 8:55 PM,68.9,58.0,53.5,68.2,,,29.56,,,,,,,,,,,,,
In home  (w/display),Temp & Humidity Sensor,2020/12/24 9:00 PM,68.9,58.0,53.5,68.2,,,29.56,,,,,,,,,,,,,
In home  (w/display),Temp & Humidity Sensor,2020/12/24 9:05 PM,68.9,58.0,53.5,68.2,,,29.56,,,,,,,,,,,,,
In home  (w/display),Temp & Humidity Sensor,2020/12/24 9:10 PM,68.9,58.0,53.5,68.2,,,29.56,,,,,,,,,,,,,
In home  (w/display),Temp & Humidity Sensor,2020/12/24 9:15 PM,68.9,58.0,53.5,68.2,,,29.57,,,,,,,,,,,,,
In home  (w/display),Temp & Humidity Sensor,2020/12/24 9:20 PM,68.9,58.0,53.5,68.2,,,29.57,,,,,,,,,,,,,
In home  (w/display),Temp & Humidity Sensor,2020/12/24 9:25 PM,68.9,58.0,53.5,68.2,,,29.56,,,,,,,,,,,,,
In home  (w/display),Temp & Humidity Sensor,2020/12/24 9:30 PM,68.9,58.0,53.5,68.2,,,29.56,,,,,,,,,,,,,
In home  (w/display),Temp & Humidity Sensor,2020/12/24 9:35 PM,68.9,58.0,53.5,68.2,,,29.56,,,,,,,,,,,,,
In home  (w/display),Temp & Humidity Sensor,2020/12/24 9:40 PM,68.9,58.0,53.5,68.2,,,29.57,,,,,,,,,,,,,
In home  (w/display),Temp & Humidity Sensor,2020/12/24 9:45 PM,69.0,58.0,53.6,68.3,,,29.57,,,,,,,,,,,,,
In home  (w/display),Temp & Humidity Sensor,2020/12/24 9:50 PM,68.9,58.0,53.5,68.2,,,29.56,,,,,,,,,,,,,
In home  (w/display),Temp & Humidity Sensor,2020/12/24 9:55 PM,68.9,58.0,53.5,68.2,,,29.56,,,,,,,,,,,,,
In home  (w/display),Temp & Humidity Sensor,2020/12/24 10:00 PM,68.9,58.0,53.5,68.2,,,29.56,,,,,,,,,,,,,
In home  (w/display),Temp & Humidity Sensor,2020/12/24 10:05 PM,68.9,58.0,53.5,68.2,,,29.57,,,,,,,,,,,,,
In home  (w/display),Temp & Humidity Sensor,2020/12/24 10:10 PM,69.0,58.0,53.6,68.3,,,29.56,,,,,,,,,,,,,
In home  (w/display),Temp & Humidity Sensor,2020/12/24 10:15 PM,68.9,58.0,53.5,68.2,,,29.56,,,,,,,,,,,,,
In home  (w/display),Temp & Humidity Sensor,2020/12/24 10:20 PM,68.9,58.0,53.5,68.2,,,29.55,,,,,,,,,,,,,
In home  (w/display),Temp & Humidity Sensor,2020/12/24 10:25 PM,68.7,58.0,53.3,68.0,,,29.55,,,,,,,,,,,,,
In home  (w/display),Temp & Humidity Sensor,2020/12/24 10:30 PM,68.7,58.0,53.3,68.0,,,29.55,,,,,,,,,,,,,
In home  (w/display),Temp & Humidity Sensor,2020/12/24 10:35 PM,68.5,58.0,53.1,67.8,,,29.55,,,,,,,,,,,,,
In home  (w/display),Temp & Humidity Sensor,2020/12/24 10:40 PM,68.5,58.0,53.1,67.8,,,29.55,,,,,,,,,,,,,
In home  (w/display),Temp & Humidity Sensor,2020/12/24 10:45 PM,68.3,58.0,52.9,67.6,,,29.55,,,,,,,,,,,,,
In home  (w/display),Temp & Humidity Sensor,2020/12/24 10:50 PM,68.3,58.0,52.9,67.6,,,29.55,,,,,,,,,,,,,
In home  (w/display),Temp & Humidity Sensor,2020/12/24 10:55 PM,68.1,58.0,52.8,67.3,,,29.54,,,,,,,,,,,,,
In home  (w/display),Temp & Humidity Sensor,2020/12/24 11:00 PM,68.1,58.0,52.8,67.3,,,29.54,,,,,,,,,,,,,
In home  (w/display),Temp & Humidity Sensor,2020/12/24 11:05 PM,68.0,58.0,52.7,67.2,,,29.54,,,,,,,,,,,,,
In home  (w/display),Temp & Humidity Sensor,2020/12/24 11:10 PM,68.0,58.0,52.7,67.2,,,29.54,,,,,,,,,,,,,
In home  (w/display),Temp & Humidity Sensor,2020/12/24 11:15 PM,68.0,58.0,52.7,67.2,,,29.54,,,,,,,,,,,,,
In home  (w/display),Temp & Humidity Sensor,2020/12/24 11:20 PM,67.8,58.0,52.5,67.0,,,29.54,,,,,,,,,,,,,
In home  (w/display),Temp & Humidity Sensor,2020/12/24 11:25 PM,67.8,58.0,52.5,67.0,,,29.54,,,,,,,,,,,,,
In home  (w/display),Temp & Humidity Sensor,2020/12/24 11:30 PM,67.8,59.0,52.9,67.1,,,29.53,,,,,,,,,,,,,
In home  (w/display),Temp & Humidity Sensor,2020/12/24 11:35 PM,67.8,59.0,52.9,67.1,,,29.53,,,,,,,,,,,,,
In home  (w/display),Temp & Humidity Sensor,2020/12/24 11:40 PM,67.6,59.0,52.8,66.8,,,29.53,,,,,,,,,,,,,
In home  (w/display),Temp & Humidity Sensor,2020/12/24 11:45 PM,67.6,59.0,52.8,66.8,,,29.54,,,,,,,,,,,,,
In home  (w/display),Temp & Humidity Sensor,2020/12/24 11:50 PM,67.6,59.0,52.8,66.8,,,29.54,,,,,,,,,,,,,
In home  (w/display),Temp & Humidity Sensor,2020/12/24 11:55 PM,67.6,59.0,52.8,66.8,,,29.55,,,,,,,,,,,,,
In home  (w/display),Temp & Humidity Sensor,2020/12/25 12:00 AM,67.4,59.0,52.6,66.6,,,29.54,,,,,,,,,,,,,
In home  (w/display),Temp & Humidity Sensor,2020/12/25 12:05 AM,67.4,59.0,52.6,66.6,,,29.55,,,,,,,,,,,,,
In home  (w/display),Temp & Humidity Sensor,2020/12/25 12:10 AM,67.2,59.0,52.4,66.4,,,29.54,,,,,,,,,,,,,
In home  (w/display),Temp & Humidity Sensor,2020/12/25 12:15 AM,67.2,59.0,52.4,66.4,,,29.54,,,,,,,,,,,,,
In home  (w/display),Temp & Humidity Sensor,2020/12/25 12:20 AM,67.2,59.0,52.4,66.4,,,29.56,,,,,,,,,,,,,
In home  (w/display),Temp & Humidity Sensor,2020/12/25 12:25 AM,67.2,59.0,52.4,66.4,,,29.54,,,,,,,,,,,,,
In home  (w/display),Temp & Humidity Sensor,2020/12/25 12:30 AM,67.2,59.0,52.4,66.4,,,29.53,,,,,,,,,,,,,
In home  (w/display),Temp & Humidity Sensor,2020/12/25 12:35 AM,67.2,59.0,52.4,66.4,,,29.52,,,,,,,,,,,,,
In home  (w/display),Temp & Humidity Sensor,2020/12/25 12:40 AM,67.2,59.0,52.4,66.4,,,29.56,,,,,,,,,,,,,
In home  (w/display),Temp & Humidity Sensor,2020/12/25 12:45 AM,67.2,59.0,52.4,66.4,,,29.55,,,,,,,,,,,,,
In home  (w/display),Temp & Humidity Sensor,2020/12/25 12:50 AM,67.1,59.0,52.3,66.3,,,29.57,,,,,,,,,,,,,
In home  (w/display),Temp & Humidity Sensor,2020/12/25 12:55 AM,67.1,59.0,52.3,66.3,,,29.56,,,,,,,,,,,,,
In home  (w/display),Temp & Humidity Sensor,2020/12/25 1:00 AM,67.1,59.0,52.3,66.3,,,29.57,,,,,,,,,,,,,
In home  (w/display),Temp & Humidity Sensor,2020/12/25 1:05 AM,67.1,59.0,52.3,66.3,,,29.57,,,,,,,,,,,,,
In home  (w/display),Temp & Humidity Sensor,2020/12/25 1:10 AM,67.1,59.0,52.3,66.3,,,29.58,,,,,,,,,,,,,
In home  (w/display),Temp & Humidity Sensor,2020/12/25 1:15 AM,66.9,59.0,52.1,66.1,,,29.59,,,,,,,,,,,,,
In home  (w/display),Temp & Humidity Sensor,2020/12/25 1:20 AM,66.9,59.0,52.1,66.1,,,29.59,,,,,,,,,,,,,
In home  (w/display),Temp & Humidity Sensor,2020/12/25 1:25 AM,66.9,59.0,52.1,66.1,,,29.59,,,,,,,,,,,,,
In home  (w/display),Temp & Humidity Sensor,2020/12/25 1:30 AM,66.9,59.0,52.1,66.1,,,29.59,,,,,,,,,,,,,
In home  (w/display),Temp & Humidity Sensor,2020/12/25 1:35 AM,66.7,59.0,51.9,65.8,,,29.59,,,,,,,,,,,,,
In home  (w/display),Temp & Humidity Sensor,2020/12/25 1:40 AM,66.7,59.0,51.9,65.8,,,29.6,,,,,,,,,,,,,
In home  (w/display),Temp & Humidity Sensor,2020/12/25 1:45 AM,66.7,59.0,51.9,65.8,,,29.61,,,,,,,,,,,,,
In home  (w/display),Temp & Humidity Sensor,2020/12/25 1:50 AM,66.7,59.0,51.9,65.8,,,29.6,,,,,,,,,,,,,
In home  (w/display),Temp & Humidity Sensor,2020/12/25 1:55 AM,66.7,59.0,51.9,65.8,,,29.61,,,,,,,,,,,,,
In home  (w/display),Temp & Humidity Sensor,2020/12/25 2:00 AM,66.7,59.0,51.9,65.8,,,29.61,,,,,,,,,,,,,
In home  (w/display),Temp & Humidity Sensor,2020/12/25 2:05 AM,66.5,59.0,51.7,65.6,,,29.61,,,,,,,,,,,,,
In home  (w/display),Temp & Humidity Sensor,2020/12/25 2:10 AM,66.5,59.0,51.7,65.6,,,29.62,,,,,,,,,,,,,
In home  (w/display),Temp & Humidity Sensor,2020/12/25 2:15 AM,66.3,59.0,51.5,65.4,,,29.63,,,,,,,,,,,,,
In home  (w/display),Temp & Humidity Sensor,2020/12/25 2:20 AM,66.3,59.0,51.5,65.4,,,29.62,,,,,,,,,,,,,
In home  (w/display),Temp & Humidity Sensor,2020/12/25 2:25 AM,66.3,59.0,51.5,65.4,,,29.63,,,,,,,,,,,,,
In home  (w/display),Temp & Humidity Sensor,2020/12/25 2:30 AM,66.3,59.0,51.5,65.4,,,29.63,,,,,,,,,,,,,
In home  (w/display),Temp & Humidity Sensor,2020/12/25 2:35 AM,66.3,59.0,51.5,65.4,,,29.63,,,,,,,,,,,,,
In home  (w/display),Temp & Humidity Sensor,2020/12/25 2:40 AM,66.2,59.0,51.4,65.3,,,29.64,,,,,,,,,,,,,
In home  (w/display),Temp & Humidity Sensor,2020/12/25 2:45 AM,66.2,59.0,51.4,65.3,,,29.65,,,,,,,,,,,,,
In home  (w/display),Temp & Humidity Sensor,2020/12/25 2:50 AM,66.2,59.0,51.4,65.3,,,29.64,,,,,,,,,,,,,
In home  (w/display),Temp & Humidity Sensor,2020/12/25 2:55 AM,66.0,60.0,51.7,65.1,,,29.64,,,,,,,,,,,,,
In home  (w/display),Temp & Humidity Sensor,2020/12/25 3:00 AM,66.0,60.0,51.7,65.1,,,29.65,,,,,,,,,,,,,
In home  (w/display),Temp & Humidity Sensor,2020/12/25 3:05 AM,66.0,60.0,51.7,65.1,,,29.66,,,,,,,,,,,,,
In home  (w/display),Temp & Humidity Sensor,2020/12/25 3:10 AM,66.0,60.0,51.7,65.1,,,29.65,,,,,,,,,,,,,
In home  (w/display),Temp & Humidity Sensor,2020/12/25 3:15 AM,66.0,60.0,51.7,65.1,,,29.65,,,,,,,,,,,,,
In home  (w/display),Temp & Humidity Sensor,2020/12/25 3:20 AM,65.8,60.0,51.5,64.9,,,29.65,,,,,,,,,,,,,
In home  (w/display),Temp & Humidity Sensor,2020/12/25 3:25 AM,65.8,60.0,51.5,64.9,,,29.64,,,,,,,,,,,,,
In home  (w/display),Temp & Humidity Sensor,2020/12/25 3:30 AM,65.8,60.0,51.5,64.9,,,29.64,,,,,,,,,,,,,
In home  (w/display),Temp & Humidity Sensor,2020/12/25 3:35 AM,65.8,60.0,51.5,64.9,,,29.65,,,,,,,,,,,,,
In home  (w/display),Temp & Humidity Sensor,2020/12/25 3:40 AM,65.8,60.0,51.5,64.9,,,29.65,,,,,,,,,,,,,
In home  (w/display),Temp & Humidity Sensor,2020/12/25 3:45 AM,65.8,60.0,51.5,64.9,,,29.65,,,,,,,,,,,,,
In home  (w/display),Temp & Humidity Sensor,2020/12/25 3:50 AM,65.6,60.0,51.3,64.7,,,29.66,,,,,,,,,,,,,
In home  (w/display),Temp & Humidity Sensor,2020/12/25 3:55 AM,65.6,60.0,51.3,64.7,,,29.65,,,,,,,,,,,,,
In home  (w/display),Temp & Humidity Sensor,2020/12/25 4:00 AM,65.6,60.0,51.3,64.7,,,29.65,,,,,,,,,,,,,
In home  (w/display),Temp & Humidity Sensor,2020/12/25 4:05 AM,65.4,59.0,50.7,64.4,,,29.65,,,,,,,,,,,,,
In home  (w/display),Temp & Humidity Sensor,2020/12/25 4:10 AM,65.4,59.0,50.7,64.4,,,29.65,,,,,,,,,,,,,
In home  (w/display),Temp & Humidity Sensor,2020/12/25 4:15 AM,65.4,59.0,50.7,64.4,,,29.65,,,,,,,,,,,,,
In home  (w/display),Temp & Humidity Sensor,2020/12/25 4:20 AM,65.4,59.0,50.7,64.4,,,29.66,,,,,,,,,,,,,
In home  (w/display),Temp & Humidity Sensor,2020/12/25 4:25 AM,65.3,59.0,50.6,64.3,,,29.65,,,,,,,,,,,,,
In home  (w/display),Temp & Humidity Sensor,2020/12/25 4:30 AM,65.3,59.0,50.6,64.3,,,29.66,,,,,,,,,,,,,
In home  (w/display),Temp & Humidity Sensor,2020/12/25 4:35 AM,65.3,59.0,50.6,64.3,,,29.66,,,,,,,,,,,,,
In home  (w/display),Temp & Humidity Sensor,2020/12/25 4:40 AM,65.3,59.0,50.6,64.3,,,29.67,,,,,,,,,,,,,
In home  (w/display),Temp & Humidity Sensor,2020/12/25 4:45 AM,65.3,59.0,50.6,64.3,,,29.67,,,,,,,,,,,,,
In home  (w/display),Temp & Humidity Sensor,2020/12/25 4:50 AM,65.3,59.0,50.6,64.3,,,29.66,,,,,,,,,,,,,
In home  (w/display),Temp & Humidity Sensor,2020/12/25 4:55 AM,65.3,59.0,50.6,64.3,,,29.66,,,,,,,,,,,,,
In home  (w/display),Temp & Humidity Sensor,2020/12/25 5:00 AM,65.1,59.0,50.4,64.1,,,29.67,,,,,,,,,,,,,
In home  (w/display),Temp & Humidity Sensor,2020/12/25 5:05 AM,65.3,59.0,50.6,64.3,,,29.67,,,,,,,,,,,,,
In home  (w/display),Temp & Humidity Sensor,2020/12/25 5:10 AM,64.9,59.0,50.2,63.9,,,29.68,,,,,,,,,,,,,
In home  (w/display),Temp & Humidity Sensor,2020/12/25 5:15 AM,64.9,59.0,50.2,63.9,,,29.68,,,,,,,,,,,,,
In home  (w/display),Temp & Humidity Sensor,2020/12/25 5:20 AM,64.9,59.0,50.2,63.9,,,29.68,,,,,,,,,,,,,
In home  (w/display),Temp & Humidity Sensor,2020/12/25 5:25 AM,64.9,59.0,50.2,63.9,,,29.69,,,,,,,,,,,,,
In home  (w/display),Temp & Humidity Sensor,2020/12/25 5:30 AM,64.9,59.0,50.2,63.9,,,29.69,,,,,,,,,,,,,
In home  (w/display),Temp & Humidity Sensor,2020/12/25 5:35 AM,64.7,59.0,50.0,63.6,,,29.7,,,,,,,,,,,,,
In home  (w/display),Temp & Humidity Sensor,2020/12/25 5:40 AM,64.9,59.0,50.2,63.9,,,29.71,,,,,,,,,,,,,
In home  (w/display),Temp & Humidity Sensor,2020/12/25 5:45 AM,64.7,59.0,50.0,63.6,,,29.71,,,,,,,,,,,,,
In home  (w/display),Temp & Humidity Sensor,2020/12/25 5:50 AM,64.9,59.0,50.2,63.9,,,29.71,,,,,,,,,,,,,
In home  (w/display),Temp & Humidity Sensor,2020/12/25 5:55 AM,65.3,59.0,50.6,64.3,,,29.71,,,,,,,,,,,,,
In home  (w/display),Temp & Humidity Sensor,2020/12/25 6:00 AM,65.4,59.0,50.7,64.4,,,29.72,,,,,,,,,,,,,
In home  (w/display),Temp & Humidity Sensor,2020/12/25 6:05 AM,66.0,59.0,51.3,65.1,,,29.72,,,,,,,,,,,,,
In home  (w/display),Temp & Humidity Sensor,2020/12/25 6:10 AM,66.3,58.0,51.1,65.4,,,29.72,,,,,,,,,,,,,
In home  (w/display),Temp & Humidity Sensor,2020/12/25 6:15 AM,66.3,57.0,50.6,65.3,,,29.72,,,,,,,,,,,,,
In home  (w/display),Temp & Humidity Sensor,2020/12/25 6:20 AM,66.0,58.0,50.8,65.0,,,29.73,,,,,,,,,,,,,
In home  (w/display),Temp & Humidity Sensor,2020/12/25 6:25 AM,66.2,57.0,50.5,65.2,,,29.73,,,,,,,,,,,,,
In home  (w/display),Temp & Humidity Sensor,2020/12/25 6:30 AM,66.3,57.0,50.6,65.3,,,29.74,,,,,,,,,,,,,
In home  (w/display),Temp & Humidity Sensor,2020/12/25 6:35 AM,66.7,57.0,51.0,65.7,,,29.74,,,,,,,,,,,,,
In home  (w/display),Temp & Humidity Sensor,2020/12/25 6:40 AM,66.7,57.0,51.0,65.7,,,29.74,,,,,,,,,,,,,
In home  (w/display),Temp & Humidity Sensor,2020/12/25 6:45 AM,66.5,57.0,50.8,65.5,,,29.75,,,,,,,,,,,,,
In home  (w/display),Temp & Humidity Sensor,2020/12/25 6:50 AM,66.7,57.0,51.0,65.7,,,29.75,,,,,,,,,,,,,
In home  (w/display),Temp & Humidity Sensor,2020/12/25 6:55 AM,67.1,57.0,51.3,66.2,,,29.75,,,,,,,,,,,,,
In home  (w/display),Temp & Humidity Sensor,2020/12/25 7:00 AM,66.9,57.0,51.2,66.0,,,29.76,,,,,,,,,,,,,
In home  (w/display),Temp & Humidity Sensor,2020/12/25 7:05 AM,66.7,57.0,51.0,65.7,,,29.76,,,,,,,,,,,,,
In home  (w/display),Temp & Humidity Sensor,2020/12/25 7:10 AM,67.1,57.0,51.3,66.2,,,29.76,,,,,,,,,,,,,
In home  (w/display),Temp & Humidity Sensor,2020/12/25 7:15 AM,67.2,57.0,51.4,66.3,,,29.77,,,,,,,,,,,,,
In home  (w/display),Temp & Humidity Sensor,2020/12/25 7:20 AM,67.2,57.0,51.4,66.3,,,29.77,,,,,,,,,,,,,
In home  (w/display),Temp & Humidity Sensor,2020/12/25 7:25 AM,67.1,57.0,51.3,66.2,,,29.77,,,,,,,,,,,,,
In home  (w/display),Temp & Humidity Sensor,2020/12/25 7:30 AM,66.9,57.0,51.2,66.0,,,29.77,,,,,,,,,,,,,
In home  (w/display),Temp & Humidity Sensor,2020/12/25 7:35 AM,67.1,57.0,51.3,66.2,,,29.77,,,,,,,,,,,,,
In home  (w/display),Temp & Humidity Sensor,2020/12/25 7:40 AM,67.2,57.0,51.4,66.3,,,29.77,,,,,,,,,,,,,
In home  (w/display),Temp & Humidity Sensor,2020/12/25 7:45 AM,67.2,57.0,51.4,66.3,,,29.77,,,,,,,,,,,,,
In home  (w/display),Temp & Humidity Sensor,2020/12/25 7:50 AM,67.1,57.0,51.3,66.2,,,29.78,,,,,,,,,,,,,
In home  (w/display),Temp & Humidity Sensor,2020/12/25 7:55 AM,67.1,57.0,51.3,66.2,,,29.78,,,,,,,,,,,,,
In home  (w/display),Temp & Humidity Sensor,2020/12/25 8:00 AM,67.1,57.0,51.3,66.2,,,29.78,,,,,,,,,,,,,
In home  (w/display),Temp & Humidity Sensor,2020/12/25 8:05 AM,67.2,56.0,51.0,66.3,,,29.79,,,,,,,,,,,,,
In home  (w/display),Temp & Humidity Sensor,2020/12/25 8:10 AM,67.2,57.0,51.4,66.3,,,29.79,,,,,,,,,,,,,
In home  (w/display),Temp & Humidity Sensor,2020/12/25 8:15 AM,67.1,57.0,51.3,66.2,,,29.8,,,,,,,,,,,,,
In home  (w/display),Temp & Humidity Sensor,2020/12/25 8:20 AM,66.9,57.0,51.2,66.0,,,29.8,,,,,,,,,,,,,
In home  (w/display),Temp & Humidity Sensor,2020/12/25 8:25 AM,66.9,57.0,51.2,66.0,,,29.81,,,,,,,,,,,,,
In home  (w/display),Temp & Humidity Sensor,2020/12/25 8:30 AM,66.7,57.0,51.0,65.7,,,29.81,,,,,,,,,,,,,
In home  (w/display),Temp & Humidity Sensor,2020/12/25 8:35 AM,66.7,57.0,51.0,65.7,,,29.81,,,,,,,,,,,,,
In home  (w/display),Temp & Humidity Sensor,2020/12/25 8:40 AM,66.5,57.0,50.8,65.5,,,29.82,,,,,,,,,,,,,
In home  (w/display),Temp & Humidity Sensor,2020/12/25 8:45 AM,66.3,57.0,50.6,65.3,,,29.82,,,,,,,,,,,,,
In home  (w/display),Temp & Humidity Sensor,2020/12/25 8:50 AM,66.3,57.0,50.6,65.3,,,29.82,,,,,,,,,,,,,
In home  (w/display),Temp & Humidity Sensor,2020/12/25 8:55 AM,66.3,57.0,50.6,65.3,,,29.82,,,,,,,,,,,,,
In home  (w/display),Temp & Humidity Sensor,2020/12/25 9:00 AM,66.2,57.0,50.5,65.2,,,29.82,,,,,,,,,,,,,
In home  (w/display),Temp & Humidity Sensor,2020/12/25 9:05 AM,66.2,57.0,50.5,65.2,,,29.83,,,,,,,,,,,,,
In home  (w/display),Temp & Humidity Sensor,2020/12/25 9:10 AM,66.2,57.0,50.5,65.2,,,29.83,,,,,,,,,,,,,
In home  (w/display),Temp & Humidity Sensor,2020/12/25 9:15 AM,66.0,58.0,50.8,65.0,,,29.83,,,,,,,,,,,,,
In home  (w/display),Temp & Humidity Sensor,2020/12/25 9:20 AM,66.0,58.0,50.8,65.0,,,29.84,,,,,,,,,,,,,
In home  (w/display),Temp & Humidity Sensor,2020/12/25 9:25 AM,66.0,58.0,50.8,65.0,,,29.84,,,,,,,,,,,,,
In home  (w/display),Temp & Humidity Sensor,2020/12/25 9:30 AM,66.0,58.0,50.8,65.0,,,29.84,,,,,,,,,,,,,
In home  (w/display),Temp & Humidity Sensor,2020/12/25 9:35 AM,66.2,57.0,50.5,65.2,,,29.84,,,,,,,,,,,,,
In home  (w/display),Temp & Humidity Sensor,2020/12/25 9:40 AM,66.0,58.0,50.8,65.0,,,29.85,,,,,,,,,,,,,
In home  (w/display),Temp & Humidity Sensor,2020/12/25 9:45 AM,66.0,58.0,50.8,65.0,,,29.85,,,,,,,,,,,,,
In home  (w/display),Temp & Humidity Sensor,2020/12/25 9:50 AM,66.0,58.0,50.8,65.0,,,29.85,,,,,,,,,,,,,
In home  (w/display),Temp & Humidity Sensor,2020/12/25 9:55 AM,66.0,57.0,50.3,65.0,,,29.86,,,,,,,,,,,,,
In home  (w/display),Temp & Humidity Sensor,2020/12/25 10:00 AM,66.0,57.0,50.3,65.0,,,29.86,,,,,,,,,,,,,
In home  (w/display),Temp & Humidity Sensor,2020/12/25 10:05 AM,66.0,57.0,50.3,65.0,,,29.86,,,,,,,,,,,,,
In home  (w/display),Temp & Humidity Sensor,2020/12/25 10:10 AM,66.0,57.0,50.3,65.0,,,29.86,,,,,,,,,,,,,
In home  (w/display),Temp & Humidity Sensor,2020/12/25 10:15 AM,65.8,57.0,50.1,64.8,,,29.87,,,,,,,,,,,,,
In home  (w/display),Temp & Humidity Sensor,2020/12/25 10:20 AM,66.0,57.0,50.3,65.0,,,29.87,,,,,,,,,,,,,
In home  (w/display),Temp & Humidity Sensor,2020/12/25 10:25 AM,66.0,57.0,50.3,65.0,,,29.87,,,,,,,,,,,,,
In home  (w/display),Temp & Humidity Sensor,2020/12/25 10:30 AM,66.0,57.0,50.3,65.0,,,29.87,,,,,,,,,,,,,
In home  (w/display),Temp & Humidity Sensor,2020/12/25 10:35 AM,66.0,57.0,50.3,65.0,,,29.87,,,,,,,,,,,,,
In home  (w/display),Temp & Humidity Sensor,2020/12/25 10:40 AM,65.8,57.0,50.1,64.8,,,29.88,,,,,,,,,,,,,
In home  (w/display),Temp & Humidity Sensor,2020/12/25 10:45 AM,65.8,56.0,49.7,64.7,,,29.89,,,,,,,,,,,,,
In home  (w/display),Temp & Humidity Sensor,2020/12/25 10:50 AM,66.0,56.0,49.8,64.9,,,29.88,,,,,,,,,,,,,
In home  (w/display),Temp & Humidity Sensor,2020/12/25 10:55 AM,66.0,56.0,49.8,64.9,,,29.88,,,,,,,,,,,,,
In home  (w/display),Temp & Humidity Sensor,2020/12/25 11:00 AM,65.8,56.0,49.7,64.7,,,29.88,,,,,,,,,,,,,
In home  (w/display),Temp & Humidity Sensor,2020/12/25 11:05 AM,65.8,56.0,49.7,64.7,,,29.88,,,,,,,,,,,,,
In home  (w/display),Temp & Humidity Sensor,2020/12/25 11:10 AM,66.0,56.0,49.8,64.9,,,29.89,,,,,,,,,,,,,
In home  (w/display),Temp & Humidity Sensor,2020/12/25 11:15 AM,66.0,56.0,49.8,64.9,,,29.89,,,,,,,,,,,,,
In home  (w/display),Temp & Humidity Sensor,2020/12/25 11:20 AM,66.0,56.0,49.8,64.9,,,29.89,,,,,,,,,,,,,
In home  (w/display),Temp & Humidity Sensor,2020/12/25 11:25 AM,65.8,56.0,49.7,64.7,,,29.89,,,,,,,,,,,,,
In home  (w/display),Temp & Humidity Sensor,2020/12/25 11:30 AM,66.0,56.0,49.8,64.9,,,29.89,,,,,,,,,,,,,
In home  (w/display),Temp & Humidity Sensor,2020/12/25 11:35 AM,66.0,56.0,49.8,64.9,,,29.88,,,,,,,,,,,,,
In home  (w/display),Temp & Humidity Sensor,2020/12/25 11:40 AM,66.0,56.0,49.8,64.9,,,29.88,,,,,,,,,,,,,
In home  (w/display),Temp & Humidity Sensor,2020/12/25 11:45 AM,65.8,56.0,49.7,64.7,,,29.88,,,,,,,,,,,,,
In home  (w/display),Temp & Humidity Sensor,2020/12/25 11:50 AM,65.8,56.0,49.7,64.7,,,29.88,,,,,,,,,,,,,
In home  (w/display),Temp & Humidity Sensor,2020/12/25 11:55 AM,66.2,55.0,49.5,65.1,,,29.88,,,,,,,,,,,,,
In home  (w/display),Temp & Humidity Sensor,2020/12/25 12:00 PM,66.2,55.0,49.5,65.1,,,29.88,,,,,,,,,,,,,
In home  (w/display),Temp & Humidity Sensor,2020/12/25 12:05 PM,66.2,55.0,49.5,65.1,,,29.88,,,,,,,,,,,,,
In home  (w/display),Temp & Humidity Sensor,2020/12/25 12:10 PM,66.2,55.0,49.5,65.1,,,29.88,,,,,,,,,,,,,
In home  (w/display),Temp & Humidity Sensor,2020/12/25 12:15 PM,66.3,55.0,49.6,65.2,,,29.88,,,,,,,,,,,,,
In home  (w/display),Temp & Humidity Sensor,2020/12/25 12:20 PM,66.3,55.0,49.6,65.2,,,29.88,,,,,,,,,,,,,
In home  (w/display),Temp & Humidity Sensor,2020/12/25 12:25 PM,66.3,55.0,49.6,65.2,,,29.88,,,,,,,,,,,,,
In home  (w/display),Temp & Humidity Sensor,2020/12/25 12:30 PM,66.3,55.0,49.6,65.2,,,29.87,,,,,,,,,,,,,
In home  (w/display),Temp & Humidity Sensor,2020/12/25 12:35 PM,66.5,54.0,49.3,65.4,,,29.87,,,,,,,,,,,,,
In home  (w/display),Temp & Humidity Sensor,2020/12/25 12:40 PM,66.7,54.0,49.5,65.6,,,29.87,,,,,,,,,,,,,
In home  (w/display),Temp & Humidity Sensor,2020/12/25 12:45 PM,66.3,54.0,49.1,65.2,,,29.87,,,,,,,,,,,,,
In home  (w/display),Temp & Humidity Sensor,2020/12/25 12:50 PM,66.3,54.0,49.1,65.2,,,29.87,,,,,,,,,,,,,
In home  (w/display),Temp & Humidity Sensor,2020/12/25 12:55 PM,66.7,54.0,49.5,65.6,,,29.87,,,,,,,,,,,,,
In home  (w/display),Temp & Humidity Sensor,2020/12/25 1:00 PM,66.7,54.0,49.5,65.6,,,29.87,,,,,,,,,,,,,
In home  (w/display),Temp & Humidity Sensor,2020/12/25 1:05 PM,66.5,54.0,49.3,65.4,,,29.87,,,,,,,,,,,,,
In home  (w/display),Temp & Humidity Sensor,2020/12/25 1:10 PM,66.3,54.0,49.1,65.2,,,29.87,,,,,,,,,,,,,
In home  (w/display),Temp & Humidity Sensor,2020/12/25 1:15 PM,66.7,54.0,49.5,65.6,,,29.87,,,,,,,,,,,,,
In home  (w/display),Temp & Humidity Sensor,2020/12/25 1:20 PM,66.7,54.0,49.5,65.6,,,29.87,,,,,,,,,,,,,
In home  (w/display),Temp & Humidity Sensor,2020/12/25 1:25 PM,66.5,54.0,49.3,65.4,,,29.87,,,,,,,,,,,,,
In home  (w/display),Temp & Humidity Sensor,2020/12/25 1:30 PM,66.3,54.0,49.1,65.2,,,29.87,,,,,,,,,,,,,
In home  (w/display),Temp & Humidity Sensor,2020/12/25 1:35 PM,66.3,54.0,49.1,65.2,,,29.88,,,,,,,,,,,,,
In home  (w/display),Temp & Humidity Sensor,2020/12/25 1:40 PM,66.7,54.0,49.5,65.6,,,29.88,,,,,,,,,,,,,
In home  (w/display),Temp & Humidity Sensor,2020/12/25 1:45 PM,66.5,54.0,49.3,65.4,,,29.88,,,,,,,,,,,,,
In home  (w/display),Temp & Humidity Sensor,2020/12/25 1:50 PM,66.3,54.0,49.1,65.2,,,29.88,,,,,,,,,,,,,
In home  (w/display),Temp & Humidity Sensor,2020/12/25 1:55 PM,66.2,53.0,48.6,65.0,,,29.88,,,,,,,,,,,,,
In home  (w/display),Temp & Humidity Sensor,2020/12/25 2:00 PM,66.3,53.0,48.6,65.1,,,29.88,,,,,,,,,,,,,
In home  (w/display),Temp & Humidity Sensor,2020/12/25 2:05 PM,66.3,53.0,48.6,65.1,,,29.88,,,,,,,,,,,,,
In home  (w/display),Temp & Humidity Sensor,2020/12/25 2:10 PM,66.3,53.0,48.6,65.1,,,29.88,,,,,,,,,,,,,
In home  (w/display),Temp & Humidity Sensor,2020/12/25 2:15 PM,66.0,54.0,48.9,64.8,,,29.89,,,,,,,,,,,,,
In home  (w/display),Temp & Humidity Sensor,2020/12/25 2:20 PM,66.2,53.0,48.6,65.0,,,29.88,,,,,,,,,,,,,
In home  (w/display),Temp & Humidity Sensor,2020/12/25 2:25 PM,66.3,53.0,48.6,65.1,,,29.88,,,,,,,,,,,,,
In home  (w/display),Temp & Humidity Sensor,2020/12/25 2:30 PM,66.3,53.0,48.6,65.1,,,29.89,,,,,,,,,,,,,
In home  (w/display),Temp & Humidity Sensor,2020/12/25 2:35 PM,66.2,53.0,48.6,65.0,,,29.89,,,,,,,,,,,,,
In home  (w/display),Temp & Humidity Sensor,2020/12/25 2:40 PM,66.0,54.0,48.9,64.8,,,29.89,,,,,,,,,,,,,
In home  (w/display),Temp & Humidity Sensor,2020/12/25 2:45 PM,66.3,53.0,48.6,65.1,,,29.89,,,,,,,,,,,,,
In home  (w/display),Temp & Humidity Sensor,2020/12/25 2:50 PM,66.3,53.0,48.6,65.1,,,29.89,,,,,,,,,,,,,
In home  (w/display),Temp & Humidity Sensor,2020/12/25 2:55 PM,66.2,53.0,48.6,65.0,,,29.9,,,,,,,,,,,,,
In home  (w/display),Temp & Humidity Sensor,2020/12/25 3:00 PM,66.0,54.0,48.9,64.8,,,29.9,,,,,,,,,,,,,
In home  (w/display),Temp & Humidity Sensor,2020/12/25 3:05 PM,66.0,54.0,48.9,64.8,,,29.9,,,,,,,,,,,,,
In home  (w/display),Temp & Humidity Sensor,2020/12/25 3:10 PM,66.2,53.0,48.6,65.0,,,29.9,,,,,,,,,,,,,
In home  (w/display),Temp & Humidity Sensor,2020/12/25 3:15 PM,66.0,54.0,48.9,64.8,,,29.9,,,,,,,,,,,,,
In home  (w/display),Temp & Humidity Sensor,2020/12/25 3:20 PM,66.0,54.0,48.9,64.8,,,29.9,,,,,,,,,,,,,
In home  (w/display),Temp & Humidity Sensor,2020/12/25 3:25 PM,65.8,54.0,48.7,64.6,,,29.91,,,,,,,,,,,,,
In home  (w/display),Temp & Humidity Sensor,2020/12/25 3:30 PM,66.0,54.0,48.9,64.8,,,29.91,,,,,,,,,,,,,
In home  (w/display),Temp & Humidity Sensor,2020/12/25 3:35 PM,66.2,53.0,48.6,65.0,,,29.91,,,,,,,,,,,,,
In home  (w/display),Temp & Humidity Sensor,2020/12/25 3:40 PM,66.0,54.0,48.9,64.8,,,29.91,,,,,,,,,,,,,
In home  (w/display),Temp & Humidity Sensor,2020/12/25 3:45 PM,65.8,54.0,48.7,64.6,,,29.91,,,,,,,,,,,,,
In home  (w/display),Temp & Humidity Sensor,2020/12/25 3:50 PM,66.0,54.0,48.9,64.8,,,29.91,,,,,,,,,,,,,
In home  (w/display),Temp & Humidity Sensor,2020/12/25 3:55 PM,66.2,53.0,48.6,65.0,,,29.92,,,,,,,,,,,,,
In home  (w/display),Temp & Humidity Sensor,2020/12/25 4:00 PM,66.0,54.0,48.9,64.8,,,29.92,,,,,,,,,,,,,
In home  (w/display),Temp & Humidity Sensor,2020/12/25 4:05 PM,65.8,54.0,48.7,64.6,,,29.93,,,,,,,,,,,,,
In home  (w/display),Temp & Humidity Sensor,2020/12/25 4:10 PM,66.0,54.0,48.9,64.8,,,29.93,,,,,,,,,,,,,
In home  (w/display),Temp & Humidity Sensor,2020/12/25 4:15 PM,66.2,53.0,48.6,65.0,,,29.94,,,,,,,,,,,,,
In home  (w/display),Temp & Humidity Sensor,2020/12/25 4:20 PM,66.0,54.0,48.9,64.8,,,29.94,,,,,,,,,,,,,
In home  (w/display),Temp & Humidity Sensor,2020/12/25 4:25 PM,66.0,54.0,48.9,64.8,,,29.95,,,,,,,,,,,,,
In home  (w/display),Temp & Humidity Sensor,2020/12/25 4:30 PM,66.0,54.0,48.9,64.8,,,29.95,,,,,,,,,,,,,
In home  (w/display),Temp & Humidity Sensor,2020/12/25 4:35 PM,66.0,54.0,48.9,64.8,,,29.95,,,,,,,,,,,,,
In home  (w/display),Temp & Humidity Sensor,2020/12/25 4:40 PM,66.0,54.0,48.9,64.8,,,29.95,,,,,,,,,,,,,
In home  (w/display),Temp & Humidity Sensor,2020/12/25 4:45 PM,66.0,54.0,48.9,64.8,,,29.96,,,,,,,,,,,,,
In home  (w/display),Temp & Humidity Sensor,2020/12/25 4:50 PM,66.0,54.0,48.9,64.8,,,29.96,,,,,,,,,,,,,
In home  (w/display),Temp & Humidity Sensor,2020/12/25 4:55 PM,66.3,53.0,48.6,65.1,,,29.96,,,,,,,,,,,,,
In home  (w/display),Temp & Humidity Sensor,2020/12/25 5:00 PM,66.3,53.0,48.6,65.1,,,29.97,,,,,,,,,,,,,
In home  (w/display),Temp & Humidity Sensor,2020/12/25 5:05 PM,66.2,53.0,48.6,65.0,,,29.97,,,,,,,,,,,,,
In home  (w/display),Temp & Humidity Sensor,2020/12/25 5:10 PM,66.3,53.0,48.6,65.1,,,29.97,,,,,,,,,,,,,
In home  (w/display),Temp & Humidity Sensor,2020/12/25 5:15 PM,66.3,53.0,48.6,65.1,,,29.98,,,,,,,,,,,,,
In home  (w/display),Temp & Humidity Sensor,2020/12/25 5:20 PM,66.3,53.0,48.6,65.1,,,29.98,,,,,,,,,,,,,
In home  (w/display),Temp & Humidity Sensor,2020/12/25 5:25 PM,66.3,53.0,48.6,65.1,,,29.98,,,,,,,,,,,,,
In home  (w/display),Temp & Humidity Sensor,2020/12/25 5:30 PM,66.3,53.0,48.6,65.1,,,29.99,,,,,,,,,,,,,
In home  (w/display),Temp & Humidity Sensor,2020/12/25 5:35 PM,66.5,53.0,48.8,65.3,,,29.99,,,,,,,,,,,,,
In home  (w/display),Temp & Humidity Sensor,2020/12/25 5:40 PM,66.3,53.0,48.6,65.1,,,30.0,,,,,,,,,,,,,
In home  (w/display),Temp & Humidity Sensor,2020/12/25 5:45 PM,66.3,53.0,48.6,65.1,,,30.0,,,,,,,,,,,,,
In home  (w/display),Temp & Humidity Sensor,2020/12/25 5:50 PM,66.3,53.0,48.6,65.1,,,30.0,,,,,,,,,,,,,
In home  (w/display),Temp & Humidity Sensor,2020/12/25 5:55 PM,66.7,53.0,49.0,65.6,,,30.0,,,,,,,,,,,,,
In home  (w/display),Temp & Humidity Sensor,2020/12/25 6:00 PM,66.7,53.0,49.0,65.6,,,30.0,,,,,,,,,,,,,
In home  (w/display),Temp & Humidity Sensor,2020/12/25 6:05 PM,66.7,53.0,49.0,65.6,,,30.01,,,,,,,,,,,,,
In home  (w/display),Temp & Humidity Sensor,2020/12/25 6:10 PM,66.7,53.0,49.0,65.6,,,30.01,,,,,,,,,,,,,
In home  (w/display),Temp & Humidity Sensor,2020/12/25 6:15 PM,66.9,53.0,49.2,65.8,,,30.01,,,,,,,,,,,,,
In home  (w/display),Temp & Humidity Sensor,2020/12/25 6:20 PM,66.9,53.0,49.2,65.8,,,30.02,,,,,,,,,,,,,
In home  (w/display),Temp & Humidity Sensor,2020/12/25 6:25 PM,66.7,52.0,48.5,65.5,,,30.02,,,,,,,,,,,,,
In home  (w/display),Temp & Humidity Sensor,2020/12/25 6:30 PM,66.7,52.0,48.5,65.5,,,30.02,,,,,,,,,,,,,
In home  (w/display),Temp & Humidity Sensor,2020/12/25 6:35 PM,66.9,52.0,48.7,65.7,,,30.02,,,,,,,,,,,,,
In home  (w/display),Temp & Humidity Sensor,2020/12/25 6:40 PM,66.9,52.0,48.7,65.7,,,30.03,,,,,,,,,,,,,
In home  (w/display),Temp & Humidity Sensor,2020/12/25 6:45 PM,66.7,52.0,48.5,65.5,,,30.03,,,,,,,,,,,,,
In home  (w/display),Temp & Humidity Sensor,2020/12/25 6:50 PM,66.9,52.0,48.7,65.7,,,30.03,,,,,,,,,,,,,
In home  (w/display),Temp & Humidity Sensor,2020/12/25 6:55 PM,67.2,52.0,49.0,66.1,,,30.03,,,,,,,,,,,,,
In home  (w/display),Temp & Humidity Sensor,2020/12/25 7:00 PM,67.4,52.0,49.2,66.3,,,30.03,,,,,,,,,,,,,
In home  (w/display),Temp & Humidity Sensor,2020/12/25 7:05 PM,67.6,52.0,49.3,66.5,,,30.03,,,,,,,,,,,,,
In home  (w/display),Temp & Humidity Sensor,2020/12/25 7:10 PM,67.6,52.0,49.3,66.5,,,30.03,,,,,,,,,,,,,
In home  (w/display),Temp & Humidity Sensor,2020/12/25 7:15 PM,67.4,52.0,49.2,66.3,,,30.03,,,,,,,,,,,,,
In home  (w/display),Temp & Humidity Sensor,2020/12/25 7:20 PM,67.6,52.0,49.3,66.5,,,30.03,,,,,,,,,,,,,
In home  (w/display),Temp & Humidity Sensor,2020/12/25 7:25 PM,67.6,52.0,49.3,66.5,,,30.03,,,,,,,,,,,,,
In home  (w/display),Temp & Humidity Sensor,2020/12/25 7:30 PM,67.8,52.0,49.5,66.7,,,30.03,,,,,,,,,,,,,
In home  (w/display),Temp & Humidity Sensor,2020/12/25 7:35 PM,67.8,52.0,49.5,66.7,,,30.02,,,,,,,,,,,,,
In home  (w/display),Temp & Humidity Sensor,2020/12/25 7:40 PM,67.6,52.0,49.3,66.5,,,30.02,,,,,,,,,,,,,
In home  (w/display),Temp & Humidity Sensor,2020/12/25 7:50 PM,67.6,52.0,49.3,66.5,,,30.02,,,,,,,,,,,,,
In home  (w/display),Temp & Humidity Sensor,2020/12/25 7:55 PM,67.8,52.0,49.5,66.7,,,30.02,,,,,,,,,,,,,
In home  (w/display),Temp & Humidity Sensor,2020/12/25 8:00 PM,67.8,52.0,49.5,66.7,,,30.02,,,,,,,,,,,,,
In home  (w/display),Temp & Humidity Sensor,2020/12/25 8:05 PM,67.8,52.0,49.5,66.7,,,30.03,,,,,,,,,,,,,
In home  (w/display),Temp & Humidity Sensor,2020/12/25 8:10 PM,67.8,52.0,49.5,66.7,,,30.03,,,,,,,,,,,,,
In home  (w/display),Temp & Humidity Sensor,2020/12/25 8:15 PM,67.8,52.0,49.5,66.7,,,30.03,,,,,,,,,,,,,
In home  (w/display),Temp & Humidity Sensor,2020/12/25 8:20 PM,68.0,52.0,49.7,66.9,,,30.03,,,,,,,,,,,,,
In home  (w/display),Temp & Humidity Sensor,2020/12/25 8:25 PM,67.8,52.0,49.5,66.7,,,30.03,,,,,,,,,,,,,
In home  (w/display),Temp & Humidity Sensor,2020/12/25 8:30 PM,67.8,52.0,49.5,66.7,,,30.03,,,,,,,,,,,,,
In home  (w/display),Temp & Humidity Sensor,2020/12/25 8:35 PM,67.8,52.0,49.5,66.7,,,30.04,,,,,,,,,,,,,
In home  (w/display),Temp & Humidity Sensor,2020/12/25 8:40 PM,68.1,52.0,49.8,67.1,,,30.04,,,,,,,,,,,,,
In home  (w/display),Temp & Humidity Sensor,2020/12/25 8:45 PM,68.0,52.0,49.7,66.9,,,30.05,,,,,,,,,,,,,
In home  (w/display),Temp & Humidity Sensor,2020/12/25 8:50 PM,67.8,52.0,49.5,66.7,,,30.05,,,,,,,,,,,,,
In home  (w/display),Temp & Humidity Sensor,2020/12/25 8:55 PM,67.8,52.0,49.5,66.7,,,30.05,,,,,,,,,,,,,
In home  (w/display),Temp & Humidity Sensor,2020/12/25 9:00 PM,68.0,52.0,49.7,66.9,,,30.05,,,,,,,,,,,,,
In home  (w/display),Temp & Humidity Sensor,2020/12/25 9:05 PM,68.1,52.0,49.8,67.1,,,30.05,,,,,,,,,,,,,
In home  (w/display),Temp & Humidity Sensor,2020/12/25 9:10 PM,67.8,52.0,49.5,66.7,,,30.05,,,,,,,,,,,,,
In home  (w/display),Temp & Humidity Sensor,2020/12/25 9:15 PM,67.8,52.0,49.5,66.7,,,30.05,,,,,,,,,,,,,
In home  (w/display),Temp & Humidity Sensor,2020/12/25 9:20 PM,68.0,52.0,49.7,66.9,,,30.06,,,,,,,,,,,,,
In home  (w/display),Temp & Humidity Sensor,2020/12/25 9:25 PM,68.1,52.0,49.8,67.1,,,30.06,,,,,,,,,,,,,
In home  (w/display),Temp & Humidity Sensor,2020/12/25 9:30 PM,68.1,52.0,49.8,67.1,,,30.06,,,,,,,,,,,,,
In home  (w/display),Temp & Humidity Sensor,2020/12/25 9:35 PM,68.0,52.0,49.7,66.9,,,30.06,,,,,,,,,,,,,
In home  (w/display),Temp & Humidity Sensor,2020/12/25 9:40 PM,68.1,52.0,49.8,67.1,,,30.06,,,,,,,,,,,,,
In home  (w/display),Temp & Humidity Sensor,2020/12/25 9:45 PM,68.3,52.0,50.0,67.3,,,30.06,,,,,,,,,,,,,
In home  (w/display),Temp & Humidity Sensor,2020/12/25 9:50 PM,68.3,52.0,50.0,67.3,,,30.06,,,,,,,,,,,,,
In home  (w/display),Temp & Humidity Sensor,2020/12/25 9:55 PM,68.1,52.0,49.8,67.1,,,30.07,,,,,,,,,,,,,
In home  (w/display),Temp & Humidity Sensor,2020/12/25 10:00 PM,68.1,52.0,49.8,67.1,,,30.07,,,,,,,,,,,,,
In home  (w/display),Temp & Humidity Sensor,2020/12/25 10:05 PM,68.0,52.0,49.7,66.9,,,30.07,,,,,,,,,,,,,
In home  (w/display),Temp & Humidity Sensor,2020/12/25 10:10 PM,68.1,52.0,49.8,67.1,,,30.08,,,,,,,,,,,,,
In home  (w/display),Temp & Humidity Sensor,2020/12/25 10:15 PM,67.8,52.0,49.5,66.7,,,30.08,,,,,,,,,,,,,
In home  (w/display),Temp & Humidity Sensor,2020/12/25 10:20 PM,67.8,51.0,49.0,66.7,,,30.09,,,,,,,,,,,,,
In home  (w/display),Temp & Humidity Sensor,2020/12/25 10:25 PM,67.6,51.0,48.8,66.5,,,30.09,,,,,,,,,,,,,
In home  (w/display),Temp & Humidity Sensor,2020/12/25 10:30 PM,67.6,52.0,49.3,66.5,,,30.09,,,,,,,,,,,,,
In home  (w/display),Temp & Humidity Sensor,2020/12/25 10:35 PM,67.6,52.0,49.3,66.5,,,30.09,,,,,,,,,,,,,
In home  (w/display),Temp & Humidity Sensor,2020/12/25 10:40 PM,67.4,52.0,49.2,66.3,,,30.09,,,,,,,,,,,,,
In home  (w/display),Temp & Humidity Sensor,2020/12/25 10:45 PM,67.2,52.0,49.0,66.1,,,30.09,,,,,,,,,,,,,
In home  (w/display),Temp & Humidity Sensor,2020/12/25 10:50 PM,67.2,51.0,48.5,66.0,,,30.09,,,,,,,,,,,,,
In home  (w/display),Temp & Humidity Sensor,2020/12/25 10:55 PM,67.1,51.0,48.4,65.9,,,30.09,,,,,,,,,,,,,
In home  (w/display),Temp & Humidity Sensor,2020/12/25 11:00 PM,67.1,51.0,48.4,65.9,,,30.09,,,,,,,,,,,,,
In home  (w/display),Temp & Humidity Sensor,2020/12/25 11:05 PM,66.9,52.0,48.7,65.7,,,30.09,,,,,,,,,,,,,
In home  (w/display),Temp & Humidity Sensor,2020/12/25 11:10 PM,66.7,52.0,48.5,65.5,,,30.1,,,,,,,,,,,,,
In home  (w/display),Temp & Humidity Sensor,2020/12/25 11:15 PM,66.7,52.0,48.5,65.5,,,30.1,,,,,,,,,,,,,
In home  (w/display),Temp & Humidity Sensor,2020/12/25 11:20 PM,66.7,53.0,49.0,65.6,,,30.1,,,,,,,,,,,,,
In home  (w/display),Temp & Humidity Sensor,2020/12/25 11:25 PM,66.5,52.0,48.3,65.3,,,30.1,,,,,,,,,,,,,
In home  (w/display),Temp & Humidity Sensor,2020/12/25 11:30 PM,66.3,52.0,48.1,65.1,,,30.1,,,,,,,,,,,,,
In home  (w/display),Temp & Humidity Sensor,2020/12/25 11:35 PM,66.3,52.0,48.1,65.1,,,30.1,,,,,,,,,,,,,
In home  (w/display),Temp & Humidity Sensor,2020/12/25 11:40 PM,66.3,52.0,48.1,65.1,,,30.11,,,,,,,,,,,,,
In home  (w/display),Temp & Humidity Sensor,2020/12/25 11:45 PM,66.2,52.0,48.0,65.0,,,30.11,,,,,,,,,,,,,
In home  (w/display),Temp & Humidity Sensor,2020/12/25 11:50 PM,66.0,53.0,48.4,64.8,,,30.11,,,,,,,,,,,,,
In home  (w/display),Temp & Humidity Sensor,2020/12/25 11:55 PM,66.0,53.0,48.4,64.8,,,30.11,,,,,,,,,,,,,
In home  (w/display),Temp & Humidity Sensor,2020/12/26 12:00 AM,65.8,53.0,48.2,64.6,,,30.11,,,,,,,,,,,,,
In home  (w/display),Temp & Humidity Sensor,2020/12/26 12:05 AM,65.8,53.0,48.2,64.6,,,30.11,,,,,,,,,,,,,
In home  (w/display),Temp & Humidity Sensor,2020/12/26 12:10 AM,65.6,53.0,48.0,64.4,,,30.11,,,,,,,,,,,,,
In home  (w/display),Temp & Humidity Sensor,2020/12/26 12:15 AM,65.4,53.0,47.8,64.1,,,30.11,,,,,,,,,,,,,
In home  (w/display),Temp & Humidity Sensor,2020/12/26 12:20 AM,65.3,53.0,47.7,64.0,,,30.11,,,,,,,,,,,,,
In home  (w/display),Temp & Humidity Sensor,2020/12/26 12:25 AM,65.3,53.0,47.7,64.0,,,30.11,,,,,,,,,,,,,
In home  (w/display),Temp & Humidity Sensor,2020/12/26 12:30 AM,65.1,53.0,47.5,63.8,,,30.11,,,,,,,,,,,,,
In home  (w/display),Temp & Humidity Sensor,2020/12/26 12:35 AM,64.9,53.0,47.4,63.6,,,30.12,,,,,,,,,,,,,
In home  (w/display),Temp & Humidity Sensor,2020/12/26 12:40 AM,64.5,53.0,47.0,63.1,,,30.12,,,,,,,,,,,,,
In home  (w/display),Temp & Humidity Sensor,2020/12/26 12:45 AM,64.5,53.0,47.0,63.1,,,30.11,,,,,,,,,,,,,
In home  (w/display),Temp & Humidity Sensor,2020/12/26 12:50 AM,64.4,53.0,46.9,63.0,,,30.11,,,,,,,,,,,,,
In home  (w/display),Temp & Humidity Sensor,2020/12/26 12:55 AM,64.4,53.0,46.9,63.0,,,30.11,,,,,,,,,,,,,
In home  (w/display),Temp & Humidity Sensor,2020/12/26 1:00 AM,64.2,53.0,46.7,62.8,,,30.12,,,,,,,,,,,,,
In home  (w/display),Temp & Humidity Sensor,2020/12/26 1:05 AM,64.2,53.0,46.7,62.8,,,30.12,,,,,,,,,,,,,
In home  (w/display),Temp & Humidity Sensor,2020/12/26 1:10 AM,64.0,53.0,46.5,62.6,,,30.12,,,,,,,,,,,,,
In home  (w/display),Temp & Humidity Sensor,2020/12/26 1:15 AM,64.0,53.0,46.5,62.6,,,30.12,,,,,,,,,,,,,
In home  (w/display),Temp & Humidity Sensor,2020/12/26 1:20 AM,64.0,53.0,46.5,62.6,,,30.13,,,,,,,,,,,,,
In home  (w/display),Temp & Humidity Sensor,2020/12/26 1:25 AM,63.6,53.0,46.2,62.2,,,30.13,,,,,,,,,,,,,
In home  (w/display),Temp & Humidity Sensor,2020/12/26 1:30 AM,63.6,53.0,46.2,62.2,,,30.12,,,,,,,,,,,,,
In home  (w/display),Temp & Humidity Sensor,2020/12/26 1:35 AM,63.6,53.0,46.2,62.2,,,30.12,,,,,,,,,,,,,
In home  (w/display),Temp & Humidity Sensor,2020/12/26 1:40 AM,63.5,53.0,46.1,62.0,,,30.12,,,,,,,,,,,,,
In home  (w/display),Temp & Humidity Sensor,2020/12/26 1:45 AM,63.5,53.0,46.1,62.0,,,30.13,,,,,,,,,,,,,
In home  (w/display),Temp & Humidity Sensor,2020/12/26 1:50 AM,63.3,53.0,45.9,61.8,,,30.13,,,,,,,,,,,,,
In home  (w/display),Temp & Humidity Sensor,2020/12/26 1:55 AM,63.3,53.0,45.9,61.8,,,30.13,,,,,,,,,,,,,
In home  (w/display),Temp & Humidity Sensor,2020/12/26 2:00 AM,63.1,53.0,45.7,61.6,,,30.14,,,,,,,,,,,,,
In home  (w/display),Temp & Humidity Sensor,2020/12/26 2:05 AM,63.1,53.0,45.7,61.6,,,30.14,,,,,,,,,,,,,
In home  (w/display),Temp & Humidity Sensor,2020/12/26 2:10 AM,62.9,53.0,45.5,61.4,,,30.14,,,,,,,,,,,,,
In home  (w/display),Temp & Humidity Sensor,2020/12/26 2:15 AM,62.7,53.0,45.3,61.2,,,30.14,,,,,,,,,,,,,
In home  (w/display),Temp & Humidity Sensor,2020/12/26 2:20 AM,62.7,53.0,45.3,61.2,,,30.14,,,,,,,,,,,,,
In home  (w/display),Temp & Humidity Sensor,2020/12/26 2:25 AM,62.7,53.0,45.3,61.2,,,30.14,,,,,,,,,,,,,
In home  (w/display),Temp & Humidity Sensor,2020/12/26 2:30 AM,62.6,53.0,45.2,61.1,,,30.14,,,,,,,,,,,,,
In home  (w/display),Temp & Humidity Sensor,2020/12/26 2:35 AM,62.6,53.0,45.2,61.1,,,30.15,,,,,,,,,,,,,
In home  (w/display),Temp & Humidity Sensor,2020/12/26 2:40 AM,62.4,53.0,45.0,60.8,,,30.14,,,,,,,,,,,,,
In home  (w/display),Temp & Humidity Sensor,2020/12/26 2:45 AM,62.4,53.0,45.0,60.8,,,30.14,,,,,,,,,,,,,
In home  (w/display),Temp & Humidity Sensor,2020/12/26 2:50 AM,62.4,53.0,45.0,60.8,,,30.15,,,,,,,,,,,,,
In home  (w/display),Temp & Humidity Sensor,2020/12/26 2:55 AM,62.2,53.0,44.9,60.6,,,30.15,,,,,,,,,,,,,
In home  (w/display),Temp & Humidity Sensor,2020/12/26 3:00 AM,62.2,53.0,44.9,60.6,,,30.15,,,,,,,,,,,,,
In home  (w/display),Temp & Humidity Sensor,2020/12/26 3:05 AM,62.2,53.0,44.9,60.6,,,30.15,,,,,,,,,,,,,
In home  (w/display),Temp & Humidity Sensor,2020/12/26 3:10 AM,62.0,53.0,44.7,60.4,,,30.16,,,,,,,,,,,,,
In home  (w/display),Temp & Humidity Sensor,2020/12/26 3:15 AM,62.0,53.0,44.7,60.4,,,30.16,,,,,,,,,,,,,
In home  (w/display),Temp & Humidity Sensor,2020/12/26 3:20 AM,61.8,53.0,44.5,60.2,,,30.16,,,,,,,,,,,,,
In home  (w/display),Temp & Humidity Sensor,2020/12/26 3:25 AM,61.8,53.0,44.5,60.2,,,30.16,,,,,,,,,,,,,
In home  (w/display),Temp & Humidity Sensor,2020/12/26 3:30 AM,61.8,53.0,44.5,60.2,,,30.16,,,,,,,,,,,,,
In home  (w/display),Temp & Humidity Sensor,2020/12/26 3:35 AM,61.7,53.0,44.4,60.1,,,30.16,,,,,,,,,,,,,
In home  (w/display),Temp & Humidity Sensor,2020/12/26 3:40 AM,61.7,53.0,44.4,60.1,,,30.16,,,,,,,,,,,,,
In home  (w/display),Temp & Humidity Sensor,2020/12/26 3:45 AM,61.7,53.0,44.4,60.1,,,30.16,,,,,,,,,,,,,
In home  (w/display),Temp & Humidity Sensor,2020/12/26 3:50 AM,61.5,53.0,44.2,59.8,,,30.16,,,,,,,,,,,,,
In home  (w/display),Temp & Humidity Sensor,2020/12/26 3:55 AM,61.3,53.0,44.0,59.6,,,30.15,,,,,,,,,,,,,
In home  (w/display),Temp & Humidity Sensor,2020/12/26 4:00 AM,61.3,53.0,44.0,59.6,,,30.16,,,,,,,,,,,,,
In home  (w/display),Temp & Humidity Sensor,2020/12/26 4:05 AM,61.3,53.0,44.0,59.6,,,30.16,,,,,,,,,,,,,
In home  (w/display),Temp & Humidity Sensor,2020/12/26 4:10 AM,61.3,53.0,44.0,59.6,,,30.16,,,,,,,,,,,,,
In home  (w/display),Temp & Humidity Sensor,2020/12/26 4:15 AM,61.1,53.0,43.8,59.4,,,30.16,,,,,,,,,,,,,
In home  (w/display),Temp & Humidity Sensor,2020/12/26 4:20 AM,61.3,53.0,44.0,59.6,,,30.15,,,,,,,,,,,,,
In home  (w/display),Temp & Humidity Sensor,2020/12/26 4:25 AM,61.3,53.0,44.0,59.6,,,30.15,,,,,,,,,,,,,
In home  (w/display),Temp & Humidity Sensor,2020/12/26 4:30 AM,61.7,53.0,44.4,60.1,,,30.14,,,,,,,,,,,,,
In home  (w/display),Temp & Humidity Sensor,2020/12/26 4:35 AM,61.8,53.0,44.5,60.2,,,30.14,,,,,,,,,,,,,
In home  (w/display),Temp & Humidity Sensor,2020/12/26 4:40 AM,62.0,53.0,44.7,60.4,,,30.13,,,,,,,,,,,,,
In home  (w/display),Temp & Humidity Sensor,2020/12/26 4:45 AM,62.2,53.0,44.9,60.6,,,30.13,,,,,,,,,,,,,
In home  (w/display),Temp & Humidity Sensor,2020/12/26 4:50 AM,62.4,53.0,45.0,60.8,,,30.13,,,,,,,,,,,,,
In home  (w/display),Temp & Humidity Sensor,2020/12/26 4:55 AM,62.6,53.0,45.2,61.1,,,30.13,,,,,,,,,,,,,
In home  (w/display),Temp & Humidity Sensor,2020/12/26 5:00 AM,62.7,53.0,45.3,61.2,,,30.13,,,,,,,,,,,,,
In home  (w/display),Temp & Humidity Sensor,2020/12/26 5:05 AM,62.7,53.0,45.3,61.2,,,30.14,,,,,,,,,,,,,
In home  (w/display),Temp & Humidity Sensor,2020/12/26 5:10 AM,63.1,53.0,45.7,61.6,,,30.14,,,,,,,,,,,,,
In home  (w/display),Temp & Humidity Sensor,2020/12/26 5:15 AM,63.1,53.0,45.7,61.6,,,30.14,,,,,,,,,,,,,
In home  (w/display),Temp & Humidity Sensor,2020/12/26 5:20 AM,63.3,52.0,45.4,61.8,,,30.15,,,,,,,,,,,,,
In home  (w/display),Temp & Humidity Sensor,2020/12/26 5:25 AM,63.3,52.0,45.4,61.8,,,30.15,,,,,,,,,,,,,
In home  (w/display),Temp & Humidity Sensor,2020/12/26 5:30 AM,63.5,52.0,45.6,62.0,,,30.15,,,,,,,,,,,,,
In home  (w/display),Temp & Humidity Sensor,2020/12/26 5:35 AM,63.5,52.0,45.6,62.0,,,30.15,,,,,,,,,,,,,
In home  (w/display),Temp & Humidity Sensor,2020/12/26 5:40 AM,63.6,52.0,45.6,62.1,,,30.16,,,,,,,,,,,,,
In home  (w/display),Temp & Humidity Sensor,2020/12/26 5:45 AM,63.6,52.0,45.6,62.1,,,30.16,,,,,,,,,,,,,
In home  (w/display),Temp & Humidity Sensor,2020/12/26 5:50 AM,63.8,52.0,45.8,62.3,,,30.16,,,,,,,,,,,,,
In home  (w/display),Temp & Humidity Sensor,2020/12/26 5:55 AM,64.0,52.0,46.0,62.5,,,30.16,,,,,,,,,,,,,
In home  (w/display),Temp & Humidity Sensor,2020/12/26 6:00 AM,64.0,52.0,46.0,62.5,,,30.16,,,,,,,,,,,,,
In home  (w/display),Temp & Humidity Sensor,2020/12/26 6:05 AM,64.2,52.0,46.2,62.8,,,30.16,,,,,,,,,,,,,
In home  (w/display),Temp & Humidity Sensor,2020/12/26 6:10 AM,64.9,52.0,46.8,63.5,,,30.17,,,,,,,,,,,,,
In home  (w/display),Temp & Humidity Sensor,2020/12/26 6:15 AM,65.4,52.0,47.3,64.1,,,30.16,,,,,,,,,,,,,
In home  (w/display),Temp & Humidity Sensor,2020/12/26 6:20 AM,65.4,51.0,46.8,64.0,,,30.17,,,,,,,,,,,,,
In home  (w/display),Temp & Humidity Sensor,2020/12/26 6:25 AM,65.6,51.0,47.0,64.3,,,30.17,,,,,,,,,,,,,
In home  (w/display),Temp & Humidity Sensor,2020/12/26 6:30 AM,66.0,51.0,47.3,64.7,,,30.17,,,,,,,,,,,,,
In home  (w/display),Temp & Humidity Sensor,2020/12/26 6:35 AM,66.3,50.0,47.1,65.0,,,30.17,,,,,,,,,,,,,
In home  (w/display),Temp & Humidity Sensor,2020/12/26 6:40 AM,66.7,50.0,47.5,65.4,,,30.17,,,,,,,,,,,,,
In home  (w/display),Temp & Humidity Sensor,2020/12/26 6:45 AM,67.1,50.0,47.8,65.9,,,30.17,,,,,,,,,,,,,
In home  (w/display),Temp & Humidity Sensor,2020/12/26 6:50 AM,67.2,50.0,47.9,66.0,,,30.17,,,,,,,,,,,,,
In home  (w/display),Temp & Humidity Sensor,2020/12/26 6:55 AM,67.4,50.0,48.1,66.2,,,30.17,,,,,,,,,,,,,
In home  (w/display),Temp & Humidity Sensor,2020/12/26 7:00 AM,67.6,50.0,48.3,66.4,,,30.17,,,,,,,,,,,,,
In home  (w/display),Temp & Humidity Sensor,2020/12/26 7:05 AM,67.8,50.0,48.5,66.6,,,30.17,,,,,,,,,,,,,
In home  (w/display),Temp & Humidity Sensor,2020/12/26 7:10 AM,68.0,50.0,48.7,66.8,,,30.17,,,,,,,,,,,,,
In home  (w/display),Temp & Humidity Sensor,2020/12/26 7:15 AM,68.1,50.0,48.7,67.0,,,30.17,,,,,,,,,,,,,
In home  (w/display),Temp & Humidity Sensor,2020/12/26 7:20 AM,67.8,50.0,48.5,66.6,,,30.17,,,,,,,,,,,,,
In home  (w/display),Temp & Humidity Sensor,2020/12/26 7:25 AM,67.2,50.0,47.9,66.0,,,30.17,,,,,,,,,,,,,
In home  (w/display),Temp & Humidity Sensor,2020/12/26 7:30 AM,66.9,50.0,47.6,65.6,,,30.16,,,,,,,,,,,,,
In home  (w/display),Temp & Humidity Sensor,2020/12/26 7:35 AM,66.9,50.0,47.6,65.6,,,30.16,,,,,,,,,,,,,
In home  (w/display),Temp & Humidity Sensor,2020/12/26 7:40 AM,66.7,50.0,47.5,65.4,,,30.16,,,,,,,,,,,,,
In home  (w/display),Temp & Humidity Sensor,2020/12/26 7:45 AM,66.7,50.0,47.5,65.4,,,30.16,,,,,,,,,,,,,
In home  (w/display),Temp & Humidity Sensor,2020/12/26 7:50 AM,66.9,50.0,47.6,65.6,,,30.16,,,,,,,,,,,,,
In home  (w/display),Temp & Humidity Sensor,2020/12/26 7:55 AM,67.1,50.0,47.8,65.9,,,30.16,,,,,,,,,,,,,
In home  (w/display),Temp & Humidity Sensor,2020/12/26 8:00 AM,67.1,50.0,47.8,65.9,,,30.17,,,,,,,,,,,,,
In home  (w/display),Temp & Humidity Sensor,2020/12/26 8:05 AM,67.1,50.0,47.8,65.9,,,30.17,,,,,,,,,,,,,
In home  (w/display),Temp & Humidity Sensor,2020/12/26 8:10 AM,67.1,50.0,47.8,65.9,,,30.17,,,,,,,,,,,,,
In home  (w/display),Temp & Humidity Sensor,2020/12/26 8:15 AM,67.1,50.0,47.8,65.9,,,30.17,,,,,,,,,,,,,
In home  (w/display),Temp & Humidity Sensor,2020/12/26 8:20 AM,67.2,50.0,47.9,66.0,,,30.17,,,,,,,,,,,,,
In home  (w/display),Temp & Humidity Sensor,2020/12/26 8:25 AM,67.2,50.0,47.9,66.0,,,30.17,,,,,,,,,,,,,
In home  (w/display),Temp & Humidity Sensor,2020/12/26 8:30 AM,67.2,50.0,47.9,66.0,,,30.17,,,,,,,,,,,,,
In home  (w/display),Temp & Humidity Sensor,2020/12/26 8:35 AM,67.2,50.0,47.9,66.0,,,30.17,,,,,,,,,,,,,
In home  (w/display),Temp & Humidity Sensor,2020/12/26 8:40 AM,67.2,50.0,47.9,66.0,,,30.17,,,,,,,,,,,,,
In home  (w/display),Temp & Humidity Sensor,2020/12/26 8:45 AM,67.2,50.0,47.9,66.0,,,30.17,,,,,,,,,,,,,
In home  (w/display),Temp & Humidity Sensor,2020/12/26 8:50 AM,67.1,50.0,47.8,65.9,,,30.18,,,,,,,,,,,,,
In home  (w/display),Temp & Humidity Sensor,2020/12/26 8:55 AM,67.1,50.0,47.8,65.9,,,30.17,,,,,,,,,,,,,
In home  (w/display),Temp & Humidity Sensor,2020/12/26 9:00 AM,67.2,50.0,47.9,66.0,,,30.18,,,,,,,,,,,,,
In home  (w/display),Temp & Humidity Sensor,2020/12/26 9:05 AM,67.2,50.0,47.9,66.0,,,30.18,,,,,,,,,,,,,
In home  (w/display),Temp & Humidity Sensor,2020/12/26 9:10 AM,67.2,50.0,47.9,66.0,,,30.18,,,,,,,,,,,,,
In home  (w/display),Temp & Humidity Sensor,2020/12/26 9:15 AM,67.4,50.0,48.1,66.2,,,30.18,,,,,,,,,,,,,
In home  (w/display),Temp & Humidity Sensor,2020/12/26 9:20 AM,67.4,50.0,48.1,66.2,,,30.19,,,,,,,,,,,,,
In home  (w/display),Temp & Humidity Sensor,2020/12/26 9:25 AM,67.6,50.0,48.3,66.4,,,30.19,,,,,,,,,,,,,
In home  (w/display),Temp & Humidity Sensor,2020/12/26 9:30 AM,67.6,50.0,48.3,66.4,,,30.19,,,,,,,,,,,,,
In home  (w/display),Temp & Humidity Sensor,2020/12/26 9:35 AM,67.6,50.0,48.3,66.4,,,30.19,,,,,,,,,,,,,
In home  (w/display),Temp & Humidity Sensor,2020/12/26 9:40 AM,67.8,50.0,48.5,66.6,,,30.19,,,,,,,,,,,,,
In home  (w/display),Temp & Humidity Sensor,2020/12/26 9:45 AM,67.8,50.0,48.5,66.6,,,30.19,,,,,,,,,,,,,
In home  (w/display),Temp & Humidity Sensor,2020/12/26 9:50 AM,67.6,50.0,48.3,66.4,,,30.19,,,,,,,,,,,,,
In home  (w/display),Temp & Humidity Sensor,2020/12/26 9:55 AM,67.4,50.0,48.1,66.2,,,30.19,,,,,,,,,,,,,
In home  (w/display),Temp & Humidity Sensor,2020/12/26 10:00 AM,67.2,50.0,47.9,66.0,,,30.19,,,,,,,,,,,,,
In home  (w/display),Temp & Humidity Sensor,2020/12/26 10:05 AM,67.2,50.0,47.9,66.0,,,30.19,,,,,,,,,,,,,
In home  (w/display),Temp & Humidity Sensor,2020/12/26 10:10 AM,67.6,50.0,48.3,66.4,,,30.19,,,,,,,,,,,,,
In home  (w/display),Temp & Humidity Sensor,2020/12/26 10:15 AM,67.8,50.0,48.5,66.6,,,30.2,,,,,,,,,,,,,
In home  (w/display),Temp & Humidity Sensor,2020/12/26 10:20 AM,68.0,50.0,48.7,66.8,,,30.2,,,,,,,,,,,,,
In home  (w/display),Temp & Humidity Sensor,2020/12/26 10:25 AM,67.8,50.0,48.5,66.6,,,30.2,,,,,,,,,,,,,
In home  (w/display),Temp & Humidity Sensor,2020/12/26 10:30 AM,67.4,50.0,48.1,66.2,,,30.2,,,,,,,,,,,,,
In home  (w/display),Temp & Humidity Sensor,2020/12/26 10:35 AM,67.6,50.0,48.3,66.4,,,30.2,,,,,,,,,,,,,
In home  (w/display),Temp & Humidity Sensor,2020/12/26 10:40 AM,67.6,50.0,48.3,66.4,,,30.19,,,,,,,,,,,,,
In home  (w/display),Temp & Humidity Sensor,2020/12/26 10:45 AM,68.0,50.0,48.7,66.8,,,30.19,,,,,,,,,,,,,
In home  (w/display),Temp & Humidity Sensor,2020/12/26 10:50 AM,67.8,50.0,48.5,66.6,,,30.19,,,,,,,,,,,,,
In home  (w/display),Temp & Humidity Sensor,2020/12/26 10:55 AM,67.6,50.0,48.3,66.4,,,30.2,,,,,,,,,,,,,
In home  (w/display),Temp & Humidity Sensor,2020/12/26 11:00 AM,67.6,50.0,48.3,66.4,,,30.2,,,,,,,,,,,,,
In home  (w/display),Temp & Humidity Sensor,2020/12/26 11:05 AM,67.6,50.0,48.3,66.4,,,30.2,,,,,,,,,,,,,
In home  (w/display),Temp & Humidity Sensor,2020/12/26 11:10 AM,68.0,50.0,48.7,66.8,,,30.19,,,,,,,,,,,,,
In home  (w/display),Temp & Humidity Sensor,2020/12/26 11:15 AM,67.8,50.0,48.5,66.6,,,30.19,,,,,,,,,,,,,
In home  (w/display),Temp & Humidity Sensor,2020/12/26 11:20 AM,67.6,50.0,48.3,66.4,,,30.19,,,,,,,,,,,,,
In home  (w/display),Temp & Humidity Sensor,2020/12/26 11:25 AM,67.6,50.0,48.3,66.4,,,30.19,,,,,,,,,,,,,
In home  (w/display),Temp & Humidity Sensor,2020/12/26 11:30 AM,67.8,50.0,48.5,66.6,,,30.19,,,,,,,,,,,,,
In home  (w/display),Temp & Humidity Sensor,2020/12/26 11:35 AM,67.8,50.0,48.5,66.6,,,30.18,,,,,,,,,,,,,
In home  (w/display),Temp & Humidity Sensor,2020/12/26 11:40 AM,67.8,50.0,48.5,66.6,,,30.18,,,,,,,,,,,,,
In home  (w/display),Temp & Humidity Sensor,2020/12/26 11:45 AM,67.6,50.0,48.3,66.4,,,30.18,,,,,,,,,,,,,
In home  (w/display),Temp & Humidity Sensor,2020/12/26 11:50 AM,67.6,50.0,48.3,66.4,,,30.17,,,,,,,,,,,,,
In home  (w/display),Temp & Humidity Sensor,2020/12/26 11:55 AM,67.6,50.0,48.3,66.4,,,30.17,,,,,,,,,,,,,
In home  (w/display),Temp & Humidity Sensor,2020/12/26 12:00 PM,67.8,50.0,48.5,66.6,,,30.17,,,,,,,,,,,,,
In home  (w/display),Temp & Humidity Sensor,2020/12/26 12:05 PM,67.6,50.0,48.3,66.4,,,30.17,,,,,,,,,,,,,
In home  (w/display),Temp & Humidity Sensor,2020/12/26 12:10 PM,67.4,50.0,48.1,66.2,,,30.16,,,,,,,,,,,,,
In home  (w/display),Temp & Humidity Sensor,2020/12/26 12:15 PM,67.6,50.0,48.3,66.4,,,30.16,,,,,,,,,,,,,
In home  (w/display),Temp & Humidity Sensor,2020/12/26 12:20 PM,67.6,50.0,48.3,66.4,,,30.16,,,,,,,,,,,,,
In home  (w/display),Temp & Humidity Sensor,2020/12/26 12:25 PM,67.6,50.0,48.3,66.4,,,30.16,,,,,,,,,,,,,
In home  (w/display),Temp & Humidity Sensor,2020/12/26 12:30 PM,67.4,50.0,48.1,66.2,,,30.15,,,,,,,,,,,,,
In home  (w/display),Temp & Humidity Sensor,2020/12/26 12:35 PM,67.4,50.0,48.1,66.2,,,30.15,,,,,,,,,,,,,
In home  (w/display),Temp & Humidity Sensor,2020/12/26 12:40 PM,67.6,50.0,48.3,66.4,,,30.15,,,,,,,,,,,,,
In home  (w/display),Temp & Humidity Sensor,2020/12/26 12:45 PM,67.6,50.0,48.3,66.4,,,30.15,,,,,,,,,,,,,
In home  (w/display),Temp & Humidity Sensor,2020/12/26 12:50 PM,67.6,50.0,48.3,66.4,,,30.14,,,,,,,,,,,,,
In home  (w/display),Temp & Humidity Sensor,2020/12/26 12:55 PM,67.2,50.0,47.9,66.0,,,30.14,,,,,,,,,,,,,
In home  (w/display),Temp & Humidity Sensor,2020/12/26 1:00 PM,67.6,50.0,48.3,66.4,,,30.14,,,,,,,,,,,,,
In home  (w/display),Temp & Humidity Sensor,2020/12/26 1:05 PM,67.6,50.0,48.3,66.4,,,30.14,,,,,,,,,,,,,
In home  (w/display),Temp & Humidity Sensor,2020/12/26 1:10 PM,67.6,50.0,48.3,66.4,,,30.14,,,,,,,,,,,,,
In home  (w/display),Temp & Humidity Sensor,2020/12/26 1:15 PM,67.2,50.0,47.9,66.0,,,30.14,,,,,,,,,,,,,
In home  (w/display),Temp & Humidity Sensor,2020/12/26 1:20 PM,67.2,50.0,47.9,66.0,,,30.14,,,,,,,,,,,,,
In home  (w/display),Temp & Humidity Sensor,2020/12/26 1:25 PM,67.4,50.0,48.1,66.2,,,30.13,,,,,,,,,,,,,
In home  (w/display),Temp & Humidity Sensor,2020/12/26 1:30 PM,67.2,50.0,47.9,66.0,,,30.13,,,,,,,,,,,,,
In home  (w/display),Temp & Humidity Sensor,2020/12/26 1:35 PM,67.1,50.0,47.8,65.9,,,30.13,,,,,,,,,,,,,
In home  (w/display),Temp & Humidity Sensor,2020/12/26 1:40 PM,67.1,50.0,47.8,65.9,,,30.13,,,,,,,,,,,,,
In home  (w/display),Temp & Humidity Sensor,2020/12/26 1:45 PM,67.2,50.0,47.9,66.0,,,30.13,,,,,,,,,,,,,
In home  (w/display),Temp & Humidity Sensor,2020/12/26 1:50 PM,67.4,50.0,48.1,66.2,,,30.13,,,,,,,,,,,,,
In home  (w/display),Temp & Humidity Sensor,2020/12/26 1:55 PM,67.2,50.0,47.9,66.0,,,30.13,,,,,,,,,,,,,
In home  (w/display),Temp & Humidity Sensor,2020/12/26 2:00 PM,67.2,50.0,47.9,66.0,,,30.13,,,,,,,,,,,,,
In home  (w/display),Temp & Humidity Sensor,2020/12/26 2:05 PM,67.1,50.0,47.8,65.9,,,30.12,,,,,,,,,,,,,
In home  (w/display),Temp & Humidity Sensor,2020/12/26 2:10 PM,67.2,50.0,47.9,66.0,,,30.12,,,,,,,,,,,,,
In home  (w/display),Temp & Humidity Sensor,2020/12/26 2:15 PM,67.4,50.0,48.1,66.2,,,30.12,,,,,,,,,,,,,
In home  (w/display),Temp & Humidity Sensor,2020/12/26 2:20 PM,67.2,50.0,47.9,66.0,,,30.12,,,,,,,,,,,,,
In home  (w/display),Temp & Humidity Sensor,2020/12/26 2:25 PM,67.2,50.0,47.9,66.0,,,30.12,,,,,,,,,,,,,
In home  (w/display),Temp & Humidity Sensor,2020/12/26 2:30 PM,67.1,50.0,47.8,65.9,,,30.12,,,,,,,,,,,,,
In home  (w/display),Temp & Humidity Sensor,2020/12/26 2:35 PM,67.2,50.0,47.9,66.0,,,30.12,,,,,,,,,,,,,
In home  (w/display),Temp & Humidity Sensor,2020/12/26 2:40 PM,67.4,50.0,48.1,66.2,,,30.12,,,,,,,,,,,,,
In home  (w/display),Temp & Humidity Sensor,2020/12/26 2:45 PM,67.2,50.0,47.9,66.0,,,30.12,,,,,,,,,,,,,
In home  (w/display),Temp & Humidity Sensor,2020/12/26 2:50 PM,67.2,50.0,47.9,66.0,,,30.12,,,,,,,,,,,,,
In home  (w/display),Temp & Humidity Sensor,2020/12/26 2:55 PM,67.1,50.0,47.8,65.9,,,30.11,,,,,,,,,,,,,
In home  (w/display),Temp & Humidity Sensor,2020/12/26 3:00 PM,67.2,50.0,47.9,66.0,,,30.12,,,,,,,,,,,,,
In home  (w/display),Temp & Humidity Sensor,2020/12/26 3:05 PM,67.4,50.0,48.1,66.2,,,30.12,,,,,,,,,,,,,
In home  (w/display),Temp & Humidity Sensor,2020/12/26 3:10 PM,67.2,50.0,47.9,66.0,,,30.11,,,,,,,,,,,,,
In home  (w/display),Temp & Humidity Sensor,2020/12/26 3:15 PM,67.2,50.0,47.9,66.0,,,30.11,,,,,,,,,,,,,
In home  (w/display),Temp & Humidity Sensor,2020/12/26 3:20 PM,67.2,51.0,48.5,66.0,,,30.12,,,,,,,,,,,,,
In home  (w/display),Temp & Humidity Sensor,2020/12/26 3:25 PM,67.2,51.0,48.5,66.0,,,30.12,,,,,,,,,,,,,
In home  (w/display),Temp & Humidity Sensor,2020/12/26 3:30 PM,67.2,51.0,48.5,66.0,,,30.12,,,,,,,,,,,,,
In home  (w/display),Temp & Humidity Sensor,2020/12/26 3:35 PM,67.2,51.0,48.5,66.0,,,30.12,,,,,,,,,,,,,
In home  (w/display),Temp & Humidity Sensor,2020/12/26 3:40 PM,67.1,51.0,48.4,65.9,,,30.12,,,,,,,,,,,,,
In home  (w/display),Temp & Humidity Sensor,2020/12/26 3:45 PM,67.2,51.0,48.5,66.0,,,30.12,,,,,,,,,,,,,
In home  (w/display),Temp & Humidity Sensor,2020/12/26 3:50 PM,67.2,51.0,48.5,66.0,,,30.12,,,,,,,,,,,,,
In home  (w/display),Temp & Humidity Sensor,2020/12/26 3:55 PM,67.1,51.0,48.4,65.9,,,30.11,,,,,,,,,,,,,
In home  (w/display),Temp & Humidity Sensor,2020/12/26 4:00 PM,67.1,51.0,48.4,65.9,,,30.11,,,,,,,,,,,,,
In home  (w/display),Temp & Humidity Sensor,2020/12/26 4:05 PM,67.1,51.0,48.4,65.9,,,30.12,,,,,,,,,,,,,
In home  (w/display),Temp & Humidity Sensor,2020/12/26 4:10 PM,67.2,51.0,48.5,66.0,,,30.11,,,,,,,,,,,,,
In home  (w/display),Temp & Humidity Sensor,2020/12/26 4:15 PM,67.1,51.0,48.4,65.9,,,30.11,,,,,,,,,,,,,
In home  (w/display),Temp & Humidity Sensor,2020/12/26 4:20 PM,66.9,51.0,48.2,65.7,,,30.11,,,,,,,,,,,,,
In home  (w/display),Temp & Humidity Sensor,2020/12/26 4:25 PM,66.7,51.0,48.0,65.5,,,30.11,,,,,,,,,,,,,
In home  (w/display),Temp & Humidity Sensor,2020/12/26 4:30 PM,66.7,51.0,48.0,65.5,,,30.12,,,,,,,,,,,,,
In home  (w/display),Temp & Humidity Sensor,2020/12/26 4:35 PM,66.9,51.0,48.2,65.7,,,30.11,,,,,,,,,,,,,
In home  (w/display),Temp & Humidity Sensor,2020/12/26 4:40 PM,66.7,51.0,48.0,65.5,,,30.11,,,,,,,,,,,,,
In home  (w/display),Temp & Humidity Sensor,2020/12/26 4:45 PM,66.7,51.0,48.0,65.5,,,30.11,,,,,,,,,,,,,
In home  (w/display),Temp & Humidity Sensor,2020/12/26 4:50 PM,66.7,51.0,48.0,65.5,,,30.11,,,,,,,,,,,,,
In home  (w/display),Temp & Humidity Sensor,2020/12/26 4:55 PM,66.9,51.0,48.2,65.7,,,30.11,,,,,,,,,,,,,
In home  (w/display),Temp & Humidity Sensor,2020/12/26 5:00 PM,66.7,51.0,48.0,65.5,,,30.11,,,,,,,,,,,,,
In home  (w/display),Temp & Humidity Sensor,2020/12/26 5:05 PM,66.7,51.0,48.0,65.5,,,30.11,,,,,,,,,,,,,
In home  (w/display),Temp & Humidity Sensor,2020/12/26 5:10 PM,66.5,51.0,47.8,65.2,,,30.11,,,,,,,,,,,,,
In home  (w/display),Temp & Humidity Sensor,2020/12/26 5:15 PM,66.7,51.0,48.0,65.5,,,30.11,,,,,,,,,,,,,
In home  (w/display),Temp & Humidity Sensor,2020/12/26 5:20 PM,66.7,51.0,48.0,65.5,,,30.11,,,,,,,,,,,,,
In home  (w/display),Temp & Humidity Sensor,2020/12/26 5:25 PM,66.5,51.0,47.8,65.2,,,30.11,,,,,,,,,,,,,
In home  (w/display),Temp & Humidity Sensor,2020/12/26 5:30 PM,66.3,51.0,47.6,65.0,,,30.11,,,,,,,,,,,,,
In home  (w/display),Temp & Humidity Sensor,2020/12/26 5:35 PM,66.5,51.0,47.8,65.2,,,30.11,,,,,,,,,,,,,
In home  (w/display),Temp & Humidity Sensor,2020/12/26 5:40 PM,66.5,51.0,47.8,65.2,,,30.11,,,,,,,,,,,,,
In home  (w/display),Temp & Humidity Sensor,2020/12/26 5:45 PM,66.3,51.0,47.6,65.0,,,30.11,,,,,,,,,,,,,
In home  (w/display),Temp & Humidity Sensor,2020/12/26 5:50 PM,66.2,51.0,47.5,64.9,,,30.11,,,,,,,,,,,,,
In home  (w/display),Temp & Humidity Sensor,2020/12/26 5:55 PM,66.3,51.0,47.6,65.0,,,30.11,,,,,,,,,,,,,
In home  (w/display),Temp & Humidity Sensor,2020/12/26 6:00 PM,66.3,51.0,47.6,65.0,,,30.11,,,,,,,,,,,,,
In home  (w/display),Temp & Humidity Sensor,2020/12/26 6:05 PM,66.3,51.0,47.6,65.0,,,30.12,,,,,,,,,,,,,
In home  (w/display),Temp & Humidity Sensor,2020/12/26 6:10 PM,66.2,51.0,47.5,64.9,,,30.12,,,,,,,,,,,,,
In home  (w/display),Temp & Humidity Sensor,2020/12/26 6:15 PM,66.2,51.0,47.5,64.9,,,30.13,,,,,,,,,,,,,
In home  (w/display),Temp & Humidity Sensor,2020/12/26 6:20 PM,66.2,51.0,47.5,64.9,,,30.12,,,,,,,,,,,,,
In home  (w/display),Temp & Humidity Sensor,2020/12/26 6:25 PM,66.3,51.0,47.6,65.0,,,30.13,,,,,,,,,,,,,
In home  (w/display),Temp & Humidity Sensor,2020/12/26 6:30 PM,66.3,51.0,47.6,65.0,,,30.13,,,,,,,,,,,,,
In home  (w/display),Temp & Humidity Sensor,2020/12/26 6:35 PM,66.2,51.0,47.5,64.9,,,30.13,,,,,,,,,,,,,
In home  (w/display),Temp & Humidity Sensor,2020/12/26 6:40 PM,66.0,52.0,47.9,64.7,,,30.13,,,,,,,,,,,,,
In home  (w/display),Temp & Humidity Sensor,2020/12/26 6:45 PM,66.3,50.0,47.1,65.0,,,30.13,,,,,,,,,,,,,
In home  (w/display),Temp & Humidity Sensor,2020/12/26 6:50 PM,66.3,50.0,47.1,65.0,,,30.13,,,,,,,,,,,,,
In home  (w/display),Temp & Humidity Sensor,2020/12/26 6:55 PM,66.7,50.0,47.5,65.4,,,30.14,,,,,,,,,,,,,
In home  (w/display),Temp & Humidity Sensor,2020/12/26 7:00 PM,67.1,50.0,47.8,65.9,,,30.14,,,,,,,,,,,,,
In home  (w/display),Temp & Humidity Sensor,2020/12/26 7:05 PM,67.2,50.0,47.9,66.0,,,30.14,,,,,,,,,,,,,
In home  (w/display),Temp & Humidity Sensor,2020/12/26 7:10 PM,67.2,50.0,47.9,66.0,,,30.13,,,,,,,,,,,,,
In home  (w/display),Temp & Humidity Sensor,2020/12/26 7:15 PM,67.6,50.0,48.3,66.4,,,30.14,,,,,,,,,,,,,
In home  (w/display),Temp & Humidity Sensor,2020/12/26 7:20 PM,67.4,50.0,48.1,66.2,,,30.14,,,,,,,,,,,,,
In home  (w/display),Temp & Humidity Sensor,2020/12/26 7:25 PM,67.2,50.0,47.9,66.0,,,30.14,,,,,,,,,,,,,
In home  (w/display),Temp & Humidity Sensor,2020/12/26 7:30 PM,67.4,50.0,48.1,66.2,,,30.14,,,,,,,,,,,,,
In home  (w/display),Temp & Humidity Sensor,2020/12/26 7:35 PM,67.6,50.0,48.3,66.4,,,30.14,,,,,,,,,,,,,
In home  (w/display),Temp & Humidity Sensor,2020/12/26 7:40 PM,67.8,50.0,48.5,66.6,,,30.14,,,,,,,,,,,,,
In home  (w/display),Temp & Humidity Sensor,2020/12/26 7:45 PM,67.6,50.0,48.3,66.4,,,30.15,,,,,,,,,,,,,
In home  (w/display),Temp & Humidity Sensor,2020/12/26 7:50 PM,67.6,50.0,48.3,66.4,,,30.15,,,,,,,,,,,,,
In home  (w/display),Temp & Humidity Sensor,2020/12/26 7:55 PM,67.8,50.0,48.5,66.6,,,30.15,,,,,,,,,,,,,
In home  (w/display),Temp & Humidity Sensor,2020/12/26 8:00 PM,67.8,50.0,48.5,66.6,,,30.14,,,,,,,,,,,,,
In home  (w/display),Temp & Humidity Sensor,2020/12/26 8:05 PM,68.1,50.0,48.7,67.0,,,30.14,,,,,,,,,,,,,
In home  (w/display),Temp & Humidity Sensor,2020/12/26 8:10 PM,68.0,50.0,48.7,66.8,,,30.14,,,,,,,,,,,,,
In home  (w/display),Temp & Humidity Sensor,2020/12/26 8:15 PM,67.8,50.0,48.5,66.6,,,30.14,,,,,,,,,,,,,
In home  (w/display),Temp & Humidity Sensor,2020/12/26 8:20 PM,67.8,50.0,48.5,66.6,,,30.15,,,,,,,,,,,,,
In home  (w/display),Temp & Humidity Sensor,2020/12/26 8:25 PM,67.8,51.0,49.0,66.7,,,30.14,,,,,,,,,,,,,
In home  (w/display),Temp & Humidity Sensor,2020/12/26 8:30 PM,68.0,51.0,49.2,66.9,,,30.14,,,,,,,,,,,,,
In home  (w/display),Temp & Humidity Sensor,2020/12/26 8:35 PM,68.0,51.0,49.2,66.9,,,30.14,,,,,,,,,,,,,
In home  (w/display),Temp & Humidity Sensor,2020/12/26 8:40 PM,67.8,51.0,49.0,66.7,,,30.14,,,,,,,,,,,,,
In home  (w/display),Temp & Humidity Sensor,2020/12/26 8:45 PM,67.8,51.0,49.0,66.7,,,30.15,,,,,,,,,,,,,
In home  (w/display),Temp & Humidity Sensor,2020/12/26 8:50 PM,68.1,51.0,49.3,67.0,,,30.15,,,,,,,,,,,,,
In home  (w/display),Temp & Humidity Sensor,2020/12/26 8:55 PM,68.3,51.0,49.5,67.2,,,30.15,,,,,,,,,,,,,
In home  (w/display),Temp & Humidity Sensor,2020/12/26 9:00 PM,68.3,51.0,49.5,67.2,,,30.15,,,,,,,,,,,,,
In home  (w/display),Temp & Humidity Sensor,2020/12/26 9:05 PM,68.1,51.0,49.3,67.0,,,30.15,,,,,,,,,,,,,
In home  (w/display),Temp & Humidity Sensor,2020/12/26 9:10 PM,68.1,51.0,49.3,67.0,,,30.15,,,,,,,,,,,,,
In home  (w/display),Temp & Humidity Sensor,2020/12/26 9:15 PM,68.3,51.0,49.5,67.2,,,30.15,,,,,,,,,,,,,
In home  (w/display),Temp & Humidity Sensor,2020/12/26 9:20 PM,68.5,51.0,49.6,67.4,,,30.15,,,,,,,,,,,,,
In home  (w/display),Temp & Humidity Sensor,2020/12/26 9:25 PM,68.5,51.0,49.6,67.4,,,30.15,,,,,,,,,,,,,
In home  (w/display),Temp & Humidity Sensor,2020/12/26 9:30 PM,68.1,51.0,49.3,67.0,,,30.15,,,,,,,,,,,,,
In home  (w/display),Temp & Humidity Sensor,2020/12/26 9:35 PM,68.3,51.0,49.5,67.2,,,30.15,,,,,,,,,,,,,
In home  (w/display),Temp & Humidity Sensor,2020/12/26 9:40 PM,68.5,51.0,49.6,67.4,,,30.16,,,,,,,,,,,,,
In home  (w/display),Temp & Humidity Sensor,2020/12/26 9:45 PM,68.5,51.0,49.6,67.4,,,30.16,,,,,,,,,,,,,
In home  (w/display),Temp & Humidity Sensor,2020/12/26 9:50 PM,68.5,50.0,49.1,67.4,,,30.16,,,,,,,,,,,,,
In home  (w/display),Temp & Humidity Sensor,2020/12/26 9:55 PM,68.1,50.0,48.7,67.0,,,30.16,,,,,,,,,,,,,
In home  (w/display),Temp & Humidity Sensor,2020/12/26 10:00 PM,68.1,50.0,48.7,67.0,,,30.16,,,,,,,,,,,,,
In home  (w/display),Temp & Humidity Sensor,2020/12/26 10:05 PM,68.1,50.0,48.7,67.0,,,30.16,,,,,,,,,,,,,
In home  (w/display),Temp & Humidity Sensor,2020/12/26 10:10 PM,68.1,50.0,48.7,67.0,,,30.16,,,,,,,,,,,,,
In home  (w/display),Temp & Humidity Sensor,2020/12/26 10:15 PM,68.0,50.0,48.7,66.8,,,30.17,,,,,,,,,,,,,
In home  (w/display),Temp & Humidity Sensor,2020/12/26 10:20 PM,67.8,50.0,48.5,66.6,,,30.17,,,,,,,,,,,,,
In home  (w/display),Temp & Humidity Sensor,2020/12/26 10:25 PM,67.6,50.0,48.3,66.4,,,30.17,,,,,,,,,,,,,
In home  (w/display),Temp & Humidity Sensor,2020/12/26 10:30 PM,67.6,50.0,48.3,66.4,,,30.17,,,,,,,,,,,,,
In home  (w/display),Temp & Humidity Sensor,2020/12/26 10:35 PM,67.4,50.0,48.1,66.2,,,30.17,,,,,,,,,,,,,
In home  (w/display),Temp & Humidity Sensor,2020/12/26 10:40 PM,67.2,50.0,47.9,66.0,,,30.17,,,,,,,,,,,,,
In home  (w/display),Temp & Humidity Sensor,2020/12/26 10:45 PM,67.2,50.0,47.9,66.0,,,30.17,,,,,,,,,,,,,
In home  (w/display),Temp & Humidity Sensor,2020/12/26 10:50 PM,67.1,50.0,47.8,65.9,,,30.17,,,,,,,,,,,,,
In home  (w/display),Temp & Humidity Sensor,2020/12/26 10:55 PM,66.9,50.0,47.6,65.6,,,30.17,,,,,,,,,,,,,
In home  (w/display),Temp & Humidity Sensor,2020/12/26 11:00 PM,66.7,50.0,47.5,65.4,,,30.17,,,,,,,,,,,,,
In home  (w/display),Temp & Humidity Sensor,2020/12/26 11:05 PM,66.5,50.0,47.3,65.2,,,30.17,,,,,,,,,,,,,
In home  (w/display),Temp & Humidity Sensor,2020/12/26 11:10 PM,66.3,50.0,47.1,65.0,,,30.17,,,,,,,,,,,,,
In home  (w/display),Temp & Humidity Sensor,2020/12/26 11:15 PM,66.2,50.0,47.0,64.9,,,30.17,,,,,,,,,,,,,
In home  (w/display),Temp & Humidity Sensor,2020/12/26 11:20 PM,66.0,51.0,47.3,64.7,,,30.17,,,,,,,,,,,,,
In home  (w/display),Temp & Humidity Sensor,2020/12/26 11:25 PM,66.0,51.0,47.3,64.7,,,30.17,,,,,,,,,,,,,
In home  (w/display),Temp & Humidity Sensor,2020/12/26 11:30 PM,65.8,51.0,47.2,64.5,,,30.17,,,,,,,,,,,,,
In home  (w/display),Temp & Humidity Sensor,2020/12/26 11:35 PM,65.6,51.0,47.0,64.3,,,30.17,,,,,,,,,,,,,
In home  (w/display),Temp & Humidity Sensor,2020/12/26 11:40 PM,65.4,51.0,46.8,64.0,,,30.17,,,,,,,,,,,,,
In home  (w/display),Temp & Humidity Sensor,2020/12/26 11:45 PM,65.4,51.0,46.8,64.0,,,30.18,,,,,,,,,,,,,
In home  (w/display),Temp & Humidity Sensor,2020/12/26 11:50 PM,65.3,51.0,46.7,63.9,,,30.18,,,,,,,,,,,,,
In home  (w/display),Temp & Humidity Sensor,2020/12/26 11:55 PM,65.1,51.0,46.5,63.7,,,30.18,,,,,,,,,,,,,
In home  (w/display),Temp & Humidity Sensor,2020/12/27 12:00 AM,65.1,51.0,46.5,63.7,,,30.18,,,,,,,,,,,,,
In home  (w/display),Temp & Humidity Sensor,2020/12/27 12:05 AM,64.9,51.0,46.3,63.5,,,30.18,,,,,,,,,,,,,
In home  (w/display),Temp & Humidity Sensor,2020/12/27 12:10 AM,64.9,51.0,46.3,63.5,,,30.18,,,,,,,,,,,,,
In home  (w/display),Temp & Humidity Sensor,2020/12/27 12:15 AM,64.5,51.0,46.0,63.0,,,30.18,,,,,,,,,,,,,
In home  (w/display),Temp & Humidity Sensor,2020/12/27 12:20 AM,64.5,51.0,46.0,63.0,,,30.18,,,,,,,,,,,,,
In home  (w/display),Temp & Humidity Sensor,2020/12/27 12:25 AM,64.5,51.0,46.0,63.0,,,30.18,,,,,,,,,,,,,
In home  (w/display),Temp & Humidity Sensor,2020/12/27 12:30 AM,64.5,51.0,46.0,63.0,,,30.18,,,,,,,,,,,,,
In home  (w/display),Temp & Humidity Sensor,2020/12/27 12:35 AM,64.4,51.0,45.9,62.9,,,30.18,,,,,,,,,,,,,
In home  (w/display),Temp & Humidity Sensor,2020/12/27 12:40 AM,64.2,51.0,45.7,62.7,,,30.18,,,,,,,,,,,,,
In home  (w/display),Temp & Humidity Sensor,2020/12/27 12:45 AM,64.2,51.0,45.7,62.7,,,30.18,,,,,,,,,,,,,
In home  (w/display),Temp & Humidity Sensor,2020/12/27 12:50 AM,64.0,51.0,45.5,62.5,,,30.18,,,,,,,,,,,,,
In home  (w/display),Temp & Humidity Sensor,2020/12/27 12:55 AM,64.0,51.0,45.5,62.5,,,30.18,,,,,,,,,,,,,
In home  (w/display),Temp & Humidity Sensor,2020/12/27 1:00 AM,64.0,51.0,45.5,62.5,,,30.19,,,,,,,,,,,,,
In home  (w/display),Temp & Humidity Sensor,2020/12/27 1:05 AM,63.8,51.0,45.3,62.3,,,30.19,,,,,,,,,,,,,
In home  (w/display),Temp & Humidity Sensor,2020/12/27 1:10 AM,63.6,51.0,45.1,62.1,,,30.19,,,,,,,,,,,,,
In home  (w/display),Temp & Humidity Sensor,2020/12/27 1:15 AM,63.6,51.0,45.1,62.1,,,30.19,,,,,,,,,,,,,
In home  (w/display),Temp & Humidity Sensor,2020/12/27 1:20 AM,63.6,51.0,45.1,62.1,,,30.19,,,,,,,,,,,,,
In home  (w/display),Temp & Humidity Sensor,2020/12/27 1:25 AM,63.5,51.0,45.0,61.9,,,30.19,,,,,,,,,,,,,
In home  (w/display),Temp & Humidity Sensor,2020/12/27 1:30 AM,63.5,51.0,45.0,61.9,,,30.19,,,,,,,,,,,,,
In home  (w/display),Temp & Humidity Sensor,2020/12/27 1:35 AM,63.5,51.0,45.0,61.9,,,30.19,,,,,,,,,,,,,
In home  (w/display),Temp & Humidity Sensor,2020/12/27 1:40 AM,63.3,52.0,45.4,61.8,,,30.2,,,,,,,,,,,,,
In home  (w/display),Temp & Humidity Sensor,2020/12/27 1:45 AM,63.1,52.0,45.2,61.6,,,30.2,,,,,,,,,,,,,
In home  (w/display),Temp & Humidity Sensor,2020/12/27 1:50 AM,63.1,52.0,45.2,61.6,,,30.2,,,,,,,,,,,,,
In home  (w/display),Temp & Humidity Sensor,2020/12/27 1:55 AM,63.1,52.0,45.2,61.6,,,30.2,,,,,,,,,,,,,
In home  (w/display),Temp & Humidity Sensor,2020/12/27 2:00 AM,63.1,52.0,45.2,61.6,,,30.2,,,,,,,,,,,,,
In home  (w/display),Temp & Humidity Sensor,2020/12/27 2:05 AM,62.9,52.0,45.0,61.3,,,30.2,,,,,,,,,,,,,
In home  (w/display),Temp & Humidity Sensor,2020/12/27 2:10 AM,62.7,52.0,44.8,61.1,,,30.2,,,,,,,,,,,,,
In home  (w/display),Temp & Humidity Sensor,2020/12/27 2:15 AM,62.7,52.0,44.8,61.1,,,30.2,,,,,,,,,,,,,
In home  (w/display),Temp & Humidity Sensor,2020/12/27 2:20 AM,62.7,52.0,44.8,61.1,,,30.21,,,,,,,,,,,,,
In home  (w/display),Temp & Humidity Sensor,2020/12/27 2:25 AM,62.6,52.0,44.7,61.0,,,30.21,,,,,,,,,,,,,
In home  (w/display),Temp & Humidity Sensor,2020/12/27 2:30 AM,62.4,52.0,44.5,60.8,,,30.21,,,,,,,,,,,,,
In home  (w/display),Temp & Humidity Sensor,2020/12/27 2:35 AM,62.4,52.0,44.5,60.8,,,30.21,,,,,,,,,,,,,
In home  (w/display),Temp & Humidity Sensor,2020/12/27 2:40 AM,62.4,52.0,44.5,60.8,,,30.21,,,,,,,,,,,,,
In home  (w/display),Temp & Humidity Sensor,2020/12/27 2:45 AM,62.4,52.0,44.5,60.8,,,30.21,,,,,,,,,,,,,
In home  (w/display),Temp & Humidity Sensor,2020/12/27 2:50 AM,62.2,52.0,44.4,60.6,,,30.21,,,,,,,,,,,,,
In home  (w/display),Temp & Humidity Sensor,2020/12/27 2:55 AM,62.2,52.0,44.4,60.6,,,30.21,,,,,,,,,,,,,
In home  (w/display),Temp & Humidity Sensor,2020/12/27 3:00 AM,62.2,52.0,44.4,60.6,,,30.21,,,,,,,,,,,,,
In home  (w/display),Temp & Humidity Sensor,2020/12/27 3:05 AM,62.2,52.0,44.4,60.6,,,30.21,,,,,,,,,,,,,
In home  (w/display),Temp & Humidity Sensor,2020/12/27 3:10 AM,62.0,52.0,44.2,60.3,,,30.21,,,,,,,,,,,,,
In home  (w/display),Temp & Humidity Sensor,2020/12/27 3:15 AM,61.8,52.0,44.0,60.1,,,30.22,,,,,,,,,,,,,
In home  (w/display),Temp & Humidity Sensor,2020/12/27 3:20 AM,61.8,52.0,44.0,60.1,,,30.22,,,,,,,,,,,,,
In home  (w/display),Temp & Humidity Sensor,2020/12/27 3:25 AM,61.8,52.0,44.0,60.1,,,30.21,,,,,,,,,,,,,
In home  (w/display),Temp & Humidity Sensor,2020/12/27 3:30 AM,61.7,52.0,43.9,60.0,,,30.21,,,,,,,,,,,,,
In home  (w/display),Temp & Humidity Sensor,2020/12/27 3:35 AM,61.7,52.0,43.9,60.0,,,30.22,,,,,,,,,,,,,
In home  (w/display),Temp & Humidity Sensor,2020/12/27 3:40 AM,61.7,52.0,43.9,60.0,,,30.22,,,,,,,,,,,,,
In home  (w/display),Temp & Humidity Sensor,2020/12/27 3:45 AM,61.7,52.0,43.9,60.0,,,30.22,,,,,,,,,,,,,
In home  (w/display),Temp & Humidity Sensor,2020/12/27 3:50 AM,61.5,52.0,43.7,59.8,,,30.22,,,,,,,,,,,,,
In home  (w/display),Temp & Humidity Sensor,2020/12/27 3:55 AM,61.7,52.0,43.9,60.0,,,30.22,,,,,,,,,,,,,
In home  (w/display),Temp & Humidity Sensor,2020/12/27 4:00 AM,61.7,52.0,43.9,60.0,,,30.22,,,,,,,,,,,,,
In home  (w/display),Temp & Humidity Sensor,2020/12/27 4:05 AM,61.8,52.0,44.0,60.1,,,30.22,,,,,,,,,,,,,
In home  (w/display),Temp & Humidity Sensor,2020/12/27 4:10 AM,62.2,52.0,44.4,60.6,,,30.22,,,,,,,,,,,,,
In home  (w/display),Temp & Humidity Sensor,2020/12/27 4:15 AM,62.4,52.0,44.5,60.8,,,30.22,,,,,,,,,,,,,
In home  (w/display),Temp & Humidity Sensor,2020/12/27 4:20 AM,62.7,52.0,44.8,61.1,,,30.22,,,,,,,,,,,,,
In home  (w/display),Temp & Humidity Sensor,2020/12/27 4:25 AM,62.7,52.0,44.8,61.1,,,30.22,,,,,,,,,,,,,
In home  (w/display),Temp & Humidity Sensor,2020/12/27 4:30 AM,62.9,52.0,45.0,61.3,,,30.22,,,,,,,,,,,,,
In home  (w/display),Temp & Humidity Sensor,2020/12/27 4:35 AM,63.1,52.0,45.2,61.6,,,30.22,,,,,,,,,,,,,
In home  (w/display),Temp & Humidity Sensor,2020/12/27 4:40 AM,63.3,52.0,45.4,61.8,,,30.22,,,,,,,,,,,,,
In home  (w/display),Temp & Humidity Sensor,2020/12/27 4:45 AM,63.5,51.0,45.0,61.9,,,30.22,,,,,,,,,,,,,
In home  (w/display),Temp & Humidity Sensor,2020/12/27 4:50 AM,63.5,51.0,45.0,61.9,,,30.22,,,,,,,,,,,,,
In home  (w/display),Temp & Humidity Sensor,2020/12/27 4:55 AM,63.5,51.0,45.0,61.9,,,30.22,,,,,,,,,,,,,
In home  (w/display),Temp & Humidity Sensor,2020/12/27 5:00 AM,63.6,51.0,45.1,62.1,,,30.22,,,,,,,,,,,,,
In home  (w/display),Temp & Humidity Sensor,2020/12/27 5:05 AM,63.6,51.0,45.1,62.1,,,30.22,,,,,,,,,,,,,
In home  (w/display),Temp & Humidity Sensor,2020/12/27 5:10 AM,63.8,51.0,45.3,62.3,,,30.23,,,,,,,,,,,,,
In home  (w/display),Temp & Humidity Sensor,2020/12/27 5:15 AM,64.0,51.0,45.5,62.5,,,30.23,,,,,,,,,,,,,
In home  (w/display),Temp & Humidity Sensor,2020/12/27 5:20 AM,64.0,51.0,45.5,62.5,,,30.22,,,,,,,,,,,,,
In home  (w/display),Temp & Humidity Sensor,2020/12/27 5:25 AM,64.2,51.0,45.7,62.7,,,30.22,,,,,,,,,,,,,
In home  (w/display),Temp & Humidity Sensor,2020/12/27 5:30 AM,64.2,51.0,45.7,62.7,,,30.23,,,,,,,,,,,,,
In home  (w/display),Temp & Humidity Sensor,2020/12/27 5:35 AM,64.4,51.0,45.9,62.9,,,30.23,,,,,,,,,,,,,
In home  (w/display),Temp & Humidity Sensor,2020/12/27 5:40 AM,64.4,51.0,45.9,62.9,,,30.23,,,,,,,,,,,,,
In home  (w/display),Temp & Humidity Sensor,2020/12/27 5:45 AM,64.5,51.0,46.0,63.0,,,30.23,,,,,,,,,,,,,
In home  (w/display),Temp & Humidity Sensor,2020/12/27 5:50 AM,64.5,51.0,46.0,63.0,,,30.24,,,,,,,,,,,,,
In home  (w/display),Temp & Humidity Sensor,2020/12/27 5:55 AM,64.5,50.0,45.4,63.0,,,30.24,,,,,,,,,,,,,
In home  (w/display),Temp & Humidity Sensor,2020/12/27 6:00 AM,64.5,50.0,45.4,63.0,,,30.25,,,,,,,,,,,,,
In home  (w/display),Temp & Humidity Sensor,2020/12/27 6:05 AM,64.5,51.0,46.0,63.0,,,30.25,,,,,,,,,,,,,
In home  (w/display),Temp & Humidity Sensor,2020/12/27 6:10 AM,64.5,51.0,46.0,63.0,,,30.25,,,,,,,,,,,,,
In home  (w/display),Temp & Humidity Sensor,2020/12/27 6:15 AM,65.1,51.0,46.5,63.7,,,30.25,,,,,,,,,,,,,
In home  (w/display),Temp & Humidity Sensor,2020/12/27 6:20 AM,65.3,50.0,46.2,63.9,,,30.26,,,,,,,,,,,,,
In home  (w/display),Temp & Humidity Sensor,2020/12/27 6:25 AM,65.4,50.0,46.3,64.0,,,30.26,,,,,,,,,,,,,
In home  (w/display),Temp & Humidity Sensor,2020/12/27 6:30 AM,65.8,50.0,46.6,64.4,,,30.26,,,,,,,,,,,,,
In home  (w/display),Temp & Humidity Sensor,2020/12/27 6:35 AM,66.0,50.0,46.8,64.6,,,30.26,,,,,,,,,,,,,
In home  (w/display),Temp & Humidity Sensor,2020/12/27 6:40 AM,66.2,49.0,46.5,64.8,,,30.26,,,,,,,,,,,,,
In home  (w/display),Temp & Humidity Sensor,2020/12/27 6:45 AM,66.5,49.0,46.7,65.2,,,30.27,,,,,,,,,,,,,
In home  (w/display),Temp & Humidity Sensor,2020/12/27 6:50 AM,66.7,49.0,46.9,65.4,,,30.27,,,,,,,,,,,,,
In home  (w/display),Temp & Humidity Sensor,2020/12/27 6:55 AM,66.7,49.0,46.9,65.4,,,30.28,,,,,,,,,,,,,
In home  (w/display),Temp & Humidity Sensor,2020/12/27 7:00 AM,67.1,49.0,47.3,65.8,,,30.28,,,,,,,,,,,,,
In home  (w/display),Temp & Humidity Sensor,2020/12/27 7:05 AM,66.9,49.0,47.1,65.6,,,30.28,,,,,,,,,,,,,
In home  (w/display),Temp & Humidity Sensor,2020/12/27 7:10 AM,67.1,49.0,47.3,65.8,,,30.28,,,,,,,,,,,,,
In home  (w/display),Temp & Humidity Sensor,2020/12/27 7:15 AM,67.2,49.0,47.4,65.9,,,30.28,,,,,,,,,,,,,
In home  (w/display),Temp & Humidity Sensor,2020/12/27 7:20 AM,67.4,49.0,47.6,66.1,,,30.28,,,,,,,,,,,,,
In home  (w/display),Temp & Humidity Sensor,2020/12/27 7:25 AM,67.6,49.0,47.8,66.4,,,30.29,,,,,,,,,,,,,
In home  (w/display),Temp & Humidity Sensor,2020/12/27 7:30 AM,67.8,49.0,47.9,66.6,,,30.29,,,,,,,,,,,,,
In home  (w/display),Temp & Humidity Sensor,2020/12/27 7:35 AM,67.6,49.0,47.8,66.4,,,30.29,,,,,,,,,,,,,
In home  (w/display),Temp & Humidity Sensor,2020/12/27 7:40 AM,67.2,49.0,47.4,65.9,,,30.29,,,,,,,,,,,,,
In home  (w/display),Temp & Humidity Sensor,2020/12/27 7:45 AM,67.1,49.0,47.3,65.8,,,30.29,,,,,,,,,,,,,
In home  (w/display),Temp & Humidity Sensor,2020/12/27 7:50 AM,66.7,49.0,46.9,65.4,,,30.29,,,,,,,,,,,,,
In home  (w/display),Temp & Humidity Sensor,2020/12/27 7:55 AM,66.7,49.0,46.9,65.4,,,30.29,,,,,,,,,,,,,
In home  (w/display),Temp & Humidity Sensor,2020/12/27 8:00 AM,66.9,49.0,47.1,65.6,,,30.29,,,,,,,,,,,,,
In home  (w/display),Temp & Humidity Sensor,2020/12/27 8:05 AM,66.9,49.0,47.1,65.6,,,30.29,,,,,,,,,,,,,
In home  (w/display),Temp & Humidity Sensor,2020/12/27 8:10 AM,66.9,49.0,47.1,65.6,,,30.29,,,,,,,,,,,,,
In home  (w/display),Temp & Humidity Sensor,2020/12/27 8:15 AM,66.7,49.0,46.9,65.4,,,30.29,,,,,,,,,,,,,
In home  (w/display),Temp & Humidity Sensor,2020/12/27 8:20 AM,66.7,49.0,46.9,65.4,,,30.29,,,,,,,,,,,,,
In home  (w/display),Temp & Humidity Sensor,2020/12/27 8:25 AM,66.7,49.0,46.9,65.4,,,30.29,,,,,,,,,,,,,
In home  (w/display),Temp & Humidity Sensor,2020/12/27 8:30 AM,66.7,49.0,46.9,65.4,,,30.3,,,,,,,,,,,,,
In home  (w/display),Temp & Humidity Sensor,2020/12/27 8:35 AM,66.7,49.0,46.9,65.4,,,30.3,,,,,,,,,,,,,
In home  (w/display),Temp & Humidity Sensor,2020/12/27 8:40 AM,66.7,49.0,46.9,65.4,,,30.3,,,,,,,,,,,,,
In home  (w/display),Temp & Humidity Sensor,2020/12/27 8:45 AM,66.9,49.0,47.1,65.6,,,30.3,,,,,,,,,,,,,
